-630.541484716 0.0
-629.541484716 0.0
-628.541484716 0.0
-627.541484716 0.0
-626.541484716 0.0
-625.541484716 0.0
-624.541484716 0.0
-623.541484716 0.0
-622.541484716 0.0
-621.541484716 0.0
-620.541484716 0.0
-619.541484716 0.0
-618.541484716 0.0
-617.541484716 0.0
-616.541484716 0.0
-615.541484716 0.0
-614.541484716 0.0
-613.541484716 0.0
-612.541484716 0.0
-611.541484716 0.0
-610.541484716 0.0
-609.541484716 0.0
-608.541484716 0.0
-607.541484716 0.0
-606.541484716 0.0
-605.541484716 0.0
-604.541484716 0.0
-603.541484716 0.0
-602.541484716 0.0
-601.541484716 0.0
-600.541484716 0.0
-599.541484716 0.0
-598.541484716 0.0
-597.541484716 0.0
-596.541484716 0.0
-595.541484716 0.0
-594.541484716 0.0
-593.541484716 0.0
-592.541484716 0.0
-591.541484716 0.0
-590.541484716 0.0
-589.541484716 0.0
-588.541484716 0.0
-587.541484716 0.0
-586.541484716 0.0
-585.541484716 0.0
-584.541484716 0.0
-583.541484716 0.0
-582.541484716 0.0
-581.541484716 0.0
-580.541484716 0.0
-579.541484716 0.0
-578.541484716 0.0
-577.541484716 0.0
-576.541484716 0.0
-575.541484716 0.0
-574.541484716 0.0
-573.541484716 0.0
-572.541484716 0.0
-571.541484716 0.0
-570.541484716 0.0
-569.541484716 0.0
-568.541484716 0.0
-567.541484716 0.0
-566.541484716 0.0
-565.541484716 0.0
-564.541484716 0.0
-563.541484716 0.0
-562.541484716 0.0
-561.541484716 0.0
-560.541484716 0.0
-559.541484716 0.0
-558.541484716 0.0
-557.541484716 0.0
-556.541484716 0.0
-555.541484716 0.0
-554.541484716 0.0
-553.541484716 0.0
-552.541484716 0.0
-551.541484716 0.0
-550.541484716 0.0
-549.541484716 0.0
-548.541484716 0.0
-547.541484716 0.0
-546.541484716 0.0
-545.541484716 0.0
-544.541484716 0.0
-543.541484716 0.0
-542.541484716 0.0
-541.541484716 0.0
-540.541484716 0.0
-539.541484716 0.0
-538.541484716 0.0
-537.541484716 0.0
-536.541484716 0.0
-535.541484716 0.0
-534.541484716 0.0
-533.541484716 0.0
-532.541484716 0.0
-531.541484716 0.0
-530.541484716 0.0
-529.541484716 0.0
-528.541484716 0.0
-527.541484716 0.0
-526.541484716 0.0
-525.541484716 0.0
-524.541484716 0.0
-523.541484716 0.0
-522.541484716 0.0
-521.541484716 0.0
-520.541484716 0.0
-519.541484716 0.0
-518.541484716 0.0
-517.541484716 0.0
-516.541484716 0.0
-515.541484716 0.0
-514.541484716 0.0
-513.541484716 0.0
-512.541484716 0.0
-511.541484716 0.0
-510.541484716 0.0
-509.541484716 0.0
-508.541484716 0.0
-507.541484716 0.0
-506.541484716 0.0
-505.541484716 0.0
-504.541484716 0.0
-503.541484716 0.0
-502.541484716 0.0
-501.541484716 0.0
-500.541484716 0.0
-499.541484716 0.0
-498.541484716 0.0
-497.541484716 0.0
-496.541484716 0.0
-495.541484716 0.0
-494.541484716 0.0
-493.541484716 0.0
-492.541484716 0.0
-491.541484716 0.0
-490.541484716 0.0
-489.541484716 0.0
-488.541484716 0.0
-487.541484716 0.0
-486.541484716 0.0
-485.541484716 0.0
-484.541484716 0.0
-483.541484716 0.0
-482.541484716 0.0
-481.541484716 0.0
-480.541484716 0.0
-479.541484716 0.0
-478.541484716 0.0
-477.541484716 0.0
-476.541484716 0.0
-475.541484716 0.0
-474.541484716 0.0
-473.541484716 0.0
-472.541484716 0.0
-471.541484716 0.0
-470.541484716 0.0
-469.541484716 0.0
-468.541484716 0.0
-467.541484716 0.0
-466.541484716 0.0
-465.541484716 0.0
-464.541484716 0.0
-463.541484716 0.0
-462.541484716 0.0
-461.541484716 0.0
-460.541484716 0.0
-459.541484716 0.0
-458.541484716 0.0
-457.541484716 0.0
-456.541484716 0.0
-455.541484716 0.0
-454.541484716 0.0
-453.541484716 0.0
-452.541484716 0.0
-451.541484716 0.0
-450.541484716 0.0
-449.541484716 0.0
-448.541484716 0.0
-447.541484716 0.0
-446.541484716 0.0
-445.541484716 0.0
-444.541484716 0.0
-443.541484716 0.0
-442.541484716 0.0
-441.541484716 0.0
-440.541484716 0.0
-439.541484716 0.0
-438.541484716 0.0
-437.541484716 0.0
-436.541484716 0.0
-435.541484716 0.0
-434.541484716 0.0
-433.541484716 0.0
-432.541484716 0.0
-431.541484716 0.0
-430.541484716 0.0
-429.541484716 0.0
-428.541484716 0.0
-427.541484716 0.0
-426.541484716 0.0
-425.541484716 0.0
-424.541484716 0.0
-423.541484716 0.0
-422.541484716 0.0
-421.541484716 0.0
-420.541484716 0.0
-419.541484716 0.0
-418.541484716 0.0
-417.541484716 0.0
-416.541484716 0.0
-415.541484716 0.0
-414.541484716 0.0
-413.541484716 0.0
-412.541484716 0.0
-411.541484716 0.0
-410.541484716 0.0
-409.541484716 0.0
-408.541484716 0.0
-407.541484716 0.0
-406.541484716 0.0
-405.541484716 0.0
-404.541484716 0.0
-403.541484716 0.0
-402.541484716 0.0
-401.541484716 0.0
-400.541484716 0.0
-399.541484716 0.0
-398.541484716 0.0
-397.541484716 0.0
-396.541484716 0.0
-395.541484716 0.0
-394.541484716 0.0
-393.541484716 0.0
-392.541484716 0.0
-391.541484716 0.0
-390.541484716 0.0
-389.541484716 0.0
-388.541484716 0.0
-387.541484716 0.0
-386.541484716 0.0
-385.541484716 0.0
-384.541484716 0.0
-383.541484716 0.0
-382.541484716 0.0
-381.541484716 0.0
-380.541484716 0.0
-379.541484716 0.0
-378.541484716 0.0
-377.541484716 0.0
-376.541484716 0.0
-375.541484716 0.0
-374.541484716 0.0
-373.541484716 0.0
-372.541484716 0.0
-371.541484716 0.0
-370.541484716 0.0
-369.541484716 0.0
-368.541484716 0.0
-367.541484716 0.0
-366.541484716 0.0
-365.541484716 0.0
-364.541484716 0.0
-363.541484716 0.0
-362.541484716 0.0
-361.541484716 0.0
-360.541484716 0.0
-359.541484716 0.0
-358.541484716 0.0
-357.541484716 0.0
-356.541484716 0.0
-355.541484716 0.0
-354.541484716 0.0
-353.541484716 0.0
-352.541484716 0.0
-351.541484716 0.0
-350.541484716 0.0
-349.541484716 0.0
-348.541484716 0.0
-347.541484716 0.0
-346.541484716 0.0
-345.541484716 0.0
-344.541484716 0.0
-343.541484716 0.0
-342.541484716 0.0
-341.541484716 0.0
-340.541484716 0.0
-339.541484716 0.0
-338.541484716 0.0
-337.541484716 0.0
-336.541484716 0.0
-335.541484716 0.0
-334.541484716 0.0
-333.541484716 0.0
-332.541484716 0.0
-331.541484716 0.0
-330.541484716 0.0
-329.541484716 0.0
-328.541484716 0.0
-327.541484716 0.0
-326.541484716 0.0
-325.541484716 0.0
-324.541484716 0.0
-323.541484716 0.0
-322.541484716 0.0
-321.541484716 0.0
-320.541484716 0.0
-319.541484716 0.0
-318.541484716 0.0
-317.541484716 0.0
-316.541484716 0.0
-315.541484716 0.0
-314.541484716 0.0
-313.541484716 0.0
-312.541484716 0.0
-311.541484716 0.0
-310.541484716 0.0
-309.541484716 0.0
-308.541484716 0.0
-307.541484716 0.0
-306.541484716 0.0
-305.541484716 0.0
-304.541484716 0.0
-303.541484716 0.0
-302.541484716 0.0
-301.541484716 0.0
-300.541484716 0.0
-299.541484716 0.0
-298.541484716 0.0
-297.541484716 0.0
-296.541484716 0.0
-295.541484716 0.0
-294.541484716 0.0
-293.541484716 0.0
-292.541484716 0.0
-291.541484716 0.0
-290.541484716 0.0
-289.541484716 0.0
-288.541484716 0.0
-287.541484716 0.0
-286.541484716 0.0
-285.541484716 0.0
-284.541484716 0.0
-283.541484716 0.0
-282.541484716 0.0
-281.541484716 0.0
-280.541484716 0.0
-279.541484716 0.0
-278.541484716 0.0
-277.541484716 0.0
-276.541484716 0.0
-275.541484716 0.0
-274.541484716 0.0
-273.541484716 0.0
-272.541484716 0.0
-271.541484716 0.0
-270.541484716 0.0
-269.541484716 0.0
-268.541484716 0.0
-267.541484716 0.0
-266.541484716 0.0
-265.541484716 0.0
-264.541484716 0.0
-263.541484716 0.0
-262.541484716 0.0
-261.541484716 0.0
-260.541484716 0.0
-259.541484716 0.0
-258.541484716 0.0
-257.541484716 0.0
-256.541484716 0.0
-255.541484716 0.0
-254.541484716 0.0
-253.541484716 0.0
-252.541484716 0.0
-251.541484716 0.0
-250.541484716 0.0
-249.541484716 0.0
-248.541484716 0.0
-247.541484716 0.0
-246.541484716 0.0
-245.541484716 0.0
-244.541484716 0.0
-243.541484716 0.0
-242.541484716 0.0
-241.541484716 0.0
-240.541484716 0.0
-239.541484716 0.0
-238.541484716 0.0
-237.541484716 0.0
-236.541484716 0.0
-235.541484716 0.0
-234.541484716 0.0
-233.541484716 0.0
-232.541484716 0.0
-231.541484716 0.0
-230.541484716 0.0
-229.541484716 0.0
-228.541484716 0.0
-227.541484716 0.0
-226.541484716 0.0
-225.541484716 0.0
-224.541484716 0.0
-223.541484716 0.0
-222.541484716 0.0
-221.541484716 0.0
-220.541484716 0.0
-219.541484716 0.0
-218.541484716 0.0
-217.541484716 0.0
-216.541484716 0.0
-215.541484716 0.0
-214.541484716 0.0
-213.541484716 0.0
-212.541484716 0.0
-211.541484716 0.0
-210.541484716 0.0
-209.541484716 0.0
-208.541484716 0.0
-207.541484716 0.0
-206.541484716 0.0
-205.541484716 0.0
-204.541484716 0.0
-203.541484716 0.0
-202.541484716 0.0
-201.541484716 0.0
-200.541484716 0.0
-199.541484716 0.0
-198.541484716 0.0
-197.541484716 0.0
-196.541484716 0.0
-195.541484716 0.0
-194.541484716 0.0
-193.541484716 0.0
-192.541484716 0.0
-191.541484716 0.0
-190.541484716 0.0
-189.541484716 0.0
-188.541484716 0.0
-187.541484716 0.0
-186.541484716 0.0
-185.541484716 0.0
-184.541484716 0.0
-183.541484716 0.0
-182.541484716 0.0
-181.541484716 0.0
-180.541484716 0.0
-179.541484716 0.0
-178.541484716 0.0
-177.541484716 0.0
-176.541484716 0.0
-175.541484716 0.0
-174.541484716 0.0
-173.541484716 0.0
-172.541484716 0.0
-171.541484716 0.0
-170.541484716 0.0
-169.541484716 0.0
-168.541484716 0.0
-167.541484716 0.0
-166.541484716 0.0
-165.541484716 0.0
-164.541484716 0.0
-163.541484716 0.0
-162.541484716 0.0
-161.541484716 0.0
-160.541484716 0.0
-159.541484716 0.0
-158.541484716 0.0
-157.541484716 0.0
-156.541484716 0.0
-155.541484716 0.0
-154.541484716 0.0
-153.541484716 0.0
-152.541484716 0.0
-151.541484716 0.0
-150.541484716 0.0
-149.541484716 0.0
-148.541484716 0.0
-147.541484716 0.0
-146.541484716 0.0
-145.541484716 0.0
-144.541484716 0.0
-143.541484716 0.0
-142.541484716 0.0
-141.541484716 0.0
-140.541484716 0.0
-139.541484716 0.0
-138.541484716 0.0
-137.541484716 0.0
-136.541484716 0.0
-135.541484716 0.0
-134.541484716 0.0
-133.541484716 0.0
-132.541484716 0.0
-131.541484716 0.0
-130.541484716 0.000000e+00
-130.104803493 0.000000e+00
-129.668122271 0.000000e+00
-129.231441048 0.000000e+00
-128.794759825 0.000000e+00
-128.358078603 0.000000e+00
-127.92139738 0.000000e+00
-127.484716157 0.000000e+00
-127.048034934 0.000000e+00
-126.611353712 0.000000e+00
-126.174672489 0.000000e+00
-125.737991266 0.000000e+00
-125.301310044 0.000000e+00
-124.864628821 0.000000e+00
-124.427947598 0.000000e+00
-123.991266376 0.000000e+00
-123.554585153 0.000000e+00
-123.11790393 0.000000e+00
-122.681222707 0.000000e+00
-122.244541485 0.000000e+00
-121.807860262 0.000000e+00
-121.371179039 0.000000e+00
-120.934497817 0.000000e+00
-120.497816594 0.000000e+00
-120.061135371 0.000000e+00
-119.624454148 0.000000e+00
-119.187772926 0.000000e+00
-118.751091703 0.000000e+00
-118.31441048 0.000000e+00
-117.877729258 0.000000e+00
-117.441048035 0.000000e+00
-117.004366812 0.000000e+00
-116.56768559 0.000000e+00
-116.131004367 0.000000e+00
-115.694323144 0.000000e+00
-115.257641921 0.000000e+00
-114.820960699 0.000000e+00
-114.384279476 0.000000e+00
-113.947598253 0.000000e+00
-113.510917031 0.000000e+00
-113.074235808 0.000000e+00
-112.637554585 0.000000e+00
-112.200873362 0.000000e+00
-111.76419214 0.000000e+00
-111.327510917 0.000000e+00
-110.890829694 0.000000e+00
-110.454148472 0.000000e+00
-110.017467249 0.000000e+00
-109.580786026 0.000000e+00
-109.144104803 0.000000e+00
-108.707423581 0.000000e+00
-108.270742358 0.000000e+00
-107.834061135 0.000000e+00
-107.397379913 0.000000e+00
-106.96069869 0.000000e+00
-106.524017467 0.000000e+00
-106.087336245 0.000000e+00
-105.650655022 0.000000e+00
-105.213973799 0.000000e+00
-104.777292576 0.000000e+00
-104.340611354 0.000000e+00
-103.903930131 0.000000e+00
-103.467248908 0.000000e+00
-103.030567686 0.000000e+00
-102.593886463 0.000000e+00
-102.15720524 0.000000e+00
-101.720524017 0.000000e+00
-101.283842795 0.000000e+00
-100.847161572 0.000000e+00
-100.410480349 0.000000e+00
-99.9737991266 0.000000e+00
-99.5371179039 0.000000e+00
-99.1004366812 0.000000e+00
-98.6637554585 0.000000e+00
-98.2270742358 0.000000e+00
-97.7903930131 0.000000e+00
-97.3537117904 0.000000e+00
-96.9170305677 0.000000e+00
-96.480349345 0.000000e+00
-96.0436681223 0.000000e+00
-95.6069868996 0.000000e+00
-95.1703056769 0.000000e+00
-94.7336244541 0.000000e+00
-94.2969432314 0.000000e+00
-93.8602620087 0.000000e+00
-93.423580786 0.000000e+00
-92.9868995633 0.000000e+00
-92.5502183406 0.000000e+00
-92.1135371179 0.000000e+00
-91.6768558952 0.000000e+00
-91.2401746725 0.000000e+00
-90.8034934498 0.000000e+00
-90.3668122271 0.000000e+00
-89.9301310044 0.000000e+00
-89.4934497817 0.000000e+00
-89.056768559 0.000000e+00
-88.6200873362 0.000000e+00
-88.1834061135 0.000000e+00
-87.7467248908 0.000000e+00
-87.3100436681 0.000000e+00
-86.8733624454 0.000000e+00
-86.4366812227 0.000000e+00
-86.0 0.000000e+00
-85.5633187773 0.000000e+00
-85.1266375546 0.000000e+00
-84.6899563319 0.000000e+00
-84.2532751092 0.000000e+00
-83.8165938865 0.000000e+00
-83.3799126638 0.000000e+00
-82.943231441 0.000000e+00
-82.5065502183 0.000000e+00
-82.0698689956 0.000000e+00
-81.6331877729 0.000000e+00
-81.1965065502 0.000000e+00
-80.7598253275 0.000000e+00
-80.3231441048 0.000000e+00
-79.8864628821 0.000000e+00
-79.4497816594 0.000000e+00
-79.0131004367 0.000000e+00
-78.576419214 0.000000e+00
-78.1397379913 0.000000e+00
-77.7030567686 0.000000e+00
-77.2663755459 0.000000e+00
-76.8296943231 0.000000e+00
-76.3930131004 0.000000e+00
-75.9563318777 0.000000e+00
-75.519650655 0.000000e+00
-75.0829694323 0.000000e+00
-74.6462882096 0.000000e+00
-74.2096069869 0.000000e+00
-73.7729257642 0.000000e+00
-73.3362445415 0.000000e+00
-72.8995633188 0.000000e+00
-72.4628820961 0.000000e+00
-72.0262008734 0.000000e+00
-71.5895196507 0.000000e+00
-71.1528384279 0.000000e+00
-70.7161572052 0.000000e+00
-70.2794759825 0.000000e+00
-69.8427947598 0.000000e+00
-69.4061135371 0.000000e+00
-68.9694323144 0.000000e+00
-68.5327510917 0.000000e+00
-68.096069869 0.000000e+00
-67.6593886463 0.000000e+00
-67.2227074236 0.000000e+00
-66.7860262009 0.000000e+00
-66.3493449782 0.000000e+00
-65.9126637555 0.000000e+00
-65.4759825328 0.000000e+00
-65.03930131 0.000000e+00
-64.6026200873 0.000000e+00
-64.1659388646 0.000000e+00
-63.7292576419 0.000000e+00
-63.2925764192 0.000000e+00
-62.8558951965 0.000000e+00
-62.4192139738 0.000000e+00
-61.9825327511 0.000000e+00
-61.5458515284 0.000000e+00
-61.1091703057 0.000000e+00
-60.672489083 0.000000e+00
-60.2358078603 0.000000e+00
-59.7991266376 0.000000e+00
-59.3624454148 0.000000e+00
-58.9257641921 0.000000e+00
-58.4890829694 0.000000e+00
-58.0524017467 0.000000e+00
-57.615720524 0.000000e+00
-57.1790393013 0.000000e+00
-56.7423580786 0.000000e+00
-56.3056768559 0.000000e+00
-55.8689956332 0.000000e+00
-55.4323144105 0.000000e+00
-54.9956331878 0.000000e+00
-54.5589519651 0.000000e+00
-54.1222707424 0.000000e+00
-53.6855895197 0.000000e+00
-53.2489082969 0.000000e+00
-52.8122270742 0.000000e+00
-52.3755458515 0.000000e+00
-51.9388646288 0.000000e+00
-51.5021834061 0.000000e+00
-51.0655021834 0.000000e+00
-50.6288209607 0.000000e+00
-50.192139738 0.000000e+00
-49.7554585153 0.000000e+00
-49.3187772926 0.000000e+00
-48.8820960699 0.000000e+00
-48.4454148472 0.000000e+00
-48.0087336245 0.000000e+00
-47.5720524017 0.000000e+00
-47.135371179 0.000000e+00
-46.6986899563 0.000000e+00
-46.2620087336 0.000000e+00
-45.8253275109 0.000000e+00
-45.3886462882 0.000000e+00
-44.9519650655 0.000000e+00
-44.5152838428 0.000000e+00
-44.0786026201 0.000000e+00
-43.6419213974 0.000000e+00
-43.2052401747 0.000000e+00
-42.768558952 0.000000e+00
-42.3318777293 0.000000e+00
-41.8951965066 0.000000e+00
-41.4585152838 0.000000e+00
-41.0218340611 0.000000e+00
-40.5851528384 0.000000e+00
-40.1484716157 0.000000e+00
-39.711790393 0.000000e+00
-39.2751091703 0.000000e+00
-38.8384279476 0.000000e+00
-38.4017467249 0.000000e+00
-37.9650655022 0.000000e+00
-37.5283842795 0.000000e+00
-37.0917030568 0.000000e+00
-36.6550218341 0.000000e+00
-36.2183406114 0.000000e+00
-35.7816593886 0.000000e+00
-35.3449781659 0.000000e+00
-34.9082969432 0.000000e+00
-34.4716157205 0.000000e+00
-34.0349344978 0.000000e+00
-33.5982532751 0.000000e+00
-33.1615720524 0.000000e+00
-32.7248908297 0.000000e+00
-32.288209607 0.000000e+00
-31.8515283843 0.000000e+00
-31.4148471616 0.000000e+00
-30.9781659389 0.000000e+00
-30.5414847162 0.000000e+00
-30.1048034934 0.000000e+00
-29.6681222707 0.000000e+00
-29.231441048 0.000000e+00
-28.7947598253 0.000000e+00
-28.3580786026 0.000000e+00
-27.9213973799 0.000000e+00
-27.4847161572 0.000000e+00
-27.0480349345 0.000000e+00
-26.6113537118 0.000000e+00
-26.1746724891 0.000000e+00
-25.7379912664 0.000000e+00
-25.3013100437 0.000000e+00
-24.864628821 0.000000e+00
-24.4279475983 0.000000e+00
-23.9912663755 0.000000e+00
-23.5545851528 0.000000e+00
-23.1179039301 0.000000e+00
-22.6812227074 0.000000e+00
-22.2445414847 0.000000e+00
-21.807860262 0.000000e+00
-21.3711790393 0.000000e+00
-20.9344978166 0.000000e+00
-20.4978165939 0.000000e+00
-20.0611353712 0.000000e+00
-19.6244541485 0.000000e+00
-19.1877729258 0.000000e+00
-18.7510917031 0.000000e+00
-18.3144104803 0.000000e+00
-17.8777292576 0.000000e+00
-17.4410480349 0.000000e+00
-17.0043668122 0.000000e+00
-16.5676855895 0.000000e+00
-16.1310043668 0.000000e+00
-15.6943231441 0.000000e+00
-15.2576419214 0.000000e+00
-14.8209606987 0.000000e+00
-14.384279476 0.000000e+00
-13.9475982533 0.000000e+00
-13.5109170306 0.000000e+00
-13.0742358079 0.000000e+00
-12.6375545852 0.000000e+00
-12.2008733624 0.000000e+00
-11.7641921397 0.000000e+00
-11.327510917 0.000000e+00
-10.8908296943 0.000000e+00
-10.4541484716 0.000000e+00
-10.0174672489 0.000000e+00
-9.5807860262 0.000000e+00
-9.14410480349 0.000000e+00
-8.70742358079 0.000000e+00
-8.27074235808 0.000000e+00
-7.83406113537 0.000000e+00
-7.39737991266 0.000000e+00
-6.96069868996 0.000000e+00
-6.52401746725 0.000000e+00
-6.08733624454 0.000000e+00
-5.65065502183 0.000000e+00
-5.21397379913 0.000000e+00
-4.77729257642 0.000000e+00
-4.34061135371 0.000000e+00
-3.903930131 0.000000e+00
-3.4672489083 0.000000e+00
-3.03056768559 0.000000e+00
-2.59388646288 0.000000e+00
-2.15720524017 0.000000e+00
-1.72052401747 0.000000e+00
-1.28384279476 0.000000e+00
-0.847161572052 0.000000e+00
-0.410480349345 0.000000e+00
0.0262008733624 5.038651e-01
0.46288209607 5.784786e-01
0.899563318777 8.089978e-01
1.33624454148 7.930306e-01
1.77292576419 8.556440e-01
2.2096069869 1.000000e+00
2.64628820961 6.839484e-01
3.08296943231 7.933725e-01
3.51965065502 5.408613e-01
3.95633187773 7.239334e-01
4.39301310044 0.000000e+00
4.82969432314 7.728413e-01
5.26637554585 5.394847e-01
5.70305676856 6.493837e-01
6.13973799127 0.000000e+00
6.57641921397 6.529521e-01
7.01310043668 5.788986e-01
7.44978165939 7.803195e-01
7.8864628821 0.000000e+00
8.3231441048 5.410072e-01
8.75982532751 0.000000e+00
9.19650655022 0.000000e+00
9.63318777293 6.557333e-01
10.0698689956 0.000000e+00
10.5065502183 0.000000e+00
10.943231441 0.000000e+00
11.3799126638 0.000000e+00
11.8165938865 0.000000e+00
12.2532751092 0.000000e+00
12.6899563319 0.000000e+00
13.1266375546 0.000000e+00
13.5633187773 0.000000e+00
14.0 0.000000e+00
14.4366812227 0.000000e+00
14.8733624454 0.000000e+00
15.3100436681 0.000000e+00
15.7467248908 0.000000e+00
16.1834061135 0.000000e+00
16.6200873362 0.000000e+00
17.056768559 0.000000e+00
17.4934497817 0.000000e+00
17.9301310044 0.000000e+00
18.3668122271 0.000000e+00
18.8034934498 0.000000e+00
19.2401746725 0.000000e+00
19.6768558952 0.000000e+00
20.1135371179 0.000000e+00
20.5502183406 0.000000e+00
20.9868995633 0.000000e+00
21.423580786 0.000000e+00
21.8602620087 0.000000e+00
22.2969432314 0.000000e+00
22.7336244541 0.000000e+00
23.1703056769 0.000000e+00
23.6069868996 0.000000e+00
24.0436681223 0.000000e+00
24.480349345 0.000000e+00
24.9170305677 0.000000e+00
25.3537117904 0.000000e+00
25.7903930131 0.000000e+00
26.2270742358 0.000000e+00
26.6637554585 0.000000e+00
27.1004366812 0.000000e+00
27.5371179039 0.000000e+00
27.9737991266 0.000000e+00
28.4104803493 0.000000e+00
28.8471615721 0.000000e+00
29.2838427948 0.000000e+00
29.7205240175 0.000000e+00
30.1572052402 0.000000e+00
30.5938864629 0.000000e+00
31.0305676856 0.000000e+00
31.4672489083 0.000000e+00
31.903930131 0.000000e+00
32.3406113537 0.000000e+00
32.7772925764 0.000000e+00
33.2139737991 0.000000e+00
33.6506550218 0.000000e+00
34.0873362445 0.000000e+00
34.5240174672 0.000000e+00
34.96069869 0.000000e+00
35.3973799127 0.000000e+00
35.8340611354 0.000000e+00
36.2707423581 0.000000e+00
36.7074235808 0.000000e+00
37.1441048035 0.000000e+00
37.5807860262 0.000000e+00
38.0174672489 0.000000e+00
38.4541484716 0.000000e+00
38.8908296943 0.000000e+00
39.327510917 0.000000e+00
39.7641921397 0.000000e+00
40.2008733624 0.000000e+00
40.6375545852 0.000000e+00
41.0742358079 0.000000e+00
41.5109170306 0.000000e+00
41.9475982533 0.000000e+00
42.384279476 0.000000e+00
42.8209606987 0.000000e+00
43.2576419214 0.000000e+00
43.6943231441 0.000000e+00
44.1310043668 0.000000e+00
44.5676855895 0.000000e+00
45.0043668122 0.000000e+00
45.4410480349 0.000000e+00
45.8777292576 0.000000e+00
46.3144104803 0.000000e+00
46.7510917031 0.000000e+00
47.1877729258 0.000000e+00
47.6244541485 0.000000e+00
48.0611353712 0.000000e+00
48.4978165939 0.000000e+00
48.9344978166 0.000000e+00
49.3711790393 0.000000e+00
49.807860262 0.000000e+00
50.2445414847 0.000000e+00
50.6812227074 0.000000e+00
51.1179039301 0.000000e+00
51.5545851528 0.000000e+00
51.9912663755 0.000000e+00
52.4279475983 0.000000e+00
52.864628821 0.000000e+00
53.3013100437 0.000000e+00
53.7379912664 0.000000e+00
54.1746724891 0.000000e+00
54.6113537118 0.000000e+00
55.0480349345 0.000000e+00
55.4847161572 0.000000e+00
55.9213973799 0.000000e+00
56.3580786026 0.000000e+00
56.7947598253 0.000000e+00
57.231441048 0.000000e+00
57.6681222707 0.000000e+00
58.1048034934 0.000000e+00
58.5414847162 0.000000e+00
58.9781659389 0.000000e+00
59.4148471616 0.000000e+00
59.8515283843 0.000000e+00
60.288209607 0.000000e+00
60.7248908297 0.000000e+00
61.1615720524 0.000000e+00
61.5982532751 0.000000e+00
62.0349344978 0.000000e+00
62.4716157205 0.000000e+00
62.9082969432 0.000000e+00
63.3449781659 0.000000e+00
63.7816593886 0.000000e+00
64.2183406114 0.000000e+00
64.6550218341 0.000000e+00
65.0917030568 0.000000e+00
65.5283842795 0.000000e+00
65.9650655022 0.000000e+00
66.4017467249 0.000000e+00
66.8384279476 0.000000e+00
67.2751091703 0.000000e+00
67.711790393 0.000000e+00
68.1484716157 0.000000e+00
68.5851528384 0.000000e+00
69.0218340611 0.000000e+00
69.4585152838 0.000000e+00
69.8951965066 0.000000e+00
70.3318777293 0.000000e+00
70.768558952 0.000000e+00
71.2052401747 0.000000e+00
71.6419213974 0.000000e+00
72.0786026201 0.000000e+00
72.5152838428 0.000000e+00
72.9519650655 0.000000e+00
73.3886462882 0.000000e+00
73.8253275109 0.000000e+00
74.2620087336 0.000000e+00
74.6986899563 0.000000e+00
75.135371179 0.000000e+00
75.5720524017 0.000000e+00
76.0087336245 0.000000e+00
76.4454148472 0.000000e+00
76.8820960699 0.000000e+00
77.3187772926 0.000000e+00
77.7554585153 0.000000e+00
78.192139738 0.000000e+00
78.6288209607 0.000000e+00
79.0655021834 0.000000e+00
79.5021834061 0.000000e+00
79.9388646288 0.000000e+00
80.3755458515 0.000000e+00
80.8122270742 0.000000e+00
81.2489082969 0.000000e+00
81.6855895197 0.000000e+00
82.1222707424 0.000000e+00
82.5589519651 0.000000e+00
82.9956331878 0.000000e+00
83.4323144105 0.000000e+00
83.8689956332 0.000000e+00
84.3056768559 0.000000e+00
84.7423580786 0.000000e+00
85.1790393013 0.000000e+00
85.615720524 0.000000e+00
86.0524017467 0.000000e+00
86.4890829694 0.000000e+00
86.9257641921 0.000000e+00
87.3624454148 0.000000e+00
87.7991266376 0.000000e+00
88.2358078603 0.000000e+00
88.672489083 0.000000e+00
89.1091703057 0.000000e+00
89.5458515284 0.000000e+00
89.9825327511 0.000000e+00
90.4192139738 0.000000e+00
90.8558951965 0.000000e+00
91.2925764192 0.000000e+00
91.7292576419 0.000000e+00
92.1659388646 0.000000e+00
92.6026200873 0.000000e+00
93.03930131 0.000000e+00
93.4759825328 0.000000e+00
93.9126637555 0.000000e+00
94.3493449782 0.000000e+00
94.7860262009 0.000000e+00
95.2227074236 0.000000e+00
95.6593886463 0.000000e+00
96.096069869 0.000000e+00
96.5327510917 0.000000e+00
96.9694323144 0.000000e+00
97.4061135371 0.000000e+00
97.8427947598 0.000000e+00
98.2794759825 0.000000e+00
98.7161572052 0.000000e+00
99.1528384279 0.000000e+00
99.5895196507 0.000000e+00
100.026200873 0.000000e+00
100.462882096 0.000000e+00
100.899563319 0.000000e+00
101.336244541 0.000000e+00
101.772925764 0.000000e+00
102.209606987 0.000000e+00
102.64628821 0.000000e+00
103.082969432 0.000000e+00
103.519650655 0.000000e+00
103.956331878 0.000000e+00
104.3930131 0.000000e+00
104.829694323 0.000000e+00
105.266375546 0.000000e+00
105.703056769 0.000000e+00
106.139737991 0.000000e+00
106.576419214 0.000000e+00
107.013100437 0.000000e+00
107.449781659 0.000000e+00
107.886462882 0.000000e+00
108.323144105 0.000000e+00
108.759825328 0.000000e+00
109.19650655 0.000000e+00
109.633187773 0.000000e+00
110.069868996 0.000000e+00
110.506550218 0.000000e+00
110.943231441 0.000000e+00
111.379912664 0.000000e+00
111.816593886 0.000000e+00
112.253275109 0.000000e+00
112.689956332 0.000000e+00
113.126637555 0.000000e+00
113.563318777 0.000000e+00
114.0 0.000000e+00
114.436681223 0.000000e+00
114.873362445 0.000000e+00
115.310043668 0.000000e+00
115.746724891 0.000000e+00
116.183406114 0.000000e+00
116.620087336 0.000000e+00
117.056768559 0.000000e+00
117.493449782 0.000000e+00
117.930131004 0.000000e+00
118.366812227 0.000000e+00
118.80349345 0.000000e+00
119.240174672 0.000000e+00
119.676855895 0.000000e+00
120.113537118 0.000000e+00
120.550218341 0.000000e+00
120.986899563 0.000000e+00
121.423580786 0.000000e+00
121.860262009 0.000000e+00
122.296943231 0.000000e+00
122.733624454 0.000000e+00
123.170305677 0.000000e+00
123.6069869 0.000000e+00
124.043668122 0.000000e+00
124.480349345 0.000000e+00
124.917030568 0.000000e+00
125.35371179 0.000000e+00
125.790393013 0.000000e+00
126.227074236 0.000000e+00
126.663755459 0.000000e+00
127.100436681 0.000000e+00
127.537117904 0.000000e+00
127.973799127 0.000000e+00
128.410480349 0.000000e+00
128.847161572 0.000000e+00
129.283842795 0.000000e+00
129.720524017 0.000000e+00
130.15720524 0.000000e+00
130.593886463 0.000000e+00
131.030567686 0.000000e+00
131.467248908 0.000000e+00
131.903930131 0.000000e+00
132.903930131 0.0
133.903930131 0.0
134.903930131 0.0
135.903930131 0.0
136.903930131 0.0
137.903930131 0.0
138.903930131 0.0
139.903930131 0.0
140.903930131 0.0
141.903930131 0.0
142.903930131 0.0
143.903930131 0.0
144.903930131 0.0
145.903930131 0.0
146.903930131 0.0
147.903930131 0.0
148.903930131 0.0
149.903930131 0.0
150.903930131 0.0
151.903930131 0.0
152.903930131 0.0
153.903930131 0.0
154.903930131 0.0
155.903930131 0.0
156.903930131 0.0
157.903930131 0.0
158.903930131 0.0
159.903930131 0.0
160.903930131 0.0
161.903930131 0.0
162.903930131 0.0
163.903930131 0.0
164.903930131 0.0
165.903930131 0.0
166.903930131 0.0
167.903930131 0.0
168.903930131 0.0
169.903930131 0.0
170.903930131 0.0
171.903930131 0.0
172.903930131 0.0
173.903930131 0.0
174.903930131 0.0
175.903930131 0.0
176.903930131 0.0
177.903930131 0.0
178.903930131 0.0
179.903930131 0.0
180.903930131 0.0
181.903930131 0.0
182.903930131 0.0
183.903930131 0.0
184.903930131 0.0
185.903930131 0.0
186.903930131 0.0
187.903930131 0.0
188.903930131 0.0
189.903930131 0.0
190.903930131 0.0
191.903930131 0.0
192.903930131 0.0
193.903930131 0.0
194.903930131 0.0
195.903930131 0.0
196.903930131 0.0
197.903930131 0.0
198.903930131 0.0
199.903930131 0.0
200.903930131 0.0
201.903930131 0.0
202.903930131 0.0
203.903930131 0.0
204.903930131 0.0
205.903930131 0.0
206.903930131 0.0
207.903930131 0.0
208.903930131 0.0
209.903930131 0.0
210.903930131 0.0
211.903930131 0.0
212.903930131 0.0
213.903930131 0.0
214.903930131 0.0
215.903930131 0.0
216.903930131 0.0
217.903930131 0.0
218.903930131 0.0
219.903930131 0.0
220.903930131 0.0
221.903930131 0.0
222.903930131 0.0
223.903930131 0.0
224.903930131 0.0
225.903930131 0.0
226.903930131 0.0
227.903930131 0.0
228.903930131 0.0
229.903930131 0.0
230.903930131 0.0
231.903930131 0.0
232.903930131 0.0
233.903930131 0.0
234.903930131 0.0
235.903930131 0.0
236.903930131 0.0
237.903930131 0.0
238.903930131 0.0
239.903930131 0.0
240.903930131 0.0
241.903930131 0.0
242.903930131 0.0
243.903930131 0.0
244.903930131 0.0
245.903930131 0.0
246.903930131 0.0
247.903930131 0.0
248.903930131 0.0
249.903930131 0.0
250.903930131 0.0
251.903930131 0.0
252.903930131 0.0
253.903930131 0.0
254.903930131 0.0
255.903930131 0.0
256.903930131 0.0
257.903930131 0.0
258.903930131 0.0
259.903930131 0.0
260.903930131 0.0
261.903930131 0.0
262.903930131 0.0
263.903930131 0.0
264.903930131 0.0
265.903930131 0.0
266.903930131 0.0
267.903930131 0.0
268.903930131 0.0
269.903930131 0.0
270.903930131 0.0
271.903930131 0.0
272.903930131 0.0
273.903930131 0.0
274.903930131 0.0
275.903930131 0.0
276.903930131 0.0
277.903930131 0.0
278.903930131 0.0
279.903930131 0.0
280.903930131 0.0
281.903930131 0.0
282.903930131 0.0
283.903930131 0.0
284.903930131 0.0
285.903930131 0.0
286.903930131 0.0
287.903930131 0.0
288.903930131 0.0
289.903930131 0.0
290.903930131 0.0
291.903930131 0.0
292.903930131 0.0
293.903930131 0.0
294.903930131 0.0
295.903930131 0.0
296.903930131 0.0
297.903930131 0.0
298.903930131 0.0
299.903930131 0.0
300.903930131 0.0
301.903930131 0.0
302.903930131 0.0
303.903930131 0.0
304.903930131 0.0
305.903930131 0.0
306.903930131 0.0
307.903930131 0.0
308.903930131 0.0
309.903930131 0.0
310.903930131 0.0
311.903930131 0.0
312.903930131 0.0
313.903930131 0.0
314.903930131 0.0
315.903930131 0.0
316.903930131 0.0
317.903930131 0.0
318.903930131 0.0
319.903930131 0.0
320.903930131 0.0
321.903930131 0.0
322.903930131 0.0
323.903930131 0.0
324.903930131 0.0
325.903930131 0.0
326.903930131 0.0
327.903930131 0.0
328.903930131 0.0
329.903930131 0.0
330.903930131 0.0
331.903930131 0.0
332.903930131 0.0
333.903930131 0.0
334.903930131 0.0
335.903930131 0.0
336.903930131 0.0
337.903930131 0.0
338.903930131 0.0
339.903930131 0.0
340.903930131 0.0
341.903930131 0.0
342.903930131 0.0
343.903930131 0.0
344.903930131 0.0
345.903930131 0.0
346.903930131 0.0
347.903930131 0.0
348.903930131 0.0
349.903930131 0.0
350.903930131 0.0
351.903930131 0.0
352.903930131 0.0
353.903930131 0.0
354.903930131 0.0
355.903930131 0.0
356.903930131 0.0
357.903930131 0.0
358.903930131 0.0
359.903930131 0.0
360.903930131 0.0
361.903930131 0.0
362.903930131 0.0
363.903930131 0.0
364.903930131 0.0
365.903930131 0.0
366.903930131 0.0
367.903930131 0.0
368.903930131 0.0
369.903930131 0.0
370.903930131 0.0
371.903930131 0.0
372.903930131 0.0
373.903930131 0.0
374.903930131 0.0
375.903930131 0.0
376.903930131 0.0
377.903930131 0.0
378.903930131 0.0
379.903930131 0.0
380.903930131 0.0
381.903930131 0.0
382.903930131 0.0
383.903930131 0.0
384.903930131 0.0
385.903930131 0.0
386.903930131 0.0
387.903930131 0.0
388.903930131 0.0
389.903930131 0.0
390.903930131 0.0
391.903930131 0.0
392.903930131 0.0
393.903930131 0.0
394.903930131 0.0
395.903930131 0.0
396.903930131 0.0
397.903930131 0.0
398.903930131 0.0
399.903930131 0.0
400.903930131 0.0
401.903930131 0.0
402.903930131 0.0
403.903930131 0.0
404.903930131 0.0
405.903930131 0.0
406.903930131 0.0
407.903930131 0.0
408.903930131 0.0
409.903930131 0.0
410.903930131 0.0
411.903930131 0.0
412.903930131 0.0
413.903930131 0.0
414.903930131 0.0
415.903930131 0.0
416.903930131 0.0
417.903930131 0.0
418.903930131 0.0
419.903930131 0.0
420.903930131 0.0
421.903930131 0.0
422.903930131 0.0
423.903930131 0.0
424.903930131 0.0
425.903930131 0.0
426.903930131 0.0
427.903930131 0.0
428.903930131 0.0
429.903930131 0.0
430.903930131 0.0
431.903930131 0.0
432.903930131 0.0
433.903930131 0.0
434.903930131 0.0
435.903930131 0.0
436.903930131 0.0
437.903930131 0.0
438.903930131 0.0
439.903930131 0.0
440.903930131 0.0
441.903930131 0.0
442.903930131 0.0
443.903930131 0.0
444.903930131 0.0
445.903930131 0.0
446.903930131 0.0
447.903930131 0.0
448.903930131 0.0
449.903930131 0.0
450.903930131 0.0
451.903930131 0.0
452.903930131 0.0
453.903930131 0.0
454.903930131 0.0
455.903930131 0.0
456.903930131 0.0
457.903930131 0.0
458.903930131 0.0
459.903930131 0.0
460.903930131 0.0
461.903930131 0.0
462.903930131 0.0
463.903930131 0.0
464.903930131 0.0
465.903930131 0.0
466.903930131 0.0
467.903930131 0.0
468.903930131 0.0
469.903930131 0.0
470.903930131 0.0
471.903930131 0.0
472.903930131 0.0
473.903930131 0.0
474.903930131 0.0
475.903930131 0.0
476.903930131 0.0
477.903930131 0.0
478.903930131 0.0
479.903930131 0.0
480.903930131 0.0
481.903930131 0.0
482.903930131 0.0
483.903930131 0.0
484.903930131 0.0
485.903930131 0.0
486.903930131 0.0
487.903930131 0.0
488.903930131 0.0
489.903930131 0.0
490.903930131 0.0
491.903930131 0.0
492.903930131 0.0
493.903930131 0.0
494.903930131 0.0
495.903930131 0.0
496.903930131 0.0
497.903930131 0.0
498.903930131 0.0
499.903930131 0.0
500.903930131 0.0
501.903930131 0.0
502.903930131 0.0
503.903930131 0.0
504.903930131 0.0
505.903930131 0.0
506.903930131 0.0
507.903930131 0.0
508.903930131 0.0
509.903930131 0.0
510.903930131 0.0
511.903930131 0.0
512.903930131 0.0
513.903930131 0.0
514.903930131 0.0
515.903930131 0.0
516.903930131 0.0
517.903930131 0.0
518.903930131 0.0
519.903930131 0.0
520.903930131 0.0
521.903930131 0.0
522.903930131 0.0
523.903930131 0.0
524.903930131 0.0
525.903930131 0.0
526.903930131 0.0
527.903930131 0.0
528.903930131 0.0
529.903930131 0.0
530.903930131 0.0
531.903930131 0.0
532.903930131 0.0
533.903930131 0.0
534.903930131 0.0
535.903930131 0.0
536.903930131 0.0
537.903930131 0.0
538.903930131 0.0
539.903930131 0.0
540.903930131 0.0
541.903930131 0.0
542.903930131 0.0
543.903930131 0.0
544.903930131 0.0
545.903930131 0.0
546.903930131 0.0
547.903930131 0.0
548.903930131 0.0
549.903930131 0.0
550.903930131 0.0
551.903930131 0.0
552.903930131 0.0
553.903930131 0.0
554.903930131 0.0
555.903930131 0.0
556.903930131 0.0
557.903930131 0.0
558.903930131 0.0
559.903930131 0.0
560.903930131 0.0
561.903930131 0.0
562.903930131 0.0
563.903930131 0.0
564.903930131 0.0
565.903930131 0.0
566.903930131 0.0
567.903930131 0.0
568.903930131 0.0
569.903930131 0.0
570.903930131 0.0
571.903930131 0.0
572.903930131 0.0
573.903930131 0.0
574.903930131 0.0
575.903930131 0.0
576.903930131 0.0
577.903930131 0.0
578.903930131 0.0
579.903930131 0.0
580.903930131 0.0
581.903930131 0.0
582.903930131 0.0
583.903930131 0.0
584.903930131 0.0
585.903930131 0.0
586.903930131 0.0
587.903930131 0.0
588.903930131 0.0
589.903930131 0.0
590.903930131 0.0
591.903930131 0.0
592.903930131 0.0
593.903930131 0.0
594.903930131 0.0
595.903930131 0.0
596.903930131 0.0
597.903930131 0.0
598.903930131 0.0
599.903930131 0.0
600.903930131 0.0
601.903930131 0.0
602.903930131 0.0
603.903930131 0.0
604.903930131 0.0
605.903930131 0.0
606.903930131 0.0
607.903930131 0.0
608.903930131 0.0
609.903930131 0.0
610.903930131 0.0
611.903930131 0.0
612.903930131 0.0
613.903930131 0.0
614.903930131 0.0
615.903930131 0.0
616.903930131 0.0
617.903930131 0.0
618.903930131 0.0
619.903930131 0.0
620.903930131 0.0
621.903930131 0.0
622.903930131 0.0
623.903930131 0.0
624.903930131 0.0
625.903930131 0.0
626.903930131 0.0
627.903930131 0.0
628.903930131 0.0
629.903930131 0.0
630.903930131 0.0
631.903930131 0.0
