-504.401515152 0.000000e+00
-503.77020202 0.000000e+00
-503.138888889 0.000000e+00
-502.507575758 0.000000e+00
-501.876262626 0.000000e+00
-501.244949495 0.000000e+00
-500.613636364 0.000000e+00
-499.982323232 0.000000e+00
-499.351010101 0.000000e+00
-498.71969697 0.000000e+00
-498.088383838 0.000000e+00
-497.457070707 0.000000e+00
-496.825757576 0.000000e+00
-496.194444444 0.000000e+00
-495.563131313 0.000000e+00
-494.931818182 0.000000e+00
-494.300505051 0.000000e+00
-493.669191919 0.000000e+00
-493.037878788 0.000000e+00
-492.406565657 0.000000e+00
-491.775252525 0.000000e+00
-491.143939394 0.000000e+00
-490.512626263 0.000000e+00
-489.881313131 0.000000e+00
-489.25 0.000000e+00
-488.618686869 0.000000e+00
-487.987373737 0.000000e+00
-487.356060606 0.000000e+00
-486.724747475 0.000000e+00
-486.093434343 0.000000e+00
-485.462121212 0.000000e+00
-484.830808081 0.000000e+00
-484.199494949 0.000000e+00
-483.568181818 0.000000e+00
-482.936868687 0.000000e+00
-482.305555556 0.000000e+00
-481.674242424 0.000000e+00
-481.042929293 0.000000e+00
-480.411616162 0.000000e+00
-479.78030303 0.000000e+00
-479.148989899 0.000000e+00
-478.517676768 0.000000e+00
-477.886363636 0.000000e+00
-477.255050505 0.000000e+00
-476.623737374 0.000000e+00
-475.992424242 0.000000e+00
-475.361111111 0.000000e+00
-474.72979798 0.000000e+00
-474.098484848 0.000000e+00
-473.467171717 0.000000e+00
-472.835858586 0.000000e+00
-472.204545455 0.000000e+00
-471.573232323 0.000000e+00
-470.941919192 0.000000e+00
-470.310606061 0.000000e+00
-469.679292929 0.000000e+00
-469.047979798 0.000000e+00
-468.416666667 0.000000e+00
-467.785353535 0.000000e+00
-467.154040404 0.000000e+00
-466.522727273 0.000000e+00
-465.891414141 0.000000e+00
-465.26010101 0.000000e+00
-464.628787879 0.000000e+00
-463.997474747 0.000000e+00
-463.366161616 0.000000e+00
-462.734848485 0.000000e+00
-462.103535354 0.000000e+00
-461.472222222 0.000000e+00
-460.840909091 0.000000e+00
-460.20959596 0.000000e+00
-459.578282828 0.000000e+00
-458.946969697 0.000000e+00
-458.315656566 0.000000e+00
-457.684343434 0.000000e+00
-457.053030303 0.000000e+00
-456.421717172 0.000000e+00
-455.79040404 0.000000e+00
-455.159090909 0.000000e+00
-454.527777778 0.000000e+00
-453.896464646 0.000000e+00
-453.265151515 0.000000e+00
-452.633838384 0.000000e+00
-452.002525253 0.000000e+00
-451.371212121 0.000000e+00
-450.73989899 0.000000e+00
-450.108585859 0.000000e+00
-449.477272727 0.000000e+00
-448.845959596 0.000000e+00
-448.214646465 0.000000e+00
-447.583333333 0.000000e+00
-446.952020202 0.000000e+00
-446.320707071 0.000000e+00
-445.689393939 0.000000e+00
-445.058080808 0.000000e+00
-444.426767677 0.000000e+00
-443.795454545 0.000000e+00
-443.164141414 0.000000e+00
-442.532828283 0.000000e+00
-441.901515152 0.000000e+00
-441.27020202 0.000000e+00
-440.638888889 0.000000e+00
-440.007575758 0.000000e+00
-439.376262626 0.000000e+00
-438.744949495 0.000000e+00
-438.113636364 0.000000e+00
-437.482323232 0.000000e+00
-436.851010101 0.000000e+00
-436.21969697 0.000000e+00
-435.588383838 0.000000e+00
-434.957070707 0.000000e+00
-434.325757576 0.000000e+00
-433.694444444 0.000000e+00
-433.063131313 0.000000e+00
-432.431818182 0.000000e+00
-431.800505051 0.000000e+00
-431.169191919 0.000000e+00
-430.537878788 0.000000e+00
-429.906565657 0.000000e+00
-429.275252525 0.000000e+00
-428.643939394 0.000000e+00
-428.012626263 0.000000e+00
-427.381313131 0.000000e+00
-426.75 0.000000e+00
-426.118686869 0.000000e+00
-425.487373737 0.000000e+00
-424.856060606 0.000000e+00
-424.224747475 0.000000e+00
-423.593434343 0.000000e+00
-422.962121212 0.000000e+00
-422.330808081 0.000000e+00
-421.699494949 0.000000e+00
-421.068181818 0.000000e+00
-420.436868687 0.000000e+00
-419.805555556 0.000000e+00
-419.174242424 0.000000e+00
-418.542929293 0.000000e+00
-417.911616162 0.000000e+00
-417.28030303 0.000000e+00
-416.648989899 0.000000e+00
-416.017676768 0.000000e+00
-415.386363636 0.000000e+00
-414.755050505 0.000000e+00
-414.123737374 0.000000e+00
-413.492424242 0.000000e+00
-412.861111111 0.000000e+00
-412.22979798 0.000000e+00
-411.598484848 0.000000e+00
-410.967171717 0.000000e+00
-410.335858586 0.000000e+00
-409.704545455 0.000000e+00
-409.073232323 0.000000e+00
-408.441919192 0.000000e+00
-407.810606061 0.000000e+00
-407.179292929 0.000000e+00
-406.547979798 0.000000e+00
-405.916666667 0.000000e+00
-405.285353535 0.000000e+00
-404.654040404 0.000000e+00
-404.022727273 0.000000e+00
-403.391414141 0.000000e+00
-402.76010101 0.000000e+00
-402.128787879 0.000000e+00
-401.497474747 0.000000e+00
-400.866161616 0.000000e+00
-400.234848485 0.000000e+00
-399.603535354 0.000000e+00
-398.972222222 0.000000e+00
-398.340909091 0.000000e+00
-397.70959596 0.000000e+00
-397.078282828 0.000000e+00
-396.446969697 0.000000e+00
-395.815656566 0.000000e+00
-395.184343434 0.000000e+00
-394.553030303 0.000000e+00
-393.921717172 0.000000e+00
-393.29040404 0.000000e+00
-392.659090909 0.000000e+00
-392.027777778 0.000000e+00
-391.396464646 0.000000e+00
-390.765151515 0.000000e+00
-390.133838384 0.000000e+00
-389.502525253 0.000000e+00
-388.871212121 0.000000e+00
-388.23989899 0.000000e+00
-387.608585859 0.000000e+00
-386.977272727 0.000000e+00
-386.345959596 0.000000e+00
-385.714646465 0.000000e+00
-385.083333333 0.000000e+00
-384.452020202 0.000000e+00
-383.820707071 0.000000e+00
-383.189393939 0.000000e+00
-382.558080808 0.000000e+00
-381.926767677 0.000000e+00
-381.295454545 0.000000e+00
-380.664141414 0.000000e+00
-380.032828283 0.000000e+00
-379.401515152 0.000000e+00
-378.77020202 0.000000e+00
-378.138888889 0.000000e+00
-377.507575758 0.000000e+00
-376.876262626 0.000000e+00
-376.244949495 0.000000e+00
-375.613636364 0.000000e+00
-374.982323232 0.000000e+00
-374.351010101 0.000000e+00
-373.71969697 0.000000e+00
-373.088383838 0.000000e+00
-372.457070707 0.000000e+00
-371.825757576 0.000000e+00
-371.194444444 0.000000e+00
-370.563131313 0.000000e+00
-369.931818182 0.000000e+00
-369.300505051 0.000000e+00
-368.669191919 0.000000e+00
-368.037878788 0.000000e+00
-367.406565657 0.000000e+00
-366.775252525 0.000000e+00
-366.143939394 0.000000e+00
-365.512626263 0.000000e+00
-364.881313131 0.000000e+00
-364.25 0.000000e+00
-363.618686869 0.000000e+00
-362.987373737 0.000000e+00
-362.356060606 0.000000e+00
-361.724747475 0.000000e+00
-361.093434343 0.000000e+00
-360.462121212 0.000000e+00
-359.830808081 0.000000e+00
-359.199494949 0.000000e+00
-358.568181818 0.000000e+00
-357.936868687 0.000000e+00
-357.305555556 0.000000e+00
-356.674242424 0.000000e+00
-356.042929293 0.000000e+00
-355.411616162 0.000000e+00
-354.78030303 0.000000e+00
-354.148989899 0.000000e+00
-353.517676768 0.000000e+00
-352.886363636 0.000000e+00
-352.255050505 0.000000e+00
-351.623737374 0.000000e+00
-350.992424242 0.000000e+00
-350.361111111 0.000000e+00
-349.72979798 0.000000e+00
-349.098484848 0.000000e+00
-348.467171717 0.000000e+00
-347.835858586 0.000000e+00
-347.204545455 0.000000e+00
-346.573232323 0.000000e+00
-345.941919192 0.000000e+00
-345.310606061 0.000000e+00
-344.679292929 0.000000e+00
-344.047979798 0.000000e+00
-343.416666667 0.000000e+00
-342.785353535 0.000000e+00
-342.154040404 0.000000e+00
-341.522727273 0.000000e+00
-340.891414141 0.000000e+00
-340.26010101 0.000000e+00
-339.628787879 0.000000e+00
-338.997474747 0.000000e+00
-338.366161616 0.000000e+00
-337.734848485 0.000000e+00
-337.103535354 0.000000e+00
-336.472222222 0.000000e+00
-335.840909091 0.000000e+00
-335.20959596 0.000000e+00
-334.578282828 0.000000e+00
-333.946969697 0.000000e+00
-333.315656566 0.000000e+00
-332.684343434 0.000000e+00
-332.053030303 0.000000e+00
-331.421717172 0.000000e+00
-330.79040404 0.000000e+00
-330.159090909 0.000000e+00
-329.527777778 0.000000e+00
-328.896464646 0.000000e+00
-328.265151515 0.000000e+00
-327.633838384 0.000000e+00
-327.002525253 0.000000e+00
-326.371212121 0.000000e+00
-325.73989899 0.000000e+00
-325.108585859 0.000000e+00
-324.477272727 0.000000e+00
-323.845959596 0.000000e+00
-323.214646465 0.000000e+00
-322.583333333 0.000000e+00
-321.952020202 0.000000e+00
-321.320707071 0.000000e+00
-320.689393939 0.000000e+00
-320.058080808 0.000000e+00
-319.426767677 0.000000e+00
-318.795454545 0.000000e+00
-318.164141414 0.000000e+00
-317.532828283 0.000000e+00
-316.901515152 0.000000e+00
-316.27020202 0.000000e+00
-315.638888889 0.000000e+00
-315.007575758 0.000000e+00
-314.376262626 0.000000e+00
-313.744949495 0.000000e+00
-313.113636364 0.000000e+00
-312.482323232 0.000000e+00
-311.851010101 0.000000e+00
-311.21969697 0.000000e+00
-310.588383838 0.000000e+00
-309.957070707 0.000000e+00
-309.325757576 0.000000e+00
-308.694444444 0.000000e+00
-308.063131313 0.000000e+00
-307.431818182 0.000000e+00
-306.800505051 0.000000e+00
-306.169191919 0.000000e+00
-305.537878788 0.000000e+00
-304.906565657 0.000000e+00
-304.275252525 0.000000e+00
-303.643939394 0.000000e+00
-303.012626263 0.000000e+00
-302.381313131 0.000000e+00
-301.75 0.000000e+00
-301.118686869 0.000000e+00
-300.487373737 0.000000e+00
-299.856060606 0.000000e+00
-299.224747475 0.000000e+00
-298.593434343 0.000000e+00
-297.962121212 0.000000e+00
-297.330808081 0.000000e+00
-296.699494949 0.000000e+00
-296.068181818 0.000000e+00
-295.436868687 0.000000e+00
-294.805555556 0.000000e+00
-294.174242424 0.000000e+00
-293.542929293 0.000000e+00
-292.911616162 0.000000e+00
-292.28030303 0.000000e+00
-291.648989899 0.000000e+00
-291.017676768 0.000000e+00
-290.386363636 0.000000e+00
-289.755050505 0.000000e+00
-289.123737374 0.000000e+00
-288.492424242 0.000000e+00
-287.861111111 0.000000e+00
-287.22979798 0.000000e+00
-286.598484848 0.000000e+00
-285.967171717 0.000000e+00
-285.335858586 0.000000e+00
-284.704545455 0.000000e+00
-284.073232323 0.000000e+00
-283.441919192 0.000000e+00
-282.810606061 0.000000e+00
-282.179292929 0.000000e+00
-281.547979798 0.000000e+00
-280.916666667 0.000000e+00
-280.285353535 0.000000e+00
-279.654040404 0.000000e+00
-279.022727273 0.000000e+00
-278.391414141 0.000000e+00
-277.76010101 0.000000e+00
-277.128787879 0.000000e+00
-276.497474747 0.000000e+00
-275.866161616 0.000000e+00
-275.234848485 0.000000e+00
-274.603535354 0.000000e+00
-273.972222222 0.000000e+00
-273.340909091 0.000000e+00
-272.70959596 0.000000e+00
-272.078282828 0.000000e+00
-271.446969697 0.000000e+00
-270.815656566 0.000000e+00
-270.184343434 0.000000e+00
-269.553030303 0.000000e+00
-268.921717172 0.000000e+00
-268.29040404 0.000000e+00
-267.659090909 0.000000e+00
-267.027777778 0.000000e+00
-266.396464646 0.000000e+00
-265.765151515 0.000000e+00
-265.133838384 0.000000e+00
-264.502525253 0.000000e+00
-263.871212121 0.000000e+00
-263.23989899 0.000000e+00
-262.608585859 0.000000e+00
-261.977272727 0.000000e+00
-261.345959596 0.000000e+00
-260.714646465 0.000000e+00
-260.083333333 0.000000e+00
-259.452020202 0.000000e+00
-258.820707071 0.000000e+00
-258.189393939 0.000000e+00
-257.558080808 0.000000e+00
-256.926767677 0.000000e+00
-256.295454545 0.000000e+00
-255.664141414 0.000000e+00
-255.032828283 0.000000e+00
-254.401515152 0.000000e+00
-253.77020202 0.000000e+00
-253.138888889 0.000000e+00
-252.507575758 0.000000e+00
-251.876262626 0.000000e+00
-251.244949495 0.000000e+00
-250.613636364 0.000000e+00
-249.982323232 0.000000e+00
-249.351010101 0.000000e+00
-248.71969697 0.000000e+00
-248.088383838 0.000000e+00
-247.457070707 0.000000e+00
-246.825757576 0.000000e+00
-246.194444444 0.000000e+00
-245.563131313 0.000000e+00
-244.931818182 0.000000e+00
-244.300505051 0.000000e+00
-243.669191919 0.000000e+00
-243.037878788 0.000000e+00
-242.406565657 0.000000e+00
-241.775252525 0.000000e+00
-241.143939394 0.000000e+00
-240.512626263 0.000000e+00
-239.881313131 0.000000e+00
-239.25 0.000000e+00
-238.618686869 0.000000e+00
-237.987373737 0.000000e+00
-237.356060606 0.000000e+00
-236.724747475 0.000000e+00
-236.093434343 0.000000e+00
-235.462121212 0.000000e+00
-234.830808081 0.000000e+00
-234.199494949 0.000000e+00
-233.568181818 0.000000e+00
-232.936868687 0.000000e+00
-232.305555556 0.000000e+00
-231.674242424 0.000000e+00
-231.042929293 0.000000e+00
-230.411616162 0.000000e+00
-229.78030303 0.000000e+00
-229.148989899 0.000000e+00
-228.517676768 0.000000e+00
-227.886363636 0.000000e+00
-227.255050505 0.000000e+00
-226.623737374 0.000000e+00
-225.992424242 0.000000e+00
-225.361111111 0.000000e+00
-224.72979798 0.000000e+00
-224.098484848 0.000000e+00
-223.467171717 0.000000e+00
-222.835858586 0.000000e+00
-222.204545455 0.000000e+00
-221.573232323 0.000000e+00
-220.941919192 0.000000e+00
-220.310606061 0.000000e+00
-219.679292929 0.000000e+00
-219.047979798 0.000000e+00
-218.416666667 0.000000e+00
-217.785353535 0.000000e+00
-217.154040404 0.000000e+00
-216.522727273 0.000000e+00
-215.891414141 0.000000e+00
-215.26010101 0.000000e+00
-214.628787879 0.000000e+00
-213.997474747 0.000000e+00
-213.366161616 0.000000e+00
-212.734848485 0.000000e+00
-212.103535354 0.000000e+00
-211.472222222 0.000000e+00
-210.840909091 0.000000e+00
-210.20959596 0.000000e+00
-209.578282828 0.000000e+00
-208.946969697 0.000000e+00
-208.315656566 0.000000e+00
-207.684343434 0.000000e+00
-207.053030303 0.000000e+00
-206.421717172 0.000000e+00
-205.79040404 0.000000e+00
-205.159090909 0.000000e+00
-204.527777778 0.000000e+00
-203.896464646 0.000000e+00
-203.265151515 0.000000e+00
-202.633838384 0.000000e+00
-202.002525253 0.000000e+00
-201.371212121 0.000000e+00
-200.73989899 0.000000e+00
-200.108585859 0.000000e+00
-199.477272727 0.000000e+00
-198.845959596 0.000000e+00
-198.214646465 0.000000e+00
-197.583333333 0.000000e+00
-196.952020202 0.000000e+00
-196.320707071 0.000000e+00
-195.689393939 0.000000e+00
-195.058080808 0.000000e+00
-194.426767677 0.000000e+00
-193.795454545 0.000000e+00
-193.164141414 0.000000e+00
-192.532828283 0.000000e+00
-191.901515152 0.000000e+00
-191.27020202 0.000000e+00
-190.638888889 0.000000e+00
-190.007575758 0.000000e+00
-189.376262626 0.000000e+00
-188.744949495 0.000000e+00
-188.113636364 0.000000e+00
-187.482323232 0.000000e+00
-186.851010101 0.000000e+00
-186.21969697 0.000000e+00
-185.588383838 0.000000e+00
-184.957070707 0.000000e+00
-184.325757576 0.000000e+00
-183.694444444 0.000000e+00
-183.063131313 0.000000e+00
-182.431818182 0.000000e+00
-181.800505051 0.000000e+00
-181.169191919 0.000000e+00
-180.537878788 0.000000e+00
-179.906565657 0.000000e+00
-179.275252525 0.000000e+00
-178.643939394 0.000000e+00
-178.012626263 0.000000e+00
-177.381313131 0.000000e+00
-176.75 0.000000e+00
-176.118686869 0.000000e+00
-175.487373737 0.000000e+00
-174.856060606 0.000000e+00
-174.224747475 0.000000e+00
-173.593434343 0.000000e+00
-172.962121212 0.000000e+00
-172.330808081 0.000000e+00
-171.699494949 0.000000e+00
-171.068181818 0.000000e+00
-170.436868687 0.000000e+00
-169.805555556 0.000000e+00
-169.174242424 0.000000e+00
-168.542929293 0.000000e+00
-167.911616162 0.000000e+00
-167.28030303 0.000000e+00
-166.648989899 0.000000e+00
-166.017676768 0.000000e+00
-165.386363636 0.000000e+00
-164.755050505 0.000000e+00
-164.123737374 0.000000e+00
-163.492424242 0.000000e+00
-162.861111111 0.000000e+00
-162.22979798 0.000000e+00
-161.598484848 0.000000e+00
-160.967171717 0.000000e+00
-160.335858586 0.000000e+00
-159.704545455 0.000000e+00
-159.073232323 0.000000e+00
-158.441919192 0.000000e+00
-157.810606061 0.000000e+00
-157.179292929 0.000000e+00
-156.547979798 0.000000e+00
-155.916666667 0.000000e+00
-155.285353535 0.000000e+00
-154.654040404 0.000000e+00
-154.022727273 0.000000e+00
-153.391414141 0.000000e+00
-152.76010101 0.000000e+00
-152.128787879 0.000000e+00
-151.497474747 0.000000e+00
-150.866161616 0.000000e+00
-150.234848485 0.000000e+00
-149.603535354 0.000000e+00
-148.972222222 0.000000e+00
-148.340909091 0.000000e+00
-147.70959596 0.000000e+00
-147.078282828 0.000000e+00
-146.446969697 0.000000e+00
-145.815656566 0.000000e+00
-145.184343434 0.000000e+00
-144.553030303 0.000000e+00
-143.921717172 0.000000e+00
-143.29040404 0.000000e+00
-142.659090909 0.000000e+00
-142.027777778 0.000000e+00
-141.396464646 0.000000e+00
-140.765151515 0.000000e+00
-140.133838384 0.000000e+00
-139.502525253 0.000000e+00
-138.871212121 0.000000e+00
-138.23989899 0.000000e+00
-137.608585859 0.000000e+00
-136.977272727 0.000000e+00
-136.345959596 0.000000e+00
-135.714646465 0.000000e+00
-135.083333333 0.000000e+00
-134.452020202 0.000000e+00
-133.820707071 0.000000e+00
-133.189393939 0.000000e+00
-132.558080808 0.000000e+00
-131.926767677 0.000000e+00
-131.295454545 0.000000e+00
-130.664141414 0.000000e+00
-130.032828283 0.000000e+00
-129.401515152 0.000000e+00
-128.77020202 0.000000e+00
-128.138888889 0.000000e+00
-127.507575758 0.000000e+00
-126.876262626 0.000000e+00
-126.244949495 0.000000e+00
-125.613636364 0.000000e+00
-124.982323232 0.000000e+00
-124.351010101 0.000000e+00
-123.71969697 0.000000e+00
-123.088383838 0.000000e+00
-122.457070707 0.000000e+00
-121.825757576 0.000000e+00
-121.194444444 0.000000e+00
-120.563131313 0.000000e+00
-119.931818182 0.000000e+00
-119.300505051 0.000000e+00
-118.669191919 0.000000e+00
-118.037878788 0.000000e+00
-117.406565657 0.000000e+00
-116.775252525 0.000000e+00
-116.143939394 0.000000e+00
-115.512626263 0.000000e+00
-114.881313131 0.000000e+00
-114.25 0.000000e+00
-113.618686869 0.000000e+00
-112.987373737 0.000000e+00
-112.356060606 0.000000e+00
-111.724747475 0.000000e+00
-111.093434343 0.000000e+00
-110.462121212 0.000000e+00
-109.830808081 0.000000e+00
-109.199494949 0.000000e+00
-108.568181818 0.000000e+00
-107.936868687 0.000000e+00
-107.305555556 0.000000e+00
-106.674242424 0.000000e+00
-106.042929293 0.000000e+00
-105.411616162 0.000000e+00
-104.78030303 0.000000e+00
-104.148989899 0.000000e+00
-103.517676768 0.000000e+00
-102.886363636 0.000000e+00
-102.255050505 0.000000e+00
-101.623737374 0.000000e+00
-100.992424242 0.000000e+00
-100.361111111 0.000000e+00
-99.7297979798 0.000000e+00
-99.0984848485 0.000000e+00
-98.4671717172 0.000000e+00
-97.8358585859 0.000000e+00
-97.2045454545 0.000000e+00
-96.5732323232 0.000000e+00
-95.9419191919 0.000000e+00
-95.3106060606 0.000000e+00
-94.6792929293 0.000000e+00
-94.047979798 0.000000e+00
-93.4166666667 0.000000e+00
-92.7853535354 0.000000e+00
-92.154040404 0.000000e+00
-91.5227272727 0.000000e+00
-90.8914141414 0.000000e+00
-90.2601010101 0.000000e+00
-89.6287878788 0.000000e+00
-88.9974747475 0.000000e+00
-88.3661616162 0.000000e+00
-87.7348484848 0.000000e+00
-87.1035353535 0.000000e+00
-86.4722222222 0.000000e+00
-85.8409090909 0.000000e+00
-85.2095959596 0.000000e+00
-84.5782828283 0.000000e+00
-83.946969697 0.000000e+00
-83.3156565657 0.000000e+00
-82.6843434343 0.000000e+00
-82.053030303 0.000000e+00
-81.4217171717 0.000000e+00
-80.7904040404 0.000000e+00
-80.1590909091 0.000000e+00
-79.5277777778 0.000000e+00
-78.8964646465 0.000000e+00
-78.2651515152 0.000000e+00
-77.6338383838 0.000000e+00
-77.0025252525 0.000000e+00
-76.3712121212 0.000000e+00
-75.7398989899 0.000000e+00
-75.1085858586 0.000000e+00
-74.4772727273 0.000000e+00
-73.845959596 0.000000e+00
-73.2146464646 0.000000e+00
-72.5833333333 0.000000e+00
-71.952020202 0.000000e+00
-71.3207070707 0.000000e+00
-70.6893939394 0.000000e+00
-70.0580808081 0.000000e+00
-69.4267676768 0.000000e+00
-68.7954545455 0.000000e+00
-68.1641414141 0.000000e+00
-67.5328282828 0.000000e+00
-66.9015151515 0.000000e+00
-66.2702020202 0.000000e+00
-65.6388888889 0.000000e+00
-65.0075757576 0.000000e+00
-64.3762626263 0.000000e+00
-63.7449494949 0.000000e+00
-63.1136363636 0.000000e+00
-62.4823232323 0.000000e+00
-61.851010101 0.000000e+00
-61.2196969697 0.000000e+00
-60.5883838384 0.000000e+00
-59.9570707071 0.000000e+00
-59.3257575758 0.000000e+00
-58.6944444444 0.000000e+00
-58.0631313131 0.000000e+00
-57.4318181818 0.000000e+00
-56.8005050505 0.000000e+00
-56.1691919192 0.000000e+00
-55.5378787879 0.000000e+00
-54.9065656566 0.000000e+00
-54.2752525253 0.000000e+00
-53.6439393939 0.000000e+00
-53.0126262626 0.000000e+00
-52.3813131313 0.000000e+00
-51.75 0.000000e+00
-51.1186868687 0.000000e+00
-50.4873737374 0.000000e+00
-49.8560606061 0.000000e+00
-49.2247474747 0.000000e+00
-48.5934343434 0.000000e+00
-47.9621212121 0.000000e+00
-47.3308080808 0.000000e+00
-46.6994949495 0.000000e+00
-46.0681818182 0.000000e+00
-45.4368686869 0.000000e+00
-44.8055555556 0.000000e+00
-44.1742424242 0.000000e+00
-43.5429292929 0.000000e+00
-42.9116161616 0.000000e+00
-42.2803030303 0.000000e+00
-41.648989899 0.000000e+00
-41.0176767677 0.000000e+00
-40.3863636364 0.000000e+00
-39.7550505051 0.000000e+00
-39.1237373737 0.000000e+00
-38.4924242424 0.000000e+00
-37.8611111111 0.000000e+00
-37.2297979798 0.000000e+00
-36.5984848485 0.000000e+00
-35.9671717172 0.000000e+00
-35.3358585859 0.000000e+00
-34.7045454545 0.000000e+00
-34.0732323232 0.000000e+00
-33.4419191919 0.000000e+00
-32.8106060606 0.000000e+00
-32.1792929293 0.000000e+00
-31.547979798 0.000000e+00
-30.9166666667 0.000000e+00
-30.2853535354 0.000000e+00
-29.654040404 0.000000e+00
-29.0227272727 0.000000e+00
-28.3914141414 0.000000e+00
-27.7601010101 0.000000e+00
-27.1287878788 0.000000e+00
-26.4974747475 0.000000e+00
-25.8661616162 0.000000e+00
-25.2348484848 0.000000e+00
-24.6035353535 0.000000e+00
-23.9722222222 0.000000e+00
-23.3409090909 0.000000e+00
-22.7095959596 0.000000e+00
-22.0782828283 0.000000e+00
-21.446969697 0.000000e+00
-20.8156565657 0.000000e+00
-20.1843434343 0.000000e+00
-19.553030303 0.000000e+00
-18.9217171717 0.000000e+00
-18.2904040404 0.000000e+00
-17.6590909091 0.000000e+00
-17.0277777778 0.000000e+00
-16.3964646465 0.000000e+00
-15.7651515152 0.000000e+00
-15.1338383838 0.000000e+00
-14.5025252525 0.000000e+00
-13.8712121212 0.000000e+00
-13.2398989899 0.000000e+00
-12.6085858586 0.000000e+00
-11.9772727273 0.000000e+00
-11.345959596 0.000000e+00
-10.7146464646 0.000000e+00
-10.0833333333 0.000000e+00
-9.45202020202 0.000000e+00
-8.82070707071 0.000000e+00
-8.18939393939 0.000000e+00
-7.55808080808 0.000000e+00
-6.92676767677 0.000000e+00
-6.29545454545 0.000000e+00
-5.66414141414 0.000000e+00
-5.03282828283 0.000000e+00
-4.40151515152 0.000000e+00
-3.7702020202 0.000000e+00
-3.13888888889 3.915264e-01
-2.50757575758 0.000000e+00
-1.87626262626 0.000000e+00
-1.24494949495 0.000000e+00
-0.613636363636 9.294992e-01
0.0176767676768 0.000000e+00
0.64898989899 4.991168e-01
1.2803030303 1.000000e+00
1.91161616162 5.834897e-01
2.54292929293 4.615101e-01
3.17424242424 4.673468e-01
3.80555555556 6.860541e-01
4.43686868687 6.724192e-01
5.06818181818 5.746032e-01
5.69949494949 7.122770e-01
6.33080808081 5.679020e-01
6.96212121212 6.224251e-01
7.59343434343 0.000000e+00
8.22474747475 6.481573e-01
8.85606060606 5.396427e-01
9.48737373737 4.782319e-01
10.1186868687 0.000000e+00
10.75 0.000000e+00
11.3813131313 0.000000e+00
12.0126262626 0.000000e+00
12.6439393939 0.000000e+00
13.2752525253 0.000000e+00
13.9065656566 0.000000e+00
14.5378787879 0.000000e+00
15.1691919192 0.000000e+00
15.8005050505 0.000000e+00
16.4318181818 0.000000e+00
17.0631313131 0.000000e+00
17.6944444444 0.000000e+00
18.3257575758 0.000000e+00
18.9570707071 0.000000e+00
19.5883838384 0.000000e+00
20.2196969697 0.000000e+00
20.851010101 0.000000e+00
21.4823232323 0.000000e+00
22.1136363636 0.000000e+00
22.7449494949 0.000000e+00
23.3762626263 0.000000e+00
24.0075757576 0.000000e+00
24.6388888889 0.000000e+00
25.2702020202 0.000000e+00
25.9015151515 0.000000e+00
26.5328282828 0.000000e+00
27.1641414141 0.000000e+00
27.7954545455 0.000000e+00
28.4267676768 0.000000e+00
29.0580808081 0.000000e+00
29.6893939394 0.000000e+00
30.3207070707 0.000000e+00
30.952020202 0.000000e+00
31.5833333333 0.000000e+00
32.2146464646 0.000000e+00
32.845959596 0.000000e+00
33.4772727273 0.000000e+00
34.1085858586 0.000000e+00
34.7398989899 0.000000e+00
35.3712121212 0.000000e+00
36.0025252525 0.000000e+00
36.6338383838 0.000000e+00
37.2651515152 0.000000e+00
37.8964646465 0.000000e+00
38.5277777778 0.000000e+00
39.1590909091 0.000000e+00
39.7904040404 0.000000e+00
40.4217171717 0.000000e+00
41.053030303 0.000000e+00
41.6843434343 0.000000e+00
42.3156565657 0.000000e+00
42.946969697 0.000000e+00
43.5782828283 0.000000e+00
44.2095959596 0.000000e+00
44.8409090909 0.000000e+00
45.4722222222 0.000000e+00
46.1035353535 0.000000e+00
46.7348484848 0.000000e+00
47.3661616162 0.000000e+00
47.9974747475 0.000000e+00
48.6287878788 0.000000e+00
49.2601010101 0.000000e+00
49.8914141414 0.000000e+00
50.5227272727 0.000000e+00
51.154040404 0.000000e+00
51.7853535354 0.000000e+00
52.4166666667 0.000000e+00
53.047979798 0.000000e+00
53.6792929293 0.000000e+00
54.3106060606 0.000000e+00
54.9419191919 0.000000e+00
55.5732323232 0.000000e+00
56.2045454545 0.000000e+00
56.8358585859 0.000000e+00
57.4671717172 0.000000e+00
58.0984848485 0.000000e+00
58.7297979798 0.000000e+00
59.3611111111 0.000000e+00
59.9924242424 0.000000e+00
60.6237373737 0.000000e+00
61.2550505051 0.000000e+00
61.8863636364 0.000000e+00
62.5176767677 0.000000e+00
63.148989899 0.000000e+00
63.7803030303 0.000000e+00
64.4116161616 0.000000e+00
65.0429292929 0.000000e+00
65.6742424242 0.000000e+00
66.3055555556 0.000000e+00
66.9368686869 0.000000e+00
67.5681818182 0.000000e+00
68.1994949495 0.000000e+00
68.8308080808 0.000000e+00
69.4621212121 0.000000e+00
70.0934343434 0.000000e+00
70.7247474747 0.000000e+00
71.3560606061 0.000000e+00
71.9873737374 0.000000e+00
72.6186868687 0.000000e+00
73.25 0.000000e+00
73.8813131313 0.000000e+00
74.5126262626 0.000000e+00
75.1439393939 0.000000e+00
75.7752525253 0.000000e+00
76.4065656566 0.000000e+00
77.0378787879 0.000000e+00
77.6691919192 0.000000e+00
78.3005050505 0.000000e+00
78.9318181818 0.000000e+00
79.5631313131 0.000000e+00
80.1944444444 0.000000e+00
80.8257575758 0.000000e+00
81.4570707071 0.000000e+00
82.0883838384 0.000000e+00
82.7196969697 0.000000e+00
83.351010101 0.000000e+00
83.9823232323 0.000000e+00
84.6136363636 0.000000e+00
85.2449494949 0.000000e+00
85.8762626263 0.000000e+00
86.5075757576 0.000000e+00
87.1388888889 0.000000e+00
87.7702020202 0.000000e+00
88.4015151515 0.000000e+00
89.0328282828 0.000000e+00
89.6641414141 0.000000e+00
90.2954545455 0.000000e+00
90.9267676768 0.000000e+00
91.5580808081 0.000000e+00
92.1893939394 0.000000e+00
92.8207070707 0.000000e+00
93.452020202 0.000000e+00
94.0833333333 0.000000e+00
94.7146464646 0.000000e+00
95.345959596 0.000000e+00
95.9772727273 0.000000e+00
96.6085858586 0.000000e+00
97.2398989899 0.000000e+00
97.8712121212 0.000000e+00
98.5025252525 0.000000e+00
99.1338383838 0.000000e+00
99.7651515152 0.000000e+00
100.396464646 0.000000e+00
101.027777778 0.000000e+00
101.659090909 0.000000e+00
102.29040404 0.000000e+00
102.921717172 0.000000e+00
103.553030303 0.000000e+00
104.184343434 0.000000e+00
104.815656566 0.000000e+00
105.446969697 0.000000e+00
106.078282828 0.000000e+00
106.70959596 0.000000e+00
107.340909091 0.000000e+00
107.972222222 0.000000e+00
108.603535354 0.000000e+00
109.234848485 0.000000e+00
109.866161616 0.000000e+00
110.497474747 0.000000e+00
111.128787879 0.000000e+00
111.76010101 0.000000e+00
112.391414141 0.000000e+00
113.022727273 0.000000e+00
113.654040404 0.000000e+00
114.285353535 0.000000e+00
114.916666667 0.000000e+00
115.547979798 0.000000e+00
116.179292929 0.000000e+00
116.810606061 0.000000e+00
117.441919192 0.000000e+00
118.073232323 0.000000e+00
118.704545455 0.000000e+00
119.335858586 0.000000e+00
119.967171717 0.000000e+00
120.598484848 0.000000e+00
121.22979798 0.000000e+00
121.861111111 0.000000e+00
122.492424242 0.000000e+00
123.123737374 0.000000e+00
123.755050505 0.000000e+00
124.386363636 0.000000e+00
125.017676768 0.000000e+00
125.648989899 0.000000e+00
126.28030303 0.000000e+00
126.911616162 0.000000e+00
127.542929293 0.000000e+00
128.174242424 0.000000e+00
128.805555556 0.000000e+00
129.436868687 0.000000e+00
130.068181818 0.000000e+00
130.699494949 0.000000e+00
131.330808081 0.000000e+00
131.962121212 0.000000e+00
132.593434343 0.000000e+00
133.224747475 0.000000e+00
133.856060606 0.000000e+00
134.487373737 0.000000e+00
135.118686869 0.000000e+00
135.75 0.000000e+00
136.381313131 0.000000e+00
137.012626263 0.000000e+00
137.643939394 0.000000e+00
138.275252525 0.000000e+00
138.906565657 0.000000e+00
139.537878788 0.000000e+00
140.169191919 0.000000e+00
140.800505051 0.000000e+00
141.431818182 0.000000e+00
142.063131313 0.000000e+00
142.694444444 0.000000e+00
143.325757576 0.000000e+00
143.957070707 0.000000e+00
144.588383838 0.000000e+00
145.21969697 0.000000e+00
145.851010101 0.000000e+00
146.482323232 0.000000e+00
147.113636364 0.000000e+00
147.744949495 0.000000e+00
148.376262626 0.000000e+00
149.007575758 0.000000e+00
149.638888889 0.000000e+00
150.27020202 0.000000e+00
150.901515152 0.000000e+00
151.532828283 0.000000e+00
152.164141414 0.000000e+00
152.795454545 0.000000e+00
153.426767677 0.000000e+00
154.058080808 0.000000e+00
154.689393939 0.000000e+00
155.320707071 0.000000e+00
155.952020202 0.000000e+00
156.583333333 0.000000e+00
157.214646465 0.000000e+00
157.845959596 0.000000e+00
158.477272727 0.000000e+00
159.108585859 0.000000e+00
159.73989899 0.000000e+00
160.371212121 0.000000e+00
161.002525253 0.000000e+00
161.633838384 0.000000e+00
162.265151515 0.000000e+00
162.896464646 0.000000e+00
163.527777778 0.000000e+00
164.159090909 0.000000e+00
164.79040404 0.000000e+00
165.421717172 0.000000e+00
166.053030303 0.000000e+00
166.684343434 0.000000e+00
167.315656566 0.000000e+00
167.946969697 0.000000e+00
168.578282828 0.000000e+00
169.20959596 0.000000e+00
169.840909091 0.000000e+00
170.472222222 0.000000e+00
171.103535354 0.000000e+00
171.734848485 0.000000e+00
172.366161616 0.000000e+00
172.997474747 0.000000e+00
173.628787879 0.000000e+00
174.26010101 0.000000e+00
174.891414141 0.000000e+00
175.522727273 0.000000e+00
176.154040404 0.000000e+00
176.785353535 0.000000e+00
177.416666667 0.000000e+00
178.047979798 0.000000e+00
178.679292929 0.000000e+00
179.310606061 0.000000e+00
179.941919192 0.000000e+00
180.573232323 0.000000e+00
181.204545455 0.000000e+00
181.835858586 0.000000e+00
182.467171717 0.000000e+00
183.098484848 0.000000e+00
183.72979798 0.000000e+00
184.361111111 0.000000e+00
184.992424242 0.000000e+00
185.623737374 0.000000e+00
186.255050505 0.000000e+00
186.886363636 0.000000e+00
187.517676768 0.000000e+00
188.148989899 0.000000e+00
188.78030303 0.000000e+00
189.411616162 0.000000e+00
190.042929293 0.000000e+00
190.674242424 0.000000e+00
191.305555556 0.000000e+00
191.936868687 0.000000e+00
192.568181818 0.000000e+00
193.199494949 0.000000e+00
193.830808081 0.000000e+00
194.462121212 0.000000e+00
195.093434343 0.000000e+00
195.724747475 0.000000e+00
196.356060606 0.000000e+00
196.987373737 0.000000e+00
197.618686869 0.000000e+00
198.25 0.000000e+00
198.881313131 0.000000e+00
199.512626263 0.000000e+00
200.143939394 0.000000e+00
200.775252525 0.000000e+00
201.406565657 0.000000e+00
202.037878788 0.000000e+00
202.669191919 0.000000e+00
203.300505051 0.000000e+00
203.931818182 0.000000e+00
204.563131313 0.000000e+00
205.194444444 0.000000e+00
205.825757576 0.000000e+00
206.457070707 0.000000e+00
207.088383838 0.000000e+00
207.71969697 0.000000e+00
208.351010101 0.000000e+00
208.982323232 0.000000e+00
209.613636364 0.000000e+00
210.244949495 0.000000e+00
210.876262626 0.000000e+00
211.507575758 0.000000e+00
212.138888889 0.000000e+00
212.77020202 0.000000e+00
213.401515152 0.000000e+00
214.032828283 0.000000e+00
214.664141414 0.000000e+00
215.295454545 0.000000e+00
215.926767677 0.000000e+00
216.558080808 0.000000e+00
217.189393939 0.000000e+00
217.820707071 0.000000e+00
218.452020202 0.000000e+00
219.083333333 0.000000e+00
219.714646465 0.000000e+00
220.345959596 0.000000e+00
220.977272727 0.000000e+00
221.608585859 0.000000e+00
222.23989899 0.000000e+00
222.871212121 0.000000e+00
223.502525253 0.000000e+00
224.133838384 0.000000e+00
224.765151515 0.000000e+00
225.396464646 0.000000e+00
226.027777778 0.000000e+00
226.659090909 0.000000e+00
227.29040404 0.000000e+00
227.921717172 0.000000e+00
228.553030303 0.000000e+00
229.184343434 0.000000e+00
229.815656566 0.000000e+00
230.446969697 0.000000e+00
231.078282828 0.000000e+00
231.70959596 0.000000e+00
232.340909091 0.000000e+00
232.972222222 0.000000e+00
233.603535354 0.000000e+00
234.234848485 0.000000e+00
234.866161616 0.000000e+00
235.497474747 0.000000e+00
236.128787879 0.000000e+00
236.76010101 0.000000e+00
237.391414141 0.000000e+00
238.022727273 0.000000e+00
238.654040404 0.000000e+00
239.285353535 0.000000e+00
239.916666667 0.000000e+00
240.547979798 0.000000e+00
241.179292929 0.000000e+00
241.810606061 0.000000e+00
242.441919192 0.000000e+00
243.073232323 0.000000e+00
243.704545455 0.000000e+00
244.335858586 0.000000e+00
244.967171717 0.000000e+00
245.598484848 0.000000e+00
246.22979798 0.000000e+00
246.861111111 0.000000e+00
247.492424242 0.000000e+00
248.123737374 0.000000e+00
248.755050505 0.000000e+00
249.386363636 0.000000e+00
250.017676768 0.000000e+00
250.648989899 0.000000e+00
251.28030303 0.000000e+00
251.911616162 0.000000e+00
252.542929293 0.000000e+00
253.174242424 0.000000e+00
253.805555556 0.000000e+00
254.436868687 0.000000e+00
255.068181818 0.000000e+00
255.699494949 0.000000e+00
256.330808081 0.000000e+00
256.962121212 0.000000e+00
257.593434343 0.000000e+00
258.224747475 0.000000e+00
258.856060606 0.000000e+00
259.487373737 0.000000e+00
260.118686869 0.000000e+00
260.75 0.000000e+00
261.381313131 0.000000e+00
262.012626263 0.000000e+00
262.643939394 0.000000e+00
263.275252525 0.000000e+00
263.906565657 0.000000e+00
264.537878788 0.000000e+00
265.169191919 0.000000e+00
265.800505051 0.000000e+00
266.431818182 0.000000e+00
267.063131313 0.000000e+00
267.694444444 0.000000e+00
268.325757576 0.000000e+00
268.957070707 0.000000e+00
269.588383838 0.000000e+00
270.21969697 0.000000e+00
270.851010101 0.000000e+00
271.482323232 0.000000e+00
272.113636364 0.000000e+00
272.744949495 0.000000e+00
273.376262626 0.000000e+00
274.007575758 0.000000e+00
274.638888889 0.000000e+00
275.27020202 0.000000e+00
275.901515152 0.000000e+00
276.532828283 0.000000e+00
277.164141414 0.000000e+00
277.795454545 0.000000e+00
278.426767677 0.000000e+00
279.058080808 0.000000e+00
279.689393939 0.000000e+00
280.320707071 0.000000e+00
280.952020202 0.000000e+00
281.583333333 0.000000e+00
282.214646465 0.000000e+00
282.845959596 0.000000e+00
283.477272727 0.000000e+00
284.108585859 0.000000e+00
284.73989899 0.000000e+00
285.371212121 0.000000e+00
286.002525253 0.000000e+00
286.633838384 0.000000e+00
287.265151515 0.000000e+00
287.896464646 0.000000e+00
288.527777778 0.000000e+00
289.159090909 0.000000e+00
289.79040404 0.000000e+00
290.421717172 0.000000e+00
291.053030303 0.000000e+00
291.684343434 0.000000e+00
292.315656566 0.000000e+00
292.946969697 0.000000e+00
293.578282828 0.000000e+00
294.20959596 0.000000e+00
294.840909091 0.000000e+00
295.472222222 0.000000e+00
296.103535354 0.000000e+00
296.734848485 0.000000e+00
297.366161616 0.000000e+00
297.997474747 0.000000e+00
298.628787879 0.000000e+00
299.26010101 0.000000e+00
299.891414141 0.000000e+00
300.522727273 0.000000e+00
301.154040404 0.000000e+00
301.785353535 0.000000e+00
302.416666667 0.000000e+00
303.047979798 0.000000e+00
303.679292929 0.000000e+00
304.310606061 0.000000e+00
304.941919192 0.000000e+00
305.573232323 0.000000e+00
306.204545455 0.000000e+00
306.835858586 0.000000e+00
307.467171717 0.000000e+00
308.098484848 0.000000e+00
308.72979798 0.000000e+00
309.361111111 0.000000e+00
309.992424242 0.000000e+00
310.623737374 0.000000e+00
311.255050505 0.000000e+00
311.886363636 0.000000e+00
312.517676768 0.000000e+00
313.148989899 0.000000e+00
313.78030303 0.000000e+00
314.411616162 0.000000e+00
315.042929293 0.000000e+00
315.674242424 0.000000e+00
316.305555556 0.000000e+00
316.936868687 0.000000e+00
317.568181818 0.000000e+00
318.199494949 0.000000e+00
318.830808081 0.000000e+00
319.462121212 0.000000e+00
320.093434343 0.000000e+00
320.724747475 0.000000e+00
321.356060606 0.000000e+00
321.987373737 0.000000e+00
322.618686869 0.000000e+00
323.25 0.000000e+00
323.881313131 0.000000e+00
324.512626263 0.000000e+00
325.143939394 0.000000e+00
325.775252525 0.000000e+00
326.406565657 0.000000e+00
327.037878788 0.000000e+00
327.669191919 0.000000e+00
328.300505051 0.000000e+00
328.931818182 0.000000e+00
329.563131313 0.000000e+00
330.194444444 0.000000e+00
330.825757576 0.000000e+00
331.457070707 0.000000e+00
332.088383838 0.000000e+00
332.71969697 0.000000e+00
333.351010101 0.000000e+00
333.982323232 0.000000e+00
334.613636364 0.000000e+00
335.244949495 0.000000e+00
335.876262626 0.000000e+00
336.507575758 0.000000e+00
337.138888889 0.000000e+00
337.77020202 0.000000e+00
338.401515152 0.000000e+00
339.032828283 0.000000e+00
339.664141414 0.000000e+00
340.295454545 0.000000e+00
340.926767677 0.000000e+00
341.558080808 0.000000e+00
342.189393939 0.000000e+00
342.820707071 0.000000e+00
343.452020202 0.000000e+00
344.083333333 0.000000e+00
344.714646465 0.000000e+00
345.345959596 0.000000e+00
345.977272727 0.000000e+00
346.608585859 0.000000e+00
347.23989899 0.000000e+00
347.871212121 0.000000e+00
348.502525253 0.000000e+00
349.133838384 0.000000e+00
349.765151515 0.000000e+00
350.396464646 0.000000e+00
351.027777778 0.000000e+00
351.659090909 0.000000e+00
352.29040404 0.000000e+00
352.921717172 0.000000e+00
353.553030303 0.000000e+00
354.184343434 0.000000e+00
354.815656566 0.000000e+00
355.446969697 0.000000e+00
356.078282828 0.000000e+00
356.70959596 0.000000e+00
357.340909091 0.000000e+00
357.972222222 0.000000e+00
358.603535354 0.000000e+00
359.234848485 0.000000e+00
359.866161616 0.000000e+00
360.497474747 0.000000e+00
361.128787879 0.000000e+00
361.76010101 0.000000e+00
362.391414141 0.000000e+00
363.022727273 0.000000e+00
363.654040404 0.000000e+00
364.285353535 0.000000e+00
364.916666667 0.000000e+00
365.547979798 0.000000e+00
366.179292929 0.000000e+00
366.810606061 0.000000e+00
367.441919192 0.000000e+00
368.073232323 0.000000e+00
368.704545455 0.000000e+00
369.335858586 0.000000e+00
369.967171717 0.000000e+00
370.598484848 0.000000e+00
371.22979798 0.000000e+00
371.861111111 0.000000e+00
372.492424242 0.000000e+00
373.123737374 0.000000e+00
373.755050505 0.000000e+00
374.386363636 0.000000e+00
375.017676768 0.000000e+00
375.648989899 0.000000e+00
376.28030303 0.000000e+00
376.911616162 0.000000e+00
377.542929293 0.000000e+00
378.174242424 0.000000e+00
378.805555556 0.000000e+00
379.436868687 0.000000e+00
380.068181818 0.000000e+00
380.699494949 0.000000e+00
381.330808081 0.000000e+00
381.962121212 0.000000e+00
382.593434343 0.000000e+00
383.224747475 0.000000e+00
383.856060606 0.000000e+00
384.487373737 0.000000e+00
385.118686869 0.000000e+00
385.75 0.000000e+00
386.381313131 0.000000e+00
387.012626263 0.000000e+00
387.643939394 0.000000e+00
388.275252525 0.000000e+00
388.906565657 0.000000e+00
389.537878788 0.000000e+00
390.169191919 0.000000e+00
390.800505051 0.000000e+00
391.431818182 0.000000e+00
392.063131313 0.000000e+00
392.694444444 0.000000e+00
393.325757576 0.000000e+00
393.957070707 0.000000e+00
394.588383838 0.000000e+00
395.21969697 0.000000e+00
395.851010101 0.000000e+00
396.482323232 0.000000e+00
397.113636364 0.000000e+00
397.744949495 0.000000e+00
398.376262626 0.000000e+00
399.007575758 0.000000e+00
399.638888889 0.000000e+00
400.27020202 0.000000e+00
400.901515152 0.000000e+00
401.532828283 0.000000e+00
402.164141414 0.000000e+00
402.795454545 0.000000e+00
403.426767677 0.000000e+00
404.058080808 0.000000e+00
404.689393939 0.000000e+00
405.320707071 0.000000e+00
405.952020202 0.000000e+00
406.583333333 0.000000e+00
407.214646465 0.000000e+00
407.845959596 0.000000e+00
408.477272727 0.000000e+00
409.108585859 0.000000e+00
409.73989899 0.000000e+00
410.371212121 0.000000e+00
411.002525253 0.000000e+00
411.633838384 0.000000e+00
412.265151515 0.000000e+00
412.896464646 0.000000e+00
413.527777778 0.000000e+00
414.159090909 0.000000e+00
414.79040404 0.000000e+00
415.421717172 0.000000e+00
416.053030303 0.000000e+00
416.684343434 0.000000e+00
417.315656566 0.000000e+00
417.946969697 0.000000e+00
418.578282828 0.000000e+00
419.20959596 0.000000e+00
419.840909091 0.000000e+00
420.472222222 0.000000e+00
421.103535354 0.000000e+00
421.734848485 0.000000e+00
422.366161616 0.000000e+00
422.997474747 0.000000e+00
423.628787879 0.000000e+00
424.26010101 0.000000e+00
424.891414141 0.000000e+00
425.522727273 0.000000e+00
426.154040404 0.000000e+00
426.785353535 0.000000e+00
427.416666667 0.000000e+00
428.047979798 0.000000e+00
428.679292929 0.000000e+00
429.310606061 0.000000e+00
429.941919192 0.000000e+00
430.573232323 0.000000e+00
431.204545455 0.000000e+00
431.835858586 0.000000e+00
432.467171717 0.000000e+00
433.098484848 0.000000e+00
433.72979798 0.000000e+00
434.361111111 0.000000e+00
434.992424242 0.000000e+00
435.623737374 0.000000e+00
436.255050505 0.000000e+00
436.886363636 0.000000e+00
437.517676768 0.000000e+00
438.148989899 0.000000e+00
438.78030303 0.000000e+00
439.411616162 0.000000e+00
440.042929293 0.000000e+00
440.674242424 0.000000e+00
441.305555556 0.000000e+00
441.936868687 0.000000e+00
442.568181818 0.000000e+00
443.199494949 0.000000e+00
443.830808081 0.000000e+00
444.462121212 0.000000e+00
445.093434343 0.000000e+00
445.724747475 0.000000e+00
446.356060606 0.000000e+00
446.987373737 0.000000e+00
447.618686869 0.000000e+00
448.25 0.000000e+00
448.881313131 0.000000e+00
449.512626263 0.000000e+00
450.143939394 0.000000e+00
450.775252525 0.000000e+00
451.406565657 0.000000e+00
452.037878788 0.000000e+00
452.669191919 0.000000e+00
453.300505051 0.000000e+00
453.931818182 0.000000e+00
454.563131313 0.000000e+00
455.194444444 0.000000e+00
455.825757576 0.000000e+00
456.457070707 0.000000e+00
457.088383838 0.000000e+00
457.71969697 0.000000e+00
458.351010101 0.000000e+00
458.982323232 0.000000e+00
459.613636364 0.000000e+00
460.244949495 0.000000e+00
460.876262626 0.000000e+00
461.507575758 0.000000e+00
462.138888889 0.000000e+00
462.77020202 0.000000e+00
463.401515152 0.000000e+00
464.032828283 0.000000e+00
464.664141414 0.000000e+00
465.295454545 0.000000e+00
465.926767677 0.000000e+00
466.558080808 0.000000e+00
467.189393939 0.000000e+00
467.820707071 0.000000e+00
468.452020202 0.000000e+00
469.083333333 0.000000e+00
469.714646465 0.000000e+00
470.345959596 0.000000e+00
470.977272727 0.000000e+00
471.608585859 0.000000e+00
472.23989899 0.000000e+00
472.871212121 0.000000e+00
473.502525253 0.000000e+00
474.133838384 0.000000e+00
474.765151515 0.000000e+00
475.396464646 0.000000e+00
476.027777778 0.000000e+00
476.659090909 0.000000e+00
477.29040404 0.000000e+00
477.921717172 0.000000e+00
478.553030303 0.000000e+00
479.184343434 0.000000e+00
479.815656566 0.000000e+00
480.446969697 0.000000e+00
481.078282828 0.000000e+00
481.70959596 0.000000e+00
482.340909091 0.000000e+00
482.972222222 0.000000e+00
483.603535354 0.000000e+00
484.234848485 0.000000e+00
484.866161616 0.000000e+00
485.497474747 0.000000e+00
486.128787879 0.000000e+00
486.76010101 0.000000e+00
487.391414141 0.000000e+00
488.022727273 0.000000e+00
488.654040404 0.000000e+00
489.285353535 0.000000e+00
489.916666667 0.000000e+00
490.547979798 0.000000e+00
491.179292929 0.000000e+00
491.810606061 0.000000e+00
492.441919192 0.000000e+00
493.073232323 0.000000e+00
493.704545455 0.000000e+00
494.335858586 0.000000e+00
494.967171717 0.000000e+00
495.598484848 0.000000e+00
496.22979798 0.000000e+00
496.861111111 0.000000e+00
497.492424242 0.000000e+00
498.123737374 0.000000e+00
498.755050505 0.000000e+00
499.386363636 0.000000e+00
500.017676768 0.000000e+00
500.648989899 0.000000e+00
501.28030303 0.000000e+00
501.911616162 0.000000e+00
502.542929293 0.000000e+00
503.174242424 0.000000e+00
503.805555556 0.000000e+00
504.436868687 0.000000e+00
505.068181818 0.000000e+00
505.699494949 0.000000e+00
506.330808081 0.000000e+00
