-622.384615385 0.0
-621.384615385 0.0
-620.384615385 0.0
-619.384615385 0.0
-618.384615385 0.0
-617.384615385 0.0
-616.384615385 0.0
-615.384615385 0.0
-614.384615385 0.0
-613.384615385 0.0
-612.384615385 0.0
-611.384615385 0.0
-610.384615385 0.0
-609.384615385 0.0
-608.384615385 0.0
-607.384615385 0.0
-606.384615385 0.0
-605.384615385 0.0
-604.384615385 0.0
-603.384615385 0.0
-602.384615385 0.0
-601.384615385 0.0
-600.384615385 0.0
-599.384615385 0.0
-598.384615385 0.0
-597.384615385 0.0
-596.384615385 0.0
-595.384615385 0.0
-594.384615385 0.0
-593.384615385 0.0
-592.384615385 0.0
-591.384615385 0.0
-590.384615385 0.0
-589.384615385 0.0
-588.384615385 0.0
-587.384615385 0.0
-586.384615385 0.0
-585.384615385 0.0
-584.384615385 0.0
-583.384615385 0.0
-582.384615385 0.0
-581.384615385 0.0
-580.384615385 0.0
-579.384615385 0.0
-578.384615385 0.0
-577.384615385 0.0
-576.384615385 0.0
-575.384615385 0.0
-574.384615385 0.0
-573.384615385 0.0
-572.384615385 0.0
-571.384615385 0.0
-570.384615385 0.0
-569.384615385 0.0
-568.384615385 0.0
-567.384615385 0.0
-566.384615385 0.0
-565.384615385 0.0
-564.384615385 0.0
-563.384615385 0.0
-562.384615385 0.0
-561.384615385 0.0
-560.384615385 0.0
-559.384615385 0.0
-558.384615385 0.0
-557.384615385 0.0
-556.384615385 0.0
-555.384615385 0.0
-554.384615385 0.0
-553.384615385 0.0
-552.384615385 0.0
-551.384615385 0.0
-550.384615385 0.0
-549.384615385 0.0
-548.384615385 0.0
-547.384615385 0.0
-546.384615385 0.0
-545.384615385 0.0
-544.384615385 0.0
-543.384615385 0.0
-542.384615385 0.0
-541.384615385 0.0
-540.384615385 0.0
-539.384615385 0.0
-538.384615385 0.0
-537.384615385 0.0
-536.384615385 0.0
-535.384615385 0.0
-534.384615385 0.0
-533.384615385 0.0
-532.384615385 0.0
-531.384615385 0.0
-530.384615385 0.0
-529.384615385 0.0
-528.384615385 0.0
-527.384615385 0.0
-526.384615385 0.0
-525.384615385 0.0
-524.384615385 0.0
-523.384615385 0.0
-522.384615385 0.0
-521.384615385 0.0
-520.384615385 0.0
-519.384615385 0.0
-518.384615385 0.0
-517.384615385 0.0
-516.384615385 0.0
-515.384615385 0.0
-514.384615385 0.0
-513.384615385 0.0
-512.384615385 0.0
-511.384615385 0.0
-510.384615385 0.0
-509.384615385 0.0
-508.384615385 0.0
-507.384615385 0.0
-506.384615385 0.0
-505.384615385 0.0
-504.384615385 0.0
-503.384615385 0.0
-502.384615385 0.0
-501.384615385 0.0
-500.384615385 0.0
-499.384615385 0.0
-498.384615385 0.0
-497.384615385 0.0
-496.384615385 0.0
-495.384615385 0.0
-494.384615385 0.0
-493.384615385 0.0
-492.384615385 0.0
-491.384615385 0.0
-490.384615385 0.0
-489.384615385 0.0
-488.384615385 0.0
-487.384615385 0.0
-486.384615385 0.0
-485.384615385 0.0
-484.384615385 0.0
-483.384615385 0.0
-482.384615385 0.0
-481.384615385 0.0
-480.384615385 0.0
-479.384615385 0.0
-478.384615385 0.0
-477.384615385 0.0
-476.384615385 0.0
-475.384615385 0.0
-474.384615385 0.0
-473.384615385 0.0
-472.384615385 0.0
-471.384615385 0.0
-470.384615385 0.0
-469.384615385 0.0
-468.384615385 0.0
-467.384615385 0.0
-466.384615385 0.0
-465.384615385 0.0
-464.384615385 0.0
-463.384615385 0.0
-462.384615385 0.0
-461.384615385 0.0
-460.384615385 0.0
-459.384615385 0.0
-458.384615385 0.0
-457.384615385 0.0
-456.384615385 0.0
-455.384615385 0.0
-454.384615385 0.0
-453.384615385 0.0
-452.384615385 0.0
-451.384615385 0.0
-450.384615385 0.0
-449.384615385 0.0
-448.384615385 0.0
-447.384615385 0.0
-446.384615385 0.0
-445.384615385 0.0
-444.384615385 0.0
-443.384615385 0.0
-442.384615385 0.0
-441.384615385 0.0
-440.384615385 0.0
-439.384615385 0.0
-438.384615385 0.0
-437.384615385 0.0
-436.384615385 0.0
-435.384615385 0.0
-434.384615385 0.0
-433.384615385 0.0
-432.384615385 0.0
-431.384615385 0.0
-430.384615385 0.0
-429.384615385 0.0
-428.384615385 0.0
-427.384615385 0.0
-426.384615385 0.0
-425.384615385 0.0
-424.384615385 0.0
-423.384615385 0.0
-422.384615385 0.0
-421.384615385 0.0
-420.384615385 0.0
-419.384615385 0.0
-418.384615385 0.0
-417.384615385 0.0
-416.384615385 0.0
-415.384615385 0.0
-414.384615385 0.0
-413.384615385 0.0
-412.384615385 0.0
-411.384615385 0.0
-410.384615385 0.0
-409.384615385 0.0
-408.384615385 0.0
-407.384615385 0.0
-406.384615385 0.0
-405.384615385 0.0
-404.384615385 0.0
-403.384615385 0.0
-402.384615385 0.0
-401.384615385 0.0
-400.384615385 0.0
-399.384615385 0.0
-398.384615385 0.0
-397.384615385 0.0
-396.384615385 0.0
-395.384615385 0.0
-394.384615385 0.0
-393.384615385 0.0
-392.384615385 0.0
-391.384615385 0.0
-390.384615385 0.0
-389.384615385 0.0
-388.384615385 0.0
-387.384615385 0.0
-386.384615385 0.0
-385.384615385 0.0
-384.384615385 0.0
-383.384615385 0.0
-382.384615385 0.0
-381.384615385 0.0
-380.384615385 0.0
-379.384615385 0.0
-378.384615385 0.0
-377.384615385 0.0
-376.384615385 0.0
-375.384615385 0.0
-374.384615385 0.0
-373.384615385 0.0
-372.384615385 0.0
-371.384615385 0.0
-370.384615385 0.0
-369.384615385 0.0
-368.384615385 0.0
-367.384615385 0.0
-366.384615385 0.0
-365.384615385 0.0
-364.384615385 0.0
-363.384615385 0.0
-362.384615385 0.0
-361.384615385 0.0
-360.384615385 0.0
-359.384615385 0.0
-358.384615385 0.0
-357.384615385 0.0
-356.384615385 0.0
-355.384615385 0.0
-354.384615385 0.0
-353.384615385 0.0
-352.384615385 0.0
-351.384615385 0.0
-350.384615385 0.0
-349.384615385 0.0
-348.384615385 0.0
-347.384615385 0.0
-346.384615385 0.0
-345.384615385 0.0
-344.384615385 0.0
-343.384615385 0.0
-342.384615385 0.0
-341.384615385 0.0
-340.384615385 0.0
-339.384615385 0.0
-338.384615385 0.0
-337.384615385 0.0
-336.384615385 0.0
-335.384615385 0.0
-334.384615385 0.0
-333.384615385 0.0
-332.384615385 0.0
-331.384615385 0.0
-330.384615385 0.0
-329.384615385 0.0
-328.384615385 0.0
-327.384615385 0.0
-326.384615385 0.0
-325.384615385 0.0
-324.384615385 0.0
-323.384615385 0.0
-322.384615385 0.0
-321.384615385 0.0
-320.384615385 0.0
-319.384615385 0.0
-318.384615385 0.0
-317.384615385 0.0
-316.384615385 0.0
-315.384615385 0.0
-314.384615385 0.0
-313.384615385 0.0
-312.384615385 0.0
-311.384615385 0.0
-310.384615385 0.0
-309.384615385 0.0
-308.384615385 0.0
-307.384615385 0.0
-306.384615385 0.0
-305.384615385 0.0
-304.384615385 0.0
-303.384615385 0.0
-302.384615385 0.0
-301.384615385 0.0
-300.384615385 0.0
-299.384615385 0.0
-298.384615385 0.0
-297.384615385 0.0
-296.384615385 0.0
-295.384615385 0.0
-294.384615385 0.0
-293.384615385 0.0
-292.384615385 0.0
-291.384615385 0.0
-290.384615385 0.0
-289.384615385 0.0
-288.384615385 0.0
-287.384615385 0.0
-286.384615385 0.0
-285.384615385 0.0
-284.384615385 0.0
-283.384615385 0.0
-282.384615385 0.0
-281.384615385 0.0
-280.384615385 0.0
-279.384615385 0.0
-278.384615385 0.0
-277.384615385 0.0
-276.384615385 0.0
-275.384615385 0.0
-274.384615385 0.0
-273.384615385 0.0
-272.384615385 0.0
-271.384615385 0.0
-270.384615385 0.0
-269.384615385 0.0
-268.384615385 0.0
-267.384615385 0.0
-266.384615385 0.0
-265.384615385 0.0
-264.384615385 0.0
-263.384615385 0.0
-262.384615385 0.0
-261.384615385 0.0
-260.384615385 0.0
-259.384615385 0.0
-258.384615385 0.0
-257.384615385 0.0
-256.384615385 0.0
-255.384615385 0.0
-254.384615385 0.0
-253.384615385 0.0
-252.384615385 0.0
-251.384615385 0.0
-250.384615385 0.0
-249.384615385 0.0
-248.384615385 0.0
-247.384615385 0.0
-246.384615385 0.0
-245.384615385 0.0
-244.384615385 0.0
-243.384615385 0.0
-242.384615385 0.0
-241.384615385 0.0
-240.384615385 0.0
-239.384615385 0.0
-238.384615385 0.0
-237.384615385 0.0
-236.384615385 0.0
-235.384615385 0.0
-234.384615385 0.0
-233.384615385 0.0
-232.384615385 0.0
-231.384615385 0.0
-230.384615385 0.0
-229.384615385 0.0
-228.384615385 0.0
-227.384615385 0.0
-226.384615385 0.0
-225.384615385 0.0
-224.384615385 0.0
-223.384615385 0.0
-222.384615385 0.0
-221.384615385 0.0
-220.384615385 0.0
-219.384615385 0.0
-218.384615385 0.0
-217.384615385 0.0
-216.384615385 0.0
-215.384615385 0.0
-214.384615385 0.0
-213.384615385 0.0
-212.384615385 0.0
-211.384615385 0.0
-210.384615385 0.0
-209.384615385 0.0
-208.384615385 0.0
-207.384615385 0.0
-206.384615385 0.0
-205.384615385 0.0
-204.384615385 0.0
-203.384615385 0.0
-202.384615385 0.0
-201.384615385 0.0
-200.384615385 0.0
-199.384615385 0.0
-198.384615385 0.0
-197.384615385 0.0
-196.384615385 0.0
-195.384615385 0.0
-194.384615385 0.0
-193.384615385 0.0
-192.384615385 0.0
-191.384615385 0.0
-190.384615385 0.0
-189.384615385 0.0
-188.384615385 0.0
-187.384615385 0.0
-186.384615385 0.0
-185.384615385 0.0
-184.384615385 0.0
-183.384615385 0.0
-182.384615385 0.0
-181.384615385 0.0
-180.384615385 0.0
-179.384615385 0.0
-178.384615385 0.0
-177.384615385 0.0
-176.384615385 0.0
-175.384615385 0.0
-174.384615385 0.0
-173.384615385 0.0
-172.384615385 0.0
-171.384615385 0.0
-170.384615385 0.0
-169.384615385 0.0
-168.384615385 0.0
-167.384615385 0.0
-166.384615385 0.0
-165.384615385 0.0
-164.384615385 0.0
-163.384615385 0.0
-162.384615385 0.0
-161.384615385 0.0
-160.384615385 0.0
-159.384615385 0.0
-158.384615385 0.0
-157.384615385 0.0
-156.384615385 0.0
-155.384615385 0.0
-154.384615385 0.0
-153.384615385 0.0
-152.384615385 0.0
-151.384615385 0.0
-150.384615385 0.0
-149.384615385 0.0
-148.384615385 0.0
-147.384615385 0.0
-146.384615385 0.0
-145.384615385 0.0
-144.384615385 0.0
-143.384615385 0.0
-142.384615385 0.0
-141.384615385 0.0
-140.384615385 0.0
-139.384615385 0.0
-138.384615385 0.0
-137.384615385 0.0
-136.384615385 0.0
-135.384615385 0.0
-134.384615385 0.0
-133.384615385 0.0
-132.384615385 0.0
-131.384615385 0.0
-130.384615385 0.0
-129.384615385 0.0
-128.384615385 0.0
-127.384615385 0.0
-126.384615385 0.0
-125.384615385 0.0
-124.384615385 0.0
-123.384615385 0.0
-122.384615385 0.000000e+00
-121.975450082 0.000000e+00
-121.566284779 0.000000e+00
-121.157119476 0.000000e+00
-120.747954173 0.000000e+00
-120.338788871 0.000000e+00
-119.929623568 0.000000e+00
-119.520458265 0.000000e+00
-119.111292962 0.000000e+00
-118.70212766 0.000000e+00
-118.292962357 0.000000e+00
-117.883797054 0.000000e+00
-117.474631751 0.000000e+00
-117.065466448 0.000000e+00
-116.656301146 0.000000e+00
-116.247135843 0.000000e+00
-115.83797054 0.000000e+00
-115.428805237 0.000000e+00
-115.019639935 0.000000e+00
-114.610474632 0.000000e+00
-114.201309329 0.000000e+00
-113.792144026 0.000000e+00
-113.382978723 0.000000e+00
-112.973813421 0.000000e+00
-112.564648118 0.000000e+00
-112.155482815 0.000000e+00
-111.746317512 0.000000e+00
-111.337152209 0.000000e+00
-110.927986907 0.000000e+00
-110.518821604 0.000000e+00
-110.109656301 0.000000e+00
-109.700490998 0.000000e+00
-109.291325696 0.000000e+00
-108.882160393 0.000000e+00
-108.47299509 0.000000e+00
-108.063829787 0.000000e+00
-107.654664484 0.000000e+00
-107.245499182 0.000000e+00
-106.836333879 0.000000e+00
-106.427168576 0.000000e+00
-106.018003273 0.000000e+00
-105.608837971 0.000000e+00
-105.199672668 0.000000e+00
-104.790507365 0.000000e+00
-104.381342062 0.000000e+00
-103.972176759 0.000000e+00
-103.563011457 0.000000e+00
-103.153846154 0.000000e+00
-102.744680851 0.000000e+00
-102.335515548 0.000000e+00
-101.926350245 0.000000e+00
-101.517184943 0.000000e+00
-101.10801964 0.000000e+00
-100.698854337 0.000000e+00
-100.289689034 0.000000e+00
-99.8805237316 0.000000e+00
-99.4713584288 0.000000e+00
-99.062193126 0.000000e+00
-98.6530278232 0.000000e+00
-98.2438625205 0.000000e+00
-97.8346972177 0.000000e+00
-97.4255319149 0.000000e+00
-97.0163666121 0.000000e+00
-96.6072013093 0.000000e+00
-96.1980360065 0.000000e+00
-95.7888707038 0.000000e+00
-95.379705401 0.000000e+00
-94.9705400982 0.000000e+00
-94.5613747954 0.000000e+00
-94.1522094926 0.000000e+00
-93.7430441899 0.000000e+00
-93.3338788871 0.000000e+00
-92.9247135843 0.000000e+00
-92.5155482815 0.000000e+00
-92.1063829787 0.000000e+00
-91.6972176759 0.000000e+00
-91.2880523732 0.000000e+00
-90.8788870704 0.000000e+00
-90.4697217676 0.000000e+00
-90.0605564648 0.000000e+00
-89.651391162 0.000000e+00
-89.2422258592 0.000000e+00
-88.8330605565 0.000000e+00
-88.4238952537 0.000000e+00
-88.0147299509 0.000000e+00
-87.6055646481 0.000000e+00
-87.1963993453 0.000000e+00
-86.7872340426 0.000000e+00
-86.3780687398 0.000000e+00
-85.968903437 0.000000e+00
-85.5597381342 0.000000e+00
-85.1505728314 0.000000e+00
-84.7414075286 0.000000e+00
-84.3322422259 0.000000e+00
-83.9230769231 0.000000e+00
-83.5139116203 0.000000e+00
-83.1047463175 0.000000e+00
-82.6955810147 0.000000e+00
-82.2864157119 0.000000e+00
-81.8772504092 0.000000e+00
-81.4680851064 0.000000e+00
-81.0589198036 0.000000e+00
-80.6497545008 0.000000e+00
-80.240589198 0.000000e+00
-79.8314238953 0.000000e+00
-79.4222585925 0.000000e+00
-79.0130932897 0.000000e+00
-78.6039279869 0.000000e+00
-78.1947626841 0.000000e+00
-77.7855973813 0.000000e+00
-77.3764320786 0.000000e+00
-76.9672667758 0.000000e+00
-76.558101473 0.000000e+00
-76.1489361702 0.000000e+00
-75.7397708674 0.000000e+00
-75.3306055646 0.000000e+00
-74.9214402619 0.000000e+00
-74.5122749591 0.000000e+00
-74.1031096563 0.000000e+00
-73.6939443535 0.000000e+00
-73.2847790507 0.000000e+00
-72.875613748 0.000000e+00
-72.4664484452 0.000000e+00
-72.0572831424 0.000000e+00
-71.6481178396 0.000000e+00
-71.2389525368 0.000000e+00
-70.829787234 0.000000e+00
-70.4206219313 0.000000e+00
-70.0114566285 0.000000e+00
-69.6022913257 0.000000e+00
-69.1931260229 0.000000e+00
-68.7839607201 0.000000e+00
-68.3747954173 0.000000e+00
-67.9656301146 0.000000e+00
-67.5564648118 0.000000e+00
-67.147299509 0.000000e+00
-66.7381342062 0.000000e+00
-66.3289689034 0.000000e+00
-65.9198036007 0.000000e+00
-65.5106382979 0.000000e+00
-65.1014729951 0.000000e+00
-64.6923076923 0.000000e+00
-64.2831423895 0.000000e+00
-63.8739770867 0.000000e+00
-63.464811784 0.000000e+00
-63.0556464812 0.000000e+00
-62.6464811784 0.000000e+00
-62.2373158756 0.000000e+00
-61.8281505728 0.000000e+00
-61.41898527 0.000000e+00
-61.0098199673 0.000000e+00
-60.6006546645 0.000000e+00
-60.1914893617 0.000000e+00
-59.7823240589 0.000000e+00
-59.3731587561 0.000000e+00
-58.9639934534 0.000000e+00
-58.5548281506 0.000000e+00
-58.1456628478 0.000000e+00
-57.736497545 0.000000e+00
-57.3273322422 0.000000e+00
-56.9181669394 0.000000e+00
-56.5090016367 0.000000e+00
-56.0998363339 0.000000e+00
-55.6906710311 0.000000e+00
-55.2815057283 0.000000e+00
-54.8723404255 0.000000e+00
-54.4631751227 0.000000e+00
-54.05400982 0.000000e+00
-53.6448445172 0.000000e+00
-53.2356792144 0.000000e+00
-52.8265139116 0.000000e+00
-52.4173486088 0.000000e+00
-52.0081833061 0.000000e+00
-51.5990180033 0.000000e+00
-51.1898527005 0.000000e+00
-50.7806873977 0.000000e+00
-50.3715220949 0.000000e+00
-49.9623567921 0.000000e+00
-49.5531914894 0.000000e+00
-49.1440261866 0.000000e+00
-48.7348608838 0.000000e+00
-48.325695581 0.000000e+00
-47.9165302782 0.000000e+00
-47.5073649755 0.000000e+00
-47.0981996727 0.000000e+00
-46.6890343699 0.000000e+00
-46.2798690671 0.000000e+00
-45.8707037643 0.000000e+00
-45.4615384615 0.000000e+00
-45.0523731588 0.000000e+00
-44.643207856 0.000000e+00
-44.2340425532 0.000000e+00
-43.8248772504 0.000000e+00
-43.4157119476 0.000000e+00
-43.0065466448 0.000000e+00
-42.5973813421 0.000000e+00
-42.1882160393 0.000000e+00
-41.7790507365 0.000000e+00
-41.3698854337 0.000000e+00
-40.9607201309 0.000000e+00
-40.5515548282 0.000000e+00
-40.1423895254 0.000000e+00
-39.7332242226 0.000000e+00
-39.3240589198 0.000000e+00
-38.914893617 0.000000e+00
-38.5057283142 0.000000e+00
-38.0965630115 0.000000e+00
-37.6873977087 0.000000e+00
-37.2782324059 0.000000e+00
-36.8690671031 0.000000e+00
-36.4599018003 0.000000e+00
-36.0507364975 0.000000e+00
-35.6415711948 0.000000e+00
-35.232405892 0.000000e+00
-34.8232405892 0.000000e+00
-34.4140752864 0.000000e+00
-34.0049099836 0.000000e+00
-33.5957446809 0.000000e+00
-33.1865793781 0.000000e+00
-32.7774140753 0.000000e+00
-32.3682487725 0.000000e+00
-31.9590834697 0.000000e+00
-31.5499181669 0.000000e+00
-31.1407528642 0.000000e+00
-30.7315875614 0.000000e+00
-30.3224222586 0.000000e+00
-29.9132569558 0.000000e+00
-29.504091653 0.000000e+00
-29.0949263502 0.000000e+00
-28.6857610475 0.000000e+00
-28.2765957447 0.000000e+00
-27.8674304419 0.000000e+00
-27.4582651391 0.000000e+00
-27.0490998363 0.000000e+00
-26.6399345336 0.000000e+00
-26.2307692308 0.000000e+00
-25.821603928 0.000000e+00
-25.4124386252 0.000000e+00
-25.0032733224 0.000000e+00
-24.5941080196 0.000000e+00
-24.1849427169 0.000000e+00
-23.7757774141 0.000000e+00
-23.3666121113 0.000000e+00
-22.9574468085 0.000000e+00
-22.5482815057 0.000000e+00
-22.1391162029 0.000000e+00
-21.7299509002 0.000000e+00
-21.3207855974 0.000000e+00
-20.9116202946 0.000000e+00
-20.5024549918 0.000000e+00
-20.093289689 0.000000e+00
-19.6841243863 0.000000e+00
-19.2749590835 0.000000e+00
-18.8657937807 0.000000e+00
-18.4566284779 0.000000e+00
-18.0474631751 0.000000e+00
-17.6382978723 0.000000e+00
-17.2291325696 0.000000e+00
-16.8199672668 0.000000e+00
-16.410801964 0.000000e+00
-16.0016366612 0.000000e+00
-15.5924713584 0.000000e+00
-15.1833060556 0.000000e+00
-14.7741407529 0.000000e+00
-14.3649754501 0.000000e+00
-13.9558101473 0.000000e+00
-13.5466448445 0.000000e+00
-13.1374795417 0.000000e+00
-12.728314239 0.000000e+00
-12.3191489362 0.000000e+00
-11.9099836334 0.000000e+00
-11.5008183306 0.000000e+00
-11.0916530278 0.000000e+00
-10.682487725 0.000000e+00
-10.2733224223 0.000000e+00
-9.86415711948 0.000000e+00
-9.45499181669 0.000000e+00
-9.04582651391 0.000000e+00
-8.63666121113 0.000000e+00
-8.22749590835 0.000000e+00
-7.81833060556 0.000000e+00
-7.40916530278 0.000000e+00
-7.0 0.000000e+00
-6.59083469722 0.000000e+00
-6.18166939444 0.000000e+00
-5.77250409165 0.000000e+00
-5.36333878887 0.000000e+00
-4.95417348609 0.000000e+00
-4.54500818331 0.000000e+00
-4.13584288052 0.000000e+00
-3.72667757774 0.000000e+00
-3.31751227496 0.000000e+00
-2.90834697218 0.000000e+00
-2.49918166939 0.000000e+00
-2.09001636661 0.000000e+00
-1.68085106383 0.000000e+00
-1.27168576105 0.000000e+00
-0.862520458265 0.000000e+00
-0.453355155483 0.000000e+00
-0.0441898527005 3.123447e-01
0.364975450082 6.222481e-01
0.774140752864 2.087347e-01
1.18330605565 0.000000e+00
1.59247135843 0.000000e+00
2.00163666121 0.000000e+00
2.41080196399 0.000000e+00
2.81996726678 0.000000e+00
3.22913256956 0.000000e+00
3.63829787234 0.000000e+00
4.04746317512 0.000000e+00
4.45662847791 0.000000e+00
4.86579378069 0.000000e+00
5.27495908347 0.000000e+00
5.68412438625 0.000000e+00
6.09328968903 0.000000e+00
6.50245499182 0.000000e+00
6.9116202946 0.000000e+00
7.32078559738 0.000000e+00
7.72995090016 0.000000e+00
8.13911620295 0.000000e+00
8.54828150573 0.000000e+00
8.95744680851 0.000000e+00
9.36661211129 0.000000e+00
9.77577741408 2.509542e-01
10.1849427169 5.016109e-01
10.5941080196 7.880842e-01
11.0032733224 6.570433e-01
11.4124386252 5.094615e-01
11.821603928 1.000000e+00
12.2307692308 0.000000e+00
12.6399345336 0.000000e+00
13.0490998363 0.000000e+00
14.0490998363 0.0
15.0490998363 0.0
16.0490998363 0.0
17.0490998363 0.0
18.0490998363 0.0
19.0490998363 0.0
20.0490998363 0.0
21.0490998363 0.0
22.0490998363 0.0
23.0490998363 0.0
24.0490998363 0.0
25.0490998363 0.0
26.0490998363 0.0
27.0490998363 0.0
28.0490998363 0.0
29.0490998363 0.0
30.0490998363 0.0
31.0490998363 0.0
32.0490998363 0.0
33.0490998363 0.0
34.0490998363 0.0
35.0490998363 0.0
36.0490998363 0.0
37.0490998363 0.0
38.0490998363 0.0
39.0490998363 0.0
40.0490998363 0.0
41.0490998363 0.0
42.0490998363 0.0
43.0490998363 0.0
44.0490998363 0.0
45.0490998363 0.0
46.0490998363 0.0
47.0490998363 0.0
48.0490998363 0.0
49.0490998363 0.0
50.0490998363 0.0
51.0490998363 0.0
52.0490998363 0.0
53.0490998363 0.0
54.0490998363 0.0
55.0490998363 0.0
56.0490998363 0.0
57.0490998363 0.0
58.0490998363 0.0
59.0490998363 0.0
60.0490998363 0.0
61.0490998363 0.0
62.0490998363 0.0
63.0490998363 0.0
64.0490998363 0.0
65.0490998363 0.0
66.0490998363 0.0
67.0490998363 0.0
68.0490998363 0.0
69.0490998363 0.0
70.0490998363 0.0
71.0490998363 0.0
72.0490998363 0.0
73.0490998363 0.0
74.0490998363 0.0
75.0490998363 0.0
76.0490998363 0.0
77.0490998363 0.0
78.0490998363 0.0
79.0490998363 0.0
80.0490998363 0.0
81.0490998363 0.0
82.0490998363 0.0
83.0490998363 0.0
84.0490998363 0.0
85.0490998363 0.0
86.0490998363 0.0
87.0490998363 0.0
88.0490998363 0.0
89.0490998363 0.0
90.0490998363 0.0
91.0490998363 0.0
92.0490998363 0.0
93.0490998363 0.0
94.0490998363 0.0
95.0490998363 0.0
96.0490998363 0.0
97.0490998363 0.0
98.0490998363 0.0
99.0490998363 0.0
100.049099836 0.0
101.049099836 0.0
102.049099836 0.0
103.049099836 0.0
104.049099836 0.0
105.049099836 0.0
106.049099836 0.0
107.049099836 0.0
108.049099836 0.0
109.049099836 0.0
110.049099836 0.0
111.049099836 0.0
112.049099836 0.0
113.049099836 0.0
114.049099836 0.0
115.049099836 0.0
116.049099836 0.0
117.049099836 0.0
118.049099836 0.0
119.049099836 0.0
120.049099836 0.0
121.049099836 0.0
122.049099836 0.0
123.049099836 0.0
124.049099836 0.0
125.049099836 0.0
126.049099836 0.0
127.049099836 0.0
128.049099836 0.0
129.049099836 0.0
130.049099836 0.0
131.049099836 0.0
132.049099836 0.0
133.049099836 0.0
134.049099836 0.0
135.049099836 0.0
136.049099836 0.0
137.049099836 0.0
138.049099836 0.0
139.049099836 0.0
140.049099836 0.0
141.049099836 0.0
142.049099836 0.0
143.049099836 0.0
144.049099836 0.0
145.049099836 0.0
146.049099836 0.0
147.049099836 0.0
148.049099836 0.0
149.049099836 0.0
150.049099836 0.0
151.049099836 0.0
152.049099836 0.0
153.049099836 0.0
154.049099836 0.0
155.049099836 0.0
156.049099836 0.0
157.049099836 0.0
158.049099836 0.0
159.049099836 0.0
160.049099836 0.0
161.049099836 0.0
162.049099836 0.0
163.049099836 0.0
164.049099836 0.0
165.049099836 0.0
166.049099836 0.0
167.049099836 0.0
168.049099836 0.0
169.049099836 0.0
170.049099836 0.0
171.049099836 0.0
172.049099836 0.0
173.049099836 0.0
174.049099836 0.0
175.049099836 0.0
176.049099836 0.0
177.049099836 0.0
178.049099836 0.0
179.049099836 0.0
180.049099836 0.0
181.049099836 0.0
182.049099836 0.0
183.049099836 0.0
184.049099836 0.0
185.049099836 0.0
186.049099836 0.0
187.049099836 0.0
188.049099836 0.0
189.049099836 0.0
190.049099836 0.0
191.049099836 0.0
192.049099836 0.0
193.049099836 0.0
194.049099836 0.0
195.049099836 0.0
196.049099836 0.0
197.049099836 0.0
198.049099836 0.0
199.049099836 0.0
200.049099836 0.0
201.049099836 0.0
202.049099836 0.0
203.049099836 0.0
204.049099836 0.0
205.049099836 0.0
206.049099836 0.0
207.049099836 0.0
208.049099836 0.0
209.049099836 0.0
210.049099836 0.0
211.049099836 0.0
212.049099836 0.0
213.049099836 0.0
214.049099836 0.0
215.049099836 0.0
216.049099836 0.0
217.049099836 0.0
218.049099836 0.0
219.049099836 0.0
220.049099836 0.0
221.049099836 0.0
222.049099836 0.0
223.049099836 0.0
224.049099836 0.0
225.049099836 0.0
226.049099836 0.0
227.049099836 0.0
228.049099836 0.0
229.049099836 0.0
230.049099836 0.0
231.049099836 0.0
232.049099836 0.0
233.049099836 0.0
234.049099836 0.0
235.049099836 0.0
236.049099836 0.0
237.049099836 0.0
238.049099836 0.0
239.049099836 0.0
240.049099836 0.0
241.049099836 0.0
242.049099836 0.0
243.049099836 0.0
244.049099836 0.0
245.049099836 0.0
246.049099836 0.0
247.049099836 0.0
248.049099836 0.0
249.049099836 0.0
250.049099836 0.0
251.049099836 0.0
252.049099836 0.0
253.049099836 0.0
254.049099836 0.0
255.049099836 0.0
256.049099836 0.0
257.049099836 0.0
258.049099836 0.0
259.049099836 0.0
260.049099836 0.0
261.049099836 0.0
262.049099836 0.0
263.049099836 0.0
264.049099836 0.0
265.049099836 0.0
266.049099836 0.0
267.049099836 0.0
268.049099836 0.0
269.049099836 0.0
270.049099836 0.0
271.049099836 0.0
272.049099836 0.0
273.049099836 0.0
274.049099836 0.0
275.049099836 0.0
276.049099836 0.0
277.049099836 0.0
278.049099836 0.0
279.049099836 0.0
280.049099836 0.0
281.049099836 0.0
282.049099836 0.0
283.049099836 0.0
284.049099836 0.0
285.049099836 0.0
286.049099836 0.0
287.049099836 0.0
288.049099836 0.0
289.049099836 0.0
290.049099836 0.0
291.049099836 0.0
292.049099836 0.0
293.049099836 0.0
294.049099836 0.0
295.049099836 0.0
296.049099836 0.0
297.049099836 0.0
298.049099836 0.0
299.049099836 0.0
300.049099836 0.0
301.049099836 0.0
302.049099836 0.0
303.049099836 0.0
304.049099836 0.0
305.049099836 0.0
306.049099836 0.0
307.049099836 0.0
308.049099836 0.0
309.049099836 0.0
310.049099836 0.0
311.049099836 0.0
312.049099836 0.0
313.049099836 0.0
314.049099836 0.0
315.049099836 0.0
316.049099836 0.0
317.049099836 0.0
318.049099836 0.0
319.049099836 0.0
320.049099836 0.0
321.049099836 0.0
322.049099836 0.0
323.049099836 0.0
324.049099836 0.0
325.049099836 0.0
326.049099836 0.0
327.049099836 0.0
328.049099836 0.0
329.049099836 0.0
330.049099836 0.0
331.049099836 0.0
332.049099836 0.0
333.049099836 0.0
334.049099836 0.0
335.049099836 0.0
336.049099836 0.0
337.049099836 0.0
338.049099836 0.0
339.049099836 0.0
340.049099836 0.0
341.049099836 0.0
342.049099836 0.0
343.049099836 0.0
344.049099836 0.0
345.049099836 0.0
346.049099836 0.0
347.049099836 0.0
348.049099836 0.0
349.049099836 0.0
350.049099836 0.0
351.049099836 0.0
352.049099836 0.0
353.049099836 0.0
354.049099836 0.0
355.049099836 0.0
356.049099836 0.0
357.049099836 0.0
358.049099836 0.0
359.049099836 0.0
360.049099836 0.0
361.049099836 0.0
362.049099836 0.0
363.049099836 0.0
364.049099836 0.0
365.049099836 0.0
366.049099836 0.0
367.049099836 0.0
368.049099836 0.0
369.049099836 0.0
370.049099836 0.0
371.049099836 0.0
372.049099836 0.0
373.049099836 0.0
374.049099836 0.0
375.049099836 0.0
376.049099836 0.0
377.049099836 0.0
378.049099836 0.0
379.049099836 0.0
380.049099836 0.0
381.049099836 0.0
382.049099836 0.0
383.049099836 0.0
384.049099836 0.0
385.049099836 0.0
386.049099836 0.0
387.049099836 0.0
388.049099836 0.0
389.049099836 0.0
390.049099836 0.0
391.049099836 0.0
392.049099836 0.0
393.049099836 0.0
394.049099836 0.0
395.049099836 0.0
396.049099836 0.0
397.049099836 0.0
398.049099836 0.0
399.049099836 0.0
400.049099836 0.0
401.049099836 0.0
402.049099836 0.0
403.049099836 0.0
404.049099836 0.0
405.049099836 0.0
406.049099836 0.0
407.049099836 0.0
408.049099836 0.0
409.049099836 0.0
410.049099836 0.0
411.049099836 0.0
412.049099836 0.0
413.049099836 0.0
414.049099836 0.0
415.049099836 0.0
416.049099836 0.0
417.049099836 0.0
418.049099836 0.0
419.049099836 0.0
420.049099836 0.0
421.049099836 0.0
422.049099836 0.0
423.049099836 0.0
424.049099836 0.0
425.049099836 0.0
426.049099836 0.0
427.049099836 0.0
428.049099836 0.0
429.049099836 0.0
430.049099836 0.0
431.049099836 0.0
432.049099836 0.0
433.049099836 0.0
434.049099836 0.0
435.049099836 0.0
436.049099836 0.0
437.049099836 0.0
438.049099836 0.0
439.049099836 0.0
440.049099836 0.0
441.049099836 0.0
442.049099836 0.0
443.049099836 0.0
444.049099836 0.0
445.049099836 0.0
446.049099836 0.0
447.049099836 0.0
448.049099836 0.0
449.049099836 0.0
450.049099836 0.0
451.049099836 0.0
452.049099836 0.0
453.049099836 0.0
454.049099836 0.0
455.049099836 0.0
456.049099836 0.0
457.049099836 0.0
458.049099836 0.0
459.049099836 0.0
460.049099836 0.0
461.049099836 0.0
462.049099836 0.0
463.049099836 0.0
464.049099836 0.0
465.049099836 0.0
466.049099836 0.0
467.049099836 0.0
468.049099836 0.0
469.049099836 0.0
470.049099836 0.0
471.049099836 0.0
472.049099836 0.0
473.049099836 0.0
474.049099836 0.0
475.049099836 0.0
476.049099836 0.0
477.049099836 0.0
478.049099836 0.0
479.049099836 0.0
480.049099836 0.0
481.049099836 0.0
482.049099836 0.0
483.049099836 0.0
484.049099836 0.0
485.049099836 0.0
486.049099836 0.0
487.049099836 0.0
488.049099836 0.0
489.049099836 0.0
490.049099836 0.0
491.049099836 0.0
492.049099836 0.0
493.049099836 0.0
494.049099836 0.0
495.049099836 0.0
496.049099836 0.0
497.049099836 0.0
498.049099836 0.0
499.049099836 0.0
500.049099836 0.0
501.049099836 0.0
502.049099836 0.0
503.049099836 0.0
504.049099836 0.0
505.049099836 0.0
506.049099836 0.0
507.049099836 0.0
508.049099836 0.0
509.049099836 0.0
510.049099836 0.0
511.049099836 0.0
512.049099836 0.0
513.049099836 0.0
