-681.188286544 0.0
-680.188286544 0.0
-679.188286544 0.0
-678.188286544 0.0
-677.188286544 0.0
-676.188286544 0.0
-675.188286544 0.0
-674.188286544 0.0
-673.188286544 0.0
-672.188286544 0.0
-671.188286544 0.0
-670.188286544 0.0
-669.188286544 0.0
-668.188286544 0.0
-667.188286544 0.0
-666.188286544 0.0
-665.188286544 0.0
-664.188286544 0.0
-663.188286544 0.0
-662.188286544 0.0
-661.188286544 0.0
-660.188286544 0.0
-659.188286544 0.0
-658.188286544 0.0
-657.188286544 0.0
-656.188286544 0.0
-655.188286544 0.0
-654.188286544 0.0
-653.188286544 0.0
-652.188286544 0.0
-651.188286544 0.0
-650.188286544 0.0
-649.188286544 0.0
-648.188286544 0.0
-647.188286544 0.0
-646.188286544 0.0
-645.188286544 0.0
-644.188286544 0.0
-643.188286544 0.0
-642.188286544 0.0
-641.188286544 0.0
-640.188286544 0.0
-639.188286544 0.0
-638.188286544 0.0
-637.188286544 0.0
-636.188286544 0.0
-635.188286544 0.0
-634.188286544 0.0
-633.188286544 0.0
-632.188286544 0.0
-631.188286544 0.0
-630.188286544 0.0
-629.188286544 0.0
-628.188286544 0.0
-627.188286544 0.0
-626.188286544 0.0
-625.188286544 0.0
-624.188286544 0.0
-623.188286544 0.0
-622.188286544 0.0
-621.188286544 0.0
-620.188286544 0.0
-619.188286544 0.0
-618.188286544 0.0
-617.188286544 0.0
-616.188286544 0.0
-615.188286544 0.0
-614.188286544 0.0
-613.188286544 0.0
-612.188286544 0.0
-611.188286544 0.0
-610.188286544 0.0
-609.188286544 0.0
-608.188286544 0.0
-607.188286544 0.0
-606.188286544 0.0
-605.188286544 0.0
-604.188286544 0.0
-603.188286544 0.0
-602.188286544 0.0
-601.188286544 0.0
-600.188286544 0.0
-599.188286544 0.0
-598.188286544 0.0
-597.188286544 0.0
-596.188286544 0.0
-595.188286544 0.0
-594.188286544 0.0
-593.188286544 0.0
-592.188286544 0.0
-591.188286544 0.0
-590.188286544 0.0
-589.188286544 0.0
-588.188286544 0.0
-587.188286544 0.0
-586.188286544 0.0
-585.188286544 0.0
-584.188286544 0.0
-583.188286544 0.0
-582.188286544 0.0
-581.188286544 0.0
-580.188286544 0.0
-579.188286544 0.0
-578.188286544 0.0
-577.188286544 0.0
-576.188286544 0.0
-575.188286544 0.0
-574.188286544 0.0
-573.188286544 0.0
-572.188286544 0.0
-571.188286544 0.0
-570.188286544 0.0
-569.188286544 0.0
-568.188286544 0.0
-567.188286544 0.0
-566.188286544 0.0
-565.188286544 0.0
-564.188286544 0.0
-563.188286544 0.0
-562.188286544 0.0
-561.188286544 0.0
-560.188286544 0.0
-559.188286544 0.0
-558.188286544 0.0
-557.188286544 0.0
-556.188286544 0.0
-555.188286544 0.0
-554.188286544 0.0
-553.188286544 0.0
-552.188286544 0.0
-551.188286544 0.0
-550.188286544 0.0
-549.188286544 0.0
-548.188286544 0.0
-547.188286544 0.0
-546.188286544 0.0
-545.188286544 0.0
-544.188286544 0.0
-543.188286544 0.0
-542.188286544 0.0
-541.188286544 0.0
-540.188286544 0.0
-539.188286544 0.0
-538.188286544 0.0
-537.188286544 0.0
-536.188286544 0.0
-535.188286544 0.0
-534.188286544 0.0
-533.188286544 0.0
-532.188286544 0.0
-531.188286544 0.0
-530.188286544 0.0
-529.188286544 0.0
-528.188286544 0.0
-527.188286544 0.0
-526.188286544 0.0
-525.188286544 0.0
-524.188286544 0.0
-523.188286544 0.0
-522.188286544 0.0
-521.188286544 0.0
-520.188286544 0.0
-519.188286544 0.0
-518.188286544 0.0
-517.188286544 0.0
-516.188286544 0.0
-515.188286544 0.0
-514.188286544 0.0
-513.188286544 0.0
-512.188286544 0.0
-511.188286544 0.0
-510.188286544 0.0
-509.188286544 0.0
-508.188286544 0.0
-507.188286544 0.0
-506.188286544 0.0
-505.188286544 0.0
-504.188286544 0.0
-503.188286544 0.0
-502.188286544 0.0
-501.188286544 0.0
-500.188286544 0.0
-499.188286544 0.0
-498.188286544 0.0
-497.188286544 0.0
-496.188286544 0.0
-495.188286544 0.0
-494.188286544 0.0
-493.188286544 0.0
-492.188286544 0.0
-491.188286544 0.0
-490.188286544 0.0
-489.188286544 0.0
-488.188286544 0.0
-487.188286544 0.0
-486.188286544 0.0
-485.188286544 0.0
-484.188286544 0.0
-483.188286544 0.0
-482.188286544 0.0
-481.188286544 0.0
-480.188286544 0.0
-479.188286544 0.0
-478.188286544 0.0
-477.188286544 0.0
-476.188286544 0.0
-475.188286544 0.0
-474.188286544 0.0
-473.188286544 0.0
-472.188286544 0.0
-471.188286544 0.0
-470.188286544 0.0
-469.188286544 0.0
-468.188286544 0.0
-467.188286544 0.0
-466.188286544 0.0
-465.188286544 0.0
-464.188286544 0.0
-463.188286544 0.0
-462.188286544 0.0
-461.188286544 0.0
-460.188286544 0.0
-459.188286544 0.0
-458.188286544 0.0
-457.188286544 0.0
-456.188286544 0.0
-455.188286544 0.0
-454.188286544 0.0
-453.188286544 0.0
-452.188286544 0.0
-451.188286544 0.0
-450.188286544 0.0
-449.188286544 0.0
-448.188286544 0.0
-447.188286544 0.0
-446.188286544 0.0
-445.188286544 0.0
-444.188286544 0.0
-443.188286544 0.0
-442.188286544 0.0
-441.188286544 0.0
-440.188286544 0.0
-439.188286544 0.0
-438.188286544 0.0
-437.188286544 0.0
-436.188286544 0.0
-435.188286544 0.0
-434.188286544 0.0
-433.188286544 0.0
-432.188286544 0.0
-431.188286544 0.0
-430.188286544 0.0
-429.188286544 0.0
-428.188286544 0.0
-427.188286544 0.0
-426.188286544 0.0
-425.188286544 0.0
-424.188286544 0.0
-423.188286544 0.0
-422.188286544 0.0
-421.188286544 0.0
-420.188286544 0.0
-419.188286544 0.0
-418.188286544 0.0
-417.188286544 0.0
-416.188286544 0.0
-415.188286544 0.0
-414.188286544 0.0
-413.188286544 0.0
-412.188286544 0.0
-411.188286544 0.0
-410.188286544 0.0
-409.188286544 0.0
-408.188286544 0.0
-407.188286544 0.0
-406.188286544 0.0
-405.188286544 0.0
-404.188286544 0.0
-403.188286544 0.0
-402.188286544 0.0
-401.188286544 0.0
-400.188286544 0.0
-399.188286544 0.0
-398.188286544 0.0
-397.188286544 0.0
-396.188286544 0.0
-395.188286544 0.0
-394.188286544 0.0
-393.188286544 0.0
-392.188286544 0.0
-391.188286544 0.0
-390.188286544 0.0
-389.188286544 0.0
-388.188286544 0.0
-387.188286544 0.0
-386.188286544 0.0
-385.188286544 0.0
-384.188286544 0.0
-383.188286544 0.0
-382.188286544 0.0
-381.188286544 0.0
-380.188286544 0.0
-379.188286544 0.0
-378.188286544 0.0
-377.188286544 0.0
-376.188286544 0.0
-375.188286544 0.0
-374.188286544 0.0
-373.188286544 0.0
-372.188286544 0.0
-371.188286544 0.0
-370.188286544 0.0
-369.188286544 0.0
-368.188286544 0.0
-367.188286544 0.0
-366.188286544 0.0
-365.188286544 0.0
-364.188286544 0.0
-363.188286544 0.0
-362.188286544 0.0
-361.188286544 0.0
-360.188286544 0.0
-359.188286544 0.0
-358.188286544 0.0
-357.188286544 0.0
-356.188286544 0.0
-355.188286544 0.0
-354.188286544 0.0
-353.188286544 0.0
-352.188286544 0.0
-351.188286544 0.0
-350.188286544 0.0
-349.188286544 0.0
-348.188286544 0.0
-347.188286544 0.0
-346.188286544 0.0
-345.188286544 0.0
-344.188286544 0.0
-343.188286544 0.0
-342.188286544 0.0
-341.188286544 0.0
-340.188286544 0.0
-339.188286544 0.0
-338.188286544 0.0
-337.188286544 0.0
-336.188286544 0.0
-335.188286544 0.0
-334.188286544 0.0
-333.188286544 0.0
-332.188286544 0.0
-331.188286544 0.0
-330.188286544 0.0
-329.188286544 0.0
-328.188286544 0.0
-327.188286544 0.0
-326.188286544 0.0
-325.188286544 0.0
-324.188286544 0.0
-323.188286544 0.0
-322.188286544 0.0
-321.188286544 0.0
-320.188286544 0.0
-319.188286544 0.0
-318.188286544 0.0
-317.188286544 0.0
-316.188286544 0.0
-315.188286544 0.0
-314.188286544 0.0
-313.188286544 0.0
-312.188286544 0.0
-311.188286544 0.0
-310.188286544 0.0
-309.188286544 0.0
-308.188286544 0.0
-307.188286544 0.0
-306.188286544 0.0
-305.188286544 0.0
-304.188286544 0.0
-303.188286544 0.0
-302.188286544 0.0
-301.188286544 0.0
-300.188286544 0.0
-299.188286544 0.0
-298.188286544 0.0
-297.188286544 0.0
-296.188286544 0.0
-295.188286544 0.0
-294.188286544 0.0
-293.188286544 0.0
-292.188286544 0.0
-291.188286544 0.0
-290.188286544 0.0
-289.188286544 0.0
-288.188286544 0.0
-287.188286544 0.0
-286.188286544 0.0
-285.188286544 0.0
-284.188286544 0.0
-283.188286544 0.0
-282.188286544 0.0
-281.188286544 0.0
-280.188286544 0.0
-279.188286544 0.0
-278.188286544 0.0
-277.188286544 0.0
-276.188286544 0.0
-275.188286544 0.0
-274.188286544 0.0
-273.188286544 0.0
-272.188286544 0.0
-271.188286544 0.0
-270.188286544 0.0
-269.188286544 0.0
-268.188286544 0.0
-267.188286544 0.0
-266.188286544 0.0
-265.188286544 0.0
-264.188286544 0.0
-263.188286544 0.0
-262.188286544 0.0
-261.188286544 0.0
-260.188286544 0.0
-259.188286544 0.0
-258.188286544 0.0
-257.188286544 0.0
-256.188286544 0.0
-255.188286544 0.0
-254.188286544 0.0
-253.188286544 0.0
-252.188286544 0.0
-251.188286544 0.0
-250.188286544 0.0
-249.188286544 0.0
-248.188286544 0.0
-247.188286544 0.0
-246.188286544 0.0
-245.188286544 0.0
-244.188286544 0.0
-243.188286544 0.0
-242.188286544 0.0
-241.188286544 0.0
-240.188286544 0.0
-239.188286544 0.0
-238.188286544 0.0
-237.188286544 0.0
-236.188286544 0.0
-235.188286544 0.0
-234.188286544 0.0
-233.188286544 0.0
-232.188286544 0.0
-231.188286544 0.0
-230.188286544 0.0
-229.188286544 0.0
-228.188286544 0.0
-227.188286544 0.0
-226.188286544 0.0
-225.188286544 0.0
-224.188286544 0.0
-223.188286544 0.0
-222.188286544 0.0
-221.188286544 0.0
-220.188286544 0.0
-219.188286544 0.0
-218.188286544 0.0
-217.188286544 0.0
-216.188286544 0.0
-215.188286544 0.0
-214.188286544 0.0
-213.188286544 0.0
-212.188286544 0.0
-211.188286544 0.0
-210.188286544 0.0
-209.188286544 0.0
-208.188286544 0.0
-207.188286544 0.0
-206.188286544 0.0
-205.188286544 0.0
-204.188286544 0.0
-203.188286544 0.0
-202.188286544 0.0
-201.188286544 0.0
-200.188286544 0.0
-199.188286544 0.0
-198.188286544 0.0
-197.188286544 0.0
-196.188286544 0.0
-195.188286544 0.0
-194.188286544 0.0
-193.188286544 0.0
-192.188286544 0.0
-191.188286544 0.0
-190.188286544 0.0
-189.188286544 0.0
-188.188286544 0.0
-187.188286544 0.0
-186.188286544 0.0
-185.188286544 0.0
-184.188286544 0.0
-183.188286544 0.0
-182.188286544 0.0
-181.188286544 0.000000e+00
-180.583252662 0.000000e+00
-179.97821878 0.000000e+00
-179.373184898 0.000000e+00
-178.768151016 0.000000e+00
-178.163117135 0.000000e+00
-177.558083253 0.000000e+00
-176.953049371 0.000000e+00
-176.348015489 0.000000e+00
-175.742981607 0.000000e+00
-175.137947725 0.000000e+00
-174.532913843 0.000000e+00
-173.927879961 0.000000e+00
-173.322846079 0.000000e+00
-172.717812197 0.000000e+00
-172.112778316 0.000000e+00
-171.507744434 0.000000e+00
-170.902710552 0.000000e+00
-170.29767667 0.000000e+00
-169.692642788 0.000000e+00
-169.087608906 0.000000e+00
-168.482575024 0.000000e+00
-167.877541142 0.000000e+00
-167.27250726 0.000000e+00
-166.667473379 0.000000e+00
-166.062439497 0.000000e+00
-165.457405615 0.000000e+00
-164.852371733 0.000000e+00
-164.247337851 0.000000e+00
-163.642303969 0.000000e+00
-163.037270087 0.000000e+00
-162.432236205 0.000000e+00
-161.827202323 0.000000e+00
-161.222168441 0.000000e+00
-160.61713456 0.000000e+00
-160.012100678 0.000000e+00
-159.407066796 0.000000e+00
-158.802032914 0.000000e+00
-158.196999032 0.000000e+00
-157.59196515 0.000000e+00
-156.986931268 0.000000e+00
-156.381897386 0.000000e+00
-155.776863504 0.000000e+00
-155.171829622 0.000000e+00
-154.566795741 0.000000e+00
-153.961761859 0.000000e+00
-153.356727977 0.000000e+00
-152.751694095 0.000000e+00
-152.146660213 0.000000e+00
-151.541626331 0.000000e+00
-150.936592449 0.000000e+00
-150.331558567 0.000000e+00
-149.726524685 0.000000e+00
-149.121490803 0.000000e+00
-148.516456922 0.000000e+00
-147.91142304 0.000000e+00
-147.306389158 0.000000e+00
-146.701355276 0.000000e+00
-146.096321394 0.000000e+00
-145.491287512 0.000000e+00
-144.88625363 0.000000e+00
-144.281219748 0.000000e+00
-143.676185866 0.000000e+00
-143.071151985 0.000000e+00
-142.466118103 0.000000e+00
-141.861084221 0.000000e+00
-141.256050339 0.000000e+00
-140.651016457 0.000000e+00
-140.045982575 0.000000e+00
-139.440948693 0.000000e+00
-138.835914811 0.000000e+00
-138.230880929 0.000000e+00
-137.625847047 0.000000e+00
-137.020813166 0.000000e+00
-136.415779284 0.000000e+00
-135.810745402 0.000000e+00
-135.20571152 0.000000e+00
-134.600677638 0.000000e+00
-133.995643756 0.000000e+00
-133.390609874 0.000000e+00
-132.785575992 0.000000e+00
-132.18054211 0.000000e+00
-131.575508228 0.000000e+00
-130.970474347 0.000000e+00
-130.365440465 0.000000e+00
-129.760406583 0.000000e+00
-129.155372701 0.000000e+00
-128.550338819 0.000000e+00
-127.945304937 0.000000e+00
-127.340271055 0.000000e+00
-126.735237173 0.000000e+00
-126.130203291 0.000000e+00
-125.525169409 0.000000e+00
-124.920135528 0.000000e+00
-124.315101646 0.000000e+00
-123.710067764 0.000000e+00
-123.105033882 0.000000e+00
-122.5 0.000000e+00
-121.894966118 0.000000e+00
-121.289932236 0.000000e+00
-120.684898354 0.000000e+00
-120.079864472 0.000000e+00
-119.474830591 0.000000e+00
-118.869796709 0.000000e+00
-118.264762827 0.000000e+00
-117.659728945 0.000000e+00
-117.054695063 0.000000e+00
-116.449661181 0.000000e+00
-115.844627299 0.000000e+00
-115.239593417 0.000000e+00
-114.634559535 0.000000e+00
-114.029525653 0.000000e+00
-113.424491772 0.000000e+00
-112.81945789 0.000000e+00
-112.214424008 0.000000e+00
-111.609390126 0.000000e+00
-111.004356244 0.000000e+00
-110.399322362 0.000000e+00
-109.79428848 0.000000e+00
-109.189254598 0.000000e+00
-108.584220716 0.000000e+00
-107.979186834 0.000000e+00
-107.374152953 0.000000e+00
-106.769119071 0.000000e+00
-106.164085189 0.000000e+00
-105.559051307 0.000000e+00
-104.954017425 0.000000e+00
-104.348983543 0.000000e+00
-103.743949661 0.000000e+00
-103.138915779 0.000000e+00
-102.533881897 0.000000e+00
-101.928848015 0.000000e+00
-101.323814134 0.000000e+00
-100.718780252 0.000000e+00
-100.11374637 0.000000e+00
-99.5087124879 0.000000e+00
-98.903678606 0.000000e+00
-98.2986447241 0.000000e+00
-97.6936108422 0.000000e+00
-97.0885769603 0.000000e+00
-96.4835430784 0.000000e+00
-95.8785091965 0.000000e+00
-95.2734753146 0.000000e+00
-94.6684414327 0.000000e+00
-94.0634075508 0.000000e+00
-93.4583736689 0.000000e+00
-92.853339787 0.000000e+00
-92.2483059051 0.000000e+00
-91.6432720232 0.000000e+00
-91.0382381413 0.000000e+00
-90.4332042594 0.000000e+00
-89.8281703775 0.000000e+00
-89.2231364956 0.000000e+00
-88.6181026137 0.000000e+00
-88.0130687318 0.000000e+00
-87.40803485 0.000000e+00
-86.8030009681 0.000000e+00
-86.1979670862 0.000000e+00
-85.5929332043 0.000000e+00
-84.9878993224 0.000000e+00
-84.3828654405 0.000000e+00
-83.7778315586 0.000000e+00
-83.1727976767 0.000000e+00
-82.5677637948 0.000000e+00
-81.9627299129 0.000000e+00
-81.357696031 0.000000e+00
-80.7526621491 0.000000e+00
-80.1476282672 0.000000e+00
-79.5425943853 0.000000e+00
-78.9375605034 0.000000e+00
-78.3325266215 0.000000e+00
-77.7274927396 0.000000e+00
-77.1224588577 0.000000e+00
-76.5174249758 0.000000e+00
-75.9123910939 0.000000e+00
-75.307357212 0.000000e+00
-74.7023233301 0.000000e+00
-74.0972894482 0.000000e+00
-73.4922555663 0.000000e+00
-72.8872216844 0.000000e+00
-72.2821878025 0.000000e+00
-71.6771539206 0.000000e+00
-71.0721200387 0.000000e+00
-70.4670861568 0.000000e+00
-69.8620522749 0.000000e+00
-69.257018393 0.000000e+00
-68.6519845111 0.000000e+00
-68.0469506292 0.000000e+00
-67.4419167473 0.000000e+00
-66.8368828654 0.000000e+00
-66.2318489835 0.000000e+00
-65.6268151016 0.000000e+00
-65.0217812197 0.000000e+00
-64.4167473379 0.000000e+00
-63.811713456 0.000000e+00
-63.2066795741 0.000000e+00
-62.6016456922 0.000000e+00
-61.9966118103 0.000000e+00
-61.3915779284 0.000000e+00
-60.7865440465 0.000000e+00
-60.1815101646 0.000000e+00
-59.5764762827 0.000000e+00
-58.9714424008 0.000000e+00
-58.3664085189 0.000000e+00
-57.761374637 0.000000e+00
-57.1563407551 0.000000e+00
-56.5513068732 0.000000e+00
-55.9462729913 0.000000e+00
-55.3412391094 0.000000e+00
-54.7362052275 0.000000e+00
-54.1311713456 0.000000e+00
-53.5261374637 0.000000e+00
-52.9211035818 0.000000e+00
-52.3160696999 0.000000e+00
-51.711035818 0.000000e+00
-51.1060019361 0.000000e+00
-50.5009680542 0.000000e+00
-49.8959341723 0.000000e+00
-49.2909002904 0.000000e+00
-48.6858664085 0.000000e+00
-48.0808325266 0.000000e+00
-47.4757986447 0.000000e+00
-46.8707647628 0.000000e+00
-46.2657308809 0.000000e+00
-45.660696999 0.000000e+00
-45.0556631171 0.000000e+00
-44.4506292352 0.000000e+00
-43.8455953533 0.000000e+00
-43.2405614714 0.000000e+00
-42.6355275895 0.000000e+00
-42.0304937076 0.000000e+00
-41.4254598258 0.000000e+00
-40.8204259439 0.000000e+00
-40.215392062 0.000000e+00
-39.6103581801 0.000000e+00
-39.0053242982 0.000000e+00
-38.4002904163 0.000000e+00
-37.7952565344 0.000000e+00
-37.1902226525 0.000000e+00
-36.5851887706 0.000000e+00
-35.9801548887 0.000000e+00
-35.3751210068 0.000000e+00
-34.7700871249 0.000000e+00
-34.165053243 0.000000e+00
-33.5600193611 0.000000e+00
-32.9549854792 0.000000e+00
-32.3499515973 0.000000e+00
-31.7449177154 0.000000e+00
-31.1398838335 0.000000e+00
-30.5348499516 0.000000e+00
-29.9298160697 0.000000e+00
-29.3247821878 0.000000e+00
-28.7197483059 0.000000e+00
-28.114714424 0.000000e+00
-27.5096805421 0.000000e+00
-26.9046466602 0.000000e+00
-26.2996127783 0.000000e+00
-25.6945788964 0.000000e+00
-25.0895450145 0.000000e+00
-24.4845111326 0.000000e+00
-23.8794772507 0.000000e+00
-23.2744433688 0.000000e+00
-22.6694094869 0.000000e+00
-22.064375605 0.000000e+00
-21.4593417231 0.000000e+00
-20.8543078412 0.000000e+00
-20.2492739593 0.000000e+00
-19.6442400774 0.000000e+00
-19.0392061955 0.000000e+00
-18.4341723136 0.000000e+00
-17.8291384318 0.000000e+00
-17.2241045499 0.000000e+00
-16.619070668 0.000000e+00
-16.0140367861 0.000000e+00
-15.4090029042 0.000000e+00
-14.8039690223 0.000000e+00
-14.1989351404 0.000000e+00
-13.5939012585 0.000000e+00
-12.9888673766 0.000000e+00
-12.3838334947 0.000000e+00
-11.7787996128 0.000000e+00
-11.1737657309 0.000000e+00
-10.568731849 0.000000e+00
-9.96369796709 0.000000e+00
-9.35866408519 0.000000e+00
-8.75363020329 0.000000e+00
-8.14859632139 0.000000e+00
-7.5435624395 0.000000e+00
-6.9385285576 0.000000e+00
-6.3334946757 0.000000e+00
-5.7284607938 0.000000e+00
-5.12342691191 0.000000e+00
-4.51839303001 0.000000e+00
-3.91335914811 0.000000e+00
-3.30832526621 0.000000e+00
-2.70329138432 0.000000e+00
-2.09825750242 0.000000e+00
-1.49322362052 0.000000e+00
-0.888189738625 0.000000e+00
-0.283155856728 0.000000e+00
0.321878025169 1.000000e+00
0.926911907067 2.621737e-01
1.53194578896 2.864533e-01
2.13697967086 0.000000e+00
2.74201355276 0.000000e+00
3.34704743466 0.000000e+00
3.95208131655 0.000000e+00
4.55711519845 0.000000e+00
5.16214908035 0.000000e+00
5.76718296225 0.000000e+00
6.37221684414 0.000000e+00
6.97725072604 0.000000e+00
7.58228460794 0.000000e+00
8.18731848984 0.000000e+00
8.79235237173 0.000000e+00
9.39738625363 0.000000e+00
10.0024201355 0.000000e+00
10.6074540174 0.000000e+00
11.2124878993 0.000000e+00
11.8175217812 0.000000e+00
12.4225556631 0.000000e+00
13.027589545 0.000000e+00
13.6326234269 0.000000e+00
14.2376573088 0.000000e+00
14.8426911907 0.000000e+00
15.4477250726 0.000000e+00
16.0527589545 0.000000e+00
16.6577928364 0.000000e+00
17.2628267183 0.000000e+00
17.8678606002 0.000000e+00
18.4728944821 0.000000e+00
19.077928364 0.000000e+00
19.6829622459 0.000000e+00
20.2879961278 0.000000e+00
20.8930300097 0.000000e+00
21.4980638916 0.000000e+00
22.1030977735 0.000000e+00
22.7081316554 0.000000e+00
23.3131655373 0.000000e+00
23.9181994192 0.000000e+00
24.5232333011 0.000000e+00
25.128267183 0.000000e+00
25.7333010649 0.000000e+00
26.3383349468 0.000000e+00
26.9433688287 0.000000e+00
27.5484027106 0.000000e+00
28.1534365924 0.000000e+00
28.7584704743 0.000000e+00
29.3635043562 0.000000e+00
29.9685382381 0.000000e+00
30.57357212 0.000000e+00
31.1786060019 0.000000e+00
31.7836398838 0.000000e+00
32.3886737657 0.000000e+00
32.9937076476 0.000000e+00
33.5987415295 0.000000e+00
34.2037754114 0.000000e+00
34.8088092933 0.000000e+00
35.4138431752 0.000000e+00
36.0188770571 0.000000e+00
36.623910939 0.000000e+00
37.2289448209 0.000000e+00
37.8339787028 0.000000e+00
38.4390125847 0.000000e+00
39.0440464666 0.000000e+00
39.6490803485 0.000000e+00
40.2541142304 0.000000e+00
40.8591481123 0.000000e+00
41.4641819942 0.000000e+00
42.0692158761 0.000000e+00
42.674249758 0.000000e+00
43.2792836399 0.000000e+00
43.8843175218 0.000000e+00
44.4893514037 0.000000e+00
45.0943852856 0.000000e+00
45.6994191675 0.000000e+00
46.3044530494 0.000000e+00
46.9094869313 0.000000e+00
47.5145208132 0.000000e+00
48.1195546951 0.000000e+00
48.724588577 0.000000e+00
49.3296224589 0.000000e+00
49.9346563408 0.000000e+00
50.5396902227 0.000000e+00
51.1447241045 0.000000e+00
51.7497579864 0.000000e+00
52.3547918683 0.000000e+00
52.9598257502 0.000000e+00
53.5648596321 0.000000e+00
54.169893514 0.000000e+00
54.7749273959 0.000000e+00
55.3799612778 0.000000e+00
55.9849951597 0.000000e+00
56.5900290416 0.000000e+00
57.1950629235 0.000000e+00
57.8000968054 0.000000e+00
58.4051306873 0.000000e+00
59.0101645692 0.000000e+00
59.6151984511 0.000000e+00
60.220232333 0.000000e+00
60.8252662149 0.000000e+00
61.4303000968 0.000000e+00
62.0353339787 0.000000e+00
62.6403678606 0.000000e+00
63.2454017425 0.000000e+00
63.8504356244 0.000000e+00
64.4554695063 0.000000e+00
65.0605033882 0.000000e+00
65.6655372701 0.000000e+00
66.270571152 0.000000e+00
66.8756050339 0.000000e+00
67.4806389158 0.000000e+00
68.0856727977 0.000000e+00
68.6907066796 0.000000e+00
69.2957405615 0.000000e+00
69.9007744434 0.000000e+00
70.5058083253 0.000000e+00
71.1108422072 0.000000e+00
71.7158760891 0.000000e+00
72.320909971 0.000000e+00
72.9259438529 0.000000e+00
73.5309777348 0.000000e+00
74.1360116167 0.000000e+00
74.7410454985 0.000000e+00
75.3460793804 0.000000e+00
75.9511132623 0.000000e+00
76.5561471442 0.000000e+00
77.1611810261 0.000000e+00
77.766214908 0.000000e+00
78.3712487899 0.000000e+00
78.9762826718 0.000000e+00
79.5813165537 0.000000e+00
80.1863504356 0.000000e+00
80.7913843175 0.000000e+00
81.3964181994 0.000000e+00
82.0014520813 0.000000e+00
82.6064859632 0.000000e+00
83.2115198451 0.000000e+00
83.816553727 0.000000e+00
84.4215876089 0.000000e+00
85.0266214908 0.000000e+00
85.6316553727 0.000000e+00
86.2366892546 0.000000e+00
86.8417231365 0.000000e+00
87.4467570184 0.000000e+00
88.0517909003 0.000000e+00
88.6568247822 0.000000e+00
89.2618586641 0.000000e+00
89.866892546 0.000000e+00
90.4719264279 0.000000e+00
91.0769603098 0.000000e+00
91.6819941917 0.000000e+00
92.2870280736 0.000000e+00
92.8920619555 0.000000e+00
93.4970958374 0.000000e+00
94.1021297193 0.000000e+00
94.7071636012 0.000000e+00
95.3121974831 0.000000e+00
95.917231365 0.000000e+00
96.5222652469 0.000000e+00
97.1272991288 0.000000e+00
97.7323330106 0.000000e+00
98.3373668925 0.000000e+00
98.9424007744 0.000000e+00
99.5474346563 0.000000e+00
100.152468538 0.000000e+00
100.75750242 0.000000e+00
101.362536302 0.000000e+00
101.967570184 0.000000e+00
102.572604066 0.000000e+00
103.177637948 0.000000e+00
103.78267183 0.000000e+00
104.387705712 0.000000e+00
104.992739593 0.000000e+00
105.597773475 0.000000e+00
106.202807357 0.000000e+00
106.807841239 0.000000e+00
107.412875121 0.000000e+00
108.017909003 0.000000e+00
108.622942885 0.000000e+00
109.227976767 0.000000e+00
109.833010649 0.000000e+00
110.43804453 0.000000e+00
111.043078412 0.000000e+00
111.648112294 0.000000e+00
112.253146176 0.000000e+00
112.858180058 0.000000e+00
113.46321394 0.000000e+00
114.068247822 0.000000e+00
114.673281704 0.000000e+00
115.278315586 0.000000e+00
115.883349468 0.000000e+00
116.488383349 0.000000e+00
117.093417231 0.000000e+00
117.698451113 0.000000e+00
118.303484995 0.000000e+00
118.908518877 0.000000e+00
119.513552759 0.000000e+00
120.118586641 0.000000e+00
120.723620523 0.000000e+00
121.328654405 0.000000e+00
121.933688287 0.000000e+00
122.538722168 0.000000e+00
123.14375605 0.000000e+00
123.748789932 0.000000e+00
124.353823814 0.000000e+00
124.958857696 0.000000e+00
125.563891578 0.000000e+00
126.16892546 0.000000e+00
126.773959342 0.000000e+00
127.378993224 0.000000e+00
127.984027106 0.000000e+00
128.589060987 0.000000e+00
129.194094869 0.000000e+00
129.799128751 0.000000e+00
130.404162633 0.000000e+00
131.009196515 0.000000e+00
131.614230397 0.000000e+00
132.219264279 0.000000e+00
132.824298161 0.000000e+00
133.429332043 0.000000e+00
134.034365924 0.000000e+00
134.639399806 0.000000e+00
135.244433688 0.000000e+00
135.84946757 0.000000e+00
136.454501452 0.000000e+00
137.059535334 0.000000e+00
137.664569216 0.000000e+00
138.269603098 0.000000e+00
138.87463698 0.000000e+00
139.479670862 0.000000e+00
140.084704743 0.000000e+00
140.689738625 0.000000e+00
141.294772507 0.000000e+00
141.899806389 0.000000e+00
142.504840271 0.000000e+00
143.109874153 0.000000e+00
143.714908035 0.000000e+00
144.319941917 0.000000e+00
144.924975799 0.000000e+00
145.530009681 0.000000e+00
146.135043562 0.000000e+00
146.740077444 0.000000e+00
147.345111326 0.000000e+00
147.950145208 0.000000e+00
148.55517909 0.000000e+00
149.160212972 0.000000e+00
149.765246854 0.000000e+00
150.370280736 0.000000e+00
150.975314618 0.000000e+00
151.5803485 0.000000e+00
152.185382381 0.000000e+00
152.790416263 0.000000e+00
153.395450145 0.000000e+00
154.000484027 0.000000e+00
154.605517909 0.000000e+00
155.210551791 0.000000e+00
155.815585673 0.000000e+00
156.420619555 0.000000e+00
157.025653437 0.000000e+00
157.630687318 0.000000e+00
158.2357212 0.000000e+00
158.840755082 0.000000e+00
159.445788964 0.000000e+00
160.050822846 0.000000e+00
160.655856728 0.000000e+00
161.26089061 0.000000e+00
161.865924492 0.000000e+00
162.470958374 0.000000e+00
163.075992256 0.000000e+00
163.681026137 0.000000e+00
164.286060019 0.000000e+00
164.891093901 0.000000e+00
165.496127783 0.000000e+00
166.101161665 0.000000e+00
166.706195547 0.000000e+00
167.311229429 0.000000e+00
167.916263311 0.000000e+00
168.521297193 0.000000e+00
169.126331075 0.000000e+00
169.731364956 0.000000e+00
170.336398838 0.000000e+00
170.94143272 0.000000e+00
171.546466602 0.000000e+00
172.151500484 0.000000e+00
172.756534366 0.000000e+00
173.361568248 0.000000e+00
173.96660213 0.000000e+00
174.571636012 0.000000e+00
175.176669894 0.000000e+00
175.781703775 0.000000e+00
176.386737657 0.000000e+00
176.991771539 0.000000e+00
177.596805421 0.000000e+00
178.201839303 0.000000e+00
178.806873185 0.000000e+00
179.411907067 0.000000e+00
180.016940949 0.000000e+00
180.621974831 0.000000e+00
181.227008712 0.000000e+00
181.832042594 0.000000e+00
182.437076476 0.000000e+00
183.437076476 0.0
184.437076476 0.0
185.437076476 0.0
186.437076476 0.0
187.437076476 0.0
188.437076476 0.0
189.437076476 0.0
190.437076476 0.0
191.437076476 0.0
192.437076476 0.0
193.437076476 0.0
194.437076476 0.0
195.437076476 0.0
196.437076476 0.0
197.437076476 0.0
198.437076476 0.0
199.437076476 0.0
200.437076476 0.0
201.437076476 0.0
202.437076476 0.0
203.437076476 0.0
204.437076476 0.0
205.437076476 0.0
206.437076476 0.0
207.437076476 0.0
208.437076476 0.0
209.437076476 0.0
210.437076476 0.0
211.437076476 0.0
212.437076476 0.0
213.437076476 0.0
214.437076476 0.0
215.437076476 0.0
216.437076476 0.0
217.437076476 0.0
218.437076476 0.0
219.437076476 0.0
220.437076476 0.0
221.437076476 0.0
222.437076476 0.0
223.437076476 0.0
224.437076476 0.0
225.437076476 0.0
226.437076476 0.0
227.437076476 0.0
228.437076476 0.0
229.437076476 0.0
230.437076476 0.0
231.437076476 0.0
232.437076476 0.0
233.437076476 0.0
234.437076476 0.0
235.437076476 0.0
236.437076476 0.0
237.437076476 0.0
238.437076476 0.0
239.437076476 0.0
240.437076476 0.0
241.437076476 0.0
242.437076476 0.0
243.437076476 0.0
244.437076476 0.0
245.437076476 0.0
246.437076476 0.0
247.437076476 0.0
248.437076476 0.0
249.437076476 0.0
250.437076476 0.0
251.437076476 0.0
252.437076476 0.0
253.437076476 0.0
254.437076476 0.0
255.437076476 0.0
256.437076476 0.0
257.437076476 0.0
258.437076476 0.0
259.437076476 0.0
260.437076476 0.0
261.437076476 0.0
262.437076476 0.0
263.437076476 0.0
264.437076476 0.0
265.437076476 0.0
266.437076476 0.0
267.437076476 0.0
268.437076476 0.0
269.437076476 0.0
270.437076476 0.0
271.437076476 0.0
272.437076476 0.0
273.437076476 0.0
274.437076476 0.0
275.437076476 0.0
276.437076476 0.0
277.437076476 0.0
278.437076476 0.0
279.437076476 0.0
280.437076476 0.0
281.437076476 0.0
282.437076476 0.0
283.437076476 0.0
284.437076476 0.0
285.437076476 0.0
286.437076476 0.0
287.437076476 0.0
288.437076476 0.0
289.437076476 0.0
290.437076476 0.0
291.437076476 0.0
292.437076476 0.0
293.437076476 0.0
294.437076476 0.0
295.437076476 0.0
296.437076476 0.0
297.437076476 0.0
298.437076476 0.0
299.437076476 0.0
300.437076476 0.0
301.437076476 0.0
302.437076476 0.0
303.437076476 0.0
304.437076476 0.0
305.437076476 0.0
306.437076476 0.0
307.437076476 0.0
308.437076476 0.0
309.437076476 0.0
310.437076476 0.0
311.437076476 0.0
312.437076476 0.0
313.437076476 0.0
314.437076476 0.0
315.437076476 0.0
316.437076476 0.0
317.437076476 0.0
318.437076476 0.0
319.437076476 0.0
320.437076476 0.0
321.437076476 0.0
322.437076476 0.0
323.437076476 0.0
324.437076476 0.0
325.437076476 0.0
326.437076476 0.0
327.437076476 0.0
328.437076476 0.0
329.437076476 0.0
330.437076476 0.0
331.437076476 0.0
332.437076476 0.0
333.437076476 0.0
334.437076476 0.0
335.437076476 0.0
336.437076476 0.0
337.437076476 0.0
338.437076476 0.0
339.437076476 0.0
340.437076476 0.0
341.437076476 0.0
342.437076476 0.0
343.437076476 0.0
344.437076476 0.0
345.437076476 0.0
346.437076476 0.0
347.437076476 0.0
348.437076476 0.0
349.437076476 0.0
350.437076476 0.0
351.437076476 0.0
352.437076476 0.0
353.437076476 0.0
354.437076476 0.0
355.437076476 0.0
356.437076476 0.0
357.437076476 0.0
358.437076476 0.0
359.437076476 0.0
360.437076476 0.0
361.437076476 0.0
362.437076476 0.0
363.437076476 0.0
364.437076476 0.0
365.437076476 0.0
366.437076476 0.0
367.437076476 0.0
368.437076476 0.0
369.437076476 0.0
370.437076476 0.0
371.437076476 0.0
372.437076476 0.0
373.437076476 0.0
374.437076476 0.0
375.437076476 0.0
376.437076476 0.0
377.437076476 0.0
378.437076476 0.0
379.437076476 0.0
380.437076476 0.0
381.437076476 0.0
382.437076476 0.0
383.437076476 0.0
384.437076476 0.0
385.437076476 0.0
386.437076476 0.0
387.437076476 0.0
388.437076476 0.0
389.437076476 0.0
390.437076476 0.0
391.437076476 0.0
392.437076476 0.0
393.437076476 0.0
394.437076476 0.0
395.437076476 0.0
396.437076476 0.0
397.437076476 0.0
398.437076476 0.0
399.437076476 0.0
400.437076476 0.0
401.437076476 0.0
402.437076476 0.0
403.437076476 0.0
404.437076476 0.0
405.437076476 0.0
406.437076476 0.0
407.437076476 0.0
408.437076476 0.0
409.437076476 0.0
410.437076476 0.0
411.437076476 0.0
412.437076476 0.0
413.437076476 0.0
414.437076476 0.0
415.437076476 0.0
416.437076476 0.0
417.437076476 0.0
418.437076476 0.0
419.437076476 0.0
420.437076476 0.0
421.437076476 0.0
422.437076476 0.0
423.437076476 0.0
424.437076476 0.0
425.437076476 0.0
426.437076476 0.0
427.437076476 0.0
428.437076476 0.0
429.437076476 0.0
430.437076476 0.0
431.437076476 0.0
432.437076476 0.0
433.437076476 0.0
434.437076476 0.0
435.437076476 0.0
436.437076476 0.0
437.437076476 0.0
438.437076476 0.0
439.437076476 0.0
440.437076476 0.0
441.437076476 0.0
442.437076476 0.0
443.437076476 0.0
444.437076476 0.0
445.437076476 0.0
446.437076476 0.0
447.437076476 0.0
448.437076476 0.0
449.437076476 0.0
450.437076476 0.0
451.437076476 0.0
452.437076476 0.0
453.437076476 0.0
454.437076476 0.0
455.437076476 0.0
456.437076476 0.0
457.437076476 0.0
458.437076476 0.0
459.437076476 0.0
460.437076476 0.0
461.437076476 0.0
462.437076476 0.0
463.437076476 0.0
464.437076476 0.0
465.437076476 0.0
466.437076476 0.0
467.437076476 0.0
468.437076476 0.0
469.437076476 0.0
470.437076476 0.0
471.437076476 0.0
472.437076476 0.0
473.437076476 0.0
474.437076476 0.0
475.437076476 0.0
476.437076476 0.0
477.437076476 0.0
478.437076476 0.0
479.437076476 0.0
480.437076476 0.0
481.437076476 0.0
482.437076476 0.0
483.437076476 0.0
484.437076476 0.0
485.437076476 0.0
486.437076476 0.0
487.437076476 0.0
488.437076476 0.0
489.437076476 0.0
490.437076476 0.0
491.437076476 0.0
492.437076476 0.0
493.437076476 0.0
494.437076476 0.0
495.437076476 0.0
496.437076476 0.0
497.437076476 0.0
498.437076476 0.0
499.437076476 0.0
500.437076476 0.0
501.437076476 0.0
502.437076476 0.0
503.437076476 0.0
504.437076476 0.0
505.437076476 0.0
506.437076476 0.0
507.437076476 0.0
508.437076476 0.0
509.437076476 0.0
510.437076476 0.0
511.437076476 0.0
512.437076476 0.0
513.437076476 0.0
514.437076476 0.0
515.437076476 0.0
516.437076476 0.0
517.437076476 0.0
518.437076476 0.0
519.437076476 0.0
520.437076476 0.0
521.437076476 0.0
522.437076476 0.0
523.437076476 0.0
524.437076476 0.0
525.437076476 0.0
526.437076476 0.0
527.437076476 0.0
528.437076476 0.0
529.437076476 0.0
530.437076476 0.0
531.437076476 0.0
532.437076476 0.0
533.437076476 0.0
534.437076476 0.0
535.437076476 0.0
536.437076476 0.0
537.437076476 0.0
538.437076476 0.0
539.437076476 0.0
540.437076476 0.0
541.437076476 0.0
542.437076476 0.0
543.437076476 0.0
544.437076476 0.0
545.437076476 0.0
546.437076476 0.0
547.437076476 0.0
548.437076476 0.0
549.437076476 0.0
550.437076476 0.0
551.437076476 0.0
552.437076476 0.0
553.437076476 0.0
554.437076476 0.0
555.437076476 0.0
556.437076476 0.0
557.437076476 0.0
558.437076476 0.0
559.437076476 0.0
560.437076476 0.0
561.437076476 0.0
562.437076476 0.0
563.437076476 0.0
564.437076476 0.0
565.437076476 0.0
566.437076476 0.0
567.437076476 0.0
568.437076476 0.0
569.437076476 0.0
570.437076476 0.0
571.437076476 0.0
572.437076476 0.0
573.437076476 0.0
574.437076476 0.0
575.437076476 0.0
576.437076476 0.0
577.437076476 0.0
578.437076476 0.0
579.437076476 0.0
580.437076476 0.0
581.437076476 0.0
582.437076476 0.0
583.437076476 0.0
584.437076476 0.0
585.437076476 0.0
586.437076476 0.0
587.437076476 0.0
588.437076476 0.0
589.437076476 0.0
590.437076476 0.0
591.437076476 0.0
592.437076476 0.0
593.437076476 0.0
594.437076476 0.0
595.437076476 0.0
596.437076476 0.0
597.437076476 0.0
598.437076476 0.0
599.437076476 0.0
600.437076476 0.0
601.437076476 0.0
602.437076476 0.0
603.437076476 0.0
604.437076476 0.0
605.437076476 0.0
606.437076476 0.0
607.437076476 0.0
608.437076476 0.0
609.437076476 0.0
610.437076476 0.0
611.437076476 0.0
612.437076476 0.0
613.437076476 0.0
614.437076476 0.0
615.437076476 0.0
616.437076476 0.0
617.437076476 0.0
618.437076476 0.0
619.437076476 0.0
620.437076476 0.0
621.437076476 0.0
622.437076476 0.0
623.437076476 0.0
624.437076476 0.0
625.437076476 0.0
626.437076476 0.0
627.437076476 0.0
628.437076476 0.0
629.437076476 0.0
630.437076476 0.0
631.437076476 0.0
632.437076476 0.0
633.437076476 0.0
634.437076476 0.0
635.437076476 0.0
636.437076476 0.0
637.437076476 0.0
638.437076476 0.0
639.437076476 0.0
640.437076476 0.0
641.437076476 0.0
642.437076476 0.0
643.437076476 0.0
644.437076476 0.0
645.437076476 0.0
646.437076476 0.0
647.437076476 0.0
648.437076476 0.0
649.437076476 0.0
650.437076476 0.0
651.437076476 0.0
652.437076476 0.0
653.437076476 0.0
654.437076476 0.0
655.437076476 0.0
656.437076476 0.0
657.437076476 0.0
658.437076476 0.0
659.437076476 0.0
660.437076476 0.0
661.437076476 0.0
662.437076476 0.0
663.437076476 0.0
664.437076476 0.0
665.437076476 0.0
666.437076476 0.0
667.437076476 0.0
668.437076476 0.0
669.437076476 0.0
670.437076476 0.0
671.437076476 0.0
672.437076476 0.0
673.437076476 0.0
674.437076476 0.0
675.437076476 0.0
676.437076476 0.0
677.437076476 0.0
678.437076476 0.0
679.437076476 0.0
680.437076476 0.0
681.437076476 0.0
682.437076476 0.0
