-625.72605042 0.0
-624.72605042 0.0
-623.72605042 0.0
-622.72605042 0.0
-621.72605042 0.0
-620.72605042 0.0
-619.72605042 0.0
-618.72605042 0.0
-617.72605042 0.0
-616.72605042 0.0
-615.72605042 0.0
-614.72605042 0.0
-613.72605042 0.0
-612.72605042 0.0
-611.72605042 0.0
-610.72605042 0.0
-609.72605042 0.0
-608.72605042 0.0
-607.72605042 0.0
-606.72605042 0.0
-605.72605042 0.0
-604.72605042 0.0
-603.72605042 0.0
-602.72605042 0.0
-601.72605042 0.0
-600.72605042 0.0
-599.72605042 0.0
-598.72605042 0.0
-597.72605042 0.0
-596.72605042 0.0
-595.72605042 0.0
-594.72605042 0.0
-593.72605042 0.0
-592.72605042 0.0
-591.72605042 0.0
-590.72605042 0.0
-589.72605042 0.0
-588.72605042 0.0
-587.72605042 0.0
-586.72605042 0.0
-585.72605042 0.0
-584.72605042 0.0
-583.72605042 0.0
-582.72605042 0.0
-581.72605042 0.0
-580.72605042 0.0
-579.72605042 0.0
-578.72605042 0.0
-577.72605042 0.0
-576.72605042 0.0
-575.72605042 0.0
-574.72605042 0.0
-573.72605042 0.0
-572.72605042 0.0
-571.72605042 0.0
-570.72605042 0.0
-569.72605042 0.0
-568.72605042 0.0
-567.72605042 0.0
-566.72605042 0.0
-565.72605042 0.0
-564.72605042 0.0
-563.72605042 0.0
-562.72605042 0.0
-561.72605042 0.0
-560.72605042 0.0
-559.72605042 0.0
-558.72605042 0.0
-557.72605042 0.0
-556.72605042 0.0
-555.72605042 0.0
-554.72605042 0.0
-553.72605042 0.0
-552.72605042 0.0
-551.72605042 0.0
-550.72605042 0.0
-549.72605042 0.0
-548.72605042 0.0
-547.72605042 0.0
-546.72605042 0.0
-545.72605042 0.0
-544.72605042 0.0
-543.72605042 0.0
-542.72605042 0.0
-541.72605042 0.0
-540.72605042 0.0
-539.72605042 0.0
-538.72605042 0.0
-537.72605042 0.0
-536.72605042 0.0
-535.72605042 0.0
-534.72605042 0.0
-533.72605042 0.0
-532.72605042 0.0
-531.72605042 0.0
-530.72605042 0.0
-529.72605042 0.0
-528.72605042 0.0
-527.72605042 0.0
-526.72605042 0.0
-525.72605042 0.0
-524.72605042 0.0
-523.72605042 0.0
-522.72605042 0.0
-521.72605042 0.0
-520.72605042 0.0
-519.72605042 0.0
-518.72605042 0.0
-517.72605042 0.0
-516.72605042 0.0
-515.72605042 0.0
-514.72605042 0.0
-513.72605042 0.0
-512.72605042 0.0
-511.72605042 0.0
-510.72605042 0.0
-509.72605042 0.0
-508.72605042 0.0
-507.72605042 0.0
-506.72605042 0.0
-505.72605042 0.0
-504.72605042 0.0
-503.72605042 0.0
-502.72605042 0.0
-501.72605042 0.0
-500.72605042 0.0
-499.72605042 0.0
-498.72605042 0.0
-497.72605042 0.0
-496.72605042 0.0
-495.72605042 0.0
-494.72605042 0.0
-493.72605042 0.0
-492.72605042 0.0
-491.72605042 0.0
-490.72605042 0.0
-489.72605042 0.0
-488.72605042 0.0
-487.72605042 0.0
-486.72605042 0.0
-485.72605042 0.0
-484.72605042 0.0
-483.72605042 0.0
-482.72605042 0.0
-481.72605042 0.0
-480.72605042 0.0
-479.72605042 0.0
-478.72605042 0.0
-477.72605042 0.0
-476.72605042 0.0
-475.72605042 0.0
-474.72605042 0.0
-473.72605042 0.0
-472.72605042 0.0
-471.72605042 0.0
-470.72605042 0.0
-469.72605042 0.0
-468.72605042 0.0
-467.72605042 0.0
-466.72605042 0.0
-465.72605042 0.0
-464.72605042 0.0
-463.72605042 0.0
-462.72605042 0.0
-461.72605042 0.0
-460.72605042 0.0
-459.72605042 0.0
-458.72605042 0.0
-457.72605042 0.0
-456.72605042 0.0
-455.72605042 0.0
-454.72605042 0.0
-453.72605042 0.0
-452.72605042 0.0
-451.72605042 0.0
-450.72605042 0.0
-449.72605042 0.0
-448.72605042 0.0
-447.72605042 0.0
-446.72605042 0.0
-445.72605042 0.0
-444.72605042 0.0
-443.72605042 0.0
-442.72605042 0.0
-441.72605042 0.0
-440.72605042 0.0
-439.72605042 0.0
-438.72605042 0.0
-437.72605042 0.0
-436.72605042 0.0
-435.72605042 0.0
-434.72605042 0.0
-433.72605042 0.0
-432.72605042 0.0
-431.72605042 0.0
-430.72605042 0.0
-429.72605042 0.0
-428.72605042 0.0
-427.72605042 0.0
-426.72605042 0.0
-425.72605042 0.0
-424.72605042 0.0
-423.72605042 0.0
-422.72605042 0.0
-421.72605042 0.0
-420.72605042 0.0
-419.72605042 0.0
-418.72605042 0.0
-417.72605042 0.0
-416.72605042 0.0
-415.72605042 0.0
-414.72605042 0.0
-413.72605042 0.0
-412.72605042 0.0
-411.72605042 0.0
-410.72605042 0.0
-409.72605042 0.0
-408.72605042 0.0
-407.72605042 0.0
-406.72605042 0.0
-405.72605042 0.0
-404.72605042 0.0
-403.72605042 0.0
-402.72605042 0.0
-401.72605042 0.0
-400.72605042 0.0
-399.72605042 0.0
-398.72605042 0.0
-397.72605042 0.0
-396.72605042 0.0
-395.72605042 0.0
-394.72605042 0.0
-393.72605042 0.0
-392.72605042 0.0
-391.72605042 0.0
-390.72605042 0.0
-389.72605042 0.0
-388.72605042 0.0
-387.72605042 0.0
-386.72605042 0.0
-385.72605042 0.0
-384.72605042 0.0
-383.72605042 0.0
-382.72605042 0.0
-381.72605042 0.0
-380.72605042 0.0
-379.72605042 0.0
-378.72605042 0.0
-377.72605042 0.0
-376.72605042 0.0
-375.72605042 0.0
-374.72605042 0.0
-373.72605042 0.0
-372.72605042 0.0
-371.72605042 0.0
-370.72605042 0.0
-369.72605042 0.0
-368.72605042 0.0
-367.72605042 0.0
-366.72605042 0.0
-365.72605042 0.0
-364.72605042 0.0
-363.72605042 0.0
-362.72605042 0.0
-361.72605042 0.0
-360.72605042 0.0
-359.72605042 0.0
-358.72605042 0.0
-357.72605042 0.0
-356.72605042 0.0
-355.72605042 0.0
-354.72605042 0.0
-353.72605042 0.0
-352.72605042 0.0
-351.72605042 0.0
-350.72605042 0.0
-349.72605042 0.0
-348.72605042 0.0
-347.72605042 0.0
-346.72605042 0.0
-345.72605042 0.0
-344.72605042 0.0
-343.72605042 0.0
-342.72605042 0.0
-341.72605042 0.0
-340.72605042 0.0
-339.72605042 0.0
-338.72605042 0.0
-337.72605042 0.0
-336.72605042 0.0
-335.72605042 0.0
-334.72605042 0.0
-333.72605042 0.0
-332.72605042 0.0
-331.72605042 0.0
-330.72605042 0.0
-329.72605042 0.0
-328.72605042 0.0
-327.72605042 0.0
-326.72605042 0.0
-325.72605042 0.0
-324.72605042 0.0
-323.72605042 0.0
-322.72605042 0.0
-321.72605042 0.0
-320.72605042 0.0
-319.72605042 0.0
-318.72605042 0.0
-317.72605042 0.0
-316.72605042 0.0
-315.72605042 0.0
-314.72605042 0.0
-313.72605042 0.0
-312.72605042 0.0
-311.72605042 0.0
-310.72605042 0.0
-309.72605042 0.0
-308.72605042 0.0
-307.72605042 0.0
-306.72605042 0.0
-305.72605042 0.0
-304.72605042 0.0
-303.72605042 0.0
-302.72605042 0.0
-301.72605042 0.0
-300.72605042 0.0
-299.72605042 0.0
-298.72605042 0.0
-297.72605042 0.0
-296.72605042 0.0
-295.72605042 0.0
-294.72605042 0.0
-293.72605042 0.0
-292.72605042 0.0
-291.72605042 0.0
-290.72605042 0.0
-289.72605042 0.0
-288.72605042 0.0
-287.72605042 0.0
-286.72605042 0.0
-285.72605042 0.0
-284.72605042 0.0
-283.72605042 0.0
-282.72605042 0.0
-281.72605042 0.0
-280.72605042 0.0
-279.72605042 0.0
-278.72605042 0.0
-277.72605042 0.0
-276.72605042 0.0
-275.72605042 0.0
-274.72605042 0.0
-273.72605042 0.0
-272.72605042 0.0
-271.72605042 0.0
-270.72605042 0.0
-269.72605042 0.0
-268.72605042 0.0
-267.72605042 0.0
-266.72605042 0.0
-265.72605042 0.0
-264.72605042 0.0
-263.72605042 0.0
-262.72605042 0.0
-261.72605042 0.0
-260.72605042 0.0
-259.72605042 0.0
-258.72605042 0.0
-257.72605042 0.0
-256.72605042 0.0
-255.72605042 0.0
-254.72605042 0.0
-253.72605042 0.0
-252.72605042 0.0
-251.72605042 0.0
-250.72605042 0.0
-249.72605042 0.0
-248.72605042 0.0
-247.72605042 0.0
-246.72605042 0.0
-245.72605042 0.0
-244.72605042 0.0
-243.72605042 0.0
-242.72605042 0.0
-241.72605042 0.0
-240.72605042 0.0
-239.72605042 0.0
-238.72605042 0.0
-237.72605042 0.0
-236.72605042 0.0
-235.72605042 0.0
-234.72605042 0.0
-233.72605042 0.0
-232.72605042 0.0
-231.72605042 0.0
-230.72605042 0.0
-229.72605042 0.0
-228.72605042 0.0
-227.72605042 0.0
-226.72605042 0.0
-225.72605042 0.0
-224.72605042 0.0
-223.72605042 0.0
-222.72605042 0.0
-221.72605042 0.0
-220.72605042 0.0
-219.72605042 0.0
-218.72605042 0.0
-217.72605042 0.0
-216.72605042 0.0
-215.72605042 0.0
-214.72605042 0.0
-213.72605042 0.0
-212.72605042 0.0
-211.72605042 0.0
-210.72605042 0.0
-209.72605042 0.0
-208.72605042 0.0
-207.72605042 0.0
-206.72605042 0.0
-205.72605042 0.0
-204.72605042 0.0
-203.72605042 0.0
-202.72605042 0.0
-201.72605042 0.0
-200.72605042 0.0
-199.72605042 0.0
-198.72605042 0.0
-197.72605042 0.0
-196.72605042 0.0
-195.72605042 0.0
-194.72605042 0.0
-193.72605042 0.0
-192.72605042 0.0
-191.72605042 0.0
-190.72605042 0.0
-189.72605042 0.0
-188.72605042 0.0
-187.72605042 0.0
-186.72605042 0.0
-185.72605042 0.0
-184.72605042 0.0
-183.72605042 0.0
-182.72605042 0.0
-181.72605042 0.0
-180.72605042 0.0
-179.72605042 0.0
-178.72605042 0.0
-177.72605042 0.0
-176.72605042 0.0
-175.72605042 0.0
-174.72605042 0.0
-173.72605042 0.0
-172.72605042 0.0
-171.72605042 0.0
-170.72605042 0.0
-169.72605042 0.0
-168.72605042 0.0
-167.72605042 0.0
-166.72605042 0.0
-165.72605042 0.0
-164.72605042 0.0
-163.72605042 0.0
-162.72605042 0.0
-161.72605042 0.0
-160.72605042 0.0
-159.72605042 0.0
-158.72605042 0.0
-157.72605042 0.0
-156.72605042 0.0
-155.72605042 0.0
-154.72605042 0.0
-153.72605042 0.0
-152.72605042 0.0
-151.72605042 0.0
-150.72605042 0.0
-149.72605042 0.0
-148.72605042 0.0
-147.72605042 0.0
-146.72605042 0.0
-145.72605042 0.0
-144.72605042 0.0
-143.72605042 0.0
-142.72605042 0.0
-141.72605042 0.0
-140.72605042 0.0
-139.72605042 0.0
-138.72605042 0.0
-137.72605042 0.0
-136.72605042 0.0
-135.72605042 0.0
-134.72605042 0.0
-133.72605042 0.0
-132.72605042 0.0
-131.72605042 0.0
-130.72605042 0.0
-129.72605042 0.0
-128.72605042 0.0
-127.72605042 0.0
-126.72605042 0.0
-125.72605042 0.000000e+00
-125.305882353 0.000000e+00
-124.885714286 0.000000e+00
-124.465546218 0.000000e+00
-124.045378151 0.000000e+00
-123.625210084 0.000000e+00
-123.205042017 0.000000e+00
-122.78487395 0.000000e+00
-122.364705882 0.000000e+00
-121.944537815 0.000000e+00
-121.524369748 0.000000e+00
-121.104201681 0.000000e+00
-120.684033613 0.000000e+00
-120.263865546 0.000000e+00
-119.843697479 0.000000e+00
-119.423529412 0.000000e+00
-119.003361345 0.000000e+00
-118.583193277 0.000000e+00
-118.16302521 0.000000e+00
-117.742857143 0.000000e+00
-117.322689076 0.000000e+00
-116.902521008 0.000000e+00
-116.482352941 0.000000e+00
-116.062184874 0.000000e+00
-115.642016807 0.000000e+00
-115.221848739 0.000000e+00
-114.801680672 0.000000e+00
-114.381512605 0.000000e+00
-113.961344538 0.000000e+00
-113.541176471 0.000000e+00
-113.121008403 0.000000e+00
-112.700840336 0.000000e+00
-112.280672269 0.000000e+00
-111.860504202 0.000000e+00
-111.440336134 0.000000e+00
-111.020168067 0.000000e+00
-110.6 0.000000e+00
-110.179831933 0.000000e+00
-109.759663866 0.000000e+00
-109.339495798 0.000000e+00
-108.919327731 0.000000e+00
-108.499159664 0.000000e+00
-108.078991597 0.000000e+00
-107.658823529 0.000000e+00
-107.238655462 0.000000e+00
-106.818487395 0.000000e+00
-106.398319328 0.000000e+00
-105.978151261 0.000000e+00
-105.557983193 0.000000e+00
-105.137815126 0.000000e+00
-104.717647059 0.000000e+00
-104.297478992 0.000000e+00
-103.877310924 0.000000e+00
-103.457142857 0.000000e+00
-103.03697479 0.000000e+00
-102.616806723 0.000000e+00
-102.196638655 0.000000e+00
-101.776470588 0.000000e+00
-101.356302521 0.000000e+00
-100.936134454 0.000000e+00
-100.515966387 0.000000e+00
-100.095798319 0.000000e+00
-99.6756302521 0.000000e+00
-99.2554621849 0.000000e+00
-98.8352941176 0.000000e+00
-98.4151260504 0.000000e+00
-97.9949579832 0.000000e+00
-97.574789916 0.000000e+00
-97.1546218487 0.000000e+00
-96.7344537815 0.000000e+00
-96.3142857143 0.000000e+00
-95.8941176471 0.000000e+00
-95.4739495798 0.000000e+00
-95.0537815126 0.000000e+00
-94.6336134454 0.000000e+00
-94.2134453782 0.000000e+00
-93.7932773109 0.000000e+00
-93.3731092437 0.000000e+00
-92.9529411765 0.000000e+00
-92.5327731092 0.000000e+00
-92.112605042 0.000000e+00
-91.6924369748 0.000000e+00
-91.2722689076 0.000000e+00
-90.8521008403 0.000000e+00
-90.4319327731 0.000000e+00
-90.0117647059 0.000000e+00
-89.5915966387 0.000000e+00
-89.1714285714 0.000000e+00
-88.7512605042 0.000000e+00
-88.331092437 0.000000e+00
-87.9109243697 0.000000e+00
-87.4907563025 0.000000e+00
-87.0705882353 0.000000e+00
-86.6504201681 0.000000e+00
-86.2302521008 0.000000e+00
-85.8100840336 0.000000e+00
-85.3899159664 0.000000e+00
-84.9697478992 0.000000e+00
-84.5495798319 0.000000e+00
-84.1294117647 0.000000e+00
-83.7092436975 0.000000e+00
-83.2890756303 0.000000e+00
-82.868907563 0.000000e+00
-82.4487394958 0.000000e+00
-82.0285714286 0.000000e+00
-81.6084033613 0.000000e+00
-81.1882352941 0.000000e+00
-80.7680672269 0.000000e+00
-80.3478991597 0.000000e+00
-79.9277310924 0.000000e+00
-79.5075630252 0.000000e+00
-79.087394958 0.000000e+00
-78.6672268908 0.000000e+00
-78.2470588235 0.000000e+00
-77.8268907563 0.000000e+00
-77.4067226891 0.000000e+00
-76.9865546218 0.000000e+00
-76.5663865546 0.000000e+00
-76.1462184874 0.000000e+00
-75.7260504202 0.000000e+00
-75.3058823529 0.000000e+00
-74.8857142857 0.000000e+00
-74.4655462185 0.000000e+00
-74.0453781513 0.000000e+00
-73.625210084 0.000000e+00
-73.2050420168 0.000000e+00
-72.7848739496 0.000000e+00
-72.3647058824 0.000000e+00
-71.9445378151 0.000000e+00
-71.5243697479 0.000000e+00
-71.1042016807 0.000000e+00
-70.6840336134 0.000000e+00
-70.2638655462 0.000000e+00
-69.843697479 0.000000e+00
-69.4235294118 0.000000e+00
-69.0033613445 0.000000e+00
-68.5831932773 0.000000e+00
-68.1630252101 0.000000e+00
-67.7428571429 0.000000e+00
-67.3226890756 0.000000e+00
-66.9025210084 0.000000e+00
-66.4823529412 0.000000e+00
-66.0621848739 0.000000e+00
-65.6420168067 0.000000e+00
-65.2218487395 0.000000e+00
-64.8016806723 0.000000e+00
-64.381512605 0.000000e+00
-63.9613445378 0.000000e+00
-63.5411764706 0.000000e+00
-63.1210084034 0.000000e+00
-62.7008403361 0.000000e+00
-62.2806722689 0.000000e+00
-61.8605042017 0.000000e+00
-61.4403361345 0.000000e+00
-61.0201680672 0.000000e+00
-60.6 0.000000e+00
-60.1798319328 0.000000e+00
-59.7596638655 0.000000e+00
-59.3394957983 0.000000e+00
-58.9193277311 0.000000e+00
-58.4991596639 0.000000e+00
-58.0789915966 0.000000e+00
-57.6588235294 0.000000e+00
-57.2386554622 0.000000e+00
-56.818487395 0.000000e+00
-56.3983193277 0.000000e+00
-55.9781512605 0.000000e+00
-55.5579831933 0.000000e+00
-55.1378151261 0.000000e+00
-54.7176470588 0.000000e+00
-54.2974789916 0.000000e+00
-53.8773109244 0.000000e+00
-53.4571428571 0.000000e+00
-53.0369747899 0.000000e+00
-52.6168067227 0.000000e+00
-52.1966386555 0.000000e+00
-51.7764705882 0.000000e+00
-51.356302521 0.000000e+00
-50.9361344538 0.000000e+00
-50.5159663866 0.000000e+00
-50.0957983193 0.000000e+00
-49.6756302521 0.000000e+00
-49.2554621849 0.000000e+00
-48.8352941176 0.000000e+00
-48.4151260504 0.000000e+00
-47.9949579832 0.000000e+00
-47.574789916 0.000000e+00
-47.1546218487 0.000000e+00
-46.7344537815 0.000000e+00
-46.3142857143 0.000000e+00
-45.8941176471 0.000000e+00
-45.4739495798 0.000000e+00
-45.0537815126 0.000000e+00
-44.6336134454 0.000000e+00
-44.2134453782 0.000000e+00
-43.7932773109 0.000000e+00
-43.3731092437 0.000000e+00
-42.9529411765 0.000000e+00
-42.5327731092 0.000000e+00
-42.112605042 0.000000e+00
-41.6924369748 0.000000e+00
-41.2722689076 0.000000e+00
-40.8521008403 0.000000e+00
-40.4319327731 0.000000e+00
-40.0117647059 0.000000e+00
-39.5915966387 0.000000e+00
-39.1714285714 0.000000e+00
-38.7512605042 0.000000e+00
-38.331092437 0.000000e+00
-37.9109243697 0.000000e+00
-37.4907563025 0.000000e+00
-37.0705882353 0.000000e+00
-36.6504201681 0.000000e+00
-36.2302521008 0.000000e+00
-35.8100840336 0.000000e+00
-35.3899159664 0.000000e+00
-34.9697478992 0.000000e+00
-34.5495798319 0.000000e+00
-34.1294117647 0.000000e+00
-33.7092436975 0.000000e+00
-33.2890756303 0.000000e+00
-32.868907563 0.000000e+00
-32.4487394958 0.000000e+00
-32.0285714286 0.000000e+00
-31.6084033613 0.000000e+00
-31.1882352941 0.000000e+00
-30.7680672269 0.000000e+00
-30.3478991597 0.000000e+00
-29.9277310924 0.000000e+00
-29.5075630252 0.000000e+00
-29.087394958 0.000000e+00
-28.6672268908 0.000000e+00
-28.2470588235 0.000000e+00
-27.8268907563 0.000000e+00
-27.4067226891 0.000000e+00
-26.9865546218 0.000000e+00
-26.5663865546 0.000000e+00
-26.1462184874 0.000000e+00
-25.7260504202 0.000000e+00
-25.3058823529 0.000000e+00
-24.8857142857 0.000000e+00
-24.4655462185 0.000000e+00
-24.0453781513 0.000000e+00
-23.625210084 0.000000e+00
-23.2050420168 0.000000e+00
-22.7848739496 0.000000e+00
-22.3647058824 0.000000e+00
-21.9445378151 0.000000e+00
-21.5243697479 0.000000e+00
-21.1042016807 0.000000e+00
-20.6840336134 0.000000e+00
-20.2638655462 0.000000e+00
-19.843697479 0.000000e+00
-19.4235294118 0.000000e+00
-19.0033613445 0.000000e+00
-18.5831932773 0.000000e+00
-18.1630252101 0.000000e+00
-17.7428571429 0.000000e+00
-17.3226890756 0.000000e+00
-16.9025210084 0.000000e+00
-16.4823529412 0.000000e+00
-16.0621848739 0.000000e+00
-15.6420168067 0.000000e+00
-15.2218487395 0.000000e+00
-14.8016806723 0.000000e+00
-14.381512605 0.000000e+00
-13.9613445378 0.000000e+00
-13.5411764706 0.000000e+00
-13.1210084034 0.000000e+00
-12.7008403361 0.000000e+00
-12.2806722689 0.000000e+00
-11.8605042017 0.000000e+00
-11.4403361345 0.000000e+00
-11.0201680672 0.000000e+00
-10.6 0.000000e+00
-10.1798319328 0.000000e+00
-9.75966386555 0.000000e+00
-9.33949579832 0.000000e+00
-8.91932773109 0.000000e+00
-8.49915966387 0.000000e+00
-8.07899159664 0.000000e+00
-7.65882352941 0.000000e+00
-7.23865546218 0.000000e+00
-6.81848739496 0.000000e+00
-6.39831932773 0.000000e+00
-5.9781512605 0.000000e+00
-5.55798319328 0.000000e+00
-5.13781512605 0.000000e+00
-4.71764705882 0.000000e+00
-4.2974789916 0.000000e+00
-3.87731092437 0.000000e+00
-3.45714285714 0.000000e+00
-3.03697478992 0.000000e+00
-2.61680672269 0.000000e+00
-2.19663865546 0.000000e+00
-1.77647058824 0.000000e+00
-1.35630252101 0.000000e+00
-0.936134453782 0.000000e+00
-0.515966386555 0.000000e+00
-0.0957983193277 0.000000e+00
0.324369747899 1.000000e+00
0.744537815126 4.581204e-01
1.16470588235 2.751454e-01
1.58487394958 1.876445e-01
2.00504201681 0.000000e+00
2.42521008403 2.449126e-01
2.84537815126 0.000000e+00
3.26554621849 0.000000e+00
3.68571428571 0.000000e+00
4.10588235294 0.000000e+00
4.52605042017 0.000000e+00
4.94621848739 0.000000e+00
5.36638655462 0.000000e+00
5.78655462185 0.000000e+00
6.20672268908 0.000000e+00
6.6268907563 0.000000e+00
7.04705882353 0.000000e+00
7.46722689076 0.000000e+00
7.88739495798 0.000000e+00
8.30756302521 0.000000e+00
8.72773109244 0.000000e+00
9.14789915966 0.000000e+00
9.56806722689 0.000000e+00
9.98823529412 0.000000e+00
10.4084033613 0.000000e+00
10.8285714286 0.000000e+00
11.2487394958 0.000000e+00
11.668907563 0.000000e+00
12.0890756303 0.000000e+00
12.5092436975 0.000000e+00
12.9294117647 0.000000e+00
13.3495798319 0.000000e+00
13.7697478992 0.000000e+00
14.1899159664 0.000000e+00
14.6100840336 0.000000e+00
15.0302521008 0.000000e+00
15.4504201681 0.000000e+00
15.8705882353 0.000000e+00
16.2907563025 0.000000e+00
16.7109243697 0.000000e+00
17.131092437 0.000000e+00
17.5512605042 0.000000e+00
17.9714285714 0.000000e+00
18.3915966387 0.000000e+00
18.8117647059 0.000000e+00
19.2319327731 0.000000e+00
19.6521008403 0.000000e+00
20.0722689076 0.000000e+00
20.4924369748 0.000000e+00
20.912605042 0.000000e+00
21.3327731092 0.000000e+00
21.7529411765 0.000000e+00
22.1731092437 0.000000e+00
22.5932773109 0.000000e+00
23.0134453782 0.000000e+00
23.4336134454 0.000000e+00
23.8537815126 0.000000e+00
24.2739495798 0.000000e+00
24.6941176471 0.000000e+00
25.1142857143 0.000000e+00
25.5344537815 0.000000e+00
25.9546218487 0.000000e+00
26.374789916 0.000000e+00
26.7949579832 0.000000e+00
27.2151260504 0.000000e+00
27.6352941176 0.000000e+00
28.0554621849 0.000000e+00
28.4756302521 0.000000e+00
28.8957983193 0.000000e+00
29.3159663866 0.000000e+00
29.7361344538 0.000000e+00
30.156302521 0.000000e+00
30.5764705882 0.000000e+00
30.9966386555 0.000000e+00
31.4168067227 0.000000e+00
31.8369747899 0.000000e+00
32.2571428571 0.000000e+00
32.6773109244 0.000000e+00
33.0974789916 0.000000e+00
33.5176470588 0.000000e+00
33.9378151261 0.000000e+00
34.3579831933 0.000000e+00
34.7781512605 0.000000e+00
35.1983193277 0.000000e+00
35.618487395 0.000000e+00
36.0386554622 0.000000e+00
36.4588235294 0.000000e+00
36.8789915966 0.000000e+00
37.2991596639 0.000000e+00
37.7193277311 0.000000e+00
38.1394957983 0.000000e+00
38.5596638655 0.000000e+00
38.9798319328 0.000000e+00
39.4 0.000000e+00
39.8201680672 0.000000e+00
40.2403361345 0.000000e+00
40.6605042017 0.000000e+00
41.0806722689 0.000000e+00
41.5008403361 0.000000e+00
41.9210084034 0.000000e+00
42.3411764706 0.000000e+00
42.7613445378 0.000000e+00
43.181512605 0.000000e+00
43.6016806723 0.000000e+00
44.0218487395 0.000000e+00
44.4420168067 0.000000e+00
44.8621848739 0.000000e+00
45.2823529412 0.000000e+00
45.7025210084 0.000000e+00
46.1226890756 0.000000e+00
46.5428571429 0.000000e+00
46.9630252101 0.000000e+00
47.3831932773 0.000000e+00
47.8033613445 0.000000e+00
48.2235294118 0.000000e+00
48.643697479 0.000000e+00
49.0638655462 0.000000e+00
49.4840336134 0.000000e+00
49.9042016807 0.000000e+00
50.3243697479 0.000000e+00
50.7445378151 0.000000e+00
51.1647058824 0.000000e+00
51.5848739496 0.000000e+00
52.0050420168 0.000000e+00
52.425210084 0.000000e+00
52.8453781513 0.000000e+00
53.2655462185 0.000000e+00
53.6857142857 0.000000e+00
54.1058823529 0.000000e+00
54.5260504202 0.000000e+00
54.9462184874 0.000000e+00
55.3663865546 0.000000e+00
55.7865546218 0.000000e+00
56.2067226891 0.000000e+00
56.6268907563 0.000000e+00
57.0470588235 0.000000e+00
57.4672268908 0.000000e+00
57.887394958 0.000000e+00
58.3075630252 0.000000e+00
58.7277310924 0.000000e+00
59.1478991597 0.000000e+00
59.5680672269 0.000000e+00
59.9882352941 0.000000e+00
60.4084033613 0.000000e+00
60.8285714286 0.000000e+00
61.2487394958 0.000000e+00
61.668907563 0.000000e+00
62.0890756303 0.000000e+00
62.5092436975 0.000000e+00
62.9294117647 0.000000e+00
63.3495798319 0.000000e+00
63.7697478992 0.000000e+00
64.1899159664 0.000000e+00
64.6100840336 0.000000e+00
65.0302521008 0.000000e+00
65.4504201681 0.000000e+00
65.8705882353 0.000000e+00
66.2907563025 0.000000e+00
66.7109243697 0.000000e+00
67.131092437 0.000000e+00
67.5512605042 0.000000e+00
67.9714285714 0.000000e+00
68.3915966387 0.000000e+00
68.8117647059 0.000000e+00
69.2319327731 0.000000e+00
69.6521008403 0.000000e+00
70.0722689076 0.000000e+00
70.4924369748 0.000000e+00
70.912605042 0.000000e+00
71.3327731092 0.000000e+00
71.7529411765 0.000000e+00
72.1731092437 0.000000e+00
72.5932773109 0.000000e+00
73.0134453782 0.000000e+00
73.4336134454 0.000000e+00
73.8537815126 0.000000e+00
74.2739495798 0.000000e+00
74.6941176471 0.000000e+00
75.1142857143 0.000000e+00
75.5344537815 0.000000e+00
75.9546218487 0.000000e+00
76.374789916 0.000000e+00
76.7949579832 0.000000e+00
77.2151260504 0.000000e+00
77.6352941176 0.000000e+00
78.0554621849 0.000000e+00
78.4756302521 0.000000e+00
78.8957983193 0.000000e+00
79.3159663866 0.000000e+00
79.7361344538 0.000000e+00
80.156302521 0.000000e+00
80.5764705882 0.000000e+00
80.9966386555 0.000000e+00
81.4168067227 0.000000e+00
81.8369747899 0.000000e+00
82.2571428571 0.000000e+00
82.6773109244 0.000000e+00
83.0974789916 0.000000e+00
83.5176470588 0.000000e+00
83.9378151261 0.000000e+00
84.3579831933 0.000000e+00
84.7781512605 0.000000e+00
85.1983193277 0.000000e+00
85.618487395 0.000000e+00
86.0386554622 0.000000e+00
86.4588235294 0.000000e+00
86.8789915966 0.000000e+00
87.2991596639 0.000000e+00
87.7193277311 0.000000e+00
88.1394957983 0.000000e+00
88.5596638655 0.000000e+00
88.9798319328 0.000000e+00
89.4 0.000000e+00
89.8201680672 0.000000e+00
90.2403361345 0.000000e+00
90.6605042017 0.000000e+00
91.0806722689 0.000000e+00
91.5008403361 0.000000e+00
91.9210084034 0.000000e+00
92.3411764706 0.000000e+00
92.7613445378 0.000000e+00
93.181512605 0.000000e+00
93.6016806723 0.000000e+00
94.0218487395 0.000000e+00
94.4420168067 0.000000e+00
94.8621848739 0.000000e+00
95.2823529412 0.000000e+00
95.7025210084 0.000000e+00
96.1226890756 0.000000e+00
96.5428571429 0.000000e+00
96.9630252101 0.000000e+00
97.3831932773 0.000000e+00
97.8033613445 0.000000e+00
98.2235294118 0.000000e+00
98.643697479 0.000000e+00
99.0638655462 0.000000e+00
99.4840336134 0.000000e+00
99.9042016807 0.000000e+00
100.324369748 0.000000e+00
100.744537815 0.000000e+00
101.164705882 0.000000e+00
101.58487395 0.000000e+00
102.005042017 0.000000e+00
102.425210084 0.000000e+00
102.845378151 0.000000e+00
103.265546218 0.000000e+00
103.685714286 0.000000e+00
104.105882353 0.000000e+00
104.52605042 0.000000e+00
104.946218487 0.000000e+00
105.366386555 0.000000e+00
105.786554622 0.000000e+00
106.206722689 0.000000e+00
106.626890756 0.000000e+00
107.047058824 0.000000e+00
107.467226891 0.000000e+00
107.887394958 0.000000e+00
108.307563025 0.000000e+00
108.727731092 0.000000e+00
109.14789916 0.000000e+00
109.568067227 0.000000e+00
109.988235294 0.000000e+00
110.408403361 0.000000e+00
110.828571429 0.000000e+00
111.248739496 0.000000e+00
111.668907563 0.000000e+00
112.08907563 0.000000e+00
112.509243697 0.000000e+00
112.929411765 0.000000e+00
113.349579832 0.000000e+00
113.769747899 0.000000e+00
114.189915966 0.000000e+00
114.610084034 0.000000e+00
115.030252101 0.000000e+00
115.450420168 0.000000e+00
115.870588235 0.000000e+00
116.290756303 0.000000e+00
116.71092437 0.000000e+00
117.131092437 0.000000e+00
117.551260504 0.000000e+00
117.971428571 0.000000e+00
118.391596639 0.000000e+00
118.811764706 0.000000e+00
119.231932773 0.000000e+00
119.65210084 0.000000e+00
120.072268908 0.000000e+00
120.492436975 0.000000e+00
120.912605042 0.000000e+00
121.332773109 0.000000e+00
121.752941176 0.000000e+00
122.173109244 0.000000e+00
122.593277311 0.000000e+00
123.013445378 0.000000e+00
123.433613445 0.000000e+00
123.853781513 0.000000e+00
124.27394958 0.000000e+00
124.694117647 0.000000e+00
125.114285714 0.000000e+00
125.534453782 0.000000e+00
125.954621849 0.000000e+00
126.374789916 0.000000e+00
126.794957983 0.000000e+00
127.794957983 0.0
128.794957983 0.0
129.794957983 0.0
130.794957983 0.0
131.794957983 0.0
132.794957983 0.0
133.794957983 0.0
134.794957983 0.0
135.794957983 0.0
136.794957983 0.0
137.794957983 0.0
138.794957983 0.0
139.794957983 0.0
140.794957983 0.0
141.794957983 0.0
142.794957983 0.0
143.794957983 0.0
144.794957983 0.0
145.794957983 0.0
146.794957983 0.0
147.794957983 0.0
148.794957983 0.0
149.794957983 0.0
150.794957983 0.0
151.794957983 0.0
152.794957983 0.0
153.794957983 0.0
154.794957983 0.0
155.794957983 0.0
156.794957983 0.0
157.794957983 0.0
158.794957983 0.0
159.794957983 0.0
160.794957983 0.0
161.794957983 0.0
162.794957983 0.0
163.794957983 0.0
164.794957983 0.0
165.794957983 0.0
166.794957983 0.0
167.794957983 0.0
168.794957983 0.0
169.794957983 0.0
170.794957983 0.0
171.794957983 0.0
172.794957983 0.0
173.794957983 0.0
174.794957983 0.0
175.794957983 0.0
176.794957983 0.0
177.794957983 0.0
178.794957983 0.0
179.794957983 0.0
180.794957983 0.0
181.794957983 0.0
182.794957983 0.0
183.794957983 0.0
184.794957983 0.0
185.794957983 0.0
186.794957983 0.0
187.794957983 0.0
188.794957983 0.0
189.794957983 0.0
190.794957983 0.0
191.794957983 0.0
192.794957983 0.0
193.794957983 0.0
194.794957983 0.0
195.794957983 0.0
196.794957983 0.0
197.794957983 0.0
198.794957983 0.0
199.794957983 0.0
200.794957983 0.0
201.794957983 0.0
202.794957983 0.0
203.794957983 0.0
204.794957983 0.0
205.794957983 0.0
206.794957983 0.0
207.794957983 0.0
208.794957983 0.0
209.794957983 0.0
210.794957983 0.0
211.794957983 0.0
212.794957983 0.0
213.794957983 0.0
214.794957983 0.0
215.794957983 0.0
216.794957983 0.0
217.794957983 0.0
218.794957983 0.0
219.794957983 0.0
220.794957983 0.0
221.794957983 0.0
222.794957983 0.0
223.794957983 0.0
224.794957983 0.0
225.794957983 0.0
226.794957983 0.0
227.794957983 0.0
228.794957983 0.0
229.794957983 0.0
230.794957983 0.0
231.794957983 0.0
232.794957983 0.0
233.794957983 0.0
234.794957983 0.0
235.794957983 0.0
236.794957983 0.0
237.794957983 0.0
238.794957983 0.0
239.794957983 0.0
240.794957983 0.0
241.794957983 0.0
242.794957983 0.0
243.794957983 0.0
244.794957983 0.0
245.794957983 0.0
246.794957983 0.0
247.794957983 0.0
248.794957983 0.0
249.794957983 0.0
250.794957983 0.0
251.794957983 0.0
252.794957983 0.0
253.794957983 0.0
254.794957983 0.0
255.794957983 0.0
256.794957983 0.0
257.794957983 0.0
258.794957983 0.0
259.794957983 0.0
260.794957983 0.0
261.794957983 0.0
262.794957983 0.0
263.794957983 0.0
264.794957983 0.0
265.794957983 0.0
266.794957983 0.0
267.794957983 0.0
268.794957983 0.0
269.794957983 0.0
270.794957983 0.0
271.794957983 0.0
272.794957983 0.0
273.794957983 0.0
274.794957983 0.0
275.794957983 0.0
276.794957983 0.0
277.794957983 0.0
278.794957983 0.0
279.794957983 0.0
280.794957983 0.0
281.794957983 0.0
282.794957983 0.0
283.794957983 0.0
284.794957983 0.0
285.794957983 0.0
286.794957983 0.0
287.794957983 0.0
288.794957983 0.0
289.794957983 0.0
290.794957983 0.0
291.794957983 0.0
292.794957983 0.0
293.794957983 0.0
294.794957983 0.0
295.794957983 0.0
296.794957983 0.0
297.794957983 0.0
298.794957983 0.0
299.794957983 0.0
300.794957983 0.0
301.794957983 0.0
302.794957983 0.0
303.794957983 0.0
304.794957983 0.0
305.794957983 0.0
306.794957983 0.0
307.794957983 0.0
308.794957983 0.0
309.794957983 0.0
310.794957983 0.0
311.794957983 0.0
312.794957983 0.0
313.794957983 0.0
314.794957983 0.0
315.794957983 0.0
316.794957983 0.0
317.794957983 0.0
318.794957983 0.0
319.794957983 0.0
320.794957983 0.0
321.794957983 0.0
322.794957983 0.0
323.794957983 0.0
324.794957983 0.0
325.794957983 0.0
326.794957983 0.0
327.794957983 0.0
328.794957983 0.0
329.794957983 0.0
330.794957983 0.0
331.794957983 0.0
332.794957983 0.0
333.794957983 0.0
334.794957983 0.0
335.794957983 0.0
336.794957983 0.0
337.794957983 0.0
338.794957983 0.0
339.794957983 0.0
340.794957983 0.0
341.794957983 0.0
342.794957983 0.0
343.794957983 0.0
344.794957983 0.0
345.794957983 0.0
346.794957983 0.0
347.794957983 0.0
348.794957983 0.0
349.794957983 0.0
350.794957983 0.0
351.794957983 0.0
352.794957983 0.0
353.794957983 0.0
354.794957983 0.0
355.794957983 0.0
356.794957983 0.0
357.794957983 0.0
358.794957983 0.0
359.794957983 0.0
360.794957983 0.0
361.794957983 0.0
362.794957983 0.0
363.794957983 0.0
364.794957983 0.0
365.794957983 0.0
366.794957983 0.0
367.794957983 0.0
368.794957983 0.0
369.794957983 0.0
370.794957983 0.0
371.794957983 0.0
372.794957983 0.0
373.794957983 0.0
374.794957983 0.0
375.794957983 0.0
376.794957983 0.0
377.794957983 0.0
378.794957983 0.0
379.794957983 0.0
380.794957983 0.0
381.794957983 0.0
382.794957983 0.0
383.794957983 0.0
384.794957983 0.0
385.794957983 0.0
386.794957983 0.0
387.794957983 0.0
388.794957983 0.0
389.794957983 0.0
390.794957983 0.0
391.794957983 0.0
392.794957983 0.0
393.794957983 0.0
394.794957983 0.0
395.794957983 0.0
396.794957983 0.0
397.794957983 0.0
398.794957983 0.0
399.794957983 0.0
400.794957983 0.0
401.794957983 0.0
402.794957983 0.0
403.794957983 0.0
404.794957983 0.0
405.794957983 0.0
406.794957983 0.0
407.794957983 0.0
408.794957983 0.0
409.794957983 0.0
410.794957983 0.0
411.794957983 0.0
412.794957983 0.0
413.794957983 0.0
414.794957983 0.0
415.794957983 0.0
416.794957983 0.0
417.794957983 0.0
418.794957983 0.0
419.794957983 0.0
420.794957983 0.0
421.794957983 0.0
422.794957983 0.0
423.794957983 0.0
424.794957983 0.0
425.794957983 0.0
426.794957983 0.0
427.794957983 0.0
428.794957983 0.0
429.794957983 0.0
430.794957983 0.0
431.794957983 0.0
432.794957983 0.0
433.794957983 0.0
434.794957983 0.0
435.794957983 0.0
436.794957983 0.0
437.794957983 0.0
438.794957983 0.0
439.794957983 0.0
440.794957983 0.0
441.794957983 0.0
442.794957983 0.0
443.794957983 0.0
444.794957983 0.0
445.794957983 0.0
446.794957983 0.0
447.794957983 0.0
448.794957983 0.0
449.794957983 0.0
450.794957983 0.0
451.794957983 0.0
452.794957983 0.0
453.794957983 0.0
454.794957983 0.0
455.794957983 0.0
456.794957983 0.0
457.794957983 0.0
458.794957983 0.0
459.794957983 0.0
460.794957983 0.0
461.794957983 0.0
462.794957983 0.0
463.794957983 0.0
464.794957983 0.0
465.794957983 0.0
466.794957983 0.0
467.794957983 0.0
468.794957983 0.0
469.794957983 0.0
470.794957983 0.0
471.794957983 0.0
472.794957983 0.0
473.794957983 0.0
474.794957983 0.0
475.794957983 0.0
476.794957983 0.0
477.794957983 0.0
478.794957983 0.0
479.794957983 0.0
480.794957983 0.0
481.794957983 0.0
482.794957983 0.0
483.794957983 0.0
484.794957983 0.0
485.794957983 0.0
486.794957983 0.0
487.794957983 0.0
488.794957983 0.0
489.794957983 0.0
490.794957983 0.0
491.794957983 0.0
492.794957983 0.0
493.794957983 0.0
494.794957983 0.0
495.794957983 0.0
496.794957983 0.0
497.794957983 0.0
498.794957983 0.0
499.794957983 0.0
500.794957983 0.0
501.794957983 0.0
502.794957983 0.0
503.794957983 0.0
504.794957983 0.0
505.794957983 0.0
506.794957983 0.0
507.794957983 0.0
508.794957983 0.0
509.794957983 0.0
510.794957983 0.0
511.794957983 0.0
512.794957983 0.0
513.794957983 0.0
514.794957983 0.0
515.794957983 0.0
516.794957983 0.0
517.794957983 0.0
518.794957983 0.0
519.794957983 0.0
520.794957983 0.0
521.794957983 0.0
522.794957983 0.0
523.794957983 0.0
524.794957983 0.0
525.794957983 0.0
526.794957983 0.0
527.794957983 0.0
528.794957983 0.0
529.794957983 0.0
530.794957983 0.0
531.794957983 0.0
532.794957983 0.0
533.794957983 0.0
534.794957983 0.0
535.794957983 0.0
536.794957983 0.0
537.794957983 0.0
538.794957983 0.0
539.794957983 0.0
540.794957983 0.0
541.794957983 0.0
542.794957983 0.0
543.794957983 0.0
544.794957983 0.0
545.794957983 0.0
546.794957983 0.0
547.794957983 0.0
548.794957983 0.0
549.794957983 0.0
550.794957983 0.0
551.794957983 0.0
552.794957983 0.0
553.794957983 0.0
554.794957983 0.0
555.794957983 0.0
556.794957983 0.0
557.794957983 0.0
558.794957983 0.0
559.794957983 0.0
560.794957983 0.0
561.794957983 0.0
562.794957983 0.0
563.794957983 0.0
564.794957983 0.0
565.794957983 0.0
566.794957983 0.0
567.794957983 0.0
568.794957983 0.0
569.794957983 0.0
570.794957983 0.0
571.794957983 0.0
572.794957983 0.0
573.794957983 0.0
574.794957983 0.0
575.794957983 0.0
576.794957983 0.0
577.794957983 0.0
578.794957983 0.0
579.794957983 0.0
580.794957983 0.0
581.794957983 0.0
582.794957983 0.0
583.794957983 0.0
584.794957983 0.0
585.794957983 0.0
586.794957983 0.0
587.794957983 0.0
588.794957983 0.0
589.794957983 0.0
590.794957983 0.0
591.794957983 0.0
592.794957983 0.0
593.794957983 0.0
594.794957983 0.0
595.794957983 0.0
596.794957983 0.0
597.794957983 0.0
598.794957983 0.0
599.794957983 0.0
600.794957983 0.0
601.794957983 0.0
602.794957983 0.0
603.794957983 0.0
604.794957983 0.0
605.794957983 0.0
606.794957983 0.0
607.794957983 0.0
608.794957983 0.0
609.794957983 0.0
610.794957983 0.0
611.794957983 0.0
612.794957983 0.0
613.794957983 0.0
614.794957983 0.0
615.794957983 0.0
616.794957983 0.0
617.794957983 0.0
618.794957983 0.0
619.794957983 0.0
620.794957983 0.0
621.794957983 0.0
622.794957983 0.0
623.794957983 0.0
624.794957983 0.0
625.794957983 0.0
626.794957983 0.0
