-582.800785681 0.0
-581.800785681 0.0
-580.800785681 0.0
-579.800785681 0.0
-578.800785681 0.0
-577.800785681 0.0
-576.800785681 0.0
-575.800785681 0.0
-574.800785681 0.0
-573.800785681 0.0
-572.800785681 0.0
-571.800785681 0.0
-570.800785681 0.0
-569.800785681 0.0
-568.800785681 0.0
-567.800785681 0.0
-566.800785681 0.0
-565.800785681 0.0
-564.800785681 0.0
-563.800785681 0.0
-562.800785681 0.0
-561.800785681 0.0
-560.800785681 0.0
-559.800785681 0.0
-558.800785681 0.0
-557.800785681 0.0
-556.800785681 0.0
-555.800785681 0.0
-554.800785681 0.0
-553.800785681 0.0
-552.800785681 0.0
-551.800785681 0.0
-550.800785681 0.0
-549.800785681 0.0
-548.800785681 0.0
-547.800785681 0.0
-546.800785681 0.0
-545.800785681 0.0
-544.800785681 0.0
-543.800785681 0.0
-542.800785681 0.0
-541.800785681 0.0
-540.800785681 0.0
-539.800785681 0.0
-538.800785681 0.0
-537.800785681 0.0
-536.800785681 0.0
-535.800785681 0.0
-534.800785681 0.0
-533.800785681 0.0
-532.800785681 0.0
-531.800785681 0.0
-530.800785681 0.0
-529.800785681 0.0
-528.800785681 0.0
-527.800785681 0.0
-526.800785681 0.0
-525.800785681 0.0
-524.800785681 0.0
-523.800785681 0.0
-522.800785681 0.0
-521.800785681 0.0
-520.800785681 0.0
-519.800785681 0.0
-518.800785681 0.0
-517.800785681 0.0
-516.800785681 0.0
-515.800785681 0.0
-514.800785681 0.0
-513.800785681 0.0
-512.800785681 0.0
-511.800785681 0.0
-510.800785681 0.0
-509.800785681 0.0
-508.800785681 0.0
-507.800785681 0.0
-506.800785681 0.0
-505.800785681 0.0
-504.800785681 0.0
-503.800785681 0.0
-502.800785681 0.0
-501.800785681 0.0
-500.800785681 0.0
-499.800785681 0.0
-498.800785681 0.0
-497.800785681 0.0
-496.800785681 0.0
-495.800785681 0.0
-494.800785681 0.0
-493.800785681 0.0
-492.800785681 0.0
-491.800785681 0.0
-490.800785681 0.0
-489.800785681 0.0
-488.800785681 0.0
-487.800785681 0.0
-486.800785681 0.0
-485.800785681 0.0
-484.800785681 0.0
-483.800785681 0.0
-482.800785681 0.0
-481.800785681 0.0
-480.800785681 0.0
-479.800785681 0.0
-478.800785681 0.0
-477.800785681 0.0
-476.800785681 0.0
-475.800785681 0.0
-474.800785681 0.0
-473.800785681 0.0
-472.800785681 0.0
-471.800785681 0.0
-470.800785681 0.0
-469.800785681 0.0
-468.800785681 0.0
-467.800785681 0.0
-466.800785681 0.0
-465.800785681 0.0
-464.800785681 0.0
-463.800785681 0.0
-462.800785681 0.0
-461.800785681 0.0
-460.800785681 0.0
-459.800785681 0.0
-458.800785681 0.0
-457.800785681 0.0
-456.800785681 0.0
-455.800785681 0.0
-454.800785681 0.0
-453.800785681 0.0
-452.800785681 0.0
-451.800785681 0.0
-450.800785681 0.0
-449.800785681 0.0
-448.800785681 0.0
-447.800785681 0.0
-446.800785681 0.0
-445.800785681 0.0
-444.800785681 0.0
-443.800785681 0.0
-442.800785681 0.0
-441.800785681 0.0
-440.800785681 0.0
-439.800785681 0.0
-438.800785681 0.0
-437.800785681 0.0
-436.800785681 0.0
-435.800785681 0.0
-434.800785681 0.0
-433.800785681 0.0
-432.800785681 0.0
-431.800785681 0.0
-430.800785681 0.0
-429.800785681 0.0
-428.800785681 0.0
-427.800785681 0.0
-426.800785681 0.0
-425.800785681 0.0
-424.800785681 0.0
-423.800785681 0.0
-422.800785681 0.0
-421.800785681 0.0
-420.800785681 0.0
-419.800785681 0.0
-418.800785681 0.0
-417.800785681 0.0
-416.800785681 0.0
-415.800785681 0.0
-414.800785681 0.0
-413.800785681 0.0
-412.800785681 0.0
-411.800785681 0.0
-410.800785681 0.0
-409.800785681 0.0
-408.800785681 0.0
-407.800785681 0.0
-406.800785681 0.0
-405.800785681 0.0
-404.800785681 0.0
-403.800785681 0.0
-402.800785681 0.0
-401.800785681 0.0
-400.800785681 0.0
-399.800785681 0.0
-398.800785681 0.0
-397.800785681 0.0
-396.800785681 0.0
-395.800785681 0.0
-394.800785681 0.0
-393.800785681 0.0
-392.800785681 0.0
-391.800785681 0.0
-390.800785681 0.0
-389.800785681 0.0
-388.800785681 0.0
-387.800785681 0.0
-386.800785681 0.0
-385.800785681 0.0
-384.800785681 0.0
-383.800785681 0.0
-382.800785681 0.0
-381.800785681 0.0
-380.800785681 0.0
-379.800785681 0.0
-378.800785681 0.0
-377.800785681 0.0
-376.800785681 0.0
-375.800785681 0.0
-374.800785681 0.0
-373.800785681 0.0
-372.800785681 0.0
-371.800785681 0.0
-370.800785681 0.0
-369.800785681 0.0
-368.800785681 0.0
-367.800785681 0.0
-366.800785681 0.0
-365.800785681 0.0
-364.800785681 0.0
-363.800785681 0.0
-362.800785681 0.0
-361.800785681 0.0
-360.800785681 0.0
-359.800785681 0.0
-358.800785681 0.0
-357.800785681 0.0
-356.800785681 0.0
-355.800785681 0.0
-354.800785681 0.0
-353.800785681 0.0
-352.800785681 0.0
-351.800785681 0.0
-350.800785681 0.0
-349.800785681 0.0
-348.800785681 0.0
-347.800785681 0.0
-346.800785681 0.0
-345.800785681 0.0
-344.800785681 0.0
-343.800785681 0.0
-342.800785681 0.0
-341.800785681 0.0
-340.800785681 0.0
-339.800785681 0.0
-338.800785681 0.0
-337.800785681 0.0
-336.800785681 0.0
-335.800785681 0.0
-334.800785681 0.0
-333.800785681 0.0
-332.800785681 0.0
-331.800785681 0.0
-330.800785681 0.0
-329.800785681 0.0
-328.800785681 0.0
-327.800785681 0.0
-326.800785681 0.0
-325.800785681 0.0
-324.800785681 0.0
-323.800785681 0.0
-322.800785681 0.0
-321.800785681 0.0
-320.800785681 0.0
-319.800785681 0.0
-318.800785681 0.0
-317.800785681 0.0
-316.800785681 0.0
-315.800785681 0.0
-314.800785681 0.0
-313.800785681 0.0
-312.800785681 0.0
-311.800785681 0.0
-310.800785681 0.0
-309.800785681 0.0
-308.800785681 0.0
-307.800785681 0.0
-306.800785681 0.0
-305.800785681 0.0
-304.800785681 0.0
-303.800785681 0.0
-302.800785681 0.0
-301.800785681 0.0
-300.800785681 0.0
-299.800785681 0.0
-298.800785681 0.0
-297.800785681 0.0
-296.800785681 0.0
-295.800785681 0.0
-294.800785681 0.0
-293.800785681 0.0
-292.800785681 0.0
-291.800785681 0.0
-290.800785681 0.0
-289.800785681 0.0
-288.800785681 0.0
-287.800785681 0.0
-286.800785681 0.0
-285.800785681 0.0
-284.800785681 0.0
-283.800785681 0.0
-282.800785681 0.0
-281.800785681 0.0
-280.800785681 0.0
-279.800785681 0.0
-278.800785681 0.0
-277.800785681 0.0
-276.800785681 0.0
-275.800785681 0.0
-274.800785681 0.0
-273.800785681 0.0
-272.800785681 0.0
-271.800785681 0.0
-270.800785681 0.0
-269.800785681 0.0
-268.800785681 0.0
-267.800785681 0.0
-266.800785681 0.0
-265.800785681 0.0
-264.800785681 0.0
-263.800785681 0.0
-262.800785681 0.0
-261.800785681 0.0
-260.800785681 0.0
-259.800785681 0.0
-258.800785681 0.0
-257.800785681 0.0
-256.800785681 0.0
-255.800785681 0.0
-254.800785681 0.0
-253.800785681 0.0
-252.800785681 0.0
-251.800785681 0.0
-250.800785681 0.0
-249.800785681 0.0
-248.800785681 0.0
-247.800785681 0.0
-246.800785681 0.0
-245.800785681 0.0
-244.800785681 0.0
-243.800785681 0.0
-242.800785681 0.0
-241.800785681 0.0
-240.800785681 0.0
-239.800785681 0.0
-238.800785681 0.0
-237.800785681 0.0
-236.800785681 0.0
-235.800785681 0.0
-234.800785681 0.0
-233.800785681 0.0
-232.800785681 0.0
-231.800785681 0.0
-230.800785681 0.0
-229.800785681 0.0
-228.800785681 0.0
-227.800785681 0.0
-226.800785681 0.0
-225.800785681 0.0
-224.800785681 0.0
-223.800785681 0.0
-222.800785681 0.0
-221.800785681 0.0
-220.800785681 0.0
-219.800785681 0.0
-218.800785681 0.0
-217.800785681 0.0
-216.800785681 0.0
-215.800785681 0.0
-214.800785681 0.0
-213.800785681 0.0
-212.800785681 0.0
-211.800785681 0.0
-210.800785681 0.0
-209.800785681 0.0
-208.800785681 0.0
-207.800785681 0.0
-206.800785681 0.0
-205.800785681 0.0
-204.800785681 0.0
-203.800785681 0.0
-202.800785681 0.0
-201.800785681 0.0
-200.800785681 0.0
-199.800785681 0.0
-198.800785681 0.0
-197.800785681 0.0
-196.800785681 0.0
-195.800785681 0.0
-194.800785681 0.0
-193.800785681 0.0
-192.800785681 0.0
-191.800785681 0.0
-190.800785681 0.0
-189.800785681 0.0
-188.800785681 0.0
-187.800785681 0.0
-186.800785681 0.0
-185.800785681 0.0
-184.800785681 0.0
-183.800785681 0.0
-182.800785681 0.0
-181.800785681 0.0
-180.800785681 0.0
-179.800785681 0.0
-178.800785681 0.0
-177.800785681 0.0
-176.800785681 0.0
-175.800785681 0.0
-174.800785681 0.0
-173.800785681 0.0
-172.800785681 0.0
-171.800785681 0.0
-170.800785681 0.0
-169.800785681 0.0
-168.800785681 0.0
-167.800785681 0.0
-166.800785681 0.0
-165.800785681 0.0
-164.800785681 0.0
-163.800785681 0.0
-162.800785681 0.0
-161.800785681 0.0
-160.800785681 0.0
-159.800785681 0.0
-158.800785681 0.0
-157.800785681 0.0
-156.800785681 0.0
-155.800785681 0.0
-154.800785681 0.0
-153.800785681 0.0
-152.800785681 0.0
-151.800785681 0.0
-150.800785681 0.0
-149.800785681 0.0
-148.800785681 0.0
-147.800785681 0.0
-146.800785681 0.0
-145.800785681 0.0
-144.800785681 0.0
-143.800785681 0.0
-142.800785681 0.0
-141.800785681 0.0
-140.800785681 0.0
-139.800785681 0.0
-138.800785681 0.0
-137.800785681 0.0
-136.800785681 0.0
-135.800785681 0.0
-134.800785681 0.0
-133.800785681 0.0
-132.800785681 0.0
-131.800785681 0.0
-130.800785681 0.0
-129.800785681 0.0
-128.800785681 0.0
-127.800785681 0.0
-126.800785681 0.0
-125.800785681 0.0
-124.800785681 0.0
-123.800785681 0.0
-122.800785681 0.0
-121.800785681 0.0
-120.800785681 0.0
-119.800785681 0.0
-118.800785681 0.0
-117.800785681 0.0
-116.800785681 0.0
-115.800785681 0.0
-114.800785681 0.0
-113.800785681 0.0
-112.800785681 0.0
-111.800785681 0.0
-110.800785681 0.0
-109.800785681 0.0
-108.800785681 0.0
-107.800785681 0.0
-106.800785681 0.0
-105.800785681 0.0
-104.800785681 0.0
-103.800785681 0.0
-102.800785681 0.0
-101.800785681 0.0
-100.800785681 0.0
-99.8007856807 0.0
-98.8007856807 0.0
-97.8007856807 0.0
-96.8007856807 0.0
-95.8007856807 0.0
-94.8007856807 0.0
-93.8007856807 0.0
-92.8007856807 0.0
-91.8007856807 0.0
-90.8007856807 0.0
-89.8007856807 0.0
-88.8007856807 0.0
-87.8007856807 0.0
-86.8007856807 0.0
-85.8007856807 0.0
-84.8007856807 0.0
-83.8007856807 0.0
-82.8007856807 0.000000e+00
-82.5241375495 0.000000e+00
-82.2474894182 0.000000e+00
-81.970841287 0.000000e+00
-81.6941931557 0.000000e+00
-81.4175450245 0.000000e+00
-81.1408968932 0.000000e+00
-80.864248762 0.000000e+00
-80.5876006308 0.000000e+00
-80.3109524995 0.000000e+00
-80.0343043683 0.000000e+00
-79.757656237 0.000000e+00
-79.4810081058 0.000000e+00
-79.2043599745 0.000000e+00
-78.9277118433 0.000000e+00
-78.6510637121 0.000000e+00
-78.3744155808 0.000000e+00
-78.0977674496 0.000000e+00
-77.8211193183 0.000000e+00
-77.5444711871 0.000000e+00
-77.2678230559 0.000000e+00
-76.9911749246 0.000000e+00
-76.7145267934 0.000000e+00
-76.4378786621 0.000000e+00
-76.1612305309 0.000000e+00
-75.8845823996 0.000000e+00
-75.6079342684 0.000000e+00
-75.3312861372 0.000000e+00
-75.0546380059 0.000000e+00
-74.7779898747 0.000000e+00
-74.5013417434 0.000000e+00
-74.2246936122 0.000000e+00
-73.948045481 0.000000e+00
-73.6713973497 0.000000e+00
-73.3947492185 0.000000e+00
-73.1181010872 0.000000e+00
-72.841452956 0.000000e+00
-72.5648048247 0.000000e+00
-72.2881566935 0.000000e+00
-72.0115085623 0.000000e+00
-71.734860431 0.000000e+00
-71.4582122998 0.000000e+00
-71.1815641685 0.000000e+00
-70.9049160373 0.000000e+00
-70.6282679061 0.000000e+00
-70.3516197748 0.000000e+00
-70.0749716436 0.000000e+00
-69.7983235123 0.000000e+00
-69.5216753811 0.000000e+00
-69.2450272498 0.000000e+00
-68.9683791186 0.000000e+00
-68.6917309874 0.000000e+00
-68.4150828561 0.000000e+00
-68.1384347249 0.000000e+00
-67.8617865936 0.000000e+00
-67.5851384624 0.000000e+00
-67.3084903311 0.000000e+00
-67.0318421999 0.000000e+00
-66.7551940687 0.000000e+00
-66.4785459374 0.000000e+00
-66.2018978062 0.000000e+00
-65.9252496749 0.000000e+00
-65.6486015437 0.000000e+00
-65.3719534125 0.000000e+00
-65.0953052812 0.000000e+00
-64.81865715 0.000000e+00
-64.5420090187 0.000000e+00
-64.2653608875 0.000000e+00
-63.9887127562 0.000000e+00
-63.712064625 0.000000e+00
-63.4354164938 0.000000e+00
-63.1587683625 0.000000e+00
-62.8821202313 0.000000e+00
-62.6054721 0.000000e+00
-62.3288239688 0.000000e+00
-62.0521758376 0.000000e+00
-61.7755277063 0.000000e+00
-61.4988795751 0.000000e+00
-61.2222314438 0.000000e+00
-60.9455833126 0.000000e+00
-60.6689351813 0.000000e+00
-60.3922870501 0.000000e+00
-60.1156389189 0.000000e+00
-59.8389907876 0.000000e+00
-59.5623426564 0.000000e+00
-59.2856945251 0.000000e+00
-59.0090463939 0.000000e+00
-58.7323982626 0.000000e+00
-58.4557501314 0.000000e+00
-58.1791020002 0.000000e+00
-57.9024538689 0.000000e+00
-57.6258057377 0.000000e+00
-57.3491576064 0.000000e+00
-57.0725094752 0.000000e+00
-56.795861344 0.000000e+00
-56.5192132127 0.000000e+00
-56.2425650815 0.000000e+00
-55.9659169502 0.000000e+00
-55.689268819 0.000000e+00
-55.4126206877 0.000000e+00
-55.1359725565 0.000000e+00
-54.8593244253 0.000000e+00
-54.582676294 0.000000e+00
-54.3060281628 0.000000e+00
-54.0293800315 0.000000e+00
-53.7527319003 0.000000e+00
-53.4760837691 0.000000e+00
-53.1994356378 0.000000e+00
-52.9227875066 0.000000e+00
-52.6461393753 0.000000e+00
-52.3694912441 0.000000e+00
-52.0928431128 0.000000e+00
-51.8161949816 0.000000e+00
-51.5395468504 0.000000e+00
-51.2628987191 0.000000e+00
-50.9862505879 0.000000e+00
-50.7096024566 0.000000e+00
-50.4329543254 0.000000e+00
-50.1563061942 0.000000e+00
-49.8796580629 0.000000e+00
-49.6030099317 0.000000e+00
-49.3263618004 0.000000e+00
-49.0497136692 0.000000e+00
-48.7730655379 0.000000e+00
-48.4964174067 0.000000e+00
-48.2197692755 0.000000e+00
-47.9431211442 0.000000e+00
-47.666473013 0.000000e+00
-47.3898248817 0.000000e+00
-47.1131767505 0.000000e+00
-46.8365286192 0.000000e+00
-46.559880488 0.000000e+00
-46.2832323568 0.000000e+00
-46.0065842255 0.000000e+00
-45.7299360943 0.000000e+00
-45.453287963 0.000000e+00
-45.1766398318 0.000000e+00
-44.8999917006 0.000000e+00
-44.6233435693 0.000000e+00
-44.3466954381 0.000000e+00
-44.0700473068 0.000000e+00
-43.7933991756 0.000000e+00
-43.5167510443 0.000000e+00
-43.2401029131 0.000000e+00
-42.9634547819 0.000000e+00
-42.6868066506 0.000000e+00
-42.4101585194 0.000000e+00
-42.1335103881 0.000000e+00
-41.8568622569 0.000000e+00
-41.5802141257 0.000000e+00
-41.3035659944 0.000000e+00
-41.0269178632 0.000000e+00
-40.7502697319 0.000000e+00
-40.4736216007 0.000000e+00
-40.1969734694 0.000000e+00
-39.9203253382 0.000000e+00
-39.643677207 0.000000e+00
-39.3670290757 0.000000e+00
-39.0903809445 0.000000e+00
-38.8137328132 0.000000e+00
-38.537084682 0.000000e+00
-38.2604365508 0.000000e+00
-37.9837884195 0.000000e+00
-37.7071402883 0.000000e+00
-37.430492157 0.000000e+00
-37.1538440258 0.000000e+00
-36.8771958945 0.000000e+00
-36.6005477633 0.000000e+00
-36.3238996321 0.000000e+00
-36.0472515008 0.000000e+00
-35.7706033696 0.000000e+00
-35.4939552383 0.000000e+00
-35.2173071071 0.000000e+00
-34.9406589758 0.000000e+00
-34.6640108446 0.000000e+00
-34.3873627134 0.000000e+00
-34.1107145821 0.000000e+00
-33.8340664509 0.000000e+00
-33.5574183196 0.000000e+00
-33.2807701884 0.000000e+00
-33.0041220572 0.000000e+00
-32.7274739259 0.000000e+00
-32.4508257947 0.000000e+00
-32.1741776634 0.000000e+00
-31.8975295322 0.000000e+00
-31.6208814009 0.000000e+00
-31.3442332697 0.000000e+00
-31.0675851385 0.000000e+00
-30.7909370072 0.000000e+00
-30.514288876 0.000000e+00
-30.2376407447 0.000000e+00
-29.9609926135 0.000000e+00
-29.6843444823 0.000000e+00
-29.407696351 0.000000e+00
-29.1310482198 0.000000e+00
-28.8544000885 0.000000e+00
-28.5777519573 0.000000e+00
-28.301103826 0.000000e+00
-28.0244556948 0.000000e+00
-27.7478075636 0.000000e+00
-27.4711594323 0.000000e+00
-27.1945113011 0.000000e+00
-26.9178631698 0.000000e+00
-26.6412150386 0.000000e+00
-26.3645669074 0.000000e+00
-26.0879187761 0.000000e+00
-25.8112706449 0.000000e+00
-25.5346225136 0.000000e+00
-25.2579743824 0.000000e+00
-24.9813262511 0.000000e+00
-24.7046781199 0.000000e+00
-24.4280299887 0.000000e+00
-24.1513818574 0.000000e+00
-23.8747337262 0.000000e+00
-23.5980855949 0.000000e+00
-23.3214374637 0.000000e+00
-23.0447893324 0.000000e+00
-22.7681412012 0.000000e+00
-22.49149307 0.000000e+00
-22.2148449387 0.000000e+00
-21.9381968075 0.000000e+00
-21.6615486762 0.000000e+00
-21.384900545 0.000000e+00
-21.1082524138 0.000000e+00
-20.8316042825 0.000000e+00
-20.5549561513 0.000000e+00
-20.27830802 0.000000e+00
-20.0016598888 0.000000e+00
-19.7250117575 0.000000e+00
-19.4483636263 0.000000e+00
-19.1717154951 0.000000e+00
-18.8950673638 0.000000e+00
-18.6184192326 0.000000e+00
-18.3417711013 0.000000e+00
-18.0651229701 0.000000e+00
-17.7884748389 0.000000e+00
-17.5118267076 0.000000e+00
-17.2351785764 0.000000e+00
-16.9585304451 0.000000e+00
-16.6818823139 0.000000e+00
-16.4052341826 0.000000e+00
-16.1285860514 0.000000e+00
-15.8519379202 0.000000e+00
-15.5752897889 0.000000e+00
-15.2986416577 0.000000e+00
-15.0219935264 0.000000e+00
-14.7453453952 0.000000e+00
-14.4686972639 0.000000e+00
-14.1920491327 0.000000e+00
-13.9154010015 0.000000e+00
-13.6387528702 0.000000e+00
-13.362104739 0.000000e+00
-13.0854566077 0.000000e+00
-12.8088084765 0.000000e+00
-12.5321603453 0.000000e+00
-12.255512214 0.000000e+00
-11.9788640828 0.000000e+00
-11.7022159515 0.000000e+00
-11.4255678203 0.000000e+00
-11.148919689 0.000000e+00
-10.8722715578 0.000000e+00
-10.5956234266 0.000000e+00
-10.3189752953 0.000000e+00
-10.0423271641 0.000000e+00
-9.76567903284 0.000000e+00
-9.4890309016 0.000000e+00
-9.21238277035 0.000000e+00
-8.93573463911 0.000000e+00
-8.65908650787 0.000000e+00
-8.38243837663 0.000000e+00
-8.10579024539 0.000000e+00
-7.82914211415 0.000000e+00
-7.5524939829 0.000000e+00
-7.27584585166 0.000000e+00
-6.99919772042 0.000000e+00
-6.72254958918 0.000000e+00
-6.44590145794 0.000000e+00
-6.16925332669 0.000000e+00
-5.89260519545 0.000000e+00
-5.61595706421 0.000000e+00
-5.33930893297 0.000000e+00
-5.06266080173 0.000000e+00
-4.78601267048 0.000000e+00
-4.50936453924 0.000000e+00
-4.232716408 0.000000e+00
-3.95606827676 1.286834e-01
-3.67942014552 0.000000e+00
-3.40277201428 0.000000e+00
-3.12612388303 0.000000e+00
-2.84947575179 0.000000e+00
-2.57282762055 0.000000e+00
-2.29617948931 0.000000e+00
-2.01953135807 0.000000e+00
-1.74288322682 0.000000e+00
-1.46623509558 0.000000e+00
-1.18958696434 0.000000e+00
-0.912938833098 0.000000e+00
-0.636290701856 1.434920e-01
-0.359642570614 2.431166e-01
-0.0829944393726 3.591607e-01
0.193653691869 3.977046e-01
0.470301823111 3.686821e-01
0.746949954353 2.610599e-01
1.02359808559 2.737957e-01
1.30024621684 1.284129e-01
1.57689434808 1.390873e-01
1.85354247932 1.140572e-01
2.13019061056 2.287486e-01
2.4068387418 1.984562e-01
2.68348687305 3.437442e-01
2.96013500429 2.817018e-01
3.23678313553 1.921111e-01
3.51343126677 1.970467e-01
3.79007939801 3.041819e-01
4.06672752926 2.484542e-01
4.3433756605 2.170641e-01
4.62002379174 1.740802e-01
4.89667192298 1.502303e-01
5.17332005422 1.423731e-01
5.44996818546 1.529910e-01
5.72661631671 1.021906e-01
6.00326444795 1.317331e-01
6.27991257919 0.000000e+00
6.55656071043 0.000000e+00
6.83320884167 0.000000e+00
7.10985697292 0.000000e+00
7.38650510416 0.000000e+00
7.6631532354 0.000000e+00
7.93980136664 0.000000e+00
8.21644949788 0.000000e+00
8.49309762913 0.000000e+00
8.76974576037 0.000000e+00
9.04639389161 0.000000e+00
9.32304202285 0.000000e+00
9.59969015409 0.000000e+00
9.87633828533 0.000000e+00
10.1529864166 0.000000e+00
10.4296345478 0.000000e+00
10.7062826791 0.000000e+00
10.9829308103 0.000000e+00
11.2595789415 0.000000e+00
11.5362270728 0.000000e+00
11.812875204 0.000000e+00
12.0895233353 8.877272e-02
12.3661714665 0.000000e+00
12.6428195978 0.000000e+00
12.919467729 0.000000e+00
13.1961158602 0.000000e+00
13.4727639915 0.000000e+00
13.7494121227 0.000000e+00
14.026060254 0.000000e+00
14.3027083852 0.000000e+00
14.5793565164 0.000000e+00
14.8560046477 0.000000e+00
15.1326527789 0.000000e+00
15.4093009102 0.000000e+00
15.6859490414 0.000000e+00
15.9625971727 0.000000e+00
16.2392453039 0.000000e+00
16.5158934351 0.000000e+00
16.7925415664 0.000000e+00
17.0691896976 0.000000e+00
17.3458378289 0.000000e+00
17.6224859601 0.000000e+00
17.8991340913 0.000000e+00
18.1757822226 0.000000e+00
18.4524303538 0.000000e+00
18.7290784851 0.000000e+00
19.0057266163 0.000000e+00
19.2823747476 0.000000e+00
19.5590228788 0.000000e+00
19.83567101 0.000000e+00
20.1123191413 0.000000e+00
20.3889672725 0.000000e+00
20.6656154038 0.000000e+00
20.942263535 0.000000e+00
21.2189116663 0.000000e+00
21.4955597975 0.000000e+00
21.7722079287 0.000000e+00
22.04885606 0.000000e+00
22.3255041912 0.000000e+00
22.6021523225 0.000000e+00
22.8788004537 0.000000e+00
23.1554485849 0.000000e+00
23.4320967162 0.000000e+00
23.7087448474 0.000000e+00
23.9853929787 0.000000e+00
24.2620411099 0.000000e+00
24.5386892412 0.000000e+00
24.8153373724 0.000000e+00
25.0919855036 0.000000e+00
25.3686336349 0.000000e+00
25.6452817661 0.000000e+00
25.9219298974 0.000000e+00
26.1985780286 0.000000e+00
26.4752261598 0.000000e+00
26.7518742911 0.000000e+00
27.0285224223 0.000000e+00
27.3051705536 0.000000e+00
27.5818186848 0.000000e+00
27.8584668161 0.000000e+00
28.1351149473 0.000000e+00
28.4117630785 0.000000e+00
28.6884112098 0.000000e+00
28.965059341 0.000000e+00
29.2417074723 0.000000e+00
29.5183556035 0.000000e+00
29.7950037347 0.000000e+00
30.071651866 0.000000e+00
30.3482999972 0.000000e+00
30.6249481285 0.000000e+00
30.9015962597 0.000000e+00
31.178244391 0.000000e+00
31.4548925222 0.000000e+00
31.7315406534 0.000000e+00
32.0081887847 0.000000e+00
32.2848369159 0.000000e+00
32.5614850472 0.000000e+00
32.8381331784 0.000000e+00
33.1147813097 0.000000e+00
33.3914294409 0.000000e+00
33.6680775721 0.000000e+00
33.9447257034 0.000000e+00
34.2213738346 0.000000e+00
34.4980219659 0.000000e+00
34.7746700971 0.000000e+00
35.0513182283 0.000000e+00
35.3279663596 0.000000e+00
35.6046144908 0.000000e+00
35.8812626221 0.000000e+00
36.1579107533 0.000000e+00
36.4345588846 0.000000e+00
36.7112070158 0.000000e+00
36.987855147 0.000000e+00
37.2645032783 0.000000e+00
37.5411514095 0.000000e+00
37.8177995408 0.000000e+00
38.094447672 0.000000e+00
38.3710958032 0.000000e+00
38.6477439345 0.000000e+00
38.9243920657 0.000000e+00
39.201040197 0.000000e+00
39.4776883282 0.000000e+00
39.7543364595 0.000000e+00
40.0309845907 0.000000e+00
40.3076327219 0.000000e+00
40.5842808532 0.000000e+00
40.8609289844 0.000000e+00
41.1375771157 0.000000e+00
41.4142252469 0.000000e+00
41.6908733782 0.000000e+00
41.9675215094 0.000000e+00
42.2441696406 0.000000e+00
42.5208177719 0.000000e+00
42.7974659031 0.000000e+00
43.0741140344 0.000000e+00
43.3507621656 0.000000e+00
43.6274102968 0.000000e+00
43.9040584281 0.000000e+00
44.1807065593 0.000000e+00
44.4573546906 0.000000e+00
44.7340028218 0.000000e+00
45.0106509531 0.000000e+00
45.2872990843 0.000000e+00
45.5639472155 0.000000e+00
45.8405953468 0.000000e+00
46.117243478 0.000000e+00
46.3938916093 0.000000e+00
46.6705397405 0.000000e+00
46.9471878717 0.000000e+00
47.223836003 0.000000e+00
47.5004841342 0.000000e+00
47.7771322655 0.000000e+00
48.0537803967 0.000000e+00
48.330428528 0.000000e+00
48.6070766592 0.000000e+00
48.8837247904 0.000000e+00
49.1603729217 0.000000e+00
49.4370210529 0.000000e+00
49.7136691842 0.000000e+00
49.9903173154 0.000000e+00
50.2669654466 0.000000e+00
50.5436135779 0.000000e+00
50.8202617091 0.000000e+00
51.0969098404 0.000000e+00
51.3735579716 0.000000e+00
51.6502061029 0.000000e+00
51.9268542341 0.000000e+00
52.2035023653 0.000000e+00
52.4801504966 0.000000e+00
52.7567986278 0.000000e+00
53.0334467591 0.000000e+00
53.3100948903 0.000000e+00
53.5867430216 0.000000e+00
53.8633911528 0.000000e+00
54.140039284 0.000000e+00
54.4166874153 0.000000e+00
54.6933355465 0.000000e+00
54.9699836778 0.000000e+00
55.246631809 0.000000e+00
55.5232799402 0.000000e+00
55.7999280715 0.000000e+00
56.0765762027 0.000000e+00
56.353224334 0.000000e+00
56.6298724652 0.000000e+00
56.9065205965 0.000000e+00
57.1831687277 0.000000e+00
57.4598168589 0.000000e+00
57.7364649902 0.000000e+00
58.0131131214 0.000000e+00
58.2897612527 0.000000e+00
58.5664093839 0.000000e+00
58.8430575151 0.000000e+00
59.1197056464 0.000000e+00
59.3963537776 0.000000e+00
59.6730019089 0.000000e+00
59.9496500401 0.000000e+00
60.2262981714 0.000000e+00
60.5029463026 0.000000e+00
60.7795944338 0.000000e+00
61.0562425651 0.000000e+00
61.3328906963 0.000000e+00
61.6095388276 0.000000e+00
61.8861869588 0.000000e+00
62.16283509 0.000000e+00
62.4394832213 4.111274e-01
62.7161313525 5.697525e-01
62.9927794838 6.939538e-01
63.269427615 7.993332e-01
63.5460757463 1.000000e+00
63.8227238775 8.004857e-01
64.0993720087 8.655291e-01
64.37602014 9.031424e-01
64.6526682712 7.560306e-01
64.9293164025 7.594696e-01
65.2059645337 7.436784e-01
65.482612665 8.565052e-01
65.7592607962 0.000000e+00
66.0359089274 0.000000e+00
66.3125570587 0.000000e+00
66.5892051899 0.000000e+00
66.8658533212 0.000000e+00
67.1425014524 0.000000e+00
67.4191495836 0.000000e+00
67.6957977149 0.000000e+00
67.9724458461 0.000000e+00
68.2490939774 0.000000e+00
68.5257421086 0.000000e+00
68.8023902399 0.000000e+00
69.0790383711 0.000000e+00
69.3556865023 0.000000e+00
69.6323346336 0.000000e+00
69.9089827648 0.000000e+00
70.1856308961 0.000000e+00
70.4622790273 0.000000e+00
70.7389271585 0.000000e+00
71.0155752898 0.000000e+00
71.292223421 0.000000e+00
71.5688715523 0.000000e+00
71.8455196835 0.000000e+00
72.1221678148 0.000000e+00
72.398815946 0.000000e+00
72.6754640772 0.000000e+00
72.9521122085 0.000000e+00
73.2287603397 0.000000e+00
73.505408471 0.000000e+00
73.7820566022 0.000000e+00
74.0587047334 0.000000e+00
74.3353528647 0.000000e+00
74.6120009959 0.000000e+00
74.8886491272 0.000000e+00
75.1652972584 0.000000e+00
75.4419453897 0.000000e+00
75.7185935209 0.000000e+00
75.9952416521 0.000000e+00
76.2718897834 0.000000e+00
76.5485379146 0.000000e+00
76.8251860459 0.000000e+00
77.1018341771 0.000000e+00
77.3784823084 0.000000e+00
77.6551304396 0.000000e+00
77.9317785708 0.000000e+00
78.2084267021 0.000000e+00
78.4850748333 0.000000e+00
78.7617229646 0.000000e+00
79.0383710958 0.000000e+00
79.315019227 0.000000e+00
79.5916673583 0.000000e+00
79.8683154895 0.000000e+00
80.1449636208 0.000000e+00
80.421611752 0.000000e+00
80.6982598833 0.000000e+00
80.9749080145 0.000000e+00
81.2515561457 0.000000e+00
81.528204277 0.000000e+00
81.8048524082 0.000000e+00
82.0815005395 0.000000e+00
82.3581486707 0.000000e+00
82.6347968019 0.000000e+00
82.9114449332 0.000000e+00
83.1880930644 0.000000e+00
83.4647411957 0.000000e+00
84.4647411957 0.0
85.4647411957 0.0
86.4647411957 0.0
87.4647411957 0.0
88.4647411957 0.0
89.4647411957 0.0
90.4647411957 0.0
91.4647411957 0.0
92.4647411957 0.0
93.4647411957 0.0
94.4647411957 0.0
95.4647411957 0.0
96.4647411957 0.0
97.4647411957 0.0
98.4647411957 0.0
99.4647411957 0.0
100.464741196 0.0
101.464741196 0.0
102.464741196 0.0
103.464741196 0.0
104.464741196 0.0
105.464741196 0.0
106.464741196 0.0
107.464741196 0.0
108.464741196 0.0
109.464741196 0.0
110.464741196 0.0
111.464741196 0.0
112.464741196 0.0
113.464741196 0.0
114.464741196 0.0
115.464741196 0.0
116.464741196 0.0
117.464741196 0.0
118.464741196 0.0
119.464741196 0.0
120.464741196 0.0
121.464741196 0.0
122.464741196 0.0
123.464741196 0.0
124.464741196 0.0
125.464741196 0.0
126.464741196 0.0
127.464741196 0.0
128.464741196 0.0
129.464741196 0.0
130.464741196 0.0
131.464741196 0.0
132.464741196 0.0
133.464741196 0.0
134.464741196 0.0
135.464741196 0.0
136.464741196 0.0
137.464741196 0.0
138.464741196 0.0
139.464741196 0.0
140.464741196 0.0
141.464741196 0.0
142.464741196 0.0
143.464741196 0.0
144.464741196 0.0
145.464741196 0.0
146.464741196 0.0
147.464741196 0.0
148.464741196 0.0
149.464741196 0.0
150.464741196 0.0
151.464741196 0.0
152.464741196 0.0
153.464741196 0.0
154.464741196 0.0
155.464741196 0.0
156.464741196 0.0
157.464741196 0.0
158.464741196 0.0
159.464741196 0.0
160.464741196 0.0
161.464741196 0.0
162.464741196 0.0
163.464741196 0.0
164.464741196 0.0
165.464741196 0.0
166.464741196 0.0
167.464741196 0.0
168.464741196 0.0
169.464741196 0.0
170.464741196 0.0
171.464741196 0.0
172.464741196 0.0
173.464741196 0.0
174.464741196 0.0
175.464741196 0.0
176.464741196 0.0
177.464741196 0.0
178.464741196 0.0
179.464741196 0.0
180.464741196 0.0
181.464741196 0.0
182.464741196 0.0
183.464741196 0.0
184.464741196 0.0
185.464741196 0.0
186.464741196 0.0
187.464741196 0.0
188.464741196 0.0
189.464741196 0.0
190.464741196 0.0
191.464741196 0.0
192.464741196 0.0
193.464741196 0.0
194.464741196 0.0
195.464741196 0.0
196.464741196 0.0
197.464741196 0.0
198.464741196 0.0
199.464741196 0.0
200.464741196 0.0
201.464741196 0.0
202.464741196 0.0
203.464741196 0.0
204.464741196 0.0
205.464741196 0.0
206.464741196 0.0
207.464741196 0.0
208.464741196 0.0
209.464741196 0.0
210.464741196 0.0
211.464741196 0.0
212.464741196 0.0
213.464741196 0.0
214.464741196 0.0
215.464741196 0.0
216.464741196 0.0
217.464741196 0.0
218.464741196 0.0
219.464741196 0.0
220.464741196 0.0
221.464741196 0.0
222.464741196 0.0
223.464741196 0.0
224.464741196 0.0
225.464741196 0.0
226.464741196 0.0
227.464741196 0.0
228.464741196 0.0
229.464741196 0.0
230.464741196 0.0
231.464741196 0.0
232.464741196 0.0
233.464741196 0.0
234.464741196 0.0
235.464741196 0.0
236.464741196 0.0
237.464741196 0.0
238.464741196 0.0
239.464741196 0.0
240.464741196 0.0
241.464741196 0.0
242.464741196 0.0
243.464741196 0.0
244.464741196 0.0
245.464741196 0.0
246.464741196 0.0
247.464741196 0.0
248.464741196 0.0
249.464741196 0.0
250.464741196 0.0
251.464741196 0.0
252.464741196 0.0
253.464741196 0.0
254.464741196 0.0
255.464741196 0.0
256.464741196 0.0
257.464741196 0.0
258.464741196 0.0
259.464741196 0.0
260.464741196 0.0
261.464741196 0.0
262.464741196 0.0
263.464741196 0.0
264.464741196 0.0
265.464741196 0.0
266.464741196 0.0
267.464741196 0.0
268.464741196 0.0
269.464741196 0.0
270.464741196 0.0
271.464741196 0.0
272.464741196 0.0
273.464741196 0.0
274.464741196 0.0
275.464741196 0.0
276.464741196 0.0
277.464741196 0.0
278.464741196 0.0
279.464741196 0.0
280.464741196 0.0
281.464741196 0.0
282.464741196 0.0
283.464741196 0.0
284.464741196 0.0
285.464741196 0.0
286.464741196 0.0
287.464741196 0.0
288.464741196 0.0
289.464741196 0.0
290.464741196 0.0
291.464741196 0.0
292.464741196 0.0
293.464741196 0.0
294.464741196 0.0
295.464741196 0.0
296.464741196 0.0
297.464741196 0.0
298.464741196 0.0
299.464741196 0.0
300.464741196 0.0
301.464741196 0.0
302.464741196 0.0
303.464741196 0.0
304.464741196 0.0
305.464741196 0.0
306.464741196 0.0
307.464741196 0.0
308.464741196 0.0
309.464741196 0.0
310.464741196 0.0
311.464741196 0.0
312.464741196 0.0
313.464741196 0.0
314.464741196 0.0
315.464741196 0.0
316.464741196 0.0
317.464741196 0.0
318.464741196 0.0
319.464741196 0.0
320.464741196 0.0
321.464741196 0.0
322.464741196 0.0
323.464741196 0.0
324.464741196 0.0
325.464741196 0.0
326.464741196 0.0
327.464741196 0.0
328.464741196 0.0
329.464741196 0.0
330.464741196 0.0
331.464741196 0.0
332.464741196 0.0
333.464741196 0.0
334.464741196 0.0
335.464741196 0.0
336.464741196 0.0
337.464741196 0.0
338.464741196 0.0
339.464741196 0.0
340.464741196 0.0
341.464741196 0.0
342.464741196 0.0
343.464741196 0.0
344.464741196 0.0
345.464741196 0.0
346.464741196 0.0
347.464741196 0.0
348.464741196 0.0
349.464741196 0.0
350.464741196 0.0
351.464741196 0.0
352.464741196 0.0
353.464741196 0.0
354.464741196 0.0
355.464741196 0.0
356.464741196 0.0
357.464741196 0.0
358.464741196 0.0
359.464741196 0.0
360.464741196 0.0
361.464741196 0.0
362.464741196 0.0
363.464741196 0.0
364.464741196 0.0
365.464741196 0.0
366.464741196 0.0
367.464741196 0.0
368.464741196 0.0
369.464741196 0.0
370.464741196 0.0
371.464741196 0.0
372.464741196 0.0
373.464741196 0.0
374.464741196 0.0
375.464741196 0.0
376.464741196 0.0
377.464741196 0.0
378.464741196 0.0
379.464741196 0.0
380.464741196 0.0
381.464741196 0.0
382.464741196 0.0
383.464741196 0.0
384.464741196 0.0
385.464741196 0.0
386.464741196 0.0
387.464741196 0.0
388.464741196 0.0
389.464741196 0.0
390.464741196 0.0
391.464741196 0.0
392.464741196 0.0
393.464741196 0.0
394.464741196 0.0
395.464741196 0.0
396.464741196 0.0
397.464741196 0.0
398.464741196 0.0
399.464741196 0.0
400.464741196 0.0
401.464741196 0.0
402.464741196 0.0
403.464741196 0.0
404.464741196 0.0
405.464741196 0.0
406.464741196 0.0
407.464741196 0.0
408.464741196 0.0
409.464741196 0.0
410.464741196 0.0
411.464741196 0.0
412.464741196 0.0
413.464741196 0.0
414.464741196 0.0
415.464741196 0.0
416.464741196 0.0
417.464741196 0.0
418.464741196 0.0
419.464741196 0.0
420.464741196 0.0
421.464741196 0.0
422.464741196 0.0
423.464741196 0.0
424.464741196 0.0
425.464741196 0.0
426.464741196 0.0
427.464741196 0.0
428.464741196 0.0
429.464741196 0.0
430.464741196 0.0
431.464741196 0.0
432.464741196 0.0
433.464741196 0.0
434.464741196 0.0
435.464741196 0.0
436.464741196 0.0
437.464741196 0.0
438.464741196 0.0
439.464741196 0.0
440.464741196 0.0
441.464741196 0.0
442.464741196 0.0
443.464741196 0.0
444.464741196 0.0
445.464741196 0.0
446.464741196 0.0
447.464741196 0.0
448.464741196 0.0
449.464741196 0.0
450.464741196 0.0
451.464741196 0.0
452.464741196 0.0
453.464741196 0.0
454.464741196 0.0
455.464741196 0.0
456.464741196 0.0
457.464741196 0.0
458.464741196 0.0
459.464741196 0.0
460.464741196 0.0
461.464741196 0.0
462.464741196 0.0
463.464741196 0.0
464.464741196 0.0
465.464741196 0.0
466.464741196 0.0
467.464741196 0.0
468.464741196 0.0
469.464741196 0.0
470.464741196 0.0
471.464741196 0.0
472.464741196 0.0
473.464741196 0.0
474.464741196 0.0
475.464741196 0.0
476.464741196 0.0
477.464741196 0.0
478.464741196 0.0
479.464741196 0.0
480.464741196 0.0
481.464741196 0.0
482.464741196 0.0
483.464741196 0.0
484.464741196 0.0
485.464741196 0.0
486.464741196 0.0
487.464741196 0.0
488.464741196 0.0
489.464741196 0.0
490.464741196 0.0
491.464741196 0.0
492.464741196 0.0
493.464741196 0.0
494.464741196 0.0
495.464741196 0.0
496.464741196 0.0
497.464741196 0.0
498.464741196 0.0
499.464741196 0.0
500.464741196 0.0
501.464741196 0.0
502.464741196 0.0
503.464741196 0.0
504.464741196 0.0
505.464741196 0.0
506.464741196 0.0
507.464741196 0.0
508.464741196 0.0
509.464741196 0.0
510.464741196 0.0
511.464741196 0.0
512.464741196 0.0
513.464741196 0.0
514.464741196 0.0
515.464741196 0.0
516.464741196 0.0
517.464741196 0.0
518.464741196 0.0
519.464741196 0.0
520.464741196 0.0
521.464741196 0.0
522.464741196 0.0
523.464741196 0.0
524.464741196 0.0
525.464741196 0.0
526.464741196 0.0
527.464741196 0.0
528.464741196 0.0
529.464741196 0.0
530.464741196 0.0
531.464741196 0.0
532.464741196 0.0
533.464741196 0.0
534.464741196 0.0
535.464741196 0.0
536.464741196 0.0
537.464741196 0.0
538.464741196 0.0
539.464741196 0.0
540.464741196 0.0
541.464741196 0.0
542.464741196 0.0
543.464741196 0.0
544.464741196 0.0
545.464741196 0.0
546.464741196 0.0
547.464741196 0.0
548.464741196 0.0
549.464741196 0.0
550.464741196 0.0
551.464741196 0.0
552.464741196 0.0
553.464741196 0.0
554.464741196 0.0
555.464741196 0.0
556.464741196 0.0
557.464741196 0.0
558.464741196 0.0
559.464741196 0.0
560.464741196 0.0
561.464741196 0.0
562.464741196 0.0
563.464741196 0.0
564.464741196 0.0
565.464741196 0.0
566.464741196 0.0
567.464741196 0.0
568.464741196 0.0
569.464741196 0.0
570.464741196 0.0
571.464741196 0.0
572.464741196 0.0
573.464741196 0.0
574.464741196 0.0
575.464741196 0.0
576.464741196 0.0
577.464741196 0.0
578.464741196 0.0
579.464741196 0.0
580.464741196 0.0
581.464741196 0.0
582.464741196 0.0
583.464741196 0.0
