-568.696712448 0.0
-567.696712448 0.0
-566.696712448 0.0
-565.696712448 0.0
-564.696712448 0.0
-563.696712448 0.0
-562.696712448 0.0
-561.696712448 0.0
-560.696712448 0.0
-559.696712448 0.0
-558.696712448 0.0
-557.696712448 0.0
-556.696712448 0.0
-555.696712448 0.0
-554.696712448 0.0
-553.696712448 0.0
-552.696712448 0.0
-551.696712448 0.0
-550.696712448 0.0
-549.696712448 0.0
-548.696712448 0.0
-547.696712448 0.0
-546.696712448 0.0
-545.696712448 0.0
-544.696712448 0.0
-543.696712448 0.0
-542.696712448 0.0
-541.696712448 0.0
-540.696712448 0.0
-539.696712448 0.0
-538.696712448 0.0
-537.696712448 0.0
-536.696712448 0.0
-535.696712448 0.0
-534.696712448 0.0
-533.696712448 0.0
-532.696712448 0.0
-531.696712448 0.0
-530.696712448 0.0
-529.696712448 0.0
-528.696712448 0.0
-527.696712448 0.0
-526.696712448 0.0
-525.696712448 0.0
-524.696712448 0.0
-523.696712448 0.0
-522.696712448 0.0
-521.696712448 0.0
-520.696712448 0.0
-519.696712448 0.0
-518.696712448 0.0
-517.696712448 0.0
-516.696712448 0.0
-515.696712448 0.0
-514.696712448 0.0
-513.696712448 0.0
-512.696712448 0.0
-511.696712448 0.0
-510.696712448 0.0
-509.696712448 0.0
-508.696712448 0.0
-507.696712448 0.0
-506.696712448 0.0
-505.696712448 0.0
-504.696712448 0.0
-503.696712448 0.0
-502.696712448 0.0
-501.696712448 0.0
-500.696712448 0.0
-499.696712448 0.0
-498.696712448 0.0
-497.696712448 0.0
-496.696712448 0.0
-495.696712448 0.0
-494.696712448 0.0
-493.696712448 0.0
-492.696712448 0.0
-491.696712448 0.0
-490.696712448 0.0
-489.696712448 0.0
-488.696712448 0.0
-487.696712448 0.0
-486.696712448 0.0
-485.696712448 0.0
-484.696712448 0.0
-483.696712448 0.0
-482.696712448 0.0
-481.696712448 0.0
-480.696712448 0.0
-479.696712448 0.0
-478.696712448 0.0
-477.696712448 0.0
-476.696712448 0.0
-475.696712448 0.0
-474.696712448 0.0
-473.696712448 0.0
-472.696712448 0.0
-471.696712448 0.0
-470.696712448 0.0
-469.696712448 0.0
-468.696712448 0.0
-467.696712448 0.0
-466.696712448 0.0
-465.696712448 0.0
-464.696712448 0.0
-463.696712448 0.0
-462.696712448 0.0
-461.696712448 0.0
-460.696712448 0.0
-459.696712448 0.0
-458.696712448 0.0
-457.696712448 0.0
-456.696712448 0.0
-455.696712448 0.0
-454.696712448 0.0
-453.696712448 0.0
-452.696712448 0.0
-451.696712448 0.0
-450.696712448 0.0
-449.696712448 0.0
-448.696712448 0.0
-447.696712448 0.0
-446.696712448 0.0
-445.696712448 0.0
-444.696712448 0.0
-443.696712448 0.0
-442.696712448 0.0
-441.696712448 0.0
-440.696712448 0.0
-439.696712448 0.0
-438.696712448 0.0
-437.696712448 0.0
-436.696712448 0.0
-435.696712448 0.0
-434.696712448 0.0
-433.696712448 0.0
-432.696712448 0.0
-431.696712448 0.0
-430.696712448 0.0
-429.696712448 0.0
-428.696712448 0.0
-427.696712448 0.0
-426.696712448 0.0
-425.696712448 0.0
-424.696712448 0.0
-423.696712448 0.0
-422.696712448 0.0
-421.696712448 0.0
-420.696712448 0.0
-419.696712448 0.0
-418.696712448 0.0
-417.696712448 0.0
-416.696712448 0.0
-415.696712448 0.0
-414.696712448 0.0
-413.696712448 0.0
-412.696712448 0.0
-411.696712448 0.0
-410.696712448 0.0
-409.696712448 0.0
-408.696712448 0.0
-407.696712448 0.0
-406.696712448 0.0
-405.696712448 0.0
-404.696712448 0.0
-403.696712448 0.0
-402.696712448 0.0
-401.696712448 0.0
-400.696712448 0.0
-399.696712448 0.0
-398.696712448 0.0
-397.696712448 0.0
-396.696712448 0.0
-395.696712448 0.0
-394.696712448 0.0
-393.696712448 0.0
-392.696712448 0.0
-391.696712448 0.0
-390.696712448 0.0
-389.696712448 0.0
-388.696712448 0.0
-387.696712448 0.0
-386.696712448 0.0
-385.696712448 0.0
-384.696712448 0.0
-383.696712448 0.0
-382.696712448 0.0
-381.696712448 0.0
-380.696712448 0.0
-379.696712448 0.0
-378.696712448 0.0
-377.696712448 0.0
-376.696712448 0.0
-375.696712448 0.0
-374.696712448 0.0
-373.696712448 0.0
-372.696712448 0.0
-371.696712448 0.0
-370.696712448 0.0
-369.696712448 0.0
-368.696712448 0.0
-367.696712448 0.0
-366.696712448 0.0
-365.696712448 0.0
-364.696712448 0.0
-363.696712448 0.0
-362.696712448 0.0
-361.696712448 0.0
-360.696712448 0.0
-359.696712448 0.0
-358.696712448 0.0
-357.696712448 0.0
-356.696712448 0.0
-355.696712448 0.0
-354.696712448 0.0
-353.696712448 0.0
-352.696712448 0.0
-351.696712448 0.0
-350.696712448 0.0
-349.696712448 0.0
-348.696712448 0.0
-347.696712448 0.0
-346.696712448 0.0
-345.696712448 0.0
-344.696712448 0.0
-343.696712448 0.0
-342.696712448 0.0
-341.696712448 0.0
-340.696712448 0.0
-339.696712448 0.0
-338.696712448 0.0
-337.696712448 0.0
-336.696712448 0.0
-335.696712448 0.0
-334.696712448 0.0
-333.696712448 0.0
-332.696712448 0.0
-331.696712448 0.0
-330.696712448 0.0
-329.696712448 0.0
-328.696712448 0.0
-327.696712448 0.0
-326.696712448 0.0
-325.696712448 0.0
-324.696712448 0.0
-323.696712448 0.0
-322.696712448 0.0
-321.696712448 0.0
-320.696712448 0.0
-319.696712448 0.0
-318.696712448 0.0
-317.696712448 0.0
-316.696712448 0.0
-315.696712448 0.0
-314.696712448 0.0
-313.696712448 0.0
-312.696712448 0.0
-311.696712448 0.0
-310.696712448 0.0
-309.696712448 0.0
-308.696712448 0.0
-307.696712448 0.0
-306.696712448 0.0
-305.696712448 0.0
-304.696712448 0.0
-303.696712448 0.0
-302.696712448 0.0
-301.696712448 0.0
-300.696712448 0.0
-299.696712448 0.0
-298.696712448 0.0
-297.696712448 0.0
-296.696712448 0.0
-295.696712448 0.0
-294.696712448 0.0
-293.696712448 0.0
-292.696712448 0.0
-291.696712448 0.0
-290.696712448 0.0
-289.696712448 0.0
-288.696712448 0.0
-287.696712448 0.0
-286.696712448 0.0
-285.696712448 0.0
-284.696712448 0.0
-283.696712448 0.0
-282.696712448 0.0
-281.696712448 0.0
-280.696712448 0.0
-279.696712448 0.0
-278.696712448 0.0
-277.696712448 0.0
-276.696712448 0.0
-275.696712448 0.0
-274.696712448 0.0
-273.696712448 0.0
-272.696712448 0.0
-271.696712448 0.0
-270.696712448 0.0
-269.696712448 0.0
-268.696712448 0.0
-267.696712448 0.0
-266.696712448 0.0
-265.696712448 0.0
-264.696712448 0.0
-263.696712448 0.0
-262.696712448 0.0
-261.696712448 0.0
-260.696712448 0.0
-259.696712448 0.0
-258.696712448 0.0
-257.696712448 0.0
-256.696712448 0.0
-255.696712448 0.0
-254.696712448 0.0
-253.696712448 0.0
-252.696712448 0.0
-251.696712448 0.0
-250.696712448 0.0
-249.696712448 0.0
-248.696712448 0.0
-247.696712448 0.0
-246.696712448 0.0
-245.696712448 0.0
-244.696712448 0.0
-243.696712448 0.0
-242.696712448 0.0
-241.696712448 0.0
-240.696712448 0.0
-239.696712448 0.0
-238.696712448 0.0
-237.696712448 0.0
-236.696712448 0.0
-235.696712448 0.0
-234.696712448 0.0
-233.696712448 0.0
-232.696712448 0.0
-231.696712448 0.0
-230.696712448 0.0
-229.696712448 0.0
-228.696712448 0.0
-227.696712448 0.0
-226.696712448 0.0
-225.696712448 0.0
-224.696712448 0.0
-223.696712448 0.0
-222.696712448 0.0
-221.696712448 0.0
-220.696712448 0.0
-219.696712448 0.0
-218.696712448 0.0
-217.696712448 0.0
-216.696712448 0.0
-215.696712448 0.0
-214.696712448 0.0
-213.696712448 0.0
-212.696712448 0.0
-211.696712448 0.0
-210.696712448 0.0
-209.696712448 0.0
-208.696712448 0.0
-207.696712448 0.0
-206.696712448 0.0
-205.696712448 0.0
-204.696712448 0.0
-203.696712448 0.0
-202.696712448 0.0
-201.696712448 0.0
-200.696712448 0.0
-199.696712448 0.0
-198.696712448 0.0
-197.696712448 0.0
-196.696712448 0.0
-195.696712448 0.0
-194.696712448 0.0
-193.696712448 0.0
-192.696712448 0.0
-191.696712448 0.0
-190.696712448 0.0
-189.696712448 0.0
-188.696712448 0.0
-187.696712448 0.0
-186.696712448 0.0
-185.696712448 0.0
-184.696712448 0.0
-183.696712448 0.0
-182.696712448 0.0
-181.696712448 0.0
-180.696712448 0.0
-179.696712448 0.0
-178.696712448 0.0
-177.696712448 0.0
-176.696712448 0.0
-175.696712448 0.0
-174.696712448 0.0
-173.696712448 0.0
-172.696712448 0.0
-171.696712448 0.0
-170.696712448 0.0
-169.696712448 0.0
-168.696712448 0.0
-167.696712448 0.0
-166.696712448 0.0
-165.696712448 0.0
-164.696712448 0.0
-163.696712448 0.0
-162.696712448 0.0
-161.696712448 0.0
-160.696712448 0.0
-159.696712448 0.0
-158.696712448 0.0
-157.696712448 0.0
-156.696712448 0.0
-155.696712448 0.0
-154.696712448 0.0
-153.696712448 0.0
-152.696712448 0.0
-151.696712448 0.0
-150.696712448 0.0
-149.696712448 0.0
-148.696712448 0.0
-147.696712448 0.0
-146.696712448 0.0
-145.696712448 0.0
-144.696712448 0.0
-143.696712448 0.0
-142.696712448 0.0
-141.696712448 0.0
-140.696712448 0.0
-139.696712448 0.0
-138.696712448 0.0
-137.696712448 0.0
-136.696712448 0.0
-135.696712448 0.0
-134.696712448 0.0
-133.696712448 0.0
-132.696712448 0.0
-131.696712448 0.0
-130.696712448 0.0
-129.696712448 0.0
-128.696712448 0.0
-127.696712448 0.0
-126.696712448 0.0
-125.696712448 0.0
-124.696712448 0.0
-123.696712448 0.0
-122.696712448 0.0
-121.696712448 0.0
-120.696712448 0.0
-119.696712448 0.0
-118.696712448 0.0
-117.696712448 0.0
-116.696712448 0.0
-115.696712448 0.0
-114.696712448 0.0
-113.696712448 0.0
-112.696712448 0.0
-111.696712448 0.0
-110.696712448 0.0
-109.696712448 0.0
-108.696712448 0.0
-107.696712448 0.0
-106.696712448 0.0
-105.696712448 0.0
-104.696712448 0.0
-103.696712448 0.0
-102.696712448 0.0
-101.696712448 0.0
-100.696712448 0.0
-99.6967124485 0.0
-98.6967124485 0.0
-97.6967124485 0.0
-96.6967124485 0.0
-95.6967124485 0.0
-94.6967124485 0.0
-93.6967124485 0.0
-92.6967124485 0.0
-91.6967124485 0.0
-90.6967124485 0.0
-89.6967124485 0.0
-88.6967124485 0.0
-87.6967124485 0.0
-86.6967124485 0.0
-85.6967124485 0.0
-84.6967124485 0.0
-83.6967124485 0.0
-82.6967124485 0.0
-81.6967124485 0.0
-80.6967124485 0.0
-79.6967124485 0.0
-78.6967124485 0.0
-77.6967124485 0.0
-76.6967124485 0.0
-75.6967124485 0.0
-74.6967124485 0.0
-73.6967124485 0.0
-72.6967124485 0.0
-71.6967124485 0.0
-70.6967124485 0.0
-69.6967124485 0.0
-68.6967124485 0.000000e+00
-68.4666528631 0.000000e+00
-68.2365932777 0.000000e+00
-68.0065336922 0.000000e+00
-67.7764741068 0.000000e+00
-67.5464145214 0.000000e+00
-67.3163549359 0.000000e+00
-67.0862953505 0.000000e+00
-66.8562357651 0.000000e+00
-66.6261761796 0.000000e+00
-66.3961165942 0.000000e+00
-66.1660570088 0.000000e+00
-65.9359974233 0.000000e+00
-65.7059378379 0.000000e+00
-65.4758782525 0.000000e+00
-65.245818667 0.000000e+00
-65.0157590816 0.000000e+00
-64.7856994962 0.000000e+00
-64.5556399107 0.000000e+00
-64.3255803253 0.000000e+00
-64.0955207399 0.000000e+00
-63.8654611544 0.000000e+00
-63.635401569 0.000000e+00
-63.4053419836 0.000000e+00
-63.1752823981 0.000000e+00
-62.9452228127 0.000000e+00
-62.7151632273 0.000000e+00
-62.4851036418 0.000000e+00
-62.2550440564 0.000000e+00
-62.024984471 0.000000e+00
-61.7949248855 0.000000e+00
-61.5648653001 0.000000e+00
-61.3348057147 0.000000e+00
-61.1047461292 0.000000e+00
-60.8746865438 0.000000e+00
-60.6446269584 0.000000e+00
-60.4145673729 0.000000e+00
-60.1845077875 0.000000e+00
-59.9544482021 0.000000e+00
-59.7243886167 0.000000e+00
-59.4943290312 0.000000e+00
-59.2642694458 0.000000e+00
-59.0342098604 0.000000e+00
-58.8041502749 0.000000e+00
-58.5740906895 0.000000e+00
-58.3440311041 0.000000e+00
-58.1139715186 0.000000e+00
-57.8839119332 0.000000e+00
-57.6538523478 0.000000e+00
-57.4237927623 0.000000e+00
-57.1937331769 0.000000e+00
-56.9636735915 0.000000e+00
-56.733614006 0.000000e+00
-56.5035544206 0.000000e+00
-56.2734948352 0.000000e+00
-56.0434352497 0.000000e+00
-55.8133756643 0.000000e+00
-55.5833160789 0.000000e+00
-55.3532564934 0.000000e+00
-55.123196908 0.000000e+00
-54.8931373226 0.000000e+00
-54.6630777371 0.000000e+00
-54.4330181517 0.000000e+00
-54.2029585663 0.000000e+00
-53.9728989808 0.000000e+00
-53.7428393954 0.000000e+00
-53.51277981 0.000000e+00
-53.2827202245 0.000000e+00
-53.0526606391 0.000000e+00
-52.8226010537 0.000000e+00
-52.5925414682 0.000000e+00
-52.3624818828 0.000000e+00
-52.1324222974 0.000000e+00
-51.9023627119 0.000000e+00
-51.6723031265 0.000000e+00
-51.4422435411 0.000000e+00
-51.2121839556 0.000000e+00
-50.9821243702 0.000000e+00
-50.7520647848 0.000000e+00
-50.5220051993 0.000000e+00
-50.2919456139 0.000000e+00
-50.0618860285 0.000000e+00
-49.831826443 0.000000e+00
-49.6017668576 0.000000e+00
-49.3717072722 0.000000e+00
-49.1416476868 0.000000e+00
-48.9115881013 0.000000e+00
-48.6815285159 0.000000e+00
-48.4514689305 0.000000e+00
-48.221409345 0.000000e+00
-47.9913497596 0.000000e+00
-47.7612901742 0.000000e+00
-47.5312305887 0.000000e+00
-47.3011710033 0.000000e+00
-47.0711114179 0.000000e+00
-46.8410518324 0.000000e+00
-46.610992247 0.000000e+00
-46.3809326616 0.000000e+00
-46.1508730761 0.000000e+00
-45.9208134907 0.000000e+00
-45.6907539053 0.000000e+00
-45.4606943198 0.000000e+00
-45.2306347344 0.000000e+00
-45.000575149 0.000000e+00
-44.7705155635 0.000000e+00
-44.5404559781 0.000000e+00
-44.3103963927 0.000000e+00
-44.0803368072 0.000000e+00
-43.8502772218 0.000000e+00
-43.6202176364 0.000000e+00
-43.3901580509 0.000000e+00
-43.1600984655 0.000000e+00
-42.9300388801 0.000000e+00
-42.6999792946 0.000000e+00
-42.4699197092 0.000000e+00
-42.2398601238 0.000000e+00
-42.0098005383 0.000000e+00
-41.7797409529 0.000000e+00
-41.5496813675 0.000000e+00
-41.319621782 0.000000e+00
-41.0895621966 0.000000e+00
-40.8595026112 0.000000e+00
-40.6294430257 0.000000e+00
-40.3993834403 0.000000e+00
-40.1693238549 0.000000e+00
-39.9392642694 0.000000e+00
-39.709204684 0.000000e+00
-39.4791450986 0.000000e+00
-39.2490855131 0.000000e+00
-39.0190259277 0.000000e+00
-38.7889663423 0.000000e+00
-38.5589067569 0.000000e+00
-38.3288471714 0.000000e+00
-38.098787586 0.000000e+00
-37.8687280006 0.000000e+00
-37.6386684151 0.000000e+00
-37.4086088297 0.000000e+00
-37.1785492443 0.000000e+00
-36.9484896588 0.000000e+00
-36.7184300734 0.000000e+00
-36.488370488 0.000000e+00
-36.2583109025 0.000000e+00
-36.0282513171 0.000000e+00
-35.7981917317 0.000000e+00
-35.5681321462 0.000000e+00
-35.3380725608 0.000000e+00
-35.1080129754 0.000000e+00
-34.8779533899 0.000000e+00
-34.6478938045 0.000000e+00
-34.4178342191 0.000000e+00
-34.1877746336 0.000000e+00
-33.9577150482 0.000000e+00
-33.7276554628 0.000000e+00
-33.4975958773 0.000000e+00
-33.2675362919 0.000000e+00
-33.0374767065 0.000000e+00
-32.807417121 0.000000e+00
-32.5773575356 0.000000e+00
-32.3472979502 0.000000e+00
-32.1172383647 0.000000e+00
-31.8871787793 0.000000e+00
-31.6571191939 0.000000e+00
-31.4270596084 0.000000e+00
-31.197000023 0.000000e+00
-30.9669404376 0.000000e+00
-30.7368808521 0.000000e+00
-30.5068212667 0.000000e+00
-30.2767616813 0.000000e+00
-30.0467020958 0.000000e+00
-29.8166425104 0.000000e+00
-29.586582925 0.000000e+00
-29.3565233395 0.000000e+00
-29.1264637541 0.000000e+00
-28.8964041687 0.000000e+00
-28.6663445832 0.000000e+00
-28.4362849978 0.000000e+00
-28.2062254124 0.000000e+00
-27.9761658269 0.000000e+00
-27.7461062415 0.000000e+00
-27.5160466561 0.000000e+00
-27.2859870707 0.000000e+00
-27.0559274852 0.000000e+00
-26.8258678998 0.000000e+00
-26.5958083144 0.000000e+00
-26.3657487289 0.000000e+00
-26.1356891435 0.000000e+00
-25.9056295581 0.000000e+00
-25.6755699726 0.000000e+00
-25.4455103872 0.000000e+00
-25.2154508018 0.000000e+00
-24.9853912163 0.000000e+00
-24.7553316309 0.000000e+00
-24.5252720455 0.000000e+00
-24.29521246 0.000000e+00
-24.0651528746 0.000000e+00
-23.8350932892 0.000000e+00
-23.6050337037 0.000000e+00
-23.3749741183 0.000000e+00
-23.1449145329 0.000000e+00
-22.9148549474 0.000000e+00
-22.684795362 0.000000e+00
-22.4547357766 0.000000e+00
-22.2246761911 0.000000e+00
-21.9946166057 0.000000e+00
-21.7645570203 0.000000e+00
-21.5344974348 0.000000e+00
-21.3044378494 0.000000e+00
-21.074378264 0.000000e+00
-20.8443186785 0.000000e+00
-20.6142590931 0.000000e+00
-20.3841995077 0.000000e+00
-20.1541399222 0.000000e+00
-19.9240803368 0.000000e+00
-19.6940207514 0.000000e+00
-19.4639611659 0.000000e+00
-19.2339015805 0.000000e+00
-19.0038419951 0.000000e+00
-18.7737824096 0.000000e+00
-18.5437228242 0.000000e+00
-18.3136632388 0.000000e+00
-18.0836036533 0.000000e+00
-17.8535440679 0.000000e+00
-17.6234844825 0.000000e+00
-17.393424897 0.000000e+00
-17.1633653116 0.000000e+00
-16.9333057262 0.000000e+00
-16.7032461408 0.000000e+00
-16.4731865553 0.000000e+00
-16.2431269699 0.000000e+00
-16.0130673845 0.000000e+00
-15.783007799 0.000000e+00
-15.5529482136 0.000000e+00
-15.3228886282 0.000000e+00
-15.0928290427 0.000000e+00
-14.8627694573 0.000000e+00
-14.6327098719 0.000000e+00
-14.4026502864 0.000000e+00
-14.172590701 0.000000e+00
-13.9425311156 0.000000e+00
-13.7124715301 0.000000e+00
-13.4824119447 0.000000e+00
-13.2523523593 0.000000e+00
-13.0222927738 0.000000e+00
-12.7922331884 0.000000e+00
-12.562173603 0.000000e+00
-12.3321140175 0.000000e+00
-12.1020544321 0.000000e+00
-11.8719948467 0.000000e+00
-11.6419352612 0.000000e+00
-11.4118756758 0.000000e+00
-11.1818160904 0.000000e+00
-10.9517565049 0.000000e+00
-10.7216969195 0.000000e+00
-10.4916373341 0.000000e+00
-10.2615777486 0.000000e+00
-10.0315181632 0.000000e+00
-9.80145857777 0.000000e+00
-9.57139899234 0.000000e+00
-9.34133940691 0.000000e+00
-9.11127982147 0.000000e+00
-8.88122023604 0.000000e+00
-8.65116065061 0.000000e+00
-8.42110106518 0.000000e+00
-8.19104147974 0.000000e+00
-7.96098189431 0.000000e+00
-7.73092230888 0.000000e+00
-7.50086272345 0.000000e+00
-7.27080313801 0.000000e+00
-7.04074355258 0.000000e+00
-6.81068396715 0.000000e+00
-6.58062438171 0.000000e+00
-6.35056479628 0.000000e+00
-6.12050521085 0.000000e+00
-5.89044562542 0.000000e+00
-5.66038603998 0.000000e+00
-5.43032645455 0.000000e+00
-5.20026686912 0.000000e+00
-4.97020728369 0.000000e+00
-4.74014769825 0.000000e+00
-4.51008811282 0.000000e+00
-4.28002852739 0.000000e+00
-4.04996894196 0.000000e+00
-3.81990935652 0.000000e+00
-3.58984977109 0.000000e+00
-3.35979018566 0.000000e+00
-3.12973060023 0.000000e+00
-2.89967101479 0.000000e+00
-2.66961142936 0.000000e+00
-2.43955184393 0.000000e+00
-2.20949225849 0.000000e+00
-1.97943267306 0.000000e+00
-1.74937308763 0.000000e+00
-1.5193135022 0.000000e+00
-1.28925391676 0.000000e+00
-1.05919433133 4.298675e-01
-0.829134745899 0.000000e+00
-0.599075160467 4.063513e-01
-0.369015575034 0.000000e+00
-0.138955989601 6.931794e-01
0.0911035958313 7.652327e-01
0.321163181264 9.213350e-01
0.551222766697 1.000000e+00
0.781282352129 8.102028e-01
1.01134193756 7.751219e-01
1.24140152299 7.460639e-01
1.47146110843 0.000000e+00
1.70152069386 4.324528e-01
1.93158027929 0.000000e+00
2.16163986472 3.564679e-01
2.39169945016 0.000000e+00
2.62175903559 0.000000e+00
2.85181862102 0.000000e+00
3.08187820646 0.000000e+00
3.31193779189 0.000000e+00
3.54199737732 0.000000e+00
3.77205696275 0.000000e+00
4.00211654819 0.000000e+00
4.23217613362 0.000000e+00
4.46223571905 0.000000e+00
4.69229530448 0.000000e+00
4.92235488992 0.000000e+00
5.15241447535 0.000000e+00
5.38247406078 0.000000e+00
5.61253364621 0.000000e+00
5.84259323165 0.000000e+00
6.07265281708 0.000000e+00
6.30271240251 0.000000e+00
6.53277198794 0.000000e+00
6.76283157338 0.000000e+00
6.99289115881 0.000000e+00
7.22295074424 0.000000e+00
7.45301032968 0.000000e+00
7.68306991511 0.000000e+00
7.91312950054 0.000000e+00
8.14318908597 0.000000e+00
8.37324867141 0.000000e+00
8.60330825684 0.000000e+00
8.83336784227 0.000000e+00
9.0634274277 0.000000e+00
9.29348701314 0.000000e+00
9.52354659857 0.000000e+00
9.753606184 0.000000e+00
9.98366576943 0.000000e+00
10.2137253549 0.000000e+00
10.4437849403 0.000000e+00
10.6738445257 0.000000e+00
10.9039041112 0.000000e+00
11.1339636966 0.000000e+00
11.364023282 0.000000e+00
11.5940828675 0.000000e+00
11.8241424529 0.000000e+00
12.0542020383 0.000000e+00
12.2842616238 0.000000e+00
12.5143212092 0.000000e+00
12.7443807946 0.000000e+00
12.9744403801 0.000000e+00
13.2044999655 0.000000e+00
13.4345595509 0.000000e+00
13.6646191364 0.000000e+00
13.8946787218 0.000000e+00
14.1247383072 0.000000e+00
14.3547978927 0.000000e+00
14.5848574781 0.000000e+00
14.8149170635 0.000000e+00
15.044976649 0.000000e+00
15.2750362344 0.000000e+00
15.5050958198 0.000000e+00
15.7351554052 0.000000e+00
15.9652149907 0.000000e+00
16.1952745761 0.000000e+00
16.4253341615 0.000000e+00
16.655393747 0.000000e+00
16.8854533324 0.000000e+00
17.1155129178 0.000000e+00
17.3455725033 0.000000e+00
17.5756320887 0.000000e+00
17.8056916741 0.000000e+00
18.0357512596 0.000000e+00
18.265810845 0.000000e+00
18.4958704304 0.000000e+00
18.7259300159 0.000000e+00
18.9559896013 0.000000e+00
19.1860491867 0.000000e+00
19.4161087722 0.000000e+00
19.6461683576 0.000000e+00
19.876227943 0.000000e+00
20.1062875285 0.000000e+00
20.3363471139 0.000000e+00
20.5664066993 0.000000e+00
20.7964662848 0.000000e+00
21.0265258702 0.000000e+00
21.2565854556 0.000000e+00
21.4866450411 0.000000e+00
21.7167046265 0.000000e+00
21.9467642119 0.000000e+00
22.1768237974 0.000000e+00
22.4068833828 0.000000e+00
22.6369429682 0.000000e+00
22.8670025537 0.000000e+00
23.0970621391 0.000000e+00
23.3271217245 0.000000e+00
23.55718131 0.000000e+00
23.7872408954 0.000000e+00
24.0173004808 0.000000e+00
24.2473600663 0.000000e+00
24.4774196517 0.000000e+00
24.7074792371 0.000000e+00
24.9375388226 0.000000e+00
25.167598408 0.000000e+00
25.3976579934 0.000000e+00
25.6277175789 0.000000e+00
25.8577771643 0.000000e+00
26.0878367497 0.000000e+00
26.3178963352 0.000000e+00
26.5479559206 0.000000e+00
26.778015506 0.000000e+00
27.0080750914 0.000000e+00
27.2381346769 0.000000e+00
27.4681942623 0.000000e+00
27.6982538477 0.000000e+00
27.9283134332 0.000000e+00
28.1583730186 0.000000e+00
28.388432604 0.000000e+00
28.6184921895 0.000000e+00
28.8485517749 0.000000e+00
29.0786113603 0.000000e+00
29.5387305312 0.000000e+00
29.7687901166 0.000000e+00
29.9988497021 0.000000e+00
30.2289092875 0.000000e+00
30.4589688729 0.000000e+00
30.6890284584 0.000000e+00
30.9190880438 0.000000e+00
31.1491476292 0.000000e+00
31.3792072147 0.000000e+00
31.6092668001 0.000000e+00
31.8393263855 0.000000e+00
32.069385971 0.000000e+00
32.2994455564 0.000000e+00
32.5295051418 0.000000e+00
32.7595647273 0.000000e+00
32.9896243127 0.000000e+00
33.2196838981 0.000000e+00
33.4497434836 0.000000e+00
33.679803069 0.000000e+00
33.9098626544 0.000000e+00
34.1399222399 0.000000e+00
34.3699818253 0.000000e+00
34.6000414107 0.000000e+00
34.8301009962 0.000000e+00
35.0601605816 0.000000e+00
35.290220167 0.000000e+00
35.5202797525 0.000000e+00
35.7503393379 0.000000e+00
35.9803989233 0.000000e+00
36.2104585088 0.000000e+00
36.4405180942 0.000000e+00
36.6705776796 0.000000e+00
36.9006372651 0.000000e+00
37.1306968505 0.000000e+00
37.3607564359 0.000000e+00
37.5908160213 0.000000e+00
37.8208756068 0.000000e+00
38.0509351922 0.000000e+00
38.2809947776 0.000000e+00
38.5110543631 0.000000e+00
38.7411139485 0.000000e+00
38.9711735339 0.000000e+00
39.2012331194 0.000000e+00
39.4312927048 0.000000e+00
39.6613522902 0.000000e+00
39.8914118757 0.000000e+00
40.1214714611 0.000000e+00
40.3515310465 0.000000e+00
40.581590632 0.000000e+00
40.8116502174 0.000000e+00
41.0417098028 0.000000e+00
41.2717693883 0.000000e+00
41.5018289737 0.000000e+00
41.7318885591 0.000000e+00
41.9619481446 0.000000e+00
42.19200773 0.000000e+00
42.4220673154 0.000000e+00
42.6521269009 0.000000e+00
42.8821864863 0.000000e+00
43.1122460717 0.000000e+00
43.3423056572 0.000000e+00
43.5723652426 0.000000e+00
43.802424828 0.000000e+00
44.0324844135 0.000000e+00
44.2625439989 0.000000e+00
44.4926035843 0.000000e+00
44.7226631698 0.000000e+00
44.9527227552 0.000000e+00
45.1827823406 0.000000e+00
45.4128419261 0.000000e+00
45.6429015115 0.000000e+00
45.8729610969 0.000000e+00
46.1030206824 0.000000e+00
46.3330802678 0.000000e+00
46.5631398532 0.000000e+00
46.7931994387 0.000000e+00
47.0232590241 0.000000e+00
47.2533186095 0.000000e+00
47.483378195 0.000000e+00
47.7134377804 0.000000e+00
47.9434973658 0.000000e+00
48.1735569513 0.000000e+00
48.4036165367 0.000000e+00
48.6336761221 0.000000e+00
48.8637357075 0.000000e+00
49.093795293 0.000000e+00
49.3238548784 0.000000e+00
49.5539144638 0.000000e+00
49.7839740493 0.000000e+00
50.0140336347 0.000000e+00
50.2440932201 0.000000e+00
50.4741528056 0.000000e+00
50.704212391 0.000000e+00
50.9342719764 0.000000e+00
51.1643315619 0.000000e+00
51.3943911473 0.000000e+00
51.6244507327 0.000000e+00
51.8545103182 0.000000e+00
52.0845699036 0.000000e+00
52.314629489 0.000000e+00
52.5446890745 0.000000e+00
52.7747486599 0.000000e+00
53.0048082453 0.000000e+00
53.2348678308 0.000000e+00
53.4649274162 0.000000e+00
53.6949870016 0.000000e+00
53.9250465871 0.000000e+00
54.1551061725 0.000000e+00
54.3851657579 0.000000e+00
54.6152253434 0.000000e+00
54.8452849288 0.000000e+00
55.0753445142 0.000000e+00
55.3054040997 0.000000e+00
55.5354636851 0.000000e+00
55.7655232705 0.000000e+00
55.995582856 0.000000e+00
56.2256424414 0.000000e+00
56.4557020268 0.000000e+00
56.6857616123 0.000000e+00
56.9158211977 0.000000e+00
57.1458807831 0.000000e+00
57.3759403686 0.000000e+00
57.605999954 0.000000e+00
57.8360595394 0.000000e+00
58.0661191249 0.000000e+00
58.2961787103 0.000000e+00
58.5262382957 0.000000e+00
58.7562978812 0.000000e+00
58.9863574666 0.000000e+00
59.216417052 0.000000e+00
59.4464766374 0.000000e+00
59.6765362229 0.000000e+00
59.9065958083 0.000000e+00
60.1366553937 0.000000e+00
60.3667149792 0.000000e+00
60.5967745646 0.000000e+00
60.82683415 0.000000e+00
61.0568937355 0.000000e+00
61.2869533209 0.000000e+00
61.5170129063 0.000000e+00
61.7470724918 0.000000e+00
61.9771320772 0.000000e+00
62.2071916626 0.000000e+00
62.4372512481 0.000000e+00
62.6673108335 0.000000e+00
62.8973704189 0.000000e+00
63.1274300044 0.000000e+00
63.3574895898 0.000000e+00
63.5875491752 0.000000e+00
63.8176087607 0.000000e+00
64.0476683461 0.000000e+00
64.2777279315 0.000000e+00
64.507787517 0.000000e+00
64.7378471024 0.000000e+00
64.9679066878 0.000000e+00
65.1979662733 0.000000e+00
65.4280258587 0.000000e+00
65.6580854441 0.000000e+00
65.8881450296 0.000000e+00
66.118204615 0.000000e+00
66.3482642004 0.000000e+00
66.5783237859 0.000000e+00
66.8083833713 0.000000e+00
67.0384429567 0.000000e+00
67.2685025422 0.000000e+00
67.4985621276 0.000000e+00
67.728621713 0.000000e+00
67.9586812985 0.000000e+00
68.1887408839 0.000000e+00
68.4188004693 0.000000e+00
68.6488600548 0.000000e+00
68.8789196402 0.000000e+00
69.1089792256 0.000000e+00
69.3390388111 0.000000e+00
69.5690983965 0.000000e+00
70.5690983965 0.0
71.5690983965 0.0
72.5690983965 0.0
73.5690983965 0.0
74.5690983965 0.0
75.5690983965 0.0
76.5690983965 0.0
77.5690983965 0.0
78.5690983965 0.0
79.5690983965 0.0
80.5690983965 0.0
81.5690983965 0.0
82.5690983965 0.0
83.5690983965 0.0
84.5690983965 0.0
85.5690983965 0.0
86.5690983965 0.0
87.5690983965 0.0
88.5690983965 0.0
89.5690983965 0.0
90.5690983965 0.0
91.5690983965 0.0
92.5690983965 0.0
93.5690983965 0.0
94.5690983965 0.0
95.5690983965 0.0
96.5690983965 0.0
97.5690983965 0.0
98.5690983965 0.0
99.5690983965 0.0
100.569098396 0.0
101.569098396 0.0
102.569098396 0.0
103.569098396 0.0
104.569098396 0.0
105.569098396 0.0
106.569098396 0.0
107.569098396 0.0
108.569098396 0.0
109.569098396 0.0
110.569098396 0.0
111.569098396 0.0
112.569098396 0.0
113.569098396 0.0
114.569098396 0.0
115.569098396 0.0
116.569098396 0.0
117.569098396 0.0
118.569098396 0.0
119.569098396 0.0
120.569098396 0.0
121.569098396 0.0
122.569098396 0.0
123.569098396 0.0
124.569098396 0.0
125.569098396 0.0
126.569098396 0.0
127.569098396 0.0
128.569098397 0.0
129.569098397 0.0
130.569098397 0.0
131.569098397 0.0
132.569098397 0.0
133.569098397 0.0
134.569098397 0.0
135.569098397 0.0
136.569098397 0.0
137.569098397 0.0
138.569098397 0.0
139.569098397 0.0
140.569098397 0.0
141.569098397 0.0
142.569098397 0.0
143.569098397 0.0
144.569098397 0.0
145.569098397 0.0
146.569098397 0.0
147.569098397 0.0
148.569098397 0.0
149.569098397 0.0
150.569098397 0.0
151.569098397 0.0
152.569098397 0.0
153.569098397 0.0
154.569098397 0.0
155.569098397 0.0
156.569098397 0.0
157.569098397 0.0
158.569098397 0.0
159.569098397 0.0
160.569098397 0.0
161.569098397 0.0
162.569098397 0.0
163.569098397 0.0
164.569098397 0.0
165.569098397 0.0
166.569098397 0.0
167.569098397 0.0
168.569098397 0.0
169.569098397 0.0
170.569098397 0.0
171.569098397 0.0
172.569098397 0.0
173.569098397 0.0
174.569098397 0.0
175.569098397 0.0
176.569098397 0.0
177.569098397 0.0
178.569098397 0.0
179.569098397 0.0
180.569098397 0.0
181.569098397 0.0
182.569098397 0.0
183.569098397 0.0
184.569098397 0.0
185.569098397 0.0
186.569098397 0.0
187.569098397 0.0
188.569098397 0.0
189.569098397 0.0
190.569098397 0.0
191.569098397 0.0
192.569098397 0.0
193.569098397 0.0
194.569098397 0.0
195.569098397 0.0
196.569098397 0.0
197.569098397 0.0
198.569098397 0.0
199.569098397 0.0
200.569098397 0.0
201.569098397 0.0
202.569098397 0.0
203.569098397 0.0
204.569098397 0.0
205.569098397 0.0
206.569098397 0.0
207.569098397 0.0
208.569098397 0.0
209.569098397 0.0
210.569098397 0.0
211.569098397 0.0
212.569098397 0.0
213.569098397 0.0
214.569098397 0.0
215.569098397 0.0
216.569098397 0.0
217.569098397 0.0
218.569098397 0.0
219.569098397 0.0
220.569098397 0.0
221.569098397 0.0
222.569098397 0.0
223.569098397 0.0
224.569098397 0.0
225.569098397 0.0
226.569098397 0.0
227.569098397 0.0
228.569098397 0.0
229.569098397 0.0
230.569098397 0.0
231.569098397 0.0
232.569098397 0.0
233.569098397 0.0
234.569098397 0.0
235.569098397 0.0
236.569098397 0.0
237.569098397 0.0
238.569098397 0.0
239.569098397 0.0
240.569098397 0.0
241.569098397 0.0
242.569098397 0.0
243.569098397 0.0
244.569098397 0.0
245.569098397 0.0
246.569098397 0.0
247.569098397 0.0
248.569098397 0.0
249.569098397 0.0
250.569098397 0.0
251.569098397 0.0
252.569098397 0.0
253.569098397 0.0
254.569098397 0.0
255.569098397 0.0
256.569098397 0.0
257.569098397 0.0
258.569098397 0.0
259.569098397 0.0
260.569098397 0.0
261.569098397 0.0
262.569098397 0.0
263.569098397 0.0
264.569098397 0.0
265.569098397 0.0
266.569098397 0.0
267.569098397 0.0
268.569098397 0.0
269.569098397 0.0
270.569098397 0.0
271.569098397 0.0
272.569098397 0.0
273.569098397 0.0
274.569098397 0.0
275.569098397 0.0
276.569098397 0.0
277.569098397 0.0
278.569098397 0.0
279.569098397 0.0
280.569098397 0.0
281.569098397 0.0
282.569098397 0.0
283.569098397 0.0
284.569098397 0.0
285.569098397 0.0
286.569098397 0.0
287.569098397 0.0
288.569098397 0.0
289.569098397 0.0
290.569098397 0.0
291.569098397 0.0
292.569098397 0.0
293.569098397 0.0
294.569098397 0.0
295.569098397 0.0
296.569098397 0.0
297.569098397 0.0
298.569098397 0.0
299.569098397 0.0
300.569098397 0.0
301.569098397 0.0
302.569098397 0.0
303.569098397 0.0
304.569098397 0.0
305.569098397 0.0
306.569098397 0.0
307.569098397 0.0
308.569098397 0.0
309.569098397 0.0
310.569098397 0.0
311.569098397 0.0
312.569098397 0.0
313.569098397 0.0
314.569098397 0.0
315.569098397 0.0
316.569098397 0.0
317.569098397 0.0
318.569098397 0.0
319.569098397 0.0
320.569098397 0.0
321.569098397 0.0
322.569098397 0.0
323.569098397 0.0
324.569098397 0.0
325.569098397 0.0
326.569098397 0.0
327.569098397 0.0
328.569098397 0.0
329.569098397 0.0
330.569098397 0.0
331.569098397 0.0
332.569098397 0.0
333.569098397 0.0
334.569098397 0.0
335.569098397 0.0
336.569098397 0.0
337.569098397 0.0
338.569098397 0.0
339.569098397 0.0
340.569098397 0.0
341.569098397 0.0
342.569098397 0.0
343.569098397 0.0
344.569098397 0.0
345.569098397 0.0
346.569098397 0.0
347.569098397 0.0
348.569098397 0.0
349.569098397 0.0
350.569098397 0.0
351.569098397 0.0
352.569098397 0.0
353.569098397 0.0
354.569098397 0.0
355.569098397 0.0
356.569098397 0.0
357.569098397 0.0
358.569098397 0.0
359.569098397 0.0
360.569098397 0.0
361.569098397 0.0
362.569098397 0.0
363.569098397 0.0
364.569098397 0.0
365.569098397 0.0
366.569098397 0.0
367.569098397 0.0
368.569098397 0.0
369.569098397 0.0
370.569098397 0.0
371.569098397 0.0
372.569098397 0.0
373.569098397 0.0
374.569098397 0.0
375.569098397 0.0
376.569098397 0.0
377.569098397 0.0
378.569098397 0.0
379.569098397 0.0
380.569098397 0.0
381.569098397 0.0
382.569098397 0.0
383.569098397 0.0
384.569098397 0.0
385.569098397 0.0
386.569098397 0.0
387.569098397 0.0
388.569098397 0.0
389.569098397 0.0
390.569098397 0.0
391.569098397 0.0
392.569098397 0.0
393.569098397 0.0
394.569098397 0.0
395.569098397 0.0
396.569098397 0.0
397.569098397 0.0
398.569098397 0.0
399.569098397 0.0
400.569098397 0.0
401.569098397 0.0
402.569098397 0.0
403.569098397 0.0
404.569098397 0.0
405.569098397 0.0
406.569098397 0.0
407.569098397 0.0
408.569098397 0.0
409.569098397 0.0
410.569098397 0.0
411.569098397 0.0
412.569098397 0.0
413.569098397 0.0
414.569098397 0.0
415.569098397 0.0
416.569098397 0.0
417.569098397 0.0
418.569098397 0.0
419.569098397 0.0
420.569098397 0.0
421.569098397 0.0
422.569098397 0.0
423.569098397 0.0
424.569098397 0.0
425.569098397 0.0
426.569098397 0.0
427.569098397 0.0
428.569098397 0.0
429.569098397 0.0
430.569098397 0.0
431.569098397 0.0
432.569098397 0.0
433.569098397 0.0
434.569098397 0.0
435.569098397 0.0
436.569098397 0.0
437.569098397 0.0
438.569098397 0.0
439.569098397 0.0
440.569098397 0.0
441.569098397 0.0
442.569098397 0.0
443.569098397 0.0
444.569098397 0.0
445.569098397 0.0
446.569098397 0.0
447.569098397 0.0
448.569098397 0.0
449.569098397 0.0
450.569098397 0.0
451.569098397 0.0
452.569098397 0.0
453.569098397 0.0
454.569098397 0.0
455.569098397 0.0
456.569098397 0.0
457.569098397 0.0
458.569098397 0.0
459.569098397 0.0
460.569098397 0.0
461.569098397 0.0
462.569098397 0.0
463.569098397 0.0
464.569098397 0.0
465.569098397 0.0
466.569098397 0.0
467.569098397 0.0
468.569098397 0.0
469.569098397 0.0
470.569098397 0.0
471.569098397 0.0
472.569098397 0.0
473.569098397 0.0
474.569098397 0.0
475.569098397 0.0
476.569098397 0.0
477.569098397 0.0
478.569098397 0.0
479.569098397 0.0
480.569098397 0.0
481.569098397 0.0
482.569098397 0.0
483.569098397 0.0
484.569098397 0.0
485.569098397 0.0
486.569098397 0.0
487.569098397 0.0
488.569098397 0.0
489.569098397 0.0
490.569098397 0.0
491.569098397 0.0
492.569098397 0.0
493.569098397 0.0
494.569098397 0.0
495.569098397 0.0
496.569098397 0.0
497.569098397 0.0
498.569098397 0.0
499.569098397 0.0
500.569098397 0.0
501.569098397 0.0
502.569098397 0.0
503.569098397 0.0
504.569098397 0.0
505.569098397 0.0
506.569098397 0.0
507.569098397 0.0
508.569098397 0.0
509.569098397 0.0
510.569098397 0.0
511.569098397 0.0
512.569098396 0.0
513.569098396 0.0
514.569098396 0.0
515.569098396 0.0
516.569098396 0.0
517.569098396 0.0
518.569098396 0.0
519.569098396 0.0
520.569098396 0.0
521.569098396 0.0
522.569098396 0.0
523.569098396 0.0
524.569098396 0.0
525.569098396 0.0
526.569098396 0.0
527.569098396 0.0
528.569098396 0.0
529.569098396 0.0
530.569098396 0.0
531.569098396 0.0
532.569098396 0.0
533.569098396 0.0
534.569098396 0.0
535.569098396 0.0
536.569098396 0.0
537.569098396 0.0
538.569098396 0.0
539.569098396 0.0
540.569098396 0.0
541.569098396 0.0
542.569098396 0.0
543.569098396 0.0
544.569098396 0.0
545.569098396 0.0
546.569098396 0.0
547.569098396 0.0
548.569098396 0.0
549.569098396 0.0
550.569098396 0.0
551.569098396 0.0
552.569098396 0.0
553.569098396 0.0
554.569098396 0.0
555.569098396 0.0
556.569098396 0.0
557.569098396 0.0
558.569098396 0.0
559.569098396 0.0
560.569098396 0.0
561.569098396 0.0
562.569098396 0.0
563.569098396 0.0
564.569098396 0.0
565.569098396 0.0
566.569098396 0.0
567.569098396 0.0
568.569098396 0.0
569.569098396 0.0
