-617.181176471 0.0
-616.181176471 0.0
-615.181176471 0.0
-614.181176471 0.0
-613.181176471 0.0
-612.181176471 0.0
-611.181176471 0.0
-610.181176471 0.0
-609.181176471 0.0
-608.181176471 0.0
-607.181176471 0.0
-606.181176471 0.0
-605.181176471 0.0
-604.181176471 0.0
-603.181176471 0.0
-602.181176471 0.0
-601.181176471 0.0
-600.181176471 0.0
-599.181176471 0.0
-598.181176471 0.0
-597.181176471 0.0
-596.181176471 0.0
-595.181176471 0.0
-594.181176471 0.0
-593.181176471 0.0
-592.181176471 0.0
-591.181176471 0.0
-590.181176471 0.0
-589.181176471 0.0
-588.181176471 0.0
-587.181176471 0.0
-586.181176471 0.0
-585.181176471 0.0
-584.181176471 0.0
-583.181176471 0.0
-582.181176471 0.0
-581.181176471 0.0
-580.181176471 0.0
-579.181176471 0.0
-578.181176471 0.0
-577.181176471 0.0
-576.181176471 0.0
-575.181176471 0.0
-574.181176471 0.0
-573.181176471 0.0
-572.181176471 0.0
-571.181176471 0.0
-570.181176471 0.0
-569.181176471 0.0
-568.181176471 0.0
-567.181176471 0.0
-566.181176471 0.0
-565.181176471 0.0
-564.181176471 0.0
-563.181176471 0.0
-562.181176471 0.0
-561.181176471 0.0
-560.181176471 0.0
-559.181176471 0.0
-558.181176471 0.0
-557.181176471 0.0
-556.181176471 0.0
-555.181176471 0.0
-554.181176471 0.0
-553.181176471 0.0
-552.181176471 0.0
-551.181176471 0.0
-550.181176471 0.0
-549.181176471 0.0
-548.181176471 0.0
-547.181176471 0.0
-546.181176471 0.0
-545.181176471 0.0
-544.181176471 0.0
-543.181176471 0.0
-542.181176471 0.0
-541.181176471 0.0
-540.181176471 0.0
-539.181176471 0.0
-538.181176471 0.0
-537.181176471 0.0
-536.181176471 0.0
-535.181176471 0.0
-534.181176471 0.0
-533.181176471 0.0
-532.181176471 0.0
-531.181176471 0.0
-530.181176471 0.0
-529.181176471 0.0
-528.181176471 0.0
-527.181176471 0.0
-526.181176471 0.0
-525.181176471 0.0
-524.181176471 0.0
-523.181176471 0.0
-522.181176471 0.0
-521.181176471 0.0
-520.181176471 0.0
-519.181176471 0.0
-518.181176471 0.0
-517.181176471 0.0
-516.181176471 0.0
-515.181176471 0.0
-514.181176471 0.0
-513.181176471 0.0
-512.181176471 0.0
-511.181176471 0.0
-510.181176471 0.0
-509.181176471 0.0
-508.181176471 0.0
-507.181176471 0.0
-506.181176471 0.0
-505.181176471 0.0
-504.181176471 0.0
-503.181176471 0.0
-502.181176471 0.0
-501.181176471 0.0
-500.181176471 0.0
-499.181176471 0.0
-498.181176471 0.0
-497.181176471 0.0
-496.181176471 0.0
-495.181176471 0.0
-494.181176471 0.0
-493.181176471 0.0
-492.181176471 0.0
-491.181176471 0.0
-490.181176471 0.0
-489.181176471 0.0
-488.181176471 0.0
-487.181176471 0.0
-486.181176471 0.0
-485.181176471 0.0
-484.181176471 0.0
-483.181176471 0.0
-482.181176471 0.0
-481.181176471 0.0
-480.181176471 0.0
-479.181176471 0.0
-478.181176471 0.0
-477.181176471 0.0
-476.181176471 0.0
-475.181176471 0.0
-474.181176471 0.0
-473.181176471 0.0
-472.181176471 0.0
-471.181176471 0.0
-470.181176471 0.0
-469.181176471 0.0
-468.181176471 0.0
-467.181176471 0.0
-466.181176471 0.0
-465.181176471 0.0
-464.181176471 0.0
-463.181176471 0.0
-462.181176471 0.0
-461.181176471 0.0
-460.181176471 0.0
-459.181176471 0.0
-458.181176471 0.0
-457.181176471 0.0
-456.181176471 0.0
-455.181176471 0.0
-454.181176471 0.0
-453.181176471 0.0
-452.181176471 0.0
-451.181176471 0.0
-450.181176471 0.0
-449.181176471 0.0
-448.181176471 0.0
-447.181176471 0.0
-446.181176471 0.0
-445.181176471 0.0
-444.181176471 0.0
-443.181176471 0.0
-442.181176471 0.0
-441.181176471 0.0
-440.181176471 0.0
-439.181176471 0.0
-438.181176471 0.0
-437.181176471 0.0
-436.181176471 0.0
-435.181176471 0.0
-434.181176471 0.0
-433.181176471 0.0
-432.181176471 0.0
-431.181176471 0.0
-430.181176471 0.0
-429.181176471 0.0
-428.181176471 0.0
-427.181176471 0.0
-426.181176471 0.0
-425.181176471 0.0
-424.181176471 0.0
-423.181176471 0.0
-422.181176471 0.0
-421.181176471 0.0
-420.181176471 0.0
-419.181176471 0.0
-418.181176471 0.0
-417.181176471 0.0
-416.181176471 0.0
-415.181176471 0.0
-414.181176471 0.0
-413.181176471 0.0
-412.181176471 0.0
-411.181176471 0.0
-410.181176471 0.0
-409.181176471 0.0
-408.181176471 0.0
-407.181176471 0.0
-406.181176471 0.0
-405.181176471 0.0
-404.181176471 0.0
-403.181176471 0.0
-402.181176471 0.0
-401.181176471 0.0
-400.181176471 0.0
-399.181176471 0.0
-398.181176471 0.0
-397.181176471 0.0
-396.181176471 0.0
-395.181176471 0.0
-394.181176471 0.0
-393.181176471 0.0
-392.181176471 0.0
-391.181176471 0.0
-390.181176471 0.0
-389.181176471 0.0
-388.181176471 0.0
-387.181176471 0.0
-386.181176471 0.0
-385.181176471 0.0
-384.181176471 0.0
-383.181176471 0.0
-382.181176471 0.0
-381.181176471 0.0
-380.181176471 0.0
-379.181176471 0.0
-378.181176471 0.0
-377.181176471 0.0
-376.181176471 0.0
-375.181176471 0.0
-374.181176471 0.0
-373.181176471 0.0
-372.181176471 0.0
-371.181176471 0.0
-370.181176471 0.0
-369.181176471 0.0
-368.181176471 0.0
-367.181176471 0.0
-366.181176471 0.0
-365.181176471 0.0
-364.181176471 0.0
-363.181176471 0.0
-362.181176471 0.0
-361.181176471 0.0
-360.181176471 0.0
-359.181176471 0.0
-358.181176471 0.0
-357.181176471 0.0
-356.181176471 0.0
-355.181176471 0.0
-354.181176471 0.0
-353.181176471 0.0
-352.181176471 0.0
-351.181176471 0.0
-350.181176471 0.0
-349.181176471 0.0
-348.181176471 0.0
-347.181176471 0.0
-346.181176471 0.0
-345.181176471 0.0
-344.181176471 0.0
-343.181176471 0.0
-342.181176471 0.0
-341.181176471 0.0
-340.181176471 0.0
-339.181176471 0.0
-338.181176471 0.0
-337.181176471 0.0
-336.181176471 0.0
-335.181176471 0.0
-334.181176471 0.0
-333.181176471 0.0
-332.181176471 0.0
-331.181176471 0.0
-330.181176471 0.0
-329.181176471 0.0
-328.181176471 0.0
-327.181176471 0.0
-326.181176471 0.0
-325.181176471 0.0
-324.181176471 0.0
-323.181176471 0.0
-322.181176471 0.0
-321.181176471 0.0
-320.181176471 0.0
-319.181176471 0.0
-318.181176471 0.0
-317.181176471 0.0
-316.181176471 0.0
-315.181176471 0.0
-314.181176471 0.0
-313.181176471 0.0
-312.181176471 0.0
-311.181176471 0.0
-310.181176471 0.0
-309.181176471 0.0
-308.181176471 0.0
-307.181176471 0.0
-306.181176471 0.0
-305.181176471 0.0
-304.181176471 0.0
-303.181176471 0.0
-302.181176471 0.0
-301.181176471 0.0
-300.181176471 0.0
-299.181176471 0.0
-298.181176471 0.0
-297.181176471 0.0
-296.181176471 0.0
-295.181176471 0.0
-294.181176471 0.0
-293.181176471 0.0
-292.181176471 0.0
-291.181176471 0.0
-290.181176471 0.0
-289.181176471 0.0
-288.181176471 0.0
-287.181176471 0.0
-286.181176471 0.0
-285.181176471 0.0
-284.181176471 0.0
-283.181176471 0.0
-282.181176471 0.0
-281.181176471 0.0
-280.181176471 0.0
-279.181176471 0.0
-278.181176471 0.0
-277.181176471 0.0
-276.181176471 0.0
-275.181176471 0.0
-274.181176471 0.0
-273.181176471 0.0
-272.181176471 0.0
-271.181176471 0.0
-270.181176471 0.0
-269.181176471 0.0
-268.181176471 0.0
-267.181176471 0.0
-266.181176471 0.0
-265.181176471 0.0
-264.181176471 0.0
-263.181176471 0.0
-262.181176471 0.0
-261.181176471 0.0
-260.181176471 0.0
-259.181176471 0.0
-258.181176471 0.0
-257.181176471 0.0
-256.181176471 0.0
-255.181176471 0.0
-254.181176471 0.0
-253.181176471 0.0
-252.181176471 0.0
-251.181176471 0.0
-250.181176471 0.0
-249.181176471 0.0
-248.181176471 0.0
-247.181176471 0.0
-246.181176471 0.0
-245.181176471 0.0
-244.181176471 0.0
-243.181176471 0.0
-242.181176471 0.0
-241.181176471 0.0
-240.181176471 0.0
-239.181176471 0.0
-238.181176471 0.0
-237.181176471 0.0
-236.181176471 0.0
-235.181176471 0.0
-234.181176471 0.0
-233.181176471 0.0
-232.181176471 0.0
-231.181176471 0.0
-230.181176471 0.0
-229.181176471 0.0
-228.181176471 0.0
-227.181176471 0.0
-226.181176471 0.0
-225.181176471 0.0
-224.181176471 0.0
-223.181176471 0.0
-222.181176471 0.0
-221.181176471 0.0
-220.181176471 0.0
-219.181176471 0.0
-218.181176471 0.0
-217.181176471 0.0
-216.181176471 0.0
-215.181176471 0.0
-214.181176471 0.0
-213.181176471 0.0
-212.181176471 0.0
-211.181176471 0.0
-210.181176471 0.0
-209.181176471 0.0
-208.181176471 0.0
-207.181176471 0.0
-206.181176471 0.0
-205.181176471 0.0
-204.181176471 0.0
-203.181176471 0.0
-202.181176471 0.0
-201.181176471 0.0
-200.181176471 0.0
-199.181176471 0.0
-198.181176471 0.0
-197.181176471 0.0
-196.181176471 0.0
-195.181176471 0.0
-194.181176471 0.0
-193.181176471 0.0
-192.181176471 0.0
-191.181176471 0.0
-190.181176471 0.0
-189.181176471 0.0
-188.181176471 0.0
-187.181176471 0.0
-186.181176471 0.0
-185.181176471 0.0
-184.181176471 0.0
-183.181176471 0.0
-182.181176471 0.0
-181.181176471 0.0
-180.181176471 0.0
-179.181176471 0.0
-178.181176471 0.0
-177.181176471 0.0
-176.181176471 0.0
-175.181176471 0.0
-174.181176471 0.0
-173.181176471 0.0
-172.181176471 0.0
-171.181176471 0.0
-170.181176471 0.0
-169.181176471 0.0
-168.181176471 0.0
-167.181176471 0.0
-166.181176471 0.0
-165.181176471 0.0
-164.181176471 0.0
-163.181176471 0.0
-162.181176471 0.0
-161.181176471 0.0
-160.181176471 0.0
-159.181176471 0.0
-158.181176471 0.0
-157.181176471 0.0
-156.181176471 0.0
-155.181176471 0.0
-154.181176471 0.0
-153.181176471 0.0
-152.181176471 0.0
-151.181176471 0.0
-150.181176471 0.0
-149.181176471 0.0
-148.181176471 0.0
-147.181176471 0.0
-146.181176471 0.0
-145.181176471 0.0
-144.181176471 0.0
-143.181176471 0.0
-142.181176471 0.0
-141.181176471 0.0
-140.181176471 0.0
-139.181176471 0.0
-138.181176471 0.0
-137.181176471 0.0
-136.181176471 0.0
-135.181176471 0.0
-134.181176471 0.0
-133.181176471 0.0
-132.181176471 0.0
-131.181176471 0.0
-130.181176471 0.0
-129.181176471 0.0
-128.181176471 0.0
-127.181176471 0.0
-126.181176471 0.0
-125.181176471 0.0
-124.181176471 0.0
-123.181176471 0.0
-122.181176471 0.0
-121.181176471 0.0
-120.181176471 0.0
-119.181176471 0.0
-118.181176471 0.0
-117.181176471 0.000000e+00
-116.789019608 0.000000e+00
-116.396862745 0.000000e+00
-116.004705882 0.000000e+00
-115.61254902 0.000000e+00
-115.220392157 0.000000e+00
-114.828235294 0.000000e+00
-114.436078431 0.000000e+00
-114.043921569 0.000000e+00
-113.651764706 0.000000e+00
-113.259607843 0.000000e+00
-112.86745098 0.000000e+00
-112.475294118 0.000000e+00
-112.083137255 0.000000e+00
-111.690980392 0.000000e+00
-111.298823529 0.000000e+00
-110.906666667 0.000000e+00
-110.514509804 0.000000e+00
-110.122352941 0.000000e+00
-109.730196078 0.000000e+00
-109.338039216 0.000000e+00
-108.945882353 0.000000e+00
-108.55372549 0.000000e+00
-108.161568627 0.000000e+00
-107.769411765 0.000000e+00
-107.377254902 0.000000e+00
-106.985098039 0.000000e+00
-106.592941176 0.000000e+00
-106.200784314 0.000000e+00
-105.808627451 0.000000e+00
-105.416470588 0.000000e+00
-105.024313725 0.000000e+00
-104.632156863 0.000000e+00
-104.24 0.000000e+00
-103.847843137 0.000000e+00
-103.455686275 0.000000e+00
-103.063529412 0.000000e+00
-102.671372549 0.000000e+00
-102.279215686 0.000000e+00
-101.887058824 0.000000e+00
-101.494901961 0.000000e+00
-101.102745098 0.000000e+00
-100.710588235 0.000000e+00
-100.318431373 0.000000e+00
-99.9262745098 0.000000e+00
-99.5341176471 0.000000e+00
-99.1419607843 0.000000e+00
-98.7498039216 0.000000e+00
-98.3576470588 0.000000e+00
-97.9654901961 0.000000e+00
-97.5733333333 0.000000e+00
-97.1811764706 0.000000e+00
-96.7890196078 0.000000e+00
-96.3968627451 0.000000e+00
-96.0047058824 0.000000e+00
-95.6125490196 0.000000e+00
-95.2203921569 0.000000e+00
-94.8282352941 0.000000e+00
-94.4360784314 0.000000e+00
-94.0439215686 0.000000e+00
-93.6517647059 0.000000e+00
-93.2596078431 0.000000e+00
-92.8674509804 0.000000e+00
-92.4752941176 0.000000e+00
-92.0831372549 0.000000e+00
-91.6909803922 0.000000e+00
-91.2988235294 0.000000e+00
-90.9066666667 0.000000e+00
-90.5145098039 0.000000e+00
-90.1223529412 0.000000e+00
-89.7301960784 0.000000e+00
-89.3380392157 0.000000e+00
-88.9458823529 0.000000e+00
-88.5537254902 0.000000e+00
-88.1615686275 0.000000e+00
-87.7694117647 0.000000e+00
-87.377254902 0.000000e+00
-86.9850980392 0.000000e+00
-86.5929411765 0.000000e+00
-86.2007843137 0.000000e+00
-85.808627451 0.000000e+00
-85.4164705882 0.000000e+00
-85.0243137255 0.000000e+00
-84.6321568627 0.000000e+00
-84.24 0.000000e+00
-83.8478431373 0.000000e+00
-83.4556862745 0.000000e+00
-83.0635294118 0.000000e+00
-82.671372549 0.000000e+00
-82.2792156863 0.000000e+00
-81.8870588235 0.000000e+00
-81.4949019608 0.000000e+00
-81.102745098 0.000000e+00
-80.7105882353 0.000000e+00
-80.3184313725 0.000000e+00
-79.9262745098 0.000000e+00
-79.5341176471 0.000000e+00
-79.1419607843 0.000000e+00
-78.7498039216 0.000000e+00
-78.3576470588 0.000000e+00
-77.9654901961 0.000000e+00
-77.5733333333 0.000000e+00
-77.1811764706 0.000000e+00
-76.7890196078 0.000000e+00
-76.3968627451 0.000000e+00
-76.0047058824 0.000000e+00
-75.6125490196 0.000000e+00
-75.2203921569 0.000000e+00
-74.8282352941 0.000000e+00
-74.4360784314 0.000000e+00
-74.0439215686 0.000000e+00
-73.6517647059 0.000000e+00
-73.2596078431 0.000000e+00
-72.8674509804 0.000000e+00
-72.4752941176 0.000000e+00
-72.0831372549 0.000000e+00
-71.6909803922 0.000000e+00
-71.2988235294 0.000000e+00
-70.9066666667 0.000000e+00
-70.5145098039 0.000000e+00
-70.1223529412 0.000000e+00
-69.7301960784 0.000000e+00
-69.3380392157 0.000000e+00
-68.9458823529 0.000000e+00
-68.5537254902 0.000000e+00
-68.1615686275 0.000000e+00
-67.7694117647 0.000000e+00
-67.377254902 0.000000e+00
-66.9850980392 0.000000e+00
-66.5929411765 0.000000e+00
-66.2007843137 0.000000e+00
-65.808627451 0.000000e+00
-65.4164705882 0.000000e+00
-65.0243137255 0.000000e+00
-64.6321568627 0.000000e+00
-64.24 0.000000e+00
-63.8478431373 0.000000e+00
-63.4556862745 0.000000e+00
-63.0635294118 0.000000e+00
-62.671372549 0.000000e+00
-62.2792156863 0.000000e+00
-61.8870588235 0.000000e+00
-61.4949019608 0.000000e+00
-61.102745098 0.000000e+00
-60.7105882353 0.000000e+00
-60.3184313725 0.000000e+00
-59.9262745098 0.000000e+00
-59.5341176471 0.000000e+00
-59.1419607843 0.000000e+00
-58.7498039216 0.000000e+00
-58.3576470588 0.000000e+00
-57.9654901961 0.000000e+00
-57.5733333333 0.000000e+00
-57.1811764706 0.000000e+00
-56.7890196078 0.000000e+00
-56.3968627451 0.000000e+00
-56.0047058824 0.000000e+00
-55.6125490196 0.000000e+00
-55.2203921569 0.000000e+00
-54.8282352941 0.000000e+00
-54.4360784314 0.000000e+00
-54.0439215686 0.000000e+00
-53.6517647059 0.000000e+00
-53.2596078431 0.000000e+00
-52.8674509804 0.000000e+00
-52.4752941176 0.000000e+00
-52.0831372549 0.000000e+00
-51.6909803922 0.000000e+00
-51.2988235294 0.000000e+00
-50.9066666667 0.000000e+00
-50.5145098039 0.000000e+00
-50.1223529412 0.000000e+00
-49.7301960784 0.000000e+00
-49.3380392157 0.000000e+00
-48.9458823529 0.000000e+00
-48.5537254902 0.000000e+00
-48.1615686275 0.000000e+00
-47.7694117647 0.000000e+00
-47.377254902 0.000000e+00
-46.9850980392 0.000000e+00
-46.5929411765 0.000000e+00
-46.2007843137 0.000000e+00
-45.808627451 0.000000e+00
-45.4164705882 0.000000e+00
-45.0243137255 0.000000e+00
-44.6321568627 0.000000e+00
-44.24 0.000000e+00
-43.8478431373 0.000000e+00
-43.4556862745 0.000000e+00
-43.0635294118 0.000000e+00
-42.671372549 0.000000e+00
-42.2792156863 0.000000e+00
-41.8870588235 0.000000e+00
-41.4949019608 0.000000e+00
-41.102745098 0.000000e+00
-40.7105882353 0.000000e+00
-40.3184313725 0.000000e+00
-39.9262745098 0.000000e+00
-39.5341176471 0.000000e+00
-39.1419607843 0.000000e+00
-38.7498039216 0.000000e+00
-38.3576470588 0.000000e+00
-37.9654901961 0.000000e+00
-37.5733333333 0.000000e+00
-37.1811764706 0.000000e+00
-36.7890196078 0.000000e+00
-36.3968627451 0.000000e+00
-36.0047058824 0.000000e+00
-35.6125490196 0.000000e+00
-35.2203921569 0.000000e+00
-34.8282352941 0.000000e+00
-34.4360784314 0.000000e+00
-34.0439215686 0.000000e+00
-33.6517647059 0.000000e+00
-33.2596078431 0.000000e+00
-32.8674509804 0.000000e+00
-32.4752941176 0.000000e+00
-32.0831372549 0.000000e+00
-31.6909803922 0.000000e+00
-31.2988235294 0.000000e+00
-30.9066666667 0.000000e+00
-30.5145098039 0.000000e+00
-30.1223529412 0.000000e+00
-29.7301960784 0.000000e+00
-29.3380392157 0.000000e+00
-28.9458823529 0.000000e+00
-28.5537254902 0.000000e+00
-28.1615686275 0.000000e+00
-27.7694117647 0.000000e+00
-27.377254902 0.000000e+00
-26.9850980392 0.000000e+00
-26.5929411765 0.000000e+00
-26.2007843137 0.000000e+00
-25.808627451 0.000000e+00
-25.4164705882 0.000000e+00
-25.0243137255 0.000000e+00
-24.6321568627 0.000000e+00
-24.24 0.000000e+00
-23.8478431373 0.000000e+00
-23.4556862745 0.000000e+00
-23.0635294118 0.000000e+00
-22.671372549 0.000000e+00
-22.2792156863 0.000000e+00
-21.8870588235 0.000000e+00
-21.4949019608 0.000000e+00
-21.102745098 0.000000e+00
-20.7105882353 0.000000e+00
-20.3184313725 0.000000e+00
-19.9262745098 0.000000e+00
-19.5341176471 0.000000e+00
-19.1419607843 0.000000e+00
-18.7498039216 0.000000e+00
-18.3576470588 0.000000e+00
-17.9654901961 0.000000e+00
-17.5733333333 0.000000e+00
-17.1811764706 0.000000e+00
-16.7890196078 0.000000e+00
-16.3968627451 0.000000e+00
-16.0047058824 0.000000e+00
-15.6125490196 0.000000e+00
-15.2203921569 0.000000e+00
-14.8282352941 0.000000e+00
-14.4360784314 0.000000e+00
-14.0439215686 0.000000e+00
-13.6517647059 0.000000e+00
-13.2596078431 0.000000e+00
-12.8674509804 0.000000e+00
-12.4752941176 0.000000e+00
-12.0831372549 0.000000e+00
-11.6909803922 0.000000e+00
-11.2988235294 0.000000e+00
-10.9066666667 0.000000e+00
-10.5145098039 0.000000e+00
-10.1223529412 0.000000e+00
-9.73019607843 0.000000e+00
-9.33803921569 0.000000e+00
-8.94588235294 0.000000e+00
-8.5537254902 0.000000e+00
-8.16156862745 0.000000e+00
-7.76941176471 0.000000e+00
-7.37725490196 0.000000e+00
-6.98509803922 0.000000e+00
-6.59294117647 0.000000e+00
-6.20078431373 0.000000e+00
-5.80862745098 0.000000e+00
-5.41647058824 0.000000e+00
-5.02431372549 0.000000e+00
-4.63215686275 0.000000e+00
-4.24 0.000000e+00
-3.84784313725 0.000000e+00
-3.45568627451 0.000000e+00
-3.06352941176 0.000000e+00
-2.67137254902 0.000000e+00
-2.27921568627 2.424255e-01
-1.88705882353 3.882806e-01
-1.49490196078 6.449897e-01
-1.10274509804 6.821487e-01
-0.710588235294 7.253651e-01
-0.318431372549 7.793794e-01
0.0737254901961 1.000000e+00
0.465882352941 9.467940e-01
0.858039215686 8.947207e-01
1.25019607843 8.734648e-01
1.64235294118 6.937671e-01
2.03450980392 6.822998e-01
2.42666666667 6.463230e-01
2.81882352941 5.379608e-01
3.21098039216 5.425929e-01
3.6031372549 3.802779e-01
3.99529411765 4.281374e-01
4.38745098039 4.192223e-01
4.77960784314 3.575766e-01
5.17176470588 2.866754e-01
5.56392156863 2.769856e-01
5.95607843137 3.268441e-01
6.34823529412 2.219570e-01
6.74039215686 2.637319e-01
7.13254901961 2.539603e-01
7.52470588235 2.390060e-01
7.9168627451 1.938394e-01
8.30901960784 1.702443e-01
8.70117647059 1.404479e-01
9.09333333333 2.140228e-01
9.48549019608 1.637412e-01
9.87764705882 1.456132e-01
10.2698039216 2.181220e-01
10.6619607843 2.007108e-01
11.0541176471 1.127411e-01
11.4462745098 0.000000e+00
11.8384313725 1.107940e-01
12.2305882353 1.480581e-01
12.622745098 0.000000e+00
13.0149019608 0.000000e+00
13.4070588235 1.839300e-01
13.7992156863 0.000000e+00
14.191372549 0.000000e+00
14.5835294118 0.000000e+00
14.9756862745 0.000000e+00
15.3678431373 1.097575e-01
15.76 0.000000e+00
16.1521568627 0.000000e+00
16.5443137255 0.000000e+00
16.9364705882 0.000000e+00
17.328627451 0.000000e+00
17.7207843137 0.000000e+00
18.1129411765 0.000000e+00
18.5050980392 0.000000e+00
18.897254902 0.000000e+00
19.2894117647 0.000000e+00
19.6815686275 0.000000e+00
20.0737254902 0.000000e+00
20.4658823529 0.000000e+00
20.8580392157 0.000000e+00
21.2501960784 0.000000e+00
21.6423529412 0.000000e+00
22.0345098039 0.000000e+00
22.4266666667 0.000000e+00
22.8188235294 0.000000e+00
23.2109803922 0.000000e+00
23.6031372549 0.000000e+00
23.9952941176 1.156130e-01
24.3874509804 0.000000e+00
24.7796078431 0.000000e+00
25.1717647059 0.000000e+00
25.5639215686 0.000000e+00
25.9560784314 0.000000e+00
26.3482352941 0.000000e+00
26.7403921569 0.000000e+00
27.1325490196 0.000000e+00
27.5247058824 0.000000e+00
27.9168627451 0.000000e+00
28.3090196078 0.000000e+00
28.7011764706 0.000000e+00
29.0933333333 0.000000e+00
29.4854901961 0.000000e+00
29.8776470588 0.000000e+00
30.2698039216 0.000000e+00
30.6619607843 0.000000e+00
31.0541176471 0.000000e+00
31.4462745098 0.000000e+00
31.8384313725 0.000000e+00
32.2305882353 0.000000e+00
32.622745098 0.000000e+00
33.0149019608 0.000000e+00
33.4070588235 0.000000e+00
33.7992156863 0.000000e+00
34.191372549 0.000000e+00
34.5835294118 0.000000e+00
34.9756862745 0.000000e+00
35.3678431373 0.000000e+00
35.76 0.000000e+00
36.1521568627 0.000000e+00
36.5443137255 0.000000e+00
36.9364705882 0.000000e+00
37.328627451 0.000000e+00
37.7207843137 0.000000e+00
38.1129411765 0.000000e+00
38.5050980392 0.000000e+00
38.897254902 0.000000e+00
39.2894117647 0.000000e+00
39.6815686275 0.000000e+00
40.0737254902 0.000000e+00
40.4658823529 0.000000e+00
40.8580392157 0.000000e+00
41.2501960784 0.000000e+00
41.6423529412 0.000000e+00
42.0345098039 0.000000e+00
42.4266666667 0.000000e+00
42.8188235294 0.000000e+00
43.2109803922 0.000000e+00
43.6031372549 0.000000e+00
43.9952941176 0.000000e+00
44.3874509804 0.000000e+00
44.7796078431 0.000000e+00
45.1717647059 0.000000e+00
45.5639215686 0.000000e+00
45.9560784314 0.000000e+00
46.3482352941 0.000000e+00
46.7403921569 0.000000e+00
47.1325490196 0.000000e+00
47.5247058824 0.000000e+00
47.9168627451 0.000000e+00
48.3090196078 0.000000e+00
48.7011764706 0.000000e+00
49.0933333333 0.000000e+00
49.4854901961 0.000000e+00
49.8776470588 0.000000e+00
50.2698039216 0.000000e+00
50.6619607843 0.000000e+00
51.0541176471 0.000000e+00
51.4462745098 0.000000e+00
51.8384313725 0.000000e+00
52.2305882353 0.000000e+00
52.622745098 0.000000e+00
53.0149019608 0.000000e+00
53.4070588235 0.000000e+00
53.7992156863 0.000000e+00
54.191372549 0.000000e+00
54.5835294118 0.000000e+00
54.9756862745 0.000000e+00
55.3678431373 0.000000e+00
55.76 0.000000e+00
56.1521568627 0.000000e+00
56.5443137255 0.000000e+00
56.9364705882 0.000000e+00
57.328627451 0.000000e+00
57.7207843137 0.000000e+00
58.1129411765 0.000000e+00
58.5050980392 0.000000e+00
58.897254902 0.000000e+00
59.2894117647 0.000000e+00
59.6815686275 0.000000e+00
60.0737254902 0.000000e+00
60.4658823529 0.000000e+00
60.8580392157 0.000000e+00
61.2501960784 0.000000e+00
61.6423529412 0.000000e+00
62.0345098039 0.000000e+00
62.4266666667 0.000000e+00
62.8188235294 0.000000e+00
63.2109803922 0.000000e+00
63.6031372549 0.000000e+00
63.9952941176 0.000000e+00
64.3874509804 0.000000e+00
64.7796078431 0.000000e+00
65.1717647059 0.000000e+00
65.5639215686 0.000000e+00
65.9560784314 0.000000e+00
66.3482352941 0.000000e+00
66.7403921569 0.000000e+00
67.1325490196 0.000000e+00
67.5247058824 0.000000e+00
67.9168627451 0.000000e+00
68.3090196078 0.000000e+00
68.7011764706 0.000000e+00
69.0933333333 0.000000e+00
69.4854901961 0.000000e+00
69.8776470588 0.000000e+00
70.2698039216 0.000000e+00
70.6619607843 0.000000e+00
71.0541176471 0.000000e+00
71.4462745098 0.000000e+00
71.8384313725 0.000000e+00
72.2305882353 0.000000e+00
72.622745098 0.000000e+00
73.0149019608 0.000000e+00
73.4070588235 0.000000e+00
73.7992156863 0.000000e+00
74.191372549 0.000000e+00
74.5835294118 0.000000e+00
74.9756862745 0.000000e+00
75.3678431373 0.000000e+00
75.76 0.000000e+00
76.1521568627 0.000000e+00
76.5443137255 0.000000e+00
76.9364705882 0.000000e+00
77.328627451 0.000000e+00
77.7207843137 0.000000e+00
78.1129411765 0.000000e+00
78.5050980392 0.000000e+00
78.897254902 0.000000e+00
79.2894117647 0.000000e+00
79.6815686275 0.000000e+00
80.0737254902 0.000000e+00
80.4658823529 0.000000e+00
80.8580392157 0.000000e+00
81.2501960784 0.000000e+00
81.6423529412 0.000000e+00
82.0345098039 0.000000e+00
82.4266666667 0.000000e+00
82.8188235294 0.000000e+00
83.2109803922 0.000000e+00
83.6031372549 0.000000e+00
83.9952941176 0.000000e+00
84.3874509804 0.000000e+00
84.7796078431 0.000000e+00
85.1717647059 0.000000e+00
85.5639215686 0.000000e+00
85.9560784314 0.000000e+00
86.3482352941 0.000000e+00
86.7403921569 0.000000e+00
87.1325490196 0.000000e+00
87.5247058824 0.000000e+00
87.9168627451 0.000000e+00
88.3090196078 0.000000e+00
88.7011764706 0.000000e+00
89.0933333333 0.000000e+00
89.4854901961 0.000000e+00
89.8776470588 0.000000e+00
90.2698039216 0.000000e+00
90.6619607843 0.000000e+00
91.0541176471 0.000000e+00
91.4462745098 0.000000e+00
91.8384313725 0.000000e+00
92.2305882353 0.000000e+00
92.622745098 0.000000e+00
93.0149019608 0.000000e+00
93.4070588235 0.000000e+00
93.7992156863 0.000000e+00
94.191372549 0.000000e+00
94.5835294118 0.000000e+00
94.9756862745 0.000000e+00
95.3678431373 0.000000e+00
95.76 0.000000e+00
96.1521568627 0.000000e+00
96.5443137255 0.000000e+00
96.9364705882 0.000000e+00
97.328627451 0.000000e+00
97.7207843137 0.000000e+00
98.1129411765 0.000000e+00
98.5050980392 0.000000e+00
98.897254902 0.000000e+00
99.2894117647 0.000000e+00
99.6815686275 0.000000e+00
100.07372549 0.000000e+00
100.465882353 0.000000e+00
100.858039216 0.000000e+00
101.250196078 0.000000e+00
101.642352941 0.000000e+00
102.034509804 0.000000e+00
102.426666667 0.000000e+00
102.818823529 0.000000e+00
103.210980392 0.000000e+00
103.603137255 0.000000e+00
103.995294118 0.000000e+00
104.38745098 0.000000e+00
104.779607843 0.000000e+00
105.171764706 0.000000e+00
105.563921569 0.000000e+00
105.956078431 0.000000e+00
106.348235294 0.000000e+00
106.740392157 0.000000e+00
107.13254902 0.000000e+00
107.524705882 0.000000e+00
107.916862745 0.000000e+00
108.309019608 0.000000e+00
108.701176471 0.000000e+00
109.093333333 0.000000e+00
109.485490196 0.000000e+00
109.877647059 0.000000e+00
110.269803922 0.000000e+00
110.661960784 0.000000e+00
111.054117647 0.000000e+00
111.44627451 0.000000e+00
111.838431373 0.000000e+00
112.230588235 0.000000e+00
112.622745098 0.000000e+00
113.014901961 0.000000e+00
113.407058824 0.000000e+00
113.799215686 0.000000e+00
114.191372549 0.000000e+00
114.583529412 0.000000e+00
114.975686275 0.000000e+00
115.367843137 0.000000e+00
115.76 0.000000e+00
116.152156863 0.000000e+00
116.544313725 0.000000e+00
116.936470588 0.000000e+00
117.328627451 0.000000e+00
117.720784314 0.000000e+00
118.112941176 0.000000e+00
118.505098039 0.000000e+00
119.505098039 0.0
120.505098039 0.0
121.505098039 0.0
122.505098039 0.0
123.505098039 0.0
124.505098039 0.0
125.505098039 0.0
126.505098039 0.0
127.505098039 0.0
128.505098039 0.0
129.505098039 0.0
130.505098039 0.0
131.505098039 0.0
132.505098039 0.0
133.505098039 0.0
134.505098039 0.0
135.505098039 0.0
136.505098039 0.0
137.505098039 0.0
138.505098039 0.0
139.505098039 0.0
140.505098039 0.0
141.505098039 0.0
142.505098039 0.0
143.505098039 0.0
144.505098039 0.0
145.505098039 0.0
146.505098039 0.0
147.505098039 0.0
148.505098039 0.0
149.505098039 0.0
150.505098039 0.0
151.505098039 0.0
152.505098039 0.0
153.505098039 0.0
154.505098039 0.0
155.505098039 0.0
156.505098039 0.0
157.505098039 0.0
158.505098039 0.0
159.505098039 0.0
160.505098039 0.0
161.505098039 0.0
162.505098039 0.0
163.505098039 0.0
164.505098039 0.0
165.505098039 0.0
166.505098039 0.0
167.505098039 0.0
168.505098039 0.0
169.505098039 0.0
170.505098039 0.0
171.505098039 0.0
172.505098039 0.0
173.505098039 0.0
174.505098039 0.0
175.505098039 0.0
176.505098039 0.0
177.505098039 0.0
178.505098039 0.0
179.505098039 0.0
180.505098039 0.0
181.505098039 0.0
182.505098039 0.0
183.505098039 0.0
184.505098039 0.0
185.505098039 0.0
186.505098039 0.0
187.505098039 0.0
188.505098039 0.0
189.505098039 0.0
190.505098039 0.0
191.505098039 0.0
192.505098039 0.0
193.505098039 0.0
194.505098039 0.0
195.505098039 0.0
196.505098039 0.0
197.505098039 0.0
198.505098039 0.0
199.505098039 0.0
200.505098039 0.0
201.505098039 0.0
202.505098039 0.0
203.505098039 0.0
204.505098039 0.0
205.505098039 0.0
206.505098039 0.0
207.505098039 0.0
208.505098039 0.0
209.505098039 0.0
210.505098039 0.0
211.505098039 0.0
212.505098039 0.0
213.505098039 0.0
214.505098039 0.0
215.505098039 0.0
216.505098039 0.0
217.505098039 0.0
218.505098039 0.0
219.505098039 0.0
220.505098039 0.0
221.505098039 0.0
222.505098039 0.0
223.505098039 0.0
224.505098039 0.0
225.505098039 0.0
226.505098039 0.0
227.505098039 0.0
228.505098039 0.0
229.505098039 0.0
230.505098039 0.0
231.505098039 0.0
232.505098039 0.0
233.505098039 0.0
234.505098039 0.0
235.505098039 0.0
236.505098039 0.0
237.505098039 0.0
238.505098039 0.0
239.505098039 0.0
240.505098039 0.0
241.505098039 0.0
242.505098039 0.0
243.505098039 0.0
244.505098039 0.0
245.505098039 0.0
246.505098039 0.0
247.505098039 0.0
248.505098039 0.0
249.505098039 0.0
250.505098039 0.0
251.505098039 0.0
252.505098039 0.0
253.505098039 0.0
254.505098039 0.0
255.505098039 0.0
256.505098039 0.0
257.505098039 0.0
258.505098039 0.0
259.505098039 0.0
260.505098039 0.0
261.505098039 0.0
262.505098039 0.0
263.505098039 0.0
264.505098039 0.0
265.505098039 0.0
266.505098039 0.0
267.505098039 0.0
268.505098039 0.0
269.505098039 0.0
270.505098039 0.0
271.505098039 0.0
272.505098039 0.0
273.505098039 0.0
274.505098039 0.0
275.505098039 0.0
276.505098039 0.0
277.505098039 0.0
278.505098039 0.0
279.505098039 0.0
280.505098039 0.0
281.505098039 0.0
282.505098039 0.0
283.505098039 0.0
284.505098039 0.0
285.505098039 0.0
286.505098039 0.0
287.505098039 0.0
288.505098039 0.0
289.505098039 0.0
290.505098039 0.0
291.505098039 0.0
292.505098039 0.0
293.505098039 0.0
294.505098039 0.0
295.505098039 0.0
296.505098039 0.0
297.505098039 0.0
298.505098039 0.0
299.505098039 0.0
300.505098039 0.0
301.505098039 0.0
302.505098039 0.0
303.505098039 0.0
304.505098039 0.0
305.505098039 0.0
306.505098039 0.0
307.505098039 0.0
308.505098039 0.0
309.505098039 0.0
310.505098039 0.0
311.505098039 0.0
312.505098039 0.0
313.505098039 0.0
314.505098039 0.0
315.505098039 0.0
316.505098039 0.0
317.505098039 0.0
318.505098039 0.0
319.505098039 0.0
320.505098039 0.0
321.505098039 0.0
322.505098039 0.0
323.505098039 0.0
324.505098039 0.0
325.505098039 0.0
326.505098039 0.0
327.505098039 0.0
328.505098039 0.0
329.505098039 0.0
330.505098039 0.0
331.505098039 0.0
332.505098039 0.0
333.505098039 0.0
334.505098039 0.0
335.505098039 0.0
336.505098039 0.0
337.505098039 0.0
338.505098039 0.0
339.505098039 0.0
340.505098039 0.0
341.505098039 0.0
342.505098039 0.0
343.505098039 0.0
344.505098039 0.0
345.505098039 0.0
346.505098039 0.0
347.505098039 0.0
348.505098039 0.0
349.505098039 0.0
350.505098039 0.0
351.505098039 0.0
352.505098039 0.0
353.505098039 0.0
354.505098039 0.0
355.505098039 0.0
356.505098039 0.0
357.505098039 0.0
358.505098039 0.0
359.505098039 0.0
360.505098039 0.0
361.505098039 0.0
362.505098039 0.0
363.505098039 0.0
364.505098039 0.0
365.505098039 0.0
366.505098039 0.0
367.505098039 0.0
368.505098039 0.0
369.505098039 0.0
370.505098039 0.0
371.505098039 0.0
372.505098039 0.0
373.505098039 0.0
374.505098039 0.0
375.505098039 0.0
376.505098039 0.0
377.505098039 0.0
378.505098039 0.0
379.505098039 0.0
380.505098039 0.0
381.505098039 0.0
382.505098039 0.0
383.505098039 0.0
384.505098039 0.0
385.505098039 0.0
386.505098039 0.0
387.505098039 0.0
388.505098039 0.0
389.505098039 0.0
390.505098039 0.0
391.505098039 0.0
392.505098039 0.0
393.505098039 0.0
394.505098039 0.0
395.505098039 0.0
396.505098039 0.0
397.505098039 0.0
398.505098039 0.0
399.505098039 0.0
400.505098039 0.0
401.505098039 0.0
402.505098039 0.0
403.505098039 0.0
404.505098039 0.0
405.505098039 0.0
406.505098039 0.0
407.505098039 0.0
408.505098039 0.0
409.505098039 0.0
410.505098039 0.0
411.505098039 0.0
412.505098039 0.0
413.505098039 0.0
414.505098039 0.0
415.505098039 0.0
416.505098039 0.0
417.505098039 0.0
418.505098039 0.0
419.505098039 0.0
420.505098039 0.0
421.505098039 0.0
422.505098039 0.0
423.505098039 0.0
424.505098039 0.0
425.505098039 0.0
426.505098039 0.0
427.505098039 0.0
428.505098039 0.0
429.505098039 0.0
430.505098039 0.0
431.505098039 0.0
432.505098039 0.0
433.505098039 0.0
434.505098039 0.0
435.505098039 0.0
436.505098039 0.0
437.505098039 0.0
438.505098039 0.0
439.505098039 0.0
440.505098039 0.0
441.505098039 0.0
442.505098039 0.0
443.505098039 0.0
444.505098039 0.0
445.505098039 0.0
446.505098039 0.0
447.505098039 0.0
448.505098039 0.0
449.505098039 0.0
450.505098039 0.0
451.505098039 0.0
452.505098039 0.0
453.505098039 0.0
454.505098039 0.0
455.505098039 0.0
456.505098039 0.0
457.505098039 0.0
458.505098039 0.0
459.505098039 0.0
460.505098039 0.0
461.505098039 0.0
462.505098039 0.0
463.505098039 0.0
464.505098039 0.0
465.505098039 0.0
466.505098039 0.0
467.505098039 0.0
468.505098039 0.0
469.505098039 0.0
470.505098039 0.0
471.505098039 0.0
472.505098039 0.0
473.505098039 0.0
474.505098039 0.0
475.505098039 0.0
476.505098039 0.0
477.505098039 0.0
478.505098039 0.0
479.505098039 0.0
480.505098039 0.0
481.505098039 0.0
482.505098039 0.0
483.505098039 0.0
484.505098039 0.0
485.505098039 0.0
486.505098039 0.0
487.505098039 0.0
488.505098039 0.0
489.505098039 0.0
490.505098039 0.0
491.505098039 0.0
492.505098039 0.0
493.505098039 0.0
494.505098039 0.0
495.505098039 0.0
496.505098039 0.0
497.505098039 0.0
498.505098039 0.0
499.505098039 0.0
500.505098039 0.0
501.505098039 0.0
502.505098039 0.0
503.505098039 0.0
504.505098039 0.0
505.505098039 0.0
506.505098039 0.0
507.505098039 0.0
508.505098039 0.0
509.505098039 0.0
510.505098039 0.0
511.505098039 0.0
512.505098039 0.0
513.505098039 0.0
514.505098039 0.0
515.505098039 0.0
516.505098039 0.0
517.505098039 0.0
518.505098039 0.0
519.505098039 0.0
520.505098039 0.0
521.505098039 0.0
522.505098039 0.0
523.505098039 0.0
524.505098039 0.0
525.505098039 0.0
526.505098039 0.0
527.505098039 0.0
528.505098039 0.0
529.505098039 0.0
530.505098039 0.0
531.505098039 0.0
532.505098039 0.0
533.505098039 0.0
534.505098039 0.0
535.505098039 0.0
536.505098039 0.0
537.505098039 0.0
538.505098039 0.0
539.505098039 0.0
540.505098039 0.0
541.505098039 0.0
542.505098039 0.0
543.505098039 0.0
544.505098039 0.0
545.505098039 0.0
546.505098039 0.0
547.505098039 0.0
548.505098039 0.0
549.505098039 0.0
550.505098039 0.0
551.505098039 0.0
552.505098039 0.0
553.505098039 0.0
554.505098039 0.0
555.505098039 0.0
556.505098039 0.0
557.505098039 0.0
558.505098039 0.0
559.505098039 0.0
560.505098039 0.0
561.505098039 0.0
562.505098039 0.0
563.505098039 0.0
564.505098039 0.0
565.505098039 0.0
566.505098039 0.0
567.505098039 0.0
568.505098039 0.0
569.505098039 0.0
570.505098039 0.0
571.505098039 0.0
572.505098039 0.0
573.505098039 0.0
574.505098039 0.0
575.505098039 0.0
576.505098039 0.0
577.505098039 0.0
578.505098039 0.0
579.505098039 0.0
580.505098039 0.0
581.505098039 0.0
582.505098039 0.0
583.505098039 0.0
584.505098039 0.0
585.505098039 0.0
586.505098039 0.0
587.505098039 0.0
588.505098039 0.0
589.505098039 0.0
590.505098039 0.0
591.505098039 0.0
592.505098039 0.0
593.505098039 0.0
594.505098039 0.0
595.505098039 0.0
596.505098039 0.0
597.505098039 0.0
598.505098039 0.0
599.505098039 0.0
600.505098039 0.0
601.505098039 0.0
602.505098039 0.0
603.505098039 0.0
604.505098039 0.0
605.505098039 0.0
606.505098039 0.0
607.505098039 0.0
608.505098039 0.0
609.505098039 0.0
610.505098039 0.0
611.505098039 0.0
612.505098039 0.0
613.505098039 0.0
614.505098039 0.0
615.505098039 0.0
616.505098039 0.0
617.505098039 0.0
618.505098039 0.0
