-565.9857042 0.0
-564.9857042 0.0
-563.9857042 0.0
-562.9857042 0.0
-561.9857042 0.0
-560.9857042 0.0
-559.9857042 0.0
-558.9857042 0.0
-557.9857042 0.0
-556.9857042 0.0
-555.9857042 0.0
-554.9857042 0.0
-553.9857042 0.0
-552.9857042 0.0
-551.9857042 0.0
-550.9857042 0.0
-549.9857042 0.0
-548.9857042 0.0
-547.9857042 0.0
-546.9857042 0.0
-545.9857042 0.0
-544.9857042 0.0
-543.9857042 0.0
-542.9857042 0.0
-541.9857042 0.0
-540.9857042 0.0
-539.9857042 0.0
-538.9857042 0.0
-537.9857042 0.0
-536.9857042 0.0
-535.9857042 0.0
-534.9857042 0.0
-533.9857042 0.0
-532.9857042 0.0
-531.9857042 0.0
-530.9857042 0.0
-529.9857042 0.0
-528.9857042 0.0
-527.9857042 0.0
-526.9857042 0.0
-525.9857042 0.0
-524.9857042 0.0
-523.9857042 0.0
-522.9857042 0.0
-521.9857042 0.0
-520.9857042 0.0
-519.9857042 0.0
-518.9857042 0.0
-517.9857042 0.0
-516.9857042 0.0
-515.9857042 0.0
-514.9857042 0.0
-513.9857042 0.0
-512.9857042 0.0
-511.9857042 0.0
-510.9857042 0.0
-509.9857042 0.0
-508.9857042 0.0
-507.9857042 0.0
-506.9857042 0.0
-505.9857042 0.0
-504.9857042 0.0
-503.9857042 0.0
-502.9857042 0.0
-501.9857042 0.0
-500.9857042 0.0
-499.9857042 0.0
-498.9857042 0.0
-497.9857042 0.0
-496.9857042 0.0
-495.9857042 0.0
-494.9857042 0.0
-493.9857042 0.0
-492.9857042 0.0
-491.9857042 0.0
-490.9857042 0.0
-489.9857042 0.0
-488.9857042 0.0
-487.9857042 0.0
-486.9857042 0.0
-485.9857042 0.0
-484.9857042 0.0
-483.9857042 0.0
-482.9857042 0.0
-481.9857042 0.0
-480.9857042 0.0
-479.9857042 0.0
-478.9857042 0.0
-477.9857042 0.0
-476.9857042 0.0
-475.9857042 0.0
-474.9857042 0.0
-473.9857042 0.0
-472.9857042 0.0
-471.9857042 0.0
-470.9857042 0.0
-469.9857042 0.0
-468.9857042 0.0
-467.9857042 0.0
-466.9857042 0.0
-465.9857042 0.0
-464.9857042 0.0
-463.9857042 0.0
-462.9857042 0.0
-461.9857042 0.0
-460.9857042 0.0
-459.9857042 0.0
-458.9857042 0.0
-457.9857042 0.0
-456.9857042 0.0
-455.9857042 0.0
-454.9857042 0.0
-453.9857042 0.0
-452.9857042 0.0
-451.9857042 0.0
-450.9857042 0.0
-449.9857042 0.0
-448.9857042 0.0
-447.9857042 0.0
-446.9857042 0.0
-445.9857042 0.0
-444.9857042 0.0
-443.9857042 0.0
-442.9857042 0.0
-441.9857042 0.0
-440.9857042 0.0
-439.9857042 0.0
-438.9857042 0.0
-437.9857042 0.0
-436.9857042 0.0
-435.9857042 0.0
-434.9857042 0.0
-433.9857042 0.0
-432.9857042 0.0
-431.9857042 0.0
-430.9857042 0.0
-429.9857042 0.0
-428.9857042 0.0
-427.9857042 0.0
-426.9857042 0.0
-425.9857042 0.0
-424.9857042 0.0
-423.9857042 0.0
-422.9857042 0.0
-421.9857042 0.0
-420.9857042 0.0
-419.9857042 0.0
-418.9857042 0.0
-417.9857042 0.0
-416.9857042 0.0
-415.9857042 0.0
-414.9857042 0.0
-413.9857042 0.0
-412.9857042 0.0
-411.9857042 0.0
-410.9857042 0.0
-409.9857042 0.0
-408.9857042 0.0
-407.9857042 0.0
-406.9857042 0.0
-405.9857042 0.0
-404.9857042 0.0
-403.9857042 0.0
-402.9857042 0.0
-401.9857042 0.0
-400.9857042 0.0
-399.9857042 0.0
-398.9857042 0.0
-397.9857042 0.0
-396.9857042 0.0
-395.9857042 0.0
-394.9857042 0.0
-393.9857042 0.0
-392.9857042 0.0
-391.9857042 0.0
-390.9857042 0.0
-389.9857042 0.0
-388.9857042 0.0
-387.9857042 0.0
-386.9857042 0.0
-385.9857042 0.0
-384.9857042 0.0
-383.9857042 0.0
-382.9857042 0.0
-381.9857042 0.0
-380.9857042 0.0
-379.9857042 0.0
-378.9857042 0.0
-377.9857042 0.0
-376.9857042 0.0
-375.9857042 0.0
-374.9857042 0.0
-373.9857042 0.0
-372.9857042 0.0
-371.9857042 0.0
-370.9857042 0.0
-369.9857042 0.0
-368.9857042 0.0
-367.9857042 0.0
-366.9857042 0.0
-365.9857042 0.0
-364.9857042 0.0
-363.9857042 0.0
-362.9857042 0.0
-361.9857042 0.0
-360.9857042 0.0
-359.9857042 0.0
-358.9857042 0.0
-357.9857042 0.0
-356.9857042 0.0
-355.9857042 0.0
-354.9857042 0.0
-353.9857042 0.0
-352.9857042 0.0
-351.9857042 0.0
-350.9857042 0.0
-349.9857042 0.0
-348.9857042 0.0
-347.9857042 0.0
-346.9857042 0.0
-345.9857042 0.0
-344.9857042 0.0
-343.9857042 0.0
-342.9857042 0.0
-341.9857042 0.0
-340.9857042 0.0
-339.9857042 0.0
-338.9857042 0.0
-337.9857042 0.0
-336.9857042 0.0
-335.9857042 0.0
-334.9857042 0.0
-333.9857042 0.0
-332.9857042 0.0
-331.9857042 0.0
-330.9857042 0.0
-329.9857042 0.0
-328.9857042 0.0
-327.9857042 0.0
-326.9857042 0.0
-325.9857042 0.0
-324.9857042 0.0
-323.9857042 0.0
-322.9857042 0.0
-321.9857042 0.0
-320.9857042 0.0
-319.9857042 0.0
-318.9857042 0.0
-317.9857042 0.0
-316.9857042 0.0
-315.9857042 0.0
-314.9857042 0.0
-313.9857042 0.0
-312.9857042 0.0
-311.9857042 0.0
-310.9857042 0.0
-309.9857042 0.0
-308.9857042 0.0
-307.9857042 0.0
-306.9857042 0.0
-305.9857042 0.0
-304.9857042 0.0
-303.9857042 0.0
-302.9857042 0.0
-301.9857042 0.0
-300.9857042 0.0
-299.9857042 0.0
-298.9857042 0.0
-297.9857042 0.0
-296.9857042 0.0
-295.9857042 0.0
-294.9857042 0.0
-293.9857042 0.0
-292.9857042 0.0
-291.9857042 0.0
-290.9857042 0.0
-289.9857042 0.0
-288.9857042 0.0
-287.9857042 0.0
-286.9857042 0.0
-285.9857042 0.0
-284.9857042 0.0
-283.9857042 0.0
-282.9857042 0.0
-281.9857042 0.0
-280.9857042 0.0
-279.9857042 0.0
-278.9857042 0.0
-277.9857042 0.0
-276.9857042 0.0
-275.9857042 0.0
-274.9857042 0.0
-273.9857042 0.0
-272.9857042 0.0
-271.9857042 0.0
-270.9857042 0.0
-269.9857042 0.0
-268.9857042 0.0
-267.9857042 0.0
-266.9857042 0.0
-265.9857042 0.0
-264.9857042 0.0
-263.9857042 0.0
-262.9857042 0.0
-261.9857042 0.0
-260.9857042 0.0
-259.9857042 0.0
-258.9857042 0.0
-257.9857042 0.0
-256.9857042 0.0
-255.9857042 0.0
-254.9857042 0.0
-253.9857042 0.0
-252.9857042 0.0
-251.9857042 0.0
-250.9857042 0.0
-249.9857042 0.0
-248.9857042 0.0
-247.9857042 0.0
-246.9857042 0.0
-245.9857042 0.0
-244.9857042 0.0
-243.9857042 0.0
-242.9857042 0.0
-241.9857042 0.0
-240.9857042 0.0
-239.9857042 0.0
-238.9857042 0.0
-237.9857042 0.0
-236.9857042 0.0
-235.9857042 0.0
-234.9857042 0.0
-233.9857042 0.0
-232.9857042 0.0
-231.9857042 0.0
-230.9857042 0.0
-229.9857042 0.0
-228.9857042 0.0
-227.9857042 0.0
-226.9857042 0.0
-225.9857042 0.0
-224.9857042 0.0
-223.9857042 0.0
-222.9857042 0.0
-221.9857042 0.0
-220.9857042 0.0
-219.9857042 0.0
-218.9857042 0.0
-217.9857042 0.0
-216.9857042 0.0
-215.9857042 0.0
-214.9857042 0.0
-213.9857042 0.0
-212.9857042 0.0
-211.9857042 0.0
-210.9857042 0.0
-209.9857042 0.0
-208.9857042 0.0
-207.9857042 0.0
-206.9857042 0.0
-205.9857042 0.0
-204.9857042 0.0
-203.9857042 0.0
-202.9857042 0.0
-201.9857042 0.0
-200.9857042 0.0
-199.9857042 0.0
-198.9857042 0.0
-197.9857042 0.0
-196.9857042 0.0
-195.9857042 0.0
-194.9857042 0.0
-193.9857042 0.0
-192.9857042 0.0
-191.9857042 0.0
-190.9857042 0.0
-189.9857042 0.0
-188.9857042 0.0
-187.9857042 0.0
-186.9857042 0.0
-185.9857042 0.0
-184.9857042 0.0
-183.9857042 0.0
-182.9857042 0.0
-181.9857042 0.0
-180.9857042 0.0
-179.9857042 0.0
-178.9857042 0.0
-177.9857042 0.0
-176.9857042 0.0
-175.9857042 0.0
-174.9857042 0.0
-173.9857042 0.0
-172.9857042 0.0
-171.9857042 0.0
-170.9857042 0.0
-169.9857042 0.0
-168.9857042 0.0
-167.9857042 0.0
-166.9857042 0.0
-165.9857042 0.0
-164.9857042 0.0
-163.9857042 0.0
-162.9857042 0.0
-161.9857042 0.0
-160.9857042 0.0
-159.9857042 0.0
-158.9857042 0.0
-157.9857042 0.0
-156.9857042 0.0
-155.9857042 0.0
-154.9857042 0.0
-153.9857042 0.0
-152.9857042 0.0
-151.9857042 0.0
-150.9857042 0.0
-149.9857042 0.0
-148.9857042 0.0
-147.9857042 0.0
-146.9857042 0.0
-145.9857042 0.0
-144.9857042 0.0
-143.9857042 0.0
-142.9857042 0.0
-141.9857042 0.0
-140.9857042 0.0
-139.9857042 0.0
-138.9857042 0.0
-137.9857042 0.0
-136.9857042 0.0
-135.9857042 0.0
-134.9857042 0.0
-133.9857042 0.0
-132.9857042 0.0
-131.9857042 0.0
-130.9857042 0.0
-129.9857042 0.0
-128.9857042 0.0
-127.9857042 0.0
-126.9857042 0.0
-125.9857042 0.0
-124.9857042 0.0
-123.9857042 0.0
-122.9857042 0.0
-121.9857042 0.0
-120.9857042 0.0
-119.9857042 0.0
-118.9857042 0.0
-117.9857042 0.0
-116.9857042 0.0
-115.9857042 0.0
-114.9857042 0.0
-113.9857042 0.0
-112.9857042 0.0
-111.9857042 0.0
-110.9857042 0.0
-109.9857042 0.0
-108.9857042 0.0
-107.9857042 0.0
-106.9857042 0.0
-105.9857042 0.0
-104.9857042 0.0
-103.9857042 0.0
-102.9857042 0.0
-101.9857042 0.0
-100.9857042 0.0
-99.9857042005 0.0
-98.9857042005 0.0
-97.9857042005 0.0
-96.9857042005 0.0
-95.9857042005 0.0
-94.9857042005 0.0
-93.9857042005 0.0
-92.9857042005 0.0
-91.9857042005 0.0
-90.9857042005 0.0
-89.9857042005 0.0
-88.9857042005 0.0
-87.9857042005 0.0
-86.9857042005 0.0
-85.9857042005 0.0
-84.9857042005 0.0
-83.9857042005 0.0
-82.9857042005 0.0
-81.9857042005 0.0
-80.9857042005 0.0
-79.9857042005 0.0
-78.9857042005 0.0
-77.9857042005 0.0
-76.9857042005 0.0
-75.9857042005 0.0
-74.9857042005 0.0
-73.9857042005 0.0
-72.9857042005 0.0
-71.9857042005 0.0
-70.9857042005 0.0
-69.9857042005 0.0
-68.9857042005 0.0
-67.9857042005 0.0
-66.9857042005 0.0
-65.9857042005 0.000000e+00
-65.7650900106 0.000000e+00
-65.5444758207 0.000000e+00
-65.3238616308 0.000000e+00
-65.1032474409 0.000000e+00
-64.882633251 0.000000e+00
-64.6620190611 0.000000e+00
-64.4414048712 0.000000e+00
-64.2207906813 0.000000e+00
-64.0001764914 0.000000e+00
-63.7795623014 0.000000e+00
-63.5589481115 0.000000e+00
-63.3383339216 0.000000e+00
-63.1177197317 0.000000e+00
-62.8971055418 0.000000e+00
-62.6764913519 0.000000e+00
-62.455877162 0.000000e+00
-62.2352629721 0.000000e+00
-62.0146487822 0.000000e+00
-61.7940345923 0.000000e+00
-61.5734204024 0.000000e+00
-61.3528062125 0.000000e+00
-61.1321920226 0.000000e+00
-60.9115778327 0.000000e+00
-60.6909636428 0.000000e+00
-60.4703494529 0.000000e+00
-60.249735263 0.000000e+00
-60.0291210731 0.000000e+00
-59.8085068832 0.000000e+00
-59.5878926933 0.000000e+00
-59.3672785034 0.000000e+00
-59.1466643134 0.000000e+00
-58.9260501235 0.000000e+00
-58.7054359336 0.000000e+00
-58.4848217437 0.000000e+00
-58.2642075538 0.000000e+00
-58.0435933639 0.000000e+00
-57.822979174 0.000000e+00
-57.6023649841 0.000000e+00
-57.3817507942 0.000000e+00
-57.1611366043 0.000000e+00
-56.9405224144 0.000000e+00
-56.7199082245 0.000000e+00
-56.4992940346 0.000000e+00
-56.2786798447 0.000000e+00
-56.0580656548 0.000000e+00
-55.8374514649 0.000000e+00
-55.616837275 0.000000e+00
-55.3962230851 0.000000e+00
-55.1756088952 0.000000e+00
-54.9549947053 0.000000e+00
-54.7343805154 0.000000e+00
-54.5137663255 0.000000e+00
-54.2931521355 0.000000e+00
-54.0725379456 0.000000e+00
-53.8519237557 0.000000e+00
-53.6313095658 0.000000e+00
-53.4106953759 0.000000e+00
-53.190081186 0.000000e+00
-52.9694669961 0.000000e+00
-52.7488528062 0.000000e+00
-52.5282386163 0.000000e+00
-52.3076244264 0.000000e+00
-52.0870102365 0.000000e+00
-51.8663960466 0.000000e+00
-51.6457818567 0.000000e+00
-51.4251676668 0.000000e+00
-51.2045534769 0.000000e+00
-50.983939287 0.000000e+00
-50.7633250971 0.000000e+00
-50.5427109072 0.000000e+00
-50.3220967173 0.000000e+00
-50.1014825274 0.000000e+00
-49.8808683375 0.000000e+00
-49.6602541475 0.000000e+00
-49.4396399576 0.000000e+00
-49.2190257677 0.000000e+00
-48.9984115778 0.000000e+00
-48.7777973879 0.000000e+00
-48.557183198 0.000000e+00
-48.3365690081 0.000000e+00
-48.1159548182 0.000000e+00
-47.8953406283 0.000000e+00
-47.6747264384 0.000000e+00
-47.4541122485 0.000000e+00
-47.2334980586 0.000000e+00
-47.0128838687 0.000000e+00
-46.7922696788 0.000000e+00
-46.5716554889 0.000000e+00
-46.351041299 0.000000e+00
-46.1304271091 0.000000e+00
-45.9098129192 0.000000e+00
-45.6891987293 0.000000e+00
-45.4685845394 0.000000e+00
-45.2479703495 0.000000e+00
-45.0273561595 0.000000e+00
-44.8067419696 0.000000e+00
-44.5861277797 0.000000e+00
-44.3655135898 0.000000e+00
-44.1448993999 0.000000e+00
-43.92428521 0.000000e+00
-43.7036710201 0.000000e+00
-43.4830568302 0.000000e+00
-43.2624426403 0.000000e+00
-43.0418284504 0.000000e+00
-42.8212142605 0.000000e+00
-42.6006000706 0.000000e+00
-42.3799858807 0.000000e+00
-42.1593716908 0.000000e+00
-41.9387575009 0.000000e+00
-41.718143311 0.000000e+00
-41.4975291211 0.000000e+00
-41.2769149312 0.000000e+00
-41.0563007413 0.000000e+00
-40.8356865514 0.000000e+00
-40.6150723615 0.000000e+00
-40.3944581715 0.000000e+00
-40.1738439816 0.000000e+00
-39.9532297917 0.000000e+00
-39.7326156018 0.000000e+00
-39.5120014119 0.000000e+00
-39.291387222 0.000000e+00
-39.0707730321 0.000000e+00
-38.8501588422 0.000000e+00
-38.6295446523 0.000000e+00
-38.4089304624 0.000000e+00
-38.1883162725 0.000000e+00
-37.9677020826 0.000000e+00
-37.7470878927 0.000000e+00
-37.5264737028 0.000000e+00
-37.3058595129 0.000000e+00
-37.085245323 0.000000e+00
-36.8646311331 0.000000e+00
-36.6440169432 0.000000e+00
-36.4234027533 0.000000e+00
-36.2027885634 0.000000e+00
-35.9821743735 0.000000e+00
-35.7615601836 0.000000e+00
-35.5409459936 0.000000e+00
-35.3203318037 0.000000e+00
-35.0997176138 0.000000e+00
-34.8791034239 0.000000e+00
-34.658489234 0.000000e+00
-34.4378750441 0.000000e+00
-34.2172608542 0.000000e+00
-33.9966466643 0.000000e+00
-33.7760324744 0.000000e+00
-33.5554182845 0.000000e+00
-33.3348040946 0.000000e+00
-33.1141899047 0.000000e+00
-32.8935757148 0.000000e+00
-32.6729615249 0.000000e+00
-32.452347335 0.000000e+00
-32.2317331451 0.000000e+00
-32.0111189552 0.000000e+00
-31.7905047653 0.000000e+00
-31.5698905754 0.000000e+00
-31.3492763855 0.000000e+00
-31.1286621956 0.000000e+00
-30.9080480056 0.000000e+00
-30.6874338157 0.000000e+00
-30.4668196258 0.000000e+00
-30.2462054359 0.000000e+00
-30.025591246 0.000000e+00
-29.8049770561 0.000000e+00
-29.5843628662 0.000000e+00
-29.3637486763 0.000000e+00
-29.1431344864 0.000000e+00
-28.9225202965 0.000000e+00
-28.7019061066 0.000000e+00
-28.4812919167 0.000000e+00
-28.2606777268 0.000000e+00
-28.0400635369 0.000000e+00
-27.819449347 0.000000e+00
-27.5988351571 0.000000e+00
-27.3782209672 0.000000e+00
-27.1576067773 0.000000e+00
-26.9369925874 0.000000e+00
-26.7163783975 0.000000e+00
-26.4957642076 0.000000e+00
-26.2751500176 0.000000e+00
-26.0545358277 0.000000e+00
-25.8339216378 0.000000e+00
-25.6133074479 0.000000e+00
-25.392693258 0.000000e+00
-25.1720790681 0.000000e+00
-24.9514648782 0.000000e+00
-24.7308506883 0.000000e+00
-24.5102364984 0.000000e+00
-24.2896223085 0.000000e+00
-24.0690081186 0.000000e+00
-23.8483939287 0.000000e+00
-23.6277797388 0.000000e+00
-23.4071655489 0.000000e+00
-23.186551359 0.000000e+00
-22.9659371691 0.000000e+00
-22.7453229792 0.000000e+00
-22.5247087893 0.000000e+00
-22.3040945994 0.000000e+00
-22.0834804095 0.000000e+00
-21.8628662196 0.000000e+00
-21.6422520297 0.000000e+00
-21.4216378397 0.000000e+00
-21.2010236498 0.000000e+00
-20.9804094599 0.000000e+00
-20.75979527 0.000000e+00
-20.5391810801 0.000000e+00
-20.3185668902 0.000000e+00
-20.0979527003 0.000000e+00
-19.8773385104 0.000000e+00
-19.6567243205 0.000000e+00
-19.4361101306 0.000000e+00
-19.2154959407 0.000000e+00
-18.9948817508 0.000000e+00
-18.7742675609 0.000000e+00
-18.553653371 0.000000e+00
-18.3330391811 0.000000e+00
-18.1124249912 0.000000e+00
-17.8918108013 0.000000e+00
-17.6711966114 0.000000e+00
-17.4505824215 0.000000e+00
-17.2299682316 0.000000e+00
-17.0093540417 0.000000e+00
-16.7887398517 0.000000e+00
-16.5681256618 0.000000e+00
-16.3475114719 0.000000e+00
-16.126897282 0.000000e+00
-15.9062830921 0.000000e+00
-15.6856689022 0.000000e+00
-15.4650547123 0.000000e+00
-15.2444405224 0.000000e+00
-15.0238263325 0.000000e+00
-14.8032121426 0.000000e+00
-14.5825979527 0.000000e+00
-14.3619837628 0.000000e+00
-14.1413695729 0.000000e+00
-13.920755383 0.000000e+00
-13.7001411931 0.000000e+00
-13.4795270032 0.000000e+00
-13.2589128133 0.000000e+00
-13.0382986234 0.000000e+00
-12.8176844335 0.000000e+00
-12.5970702436 0.000000e+00
-12.3764560537 0.000000e+00
-12.1558418637 0.000000e+00
-11.9352276738 0.000000e+00
-11.7146134839 0.000000e+00
-11.493999294 0.000000e+00
-11.2733851041 0.000000e+00
-11.0527709142 0.000000e+00
-10.8321567243 0.000000e+00
-10.6115425344 0.000000e+00
-10.3909283445 0.000000e+00
-10.1703141546 0.000000e+00
-9.9496999647 0.000000e+00
-9.7290857748 0.000000e+00
-9.50847158489 0.000000e+00
-9.28785739499 0.000000e+00
-9.06724320508 0.000000e+00
-8.84662901518 0.000000e+00
-8.62601482527 0.000000e+00
-8.40540063537 0.000000e+00
-8.18478644546 0.000000e+00
-7.96417225556 0.000000e+00
-7.74355806565 0.000000e+00
-7.52294387575 0.000000e+00
-7.30232968585 0.000000e+00
-7.08171549594 0.000000e+00
-6.86110130604 0.000000e+00
-6.64048711613 0.000000e+00
-6.41987292623 0.000000e+00
-6.19925873632 0.000000e+00
-5.97864454642 0.000000e+00
-5.75803035651 0.000000e+00
-5.53741616661 0.000000e+00
-5.3168019767 0.000000e+00
-5.0961877868 0.000000e+00
-4.87557359689 0.000000e+00
-4.65495940699 0.000000e+00
-4.43434521708 0.000000e+00
-4.21373102718 0.000000e+00
-3.99311683727 0.000000e+00
-3.77250264737 0.000000e+00
-3.55188845747 0.000000e+00
-3.33127426756 0.000000e+00
-3.11066007766 0.000000e+00
-2.89004588775 0.000000e+00
-2.66943169785 0.000000e+00
-2.44881750794 0.000000e+00
-2.22820331804 0.000000e+00
-2.00758912813 0.000000e+00
-1.78697493823 0.000000e+00
-1.56636074832 0.000000e+00
-1.34574655842 0.000000e+00
-1.12513236851 0.000000e+00
-0.904518178609 3.573442e-01
-0.683903988705 3.018468e-01
-0.4632897988 2.721664e-01
-0.242675608895 0.000000e+00
-0.0220614189905 3.453361e-01
0.198552770914 6.079260e-01
0.419166960819 4.343729e-01
0.639781150724 4.664192e-01
0.860395340628 4.328695e-01
1.08100953053 4.605647e-01
1.30162372044 5.343096e-01
1.52223791034 4.415652e-01
1.74285210025 3.760729e-01
1.96346629015 0.000000e+00
2.18408048006 3.713059e-01
2.40469466996 0.000000e+00
2.62530885987 0.000000e+00
2.84592304977 3.121723e-01
3.06653723968 0.000000e+00
3.28715142958 0.000000e+00
3.50776561948 0.000000e+00
3.72837980939 2.745165e-01
3.94899399929 0.000000e+00
4.1696081892 0.000000e+00
4.3902223791 0.000000e+00
4.61083656901 0.000000e+00
4.83145075891 0.000000e+00
5.05206494882 0.000000e+00
5.27267913872 0.000000e+00
5.49329332863 0.000000e+00
5.71390751853 0.000000e+00
5.93452170844 0.000000e+00
6.15513589834 0.000000e+00
6.37575008825 0.000000e+00
6.59636427815 0.000000e+00
6.81697846806 0.000000e+00
7.03759265796 0.000000e+00
7.25820684786 0.000000e+00
7.47882103777 0.000000e+00
7.69943522767 0.000000e+00
7.92004941758 0.000000e+00
8.14066360748 0.000000e+00
8.36127779739 0.000000e+00
8.58189198729 0.000000e+00
8.8025061772 0.000000e+00
9.0231203671 0.000000e+00
9.24373455701 0.000000e+00
9.46434874691 0.000000e+00
9.68496293682 0.000000e+00
9.90557712672 0.000000e+00
10.1261913166 0.000000e+00
10.3468055065 0.000000e+00
10.5674196964 0.000000e+00
10.7880338863 0.000000e+00
11.0086480762 0.000000e+00
11.2292622661 0.000000e+00
11.4498764561 0.000000e+00
11.670490646 0.000000e+00
11.8911048359 0.000000e+00
12.1117190258 0.000000e+00
12.3323332157 0.000000e+00
12.5529474056 0.000000e+00
12.7735615955 0.000000e+00
12.9941757854 0.000000e+00
13.2147899753 0.000000e+00
13.4354041652 0.000000e+00
13.6560183551 0.000000e+00
13.876632545 0.000000e+00
14.0972467349 0.000000e+00
14.3178609248 0.000000e+00
14.5384751147 0.000000e+00
14.7590893046 0.000000e+00
14.9797034945 0.000000e+00
15.2003176844 0.000000e+00
15.4209318743 0.000000e+00
15.6415460642 0.000000e+00
15.8621602541 0.000000e+00
16.0827744441 0.000000e+00
16.303388634 0.000000e+00
16.5240028239 0.000000e+00
16.7446170138 0.000000e+00
16.9652312037 0.000000e+00
17.1858453936 0.000000e+00
17.4064595835 0.000000e+00
17.6270737734 0.000000e+00
17.8476879633 3.236115e-01
18.0683021532 3.449314e-01
18.2889163431 2.819326e-01
18.509530533 3.045545e-01
18.7301447229 3.674839e-01
18.9507589128 4.186180e-01
19.1713731027 3.302060e-01
19.3919872926 2.992058e-01
19.6126014825 4.021040e-01
19.8332156724 4.367721e-01
20.0538298623 4.008894e-01
20.2744440522 5.326970e-01
20.4950582421 8.154636e-01
20.7156724321 9.505270e-01
20.936286622 8.740945e-01
21.1569008119 1.000000e+00
21.3775150018 8.190754e-01
21.5981291917 9.059156e-01
21.8187433816 8.117170e-01
22.0393575715 5.757307e-01
22.2599717614 6.678915e-01
22.4805859513 3.576027e-01
22.7012001412 4.042531e-01
22.9218143311 3.482341e-01
23.142428521 0.000000e+00
23.3630427109 0.000000e+00
23.5836569008 3.095698e-01
23.8042710907 0.000000e+00
24.0248852806 0.000000e+00
24.2454994705 0.000000e+00
24.4661136604 0.000000e+00
24.6867278503 0.000000e+00
24.9073420402 0.000000e+00
25.1279562301 0.000000e+00
25.34857042 0.000000e+00
25.56918461 0.000000e+00
25.7897987999 0.000000e+00
26.0104129898 0.000000e+00
26.2310271797 0.000000e+00
26.4516413696 0.000000e+00
26.6722555595 0.000000e+00
26.8928697494 0.000000e+00
27.1134839393 0.000000e+00
27.3340981292 0.000000e+00
27.5547123191 0.000000e+00
27.775326509 0.000000e+00
27.9959406989 0.000000e+00
28.2165548888 0.000000e+00
28.4371690787 0.000000e+00
28.6577832686 0.000000e+00
28.8783974585 0.000000e+00
29.0990116484 0.000000e+00
29.3196258383 0.000000e+00
29.5402400282 0.000000e+00
29.7608542181 0.000000e+00
29.981468408 0.000000e+00
30.202082598 0.000000e+00
30.4226967879 0.000000e+00
30.6433109778 0.000000e+00
30.8639251677 0.000000e+00
31.0845393576 0.000000e+00
31.3051535475 0.000000e+00
31.5257677374 0.000000e+00
31.7463819273 0.000000e+00
31.9669961172 0.000000e+00
32.1876103071 0.000000e+00
32.408224497 0.000000e+00
32.6288386869 0.000000e+00
32.8494528768 0.000000e+00
33.0700670667 0.000000e+00
33.2906812566 0.000000e+00
33.5112954465 0.000000e+00
33.7319096364 0.000000e+00
33.9525238263 0.000000e+00
34.1731380162 0.000000e+00
34.3937522061 0.000000e+00
34.614366396 0.000000e+00
34.834980586 0.000000e+00
35.0555947759 0.000000e+00
35.2762089658 0.000000e+00
35.4968231557 0.000000e+00
35.7174373456 0.000000e+00
35.9380515355 0.000000e+00
36.1586657254 0.000000e+00
36.3792799153 0.000000e+00
36.5998941052 0.000000e+00
36.8205082951 0.000000e+00
37.041122485 0.000000e+00
37.2617366749 0.000000e+00
37.4823508648 0.000000e+00
37.7029650547 0.000000e+00
37.9235792446 0.000000e+00
38.1441934345 0.000000e+00
38.3648076244 0.000000e+00
38.5854218143 0.000000e+00
38.8060360042 0.000000e+00
39.0266501941 0.000000e+00
39.247264384 0.000000e+00
39.4678785739 0.000000e+00
39.6884927639 0.000000e+00
39.9091069538 0.000000e+00
40.1297211437 0.000000e+00
40.3503353336 0.000000e+00
40.5709495235 0.000000e+00
40.7915637134 0.000000e+00
41.0121779033 0.000000e+00
41.2327920932 0.000000e+00
41.4534062831 0.000000e+00
41.674020473 0.000000e+00
41.8946346629 0.000000e+00
42.1152488528 0.000000e+00
42.3358630427 0.000000e+00
42.5564772326 0.000000e+00
42.7770914225 0.000000e+00
42.9977056124 0.000000e+00
43.2183198023 0.000000e+00
43.4389339922 0.000000e+00
43.6595481821 0.000000e+00
43.880162372 0.000000e+00
44.1007765619 0.000000e+00
44.3213907519 0.000000e+00
44.5420049418 0.000000e+00
44.7626191317 0.000000e+00
44.9832333216 0.000000e+00
45.2038475115 0.000000e+00
45.4244617014 0.000000e+00
45.6450758913 0.000000e+00
45.8656900812 0.000000e+00
46.0863042711 0.000000e+00
46.306918461 0.000000e+00
46.5275326509 0.000000e+00
46.7481468408 0.000000e+00
46.9687610307 0.000000e+00
47.1893752206 0.000000e+00
47.4099894105 0.000000e+00
47.6306036004 0.000000e+00
47.8512177903 0.000000e+00
48.0718319802 0.000000e+00
48.2924461701 0.000000e+00
48.51306036 0.000000e+00
48.7336745499 0.000000e+00
48.9542887399 0.000000e+00
49.1749029298 0.000000e+00
49.3955171197 0.000000e+00
49.6161313096 0.000000e+00
49.8367454995 0.000000e+00
50.0573596894 0.000000e+00
50.2779738793 0.000000e+00
50.4985880692 0.000000e+00
50.7192022591 0.000000e+00
50.939816449 0.000000e+00
51.1604306389 0.000000e+00
51.3810448288 0.000000e+00
51.6016590187 0.000000e+00
51.8222732086 0.000000e+00
52.0428873985 0.000000e+00
52.2635015884 0.000000e+00
52.4841157783 0.000000e+00
52.7047299682 0.000000e+00
52.9253441581 0.000000e+00
53.145958348 0.000000e+00
53.3665725379 0.000000e+00
53.5871867279 0.000000e+00
53.8078009178 0.000000e+00
54.0284151077 0.000000e+00
54.2490292976 0.000000e+00
54.4696434875 0.000000e+00
54.6902576774 0.000000e+00
54.9108718673 0.000000e+00
55.1314860572 0.000000e+00
55.3521002471 0.000000e+00
55.572714437 0.000000e+00
55.7933286269 0.000000e+00
56.0139428168 0.000000e+00
56.2345570067 0.000000e+00
56.4551711966 0.000000e+00
56.6757853865 0.000000e+00
56.8963995764 0.000000e+00
57.1170137663 0.000000e+00
57.3376279562 0.000000e+00
57.5582421461 0.000000e+00
57.778856336 0.000000e+00
57.9994705259 0.000000e+00
58.2200847158 0.000000e+00
58.4406989058 0.000000e+00
58.6613130957 0.000000e+00
58.8819272856 0.000000e+00
59.1025414755 0.000000e+00
59.3231556654 0.000000e+00
59.5437698553 0.000000e+00
59.7643840452 0.000000e+00
59.9849982351 0.000000e+00
60.205612425 0.000000e+00
60.4262266149 0.000000e+00
60.6468408048 0.000000e+00
60.8674549947 0.000000e+00
61.0880691846 0.000000e+00
61.3086833745 0.000000e+00
61.5292975644 0.000000e+00
61.7499117543 0.000000e+00
61.9705259442 0.000000e+00
62.1911401341 0.000000e+00
62.411754324 0.000000e+00
62.6323685139 0.000000e+00
62.8529827038 0.000000e+00
63.0735968938 0.000000e+00
63.2942110837 0.000000e+00
63.5148252736 0.000000e+00
63.7354394635 0.000000e+00
63.9560536534 0.000000e+00
64.1766678433 0.000000e+00
64.3972820332 0.000000e+00
64.6178962231 0.000000e+00
64.838510413 0.000000e+00
65.0591246029 0.000000e+00
65.2797387928 0.000000e+00
65.5003529827 0.000000e+00
65.7209671726 0.000000e+00
65.9415813625 0.000000e+00
66.1621955524 0.000000e+00
66.3828097423 0.000000e+00
66.6034239322 0.000000e+00
67.6034239322 0.0
68.6034239322 0.0
69.6034239322 0.0
70.6034239322 0.0
71.6034239322 0.0
72.6034239322 0.0
73.6034239322 0.0
74.6034239322 0.0
75.6034239322 0.0
76.6034239322 0.0
77.6034239322 0.0
78.6034239322 0.0
79.6034239322 0.0
80.6034239322 0.0
81.6034239322 0.0
82.6034239322 0.0
83.6034239322 0.0
84.6034239322 0.0
85.6034239322 0.0
86.6034239322 0.0
87.6034239322 0.0
88.6034239322 0.0
89.6034239322 0.0
90.6034239322 0.0
91.6034239322 0.0
92.6034239322 0.0
93.6034239322 0.0
94.6034239322 0.0
95.6034239322 0.0
96.6034239322 0.0
97.6034239322 0.0
98.6034239322 0.0
99.6034239322 0.0
100.603423932 0.0
101.603423932 0.0
102.603423932 0.0
103.603423932 0.0
104.603423932 0.0
105.603423932 0.0
106.603423932 0.0
107.603423932 0.0
108.603423932 0.0
109.603423932 0.0
110.603423932 0.0
111.603423932 0.0
112.603423932 0.0
113.603423932 0.0
114.603423932 0.0
115.603423932 0.0
116.603423932 0.0
117.603423932 0.0
118.603423932 0.0
119.603423932 0.0
120.603423932 0.0
121.603423932 0.0
122.603423932 0.0
123.603423932 0.0
124.603423932 0.0
125.603423932 0.0
126.603423932 0.0
127.603423932 0.0
128.603423932 0.0
129.603423932 0.0
130.603423932 0.0
131.603423932 0.0
132.603423932 0.0
133.603423932 0.0
134.603423932 0.0
135.603423932 0.0
136.603423932 0.0
137.603423932 0.0
138.603423932 0.0
139.603423932 0.0
140.603423932 0.0
141.603423932 0.0
142.603423932 0.0
143.603423932 0.0
144.603423932 0.0
145.603423932 0.0
146.603423932 0.0
147.603423932 0.0
148.603423932 0.0
149.603423932 0.0
150.603423932 0.0
151.603423932 0.0
152.603423932 0.0
153.603423932 0.0
154.603423932 0.0
155.603423932 0.0
156.603423932 0.0
157.603423932 0.0
158.603423932 0.0
159.603423932 0.0
160.603423932 0.0
161.603423932 0.0
162.603423932 0.0
163.603423932 0.0
164.603423932 0.0
165.603423932 0.0
166.603423932 0.0
167.603423932 0.0
168.603423932 0.0
169.603423932 0.0
170.603423932 0.0
171.603423932 0.0
172.603423932 0.0
173.603423932 0.0
174.603423932 0.0
175.603423932 0.0
176.603423932 0.0
177.603423932 0.0
178.603423932 0.0
179.603423932 0.0
180.603423932 0.0
181.603423932 0.0
182.603423932 0.0
183.603423932 0.0
184.603423932 0.0
185.603423932 0.0
186.603423932 0.0
187.603423932 0.0
188.603423932 0.0
189.603423932 0.0
190.603423932 0.0
191.603423932 0.0
192.603423932 0.0
193.603423932 0.0
194.603423932 0.0
195.603423932 0.0
196.603423932 0.0
197.603423932 0.0
198.603423932 0.0
199.603423932 0.0
200.603423932 0.0
201.603423932 0.0
202.603423932 0.0
203.603423932 0.0
204.603423932 0.0
205.603423932 0.0
206.603423932 0.0
207.603423932 0.0
208.603423932 0.0
209.603423932 0.0
210.603423932 0.0
211.603423932 0.0
212.603423932 0.0
213.603423932 0.0
214.603423932 0.0
215.603423932 0.0
216.603423932 0.0
217.603423932 0.0
218.603423932 0.0
219.603423932 0.0
220.603423932 0.0
221.603423932 0.0
222.603423932 0.0
223.603423932 0.0
224.603423932 0.0
225.603423932 0.0
226.603423932 0.0
227.603423932 0.0
228.603423932 0.0
229.603423932 0.0
230.603423932 0.0
231.603423932 0.0
232.603423932 0.0
233.603423932 0.0
234.603423932 0.0
235.603423932 0.0
236.603423932 0.0
237.603423932 0.0
238.603423932 0.0
239.603423932 0.0
240.603423932 0.0
241.603423932 0.0
242.603423932 0.0
243.603423932 0.0
244.603423932 0.0
245.603423932 0.0
246.603423932 0.0
247.603423932 0.0
248.603423932 0.0
249.603423932 0.0
250.603423932 0.0
251.603423932 0.0
252.603423932 0.0
253.603423932 0.0
254.603423932 0.0
255.603423932 0.0
256.603423932 0.0
257.603423932 0.0
258.603423932 0.0
259.603423932 0.0
260.603423932 0.0
261.603423932 0.0
262.603423932 0.0
263.603423932 0.0
264.603423932 0.0
265.603423932 0.0
266.603423932 0.0
267.603423932 0.0
268.603423932 0.0
269.603423932 0.0
270.603423932 0.0
271.603423932 0.0
272.603423932 0.0
273.603423932 0.0
274.603423932 0.0
275.603423932 0.0
276.603423932 0.0
277.603423932 0.0
278.603423932 0.0
279.603423932 0.0
280.603423932 0.0
281.603423932 0.0
282.603423932 0.0
283.603423932 0.0
284.603423932 0.0
285.603423932 0.0
286.603423932 0.0
287.603423932 0.0
288.603423932 0.0
289.603423932 0.0
290.603423932 0.0
291.603423932 0.0
292.603423932 0.0
293.603423932 0.0
294.603423932 0.0
295.603423932 0.0
296.603423932 0.0
297.603423932 0.0
298.603423932 0.0
299.603423932 0.0
300.603423932 0.0
301.603423932 0.0
302.603423932 0.0
303.603423932 0.0
304.603423932 0.0
305.603423932 0.0
306.603423932 0.0
307.603423932 0.0
308.603423932 0.0
309.603423932 0.0
310.603423932 0.0
311.603423932 0.0
312.603423932 0.0
313.603423932 0.0
314.603423932 0.0
315.603423932 0.0
316.603423932 0.0
317.603423932 0.0
318.603423932 0.0
319.603423932 0.0
320.603423932 0.0
321.603423932 0.0
322.603423932 0.0
323.603423932 0.0
324.603423932 0.0
325.603423932 0.0
326.603423932 0.0
327.603423932 0.0
328.603423932 0.0
329.603423932 0.0
330.603423932 0.0
331.603423932 0.0
332.603423932 0.0
333.603423932 0.0
334.603423932 0.0
335.603423932 0.0
336.603423932 0.0
337.603423932 0.0
338.603423932 0.0
339.603423932 0.0
340.603423932 0.0
341.603423932 0.0
342.603423932 0.0
343.603423932 0.0
344.603423932 0.0
345.603423932 0.0
346.603423932 0.0
347.603423932 0.0
348.603423932 0.0
349.603423932 0.0
350.603423932 0.0
351.603423932 0.0
352.603423932 0.0
353.603423932 0.0
354.603423932 0.0
355.603423932 0.0
356.603423932 0.0
357.603423932 0.0
358.603423932 0.0
359.603423932 0.0
360.603423932 0.0
361.603423932 0.0
362.603423932 0.0
363.603423932 0.0
364.603423932 0.0
365.603423932 0.0
366.603423932 0.0
367.603423932 0.0
368.603423932 0.0
369.603423932 0.0
370.603423932 0.0
371.603423932 0.0
372.603423932 0.0
373.603423932 0.0
374.603423932 0.0
375.603423932 0.0
376.603423932 0.0
377.603423932 0.0
378.603423932 0.0
379.603423932 0.0
380.603423932 0.0
381.603423932 0.0
382.603423932 0.0
383.603423932 0.0
384.603423932 0.0
385.603423932 0.0
386.603423932 0.0
387.603423932 0.0
388.603423932 0.0
389.603423932 0.0
390.603423932 0.0
391.603423932 0.0
392.603423932 0.0
393.603423932 0.0
394.603423932 0.0
395.603423932 0.0
396.603423932 0.0
397.603423932 0.0
398.603423932 0.0
399.603423932 0.0
400.603423932 0.0
401.603423932 0.0
402.603423932 0.0
403.603423932 0.0
404.603423932 0.0
405.603423932 0.0
406.603423932 0.0
407.603423932 0.0
408.603423932 0.0
409.603423932 0.0
410.603423932 0.0
411.603423932 0.0
412.603423932 0.0
413.603423932 0.0
414.603423932 0.0
415.603423932 0.0
416.603423932 0.0
417.603423932 0.0
418.603423932 0.0
419.603423932 0.0
420.603423932 0.0
421.603423932 0.0
422.603423932 0.0
423.603423932 0.0
424.603423932 0.0
425.603423932 0.0
426.603423932 0.0
427.603423932 0.0
428.603423932 0.0
429.603423932 0.0
430.603423932 0.0
431.603423932 0.0
432.603423932 0.0
433.603423932 0.0
434.603423932 0.0
435.603423932 0.0
436.603423932 0.0
437.603423932 0.0
438.603423932 0.0
439.603423932 0.0
440.603423932 0.0
441.603423932 0.0
442.603423932 0.0
443.603423932 0.0
444.603423932 0.0
445.603423932 0.0
446.603423932 0.0
447.603423932 0.0
448.603423932 0.0
449.603423932 0.0
450.603423932 0.0
451.603423932 0.0
452.603423932 0.0
453.603423932 0.0
454.603423932 0.0
455.603423932 0.0
456.603423932 0.0
457.603423932 0.0
458.603423932 0.0
459.603423932 0.0
460.603423932 0.0
461.603423932 0.0
462.603423932 0.0
463.603423932 0.0
464.603423932 0.0
465.603423932 0.0
466.603423932 0.0
467.603423932 0.0
468.603423932 0.0
469.603423932 0.0
470.603423932 0.0
471.603423932 0.0
472.603423932 0.0
473.603423932 0.0
474.603423932 0.0
475.603423932 0.0
476.603423932 0.0
477.603423932 0.0
478.603423932 0.0
479.603423932 0.0
480.603423932 0.0
481.603423932 0.0
482.603423932 0.0
483.603423932 0.0
484.603423932 0.0
485.603423932 0.0
486.603423932 0.0
487.603423932 0.0
488.603423932 0.0
489.603423932 0.0
490.603423932 0.0
491.603423932 0.0
492.603423932 0.0
493.603423932 0.0
494.603423932 0.0
495.603423932 0.0
496.603423932 0.0
497.603423932 0.0
498.603423932 0.0
499.603423932 0.0
500.603423932 0.0
501.603423932 0.0
502.603423932 0.0
503.603423932 0.0
504.603423932 0.0
505.603423932 0.0
506.603423932 0.0
507.603423932 0.0
508.603423932 0.0
509.603423932 0.0
510.603423932 0.0
511.603423932 0.0
512.603423932 0.0
513.603423932 0.0
514.603423932 0.0
515.603423932 0.0
516.603423932 0.0
517.603423932 0.0
518.603423932 0.0
519.603423932 0.0
520.603423932 0.0
521.603423932 0.0
522.603423932 0.0
523.603423932 0.0
524.603423932 0.0
525.603423932 0.0
526.603423932 0.0
527.603423932 0.0
528.603423932 0.0
529.603423932 0.0
530.603423932 0.0
531.603423932 0.0
532.603423932 0.0
533.603423932 0.0
534.603423932 0.0
535.603423932 0.0
536.603423932 0.0
537.603423932 0.0
538.603423932 0.0
539.603423932 0.0
540.603423932 0.0
541.603423932 0.0
542.603423932 0.0
543.603423932 0.0
544.603423932 0.0
545.603423932 0.0
546.603423932 0.0
547.603423932 0.0
548.603423932 0.0
549.603423932 0.0
550.603423932 0.0
551.603423932 0.0
552.603423932 0.0
553.603423932 0.0
554.603423932 0.0
555.603423932 0.0
556.603423932 0.0
557.603423932 0.0
558.603423932 0.0
559.603423932 0.0
560.603423932 0.0
561.603423932 0.0
562.603423932 0.0
563.603423932 0.0
564.603423932 0.0
565.603423932 0.0
566.603423932 0.0
