-590.696969697 0.0
-589.696969697 0.0
-588.696969697 0.0
-587.696969697 0.0
-586.696969697 0.0
-585.696969697 0.0
-584.696969697 0.0
-583.696969697 0.0
-582.696969697 0.0
-581.696969697 0.0
-580.696969697 0.0
-579.696969697 0.0
-578.696969697 0.0
-577.696969697 0.0
-576.696969697 0.0
-575.696969697 0.0
-574.696969697 0.0
-573.696969697 0.0
-572.696969697 0.0
-571.696969697 0.0
-570.696969697 0.0
-569.696969697 0.0
-568.696969697 0.0
-567.696969697 0.0
-566.696969697 0.0
-565.696969697 0.0
-564.696969697 0.0
-563.696969697 0.0
-562.696969697 0.0
-561.696969697 0.0
-560.696969697 0.0
-559.696969697 0.0
-558.696969697 0.0
-557.696969697 0.0
-556.696969697 0.0
-555.696969697 0.0
-554.696969697 0.0
-553.696969697 0.0
-552.696969697 0.0
-551.696969697 0.0
-550.696969697 0.0
-549.696969697 0.0
-548.696969697 0.0
-547.696969697 0.0
-546.696969697 0.0
-545.696969697 0.0
-544.696969697 0.0
-543.696969697 0.0
-542.696969697 0.0
-541.696969697 0.0
-540.696969697 0.0
-539.696969697 0.0
-538.696969697 0.0
-537.696969697 0.0
-536.696969697 0.0
-535.696969697 0.0
-534.696969697 0.0
-533.696969697 0.0
-532.696969697 0.0
-531.696969697 0.0
-530.696969697 0.0
-529.696969697 0.0
-528.696969697 0.0
-527.696969697 0.0
-526.696969697 0.0
-525.696969697 0.0
-524.696969697 0.0
-523.696969697 0.0
-522.696969697 0.0
-521.696969697 0.0
-520.696969697 0.0
-519.696969697 0.0
-518.696969697 0.0
-517.696969697 0.0
-516.696969697 0.0
-515.696969697 0.0
-514.696969697 0.0
-513.696969697 0.0
-512.696969697 0.0
-511.696969697 0.0
-510.696969697 0.0
-509.696969697 0.0
-508.696969697 0.0
-507.696969697 0.0
-506.696969697 0.0
-505.696969697 0.0
-504.696969697 0.0
-503.696969697 0.0
-502.696969697 0.0
-501.696969697 0.0
-500.696969697 0.0
-499.696969697 0.0
-498.696969697 0.0
-497.696969697 0.0
-496.696969697 0.0
-495.696969697 0.0
-494.696969697 0.0
-493.696969697 0.0
-492.696969697 0.0
-491.696969697 0.0
-490.696969697 0.0
-489.696969697 0.0
-488.696969697 0.0
-487.696969697 0.0
-486.696969697 0.0
-485.696969697 0.0
-484.696969697 0.0
-483.696969697 0.0
-482.696969697 0.0
-481.696969697 0.0
-480.696969697 0.0
-479.696969697 0.0
-478.696969697 0.0
-477.696969697 0.0
-476.696969697 0.0
-475.696969697 0.0
-474.696969697 0.0
-473.696969697 0.0
-472.696969697 0.0
-471.696969697 0.0
-470.696969697 0.0
-469.696969697 0.0
-468.696969697 0.0
-467.696969697 0.0
-466.696969697 0.0
-465.696969697 0.0
-464.696969697 0.0
-463.696969697 0.0
-462.696969697 0.0
-461.696969697 0.0
-460.696969697 0.0
-459.696969697 0.0
-458.696969697 0.0
-457.696969697 0.0
-456.696969697 0.0
-455.696969697 0.0
-454.696969697 0.0
-453.696969697 0.0
-452.696969697 0.0
-451.696969697 0.0
-450.696969697 0.0
-449.696969697 0.0
-448.696969697 0.0
-447.696969697 0.0
-446.696969697 0.0
-445.696969697 0.0
-444.696969697 0.0
-443.696969697 0.0
-442.696969697 0.0
-441.696969697 0.0
-440.696969697 0.0
-439.696969697 0.0
-438.696969697 0.0
-437.696969697 0.0
-436.696969697 0.0
-435.696969697 0.0
-434.696969697 0.0
-433.696969697 0.0
-432.696969697 0.0
-431.696969697 0.0
-430.696969697 0.0
-429.696969697 0.0
-428.696969697 0.0
-427.696969697 0.0
-426.696969697 0.0
-425.696969697 0.0
-424.696969697 0.0
-423.696969697 0.0
-422.696969697 0.0
-421.696969697 0.0
-420.696969697 0.0
-419.696969697 0.0
-418.696969697 0.0
-417.696969697 0.0
-416.696969697 0.0
-415.696969697 0.0
-414.696969697 0.0
-413.696969697 0.0
-412.696969697 0.0
-411.696969697 0.0
-410.696969697 0.0
-409.696969697 0.0
-408.696969697 0.0
-407.696969697 0.0
-406.696969697 0.0
-405.696969697 0.0
-404.696969697 0.0
-403.696969697 0.0
-402.696969697 0.0
-401.696969697 0.0
-400.696969697 0.0
-399.696969697 0.0
-398.696969697 0.0
-397.696969697 0.0
-396.696969697 0.0
-395.696969697 0.0
-394.696969697 0.0
-393.696969697 0.0
-392.696969697 0.0
-391.696969697 0.0
-390.696969697 0.0
-389.696969697 0.0
-388.696969697 0.0
-387.696969697 0.0
-386.696969697 0.0
-385.696969697 0.0
-384.696969697 0.0
-383.696969697 0.0
-382.696969697 0.0
-381.696969697 0.0
-380.696969697 0.0
-379.696969697 0.0
-378.696969697 0.0
-377.696969697 0.0
-376.696969697 0.0
-375.696969697 0.0
-374.696969697 0.0
-373.696969697 0.0
-372.696969697 0.0
-371.696969697 0.0
-370.696969697 0.0
-369.696969697 0.0
-368.696969697 0.0
-367.696969697 0.0
-366.696969697 0.0
-365.696969697 0.0
-364.696969697 0.0
-363.696969697 0.0
-362.696969697 0.0
-361.696969697 0.0
-360.696969697 0.0
-359.696969697 0.0
-358.696969697 0.0
-357.696969697 0.0
-356.696969697 0.0
-355.696969697 0.0
-354.696969697 0.0
-353.696969697 0.0
-352.696969697 0.0
-351.696969697 0.0
-350.696969697 0.0
-349.696969697 0.0
-348.696969697 0.0
-347.696969697 0.0
-346.696969697 0.0
-345.696969697 0.0
-344.696969697 0.0
-343.696969697 0.0
-342.696969697 0.0
-341.696969697 0.0
-340.696969697 0.0
-339.696969697 0.0
-338.696969697 0.0
-337.696969697 0.0
-336.696969697 0.0
-335.696969697 0.0
-334.696969697 0.0
-333.696969697 0.0
-332.696969697 0.0
-331.696969697 0.0
-330.696969697 0.0
-329.696969697 0.0
-328.696969697 0.0
-327.696969697 0.0
-326.696969697 0.0
-325.696969697 0.0
-324.696969697 0.0
-323.696969697 0.0
-322.696969697 0.0
-321.696969697 0.0
-320.696969697 0.0
-319.696969697 0.0
-318.696969697 0.0
-317.696969697 0.0
-316.696969697 0.0
-315.696969697 0.0
-314.696969697 0.0
-313.696969697 0.0
-312.696969697 0.0
-311.696969697 0.0
-310.696969697 0.0
-309.696969697 0.0
-308.696969697 0.0
-307.696969697 0.0
-306.696969697 0.0
-305.696969697 0.0
-304.696969697 0.0
-303.696969697 0.0
-302.696969697 0.0
-301.696969697 0.0
-300.696969697 0.0
-299.696969697 0.0
-298.696969697 0.0
-297.696969697 0.0
-296.696969697 0.0
-295.696969697 0.0
-294.696969697 0.0
-293.696969697 0.0
-292.696969697 0.0
-291.696969697 0.0
-290.696969697 0.0
-289.696969697 0.0
-288.696969697 0.0
-287.696969697 0.0
-286.696969697 0.0
-285.696969697 0.0
-284.696969697 0.0
-283.696969697 0.0
-282.696969697 0.0
-281.696969697 0.0
-280.696969697 0.0
-279.696969697 0.0
-278.696969697 0.0
-277.696969697 0.0
-276.696969697 0.0
-275.696969697 0.0
-274.696969697 0.0
-273.696969697 0.0
-272.696969697 0.0
-271.696969697 0.0
-270.696969697 0.0
-269.696969697 0.0
-268.696969697 0.0
-267.696969697 0.0
-266.696969697 0.0
-265.696969697 0.0
-264.696969697 0.0
-263.696969697 0.0
-262.696969697 0.0
-261.696969697 0.0
-260.696969697 0.0
-259.696969697 0.0
-258.696969697 0.0
-257.696969697 0.0
-256.696969697 0.0
-255.696969697 0.0
-254.696969697 0.0
-253.696969697 0.0
-252.696969697 0.0
-251.696969697 0.0
-250.696969697 0.0
-249.696969697 0.0
-248.696969697 0.0
-247.696969697 0.0
-246.696969697 0.0
-245.696969697 0.0
-244.696969697 0.0
-243.696969697 0.0
-242.696969697 0.0
-241.696969697 0.0
-240.696969697 0.0
-239.696969697 0.0
-238.696969697 0.0
-237.696969697 0.0
-236.696969697 0.0
-235.696969697 0.0
-234.696969697 0.0
-233.696969697 0.0
-232.696969697 0.0
-231.696969697 0.0
-230.696969697 0.0
-229.696969697 0.0
-228.696969697 0.0
-227.696969697 0.0
-226.696969697 0.0
-225.696969697 0.0
-224.696969697 0.0
-223.696969697 0.0
-222.696969697 0.0
-221.696969697 0.0
-220.696969697 0.0
-219.696969697 0.0
-218.696969697 0.0
-217.696969697 0.0
-216.696969697 0.0
-215.696969697 0.0
-214.696969697 0.0
-213.696969697 0.0
-212.696969697 0.0
-211.696969697 0.0
-210.696969697 0.0
-209.696969697 0.0
-208.696969697 0.0
-207.696969697 0.0
-206.696969697 0.0
-205.696969697 0.0
-204.696969697 0.0
-203.696969697 0.0
-202.696969697 0.0
-201.696969697 0.0
-200.696969697 0.0
-199.696969697 0.0
-198.696969697 0.0
-197.696969697 0.0
-196.696969697 0.0
-195.696969697 0.0
-194.696969697 0.0
-193.696969697 0.0
-192.696969697 0.0
-191.696969697 0.0
-190.696969697 0.0
-189.696969697 0.0
-188.696969697 0.0
-187.696969697 0.0
-186.696969697 0.0
-185.696969697 0.0
-184.696969697 0.0
-183.696969697 0.0
-182.696969697 0.0
-181.696969697 0.0
-180.696969697 0.0
-179.696969697 0.0
-178.696969697 0.0
-177.696969697 0.0
-176.696969697 0.0
-175.696969697 0.0
-174.696969697 0.0
-173.696969697 0.0
-172.696969697 0.0
-171.696969697 0.0
-170.696969697 0.0
-169.696969697 0.0
-168.696969697 0.0
-167.696969697 0.0
-166.696969697 0.0
-165.696969697 0.0
-164.696969697 0.0
-163.696969697 0.0
-162.696969697 0.0
-161.696969697 0.0
-160.696969697 0.0
-159.696969697 0.0
-158.696969697 0.0
-157.696969697 0.0
-156.696969697 0.0
-155.696969697 0.0
-154.696969697 0.0
-153.696969697 0.0
-152.696969697 0.0
-151.696969697 0.0
-150.696969697 0.0
-149.696969697 0.0
-148.696969697 0.0
-147.696969697 0.0
-146.696969697 0.0
-145.696969697 0.0
-144.696969697 0.0
-143.696969697 0.0
-142.696969697 0.0
-141.696969697 0.0
-140.696969697 0.0
-139.696969697 0.0
-138.696969697 0.0
-137.696969697 0.0
-136.696969697 0.0
-135.696969697 0.0
-134.696969697 0.0
-133.696969697 0.0
-132.696969697 0.0
-131.696969697 0.0
-130.696969697 0.0
-129.696969697 0.0
-128.696969697 0.0
-127.696969697 0.0
-126.696969697 0.0
-125.696969697 0.0
-124.696969697 0.0
-123.696969697 0.0
-122.696969697 0.0
-121.696969697 0.0
-120.696969697 0.0
-119.696969697 0.0
-118.696969697 0.0
-117.696969697 0.0
-116.696969697 0.0
-115.696969697 0.0
-114.696969697 0.0
-113.696969697 0.0
-112.696969697 0.0
-111.696969697 0.0
-110.696969697 0.0
-109.696969697 0.0
-108.696969697 0.0
-107.696969697 0.0
-106.696969697 0.0
-105.696969697 0.0
-104.696969697 0.0
-103.696969697 0.0
-102.696969697 0.0
-101.696969697 0.0
-100.696969697 0.0
-99.696969697 0.0
-98.696969697 0.0
-97.696969697 0.0
-96.696969697 0.0
-95.696969697 0.0
-94.696969697 0.0
-93.696969697 0.0
-92.696969697 0.0
-91.696969697 0.0
-90.696969697 0.000000e+00
-90.3939393939 0.000000e+00
-90.0909090909 0.000000e+00
-89.7878787879 0.000000e+00
-89.4848484848 0.000000e+00
-89.1818181818 0.000000e+00
-88.8787878788 0.000000e+00
-88.5757575758 0.000000e+00
-88.2727272727 0.000000e+00
-87.9696969697 0.000000e+00
-87.6666666667 0.000000e+00
-87.3636363636 0.000000e+00
-87.0606060606 0.000000e+00
-86.7575757576 0.000000e+00
-86.4545454545 0.000000e+00
-86.1515151515 0.000000e+00
-85.8484848485 0.000000e+00
-85.5454545455 0.000000e+00
-85.2424242424 0.000000e+00
-84.9393939394 0.000000e+00
-84.6363636364 0.000000e+00
-84.3333333333 0.000000e+00
-84.0303030303 0.000000e+00
-83.7272727273 0.000000e+00
-83.4242424242 0.000000e+00
-83.1212121212 0.000000e+00
-82.8181818182 0.000000e+00
-82.5151515152 0.000000e+00
-82.2121212121 0.000000e+00
-81.9090909091 0.000000e+00
-81.6060606061 0.000000e+00
-81.303030303 0.000000e+00
-81.0 0.000000e+00
-80.696969697 0.000000e+00
-80.3939393939 0.000000e+00
-80.0909090909 0.000000e+00
-79.7878787879 0.000000e+00
-79.4848484848 0.000000e+00
-79.1818181818 0.000000e+00
-78.8787878788 0.000000e+00
-78.5757575758 0.000000e+00
-78.2727272727 0.000000e+00
-77.9696969697 0.000000e+00
-77.6666666667 0.000000e+00
-77.3636363636 0.000000e+00
-77.0606060606 0.000000e+00
-76.7575757576 0.000000e+00
-76.4545454545 0.000000e+00
-76.1515151515 0.000000e+00
-75.8484848485 0.000000e+00
-75.5454545455 0.000000e+00
-75.2424242424 0.000000e+00
-74.9393939394 0.000000e+00
-74.6363636364 0.000000e+00
-74.3333333333 0.000000e+00
-74.0303030303 0.000000e+00
-73.7272727273 0.000000e+00
-73.4242424242 0.000000e+00
-73.1212121212 0.000000e+00
-72.8181818182 0.000000e+00
-72.5151515152 0.000000e+00
-72.2121212121 0.000000e+00
-71.9090909091 0.000000e+00
-71.6060606061 0.000000e+00
-71.303030303 0.000000e+00
-71.0 0.000000e+00
-70.696969697 0.000000e+00
-70.3939393939 0.000000e+00
-70.0909090909 0.000000e+00
-69.7878787879 0.000000e+00
-69.4848484848 0.000000e+00
-69.1818181818 0.000000e+00
-68.8787878788 0.000000e+00
-68.5757575758 0.000000e+00
-68.2727272727 0.000000e+00
-67.9696969697 0.000000e+00
-67.6666666667 0.000000e+00
-67.3636363636 0.000000e+00
-67.0606060606 0.000000e+00
-66.7575757576 0.000000e+00
-66.4545454545 0.000000e+00
-66.1515151515 0.000000e+00
-65.8484848485 0.000000e+00
-65.5454545455 0.000000e+00
-65.2424242424 0.000000e+00
-64.9393939394 0.000000e+00
-64.6363636364 0.000000e+00
-64.3333333333 0.000000e+00
-64.0303030303 0.000000e+00
-63.7272727273 0.000000e+00
-63.4242424242 0.000000e+00
-63.1212121212 0.000000e+00
-62.8181818182 0.000000e+00
-62.5151515152 0.000000e+00
-62.2121212121 0.000000e+00
-61.9090909091 0.000000e+00
-61.6060606061 0.000000e+00
-61.303030303 0.000000e+00
-61.0 0.000000e+00
-60.696969697 0.000000e+00
-60.3939393939 0.000000e+00
-60.0909090909 0.000000e+00
-59.7878787879 0.000000e+00
-59.4848484848 0.000000e+00
-59.1818181818 0.000000e+00
-58.8787878788 0.000000e+00
-58.5757575758 0.000000e+00
-58.2727272727 0.000000e+00
-57.9696969697 0.000000e+00
-57.6666666667 0.000000e+00
-57.3636363636 0.000000e+00
-57.0606060606 0.000000e+00
-56.7575757576 0.000000e+00
-56.4545454545 0.000000e+00
-56.1515151515 0.000000e+00
-55.8484848485 0.000000e+00
-55.5454545455 0.000000e+00
-55.2424242424 0.000000e+00
-54.9393939394 0.000000e+00
-54.6363636364 0.000000e+00
-54.3333333333 0.000000e+00
-54.0303030303 0.000000e+00
-53.7272727273 0.000000e+00
-53.4242424242 0.000000e+00
-53.1212121212 0.000000e+00
-52.8181818182 0.000000e+00
-52.5151515152 0.000000e+00
-52.2121212121 0.000000e+00
-51.9090909091 0.000000e+00
-51.6060606061 0.000000e+00
-51.303030303 0.000000e+00
-51.0 0.000000e+00
-50.696969697 0.000000e+00
-50.3939393939 0.000000e+00
-50.0909090909 0.000000e+00
-49.7878787879 0.000000e+00
-49.4848484848 0.000000e+00
-49.1818181818 0.000000e+00
-48.8787878788 0.000000e+00
-48.5757575758 0.000000e+00
-48.2727272727 0.000000e+00
-47.9696969697 0.000000e+00
-47.6666666667 0.000000e+00
-47.3636363636 0.000000e+00
-47.0606060606 0.000000e+00
-46.7575757576 0.000000e+00
-46.4545454545 0.000000e+00
-46.1515151515 0.000000e+00
-45.8484848485 0.000000e+00
-45.5454545455 0.000000e+00
-45.2424242424 0.000000e+00
-44.9393939394 0.000000e+00
-44.6363636364 0.000000e+00
-44.3333333333 0.000000e+00
-44.0303030303 0.000000e+00
-43.7272727273 0.000000e+00
-43.4242424242 0.000000e+00
-43.1212121212 0.000000e+00
-42.8181818182 0.000000e+00
-42.5151515152 0.000000e+00
-42.2121212121 0.000000e+00
-41.9090909091 0.000000e+00
-41.6060606061 0.000000e+00
-41.303030303 0.000000e+00
-41.0 0.000000e+00
-40.696969697 0.000000e+00
-40.3939393939 0.000000e+00
-40.0909090909 0.000000e+00
-39.7878787879 0.000000e+00
-39.4848484848 0.000000e+00
-39.1818181818 0.000000e+00
-38.8787878788 0.000000e+00
-38.5757575758 0.000000e+00
-38.2727272727 0.000000e+00
-37.9696969697 0.000000e+00
-37.6666666667 0.000000e+00
-37.3636363636 0.000000e+00
-37.0606060606 0.000000e+00
-36.7575757576 0.000000e+00
-36.4545454545 0.000000e+00
-36.1515151515 0.000000e+00
-35.8484848485 0.000000e+00
-35.5454545455 0.000000e+00
-35.2424242424 0.000000e+00
-34.9393939394 0.000000e+00
-34.6363636364 0.000000e+00
-34.3333333333 0.000000e+00
-34.0303030303 0.000000e+00
-33.7272727273 0.000000e+00
-33.4242424242 0.000000e+00
-33.1212121212 0.000000e+00
-32.8181818182 0.000000e+00
-32.5151515152 0.000000e+00
-32.2121212121 0.000000e+00
-31.9090909091 0.000000e+00
-31.6060606061 0.000000e+00
-31.303030303 0.000000e+00
-31.0 0.000000e+00
-30.696969697 0.000000e+00
-30.3939393939 0.000000e+00
-30.0909090909 0.000000e+00
-29.7878787879 0.000000e+00
-29.4848484848 0.000000e+00
-29.1818181818 0.000000e+00
-28.8787878788 0.000000e+00
-28.5757575758 0.000000e+00
-28.2727272727 0.000000e+00
-27.9696969697 0.000000e+00
-27.6666666667 0.000000e+00
-27.3636363636 0.000000e+00
-27.0606060606 0.000000e+00
-26.7575757576 0.000000e+00
-26.4545454545 0.000000e+00
-26.1515151515 0.000000e+00
-25.8484848485 0.000000e+00
-25.5454545455 0.000000e+00
-25.2424242424 0.000000e+00
-24.9393939394 0.000000e+00
-24.6363636364 0.000000e+00
-24.3333333333 0.000000e+00
-24.0303030303 0.000000e+00
-23.7272727273 0.000000e+00
-23.4242424242 0.000000e+00
-23.1212121212 0.000000e+00
-22.8181818182 0.000000e+00
-22.5151515152 0.000000e+00
-22.2121212121 0.000000e+00
-21.9090909091 0.000000e+00
-21.6060606061 0.000000e+00
-21.303030303 0.000000e+00
-21.0 0.000000e+00
-20.696969697 0.000000e+00
-20.3939393939 0.000000e+00
-20.0909090909 0.000000e+00
-19.7878787879 0.000000e+00
-19.4848484848 0.000000e+00
-19.1818181818 0.000000e+00
-18.8787878788 0.000000e+00
-18.5757575758 0.000000e+00
-18.2727272727 0.000000e+00
-17.9696969697 0.000000e+00
-17.6666666667 0.000000e+00
-17.3636363636 0.000000e+00
-17.0606060606 0.000000e+00
-16.7575757576 0.000000e+00
-16.4545454545 0.000000e+00
-16.1515151515 0.000000e+00
-15.8484848485 0.000000e+00
-15.5454545455 0.000000e+00
-15.2424242424 0.000000e+00
-14.9393939394 0.000000e+00
-14.6363636364 0.000000e+00
-14.3333333333 0.000000e+00
-14.0303030303 0.000000e+00
-13.7272727273 0.000000e+00
-13.4242424242 0.000000e+00
-13.1212121212 0.000000e+00
-12.8181818182 0.000000e+00
-12.5151515152 0.000000e+00
-12.2121212121 0.000000e+00
-11.9090909091 0.000000e+00
-11.6060606061 0.000000e+00
-11.303030303 0.000000e+00
-11.0 0.000000e+00
-10.696969697 0.000000e+00
-10.3939393939 0.000000e+00
-10.0909090909 0.000000e+00
-9.78787878788 0.000000e+00
-9.48484848485 0.000000e+00
-9.18181818182 0.000000e+00
-8.87878787879 0.000000e+00
-8.57575757576 0.000000e+00
-8.27272727273 0.000000e+00
-7.9696969697 0.000000e+00
-7.66666666667 0.000000e+00
-7.36363636364 0.000000e+00
-7.06060606061 0.000000e+00
-6.75757575758 0.000000e+00
-6.45454545455 0.000000e+00
-6.15151515152 0.000000e+00
-5.84848484848 0.000000e+00
-5.54545454545 0.000000e+00
-5.24242424242 0.000000e+00
-4.93939393939 0.000000e+00
-4.63636363636 0.000000e+00
-4.33333333333 0.000000e+00
-4.0303030303 0.000000e+00
-3.72727272727 0.000000e+00
-3.42424242424 0.000000e+00
-3.12121212121 0.000000e+00
-2.81818181818 0.000000e+00
-2.51515151515 0.000000e+00
-2.21212121212 0.000000e+00
-1.90909090909 0.000000e+00
-1.60606060606 0.000000e+00
-1.30303030303 0.000000e+00
-1.0 0.000000e+00
-0.69696969697 0.000000e+00
-0.393939393939 4.435696e-01
-0.0909090909091 5.196975e-01
0.212121212121 1.000000e+00
0.515151515152 4.403552e-01
0.818181818182 4.450166e-01
1.12121212121 0.000000e+00
1.42424242424 4.798818e-01
1.72727272727 5.582140e-01
2.0303030303 8.291279e-01
2.33333333333 3.816864e-01
2.63636363636 0.000000e+00
2.93939393939 0.000000e+00
3.24242424242 0.000000e+00
3.54545454545 6.822528e-01
3.84848484848 5.399231e-01
4.15151515152 0.000000e+00
4.45454545455 0.000000e+00
4.75757575758 0.000000e+00
5.06060606061 0.000000e+00
5.36363636364 0.000000e+00
5.66666666667 0.000000e+00
5.9696969697 0.000000e+00
6.27272727273 0.000000e+00
6.57575757576 0.000000e+00
6.87878787879 0.000000e+00
7.18181818182 0.000000e+00
7.48484848485 0.000000e+00
7.78787878788 0.000000e+00
8.09090909091 0.000000e+00
8.39393939394 0.000000e+00
8.69696969697 0.000000e+00
9.0 0.000000e+00
9.30303030303 0.000000e+00
9.60606060606 0.000000e+00
9.90909090909 0.000000e+00
10.2121212121 0.000000e+00
10.5151515152 0.000000e+00
10.8181818182 0.000000e+00
11.1212121212 0.000000e+00
11.4242424242 0.000000e+00
11.7272727273 0.000000e+00
12.0303030303 0.000000e+00
12.3333333333 0.000000e+00
12.6363636364 0.000000e+00
12.9393939394 0.000000e+00
13.2424242424 0.000000e+00
13.5454545455 0.000000e+00
13.8484848485 0.000000e+00
14.1515151515 0.000000e+00
14.4545454545 0.000000e+00
14.7575757576 0.000000e+00
15.0606060606 0.000000e+00
15.3636363636 0.000000e+00
15.6666666667 0.000000e+00
15.9696969697 0.000000e+00
16.2727272727 0.000000e+00
16.5757575758 0.000000e+00
16.8787878788 0.000000e+00
17.1818181818 0.000000e+00
17.4848484848 0.000000e+00
17.7878787879 0.000000e+00
18.0909090909 0.000000e+00
18.3939393939 0.000000e+00
18.696969697 0.000000e+00
19.0 0.000000e+00
19.303030303 0.000000e+00
19.6060606061 0.000000e+00
19.9090909091 0.000000e+00
20.2121212121 0.000000e+00
20.5151515152 0.000000e+00
20.8181818182 0.000000e+00
21.1212121212 0.000000e+00
21.4242424242 0.000000e+00
21.7272727273 0.000000e+00
22.0303030303 0.000000e+00
22.3333333333 0.000000e+00
22.6363636364 0.000000e+00
22.9393939394 0.000000e+00
23.2424242424 0.000000e+00
23.5454545455 0.000000e+00
23.8484848485 0.000000e+00
24.1515151515 0.000000e+00
24.4545454545 0.000000e+00
24.7575757576 0.000000e+00
25.0606060606 0.000000e+00
25.3636363636 0.000000e+00
25.6666666667 0.000000e+00
25.9696969697 0.000000e+00
26.2727272727 0.000000e+00
26.5757575758 0.000000e+00
26.8787878788 0.000000e+00
27.1818181818 0.000000e+00
27.4848484848 0.000000e+00
27.7878787879 0.000000e+00
28.0909090909 0.000000e+00
28.3939393939 0.000000e+00
28.696969697 0.000000e+00
29.0 0.000000e+00
29.303030303 0.000000e+00
29.6060606061 0.000000e+00
29.9090909091 0.000000e+00
30.2121212121 0.000000e+00
30.5151515152 0.000000e+00
30.8181818182 0.000000e+00
31.1212121212 0.000000e+00
31.4242424242 0.000000e+00
31.7272727273 0.000000e+00
32.0303030303 0.000000e+00
32.3333333333 0.000000e+00
32.6363636364 0.000000e+00
32.9393939394 0.000000e+00
33.2424242424 0.000000e+00
33.5454545455 0.000000e+00
33.8484848485 0.000000e+00
34.1515151515 0.000000e+00
34.4545454545 0.000000e+00
34.7575757576 0.000000e+00
35.0606060606 0.000000e+00
35.3636363636 0.000000e+00
35.6666666667 0.000000e+00
35.9696969697 0.000000e+00
36.2727272727 0.000000e+00
36.5757575758 0.000000e+00
36.8787878788 0.000000e+00
37.1818181818 0.000000e+00
37.4848484848 0.000000e+00
37.7878787879 0.000000e+00
38.0909090909 0.000000e+00
38.3939393939 0.000000e+00
38.696969697 0.000000e+00
39.0 0.000000e+00
39.303030303 0.000000e+00
39.6060606061 0.000000e+00
39.9090909091 0.000000e+00
40.2121212121 0.000000e+00
40.5151515152 0.000000e+00
40.8181818182 0.000000e+00
41.1212121212 0.000000e+00
41.4242424242 0.000000e+00
41.7272727273 0.000000e+00
42.0303030303 0.000000e+00
42.3333333333 0.000000e+00
42.6363636364 0.000000e+00
42.9393939394 0.000000e+00
43.2424242424 0.000000e+00
43.5454545455 0.000000e+00
43.8484848485 0.000000e+00
44.1515151515 0.000000e+00
44.4545454545 0.000000e+00
44.7575757576 0.000000e+00
45.0606060606 0.000000e+00
45.3636363636 0.000000e+00
45.6666666667 0.000000e+00
45.9696969697 0.000000e+00
46.2727272727 0.000000e+00
46.5757575758 0.000000e+00
46.8787878788 0.000000e+00
47.1818181818 0.000000e+00
47.4848484848 0.000000e+00
47.7878787879 0.000000e+00
48.0909090909 0.000000e+00
48.3939393939 0.000000e+00
48.696969697 0.000000e+00
49.0 0.000000e+00
49.303030303 0.000000e+00
49.6060606061 0.000000e+00
49.9090909091 0.000000e+00
50.2121212121 0.000000e+00
50.5151515152 0.000000e+00
50.8181818182 0.000000e+00
51.1212121212 0.000000e+00
51.4242424242 0.000000e+00
51.7272727273 0.000000e+00
52.0303030303 0.000000e+00
52.3333333333 0.000000e+00
52.6363636364 0.000000e+00
52.9393939394 0.000000e+00
53.2424242424 0.000000e+00
53.5454545455 0.000000e+00
53.8484848485 0.000000e+00
54.1515151515 0.000000e+00
54.4545454545 0.000000e+00
54.7575757576 0.000000e+00
55.0606060606 0.000000e+00
55.3636363636 0.000000e+00
55.6666666667 0.000000e+00
55.9696969697 0.000000e+00
56.2727272727 0.000000e+00
56.5757575758 0.000000e+00
56.8787878788 0.000000e+00
57.1818181818 0.000000e+00
57.4848484848 0.000000e+00
57.7878787879 0.000000e+00
58.0909090909 0.000000e+00
58.3939393939 0.000000e+00
58.696969697 0.000000e+00
59.0 0.000000e+00
59.303030303 0.000000e+00
59.6060606061 0.000000e+00
59.9090909091 0.000000e+00
60.2121212121 0.000000e+00
60.5151515152 0.000000e+00
60.8181818182 0.000000e+00
61.1212121212 0.000000e+00
61.4242424242 0.000000e+00
61.7272727273 0.000000e+00
62.0303030303 0.000000e+00
62.3333333333 0.000000e+00
62.6363636364 0.000000e+00
62.9393939394 0.000000e+00
63.2424242424 0.000000e+00
63.5454545455 0.000000e+00
63.8484848485 0.000000e+00
64.1515151515 0.000000e+00
64.4545454545 0.000000e+00
64.7575757576 0.000000e+00
65.0606060606 0.000000e+00
65.3636363636 0.000000e+00
65.6666666667 0.000000e+00
65.9696969697 0.000000e+00
66.2727272727 0.000000e+00
66.5757575758 0.000000e+00
66.8787878788 0.000000e+00
67.1818181818 0.000000e+00
67.4848484848 0.000000e+00
67.7878787879 0.000000e+00
68.0909090909 0.000000e+00
68.3939393939 0.000000e+00
68.696969697 0.000000e+00
69.0 0.000000e+00
69.303030303 0.000000e+00
69.6060606061 0.000000e+00
69.9090909091 0.000000e+00
70.2121212121 0.000000e+00
70.5151515152 0.000000e+00
70.8181818182 0.000000e+00
71.1212121212 0.000000e+00
71.4242424242 0.000000e+00
71.7272727273 0.000000e+00
72.0303030303 0.000000e+00
72.3333333333 0.000000e+00
72.6363636364 0.000000e+00
72.9393939394 0.000000e+00
73.2424242424 0.000000e+00
73.5454545455 0.000000e+00
73.8484848485 0.000000e+00
74.1515151515 0.000000e+00
74.4545454545 0.000000e+00
74.7575757576 0.000000e+00
75.0606060606 0.000000e+00
75.3636363636 0.000000e+00
75.6666666667 0.000000e+00
75.9696969697 0.000000e+00
76.2727272727 0.000000e+00
76.5757575758 0.000000e+00
76.8787878788 0.000000e+00
77.1818181818 0.000000e+00
77.4848484848 0.000000e+00
77.7878787879 0.000000e+00
78.0909090909 0.000000e+00
78.3939393939 0.000000e+00
78.696969697 0.000000e+00
79.0 0.000000e+00
79.303030303 0.000000e+00
79.6060606061 0.000000e+00
79.9090909091 0.000000e+00
80.2121212121 0.000000e+00
80.5151515152 0.000000e+00
80.8181818182 0.000000e+00
81.1212121212 0.000000e+00
81.4242424242 0.000000e+00
81.7272727273 0.000000e+00
82.0303030303 0.000000e+00
82.3333333333 0.000000e+00
82.6363636364 0.000000e+00
82.9393939394 0.000000e+00
83.2424242424 0.000000e+00
83.5454545455 0.000000e+00
83.8484848485 0.000000e+00
84.1515151515 0.000000e+00
84.4545454545 0.000000e+00
84.7575757576 0.000000e+00
85.0606060606 0.000000e+00
85.3636363636 0.000000e+00
85.6666666667 0.000000e+00
85.9696969697 0.000000e+00
86.2727272727 0.000000e+00
86.5757575758 0.000000e+00
86.8787878788 0.000000e+00
87.1818181818 0.000000e+00
87.4848484848 0.000000e+00
87.7878787879 0.000000e+00
88.0909090909 0.000000e+00
88.3939393939 0.000000e+00
88.696969697 0.000000e+00
89.0 0.000000e+00
89.303030303 0.000000e+00
89.6060606061 0.000000e+00
89.9090909091 0.000000e+00
90.2121212121 0.000000e+00
90.5151515152 0.000000e+00
90.8181818182 0.000000e+00
91.1212121212 0.000000e+00
91.4242424242 0.000000e+00
92.4242424242 0.0
93.4242424242 0.0
94.4242424242 0.0
95.4242424242 0.0
96.4242424242 0.0
97.4242424242 0.0
98.4242424242 0.0
99.4242424242 0.0
100.424242424 0.0
101.424242424 0.0
102.424242424 0.0
103.424242424 0.0
104.424242424 0.0
105.424242424 0.0
106.424242424 0.0
107.424242424 0.0
108.424242424 0.0
109.424242424 0.0
110.424242424 0.0
111.424242424 0.0
112.424242424 0.0
113.424242424 0.0
114.424242424 0.0
115.424242424 0.0
116.424242424 0.0
117.424242424 0.0
118.424242424 0.0
119.424242424 0.0
120.424242424 0.0
121.424242424 0.0
122.424242424 0.0
123.424242424 0.0
124.424242424 0.0
125.424242424 0.0
126.424242424 0.0
127.424242424 0.0
128.424242424 0.0
129.424242424 0.0
130.424242424 0.0
131.424242424 0.0
132.424242424 0.0
133.424242424 0.0
134.424242424 0.0
135.424242424 0.0
136.424242424 0.0
137.424242424 0.0
138.424242424 0.0
139.424242424 0.0
140.424242424 0.0
141.424242424 0.0
142.424242424 0.0
143.424242424 0.0
144.424242424 0.0
145.424242424 0.0
146.424242424 0.0
147.424242424 0.0
148.424242424 0.0
149.424242424 0.0
150.424242424 0.0
151.424242424 0.0
152.424242424 0.0
153.424242424 0.0
154.424242424 0.0
155.424242424 0.0
156.424242424 0.0
157.424242424 0.0
158.424242424 0.0
159.424242424 0.0
160.424242424 0.0
161.424242424 0.0
162.424242424 0.0
163.424242424 0.0
164.424242424 0.0
165.424242424 0.0
166.424242424 0.0
167.424242424 0.0
168.424242424 0.0
169.424242424 0.0
170.424242424 0.0
171.424242424 0.0
172.424242424 0.0
173.424242424 0.0
174.424242424 0.0
175.424242424 0.0
176.424242424 0.0
177.424242424 0.0
178.424242424 0.0
179.424242424 0.0
180.424242424 0.0
181.424242424 0.0
182.424242424 0.0
183.424242424 0.0
184.424242424 0.0
185.424242424 0.0
186.424242424 0.0
187.424242424 0.0
188.424242424 0.0
189.424242424 0.0
190.424242424 0.0
191.424242424 0.0
192.424242424 0.0
193.424242424 0.0
194.424242424 0.0
195.424242424 0.0
196.424242424 0.0
197.424242424 0.0
198.424242424 0.0
199.424242424 0.0
200.424242424 0.0
201.424242424 0.0
202.424242424 0.0
203.424242424 0.0
204.424242424 0.0
205.424242424 0.0
206.424242424 0.0
207.424242424 0.0
208.424242424 0.0
209.424242424 0.0
210.424242424 0.0
211.424242424 0.0
212.424242424 0.0
213.424242424 0.0
214.424242424 0.0
215.424242424 0.0
216.424242424 0.0
217.424242424 0.0
218.424242424 0.0
219.424242424 0.0
220.424242424 0.0
221.424242424 0.0
222.424242424 0.0
223.424242424 0.0
224.424242424 0.0
225.424242424 0.0
226.424242424 0.0
227.424242424 0.0
228.424242424 0.0
229.424242424 0.0
230.424242424 0.0
231.424242424 0.0
232.424242424 0.0
233.424242424 0.0
234.424242424 0.0
235.424242424 0.0
236.424242424 0.0
237.424242424 0.0
238.424242424 0.0
239.424242424 0.0
240.424242424 0.0
241.424242424 0.0
242.424242424 0.0
243.424242424 0.0
244.424242424 0.0
245.424242424 0.0
246.424242424 0.0
247.424242424 0.0
248.424242424 0.0
249.424242424 0.0
250.424242424 0.0
251.424242424 0.0
252.424242424 0.0
253.424242424 0.0
254.424242424 0.0
255.424242424 0.0
256.424242424 0.0
257.424242424 0.0
258.424242424 0.0
259.424242424 0.0
260.424242424 0.0
261.424242424 0.0
262.424242424 0.0
263.424242424 0.0
264.424242424 0.0
265.424242424 0.0
266.424242424 0.0
267.424242424 0.0
268.424242424 0.0
269.424242424 0.0
270.424242424 0.0
271.424242424 0.0
272.424242424 0.0
273.424242424 0.0
274.424242424 0.0
275.424242424 0.0
276.424242424 0.0
277.424242424 0.0
278.424242424 0.0
279.424242424 0.0
280.424242424 0.0
281.424242424 0.0
282.424242424 0.0
283.424242424 0.0
284.424242424 0.0
285.424242424 0.0
286.424242424 0.0
287.424242424 0.0
288.424242424 0.0
289.424242424 0.0
290.424242424 0.0
291.424242424 0.0
292.424242424 0.0
293.424242424 0.0
294.424242424 0.0
295.424242424 0.0
296.424242424 0.0
297.424242424 0.0
298.424242424 0.0
299.424242424 0.0
300.424242424 0.0
301.424242424 0.0
302.424242424 0.0
303.424242424 0.0
304.424242424 0.0
305.424242424 0.0
306.424242424 0.0
307.424242424 0.0
308.424242424 0.0
309.424242424 0.0
310.424242424 0.0
311.424242424 0.0
312.424242424 0.0
313.424242424 0.0
314.424242424 0.0
315.424242424 0.0
316.424242424 0.0
317.424242424 0.0
318.424242424 0.0
319.424242424 0.0
320.424242424 0.0
321.424242424 0.0
322.424242424 0.0
323.424242424 0.0
324.424242424 0.0
325.424242424 0.0
326.424242424 0.0
327.424242424 0.0
328.424242424 0.0
329.424242424 0.0
330.424242424 0.0
331.424242424 0.0
332.424242424 0.0
333.424242424 0.0
334.424242424 0.0
335.424242424 0.0
336.424242424 0.0
337.424242424 0.0
338.424242424 0.0
339.424242424 0.0
340.424242424 0.0
341.424242424 0.0
342.424242424 0.0
343.424242424 0.0
344.424242424 0.0
345.424242424 0.0
346.424242424 0.0
347.424242424 0.0
348.424242424 0.0
349.424242424 0.0
350.424242424 0.0
351.424242424 0.0
352.424242424 0.0
353.424242424 0.0
354.424242424 0.0
355.424242424 0.0
356.424242424 0.0
357.424242424 0.0
358.424242424 0.0
359.424242424 0.0
360.424242424 0.0
361.424242424 0.0
362.424242424 0.0
363.424242424 0.0
364.424242424 0.0
365.424242424 0.0
366.424242424 0.0
367.424242424 0.0
368.424242424 0.0
369.424242424 0.0
370.424242424 0.0
371.424242424 0.0
372.424242424 0.0
373.424242424 0.0
374.424242424 0.0
375.424242424 0.0
376.424242424 0.0
377.424242424 0.0
378.424242424 0.0
379.424242424 0.0
380.424242424 0.0
381.424242424 0.0
382.424242424 0.0
383.424242424 0.0
384.424242424 0.0
385.424242424 0.0
386.424242424 0.0
387.424242424 0.0
388.424242424 0.0
389.424242424 0.0
390.424242424 0.0
391.424242424 0.0
392.424242424 0.0
393.424242424 0.0
394.424242424 0.0
395.424242424 0.0
396.424242424 0.0
397.424242424 0.0
398.424242424 0.0
399.424242424 0.0
400.424242424 0.0
401.424242424 0.0
402.424242424 0.0
403.424242424 0.0
404.424242424 0.0
405.424242424 0.0
406.424242424 0.0
407.424242424 0.0
408.424242424 0.0
409.424242424 0.0
410.424242424 0.0
411.424242424 0.0
412.424242424 0.0
413.424242424 0.0
414.424242424 0.0
415.424242424 0.0
416.424242424 0.0
417.424242424 0.0
418.424242424 0.0
419.424242424 0.0
420.424242424 0.0
421.424242424 0.0
422.424242424 0.0
423.424242424 0.0
424.424242424 0.0
425.424242424 0.0
426.424242424 0.0
427.424242424 0.0
428.424242424 0.0
429.424242424 0.0
430.424242424 0.0
431.424242424 0.0
432.424242424 0.0
433.424242424 0.0
434.424242424 0.0
435.424242424 0.0
436.424242424 0.0
437.424242424 0.0
438.424242424 0.0
439.424242424 0.0
440.424242424 0.0
441.424242424 0.0
442.424242424 0.0
443.424242424 0.0
444.424242424 0.0
445.424242424 0.0
446.424242424 0.0
447.424242424 0.0
448.424242424 0.0
449.424242424 0.0
450.424242424 0.0
451.424242424 0.0
452.424242424 0.0
453.424242424 0.0
454.424242424 0.0
455.424242424 0.0
456.424242424 0.0
457.424242424 0.0
458.424242424 0.0
459.424242424 0.0
460.424242424 0.0
461.424242424 0.0
462.424242424 0.0
463.424242424 0.0
464.424242424 0.0
465.424242424 0.0
466.424242424 0.0
467.424242424 0.0
468.424242424 0.0
469.424242424 0.0
470.424242424 0.0
471.424242424 0.0
472.424242424 0.0
473.424242424 0.0
474.424242424 0.0
475.424242424 0.0
476.424242424 0.0
477.424242424 0.0
478.424242424 0.0
479.424242424 0.0
480.424242424 0.0
481.424242424 0.0
482.424242424 0.0
483.424242424 0.0
484.424242424 0.0
485.424242424 0.0
486.424242424 0.0
487.424242424 0.0
488.424242424 0.0
489.424242424 0.0
490.424242424 0.0
491.424242424 0.0
492.424242424 0.0
493.424242424 0.0
494.424242424 0.0
495.424242424 0.0
496.424242424 0.0
497.424242424 0.0
498.424242424 0.0
499.424242424 0.0
500.424242424 0.0
501.424242424 0.0
502.424242424 0.0
503.424242424 0.0
504.424242424 0.0
505.424242424 0.0
506.424242424 0.0
507.424242424 0.0
508.424242424 0.0
509.424242424 0.0
510.424242424 0.0
511.424242424 0.0
512.424242424 0.0
513.424242424 0.0
514.424242424 0.0
515.424242424 0.0
516.424242424 0.0
517.424242424 0.0
518.424242424 0.0
519.424242424 0.0
520.424242424 0.0
521.424242424 0.0
522.424242424 0.0
523.424242424 0.0
524.424242424 0.0
525.424242424 0.0
526.424242424 0.0
527.424242424 0.0
528.424242424 0.0
529.424242424 0.0
530.424242424 0.0
531.424242424 0.0
532.424242424 0.0
533.424242424 0.0
534.424242424 0.0
535.424242424 0.0
536.424242424 0.0
537.424242424 0.0
538.424242424 0.0
539.424242424 0.0
540.424242424 0.0
541.424242424 0.0
542.424242424 0.0
543.424242424 0.0
544.424242424 0.0
545.424242424 0.0
546.424242424 0.0
547.424242424 0.0
548.424242424 0.0
549.424242424 0.0
550.424242424 0.0
551.424242424 0.0
552.424242424 0.0
553.424242424 0.0
554.424242424 0.0
555.424242424 0.0
556.424242424 0.0
557.424242424 0.0
558.424242424 0.0
559.424242424 0.0
560.424242424 0.0
561.424242424 0.0
562.424242424 0.0
563.424242424 0.0
564.424242424 0.0
565.424242424 0.0
566.424242424 0.0
567.424242424 0.0
568.424242424 0.0
569.424242424 0.0
570.424242424 0.0
571.424242424 0.0
572.424242424 0.0
573.424242424 0.0
574.424242424 0.0
575.424242424 0.0
576.424242424 0.0
577.424242424 0.0
578.424242424 0.0
579.424242424 0.0
580.424242424 0.0
581.424242424 0.0
582.424242424 0.0
583.424242424 0.0
584.424242424 0.0
585.424242424 0.0
586.424242424 0.0
587.424242424 0.0
588.424242424 0.0
589.424242424 0.0
590.424242424 0.0
591.424242424 0.0
