-540.144756775 0.0
-539.144756775 0.0
-538.144756775 0.0
-537.144756775 0.0
-536.144756775 0.0
-535.144756775 0.0
-534.144756775 0.0
-533.144756775 0.0
-532.144756775 0.0
-531.144756775 0.0
-530.144756775 0.0
-529.144756775 0.0
-528.144756775 0.0
-527.144756775 0.0
-526.144756775 0.0
-525.144756775 0.0
-524.144756775 0.0
-523.144756775 0.0
-522.144756775 0.0
-521.144756775 0.0
-520.144756775 0.0
-519.144756775 0.0
-518.144756775 0.0
-517.144756775 0.0
-516.144756775 0.0
-515.144756775 0.0
-514.144756775 0.0
-513.144756775 0.0
-512.144756775 0.0
-511.144756775 0.0
-510.144756775 0.0
-509.144756775 0.0
-508.144756775 0.0
-507.144756775 0.0
-506.144756775 0.0
-505.144756775 0.0
-504.144756775 0.0
-503.144756775 0.0
-502.144756775 0.0
-501.144756775 0.0
-500.144756775 0.0
-499.144756775 0.0
-498.144756775 0.0
-497.144756775 0.0
-496.144756775 0.0
-495.144756775 0.0
-494.144756775 0.0
-493.144756775 0.0
-492.144756775 0.0
-491.144756775 0.0
-490.144756775 0.0
-489.144756775 0.0
-488.144756775 0.0
-487.144756775 0.0
-486.144756775 0.0
-485.144756775 0.0
-484.144756775 0.0
-483.144756775 0.0
-482.144756775 0.0
-481.144756775 0.0
-480.144756775 0.0
-479.144756775 0.0
-478.144756775 0.0
-477.144756775 0.0
-476.144756775 0.0
-475.144756775 0.0
-474.144756775 0.0
-473.144756775 0.0
-472.144756775 0.0
-471.144756775 0.0
-470.144756775 0.0
-469.144756775 0.0
-468.144756775 0.0
-467.144756775 0.0
-466.144756775 0.0
-465.144756775 0.0
-464.144756775 0.0
-463.144756775 0.0
-462.144756775 0.0
-461.144756775 0.0
-460.144756775 0.0
-459.144756775 0.0
-458.144756775 0.0
-457.144756775 0.0
-456.144756775 0.0
-455.144756775 0.0
-454.144756775 0.0
-453.144756775 0.0
-452.144756775 0.0
-451.144756775 0.0
-450.144756775 0.0
-449.144756775 0.0
-448.144756775 0.0
-447.144756775 0.0
-446.144756775 0.0
-445.144756775 0.0
-444.144756775 0.0
-443.144756775 0.0
-442.144756775 0.0
-441.144756775 0.0
-440.144756775 0.0
-439.144756775 0.0
-438.144756775 0.0
-437.144756775 0.0
-436.144756775 0.0
-435.144756775 0.0
-434.144756775 0.0
-433.144756775 0.0
-432.144756775 0.0
-431.144756775 0.0
-430.144756775 0.0
-429.144756775 0.0
-428.144756775 0.0
-427.144756775 0.0
-426.144756775 0.0
-425.144756775 0.0
-424.144756775 0.0
-423.144756775 0.0
-422.144756775 0.0
-421.144756775 0.0
-420.144756775 0.0
-419.144756775 0.0
-418.144756775 0.0
-417.144756775 0.0
-416.144756775 0.0
-415.144756775 0.0
-414.144756775 0.0
-413.144756775 0.0
-412.144756775 0.0
-411.144756775 0.0
-410.144756775 0.0
-409.144756775 0.0
-408.144756775 0.0
-407.144756775 0.0
-406.144756775 0.0
-405.144756775 0.0
-404.144756775 0.0
-403.144756775 0.0
-402.144756775 0.0
-401.144756775 0.0
-400.144756775 0.0
-399.144756775 0.0
-398.144756775 0.0
-397.144756775 0.0
-396.144756775 0.0
-395.144756775 0.0
-394.144756775 0.0
-393.144756775 0.0
-392.144756775 0.0
-391.144756775 0.0
-390.144756775 0.0
-389.144756775 0.0
-388.144756775 0.0
-387.144756775 0.0
-386.144756775 0.0
-385.144756775 0.0
-384.144756775 0.0
-383.144756775 0.0
-382.144756775 0.0
-381.144756775 0.0
-380.144756775 0.0
-379.144756775 0.0
-378.144756775 0.0
-377.144756775 0.0
-376.144756775 0.0
-375.144756775 0.0
-374.144756775 0.0
-373.144756775 0.0
-372.144756775 0.0
-371.144756775 0.0
-370.144756775 0.0
-369.144756775 0.0
-368.144756775 0.0
-367.144756775 0.0
-366.144756775 0.0
-365.144756775 0.0
-364.144756775 0.0
-363.144756775 0.0
-362.144756775 0.0
-361.144756775 0.0
-360.144756775 0.0
-359.144756775 0.0
-358.144756775 0.0
-357.144756775 0.0
-356.144756775 0.0
-355.144756775 0.0
-354.144756775 0.0
-353.144756775 0.0
-352.144756775 0.0
-351.144756775 0.0
-350.144756775 0.0
-349.144756775 0.0
-348.144756775 0.0
-347.144756775 0.0
-346.144756775 0.0
-345.144756775 0.0
-344.144756775 0.0
-343.144756775 0.0
-342.144756775 0.0
-341.144756775 0.0
-340.144756775 0.0
-339.144756775 0.0
-338.144756775 0.0
-337.144756775 0.0
-336.144756775 0.0
-335.144756775 0.0
-334.144756775 0.0
-333.144756775 0.0
-332.144756775 0.0
-331.144756775 0.0
-330.144756775 0.0
-329.144756775 0.0
-328.144756775 0.0
-327.144756775 0.0
-326.144756775 0.0
-325.144756775 0.0
-324.144756775 0.0
-323.144756775 0.0
-322.144756775 0.0
-321.144756775 0.0
-320.144756775 0.0
-319.144756775 0.0
-318.144756775 0.0
-317.144756775 0.0
-316.144756775 0.0
-315.144756775 0.0
-314.144756775 0.0
-313.144756775 0.0
-312.144756775 0.0
-311.144756775 0.0
-310.144756775 0.0
-309.144756775 0.0
-308.144756775 0.0
-307.144756775 0.0
-306.144756775 0.0
-305.144756775 0.0
-304.144756775 0.0
-303.144756775 0.0
-302.144756775 0.0
-301.144756775 0.0
-300.144756775 0.0
-299.144756775 0.0
-298.144756775 0.0
-297.144756775 0.0
-296.144756775 0.0
-295.144756775 0.0
-294.144756775 0.0
-293.144756775 0.0
-292.144756775 0.0
-291.144756775 0.0
-290.144756775 0.0
-289.144756775 0.0
-288.144756775 0.0
-287.144756775 0.0
-286.144756775 0.0
-285.144756775 0.0
-284.144756775 0.0
-283.144756775 0.0
-282.144756775 0.0
-281.144756775 0.0
-280.144756775 0.0
-279.144756775 0.0
-278.144756775 0.0
-277.144756775 0.0
-276.144756775 0.0
-275.144756775 0.0
-274.144756775 0.0
-273.144756775 0.0
-272.144756775 0.0
-271.144756775 0.0
-270.144756775 0.0
-269.144756775 0.0
-268.144756775 0.0
-267.144756775 0.0
-266.144756775 0.0
-265.144756775 0.0
-264.144756775 0.0
-263.144756775 0.0
-262.144756775 0.0
-261.144756775 0.0
-260.144756775 0.0
-259.144756775 0.0
-258.144756775 0.0
-257.144756775 0.0
-256.144756775 0.0
-255.144756775 0.0
-254.144756775 0.0
-253.144756775 0.0
-252.144756775 0.0
-251.144756775 0.0
-250.144756775 0.0
-249.144756775 0.0
-248.144756775 0.0
-247.144756775 0.0
-246.144756775 0.0
-245.144756775 0.0
-244.144756775 0.0
-243.144756775 0.0
-242.144756775 0.0
-241.144756775 0.0
-240.144756775 0.0
-239.144756775 0.0
-238.144756775 0.0
-237.144756775 0.0
-236.144756775 0.0
-235.144756775 0.0
-234.144756775 0.0
-233.144756775 0.0
-232.144756775 0.0
-231.144756775 0.0
-230.144756775 0.0
-229.144756775 0.0
-228.144756775 0.0
-227.144756775 0.0
-226.144756775 0.0
-225.144756775 0.0
-224.144756775 0.0
-223.144756775 0.0
-222.144756775 0.0
-221.144756775 0.0
-220.144756775 0.0
-219.144756775 0.0
-218.144756775 0.0
-217.144756775 0.0
-216.144756775 0.0
-215.144756775 0.0
-214.144756775 0.0
-213.144756775 0.0
-212.144756775 0.0
-211.144756775 0.0
-210.144756775 0.0
-209.144756775 0.0
-208.144756775 0.0
-207.144756775 0.0
-206.144756775 0.0
-205.144756775 0.0
-204.144756775 0.0
-203.144756775 0.0
-202.144756775 0.0
-201.144756775 0.0
-200.144756775 0.0
-199.144756775 0.0
-198.144756775 0.0
-197.144756775 0.0
-196.144756775 0.0
-195.144756775 0.0
-194.144756775 0.0
-193.144756775 0.0
-192.144756775 0.0
-191.144756775 0.0
-190.144756775 0.0
-189.144756775 0.0
-188.144756775 0.0
-187.144756775 0.0
-186.144756775 0.0
-185.144756775 0.0
-184.144756775 0.0
-183.144756775 0.0
-182.144756775 0.0
-181.144756775 0.0
-180.144756775 0.0
-179.144756775 0.0
-178.144756775 0.0
-177.144756775 0.0
-176.144756775 0.0
-175.144756775 0.0
-174.144756775 0.0
-173.144756775 0.0
-172.144756775 0.0
-171.144756775 0.0
-170.144756775 0.0
-169.144756775 0.0
-168.144756775 0.0
-167.144756775 0.0
-166.144756775 0.0
-165.144756775 0.0
-164.144756775 0.0
-163.144756775 0.0
-162.144756775 0.0
-161.144756775 0.0
-160.144756775 0.0
-159.144756775 0.0
-158.144756775 0.0
-157.144756775 0.0
-156.144756775 0.0
-155.144756775 0.0
-154.144756775 0.0
-153.144756775 0.0
-152.144756775 0.0
-151.144756775 0.0
-150.144756775 0.0
-149.144756775 0.0
-148.144756775 0.0
-147.144756775 0.0
-146.144756775 0.0
-145.144756775 0.0
-144.144756775 0.0
-143.144756775 0.0
-142.144756775 0.0
-141.144756775 0.0
-140.144756775 0.0
-139.144756775 0.0
-138.144756775 0.0
-137.144756775 0.0
-136.144756775 0.0
-135.144756775 0.0
-134.144756775 0.0
-133.144756775 0.0
-132.144756775 0.0
-131.144756775 0.0
-130.144756775 0.0
-129.144756775 0.0
-128.144756775 0.0
-127.144756775 0.0
-126.144756775 0.0
-125.144756775 0.0
-124.144756775 0.0
-123.144756775 0.0
-122.144756775 0.0
-121.144756775 0.0
-120.144756775 0.0
-119.144756775 0.0
-118.144756775 0.0
-117.144756775 0.0
-116.144756775 0.0
-115.144756775 0.0
-114.144756775 0.0
-113.144756775 0.0
-112.144756775 0.0
-111.144756775 0.0
-110.144756775 0.0
-109.144756775 0.0
-108.144756775 0.0
-107.144756775 0.0
-106.144756775 0.0
-105.144756775 0.0
-104.144756775 0.0
-103.144756775 0.0
-102.144756775 0.0
-101.144756775 0.0
-100.144756775 0.0
-99.144756775 0.0
-98.144756775 0.0
-97.144756775 0.0
-96.144756775 0.0
-95.144756775 0.0
-94.144756775 0.0
-93.144756775 0.0
-92.144756775 0.0
-91.144756775 0.0
-90.144756775 0.0
-89.144756775 0.0
-88.144756775 0.0
-87.144756775 0.0
-86.144756775 0.0
-85.144756775 0.0
-84.144756775 0.0
-83.144756775 0.0
-82.144756775 0.0
-81.144756775 0.0
-80.144756775 0.0
-79.144756775 0.0
-78.144756775 0.0
-77.144756775 0.0
-76.144756775 0.0
-75.144756775 0.0
-74.144756775 0.0
-73.144756775 0.0
-72.144756775 0.0
-71.144756775 0.0
-70.144756775 0.0
-69.144756775 0.0
-68.144756775 0.0
-67.144756775 0.0
-66.144756775 0.0
-65.144756775 0.0
-64.144756775 0.0
-63.144756775 0.0
-62.144756775 0.0
-61.144756775 0.0
-60.144756775 0.0
-59.144756775 0.0
-58.144756775 0.0
-57.144756775 0.0
-56.144756775 0.0
-55.144756775 0.0
-54.144756775 0.0
-53.144756775 0.0
-52.144756775 0.0
-51.144756775 0.0
-50.144756775 0.0
-49.144756775 0.0
-48.144756775 0.0
-47.144756775 0.0
-46.144756775 0.0
-45.144756775 0.0
-44.144756775 0.0
-43.144756775 0.0
-42.144756775 0.0
-41.144756775 0.0
-40.144756775 0.000000e+00
-39.9764349436 0.000000e+00
-39.8081131123 0.000000e+00
-39.6397912809 0.000000e+00
-39.4714694496 0.000000e+00
-39.3031476182 0.000000e+00
-39.1348257869 0.000000e+00
-38.9665039556 0.000000e+00
-38.7981821242 0.000000e+00
-38.6298602929 0.000000e+00
-38.4615384615 0.000000e+00
-38.2932166302 0.000000e+00
-38.1248947989 0.000000e+00
-37.9565729675 0.000000e+00
-37.7882511362 0.000000e+00
-37.6199293048 0.000000e+00
-37.4516074735 0.000000e+00
-37.2832856421 0.000000e+00
-37.1149638108 0.000000e+00
-36.9466419795 0.000000e+00
-36.7783201481 0.000000e+00
-36.6099983168 0.000000e+00
-36.4416764854 0.000000e+00
-36.2733546541 0.000000e+00
-36.1050328228 0.000000e+00
-35.9367109914 0.000000e+00
-35.7683891601 0.000000e+00
-35.6000673287 0.000000e+00
-35.4317454974 0.000000e+00
-35.263423666 0.000000e+00
-35.0951018347 0.000000e+00
-34.9267800034 0.000000e+00
-34.758458172 0.000000e+00
-34.5901363407 0.000000e+00
-34.4218145093 0.000000e+00
-34.253492678 0.000000e+00
-34.0851708467 0.000000e+00
-33.9168490153 0.000000e+00
-33.748527184 0.000000e+00
-33.5802053526 0.000000e+00
-33.4118835213 0.000000e+00
-33.24356169 0.000000e+00
-33.0752398586 0.000000e+00
-32.9069180273 0.000000e+00
-32.7385961959 0.000000e+00
-32.5702743646 0.000000e+00
-32.4019525332 0.000000e+00
-32.2336307019 0.000000e+00
-32.0653088706 0.000000e+00
-31.8969870392 0.000000e+00
-31.7286652079 0.000000e+00
-31.5603433765 0.000000e+00
-31.3920215452 0.000000e+00
-31.2236997139 0.000000e+00
-31.0553778825 0.000000e+00
-30.8870560512 0.000000e+00
-30.7187342198 0.000000e+00
-30.5504123885 0.000000e+00
-30.3820905571 0.000000e+00
-30.2137687258 0.000000e+00
-30.0454468945 0.000000e+00
-29.8771250631 0.000000e+00
-29.7088032318 0.000000e+00
-29.5404814004 0.000000e+00
-29.3721595691 0.000000e+00
-29.2038377378 0.000000e+00
-29.0355159064 0.000000e+00
-28.8671940751 0.000000e+00
-28.6988722437 0.000000e+00
-28.5305504124 0.000000e+00
-28.362228581 0.000000e+00
-28.1939067497 0.000000e+00
-28.0255849184 0.000000e+00
-27.857263087 0.000000e+00
-27.6889412557 0.000000e+00
-27.5206194243 0.000000e+00
-27.352297593 0.000000e+00
-27.1839757617 0.000000e+00
-27.0156539303 0.000000e+00
-26.847332099 0.000000e+00
-26.6790102676 0.000000e+00
-26.5106884363 0.000000e+00
-26.3423666049 0.000000e+00
-26.1740447736 0.000000e+00
-26.0057229423 0.000000e+00
-25.8374011109 0.000000e+00
-25.6690792796 0.000000e+00
-25.5007574482 0.000000e+00
-25.3324356169 0.000000e+00
-25.1641137856 0.000000e+00
-24.9957919542 0.000000e+00
-24.8274701229 0.000000e+00
-24.6591482915 0.000000e+00
-24.4908264602 0.000000e+00
-24.3225046289 0.000000e+00
-24.1541827975 0.000000e+00
-23.9858609662 0.000000e+00
-23.8175391348 0.000000e+00
-23.6492173035 0.000000e+00
-23.4808954721 0.000000e+00
-23.3125736408 0.000000e+00
-23.1442518095 0.000000e+00
-22.9759299781 0.000000e+00
-22.8076081468 0.000000e+00
-22.6392863154 0.000000e+00
-22.4709644841 0.000000e+00
-22.3026426528 0.000000e+00
-22.1343208214 0.000000e+00
-21.9659989901 0.000000e+00
-21.7976771587 0.000000e+00
-21.6293553274 0.000000e+00
-21.461033496 0.000000e+00
-21.2927116647 0.000000e+00
-21.1243898334 0.000000e+00
-20.956068002 0.000000e+00
-20.7877461707 0.000000e+00
-20.6194243393 0.000000e+00
-20.451102508 0.000000e+00
-20.2827806767 0.000000e+00
-20.1144588453 0.000000e+00
-19.946137014 0.000000e+00
-19.7778151826 0.000000e+00
-19.6094933513 0.000000e+00
-19.4411715199 0.000000e+00
-19.2728496886 0.000000e+00
-19.1045278573 0.000000e+00
-18.9362060259 0.000000e+00
-18.7678841946 0.000000e+00
-18.5995623632 0.000000e+00
-18.4312405319 0.000000e+00
-18.2629187006 0.000000e+00
-18.0945968692 0.000000e+00
-17.9262750379 0.000000e+00
-17.7579532065 0.000000e+00
-17.5896313752 0.000000e+00
-17.4213095438 0.000000e+00
-17.2529877125 0.000000e+00
-17.0846658812 0.000000e+00
-16.9163440498 0.000000e+00
-16.7480222185 0.000000e+00
-16.5797003871 0.000000e+00
-16.4113785558 0.000000e+00
-16.2430567245 0.000000e+00
-16.0747348931 0.000000e+00
-15.9064130618 0.000000e+00
-15.7380912304 0.000000e+00
-15.5697693991 0.000000e+00
-15.4014475677 0.000000e+00
-15.2331257364 0.000000e+00
-15.0648039051 0.000000e+00
-14.8964820737 0.000000e+00
-14.7281602424 0.000000e+00
-14.559838411 0.000000e+00
-14.3915165797 0.000000e+00
-14.2231947484 0.000000e+00
-14.054872917 0.000000e+00
-13.8865510857 0.000000e+00
-13.7182292543 0.000000e+00
-13.549907423 0.000000e+00
-13.3815855917 0.000000e+00
-13.2132637603 0.000000e+00
-13.044941929 0.000000e+00
-12.8766200976 0.000000e+00
-12.7082982663 0.000000e+00
-12.5399764349 0.000000e+00
-12.3716546036 0.000000e+00
-12.2033327723 0.000000e+00
-12.0350109409 0.000000e+00
-11.8666891096 0.000000e+00
-11.6983672782 0.000000e+00
-11.5300454469 0.000000e+00
-11.3617236156 0.000000e+00
-11.1934017842 0.000000e+00
-11.0250799529 0.000000e+00
-10.8567581215 0.000000e+00
-10.6884362902 0.000000e+00
-10.5201144588 0.000000e+00
-10.3517926275 0.000000e+00
-10.1834707962 0.000000e+00
-10.0151489648 0.000000e+00
-9.84682713348 0.000000e+00
-9.67850530214 0.000000e+00
-9.5101834708 0.000000e+00
-9.34186163945 0.000000e+00
-9.17353980811 0.000000e+00
-9.00521797677 0.000000e+00
-8.83689614543 0.000000e+00
-8.66857431409 0.000000e+00
-8.50025248275 0.000000e+00
-8.33193065141 0.000000e+00
-8.16360882006 0.000000e+00
-7.99528698872 0.000000e+00
-7.82696515738 0.000000e+00
-7.65864332604 0.000000e+00
-7.4903214947 0.000000e+00
-7.32199966336 0.000000e+00
-7.15367783201 0.000000e+00
-6.98535600067 0.000000e+00
-6.81703416933 0.000000e+00
-6.64871233799 0.000000e+00
-6.48039050665 0.000000e+00
-6.31206867531 0.000000e+00
-6.14374684397 0.000000e+00
-5.97542501262 0.000000e+00
-5.80710318128 0.000000e+00
-5.63878134994 0.000000e+00
-5.4704595186 0.000000e+00
-5.30213768726 0.000000e+00
-5.13381585592 0.000000e+00
-4.96549402457 0.000000e+00
-4.79717219323 0.000000e+00
-4.62885036189 0.000000e+00
-4.46052853055 0.000000e+00
-4.29220669921 0.000000e+00
-4.12388486787 0.000000e+00
-3.95556303653 0.000000e+00
-3.78724120518 0.000000e+00
-3.61891937384 0.000000e+00
-3.4505975425 0.000000e+00
-3.28227571116 0.000000e+00
-3.11395387982 0.000000e+00
-2.94563204848 0.000000e+00
-2.77731021714 0.000000e+00
-2.60898838579 0.000000e+00
-2.44066655445 0.000000e+00
-2.27234472311 0.000000e+00
-2.10402289177 0.000000e+00
-1.93570106043 0.000000e+00
-1.76737922909 0.000000e+00
-1.59905739774 0.000000e+00
-1.4307355664 0.000000e+00
-1.26241373506 0.000000e+00
-1.09409190372 0.000000e+00
-0.925770072378 0.000000e+00
-0.757448241037 0.000000e+00
-0.589126409695 0.000000e+00
-0.420804578354 0.000000e+00
-0.252482747012 0.000000e+00
-0.0841609156708 0.000000e+00
0.0841609156708 0.000000e+00
0.252482747012 0.000000e+00
0.420804578354 0.000000e+00
0.589126409695 0.000000e+00
0.757448241037 0.000000e+00
0.925770072378 0.000000e+00
1.09409190372 0.000000e+00
1.26241373506 0.000000e+00
1.4307355664 0.000000e+00
1.59905739774 0.000000e+00
1.76737922909 0.000000e+00
1.93570106043 0.000000e+00
2.10402289177 0.000000e+00
2.27234472311 0.000000e+00
2.44066655445 0.000000e+00
2.60898838579 0.000000e+00
2.77731021714 0.000000e+00
2.94563204848 0.000000e+00
3.11395387982 0.000000e+00
3.28227571116 0.000000e+00
3.4505975425 0.000000e+00
3.61891937384 0.000000e+00
3.78724120518 0.000000e+00
3.95556303653 0.000000e+00
4.12388486787 0.000000e+00
4.29220669921 0.000000e+00
4.46052853055 0.000000e+00
4.62885036189 0.000000e+00
4.79717219323 0.000000e+00
4.96549402457 0.000000e+00
5.13381585592 3.874844e-01
5.30213768726 0.000000e+00
5.4704595186 0.000000e+00
5.63878134994 0.000000e+00
5.80710318128 3.985416e-01
5.97542501262 5.219074e-01
6.14374684397 0.000000e+00
6.31206867531 0.000000e+00
6.48039050665 4.923349e-01
6.64871233799 0.000000e+00
6.81703416933 4.214762e-01
6.98535600067 0.000000e+00
7.15367783201 0.000000e+00
7.32199966336 5.157246e-01
7.4903214947 0.000000e+00
7.65864332604 4.401084e-01
7.82696515738 0.000000e+00
7.99528698872 0.000000e+00
8.16360882006 5.098129e-01
8.33193065141 0.000000e+00
8.50025248275 0.000000e+00
8.66857431409 0.000000e+00
8.83689614543 0.000000e+00
9.00521797677 0.000000e+00
9.17353980811 0.000000e+00
9.34186163945 0.000000e+00
9.5101834708 0.000000e+00
9.67850530214 0.000000e+00
9.84682713348 0.000000e+00
10.0151489648 0.000000e+00
10.1834707962 0.000000e+00
10.3517926275 3.828821e-01
10.5201144588 0.000000e+00
10.6884362902 0.000000e+00
10.8567581215 0.000000e+00
11.0250799529 0.000000e+00
11.1934017842 0.000000e+00
11.3617236156 0.000000e+00
11.5300454469 0.000000e+00
11.6983672782 5.002212e-01
11.8666891096 3.885752e-01
12.0350109409 0.000000e+00
12.2033327723 0.000000e+00
12.3716546036 4.047769e-01
12.5399764349 0.000000e+00
12.7082982663 0.000000e+00
12.8766200976 0.000000e+00
13.044941929 0.000000e+00
13.2132637603 0.000000e+00
13.3815855917 0.000000e+00
13.549907423 0.000000e+00
13.7182292543 4.510409e-01
13.8865510857 5.647022e-01
14.054872917 0.000000e+00
14.2231947484 5.851361e-01
14.3915165797 0.000000e+00
14.559838411 0.000000e+00
14.7281602424 0.000000e+00
14.8964820737 0.000000e+00
15.0648039051 0.000000e+00
15.2331257364 0.000000e+00
15.4014475677 4.042449e-01
15.5697693991 0.000000e+00
15.7380912304 0.000000e+00
15.9064130618 0.000000e+00
16.0747348931 0.000000e+00
16.2430567245 4.156562e-01
16.4113785558 0.000000e+00
16.5797003871 0.000000e+00
16.7480222185 0.000000e+00
16.9163440498 0.000000e+00
17.0846658812 0.000000e+00
17.2529877125 0.000000e+00
17.4213095438 0.000000e+00
17.5896313752 0.000000e+00
17.7579532065 4.792943e-01
17.9262750379 0.000000e+00
18.0945968692 0.000000e+00
18.2629187006 0.000000e+00
18.4312405319 0.000000e+00
18.5995623632 4.048347e-01
18.7678841946 4.154505e-01
18.9362060259 0.000000e+00
19.1045278573 0.000000e+00
19.2728496886 0.000000e+00
19.4411715199 0.000000e+00
19.6094933513 0.000000e+00
19.7778151826 4.683109e-01
19.946137014 5.191302e-01
20.1144588453 5.895839e-01
20.2827806767 7.672735e-01
20.451102508 0.000000e+00
20.6194243393 6.077001e-01
20.7877461707 5.527924e-01
20.956068002 5.997526e-01
21.1243898334 5.251101e-01
21.2927116647 3.691014e-01
21.461033496 4.630982e-01
21.6293553274 0.000000e+00
21.7976771587 6.376562e-01
21.9659989901 4.464702e-01
22.1343208214 8.497703e-01
22.3026426528 4.871960e-01
22.4709644841 7.821954e-01
22.6392863154 5.766058e-01
22.8076081468 5.631323e-01
22.9759299781 1.000000e+00
23.1442518095 9.823877e-01
23.3125736408 6.459286e-01
23.4808954721 5.035028e-01
23.6492173035 0.000000e+00
23.8175391348 6.612414e-01
23.9858609662 4.537339e-01
24.1541827975 7.835015e-01
24.3225046289 7.181411e-01
24.4908264602 5.155892e-01
24.6591482915 6.559090e-01
24.8274701229 7.764589e-01
24.9957919542 6.046325e-01
25.1641137856 6.487095e-01
25.3324356169 0.000000e+00
25.5007574482 3.842632e-01
25.6690792796 4.219787e-01
25.8374011109 4.418728e-01
26.0057229423 5.247469e-01
26.1740447736 4.687636e-01
26.3423666049 5.948183e-01
26.5106884363 5.594443e-01
26.6790102676 4.318875e-01
26.847332099 4.318533e-01
27.0156539303 4.285505e-01
27.1839757617 3.970350e-01
27.352297593 0.000000e+00
27.5206194243 5.101381e-01
27.6889412557 5.033651e-01
27.857263087 5.342902e-01
28.0255849184 0.000000e+00
28.1939067497 0.000000e+00
28.362228581 0.000000e+00
28.5305504124 0.000000e+00
28.6988722437 4.587062e-01
28.8671940751 3.914873e-01
29.0355159064 0.000000e+00
29.2038377378 0.000000e+00
29.3721595691 0.000000e+00
29.5404814004 4.678650e-01
29.7088032318 0.000000e+00
29.8771250631 0.000000e+00
30.0454468945 0.000000e+00
30.2137687258 0.000000e+00
30.3820905571 4.398557e-01
30.5504123885 5.487158e-01
30.7187342198 6.200823e-01
30.8870560512 5.777529e-01
31.0553778825 6.419435e-01
31.2236997139 6.173610e-01
31.3920215452 4.292804e-01
31.5603433765 5.222326e-01
31.7286652079 4.925115e-01
31.8969870392 0.000000e+00
32.0653088706 5.156147e-01
32.2336307019 5.222151e-01
32.4019525332 4.596089e-01
32.5702743646 0.000000e+00
32.7385961959 6.714456e-01
32.9069180273 0.000000e+00
33.0752398586 0.000000e+00
33.24356169 0.000000e+00
33.4118835213 0.000000e+00
33.5802053526 4.340765e-01
33.748527184 5.274814e-01
33.9168490153 3.892608e-01
34.0851708467 0.000000e+00
34.253492678 4.048305e-01
34.4218145093 5.453597e-01
34.5901363407 3.987544e-01
34.758458172 4.732097e-01
34.9267800034 4.259721e-01
35.0951018347 7.262152e-01
35.263423666 0.000000e+00
35.4317454974 4.952327e-01
35.6000673287 0.000000e+00
35.7683891601 4.063023e-01
35.9367109914 0.000000e+00
36.1050328228 3.868986e-01
36.2733546541 0.000000e+00
36.4416764854 4.682065e-01
36.6099983168 0.000000e+00
36.7783201481 0.000000e+00
36.9466419795 0.000000e+00
37.1149638108 0.000000e+00
37.2832856421 4.118269e-01
37.4516074735 4.397860e-01
37.6199293048 0.000000e+00
37.7882511362 3.711304e-01
37.9565729675 0.000000e+00
38.1248947989 4.425576e-01
38.2932166302 0.000000e+00
38.4615384615 0.000000e+00
38.6298602929 0.000000e+00
38.7981821242 0.000000e+00
38.9665039556 0.000000e+00
39.1348257869 0.000000e+00
39.3031476182 0.000000e+00
39.4714694496 0.000000e+00
39.6397912809 0.000000e+00
39.8081131123 0.000000e+00
39.9764349436 3.705701e-01
40.144756775 0.000000e+00
40.3130786063 0.000000e+00
40.4814004376 3.739278e-01
40.649722269 0.000000e+00
40.8180441003 0.000000e+00
40.9863659317 0.000000e+00
41.154687763 0.000000e+00
41.3230095943 0.000000e+00
41.4913314257 0.000000e+00
41.659653257 0.000000e+00
41.8279750884 0.000000e+00
41.9962969197 0.000000e+00
42.1646187511 3.682470e-01
42.3329405824 0.000000e+00
42.5012624137 0.000000e+00
42.6695842451 0.000000e+00
42.8379060764 0.000000e+00
43.0062279078 0.000000e+00
43.1745497391 0.000000e+00
43.3428715704 0.000000e+00
43.5111934018 0.000000e+00
43.6795152331 0.000000e+00
43.8478370645 0.000000e+00
44.0161588958 0.000000e+00
44.1844807272 0.000000e+00
44.3528025585 0.000000e+00
44.5211243898 4.767434e-01
44.6894462212 4.179919e-01
44.8577680525 0.000000e+00
45.0260898839 0.000000e+00
45.1944117152 3.658965e-01
45.3627335465 0.000000e+00
45.5310553779 0.000000e+00
45.6993772092 0.000000e+00
45.8676990406 0.000000e+00
46.0360208719 0.000000e+00
46.2043427032 0.000000e+00
46.3726645346 0.000000e+00
46.5409863659 0.000000e+00
46.7093081973 0.000000e+00
46.8776300286 4.282847e-01
47.04595186 0.000000e+00
47.2142736913 0.000000e+00
47.3825955226 3.963879e-01
47.550917354 0.000000e+00
47.7192391853 4.688528e-01
47.8875610167 5.402550e-01
48.055882848 3.799530e-01
48.2242046793 5.200024e-01
48.3925265107 5.948106e-01
48.560848342 7.820874e-01
48.7291701734 0.000000e+00
48.8974920047 4.608177e-01
49.0658138361 4.637595e-01
49.2341356674 6.603327e-01
49.4024574987 6.130795e-01
49.5707793301 6.442235e-01
49.7391011614 6.701530e-01
49.9074229928 6.324377e-01
50.0757448241 7.150727e-01
50.2440666554 0.000000e+00
50.4123884868 4.157817e-01
50.5807103181 7.747998e-01
50.7490321495 3.767037e-01
50.9173539808 4.822809e-01
51.0856758122 0.000000e+00
51.2539976435 7.770100e-01
51.4223194748 6.150495e-01
51.5906413062 4.459842e-01
51.7589631375 0.000000e+00
51.9272849689 4.956363e-01
52.0956068002 3.801442e-01
52.2639286315 6.666597e-01
52.4322504629 0.000000e+00
52.6005722942 0.000000e+00
52.7688941256 4.102349e-01
52.9372159569 0.000000e+00
53.1055377883 0.000000e+00
53.2738596196 0.000000e+00
53.4421814509 4.286465e-01
53.6105032823 0.000000e+00
53.7788251136 0.000000e+00
53.947146945 0.000000e+00
54.1154687763 0.000000e+00
54.2837906076 0.000000e+00
54.452112439 0.000000e+00
54.6204342703 0.000000e+00
54.7887561017 0.000000e+00
54.957077933 0.000000e+00
55.1253997643 0.000000e+00
55.2937215957 0.000000e+00
55.462043427 0.000000e+00
55.6303652584 0.000000e+00
55.7986870897 0.000000e+00
55.9670089211 0.000000e+00
56.1353307524 0.000000e+00
56.3036525837 0.000000e+00
56.4719744151 0.000000e+00
56.6402962464 0.000000e+00
56.8086180778 0.000000e+00
56.9769399091 0.000000e+00
57.1452617404 0.000000e+00
57.3135835718 0.000000e+00
57.4819054031 0.000000e+00
57.6502272345 0.000000e+00
57.8185490658 0.000000e+00
57.9868708972 0.000000e+00
58.1551927285 0.000000e+00
58.3235145598 0.000000e+00
58.4918363912 0.000000e+00
58.6601582225 0.000000e+00
58.8284800539 0.000000e+00
58.9968018852 0.000000e+00
59.1651237165 0.000000e+00
59.3334455479 0.000000e+00
59.5017673792 0.000000e+00
59.6700892106 0.000000e+00
59.8384110419 0.000000e+00
60.0067328733 0.000000e+00
60.1750547046 0.000000e+00
60.3433765359 0.000000e+00
60.5116983673 0.000000e+00
60.6800201986 0.000000e+00
60.84834203 0.000000e+00
61.0166638613 0.000000e+00
61.1849856926 0.000000e+00
61.353307524 0.000000e+00
61.5216293553 0.000000e+00
61.6899511867 0.000000e+00
61.858273018 0.000000e+00
62.0265948494 0.000000e+00
62.1949166807 0.000000e+00
62.363238512 0.000000e+00
62.5315603434 0.000000e+00
62.6998821747 0.000000e+00
62.8682040061 0.000000e+00
63.0365258374 0.000000e+00
63.2048476687 0.000000e+00
63.3731695001 0.000000e+00
63.5414913314 0.000000e+00
63.7098131628 0.000000e+00
63.8781349941 0.000000e+00
64.0464568255 0.000000e+00
64.2147786568 0.000000e+00
64.3831004881 0.000000e+00
64.5514223195 0.000000e+00
64.7197441508 0.000000e+00
64.8880659822 0.000000e+00
65.0563878135 0.000000e+00
65.2247096448 0.000000e+00
65.3930314762 0.000000e+00
65.5613533075 0.000000e+00
65.7296751389 0.000000e+00
65.8979969702 0.000000e+00
66.0663188015 0.000000e+00
66.2346406329 0.000000e+00
66.4029624642 0.000000e+00
66.5712842956 0.000000e+00
66.7396061269 0.000000e+00
66.9079279583 0.000000e+00
67.0762497896 0.000000e+00
67.2445716209 0.000000e+00
67.4128934523 0.000000e+00
67.5812152836 0.000000e+00
67.749537115 0.000000e+00
67.9178589463 0.000000e+00
68.0861807776 0.000000e+00
68.254502609 0.000000e+00
68.4228244403 0.000000e+00
68.5911462717 0.000000e+00
68.759468103 0.000000e+00
68.9277899344 0.000000e+00
69.0961117657 0.000000e+00
69.264433597 0.000000e+00
69.4327554284 0.000000e+00
69.6010772597 0.000000e+00
69.7693990911 0.000000e+00
69.9377209224 0.000000e+00
70.1060427537 0.000000e+00
70.2743645851 0.000000e+00
70.4426864164 0.000000e+00
70.6110082478 0.000000e+00
70.7793300791 0.000000e+00
70.9476519105 0.000000e+00
71.1159737418 0.000000e+00
91.1462716714 0.000000e+00
91.3145935028 0.000000e+00
91.4829153341 0.000000e+00
91.6512371655 0.000000e+00
91.8195589968 0.000000e+00
91.9878808281 0.000000e+00
92.1562026595 0.000000e+00
92.3245244908 0.000000e+00
92.4928463222 0.000000e+00
92.6611681535 0.000000e+00
92.8294899849 0.000000e+00
92.9978118162 0.000000e+00
93.1661336475 0.000000e+00
93.3344554789 0.000000e+00
93.5027773102 0.000000e+00
93.6710991416 0.000000e+00
93.8394209729 0.000000e+00
94.0077428042 0.000000e+00
94.1760646356 0.000000e+00
94.3443864669 0.000000e+00
94.5127082983 0.000000e+00
94.6810301296 0.000000e+00
94.8493519609 0.000000e+00
95.0176737923 0.000000e+00
95.1859956236 0.000000e+00
95.354317455 0.000000e+00
95.5226392863 0.000000e+00
95.6909611177 0.000000e+00
95.859282949 0.000000e+00
96.0276047803 0.000000e+00
96.1959266117 0.000000e+00
96.364248443 0.000000e+00
96.5325702744 0.000000e+00
96.7008921057 0.000000e+00
96.869213937 0.000000e+00
97.0375357684 0.000000e+00
97.2058575997 0.000000e+00
97.3741794311 0.000000e+00
97.5425012624 0.000000e+00
97.7108230938 0.000000e+00
97.8791449251 0.000000e+00
98.0474667564 0.000000e+00
98.2157885878 0.000000e+00
98.3841104191 0.000000e+00
98.5524322505 0.000000e+00
98.7207540818 0.000000e+00
98.8890759131 0.000000e+00
99.0573977445 0.000000e+00
99.2257195758 0.000000e+00
99.3940414072 0.000000e+00
99.5623632385 0.000000e+00
99.7306850699 0.000000e+00
99.8990069012 0.000000e+00
100.067328733 0.000000e+00
100.235650564 0.000000e+00
100.403972395 0.000000e+00
100.572294227 0.000000e+00
100.740616058 0.000000e+00
100.908937889 0.000000e+00
101.077259721 0.000000e+00
101.245581552 0.000000e+00
101.413903383 0.000000e+00
121.444201313 0.000000e+00
121.612523144 0.000000e+00
121.780844976 0.000000e+00
121.949166807 0.000000e+00
122.117488638 0.000000e+00
122.28581047 0.000000e+00
122.454132301 0.000000e+00
122.622454132 0.000000e+00
122.790775964 0.000000e+00
122.959097795 0.000000e+00
123.127419626 0.000000e+00
123.295741458 0.000000e+00
123.464063289 0.000000e+00
123.63238512 0.000000e+00
123.800706952 0.000000e+00
123.969028783 0.000000e+00
124.137350614 0.000000e+00
124.305672446 0.000000e+00
124.473994277 0.000000e+00
124.642316108 0.000000e+00
124.81063794 0.000000e+00
124.978959771 0.000000e+00
125.147281602 0.000000e+00
125.315603434 0.000000e+00
125.483925265 0.000000e+00
125.652247096 0.000000e+00
125.820568928 0.000000e+00
125.988890759 0.000000e+00
126.15721259 0.000000e+00
126.325534422 0.000000e+00
126.493856253 0.000000e+00
126.662178084 0.000000e+00
126.830499916 0.000000e+00
126.998821747 0.000000e+00
127.167143579 0.000000e+00
127.33546541 0.000000e+00
127.503787241 0.000000e+00
127.672109073 0.000000e+00
127.840430904 0.000000e+00
128.008752735 0.000000e+00
128.177074567 0.000000e+00
128.345396398 0.000000e+00
128.513718229 0.000000e+00
128.682040061 0.000000e+00
128.850361892 0.000000e+00
129.018683723 0.000000e+00
129.187005555 0.000000e+00
129.355327386 0.000000e+00
129.523649217 0.000000e+00
129.691971049 0.000000e+00
129.86029288 0.000000e+00
130.028614711 0.000000e+00
130.196936543 0.000000e+00
130.365258374 0.000000e+00
130.533580205 0.000000e+00
130.701902037 0.000000e+00
130.870223868 0.000000e+00
131.038545699 0.000000e+00
131.206867531 0.000000e+00
131.375189362 0.000000e+00
131.543511193 0.000000e+00
131.711833025 0.000000e+00
151.742130954 0.000000e+00
151.910452786 0.000000e+00
152.078774617 0.000000e+00
152.247096448 0.000000e+00
152.41541828 0.000000e+00
152.583740111 0.000000e+00
152.752061942 0.000000e+00
152.920383774 0.000000e+00
153.088705605 0.000000e+00
153.257027436 0.000000e+00
153.425349268 0.000000e+00
153.593671099 0.000000e+00
153.76199293 0.000000e+00
153.930314762 0.000000e+00
154.098636593 0.000000e+00
154.266958425 0.000000e+00
154.435280256 0.000000e+00
154.603602087 0.000000e+00
154.771923919 0.000000e+00
154.94024575 0.000000e+00
155.108567581 0.000000e+00
155.276889413 0.000000e+00
155.445211244 0.000000e+00
155.613533075 0.000000e+00
155.781854907 0.000000e+00
155.950176738 0.000000e+00
156.118498569 0.000000e+00
156.286820401 0.000000e+00
156.455142232 0.000000e+00
156.623464063 0.000000e+00
156.791785895 0.000000e+00
156.960107726 0.000000e+00
157.128429557 0.000000e+00
157.296751389 0.000000e+00
157.46507322 0.000000e+00
157.633395051 0.000000e+00
157.801716883 0.000000e+00
157.970038714 0.000000e+00
158.138360545 0.000000e+00
158.306682377 0.000000e+00
158.475004208 0.000000e+00
158.643326039 0.000000e+00
158.811647871 0.000000e+00
158.979969702 0.000000e+00
159.148291533 0.000000e+00
159.316613365 0.000000e+00
159.484935196 0.000000e+00
159.653257027 0.000000e+00
159.821578859 0.000000e+00
159.98990069 0.000000e+00
160.158222521 0.000000e+00
160.326544353 0.000000e+00
160.494866184 0.000000e+00
160.663188015 0.000000e+00
160.831509847 0.000000e+00
160.999831678 0.000000e+00
161.16815351 0.000000e+00
161.336475341 0.000000e+00
161.504797172 0.000000e+00
161.673119004 0.000000e+00
161.841440835 0.000000e+00
162.009762666 0.000000e+00
163.009762666 0.0
164.009762666 0.0
165.009762666 0.0
166.009762666 0.0
167.009762666 0.0
168.009762666 0.0
169.009762666 0.0
170.009762666 0.0
171.009762666 0.0
172.009762666 0.0
173.009762666 0.0
174.009762666 0.0
175.009762666 0.0
176.009762666 0.0
177.009762666 0.0
178.009762666 0.0
179.009762666 0.0
180.009762666 0.0
181.009762666 0.0
182.009762666 0.0
183.009762666 0.0
184.009762666 0.0
185.009762666 0.0
186.009762666 0.0
187.009762666 0.0
188.009762666 0.0
189.009762666 0.0
190.009762666 0.0
191.009762666 0.0
192.009762666 0.0
193.009762666 0.0
194.009762666 0.0
195.009762666 0.0
196.009762666 0.0
197.009762666 0.0
198.009762666 0.0
199.009762666 0.0
200.009762666 0.0
201.009762666 0.0
202.009762666 0.0
203.009762666 0.0
204.009762666 0.0
205.009762666 0.0
206.009762666 0.0
207.009762666 0.0
208.009762666 0.0
209.009762666 0.0
210.009762666 0.0
211.009762666 0.0
212.009762666 0.0
213.009762666 0.0
214.009762666 0.0
215.009762666 0.0
216.009762666 0.0
217.009762666 0.0
218.009762666 0.0
219.009762666 0.0
220.009762666 0.0
221.009762666 0.0
222.009762666 0.0
223.009762666 0.0
224.009762666 0.0
225.009762666 0.0
226.009762666 0.0
227.009762666 0.0
228.009762666 0.0
229.009762666 0.0
230.009762666 0.0
231.009762666 0.0
232.009762666 0.0
233.009762666 0.0
234.009762666 0.0
235.009762666 0.0
236.009762666 0.0
237.009762666 0.0
238.009762666 0.0
239.009762666 0.0
240.009762666 0.0
241.009762666 0.0
242.009762666 0.0
243.009762666 0.0
244.009762666 0.0
245.009762666 0.0
246.009762666 0.0
247.009762666 0.0
248.009762666 0.0
249.009762666 0.0
250.009762666 0.0
251.009762666 0.0
252.009762666 0.0
253.009762666 0.0
254.009762666 0.0
255.009762666 0.0
256.009762666 0.0
257.009762666 0.0
258.009762666 0.0
259.009762666 0.0
260.009762666 0.0
261.009762666 0.0
262.009762666 0.0
263.009762666 0.0
264.009762666 0.0
265.009762666 0.0
266.009762666 0.0
267.009762666 0.0
268.009762666 0.0
269.009762666 0.0
270.009762666 0.0
271.009762666 0.0
272.009762666 0.0
273.009762666 0.0
274.009762666 0.0
275.009762666 0.0
276.009762666 0.0
277.009762666 0.0
278.009762666 0.0
279.009762666 0.0
280.009762666 0.0
281.009762666 0.0
282.009762666 0.0
283.009762666 0.0
284.009762666 0.0
285.009762666 0.0
286.009762666 0.0
287.009762666 0.0
288.009762666 0.0
289.009762666 0.0
290.009762666 0.0
291.009762666 0.0
292.009762666 0.0
293.009762666 0.0
294.009762666 0.0
295.009762666 0.0
296.009762666 0.0
297.009762666 0.0
298.009762666 0.0
299.009762666 0.0
300.009762666 0.0
301.009762666 0.0
302.009762666 0.0
303.009762666 0.0
304.009762666 0.0
305.009762666 0.0
306.009762666 0.0
307.009762666 0.0
308.009762666 0.0
309.009762666 0.0
310.009762666 0.0
311.009762666 0.0
312.009762666 0.0
313.009762666 0.0
314.009762666 0.0
315.009762666 0.0
316.009762666 0.0
317.009762666 0.0
318.009762666 0.0
319.009762666 0.0
320.009762666 0.0
321.009762666 0.0
322.009762666 0.0
323.009762666 0.0
324.009762666 0.0
325.009762666 0.0
326.009762666 0.0
327.009762666 0.0
328.009762666 0.0
329.009762666 0.0
330.009762666 0.0
331.009762666 0.0
332.009762666 0.0
333.009762666 0.0
334.009762666 0.0
335.009762666 0.0
336.009762666 0.0
337.009762666 0.0
338.009762666 0.0
339.009762666 0.0
340.009762666 0.0
341.009762666 0.0
342.009762666 0.0
343.009762666 0.0
344.009762666 0.0
345.009762666 0.0
346.009762666 0.0
347.009762666 0.0
348.009762666 0.0
349.009762666 0.0
350.009762666 0.0
351.009762666 0.0
352.009762666 0.0
353.009762666 0.0
354.009762666 0.0
355.009762666 0.0
356.009762666 0.0
357.009762666 0.0
358.009762666 0.0
359.009762666 0.0
360.009762666 0.0
361.009762666 0.0
362.009762666 0.0
363.009762666 0.0
364.009762666 0.0
365.009762666 0.0
366.009762666 0.0
367.009762666 0.0
368.009762666 0.0
369.009762666 0.0
370.009762666 0.0
371.009762666 0.0
372.009762666 0.0
373.009762666 0.0
374.009762666 0.0
375.009762666 0.0
376.009762666 0.0
377.009762666 0.0
378.009762666 0.0
379.009762666 0.0
380.009762666 0.0
381.009762666 0.0
382.009762666 0.0
383.009762666 0.0
384.009762666 0.0
385.009762666 0.0
386.009762666 0.0
387.009762666 0.0
388.009762666 0.0
389.009762666 0.0
390.009762666 0.0
391.009762666 0.0
392.009762666 0.0
393.009762666 0.0
394.009762666 0.0
395.009762666 0.0
396.009762666 0.0
397.009762666 0.0
398.009762666 0.0
399.009762666 0.0
400.009762666 0.0
401.009762666 0.0
402.009762666 0.0
403.009762666 0.0
404.009762666 0.0
405.009762666 0.0
406.009762666 0.0
407.009762666 0.0
408.009762666 0.0
409.009762666 0.0
410.009762666 0.0
411.009762666 0.0
412.009762666 0.0
413.009762666 0.0
414.009762666 0.0
415.009762666 0.0
416.009762666 0.0
417.009762666 0.0
418.009762666 0.0
419.009762666 0.0
420.009762666 0.0
421.009762666 0.0
422.009762666 0.0
423.009762666 0.0
424.009762666 0.0
425.009762666 0.0
426.009762666 0.0
427.009762666 0.0
428.009762666 0.0
429.009762666 0.0
430.009762666 0.0
431.009762666 0.0
432.009762666 0.0
433.009762666 0.0
434.009762666 0.0
435.009762666 0.0
436.009762666 0.0
437.009762666 0.0
438.009762666 0.0
439.009762666 0.0
440.009762666 0.0
441.009762666 0.0
442.009762666 0.0
443.009762666 0.0
444.009762666 0.0
445.009762666 0.0
446.009762666 0.0
447.009762666 0.0
448.009762666 0.0
449.009762666 0.0
450.009762666 0.0
451.009762666 0.0
452.009762666 0.0
453.009762666 0.0
454.009762666 0.0
455.009762666 0.0
456.009762666 0.0
457.009762666 0.0
458.009762666 0.0
459.009762666 0.0
460.009762666 0.0
461.009762666 0.0
462.009762666 0.0
463.009762666 0.0
464.009762666 0.0
465.009762666 0.0
466.009762666 0.0
467.009762666 0.0
468.009762666 0.0
469.009762666 0.0
470.009762666 0.0
471.009762666 0.0
472.009762666 0.0
473.009762666 0.0
474.009762666 0.0
475.009762666 0.0
476.009762666 0.0
477.009762666 0.0
478.009762666 0.0
479.009762666 0.0
480.009762666 0.0
481.009762666 0.0
482.009762666 0.0
483.009762666 0.0
484.009762666 0.0
485.009762666 0.0
486.009762666 0.0
487.009762666 0.0
488.009762666 0.0
489.009762666 0.0
490.009762666 0.0
491.009762666 0.0
492.009762666 0.0
493.009762666 0.0
494.009762666 0.0
495.009762666 0.0
496.009762666 0.0
497.009762666 0.0
498.009762666 0.0
499.009762666 0.0
500.009762666 0.0
501.009762666 0.0
502.009762666 0.0
503.009762666 0.0
504.009762666 0.0
505.009762666 0.0
506.009762666 0.0
507.009762666 0.0
508.009762666 0.0
509.009762666 0.0
510.009762666 0.0
511.009762666 0.0
512.009762666 0.0
513.009762666 0.0
514.009762666 0.0
515.009762666 0.0
516.009762666 0.0
517.009762666 0.0
518.009762666 0.0
519.009762666 0.0
520.009762666 0.0
521.009762666 0.0
522.009762666 0.0
523.009762666 0.0
524.009762666 0.0
525.009762666 0.0
526.009762666 0.0
527.009762666 0.0
528.009762666 0.0
529.009762666 0.0
530.009762666 0.0
531.009762666 0.0
532.009762666 0.0
533.009762666 0.0
534.009762666 0.0
535.009762666 0.0
536.009762666 0.0
537.009762666 0.0
538.009762666 0.0
539.009762666 0.0
540.009762666 0.0
541.009762666 0.0
542.009762666 0.0
543.009762666 0.0
544.009762666 0.0
545.009762666 0.0
546.009762666 0.0
547.009762666 0.0
548.009762666 0.0
549.009762666 0.0
550.009762666 0.0
551.009762666 0.0
552.009762666 0.0
553.009762666 0.0
554.009762666 0.0
555.009762666 0.0
556.009762666 0.0
557.009762666 0.0
558.009762666 0.0
559.009762666 0.0
560.009762666 0.0
561.009762666 0.0
562.009762666 0.0
563.009762666 0.0
564.009762666 0.0
565.009762666 0.0
566.009762666 0.0
567.009762666 0.0
568.009762666 0.0
569.009762666 0.0
570.009762666 0.0
571.009762666 0.0
572.009762666 0.0
573.009762666 0.0
574.009762666 0.0
575.009762666 0.0
576.009762666 0.0
577.009762666 0.0
578.009762666 0.0
579.009762666 0.0
580.009762666 0.0
581.009762666 0.0
582.009762666 0.0
583.009762666 0.0
584.009762666 0.0
585.009762666 0.0
586.009762666 0.0
587.009762666 0.0
588.009762666 0.0
589.009762666 0.0
590.009762666 0.0
591.009762666 0.0
592.009762666 0.0
593.009762666 0.0
594.009762666 0.0
595.009762666 0.0
596.009762666 0.0
597.009762666 0.0
598.009762666 0.0
599.009762666 0.0
600.009762666 0.0
601.009762666 0.0
602.009762666 0.0
603.009762666 0.0
604.009762666 0.0
605.009762666 0.0
606.009762666 0.0
607.009762666 0.0
608.009762666 0.0
609.009762666 0.0
610.009762666 0.0
611.009762666 0.0
612.009762666 0.0
613.009762666 0.0
614.009762666 0.0
615.009762666 0.0
616.009762666 0.0
617.009762666 0.0
618.009762666 0.0
619.009762666 0.0
620.009762666 0.0
621.009762666 0.0
622.009762666 0.0
623.009762666 0.0
624.009762666 0.0
625.009762666 0.0
626.009762666 0.0
627.009762666 0.0
628.009762666 0.0
629.009762666 0.0
630.009762666 0.0
631.009762666 0.0
632.009762666 0.0
633.009762666 0.0
634.009762666 0.0
635.009762666 0.0
636.009762666 0.0
637.009762666 0.0
638.009762666 0.0
639.009762666 0.0
640.009762666 0.0
641.009762666 0.0
642.009762666 0.0
643.009762666 0.0
644.009762666 0.0
645.009762666 0.0
646.009762666 0.0
647.009762666 0.0
648.009762666 0.0
649.009762666 0.0
650.009762666 0.0
651.009762666 0.0
652.009762666 0.0
653.009762666 0.0
654.009762666 0.0
655.009762666 0.0
656.009762666 0.0
657.009762666 0.0
658.009762666 0.0
659.009762666 0.0
660.009762666 0.0
661.009762666 0.0
662.009762666 0.0
