-577.232258065 0.0
-576.232258065 0.0
-575.232258065 0.0
-574.232258065 0.0
-573.232258065 0.0
-572.232258065 0.0
-571.232258065 0.0
-570.232258065 0.0
-569.232258065 0.0
-568.232258065 0.0
-567.232258065 0.0
-566.232258065 0.0
-565.232258065 0.0
-564.232258065 0.0
-563.232258065 0.0
-562.232258065 0.0
-561.232258065 0.0
-560.232258065 0.0
-559.232258065 0.0
-558.232258065 0.0
-557.232258065 0.0
-556.232258065 0.0
-555.232258065 0.0
-554.232258065 0.0
-553.232258065 0.0
-552.232258065 0.0
-551.232258065 0.0
-550.232258065 0.0
-549.232258065 0.0
-548.232258065 0.0
-547.232258065 0.0
-546.232258065 0.0
-545.232258065 0.0
-544.232258065 0.0
-543.232258065 0.0
-542.232258065 0.0
-541.232258065 0.0
-540.232258065 0.0
-539.232258065 0.0
-538.232258065 0.0
-537.232258065 0.0
-536.232258065 0.0
-535.232258065 0.0
-534.232258065 0.0
-533.232258065 0.0
-532.232258065 0.0
-531.232258065 0.0
-530.232258065 0.0
-529.232258065 0.0
-528.232258065 0.0
-527.232258065 0.0
-526.232258065 0.0
-525.232258065 0.0
-524.232258065 0.0
-523.232258065 0.0
-522.232258065 0.0
-521.232258065 0.0
-520.232258065 0.0
-519.232258065 0.0
-518.232258065 0.0
-517.232258065 0.0
-516.232258065 0.0
-515.232258065 0.0
-514.232258065 0.0
-513.232258065 0.0
-512.232258065 0.0
-511.232258065 0.0
-510.232258065 0.0
-509.232258065 0.0
-508.232258065 0.0
-507.232258065 0.0
-506.232258065 0.0
-505.232258065 0.0
-504.232258065 0.0
-503.232258065 0.0
-502.232258065 0.0
-501.232258065 0.0
-500.232258065 0.0
-499.232258065 0.0
-498.232258065 0.0
-497.232258065 0.0
-496.232258065 0.0
-495.232258065 0.0
-494.232258065 0.0
-493.232258065 0.0
-492.232258065 0.0
-491.232258065 0.0
-490.232258065 0.0
-489.232258065 0.0
-488.232258065 0.0
-487.232258065 0.0
-486.232258065 0.0
-485.232258065 0.0
-484.232258065 0.0
-483.232258065 0.0
-482.232258065 0.0
-481.232258065 0.0
-480.232258065 0.0
-479.232258065 0.0
-478.232258065 0.0
-477.232258065 0.0
-476.232258065 0.0
-475.232258065 0.0
-474.232258065 0.0
-473.232258065 0.0
-472.232258065 0.0
-471.232258065 0.0
-470.232258065 0.0
-469.232258065 0.0
-468.232258065 0.0
-467.232258065 0.0
-466.232258065 0.0
-465.232258065 0.0
-464.232258065 0.0
-463.232258065 0.0
-462.232258065 0.0
-461.232258065 0.0
-460.232258065 0.0
-459.232258065 0.0
-458.232258065 0.0
-457.232258065 0.0
-456.232258065 0.0
-455.232258065 0.0
-454.232258065 0.0
-453.232258065 0.0
-452.232258065 0.0
-451.232258065 0.0
-450.232258065 0.0
-449.232258065 0.0
-448.232258065 0.0
-447.232258065 0.0
-446.232258065 0.0
-445.232258065 0.0
-444.232258065 0.0
-443.232258065 0.0
-442.232258065 0.0
-441.232258065 0.0
-440.232258065 0.0
-439.232258065 0.0
-438.232258065 0.0
-437.232258065 0.0
-436.232258065 0.0
-435.232258065 0.0
-434.232258065 0.0
-433.232258065 0.0
-432.232258065 0.0
-431.232258065 0.0
-430.232258065 0.0
-429.232258065 0.0
-428.232258065 0.0
-427.232258065 0.0
-426.232258065 0.0
-425.232258065 0.0
-424.232258065 0.0
-423.232258065 0.0
-422.232258065 0.0
-421.232258065 0.0
-420.232258065 0.0
-419.232258065 0.0
-418.232258065 0.0
-417.232258065 0.0
-416.232258065 0.0
-415.232258065 0.0
-414.232258065 0.0
-413.232258065 0.0
-412.232258065 0.0
-411.232258065 0.0
-410.232258065 0.0
-409.232258065 0.0
-408.232258065 0.0
-407.232258065 0.0
-406.232258065 0.0
-405.232258065 0.0
-404.232258065 0.0
-403.232258065 0.0
-402.232258065 0.0
-401.232258065 0.0
-400.232258065 0.0
-399.232258065 0.0
-398.232258065 0.0
-397.232258065 0.0
-396.232258065 0.0
-395.232258065 0.0
-394.232258065 0.0
-393.232258065 0.0
-392.232258065 0.0
-391.232258065 0.0
-390.232258065 0.0
-389.232258065 0.0
-388.232258065 0.0
-387.232258065 0.0
-386.232258065 0.0
-385.232258065 0.0
-384.232258065 0.0
-383.232258065 0.0
-382.232258065 0.0
-381.232258065 0.0
-380.232258065 0.0
-379.232258065 0.0
-378.232258065 0.0
-377.232258065 0.0
-376.232258065 0.0
-375.232258065 0.0
-374.232258065 0.0
-373.232258065 0.0
-372.232258065 0.0
-371.232258065 0.0
-370.232258065 0.0
-369.232258065 0.0
-368.232258065 0.0
-367.232258065 0.0
-366.232258065 0.0
-365.232258065 0.0
-364.232258065 0.0
-363.232258065 0.0
-362.232258065 0.0
-361.232258065 0.0
-360.232258065 0.0
-359.232258065 0.0
-358.232258065 0.0
-357.232258065 0.0
-356.232258065 0.0
-355.232258065 0.0
-354.232258065 0.0
-353.232258065 0.0
-352.232258065 0.0
-351.232258065 0.0
-350.232258065 0.0
-349.232258065 0.0
-348.232258065 0.0
-347.232258065 0.0
-346.232258065 0.0
-345.232258065 0.0
-344.232258065 0.0
-343.232258065 0.0
-342.232258065 0.0
-341.232258065 0.0
-340.232258065 0.0
-339.232258065 0.0
-338.232258065 0.0
-337.232258065 0.0
-336.232258065 0.0
-335.232258065 0.0
-334.232258065 0.0
-333.232258065 0.0
-332.232258065 0.0
-331.232258065 0.0
-330.232258065 0.0
-329.232258065 0.0
-328.232258065 0.0
-327.232258065 0.0
-326.232258065 0.0
-325.232258065 0.0
-324.232258065 0.0
-323.232258065 0.0
-322.232258065 0.0
-321.232258065 0.0
-320.232258065 0.0
-319.232258065 0.0
-318.232258065 0.0
-317.232258065 0.0
-316.232258065 0.0
-315.232258065 0.0
-314.232258065 0.0
-313.232258065 0.0
-312.232258065 0.0
-311.232258065 0.0
-310.232258065 0.0
-309.232258065 0.0
-308.232258065 0.0
-307.232258065 0.0
-306.232258065 0.0
-305.232258065 0.0
-304.232258065 0.0
-303.232258065 0.0
-302.232258065 0.0
-301.232258065 0.0
-300.232258065 0.0
-299.232258065 0.0
-298.232258065 0.0
-297.232258065 0.0
-296.232258065 0.0
-295.232258065 0.0
-294.232258065 0.0
-293.232258065 0.0
-292.232258065 0.0
-291.232258065 0.0
-290.232258065 0.0
-289.232258065 0.0
-288.232258065 0.0
-287.232258065 0.0
-286.232258065 0.0
-285.232258065 0.0
-284.232258065 0.0
-283.232258065 0.0
-282.232258065 0.0
-281.232258065 0.0
-280.232258065 0.0
-279.232258065 0.0
-278.232258065 0.0
-277.232258065 0.0
-276.232258065 0.0
-275.232258065 0.0
-274.232258065 0.0
-273.232258065 0.0
-272.232258065 0.0
-271.232258065 0.0
-270.232258065 0.0
-269.232258065 0.0
-268.232258065 0.0
-267.232258065 0.0
-266.232258065 0.0
-265.232258065 0.0
-264.232258065 0.0
-263.232258065 0.0
-262.232258065 0.0
-261.232258065 0.0
-260.232258065 0.0
-259.232258065 0.0
-258.232258065 0.0
-257.232258065 0.0
-256.232258065 0.0
-255.232258065 0.0
-254.232258065 0.0
-253.232258065 0.0
-252.232258065 0.0
-251.232258065 0.0
-250.232258065 0.0
-249.232258065 0.0
-248.232258065 0.0
-247.232258065 0.0
-246.232258065 0.0
-245.232258065 0.0
-244.232258065 0.0
-243.232258065 0.0
-242.232258065 0.0
-241.232258065 0.0
-240.232258065 0.0
-239.232258065 0.0
-238.232258065 0.0
-237.232258065 0.0
-236.232258065 0.0
-235.232258065 0.0
-234.232258065 0.0
-233.232258065 0.0
-232.232258065 0.0
-231.232258065 0.0
-230.232258065 0.0
-229.232258065 0.0
-228.232258065 0.0
-227.232258065 0.0
-226.232258065 0.0
-225.232258065 0.0
-224.232258065 0.0
-223.232258065 0.0
-222.232258065 0.0
-221.232258065 0.0
-220.232258065 0.0
-219.232258065 0.0
-218.232258065 0.0
-217.232258065 0.0
-216.232258065 0.0
-215.232258065 0.0
-214.232258065 0.0
-213.232258065 0.0
-212.232258065 0.0
-211.232258065 0.0
-210.232258065 0.0
-209.232258065 0.0
-208.232258065 0.0
-207.232258065 0.0
-206.232258065 0.0
-205.232258065 0.0
-204.232258065 0.0
-203.232258065 0.0
-202.232258065 0.0
-201.232258065 0.0
-200.232258065 0.0
-199.232258065 0.0
-198.232258065 0.0
-197.232258065 0.0
-196.232258065 0.0
-195.232258065 0.0
-194.232258065 0.0
-193.232258065 0.0
-192.232258065 0.0
-191.232258065 0.0
-190.232258065 0.0
-189.232258065 0.0
-188.232258065 0.0
-187.232258065 0.0
-186.232258065 0.0
-185.232258065 0.0
-184.232258065 0.0
-183.232258065 0.0
-182.232258065 0.0
-181.232258065 0.0
-180.232258065 0.0
-179.232258065 0.0
-178.232258065 0.0
-177.232258065 0.0
-176.232258065 0.0
-175.232258065 0.0
-174.232258065 0.0
-173.232258065 0.0
-172.232258065 0.0
-171.232258065 0.0
-170.232258065 0.0
-169.232258065 0.0
-168.232258065 0.0
-167.232258065 0.0
-166.232258065 0.0
-165.232258065 0.0
-164.232258065 0.0
-163.232258065 0.0
-162.232258065 0.0
-161.232258065 0.0
-160.232258065 0.0
-159.232258065 0.0
-158.232258065 0.0
-157.232258065 0.0
-156.232258065 0.0
-155.232258065 0.0
-154.232258065 0.0
-153.232258065 0.0
-152.232258065 0.0
-151.232258065 0.0
-150.232258065 0.0
-149.232258065 0.0
-148.232258065 0.0
-147.232258065 0.0
-146.232258065 0.0
-145.232258065 0.0
-144.232258065 0.0
-143.232258065 0.0
-142.232258065 0.0
-141.232258065 0.0
-140.232258065 0.0
-139.232258065 0.0
-138.232258065 0.0
-137.232258065 0.0
-136.232258065 0.0
-135.232258065 0.0
-134.232258065 0.0
-133.232258065 0.0
-132.232258065 0.0
-131.232258065 0.0
-130.232258065 0.0
-129.232258065 0.0
-128.232258065 0.0
-127.232258065 0.0
-126.232258065 0.0
-125.232258065 0.0
-124.232258065 0.0
-123.232258065 0.0
-122.232258065 0.0
-121.232258065 0.0
-120.232258065 0.0
-119.232258065 0.0
-118.232258065 0.0
-117.232258065 0.0
-116.232258065 0.0
-115.232258065 0.0
-114.232258065 0.0
-113.232258065 0.0
-112.232258065 0.0
-111.232258065 0.0
-110.232258065 0.0
-109.232258065 0.0
-108.232258065 0.0
-107.232258065 0.0
-106.232258065 0.0
-105.232258065 0.0
-104.232258065 0.0
-103.232258065 0.0
-102.232258065 0.0
-101.232258065 0.0
-100.232258065 0.0
-99.2322580645 0.0
-98.2322580645 0.0
-97.2322580645 0.0
-96.2322580645 0.0
-95.2322580645 0.0
-94.2322580645 0.0
-93.2322580645 0.0
-92.2322580645 0.0
-91.2322580645 0.0
-90.2322580645 0.0
-89.2322580645 0.0
-88.2322580645 0.0
-87.2322580645 0.0
-86.2322580645 0.0
-85.2322580645 0.0
-84.2322580645 0.0
-83.2322580645 0.0
-82.2322580645 0.0
-81.2322580645 0.0
-80.2322580645 0.0
-79.2322580645 0.0
-78.2322580645 0.0
-77.2322580645 0.000000e+00
-76.9096774194 0.000000e+00
-76.5870967742 0.000000e+00
-76.264516129 0.000000e+00
-75.9419354839 0.000000e+00
-75.6193548387 0.000000e+00
-75.2967741935 0.000000e+00
-74.9741935484 0.000000e+00
-74.6516129032 0.000000e+00
-74.3290322581 0.000000e+00
-74.0064516129 0.000000e+00
-73.6838709677 0.000000e+00
-73.3612903226 0.000000e+00
-73.0387096774 0.000000e+00
-72.7161290323 0.000000e+00
-72.3935483871 0.000000e+00
-72.0709677419 0.000000e+00
-71.7483870968 0.000000e+00
-71.4258064516 0.000000e+00
-71.1032258065 0.000000e+00
-70.7806451613 0.000000e+00
-70.4580645161 0.000000e+00
-70.135483871 0.000000e+00
-69.8129032258 0.000000e+00
-69.4903225806 0.000000e+00
-69.1677419355 0.000000e+00
-68.8451612903 0.000000e+00
-68.5225806452 0.000000e+00
-68.2 0.000000e+00
-67.8774193548 0.000000e+00
-67.5548387097 0.000000e+00
-67.2322580645 0.000000e+00
-66.9096774194 0.000000e+00
-66.5870967742 0.000000e+00
-66.264516129 0.000000e+00
-65.9419354839 0.000000e+00
-65.6193548387 0.000000e+00
-65.2967741935 0.000000e+00
-64.9741935484 0.000000e+00
-64.6516129032 0.000000e+00
-64.3290322581 0.000000e+00
-64.0064516129 0.000000e+00
-63.6838709677 0.000000e+00
-63.3612903226 0.000000e+00
-63.0387096774 0.000000e+00
-62.7161290323 0.000000e+00
-62.3935483871 0.000000e+00
-62.0709677419 0.000000e+00
-61.7483870968 0.000000e+00
-61.4258064516 0.000000e+00
-61.1032258065 0.000000e+00
-60.7806451613 0.000000e+00
-60.4580645161 0.000000e+00
-60.135483871 0.000000e+00
-59.8129032258 0.000000e+00
-59.4903225806 0.000000e+00
-59.1677419355 0.000000e+00
-58.8451612903 0.000000e+00
-58.5225806452 0.000000e+00
-58.2 0.000000e+00
-57.8774193548 0.000000e+00
-57.5548387097 0.000000e+00
-57.2322580645 0.000000e+00
-56.9096774194 0.000000e+00
-56.5870967742 0.000000e+00
-56.264516129 0.000000e+00
-55.9419354839 0.000000e+00
-55.6193548387 0.000000e+00
-55.2967741935 0.000000e+00
-54.9741935484 0.000000e+00
-54.6516129032 0.000000e+00
-54.3290322581 0.000000e+00
-54.0064516129 0.000000e+00
-53.6838709677 0.000000e+00
-53.3612903226 0.000000e+00
-53.0387096774 0.000000e+00
-52.7161290323 0.000000e+00
-52.3935483871 0.000000e+00
-52.0709677419 0.000000e+00
-51.7483870968 0.000000e+00
-51.4258064516 0.000000e+00
-51.1032258065 0.000000e+00
-50.7806451613 0.000000e+00
-50.4580645161 0.000000e+00
-50.135483871 0.000000e+00
-49.8129032258 0.000000e+00
-49.4903225806 0.000000e+00
-49.1677419355 0.000000e+00
-48.8451612903 0.000000e+00
-48.5225806452 0.000000e+00
-48.2 0.000000e+00
-47.8774193548 0.000000e+00
-47.5548387097 0.000000e+00
-47.2322580645 0.000000e+00
-46.9096774194 0.000000e+00
-46.5870967742 0.000000e+00
-46.264516129 0.000000e+00
-45.9419354839 0.000000e+00
-45.6193548387 0.000000e+00
-45.2967741935 0.000000e+00
-44.9741935484 0.000000e+00
-44.6516129032 0.000000e+00
-44.3290322581 0.000000e+00
-44.0064516129 0.000000e+00
-43.6838709677 0.000000e+00
-43.3612903226 0.000000e+00
-43.0387096774 0.000000e+00
-42.7161290323 0.000000e+00
-42.3935483871 0.000000e+00
-42.0709677419 0.000000e+00
-41.7483870968 0.000000e+00
-41.4258064516 0.000000e+00
-41.1032258065 0.000000e+00
-40.7806451613 0.000000e+00
-40.4580645161 0.000000e+00
-40.135483871 0.000000e+00
-39.8129032258 0.000000e+00
-39.4903225806 0.000000e+00
-39.1677419355 0.000000e+00
-38.8451612903 0.000000e+00
-38.5225806452 0.000000e+00
-38.2 0.000000e+00
-37.8774193548 0.000000e+00
-37.5548387097 0.000000e+00
-37.2322580645 0.000000e+00
-36.9096774194 0.000000e+00
-36.5870967742 0.000000e+00
-36.264516129 0.000000e+00
-35.9419354839 0.000000e+00
-35.6193548387 0.000000e+00
-35.2967741935 0.000000e+00
-34.9741935484 0.000000e+00
-34.6516129032 0.000000e+00
-34.3290322581 0.000000e+00
-34.0064516129 0.000000e+00
-33.6838709677 0.000000e+00
-33.3612903226 0.000000e+00
-33.0387096774 0.000000e+00
-32.7161290323 0.000000e+00
-32.3935483871 0.000000e+00
-32.0709677419 0.000000e+00
-31.7483870968 0.000000e+00
-31.4258064516 0.000000e+00
-31.1032258065 0.000000e+00
-30.7806451613 0.000000e+00
-30.4580645161 0.000000e+00
-30.135483871 0.000000e+00
-29.8129032258 0.000000e+00
-29.4903225806 0.000000e+00
-29.1677419355 0.000000e+00
-28.8451612903 0.000000e+00
-28.5225806452 0.000000e+00
-28.2 0.000000e+00
-27.8774193548 0.000000e+00
-27.5548387097 0.000000e+00
-27.2322580645 0.000000e+00
-26.9096774194 0.000000e+00
-26.5870967742 0.000000e+00
-26.264516129 0.000000e+00
-25.9419354839 0.000000e+00
-25.6193548387 0.000000e+00
-25.2967741935 0.000000e+00
-24.9741935484 0.000000e+00
-24.6516129032 0.000000e+00
-24.3290322581 0.000000e+00
-24.0064516129 0.000000e+00
-23.6838709677 0.000000e+00
-23.3612903226 0.000000e+00
-23.0387096774 0.000000e+00
-22.7161290323 0.000000e+00
-22.3935483871 0.000000e+00
-22.0709677419 0.000000e+00
-21.7483870968 0.000000e+00
-21.4258064516 0.000000e+00
-21.1032258065 0.000000e+00
-20.7806451613 0.000000e+00
-20.4580645161 0.000000e+00
-20.135483871 0.000000e+00
-19.8129032258 0.000000e+00
-19.4903225806 0.000000e+00
-19.1677419355 0.000000e+00
-18.8451612903 0.000000e+00
-18.5225806452 0.000000e+00
-18.2 0.000000e+00
-17.8774193548 0.000000e+00
-17.5548387097 0.000000e+00
-17.2322580645 0.000000e+00
-16.9096774194 0.000000e+00
-16.5870967742 0.000000e+00
-16.264516129 0.000000e+00
-15.9419354839 0.000000e+00
-15.6193548387 0.000000e+00
-15.2967741935 0.000000e+00
-14.9741935484 0.000000e+00
-14.6516129032 0.000000e+00
-14.3290322581 0.000000e+00
-14.0064516129 0.000000e+00
-13.6838709677 0.000000e+00
-13.3612903226 0.000000e+00
-13.0387096774 0.000000e+00
-12.7161290323 0.000000e+00
-12.3935483871 0.000000e+00
-12.0709677419 0.000000e+00
-11.7483870968 0.000000e+00
-11.4258064516 0.000000e+00
-11.1032258065 0.000000e+00
-10.7806451613 0.000000e+00
-10.4580645161 0.000000e+00
-10.135483871 0.000000e+00
-9.81290322581 0.000000e+00
-9.49032258065 0.000000e+00
-9.16774193548 0.000000e+00
-8.84516129032 0.000000e+00
-8.52258064516 0.000000e+00
-8.2 0.000000e+00
-7.87741935484 0.000000e+00
-7.55483870968 0.000000e+00
-7.23225806452 0.000000e+00
-6.90967741935 0.000000e+00
-6.58709677419 0.000000e+00
-6.26451612903 0.000000e+00
-5.94193548387 0.000000e+00
-5.61935483871 0.000000e+00
-5.29677419355 0.000000e+00
-4.97419354839 0.000000e+00
-4.65161290323 0.000000e+00
-4.32903225806 0.000000e+00
-4.0064516129 0.000000e+00
-3.68387096774 0.000000e+00
-3.36129032258 0.000000e+00
-3.03870967742 0.000000e+00
-2.71612903226 0.000000e+00
-2.3935483871 0.000000e+00
-2.07096774194 0.000000e+00
-1.74838709677 0.000000e+00
-1.42580645161 0.000000e+00
-1.10322580645 0.000000e+00
-0.78064516129 0.000000e+00
-0.458064516129 6.217635e-01
-0.135483870968 0.000000e+00
0.187096774194 8.511723e-01
0.509677419355 8.952202e-01
0.832258064516 8.966464e-01
1.15483870968 1.000000e+00
1.47741935484 8.284514e-01
1.8 0.000000e+00
2.12258064516 0.000000e+00
2.44516129032 0.000000e+00
2.76774193548 0.000000e+00
3.09032258065 0.000000e+00
3.41290322581 0.000000e+00
3.73548387097 0.000000e+00
4.05806451613 0.000000e+00
4.38064516129 0.000000e+00
4.70322580645 0.000000e+00
5.02580645161 0.000000e+00
5.34838709677 0.000000e+00
5.67096774194 0.000000e+00
5.9935483871 0.000000e+00
6.31612903226 0.000000e+00
6.63870967742 0.000000e+00
6.96129032258 0.000000e+00
7.28387096774 0.000000e+00
7.6064516129 0.000000e+00
7.92903225806 0.000000e+00
8.25161290323 0.000000e+00
8.57419354839 0.000000e+00
8.89677419355 0.000000e+00
9.21935483871 0.000000e+00
9.54193548387 0.000000e+00
9.86451612903 0.000000e+00
10.1870967742 0.000000e+00
10.5096774194 0.000000e+00
10.8322580645 0.000000e+00
11.1548387097 0.000000e+00
11.4774193548 0.000000e+00
11.8 0.000000e+00
12.1225806452 0.000000e+00
12.4451612903 0.000000e+00
12.7677419355 0.000000e+00
13.0903225806 0.000000e+00
13.4129032258 0.000000e+00
13.735483871 0.000000e+00
14.0580645161 0.000000e+00
14.3806451613 0.000000e+00
14.7032258065 0.000000e+00
15.0258064516 0.000000e+00
15.3483870968 0.000000e+00
15.6709677419 0.000000e+00
15.9935483871 0.000000e+00
16.3161290323 0.000000e+00
16.6387096774 0.000000e+00
16.9612903226 0.000000e+00
17.2838709677 0.000000e+00
17.6064516129 0.000000e+00
17.9290322581 0.000000e+00
18.2516129032 0.000000e+00
18.5741935484 0.000000e+00
18.8967741935 0.000000e+00
19.2193548387 0.000000e+00
19.5419354839 0.000000e+00
19.864516129 0.000000e+00
20.1870967742 0.000000e+00
20.5096774194 0.000000e+00
20.8322580645 0.000000e+00
21.1548387097 0.000000e+00
21.4774193548 0.000000e+00
21.8 0.000000e+00
22.1225806452 0.000000e+00
22.4451612903 0.000000e+00
22.7677419355 0.000000e+00
23.0903225806 0.000000e+00
23.4129032258 0.000000e+00
23.735483871 0.000000e+00
24.0580645161 0.000000e+00
24.3806451613 0.000000e+00
24.7032258065 0.000000e+00
25.0258064516 0.000000e+00
25.3483870968 0.000000e+00
25.6709677419 0.000000e+00
25.9935483871 0.000000e+00
26.3161290323 0.000000e+00
26.6387096774 0.000000e+00
26.9612903226 0.000000e+00
27.2838709677 0.000000e+00
27.6064516129 0.000000e+00
27.9290322581 0.000000e+00
28.2516129032 0.000000e+00
28.5741935484 0.000000e+00
28.8967741935 0.000000e+00
29.2193548387 0.000000e+00
29.5419354839 0.000000e+00
29.864516129 0.000000e+00
30.1870967742 0.000000e+00
30.5096774194 0.000000e+00
30.8322580645 0.000000e+00
31.1548387097 0.000000e+00
31.4774193548 0.000000e+00
31.8 0.000000e+00
32.1225806452 0.000000e+00
32.4451612903 0.000000e+00
32.7677419355 0.000000e+00
33.0903225806 0.000000e+00
33.4129032258 0.000000e+00
33.735483871 0.000000e+00
34.0580645161 0.000000e+00
34.3806451613 0.000000e+00
34.7032258065 0.000000e+00
35.0258064516 0.000000e+00
35.3483870968 0.000000e+00
35.6709677419 0.000000e+00
35.9935483871 0.000000e+00
36.3161290323 0.000000e+00
36.6387096774 0.000000e+00
36.9612903226 0.000000e+00
37.2838709677 0.000000e+00
37.6064516129 0.000000e+00
37.9290322581 0.000000e+00
38.2516129032 0.000000e+00
38.5741935484 0.000000e+00
38.8967741935 0.000000e+00
39.2193548387 0.000000e+00
39.5419354839 0.000000e+00
39.864516129 0.000000e+00
40.1870967742 0.000000e+00
40.5096774194 0.000000e+00
40.8322580645 0.000000e+00
41.1548387097 0.000000e+00
41.4774193548 0.000000e+00
41.8 0.000000e+00
42.1225806452 0.000000e+00
42.4451612903 0.000000e+00
42.7677419355 0.000000e+00
43.0903225806 0.000000e+00
43.4129032258 0.000000e+00
43.735483871 0.000000e+00
44.0580645161 0.000000e+00
44.3806451613 0.000000e+00
44.7032258065 0.000000e+00
45.0258064516 0.000000e+00
45.3483870968 0.000000e+00
45.6709677419 0.000000e+00
45.9935483871 0.000000e+00
46.3161290323 0.000000e+00
46.6387096774 0.000000e+00
46.9612903226 0.000000e+00
47.2838709677 0.000000e+00
47.6064516129 0.000000e+00
47.9290322581 0.000000e+00
48.2516129032 0.000000e+00
48.5741935484 0.000000e+00
48.8967741935 0.000000e+00
49.2193548387 0.000000e+00
49.5419354839 0.000000e+00
49.864516129 0.000000e+00
50.1870967742 0.000000e+00
50.5096774194 0.000000e+00
50.8322580645 0.000000e+00
51.1548387097 0.000000e+00
51.4774193548 0.000000e+00
51.8 0.000000e+00
52.1225806452 0.000000e+00
52.4451612903 0.000000e+00
52.7677419355 0.000000e+00
53.0903225806 0.000000e+00
53.4129032258 0.000000e+00
53.735483871 0.000000e+00
54.0580645161 0.000000e+00
54.3806451613 0.000000e+00
54.7032258065 0.000000e+00
55.0258064516 0.000000e+00
55.3483870968 0.000000e+00
55.6709677419 0.000000e+00
55.9935483871 0.000000e+00
56.3161290323 0.000000e+00
56.6387096774 0.000000e+00
56.9612903226 0.000000e+00
57.2838709677 0.000000e+00
57.6064516129 0.000000e+00
57.9290322581 0.000000e+00
58.2516129032 0.000000e+00
58.5741935484 0.000000e+00
58.8967741935 0.000000e+00
59.2193548387 0.000000e+00
59.5419354839 0.000000e+00
59.864516129 0.000000e+00
60.1870967742 0.000000e+00
60.5096774194 0.000000e+00
60.8322580645 0.000000e+00
61.1548387097 0.000000e+00
61.4774193548 0.000000e+00
61.8 0.000000e+00
62.1225806452 0.000000e+00
62.4451612903 0.000000e+00
62.7677419355 0.000000e+00
63.0903225806 0.000000e+00
63.4129032258 0.000000e+00
63.735483871 0.000000e+00
64.0580645161 0.000000e+00
64.3806451613 0.000000e+00
64.7032258065 0.000000e+00
65.0258064516 0.000000e+00
65.3483870968 0.000000e+00
65.6709677419 0.000000e+00
65.9935483871 0.000000e+00
66.3161290323 0.000000e+00
66.6387096774 0.000000e+00
66.9612903226 0.000000e+00
67.2838709677 0.000000e+00
67.6064516129 0.000000e+00
67.9290322581 0.000000e+00
68.2516129032 0.000000e+00
68.5741935484 0.000000e+00
68.8967741935 0.000000e+00
69.2193548387 0.000000e+00
69.5419354839 0.000000e+00
69.864516129 0.000000e+00
70.1870967742 0.000000e+00
70.5096774194 0.000000e+00
70.8322580645 0.000000e+00
71.1548387097 0.000000e+00
71.4774193548 0.000000e+00
71.8 0.000000e+00
72.1225806452 0.000000e+00
72.4451612903 0.000000e+00
72.7677419355 0.000000e+00
73.0903225806 0.000000e+00
73.4129032258 0.000000e+00
73.735483871 0.000000e+00
74.0580645161 0.000000e+00
74.3806451613 0.000000e+00
74.7032258065 0.000000e+00
75.0258064516 0.000000e+00
75.3483870968 0.000000e+00
75.6709677419 0.000000e+00
75.9935483871 0.000000e+00
76.3161290323 0.000000e+00
76.6387096774 0.000000e+00
76.9612903226 0.000000e+00
77.2838709677 0.000000e+00
77.6064516129 0.000000e+00
77.9290322581 0.000000e+00
78.2516129032 0.000000e+00
78.5741935484 0.000000e+00
78.8967741935 0.000000e+00
79.2193548387 0.000000e+00
79.5419354839 0.000000e+00
79.864516129 0.000000e+00
80.1870967742 0.000000e+00
80.5096774194 0.000000e+00
80.8322580645 0.000000e+00
81.1548387097 0.000000e+00
81.4774193548 0.000000e+00
81.8 0.000000e+00
82.1225806452 0.000000e+00
82.4451612903 0.000000e+00
82.7677419355 0.000000e+00
83.0903225806 0.000000e+00
83.4129032258 0.000000e+00
83.735483871 0.000000e+00
84.0580645161 0.000000e+00
84.3806451613 0.000000e+00
84.7032258065 0.000000e+00
85.0258064516 0.000000e+00
85.3483870968 0.000000e+00
85.6709677419 0.000000e+00
85.9935483871 0.000000e+00
86.3161290323 0.000000e+00
86.6387096774 0.000000e+00
86.9612903226 0.000000e+00
87.2838709677 0.000000e+00
87.6064516129 0.000000e+00
87.9290322581 0.000000e+00
88.2516129032 0.000000e+00
88.5741935484 0.000000e+00
88.8967741935 0.000000e+00
89.2193548387 0.000000e+00
89.5419354839 0.000000e+00
89.864516129 0.000000e+00
90.1870967742 0.000000e+00
90.5096774194 0.000000e+00
90.8322580645 0.000000e+00
91.1548387097 0.000000e+00
91.4774193548 0.000000e+00
91.8 0.000000e+00
92.1225806452 0.000000e+00
92.4451612903 0.000000e+00
92.7677419355 0.000000e+00
93.0903225806 0.000000e+00
93.4129032258 0.000000e+00
93.735483871 0.000000e+00
94.0580645161 0.000000e+00
94.3806451613 0.000000e+00
94.7032258065 0.000000e+00
95.0258064516 0.000000e+00
95.3483870968 0.000000e+00
95.6709677419 0.000000e+00
95.9935483871 0.000000e+00
96.3161290323 0.000000e+00
96.6387096774 0.000000e+00
96.9612903226 0.000000e+00
97.2838709677 0.000000e+00
97.6064516129 0.000000e+00
97.9290322581 0.000000e+00
98.2516129032 0.000000e+00
98.5741935484 0.000000e+00
98.8967741935 0.000000e+00
99.2193548387 0.000000e+00
99.5419354839 0.000000e+00
99.864516129 0.000000e+00
100.187096774 0.000000e+00
100.509677419 0.000000e+00
100.832258065 0.000000e+00
101.15483871 0.000000e+00
101.477419355 0.000000e+00
101.8 0.000000e+00
102.122580645 0.000000e+00
102.44516129 0.000000e+00
102.767741935 0.000000e+00
103.090322581 0.000000e+00
103.412903226 0.000000e+00
103.735483871 0.000000e+00
104.058064516 0.000000e+00
104.380645161 0.000000e+00
104.703225806 0.000000e+00
105.025806452 0.000000e+00
105.348387097 0.000000e+00
105.670967742 0.000000e+00
105.993548387 0.000000e+00
106.316129032 0.000000e+00
106.638709677 0.000000e+00
106.961290323 0.000000e+00
107.283870968 0.000000e+00
107.606451613 0.000000e+00
107.929032258 0.000000e+00
108.251612903 0.000000e+00
108.574193548 0.000000e+00
108.896774194 0.000000e+00
109.219354839 0.000000e+00
109.541935484 0.000000e+00
109.864516129 0.000000e+00
110.187096774 0.000000e+00
110.509677419 0.000000e+00
110.832258065 0.000000e+00
111.15483871 0.000000e+00
111.477419355 0.000000e+00
111.8 0.000000e+00
112.122580645 0.000000e+00
112.44516129 0.000000e+00
112.767741935 0.000000e+00
113.090322581 0.000000e+00
113.412903226 0.000000e+00
113.735483871 0.000000e+00
114.058064516 0.000000e+00
114.380645161 0.000000e+00
114.703225806 0.000000e+00
115.025806452 0.000000e+00
115.348387097 0.000000e+00
115.670967742 0.000000e+00
115.993548387 0.000000e+00
116.316129032 0.000000e+00
116.638709677 0.000000e+00
116.961290323 0.000000e+00
117.283870968 0.000000e+00
117.606451613 0.000000e+00
117.929032258 0.000000e+00
118.251612903 0.000000e+00
118.574193548 0.000000e+00
118.896774194 0.000000e+00
119.219354839 0.000000e+00
119.541935484 0.000000e+00
119.864516129 0.000000e+00
120.187096774 0.000000e+00
120.509677419 0.000000e+00
120.832258065 0.000000e+00
121.15483871 0.000000e+00
121.477419355 0.000000e+00
121.8 0.000000e+00
122.122580645 0.000000e+00
122.44516129 0.000000e+00
122.767741935 0.000000e+00
123.090322581 0.000000e+00
123.412903226 0.000000e+00
123.735483871 0.000000e+00
124.058064516 0.000000e+00
124.380645161 0.000000e+00
124.703225806 0.000000e+00
125.025806452 0.000000e+00
125.348387097 0.000000e+00
125.670967742 0.000000e+00
125.993548387 0.000000e+00
126.316129032 0.000000e+00
126.638709677 0.000000e+00
126.961290323 0.000000e+00
127.283870968 0.000000e+00
127.606451613 0.000000e+00
127.929032258 0.000000e+00
128.251612903 0.000000e+00
128.574193548 0.000000e+00
128.896774194 0.000000e+00
129.219354839 0.000000e+00
129.541935484 0.000000e+00
129.864516129 0.000000e+00
130.187096774 0.000000e+00
130.509677419 0.000000e+00
130.832258065 0.000000e+00
131.15483871 0.000000e+00
131.477419355 0.000000e+00
131.8 0.000000e+00
132.122580645 0.000000e+00
132.44516129 0.000000e+00
132.767741935 0.000000e+00
133.090322581 0.000000e+00
133.412903226 0.000000e+00
133.735483871 0.000000e+00
134.058064516 0.000000e+00
134.380645161 0.000000e+00
134.703225806 0.000000e+00
135.025806452 0.000000e+00
135.348387097 0.000000e+00
135.670967742 0.000000e+00
135.993548387 0.000000e+00
136.316129032 0.000000e+00
136.638709677 0.000000e+00
136.961290323 0.000000e+00
137.283870968 0.000000e+00
137.606451613 0.000000e+00
137.929032258 0.000000e+00
138.251612903 0.000000e+00
138.574193548 0.000000e+00
138.896774194 0.000000e+00
139.219354839 0.000000e+00
139.541935484 0.000000e+00
139.864516129 0.000000e+00
140.187096774 0.000000e+00
140.509677419 0.000000e+00
140.832258065 0.000000e+00
141.15483871 0.000000e+00
141.477419355 0.000000e+00
141.8 0.000000e+00
142.122580645 0.000000e+00
142.44516129 0.000000e+00
142.767741935 0.000000e+00
143.090322581 0.000000e+00
143.412903226 0.000000e+00
143.735483871 0.000000e+00
144.058064516 0.000000e+00
144.380645161 0.000000e+00
144.703225806 0.000000e+00
145.025806452 0.000000e+00
145.348387097 0.000000e+00
145.670967742 0.000000e+00
145.993548387 0.000000e+00
146.316129032 0.000000e+00
146.638709677 0.000000e+00
146.961290323 0.000000e+00
147.283870968 0.000000e+00
147.606451613 0.000000e+00
147.929032258 0.000000e+00
148.251612903 0.000000e+00
148.574193548 0.000000e+00
148.896774194 0.000000e+00
149.219354839 0.000000e+00
149.541935484 0.000000e+00
149.864516129 0.000000e+00
150.187096774 0.000000e+00
150.509677419 0.000000e+00
150.832258065 0.000000e+00
151.15483871 0.000000e+00
151.477419355 0.000000e+00
151.8 0.000000e+00
152.122580645 0.000000e+00
152.44516129 0.000000e+00
152.767741935 0.000000e+00
153.090322581 0.000000e+00
153.412903226 0.000000e+00
153.735483871 0.000000e+00
154.058064516 0.000000e+00
154.380645161 0.000000e+00
154.703225806 0.000000e+00
155.025806452 0.000000e+00
155.348387097 0.000000e+00
155.670967742 0.000000e+00
155.993548387 0.000000e+00
156.316129032 0.000000e+00
156.638709677 0.000000e+00
156.961290323 0.000000e+00
157.283870968 0.000000e+00
157.606451613 0.000000e+00
157.929032258 0.000000e+00
158.251612903 0.000000e+00
158.574193548 0.000000e+00
158.896774194 0.000000e+00
159.219354839 0.000000e+00
159.541935484 0.000000e+00
159.864516129 0.000000e+00
160.187096774 0.000000e+00
160.509677419 0.000000e+00
160.832258065 0.000000e+00
161.15483871 0.000000e+00
161.477419355 0.000000e+00
161.8 0.000000e+00
162.122580645 0.000000e+00
162.44516129 0.000000e+00
162.767741935 0.000000e+00
163.090322581 0.000000e+00
163.412903226 0.000000e+00
163.735483871 0.000000e+00
164.058064516 0.000000e+00
164.380645161 0.000000e+00
164.703225806 0.000000e+00
165.025806452 0.000000e+00
165.348387097 0.000000e+00
165.670967742 0.000000e+00
165.993548387 0.000000e+00
166.316129032 0.000000e+00
166.638709677 0.000000e+00
166.961290323 0.000000e+00
167.283870968 0.000000e+00
167.606451613 0.000000e+00
167.929032258 0.000000e+00
168.251612903 0.000000e+00
168.574193548 0.000000e+00
168.896774194 0.000000e+00
169.219354839 0.000000e+00
169.541935484 0.000000e+00
169.864516129 0.000000e+00
170.187096774 0.000000e+00
170.509677419 0.000000e+00
170.832258065 0.000000e+00
171.15483871 0.000000e+00
171.477419355 0.000000e+00
171.8 0.000000e+00
172.122580645 0.000000e+00
172.44516129 0.000000e+00
172.767741935 0.000000e+00
173.090322581 0.000000e+00
173.412903226 0.000000e+00
173.735483871 0.000000e+00
174.058064516 0.000000e+00
174.380645161 0.000000e+00
174.703225806 0.000000e+00
175.025806452 0.000000e+00
175.348387097 0.000000e+00
175.670967742 0.000000e+00
175.993548387 0.000000e+00
176.316129032 0.000000e+00
176.638709677 0.000000e+00
176.961290323 0.000000e+00
177.283870968 0.000000e+00
177.606451613 0.000000e+00
177.929032258 0.000000e+00
178.251612903 0.000000e+00
178.574193548 0.000000e+00
178.896774194 0.000000e+00
179.219354839 0.000000e+00
179.541935484 0.000000e+00
179.864516129 0.000000e+00
180.187096774 0.000000e+00
180.509677419 0.000000e+00
180.832258065 0.000000e+00
181.15483871 0.000000e+00
181.477419355 0.000000e+00
181.8 0.000000e+00
182.122580645 0.000000e+00
182.44516129 0.000000e+00
182.767741935 0.000000e+00
183.090322581 0.000000e+00
183.412903226 0.000000e+00
183.735483871 0.000000e+00
184.058064516 0.000000e+00
184.380645161 0.000000e+00
184.703225806 0.000000e+00
185.025806452 0.000000e+00
185.348387097 0.000000e+00
185.670967742 0.000000e+00
185.993548387 0.000000e+00
186.316129032 0.000000e+00
186.638709677 0.000000e+00
186.961290323 0.000000e+00
187.283870968 0.000000e+00
187.606451613 0.000000e+00
187.929032258 0.000000e+00
188.251612903 0.000000e+00
188.574193548 0.000000e+00
188.896774194 0.000000e+00
189.219354839 0.000000e+00
189.541935484 0.000000e+00
189.864516129 0.000000e+00
190.187096774 0.000000e+00
190.509677419 0.000000e+00
190.832258065 0.000000e+00
191.15483871 0.000000e+00
191.477419355 0.000000e+00
191.8 0.000000e+00
192.122580645 0.000000e+00
192.44516129 0.000000e+00
192.767741935 0.000000e+00
193.090322581 0.000000e+00
193.412903226 0.000000e+00
193.735483871 0.000000e+00
194.058064516 0.000000e+00
194.380645161 0.000000e+00
194.703225806 0.000000e+00
195.025806452 0.000000e+00
195.348387097 0.000000e+00
195.670967742 0.000000e+00
195.993548387 0.000000e+00
196.316129032 0.000000e+00
196.638709677 0.000000e+00
196.961290323 0.000000e+00
197.283870968 0.000000e+00
197.606451613 0.000000e+00
197.929032258 0.000000e+00
198.251612903 0.000000e+00
198.574193548 0.000000e+00
198.896774194 0.000000e+00
199.219354839 0.000000e+00
199.541935484 0.000000e+00
199.864516129 0.000000e+00
200.187096774 0.000000e+00
200.509677419 0.000000e+00
200.832258065 0.000000e+00
201.15483871 0.000000e+00
201.477419355 0.000000e+00
201.8 0.000000e+00
202.122580645 0.000000e+00
202.44516129 0.000000e+00
202.767741935 0.000000e+00
203.090322581 0.000000e+00
203.412903226 0.000000e+00
203.735483871 0.000000e+00
204.058064516 0.000000e+00
204.380645161 0.000000e+00
204.703225806 0.000000e+00
205.025806452 0.000000e+00
205.348387097 0.000000e+00
205.670967742 0.000000e+00
205.993548387 0.000000e+00
206.316129032 0.000000e+00
206.638709677 0.000000e+00
206.961290323 0.000000e+00
207.283870968 0.000000e+00
207.606451613 0.000000e+00
207.929032258 0.000000e+00
208.251612903 0.000000e+00
208.574193548 0.000000e+00
208.896774194 0.000000e+00
209.219354839 0.000000e+00
209.541935484 0.000000e+00
209.864516129 0.000000e+00
210.187096774 0.000000e+00
210.509677419 0.000000e+00
210.832258065 0.000000e+00
211.15483871 0.000000e+00
211.477419355 0.000000e+00
211.8 0.000000e+00
212.122580645 0.000000e+00
212.44516129 0.000000e+00
212.767741935 0.000000e+00
213.090322581 0.000000e+00
213.412903226 0.000000e+00
213.735483871 0.000000e+00
214.058064516 0.000000e+00
214.380645161 0.000000e+00
214.703225806 0.000000e+00
215.025806452 0.000000e+00
215.348387097 0.000000e+00
215.670967742 0.000000e+00
215.993548387 0.000000e+00
216.316129032 0.000000e+00
216.638709677 0.000000e+00
216.961290323 0.000000e+00
217.283870968 0.000000e+00
217.606451613 0.000000e+00
217.929032258 0.000000e+00
218.251612903 0.000000e+00
218.574193548 0.000000e+00
218.896774194 0.000000e+00
219.219354839 0.000000e+00
219.541935484 0.000000e+00
219.864516129 0.000000e+00
220.187096774 0.000000e+00
220.509677419 0.000000e+00
220.832258065 0.000000e+00
221.15483871 0.000000e+00
221.477419355 0.000000e+00
221.8 0.000000e+00
222.122580645 0.000000e+00
222.44516129 0.000000e+00
222.767741935 0.000000e+00
223.090322581 0.000000e+00
223.412903226 0.000000e+00
223.735483871 0.000000e+00
224.058064516 0.000000e+00
224.380645161 0.000000e+00
224.703225806 0.000000e+00
225.025806452 0.000000e+00
225.348387097 0.000000e+00
225.670967742 0.000000e+00
225.993548387 0.000000e+00
226.316129032 0.000000e+00
226.638709677 0.000000e+00
226.961290323 0.000000e+00
227.283870968 0.000000e+00
227.606451613 0.000000e+00
227.929032258 0.000000e+00
228.251612903 0.000000e+00
228.574193548 0.000000e+00
228.896774194 0.000000e+00
229.219354839 0.000000e+00
229.541935484 0.000000e+00
229.864516129 0.000000e+00
230.187096774 0.000000e+00
230.509677419 0.000000e+00
230.832258065 0.000000e+00
231.15483871 0.000000e+00
231.477419355 0.000000e+00
231.8 0.000000e+00
232.122580645 0.000000e+00
232.44516129 0.000000e+00
232.767741935 0.000000e+00
233.090322581 0.000000e+00
233.412903226 0.000000e+00
233.735483871 0.000000e+00
234.058064516 0.000000e+00
234.380645161 0.000000e+00
234.703225806 0.000000e+00
235.025806452 0.000000e+00
235.348387097 0.000000e+00
235.670967742 0.000000e+00
235.993548387 0.000000e+00
236.316129032 0.000000e+00
236.638709677 0.000000e+00
236.961290323 0.000000e+00
237.283870968 0.000000e+00
237.606451613 0.000000e+00
237.929032258 0.000000e+00
238.251612903 0.000000e+00
238.574193548 0.000000e+00
238.896774194 0.000000e+00
239.219354839 0.000000e+00
239.541935484 0.000000e+00
239.864516129 0.000000e+00
240.187096774 0.000000e+00
240.509677419 0.000000e+00
240.832258065 0.000000e+00
241.15483871 0.000000e+00
241.477419355 0.000000e+00
241.8 0.000000e+00
242.122580645 0.000000e+00
242.44516129 0.000000e+00
242.767741935 0.000000e+00
243.090322581 0.000000e+00
243.412903226 0.000000e+00
243.735483871 0.000000e+00
244.058064516 0.000000e+00
244.380645161 0.000000e+00
244.703225806 0.000000e+00
245.025806452 0.000000e+00
245.348387097 0.000000e+00
245.670967742 0.000000e+00
245.993548387 0.000000e+00
246.316129032 0.000000e+00
246.638709677 0.000000e+00
246.961290323 0.000000e+00
247.283870968 0.000000e+00
247.606451613 0.000000e+00
247.929032258 0.000000e+00
248.251612903 0.000000e+00
248.574193548 0.000000e+00
248.896774194 0.000000e+00
249.219354839 0.000000e+00
249.541935484 0.000000e+00
249.864516129 0.000000e+00
250.187096774 0.000000e+00
250.509677419 0.000000e+00
250.832258065 0.000000e+00
251.15483871 0.000000e+00
251.477419355 0.000000e+00
251.8 0.000000e+00
252.122580645 0.000000e+00
252.44516129 0.000000e+00
252.767741935 0.000000e+00
253.090322581 0.000000e+00
253.412903226 0.000000e+00
253.735483871 0.000000e+00
254.058064516 0.000000e+00
254.380645161 0.000000e+00
254.703225806 0.000000e+00
255.025806452 0.000000e+00
255.348387097 0.000000e+00
255.670967742 0.000000e+00
255.993548387 0.000000e+00
256.316129032 0.000000e+00
256.638709677 0.000000e+00
256.961290323 0.000000e+00
257.283870968 0.000000e+00
257.606451613 0.000000e+00
257.929032258 0.000000e+00
258.251612903 0.000000e+00
258.574193548 0.000000e+00
258.896774194 0.000000e+00
259.219354839 0.000000e+00
259.541935484 0.000000e+00
259.864516129 0.000000e+00
260.187096774 0.000000e+00
260.509677419 0.000000e+00
260.832258065 0.000000e+00
261.15483871 0.000000e+00
261.477419355 0.000000e+00
261.8 0.000000e+00
262.122580645 0.000000e+00
262.44516129 0.000000e+00
262.767741935 0.000000e+00
263.090322581 0.000000e+00
263.412903226 0.000000e+00
263.735483871 0.000000e+00
264.058064516 0.000000e+00
264.380645161 0.000000e+00
264.703225806 0.000000e+00
265.025806452 0.000000e+00
265.348387097 0.000000e+00
265.670967742 0.000000e+00
265.993548387 0.000000e+00
266.316129032 0.000000e+00
266.638709677 0.000000e+00
266.961290323 0.000000e+00
267.283870968 0.000000e+00
267.606451613 0.000000e+00
267.929032258 0.000000e+00
268.251612903 0.000000e+00
268.574193548 0.000000e+00
268.896774194 0.000000e+00
269.219354839 0.000000e+00
269.541935484 0.000000e+00
269.864516129 0.000000e+00
270.187096774 0.000000e+00
270.509677419 0.000000e+00
270.832258065 0.000000e+00
271.15483871 0.000000e+00
271.477419355 0.000000e+00
271.8 0.000000e+00
272.122580645 0.000000e+00
272.44516129 0.000000e+00
272.767741935 0.000000e+00
273.090322581 0.000000e+00
273.412903226 0.000000e+00
273.735483871 0.000000e+00
274.058064516 0.000000e+00
274.380645161 0.000000e+00
274.703225806 0.000000e+00
275.025806452 0.000000e+00
275.348387097 0.000000e+00
275.670967742 0.000000e+00
275.993548387 0.000000e+00
276.316129032 0.000000e+00
276.638709677 0.000000e+00
276.961290323 0.000000e+00
277.283870968 0.000000e+00
277.606451613 0.000000e+00
277.929032258 0.000000e+00
278.251612903 0.000000e+00
278.574193548 0.000000e+00
278.896774194 0.000000e+00
279.219354839 0.000000e+00
279.541935484 0.000000e+00
279.864516129 0.000000e+00
280.187096774 0.000000e+00
280.509677419 0.000000e+00
280.832258065 0.000000e+00
281.15483871 0.000000e+00
281.477419355 0.000000e+00
281.8 0.000000e+00
282.122580645 0.000000e+00
282.44516129 0.000000e+00
282.767741935 0.000000e+00
283.090322581 0.000000e+00
283.412903226 0.000000e+00
283.735483871 0.000000e+00
284.058064516 0.000000e+00
284.380645161 0.000000e+00
284.703225806 0.000000e+00
285.025806452 0.000000e+00
285.348387097 0.000000e+00
285.670967742 0.000000e+00
285.993548387 0.000000e+00
286.316129032 0.000000e+00
286.638709677 0.000000e+00
286.961290323 0.000000e+00
287.283870968 0.000000e+00
287.606451613 0.000000e+00
287.929032258 0.000000e+00
288.251612903 0.000000e+00
288.574193548 0.000000e+00
288.896774194 0.000000e+00
289.219354839 0.000000e+00
289.541935484 0.000000e+00
289.864516129 0.000000e+00
290.187096774 0.000000e+00
290.509677419 0.000000e+00
290.832258065 0.000000e+00
291.15483871 0.000000e+00
291.477419355 0.000000e+00
291.8 0.000000e+00
292.122580645 0.000000e+00
292.44516129 0.000000e+00
292.767741935 0.000000e+00
293.090322581 0.000000e+00
293.412903226 0.000000e+00
293.735483871 0.000000e+00
294.058064516 0.000000e+00
294.380645161 0.000000e+00
294.703225806 0.000000e+00
295.025806452 0.000000e+00
295.348387097 0.000000e+00
295.670967742 0.000000e+00
295.993548387 0.000000e+00
296.316129032 0.000000e+00
296.638709677 0.000000e+00
296.961290323 0.000000e+00
297.283870968 0.000000e+00
297.606451613 0.000000e+00
297.929032258 0.000000e+00
298.251612903 0.000000e+00
298.574193548 0.000000e+00
298.896774194 0.000000e+00
299.219354839 0.000000e+00
299.541935484 0.000000e+00
299.864516129 0.000000e+00
300.187096774 0.000000e+00
300.509677419 0.000000e+00
300.832258065 0.000000e+00
301.15483871 0.000000e+00
301.477419355 0.000000e+00
301.8 0.000000e+00
302.122580645 0.000000e+00
302.44516129 0.000000e+00
302.767741935 0.000000e+00
303.090322581 0.000000e+00
303.412903226 0.000000e+00
303.735483871 0.000000e+00
304.058064516 0.000000e+00
304.380645161 0.000000e+00
304.703225806 0.000000e+00
305.025806452 0.000000e+00
305.348387097 0.000000e+00
305.670967742 0.000000e+00
305.993548387 0.000000e+00
306.316129032 0.000000e+00
306.638709677 0.000000e+00
306.961290323 0.000000e+00
307.283870968 0.000000e+00
307.606451613 0.000000e+00
307.929032258 0.000000e+00
308.251612903 0.000000e+00
308.574193548 0.000000e+00
308.896774194 0.000000e+00
309.219354839 0.000000e+00
309.541935484 0.000000e+00
309.864516129 0.000000e+00
310.187096774 0.000000e+00
311.187096774 0.0
312.187096774 0.0
313.187096774 0.0
314.187096774 0.0
315.187096774 0.0
316.187096774 0.0
317.187096774 0.0
318.187096774 0.0
319.187096774 0.0
320.187096774 0.0
321.187096774 0.0
322.187096774 0.0
323.187096774 0.0
324.187096774 0.0
325.187096774 0.0
326.187096774 0.0
327.187096774 0.0
328.187096774 0.0
329.187096774 0.0
330.187096774 0.0
331.187096774 0.0
332.187096774 0.0
333.187096774 0.0
334.187096774 0.0
335.187096774 0.0
336.187096774 0.0
337.187096774 0.0
338.187096774 0.0
339.187096774 0.0
340.187096774 0.0
341.187096774 0.0
342.187096774 0.0
343.187096774 0.0
344.187096774 0.0
345.187096774 0.0
346.187096774 0.0
347.187096774 0.0
348.187096774 0.0
349.187096774 0.0
350.187096774 0.0
351.187096774 0.0
352.187096774 0.0
353.187096774 0.0
354.187096774 0.0
355.187096774 0.0
356.187096774 0.0
357.187096774 0.0
358.187096774 0.0
359.187096774 0.0
360.187096774 0.0
361.187096774 0.0
362.187096774 0.0
363.187096774 0.0
364.187096774 0.0
365.187096774 0.0
366.187096774 0.0
367.187096774 0.0
368.187096774 0.0
369.187096774 0.0
370.187096774 0.0
371.187096774 0.0
372.187096774 0.0
373.187096774 0.0
374.187096774 0.0
375.187096774 0.0
376.187096774 0.0
377.187096774 0.0
378.187096774 0.0
379.187096774 0.0
380.187096774 0.0
381.187096774 0.0
382.187096774 0.0
383.187096774 0.0
384.187096774 0.0
385.187096774 0.0
386.187096774 0.0
387.187096774 0.0
388.187096774 0.0
389.187096774 0.0
390.187096774 0.0
391.187096774 0.0
392.187096774 0.0
393.187096774 0.0
394.187096774 0.0
395.187096774 0.0
396.187096774 0.0
397.187096774 0.0
398.187096774 0.0
399.187096774 0.0
400.187096774 0.0
401.187096774 0.0
402.187096774 0.0
403.187096774 0.0
404.187096774 0.0
405.187096774 0.0
406.187096774 0.0
407.187096774 0.0
408.187096774 0.0
409.187096774 0.0
410.187096774 0.0
411.187096774 0.0
412.187096774 0.0
413.187096774 0.0
414.187096774 0.0
415.187096774 0.0
416.187096774 0.0
417.187096774 0.0
418.187096774 0.0
419.187096774 0.0
420.187096774 0.0
421.187096774 0.0
422.187096774 0.0
423.187096774 0.0
424.187096774 0.0
425.187096774 0.0
426.187096774 0.0
427.187096774 0.0
428.187096774 0.0
429.187096774 0.0
430.187096774 0.0
431.187096774 0.0
432.187096774 0.0
433.187096774 0.0
434.187096774 0.0
435.187096774 0.0
436.187096774 0.0
437.187096774 0.0
438.187096774 0.0
439.187096774 0.0
440.187096774 0.0
441.187096774 0.0
442.187096774 0.0
443.187096774 0.0
444.187096774 0.0
445.187096774 0.0
446.187096774 0.0
447.187096774 0.0
448.187096774 0.0
449.187096774 0.0
450.187096774 0.0
451.187096774 0.0
452.187096774 0.0
453.187096774 0.0
454.187096774 0.0
455.187096774 0.0
456.187096774 0.0
457.187096774 0.0
458.187096774 0.0
459.187096774 0.0
460.187096774 0.0
461.187096774 0.0
462.187096774 0.0
463.187096774 0.0
464.187096774 0.0
465.187096774 0.0
466.187096774 0.0
467.187096774 0.0
468.187096774 0.0
469.187096774 0.0
470.187096774 0.0
471.187096774 0.0
472.187096774 0.0
473.187096774 0.0
474.187096774 0.0
475.187096774 0.0
476.187096774 0.0
477.187096774 0.0
478.187096774 0.0
479.187096774 0.0
480.187096774 0.0
481.187096774 0.0
482.187096774 0.0
483.187096774 0.0
484.187096774 0.0
485.187096774 0.0
486.187096774 0.0
487.187096774 0.0
488.187096774 0.0
489.187096774 0.0
490.187096774 0.0
491.187096774 0.0
492.187096774 0.0
493.187096774 0.0
494.187096774 0.0
495.187096774 0.0
496.187096774 0.0
497.187096774 0.0
498.187096774 0.0
499.187096774 0.0
500.187096774 0.0
501.187096774 0.0
502.187096774 0.0
503.187096774 0.0
504.187096774 0.0
505.187096774 0.0
506.187096774 0.0
507.187096774 0.0
508.187096774 0.0
509.187096774 0.0
510.187096774 0.0
511.187096774 0.0
512.187096774 0.0
513.187096774 0.0
514.187096774 0.0
515.187096774 0.0
516.187096774 0.0
517.187096774 0.0
518.187096774 0.0
519.187096774 0.0
520.187096774 0.0
521.187096774 0.0
522.187096774 0.0
523.187096774 0.0
524.187096774 0.0
525.187096774 0.0
526.187096774 0.0
527.187096774 0.0
528.187096774 0.0
529.187096774 0.0
530.187096774 0.0
531.187096774 0.0
532.187096774 0.0
533.187096774 0.0
534.187096774 0.0
535.187096774 0.0
536.187096774 0.0
537.187096774 0.0
538.187096774 0.0
539.187096774 0.0
540.187096774 0.0
541.187096774 0.0
542.187096774 0.0
543.187096774 0.0
544.187096774 0.0
545.187096774 0.0
546.187096774 0.0
547.187096774 0.0
548.187096774 0.0
549.187096774 0.0
550.187096774 0.0
551.187096774 0.0
552.187096774 0.0
553.187096774 0.0
554.187096774 0.0
555.187096774 0.0
556.187096774 0.0
557.187096774 0.0
558.187096774 0.0
559.187096774 0.0
560.187096774 0.0
561.187096774 0.0
562.187096774 0.0
563.187096774 0.0
564.187096774 0.0
565.187096774 0.0
566.187096774 0.0
567.187096774 0.0
568.187096774 0.0
569.187096774 0.0
570.187096774 0.0
571.187096774 0.0
572.187096774 0.0
573.187096774 0.0
574.187096774 0.0
575.187096774 0.0
576.187096774 0.0
577.187096774 0.0
578.187096774 0.0
579.187096774 0.0
580.187096774 0.0
581.187096774 0.0
582.187096774 0.0
583.187096774 0.0
584.187096774 0.0
585.187096774 0.0
586.187096774 0.0
587.187096774 0.0
588.187096774 0.0
589.187096774 0.0
590.187096774 0.0
591.187096774 0.0
592.187096774 0.0
593.187096774 0.0
594.187096774 0.0
595.187096774 0.0
596.187096774 0.0
597.187096774 0.0
598.187096774 0.0
599.187096774 0.0
600.187096774 0.0
601.187096774 0.0
602.187096774 0.0
603.187096774 0.0
604.187096774 0.0
605.187096774 0.0
606.187096774 0.0
607.187096774 0.0
608.187096774 0.0
609.187096774 0.0
610.187096774 0.0
611.187096774 0.0
612.187096774 0.0
613.187096774 0.0
614.187096774 0.0
615.187096774 0.0
616.187096774 0.0
617.187096774 0.0
618.187096774 0.0
619.187096774 0.0
620.187096774 0.0
621.187096774 0.0
622.187096774 0.0
623.187096774 0.0
624.187096774 0.0
625.187096774 0.0
626.187096774 0.0
627.187096774 0.0
628.187096774 0.0
629.187096774 0.0
630.187096774 0.0
631.187096774 0.0
632.187096774 0.0
633.187096774 0.0
634.187096774 0.0
635.187096774 0.0
636.187096774 0.0
637.187096774 0.0
638.187096774 0.0
639.187096774 0.0
640.187096774 0.0
641.187096774 0.0
642.187096774 0.0
643.187096774 0.0
644.187096774 0.0
645.187096774 0.0
646.187096774 0.0
647.187096774 0.0
648.187096774 0.0
649.187096774 0.0
650.187096774 0.0
651.187096774 0.0
652.187096774 0.0
653.187096774 0.0
654.187096774 0.0
655.187096774 0.0
656.187096774 0.0
657.187096774 0.0
658.187096774 0.0
659.187096774 0.0
660.187096774 0.0
661.187096774 0.0
662.187096774 0.0
663.187096774 0.0
664.187096774 0.0
665.187096774 0.0
666.187096774 0.0
667.187096774 0.0
668.187096774 0.0
669.187096774 0.0
670.187096774 0.0
671.187096774 0.0
672.187096774 0.0
673.187096774 0.0
674.187096774 0.0
675.187096774 0.0
676.187096774 0.0
677.187096774 0.0
678.187096774 0.0
679.187096774 0.0
680.187096774 0.0
681.187096774 0.0
682.187096774 0.0
683.187096774 0.0
684.187096774 0.0
685.187096774 0.0
686.187096774 0.0
687.187096774 0.0
688.187096774 0.0
689.187096774 0.0
690.187096774 0.0
691.187096774 0.0
692.187096774 0.0
693.187096774 0.0
694.187096774 0.0
695.187096774 0.0
696.187096774 0.0
697.187096774 0.0
698.187096774 0.0
699.187096774 0.0
700.187096774 0.0
701.187096774 0.0
702.187096774 0.0
703.187096774 0.0
704.187096774 0.0
705.187096774 0.0
706.187096774 0.0
707.187096774 0.0
708.187096774 0.0
709.187096774 0.0
710.187096774 0.0
711.187096774 0.0
712.187096774 0.0
713.187096774 0.0
714.187096774 0.0
715.187096774 0.0
716.187096774 0.0
717.187096774 0.0
718.187096774 0.0
719.187096774 0.0
720.187096774 0.0
721.187096774 0.0
722.187096774 0.0
723.187096774 0.0
724.187096774 0.0
725.187096774 0.0
726.187096774 0.0
727.187096774 0.0
728.187096774 0.0
729.187096774 0.0
730.187096774 0.0
731.187096774 0.0
732.187096774 0.0
733.187096774 0.0
734.187096774 0.0
735.187096774 0.0
736.187096774 0.0
737.187096774 0.0
738.187096774 0.0
739.187096774 0.0
740.187096774 0.0
741.187096774 0.0
742.187096774 0.0
743.187096774 0.0
744.187096774 0.0
745.187096774 0.0
746.187096774 0.0
747.187096774 0.0
748.187096774 0.0
749.187096774 0.0
750.187096774 0.0
751.187096774 0.0
752.187096774 0.0
753.187096774 0.0
754.187096774 0.0
755.187096774 0.0
756.187096774 0.0
757.187096774 0.0
758.187096774 0.0
759.187096774 0.0
760.187096774 0.0
761.187096774 0.0
762.187096774 0.0
763.187096774 0.0
764.187096774 0.0
765.187096774 0.0
766.187096774 0.0
767.187096774 0.0
768.187096774 0.0
769.187096774 0.0
770.187096774 0.0
771.187096774 0.0
772.187096774 0.0
773.187096774 0.0
774.187096774 0.0
775.187096774 0.0
776.187096774 0.0
777.187096774 0.0
778.187096774 0.0
779.187096774 0.0
780.187096774 0.0
781.187096774 0.0
782.187096774 0.0
783.187096774 0.0
784.187096774 0.0
785.187096774 0.0
786.187096774 0.0
787.187096774 0.0
788.187096774 0.0
789.187096774 0.0
790.187096774 0.0
791.187096774 0.0
792.187096774 0.0
793.187096774 0.0
794.187096774 0.0
795.187096774 0.0
796.187096774 0.0
797.187096774 0.0
798.187096774 0.0
799.187096774 0.0
800.187096774 0.0
801.187096774 0.0
802.187096774 0.0
803.187096774 0.0
804.187096774 0.0
805.187096774 0.0
806.187096774 0.0
807.187096774 0.0
808.187096774 0.0
809.187096774 0.0
810.187096774 0.0
