-550.147915357 0.0
-549.147915357 0.0
-548.147915357 0.0
-547.147915357 0.0
-546.147915357 0.0
-545.147915357 0.0
-544.147915357 0.0
-543.147915357 0.0
-542.147915357 0.0
-541.147915357 0.0
-540.147915357 0.0
-539.147915357 0.0
-538.147915357 0.0
-537.147915357 0.0
-536.147915357 0.0
-535.147915357 0.0
-534.147915357 0.0
-533.147915357 0.0
-532.147915357 0.0
-531.147915357 0.0
-530.147915357 0.0
-529.147915357 0.0
-528.147915357 0.0
-527.147915357 0.0
-526.147915357 0.0
-525.147915357 0.0
-524.147915357 0.0
-523.147915357 0.0
-522.147915357 0.0
-521.147915357 0.0
-520.147915357 0.0
-519.147915357 0.0
-518.147915357 0.0
-517.147915357 0.0
-516.147915357 0.0
-515.147915357 0.0
-514.147915357 0.0
-513.147915357 0.0
-512.147915357 0.0
-511.147915357 0.0
-510.147915357 0.0
-509.147915357 0.0
-508.147915357 0.0
-507.147915357 0.0
-506.147915357 0.0
-505.147915357 0.0
-504.147915357 0.0
-503.147915357 0.0
-502.147915357 0.0
-501.147915357 0.0
-500.147915357 0.0
-499.147915357 0.0
-498.147915357 0.0
-497.147915357 0.0
-496.147915357 0.0
-495.147915357 0.0
-494.147915357 0.0
-493.147915357 0.0
-492.147915357 0.0
-491.147915357 0.0
-490.147915357 0.0
-489.147915357 0.0
-488.147915357 0.0
-487.147915357 0.0
-486.147915357 0.0
-485.147915357 0.0
-484.147915357 0.0
-483.147915357 0.0
-482.147915357 0.0
-481.147915357 0.0
-480.147915357 0.0
-479.147915357 0.0
-478.147915357 0.0
-477.147915357 0.0
-476.147915357 0.0
-475.147915357 0.0
-474.147915357 0.0
-473.147915357 0.0
-472.147915357 0.0
-471.147915357 0.0
-470.147915357 0.0
-469.147915357 0.0
-468.147915357 0.0
-467.147915357 0.0
-466.147915357 0.0
-465.147915357 0.0
-464.147915357 0.0
-463.147915357 0.0
-462.147915357 0.0
-461.147915357 0.0
-460.147915357 0.0
-459.147915357 0.0
-458.147915357 0.0
-457.147915357 0.0
-456.147915357 0.0
-455.147915357 0.0
-454.147915357 0.0
-453.147915357 0.0
-452.147915357 0.0
-451.147915357 0.0
-450.147915357 0.0
-449.147915357 0.0
-448.147915357 0.0
-447.147915357 0.0
-446.147915357 0.0
-445.147915357 0.0
-444.147915357 0.0
-443.147915357 0.0
-442.147915357 0.0
-441.147915357 0.0
-440.147915357 0.0
-439.147915357 0.0
-438.147915357 0.0
-437.147915357 0.0
-436.147915357 0.0
-435.147915357 0.0
-434.147915357 0.0
-433.147915357 0.0
-432.147915357 0.0
-431.147915357 0.0
-430.147915357 0.0
-429.147915357 0.0
-428.147915357 0.0
-427.147915357 0.0
-426.147915357 0.0
-425.147915357 0.0
-424.147915357 0.0
-423.147915357 0.0
-422.147915357 0.0
-421.147915357 0.0
-420.147915357 0.0
-419.147915357 0.0
-418.147915357 0.0
-417.147915357 0.0
-416.147915357 0.0
-415.147915357 0.0
-414.147915357 0.0
-413.147915357 0.0
-412.147915357 0.0
-411.147915357 0.0
-410.147915357 0.0
-409.147915357 0.0
-408.147915357 0.0
-407.147915357 0.0
-406.147915357 0.0
-405.147915357 0.0
-404.147915357 0.0
-403.147915357 0.0
-402.147915357 0.0
-401.147915357 0.0
-400.147915357 0.0
-399.147915357 0.0
-398.147915357 0.0
-397.147915357 0.0
-396.147915357 0.0
-395.147915357 0.0
-394.147915357 0.0
-393.147915357 0.0
-392.147915357 0.0
-391.147915357 0.0
-390.147915357 0.0
-389.147915357 0.0
-388.147915357 0.0
-387.147915357 0.0
-386.147915357 0.0
-385.147915357 0.0
-384.147915357 0.0
-383.147915357 0.0
-382.147915357 0.0
-381.147915357 0.0
-380.147915357 0.0
-379.147915357 0.0
-378.147915357 0.0
-377.147915357 0.0
-376.147915357 0.0
-375.147915357 0.0
-374.147915357 0.0
-373.147915357 0.0
-372.147915357 0.0
-371.147915357 0.0
-370.147915357 0.0
-369.147915357 0.0
-368.147915357 0.0
-367.147915357 0.0
-366.147915357 0.0
-365.147915357 0.0
-364.147915357 0.0
-363.147915357 0.0
-362.147915357 0.0
-361.147915357 0.0
-360.147915357 0.0
-359.147915357 0.0
-358.147915357 0.0
-357.147915357 0.0
-356.147915357 0.0
-355.147915357 0.0
-354.147915357 0.0
-353.147915357 0.0
-352.147915357 0.0
-351.147915357 0.0
-350.147915357 0.0
-349.147915357 0.0
-348.147915357 0.0
-347.147915357 0.0
-346.147915357 0.0
-345.147915357 0.0
-344.147915357 0.0
-343.147915357 0.0
-342.147915357 0.0
-341.147915357 0.0
-340.147915357 0.0
-339.147915357 0.0
-338.147915357 0.0
-337.147915357 0.0
-336.147915357 0.0
-335.147915357 0.0
-334.147915357 0.0
-333.147915357 0.0
-332.147915357 0.0
-331.147915357 0.0
-330.147915357 0.0
-329.147915357 0.0
-328.147915357 0.0
-327.147915357 0.0
-326.147915357 0.0
-325.147915357 0.0
-324.147915357 0.0
-323.147915357 0.0
-322.147915357 0.0
-321.147915357 0.0
-320.147915357 0.0
-319.147915357 0.0
-318.147915357 0.0
-317.147915357 0.0
-316.147915357 0.0
-315.147915357 0.0
-314.147915357 0.0
-313.147915357 0.0
-312.147915357 0.0
-311.147915357 0.0
-310.147915357 0.0
-309.147915357 0.0
-308.147915357 0.0
-307.147915357 0.0
-306.147915357 0.0
-305.147915357 0.0
-304.147915357 0.0
-303.147915357 0.0
-302.147915357 0.0
-301.147915357 0.0
-300.147915357 0.0
-299.147915357 0.0
-298.147915357 0.0
-297.147915357 0.0
-296.147915357 0.0
-295.147915357 0.0
-294.147915357 0.0
-293.147915357 0.0
-292.147915357 0.0
-291.147915357 0.0
-290.147915357 0.0
-289.147915357 0.0
-288.147915357 0.0
-287.147915357 0.0
-286.147915357 0.0
-285.147915357 0.0
-284.147915357 0.0
-283.147915357 0.0
-282.147915357 0.0
-281.147915357 0.0
-280.147915357 0.0
-279.147915357 0.0
-278.147915357 0.0
-277.147915357 0.0
-276.147915357 0.0
-275.147915357 0.0
-274.147915357 0.0
-273.147915357 0.0
-272.147915357 0.0
-271.147915357 0.0
-270.147915357 0.0
-269.147915357 0.0
-268.147915357 0.0
-267.147915357 0.0
-266.147915357 0.0
-265.147915357 0.0
-264.147915357 0.0
-263.147915357 0.0
-262.147915357 0.0
-261.147915357 0.0
-260.147915357 0.0
-259.147915357 0.0
-258.147915357 0.0
-257.147915357 0.0
-256.147915357 0.0
-255.147915357 0.0
-254.147915357 0.0
-253.147915357 0.0
-252.147915357 0.0
-251.147915357 0.0
-250.147915357 0.0
-249.147915357 0.0
-248.147915357 0.0
-247.147915357 0.0
-246.147915357 0.0
-245.147915357 0.0
-244.147915357 0.0
-243.147915357 0.0
-242.147915357 0.0
-241.147915357 0.0
-240.147915357 0.0
-239.147915357 0.0
-238.147915357 0.0
-237.147915357 0.0
-236.147915357 0.0
-235.147915357 0.0
-234.147915357 0.0
-233.147915357 0.0
-232.147915357 0.0
-231.147915357 0.0
-230.147915357 0.0
-229.147915357 0.0
-228.147915357 0.0
-227.147915357 0.0
-226.147915357 0.0
-225.147915357 0.0
-224.147915357 0.0
-223.147915357 0.0
-222.147915357 0.0
-221.147915357 0.0
-220.147915357 0.0
-219.147915357 0.0
-218.147915357 0.0
-217.147915357 0.0
-216.147915357 0.0
-215.147915357 0.0
-214.147915357 0.0
-213.147915357 0.0
-212.147915357 0.0
-211.147915357 0.0
-210.147915357 0.0
-209.147915357 0.0
-208.147915357 0.0
-207.147915357 0.0
-206.147915357 0.0
-205.147915357 0.0
-204.147915357 0.0
-203.147915357 0.0
-202.147915357 0.0
-201.147915357 0.0
-200.147915357 0.0
-199.147915357 0.0
-198.147915357 0.0
-197.147915357 0.0
-196.147915357 0.0
-195.147915357 0.0
-194.147915357 0.0
-193.147915357 0.0
-192.147915357 0.0
-191.147915357 0.0
-190.147915357 0.0
-189.147915357 0.0
-188.147915357 0.0
-187.147915357 0.0
-186.147915357 0.0
-185.147915357 0.0
-184.147915357 0.0
-183.147915357 0.0
-182.147915357 0.0
-181.147915357 0.0
-180.147915357 0.0
-179.147915357 0.0
-178.147915357 0.0
-177.147915357 0.0
-176.147915357 0.0
-175.147915357 0.0
-174.147915357 0.0
-173.147915357 0.0
-172.147915357 0.0
-171.147915357 0.0
-170.147915357 0.0
-169.147915357 0.0
-168.147915357 0.0
-167.147915357 0.0
-166.147915357 0.0
-165.147915357 0.0
-164.147915357 0.0
-163.147915357 0.0
-162.147915357 0.0
-161.147915357 0.0
-160.147915357 0.0
-159.147915357 0.0
-158.147915357 0.0
-157.147915357 0.0
-156.147915357 0.0
-155.147915357 0.0
-154.147915357 0.0
-153.147915357 0.0
-152.147915357 0.0
-151.147915357 0.0
-150.147915357 0.0
-149.147915357 0.0
-148.147915357 0.0
-147.147915357 0.0
-146.147915357 0.0
-145.147915357 0.0
-144.147915357 0.0
-143.147915357 0.0
-142.147915357 0.0
-141.147915357 0.0
-140.147915357 0.0
-139.147915357 0.0
-138.147915357 0.0
-137.147915357 0.0
-136.147915357 0.0
-135.147915357 0.0
-134.147915357 0.0
-133.147915357 0.0
-132.147915357 0.0
-131.147915357 0.0
-130.147915357 0.0
-129.147915357 0.0
-128.147915357 0.0
-127.147915357 0.0
-126.147915357 0.0
-125.147915357 0.0
-124.147915357 0.0
-123.147915357 0.0
-122.147915357 0.0
-121.147915357 0.0
-120.147915357 0.0
-119.147915357 0.0
-118.147915357 0.0
-117.147915357 0.0
-116.147915357 0.0
-115.147915357 0.0
-114.147915357 0.0
-113.147915357 0.0
-112.147915357 0.0
-111.147915357 0.0
-110.147915357 0.0
-109.147915357 0.0
-108.147915357 0.0
-107.147915357 0.0
-106.147915357 0.0
-105.147915357 0.0
-104.147915357 0.0
-103.147915357 0.0
-102.147915357 0.0
-101.147915357 0.0
-100.147915357 0.0
-99.1479153572 0.0
-98.1479153572 0.0
-97.1479153572 0.0
-96.1479153572 0.0
-95.1479153572 0.0
-94.1479153572 0.0
-93.1479153572 0.0
-92.1479153572 0.0
-91.1479153572 0.0
-90.1479153572 0.0
-89.1479153572 0.0
-88.1479153572 0.0
-87.1479153572 0.0
-86.1479153572 0.0
-85.1479153572 0.0
-84.1479153572 0.0
-83.1479153572 0.0
-82.1479153572 0.0
-81.1479153572 0.0
-80.1479153572 0.0
-79.1479153572 0.0
-78.1479153572 0.0
-77.1479153572 0.0
-76.1479153572 0.0
-75.1479153572 0.0
-74.1479153572 0.0
-73.1479153572 0.0
-72.1479153572 0.0
-71.1479153572 0.0
-70.1479153572 0.0
-69.1479153572 0.0
-68.1479153572 0.0
-67.1479153572 0.0
-66.1479153572 0.0
-65.1479153572 0.0
-64.1479153572 0.0
-63.1479153572 0.0
-62.1479153572 0.0
-61.1479153572 0.0
-60.1479153572 0.0
-59.1479153572 0.0
-58.1479153572 0.0
-57.1479153572 0.0
-56.1479153572 0.0
-55.1479153572 0.0
-54.1479153572 0.0
-53.1479153572 0.0
-52.1479153572 0.0
-51.1479153572 0.0
-50.1479153572 0.000000e+00
-49.9384035198 0.000000e+00
-49.7288916824 0.000000e+00
-49.519379845 0.000000e+00
-49.3098680075 0.000000e+00
-49.1003561701 0.000000e+00
-48.8908443327 0.000000e+00
-48.6813324953 0.000000e+00
-48.4718206579 0.000000e+00
-48.2623088204 0.000000e+00
-48.052796983 0.000000e+00
-47.8432851456 0.000000e+00
-47.6337733082 0.000000e+00
-47.4242614708 0.000000e+00
-47.2147496334 0.000000e+00
-47.0052377959 0.000000e+00
-46.7957259585 0.000000e+00
-46.5862141211 0.000000e+00
-46.3767022837 0.000000e+00
-46.1671904463 0.000000e+00
-45.9576786088 0.000000e+00
-45.7481667714 0.000000e+00
-45.538654934 0.000000e+00
-45.3291430966 0.000000e+00
-45.1196312592 0.000000e+00
-44.9101194217 0.000000e+00
-44.7006075843 0.000000e+00
-44.4910957469 0.000000e+00
-44.2815839095 0.000000e+00
-44.0720720721 0.000000e+00
-43.8625602347 0.000000e+00
-43.6530483972 0.000000e+00
-43.4435365598 0.000000e+00
-43.2340247224 0.000000e+00
-43.024512885 0.000000e+00
-42.8150010476 0.000000e+00
-42.6054892101 0.000000e+00
-42.3959773727 0.000000e+00
-42.1864655353 0.000000e+00
-41.9769536979 0.000000e+00
-41.7674418605 0.000000e+00
-41.557930023 0.000000e+00
-41.3484181856 0.000000e+00
-41.1389063482 0.000000e+00
-40.9293945108 0.000000e+00
-40.7198826734 0.000000e+00
-40.510370836 0.000000e+00
-40.3008589985 0.000000e+00
-40.0913471611 0.000000e+00
-39.8818353237 0.000000e+00
-39.6723234863 0.000000e+00
-39.4628116489 0.000000e+00
-39.2532998114 0.000000e+00
-39.043787974 0.000000e+00
-38.8342761366 0.000000e+00
-38.6247642992 0.000000e+00
-38.4152524618 0.000000e+00
-38.2057406243 0.000000e+00
-37.9962287869 0.000000e+00
-37.7867169495 0.000000e+00
-37.5772051121 0.000000e+00
-37.3676932747 0.000000e+00
-37.1581814373 0.000000e+00
-36.9486695998 0.000000e+00
-36.7391577624 0.000000e+00
-36.529645925 0.000000e+00
-36.3201340876 0.000000e+00
-36.1106222502 0.000000e+00
-35.9011104127 0.000000e+00
-35.6915985753 0.000000e+00
-35.4820867379 0.000000e+00
-35.2725749005 0.000000e+00
-35.0630630631 0.000000e+00
-34.8535512256 0.000000e+00
-34.6440393882 0.000000e+00
-34.4345275508 0.000000e+00
-34.2250157134 0.000000e+00
-34.015503876 0.000000e+00
-33.8059920386 0.000000e+00
-33.5964802011 0.000000e+00
-33.3869683637 0.000000e+00
-33.1774565263 0.000000e+00
-32.9679446889 0.000000e+00
-32.7584328515 0.000000e+00
-32.548921014 0.000000e+00
-32.3394091766 0.000000e+00
-32.1298973392 0.000000e+00
-31.9203855018 0.000000e+00
-31.7108736644 0.000000e+00
-31.5013618269 0.000000e+00
-31.2918499895 0.000000e+00
-31.0823381521 0.000000e+00
-30.8728263147 0.000000e+00
-30.6633144773 0.000000e+00
-30.4538026398 0.000000e+00
-30.2442908024 0.000000e+00
-30.034778965 0.000000e+00
-29.8252671276 0.000000e+00
-29.6157552902 0.000000e+00
-29.4062434528 0.000000e+00
-29.1967316153 0.000000e+00
-28.9872197779 0.000000e+00
-28.7777079405 0.000000e+00
-28.5681961031 0.000000e+00
-28.3586842657 0.000000e+00
-28.1491724282 0.000000e+00
-27.9396605908 0.000000e+00
-27.7301487534 0.000000e+00
-27.520636916 0.000000e+00
-27.3111250786 0.000000e+00
-27.1016132411 0.000000e+00
-26.8921014037 0.000000e+00
-26.6825895663 0.000000e+00
-26.4730777289 0.000000e+00
-26.2635658915 0.000000e+00
-26.0540540541 0.000000e+00
-25.8445422166 0.000000e+00
-25.6350303792 0.000000e+00
-25.4255185418 0.000000e+00
-25.2160067044 0.000000e+00
-25.006494867 0.000000e+00
-24.7969830295 0.000000e+00
-24.5874711921 0.000000e+00
-24.3779593547 0.000000e+00
-24.1684475173 0.000000e+00
-23.9589356799 0.000000e+00
-23.7494238424 0.000000e+00
-23.539912005 0.000000e+00
-23.3304001676 0.000000e+00
-23.1208883302 0.000000e+00
-22.9113764928 0.000000e+00
-22.7018646554 0.000000e+00
-22.4923528179 0.000000e+00
-22.2828409805 0.000000e+00
-22.0733291431 0.000000e+00
-21.8638173057 0.000000e+00
-21.6543054683 0.000000e+00
-21.4447936308 0.000000e+00
-21.2352817934 0.000000e+00
-21.025769956 0.000000e+00
-20.8162581186 0.000000e+00
-20.6067462812 0.000000e+00
-20.3972344437 0.000000e+00
-20.1877226063 0.000000e+00
-19.9782107689 0.000000e+00
-19.7686989315 0.000000e+00
-19.5591870941 0.000000e+00
-19.3496752567 0.000000e+00
-19.1401634192 0.000000e+00
-18.9306515818 0.000000e+00
-18.7211397444 0.000000e+00
-18.511627907 0.000000e+00
-18.3021160696 0.000000e+00
-18.0926042321 0.000000e+00
-17.8830923947 0.000000e+00
-17.6735805573 0.000000e+00
-17.4640687199 0.000000e+00
-17.2545568825 0.000000e+00
-17.045045045 0.000000e+00
-16.8355332076 0.000000e+00
-16.6260213702 0.000000e+00
-16.4165095328 0.000000e+00
-16.2069976954 0.000000e+00
-15.997485858 0.000000e+00
-15.7879740205 0.000000e+00
-15.5784621831 0.000000e+00
-15.3689503457 0.000000e+00
-15.1594385083 0.000000e+00
-14.9499266709 0.000000e+00
-14.7404148334 0.000000e+00
-14.530902996 0.000000e+00
-14.3213911586 0.000000e+00
-14.1118793212 0.000000e+00
-13.9023674838 0.000000e+00
-13.6928556463 6.106689e-01
-13.4833438089 0.000000e+00
-13.2738319715 0.000000e+00
-13.0643201341 0.000000e+00
-12.8548082967 0.000000e+00
-12.6452964592 0.000000e+00
-12.4357846218 0.000000e+00
-12.2262727844 0.000000e+00
-12.016760947 0.000000e+00
-11.8072491096 0.000000e+00
-11.5977372722 0.000000e+00
-11.3882254347 0.000000e+00
-11.1787135973 0.000000e+00
-10.9692017599 0.000000e+00
-10.7596899225 0.000000e+00
-10.5501780851 0.000000e+00
-10.3406662476 0.000000e+00
-10.1311544102 0.000000e+00
-9.92164257281 0.000000e+00
-9.71213073539 0.000000e+00
-9.50261889797 0.000000e+00
-9.29310706055 0.000000e+00
-9.08359522313 0.000000e+00
-8.87408338571 0.000000e+00
-8.66457154829 0.000000e+00
-8.45505971087 0.000000e+00
-8.24554787345 0.000000e+00
-8.03603603604 0.000000e+00
-7.82652419862 0.000000e+00
-7.6170123612 0.000000e+00
-7.40750052378 0.000000e+00
-7.19798868636 0.000000e+00
-6.98847684894 0.000000e+00
-6.77896501152 0.000000e+00
-6.5694531741 0.000000e+00
-6.35994133669 0.000000e+00
-6.15042949927 0.000000e+00
-5.94091766185 0.000000e+00
-5.73140582443 0.000000e+00
-5.52189398701 0.000000e+00
-5.31238214959 0.000000e+00
-5.10287031217 0.000000e+00
-4.89335847475 0.000000e+00
-4.68384663734 0.000000e+00
-4.47433479992 0.000000e+00
-4.2648229625 0.000000e+00
-4.05531112508 0.000000e+00
-3.84579928766 0.000000e+00
-3.63628745024 0.000000e+00
-3.42677561282 0.000000e+00
-3.2172637754 0.000000e+00
-3.00775193798 0.000000e+00
-2.79824010057 0.000000e+00
-2.58872826315 0.000000e+00
-2.37921642573 0.000000e+00
-2.16970458831 0.000000e+00
-1.96019275089 0.000000e+00
-1.75068091347 0.000000e+00
-1.54116907605 0.000000e+00
-1.33165723863 0.000000e+00
-1.12214540122 0.000000e+00
-0.912633563796 0.000000e+00
-0.703121726378 0.000000e+00
-0.493609888959 0.000000e+00
-0.28409805154 5.072127e-01
-0.0745862141211 6.500829e-01
0.134925623298 6.690359e-01
0.344437460717 7.710814e-01
0.553949298135 1.000000e+00
0.763461135554 7.588541e-01
0.972972972973 8.394920e-01
1.18248481039 5.835555e-01
1.39199664781 5.853051e-01
1.60150848523 9.741062e-01
1.81102032265 8.192947e-01
2.02053216007 5.563766e-01
2.23004399749 5.471703e-01
2.4395558349 6.071697e-01
2.64906767232 0.000000e+00
2.85857950974 4.542927e-01
3.06809134716 4.628169e-01
3.27760318458 0.000000e+00
3.487115022 0.000000e+00
3.69662685942 0.000000e+00
3.90613869684 0.000000e+00
4.11565053426 0.000000e+00
4.32516237167 0.000000e+00
4.53467420909 0.000000e+00
4.74418604651 0.000000e+00
4.95369788393 0.000000e+00
5.16320972135 0.000000e+00
5.37272155877 0.000000e+00
5.58223339619 0.000000e+00
5.79174523361 0.000000e+00
6.00125707102 0.000000e+00
6.21076890844 0.000000e+00
6.42028074586 0.000000e+00
6.62979258328 0.000000e+00
6.8393044207 0.000000e+00
7.04881625812 0.000000e+00
7.25832809554 4.736847e-01
7.46783993296 0.000000e+00
7.67735177038 0.000000e+00
7.88686360779 0.000000e+00
8.09637544521 0.000000e+00
8.30588728263 0.000000e+00
8.51539912005 0.000000e+00
8.72491095747 0.000000e+00
8.93442279489 0.000000e+00
9.14393463231 0.000000e+00
9.35344646973 0.000000e+00
9.56295830714 0.000000e+00
9.77247014456 0.000000e+00
9.98198198198 0.000000e+00
10.1914938194 0.000000e+00
10.4010056568 0.000000e+00
10.6105174942 0.000000e+00
10.8200293317 0.000000e+00
11.0295411691 0.000000e+00
11.2390530065 0.000000e+00
11.4485648439 0.000000e+00
11.6580766813 0.000000e+00
11.8675885188 0.000000e+00
12.0771003562 0.000000e+00
12.2866121936 0.000000e+00
12.496124031 0.000000e+00
12.7056358684 0.000000e+00
12.9151477058 0.000000e+00
13.1246595433 0.000000e+00
13.3341713807 0.000000e+00
13.5436832181 0.000000e+00
13.7531950555 0.000000e+00
13.9627068929 0.000000e+00
14.1722187304 0.000000e+00
14.3817305678 0.000000e+00
14.5912424052 0.000000e+00
14.8007542426 0.000000e+00
15.01026608 0.000000e+00
15.2197779175 0.000000e+00
15.4292897549 0.000000e+00
15.6388015923 0.000000e+00
15.8483134297 0.000000e+00
16.0578252671 0.000000e+00
16.2673371045 0.000000e+00
16.476848942 0.000000e+00
16.6863607794 0.000000e+00
16.8958726168 0.000000e+00
17.1053844542 0.000000e+00
17.3148962916 0.000000e+00
17.5244081291 0.000000e+00
17.7339199665 0.000000e+00
17.9434318039 0.000000e+00
18.1529436413 0.000000e+00
18.3624554787 0.000000e+00
18.5719673162 0.000000e+00
18.7814791536 0.000000e+00
18.990990991 0.000000e+00
19.2005028284 0.000000e+00
19.4100146658 0.000000e+00
19.6195265032 0.000000e+00
19.8290383407 0.000000e+00
20.0385501781 0.000000e+00
20.2480620155 0.000000e+00
20.4575738529 0.000000e+00
20.6670856903 0.000000e+00
20.8765975278 0.000000e+00
21.0861093652 0.000000e+00
21.2956212026 0.000000e+00
21.50513304 0.000000e+00
21.7146448774 0.000000e+00
21.9241567149 0.000000e+00
22.1336685523 0.000000e+00
22.3431803897 0.000000e+00
22.5526922271 0.000000e+00
22.7622040645 0.000000e+00
22.9717159019 0.000000e+00
23.1812277394 0.000000e+00
23.3907395768 0.000000e+00
23.6002514142 0.000000e+00
23.8097632516 0.000000e+00
24.019275089 0.000000e+00
24.2287869265 0.000000e+00
24.4382987639 0.000000e+00
24.6478106013 0.000000e+00
24.8573224387 0.000000e+00
25.0668342761 0.000000e+00
25.2763461136 0.000000e+00
25.485857951 0.000000e+00
25.6953697884 0.000000e+00
25.9048816258 0.000000e+00
26.1143934632 0.000000e+00
26.3239053006 0.000000e+00
26.5334171381 0.000000e+00
26.7429289755 0.000000e+00
26.9524408129 0.000000e+00
27.1619526503 0.000000e+00
27.3714644877 0.000000e+00
27.5809763252 0.000000e+00
27.7904881626 0.000000e+00
28.0 0.000000e+00
28.2095118374 0.000000e+00
28.4190236748 0.000000e+00
28.6285355123 0.000000e+00
28.8380473497 0.000000e+00
29.0475591871 0.000000e+00
29.2570710245 0.000000e+00
29.4665828619 0.000000e+00
29.6760946994 0.000000e+00
29.8856065368 0.000000e+00
30.0951183742 0.000000e+00
30.3046302116 0.000000e+00
30.514142049 0.000000e+00
30.7236538864 0.000000e+00
30.9331657239 0.000000e+00
31.1426775613 0.000000e+00
31.3521893987 0.000000e+00
31.5617012361 0.000000e+00
31.7712130735 0.000000e+00
31.980724911 0.000000e+00
32.1902367484 0.000000e+00
32.3997485858 0.000000e+00
32.6092604232 0.000000e+00
32.8187722606 0.000000e+00
33.0282840981 0.000000e+00
33.2377959355 0.000000e+00
33.4473077729 0.000000e+00
33.6568196103 0.000000e+00
33.8663314477 0.000000e+00
34.0758432851 0.000000e+00
34.2853551226 0.000000e+00
34.49486696 0.000000e+00
34.7043787974 0.000000e+00
34.9138906348 0.000000e+00
35.1234024722 0.000000e+00
35.3329143097 0.000000e+00
35.5424261471 0.000000e+00
35.7519379845 0.000000e+00
35.9614498219 0.000000e+00
36.1709616593 0.000000e+00
36.3804734968 0.000000e+00
36.5899853342 0.000000e+00
36.7994971716 0.000000e+00
37.009009009 0.000000e+00
37.2185208464 0.000000e+00
37.4280326838 0.000000e+00
37.6375445213 0.000000e+00
37.8470563587 0.000000e+00
38.0565681961 0.000000e+00
38.2660800335 0.000000e+00
38.4755918709 0.000000e+00
38.6851037084 0.000000e+00
38.8946155458 0.000000e+00
39.1041273832 0.000000e+00
39.3136392206 0.000000e+00
39.523151058 0.000000e+00
39.7326628955 0.000000e+00
39.9421747329 0.000000e+00
40.1516865703 0.000000e+00
40.3611984077 0.000000e+00
40.5707102451 0.000000e+00
40.7802220825 0.000000e+00
40.98973392 0.000000e+00
41.1992457574 0.000000e+00
41.4087575948 0.000000e+00
41.6182694322 0.000000e+00
41.8277812696 0.000000e+00
42.0372931071 0.000000e+00
42.2468049445 0.000000e+00
42.4563167819 0.000000e+00
42.6658286193 0.000000e+00
42.8753404567 0.000000e+00
43.0848522942 0.000000e+00
43.2943641316 0.000000e+00
43.503875969 0.000000e+00
43.7133878064 0.000000e+00
43.9228996438 0.000000e+00
44.1324114812 0.000000e+00
44.3419233187 0.000000e+00
44.5514351561 0.000000e+00
44.7609469935 0.000000e+00
44.9704588309 0.000000e+00
45.1799706683 0.000000e+00
45.3894825058 0.000000e+00
45.5989943432 0.000000e+00
45.8085061806 0.000000e+00
46.018018018 0.000000e+00
46.2275298554 0.000000e+00
46.4370416929 0.000000e+00
46.6465535303 0.000000e+00
46.8560653677 0.000000e+00
47.0655772051 0.000000e+00
47.2750890425 0.000000e+00
47.4846008799 0.000000e+00
47.6941127174 0.000000e+00
47.9036245548 0.000000e+00
48.1131363922 0.000000e+00
48.3226482296 0.000000e+00
48.532160067 0.000000e+00
48.7416719045 0.000000e+00
48.9511837419 0.000000e+00
49.1606955793 0.000000e+00
49.3702074167 0.000000e+00
49.5797192541 0.000000e+00
49.7892310916 0.000000e+00
49.998742929 0.000000e+00
50.2082547664 0.000000e+00
50.4177666038 0.000000e+00
50.6272784412 0.000000e+00
50.8367902787 0.000000e+00
51.0463021161 0.000000e+00
51.2558139535 0.000000e+00
51.4653257909 0.000000e+00
51.6748376283 0.000000e+00
51.8843494657 0.000000e+00
52.0938613032 0.000000e+00
52.3033731406 0.000000e+00
52.512884978 0.000000e+00
52.7223968154 0.000000e+00
52.9319086528 0.000000e+00
53.1414204903 0.000000e+00
53.3509323277 0.000000e+00
53.5604441651 0.000000e+00
53.7699560025 0.000000e+00
53.9794678399 0.000000e+00
54.1889796774 0.000000e+00
54.3984915148 0.000000e+00
54.6080033522 0.000000e+00
54.8175151896 0.000000e+00
55.027027027 0.000000e+00
55.2365388644 0.000000e+00
55.4460507019 0.000000e+00
55.6555625393 0.000000e+00
55.8650743767 0.000000e+00
56.0745862141 0.000000e+00
56.2840980515 0.000000e+00
56.493609889 0.000000e+00
56.7031217264 0.000000e+00
56.9126335638 0.000000e+00
57.1221454012 0.000000e+00
57.3316572386 0.000000e+00
57.5411690761 0.000000e+00
57.7506809135 0.000000e+00
57.9601927509 0.000000e+00
58.1697045883 0.000000e+00
58.3792164257 0.000000e+00
58.5887282631 0.000000e+00
58.7982401006 0.000000e+00
59.007751938 0.000000e+00
59.2172637754 0.000000e+00
59.4267756128 0.000000e+00
59.6362874502 0.000000e+00
59.8457992877 0.000000e+00
60.0553111251 0.000000e+00
60.2648229625 0.000000e+00
60.4743347999 0.000000e+00
60.6838466373 0.000000e+00
60.8933584748 0.000000e+00
61.1028703122 0.000000e+00
61.3123821496 0.000000e+00
61.521893987 0.000000e+00
61.7314058244 0.000000e+00
61.9409176618 0.000000e+00
62.1504294993 0.000000e+00
62.3599413367 0.000000e+00
62.5694531741 0.000000e+00
62.7789650115 0.000000e+00
62.9884768489 0.000000e+00
63.1979886864 0.000000e+00
63.4075005238 0.000000e+00
63.6170123612 0.000000e+00
63.8265241986 0.000000e+00
64.036036036 0.000000e+00
64.2455478735 0.000000e+00
64.4550597109 0.000000e+00
64.6645715483 0.000000e+00
64.8740833857 0.000000e+00
65.0835952231 0.000000e+00
65.2931070605 0.000000e+00
65.502618898 0.000000e+00
65.7121307354 0.000000e+00
65.9216425728 0.000000e+00
66.1311544102 0.000000e+00
66.3406662476 0.000000e+00
66.5501780851 0.000000e+00
66.7596899225 0.000000e+00
66.9692017599 0.000000e+00
67.1787135973 0.000000e+00
67.3882254347 0.000000e+00
67.5977372722 0.000000e+00
67.8072491096 0.000000e+00
68.016760947 0.000000e+00
68.2262727844 0.000000e+00
68.4357846218 0.000000e+00
68.6452964592 0.000000e+00
68.8548082967 0.000000e+00
69.0643201341 0.000000e+00
69.2738319715 0.000000e+00
69.4833438089 0.000000e+00
69.6928556463 0.000000e+00
69.9023674838 0.000000e+00
70.1118793212 0.000000e+00
70.3213911586 0.000000e+00
70.530902996 0.000000e+00
70.7404148334 0.000000e+00
70.9499266709 0.000000e+00
71.1594385083 0.000000e+00
71.3689503457 0.000000e+00
71.5784621831 0.000000e+00
71.7879740205 0.000000e+00
71.997485858 0.000000e+00
72.2069976954 0.000000e+00
72.4165095328 0.000000e+00
72.6260213702 0.000000e+00
72.8355332076 0.000000e+00
73.045045045 0.000000e+00
73.2545568825 0.000000e+00
73.4640687199 0.000000e+00
73.6735805573 0.000000e+00
73.8830923947 0.000000e+00
74.0926042321 0.000000e+00
74.3021160696 0.000000e+00
74.511627907 0.000000e+00
74.7211397444 0.000000e+00
74.9306515818 0.000000e+00
75.1401634192 0.000000e+00
75.3496752567 0.000000e+00
75.5591870941 0.000000e+00
75.7686989315 0.000000e+00
75.9782107689 0.000000e+00
76.1877226063 0.000000e+00
76.3972344437 0.000000e+00
76.6067462812 0.000000e+00
76.8162581186 0.000000e+00
77.025769956 0.000000e+00
77.2352817934 0.000000e+00
77.4447936308 0.000000e+00
77.6543054683 0.000000e+00
77.8638173057 0.000000e+00
78.0733291431 0.000000e+00
78.2828409805 0.000000e+00
78.4923528179 0.000000e+00
78.7018646554 0.000000e+00
78.9113764928 0.000000e+00
79.1208883302 0.000000e+00
79.3304001676 0.000000e+00
79.539912005 0.000000e+00
79.7494238424 0.000000e+00
79.9589356799 0.000000e+00
80.1684475173 0.000000e+00
80.3779593547 0.000000e+00
80.5874711921 0.000000e+00
80.7969830295 0.000000e+00
81.006494867 0.000000e+00
81.2160067044 0.000000e+00
81.4255185418 0.000000e+00
81.6350303792 0.000000e+00
81.8445422166 0.000000e+00
82.0540540541 0.000000e+00
82.2635658915 0.000000e+00
82.4730777289 0.000000e+00
82.6825895663 0.000000e+00
82.8921014037 0.000000e+00
83.1016132411 0.000000e+00
83.3111250786 0.000000e+00
83.520636916 0.000000e+00
83.7301487534 0.000000e+00
84.7301487534 0.0
85.7301487534 0.0
86.7301487534 0.0
87.7301487534 0.0
88.7301487534 0.0
89.7301487534 0.0
90.7301487534 0.0
91.7301487534 0.0
92.7301487534 0.0
93.7301487534 0.0
94.7301487534 0.0
95.7301487534 0.0
96.7301487534 0.0
97.7301487534 0.0
98.7301487534 0.0
99.7301487534 0.0
100.730148753 0.0
101.730148753 0.0
102.730148753 0.0
103.730148753 0.0
104.730148753 0.0
105.730148753 0.0
106.730148753 0.0
107.730148753 0.0
108.730148753 0.0
109.730148753 0.0
110.730148753 0.0
111.730148753 0.0
112.730148753 0.0
113.730148753 0.0
114.730148753 0.0
115.730148753 0.0
116.730148753 0.0
117.730148753 0.0
118.730148753 0.0
119.730148753 0.0
120.730148753 0.0
121.730148753 0.0
122.730148753 0.0
123.730148753 0.0
124.730148753 0.0
125.730148753 0.0
126.730148753 0.0
127.730148753 0.0
128.730148753 0.0
129.730148753 0.0
130.730148753 0.0
131.730148753 0.0
132.730148753 0.0
133.730148753 0.0
134.730148753 0.0
135.730148753 0.0
136.730148753 0.0
137.730148753 0.0
138.730148753 0.0
139.730148753 0.0
140.730148753 0.0
141.730148753 0.0
142.730148753 0.0
143.730148753 0.0
144.730148753 0.0
145.730148753 0.0
146.730148753 0.0
147.730148753 0.0
148.730148753 0.0
149.730148753 0.0
150.730148753 0.0
151.730148753 0.0
152.730148753 0.0
153.730148753 0.0
154.730148753 0.0
155.730148753 0.0
156.730148753 0.0
157.730148753 0.0
158.730148753 0.0
159.730148753 0.0
160.730148753 0.0
161.730148753 0.0
162.730148753 0.0
163.730148753 0.0
164.730148753 0.0
165.730148753 0.0
166.730148753 0.0
167.730148753 0.0
168.730148753 0.0
169.730148753 0.0
170.730148753 0.0
171.730148753 0.0
172.730148753 0.0
173.730148753 0.0
174.730148753 0.0
175.730148753 0.0
176.730148753 0.0
177.730148753 0.0
178.730148753 0.0
179.730148753 0.0
180.730148753 0.0
181.730148753 0.0
182.730148753 0.0
183.730148753 0.0
184.730148753 0.0
185.730148753 0.0
186.730148753 0.0
187.730148753 0.0
188.730148753 0.0
189.730148753 0.0
190.730148753 0.0
191.730148753 0.0
192.730148753 0.0
193.730148753 0.0
194.730148753 0.0
195.730148753 0.0
196.730148753 0.0
197.730148753 0.0
198.730148753 0.0
199.730148753 0.0
200.730148753 0.0
201.730148753 0.0
202.730148753 0.0
203.730148753 0.0
204.730148753 0.0
205.730148753 0.0
206.730148753 0.0
207.730148753 0.0
208.730148753 0.0
209.730148753 0.0
210.730148753 0.0
211.730148753 0.0
212.730148753 0.0
213.730148753 0.0
214.730148753 0.0
215.730148753 0.0
216.730148753 0.0
217.730148753 0.0
218.730148753 0.0
219.730148753 0.0
220.730148753 0.0
221.730148753 0.0
222.730148753 0.0
223.730148753 0.0
224.730148753 0.0
225.730148753 0.0
226.730148753 0.0
227.730148753 0.0
228.730148753 0.0
229.730148753 0.0
230.730148753 0.0
231.730148753 0.0
232.730148753 0.0
233.730148753 0.0
234.730148753 0.0
235.730148753 0.0
236.730148753 0.0
237.730148753 0.0
238.730148753 0.0
239.730148753 0.0
240.730148753 0.0
241.730148753 0.0
242.730148753 0.0
243.730148753 0.0
244.730148753 0.0
245.730148753 0.0
246.730148753 0.0
247.730148753 0.0
248.730148753 0.0
249.730148753 0.0
250.730148753 0.0
251.730148753 0.0
252.730148753 0.0
253.730148753 0.0
254.730148753 0.0
255.730148753 0.0
256.730148753 0.0
257.730148753 0.0
258.730148753 0.0
259.730148753 0.0
260.730148753 0.0
261.730148753 0.0
262.730148753 0.0
263.730148753 0.0
264.730148753 0.0
265.730148753 0.0
266.730148753 0.0
267.730148753 0.0
268.730148753 0.0
269.730148753 0.0
270.730148753 0.0
271.730148753 0.0
272.730148753 0.0
273.730148753 0.0
274.730148753 0.0
275.730148753 0.0
276.730148753 0.0
277.730148753 0.0
278.730148753 0.0
279.730148753 0.0
280.730148753 0.0
281.730148753 0.0
282.730148753 0.0
283.730148753 0.0
284.730148753 0.0
285.730148753 0.0
286.730148753 0.0
287.730148753 0.0
288.730148753 0.0
289.730148753 0.0
290.730148753 0.0
291.730148753 0.0
292.730148753 0.0
293.730148753 0.0
294.730148753 0.0
295.730148753 0.0
296.730148753 0.0
297.730148753 0.0
298.730148753 0.0
299.730148753 0.0
300.730148753 0.0
301.730148753 0.0
302.730148753 0.0
303.730148753 0.0
304.730148753 0.0
305.730148753 0.0
306.730148753 0.0
307.730148753 0.0
308.730148753 0.0
309.730148753 0.0
310.730148753 0.0
311.730148753 0.0
312.730148753 0.0
313.730148753 0.0
314.730148753 0.0
315.730148753 0.0
316.730148753 0.0
317.730148753 0.0
318.730148753 0.0
319.730148753 0.0
320.730148753 0.0
321.730148753 0.0
322.730148753 0.0
323.730148753 0.0
324.730148753 0.0
325.730148753 0.0
326.730148753 0.0
327.730148753 0.0
328.730148753 0.0
329.730148753 0.0
330.730148753 0.0
331.730148753 0.0
332.730148753 0.0
333.730148753 0.0
334.730148753 0.0
335.730148753 0.0
336.730148753 0.0
337.730148753 0.0
338.730148753 0.0
339.730148753 0.0
340.730148753 0.0
341.730148753 0.0
342.730148753 0.0
343.730148753 0.0
344.730148753 0.0
345.730148753 0.0
346.730148753 0.0
347.730148753 0.0
348.730148753 0.0
349.730148753 0.0
350.730148753 0.0
351.730148753 0.0
352.730148753 0.0
353.730148753 0.0
354.730148753 0.0
355.730148753 0.0
356.730148753 0.0
357.730148753 0.0
358.730148753 0.0
359.730148753 0.0
360.730148753 0.0
361.730148753 0.0
362.730148753 0.0
363.730148753 0.0
364.730148753 0.0
365.730148753 0.0
366.730148753 0.0
367.730148753 0.0
368.730148753 0.0
369.730148753 0.0
370.730148753 0.0
371.730148753 0.0
372.730148753 0.0
373.730148753 0.0
374.730148753 0.0
375.730148753 0.0
376.730148753 0.0
377.730148753 0.0
378.730148753 0.0
379.730148753 0.0
380.730148753 0.0
381.730148753 0.0
382.730148753 0.0
383.730148753 0.0
384.730148753 0.0
385.730148753 0.0
386.730148753 0.0
387.730148753 0.0
388.730148753 0.0
389.730148753 0.0
390.730148753 0.0
391.730148753 0.0
392.730148753 0.0
393.730148753 0.0
394.730148753 0.0
395.730148753 0.0
396.730148753 0.0
397.730148753 0.0
398.730148753 0.0
399.730148753 0.0
400.730148753 0.0
401.730148753 0.0
402.730148753 0.0
403.730148753 0.0
404.730148753 0.0
405.730148753 0.0
406.730148753 0.0
407.730148753 0.0
408.730148753 0.0
409.730148753 0.0
410.730148753 0.0
411.730148753 0.0
412.730148753 0.0
413.730148753 0.0
414.730148753 0.0
415.730148753 0.0
416.730148753 0.0
417.730148753 0.0
418.730148753 0.0
419.730148753 0.0
420.730148753 0.0
421.730148753 0.0
422.730148753 0.0
423.730148753 0.0
424.730148753 0.0
425.730148753 0.0
426.730148753 0.0
427.730148753 0.0
428.730148753 0.0
429.730148753 0.0
430.730148753 0.0
431.730148753 0.0
432.730148753 0.0
433.730148753 0.0
434.730148753 0.0
435.730148753 0.0
436.730148753 0.0
437.730148753 0.0
438.730148753 0.0
439.730148753 0.0
440.730148753 0.0
441.730148753 0.0
442.730148753 0.0
443.730148753 0.0
444.730148753 0.0
445.730148753 0.0
446.730148753 0.0
447.730148753 0.0
448.730148753 0.0
449.730148753 0.0
450.730148753 0.0
451.730148753 0.0
452.730148753 0.0
453.730148753 0.0
454.730148753 0.0
455.730148753 0.0
456.730148753 0.0
457.730148753 0.0
458.730148753 0.0
459.730148753 0.0
460.730148753 0.0
461.730148753 0.0
462.730148753 0.0
463.730148753 0.0
464.730148753 0.0
465.730148753 0.0
466.730148753 0.0
467.730148753 0.0
468.730148753 0.0
469.730148753 0.0
470.730148753 0.0
471.730148753 0.0
472.730148753 0.0
473.730148753 0.0
474.730148753 0.0
475.730148753 0.0
476.730148753 0.0
477.730148753 0.0
478.730148753 0.0
479.730148753 0.0
480.730148753 0.0
481.730148753 0.0
482.730148753 0.0
483.730148753 0.0
484.730148753 0.0
485.730148753 0.0
486.730148753 0.0
487.730148753 0.0
488.730148753 0.0
489.730148753 0.0
490.730148753 0.0
491.730148753 0.0
492.730148753 0.0
493.730148753 0.0
494.730148753 0.0
495.730148753 0.0
496.730148753 0.0
497.730148753 0.0
498.730148753 0.0
499.730148753 0.0
500.730148753 0.0
501.730148753 0.0
502.730148753 0.0
503.730148753 0.0
504.730148753 0.0
505.730148753 0.0
506.730148753 0.0
507.730148753 0.0
508.730148753 0.0
509.730148753 0.0
510.730148753 0.0
511.730148753 0.0
512.730148753 0.0
513.730148753 0.0
514.730148753 0.0
515.730148753 0.0
516.730148753 0.0
517.730148753 0.0
518.730148753 0.0
519.730148753 0.0
520.730148753 0.0
521.730148753 0.0
522.730148753 0.0
523.730148753 0.0
524.730148753 0.0
525.730148753 0.0
526.730148753 0.0
527.730148753 0.0
528.730148753 0.0
529.730148753 0.0
530.730148753 0.0
531.730148753 0.0
532.730148753 0.0
533.730148753 0.0
534.730148753 0.0
535.730148753 0.0
536.730148753 0.0
537.730148753 0.0
538.730148753 0.0
539.730148753 0.0
540.730148753 0.0
541.730148753 0.0
542.730148753 0.0
543.730148753 0.0
544.730148753 0.0
545.730148753 0.0
546.730148753 0.0
547.730148753 0.0
548.730148753 0.0
549.730148753 0.0
550.730148753 0.0
551.730148753 0.0
552.730148753 0.0
553.730148753 0.0
554.730148753 0.0
555.730148753 0.0
556.730148753 0.0
557.730148753 0.0
558.730148753 0.0
559.730148753 0.0
560.730148753 0.0
561.730148753 0.0
562.730148753 0.0
563.730148753 0.0
564.730148753 0.0
565.730148753 0.0
566.730148753 0.0
567.730148753 0.0
568.730148753 0.0
569.730148753 0.0
570.730148753 0.0
571.730148753 0.0
572.730148753 0.0
573.730148753 0.0
574.730148753 0.0
575.730148753 0.0
576.730148753 0.0
577.730148753 0.0
578.730148753 0.0
579.730148753 0.0
580.730148753 0.0
581.730148753 0.0
582.730148753 0.0
583.730148753 0.0
