-656.711379586 0.000000e+00
-655.82304344 0.000000e+00
-654.934707293 0.000000e+00
-654.046371147 0.000000e+00
-653.158035 0.000000e+00
-652.269698854 0.000000e+00
-651.381362708 0.000000e+00
-650.493026561 0.000000e+00
-649.604690415 0.000000e+00
-648.716354268 0.000000e+00
-647.828018122 0.000000e+00
-646.939681976 0.000000e+00
-646.051345829 0.000000e+00
-645.163009683 0.000000e+00
-644.274673536 0.000000e+00
-643.38633739 0.000000e+00
-642.498001244 0.000000e+00
-641.609665097 0.000000e+00
-640.721328951 0.000000e+00
-639.832992804 0.000000e+00
-638.944656658 0.000000e+00
-638.056320512 0.000000e+00
-637.167984365 0.000000e+00
-636.279648219 0.000000e+00
-635.391312072 0.000000e+00
-634.502975926 0.000000e+00
-633.61463978 0.000000e+00
-632.726303633 0.000000e+00
-631.837967487 0.000000e+00
-630.94963134 0.000000e+00
-630.061295194 0.000000e+00
-629.172959048 0.000000e+00
-628.284622901 0.000000e+00
-627.396286755 0.000000e+00
-626.507950609 0.000000e+00
-625.619614462 0.000000e+00
-624.731278316 0.000000e+00
-623.842942169 0.000000e+00
-622.954606023 0.000000e+00
-622.066269877 0.000000e+00
-621.17793373 0.000000e+00
-620.289597584 0.000000e+00
-619.401261437 0.000000e+00
-618.512925291 0.000000e+00
-617.624589145 0.000000e+00
-616.736252998 0.000000e+00
-615.847916852 0.000000e+00
-614.959580705 0.000000e+00
-614.071244559 0.000000e+00
-613.182908413 0.000000e+00
-612.294572266 0.000000e+00
-611.40623612 0.000000e+00
-610.517899973 0.000000e+00
-609.629563827 0.000000e+00
-608.741227681 0.000000e+00
-607.852891534 0.000000e+00
-606.964555388 0.000000e+00
-606.076219241 0.000000e+00
-605.187883095 0.000000e+00
-604.299546949 0.000000e+00
-603.411210802 0.000000e+00
-602.522874656 0.000000e+00
-601.634538509 0.000000e+00
-600.746202363 0.000000e+00
-599.857866217 0.000000e+00
-598.96953007 0.000000e+00
-598.081193924 0.000000e+00
-597.192857777 0.000000e+00
-596.304521631 0.000000e+00
-595.416185485 0.000000e+00
-594.527849338 0.000000e+00
-593.639513192 0.000000e+00
-592.751177045 0.000000e+00
-591.862840899 0.000000e+00
-590.974504753 0.000000e+00
-590.086168606 0.000000e+00
-589.19783246 0.000000e+00
-588.309496313 0.000000e+00
-587.421160167 0.000000e+00
-586.532824021 0.000000e+00
-585.644487874 0.000000e+00
-584.756151728 0.000000e+00
-583.867815581 0.000000e+00
-582.979479435 0.000000e+00
-582.091143289 0.000000e+00
-581.202807142 0.000000e+00
-580.314470996 0.000000e+00
-579.426134849 0.000000e+00
-578.537798703 0.000000e+00
-577.649462557 0.000000e+00
-576.76112641 0.000000e+00
-575.872790264 0.000000e+00
-574.984454117 0.000000e+00
-574.096117971 0.000000e+00
-573.207781825 0.000000e+00
-572.319445678 0.000000e+00
-571.431109532 0.000000e+00
-570.542773385 0.000000e+00
-569.654437239 0.000000e+00
-568.766101093 0.000000e+00
-567.877764946 0.000000e+00
-566.9894288 0.000000e+00
-566.101092653 0.000000e+00
-565.212756507 0.000000e+00
-564.324420361 0.000000e+00
-563.436084214 0.000000e+00
-562.547748068 0.000000e+00
-561.659411921 0.000000e+00
-560.771075775 0.000000e+00
-559.882739629 0.000000e+00
-558.994403482 0.000000e+00
-558.106067336 0.000000e+00
-557.217731189 0.000000e+00
-556.329395043 0.000000e+00
-555.441058897 0.000000e+00
-554.55272275 0.000000e+00
-553.664386604 0.000000e+00
-552.776050457 0.000000e+00
-551.887714311 0.000000e+00
-550.999378165 0.000000e+00
-550.111042018 0.000000e+00
-549.222705872 0.000000e+00
-548.334369726 0.000000e+00
-547.446033579 0.000000e+00
-546.557697433 0.000000e+00
-545.669361286 0.000000e+00
-544.78102514 0.000000e+00
-543.892688994 0.000000e+00
-543.004352847 0.000000e+00
-542.116016701 0.000000e+00
-541.227680554 0.000000e+00
-540.339344408 0.000000e+00
-539.451008262 0.000000e+00
-538.562672115 0.000000e+00
-537.674335969 0.000000e+00
-536.785999822 0.000000e+00
-535.897663676 0.000000e+00
-535.00932753 0.000000e+00
-534.120991383 0.000000e+00
-533.232655237 0.000000e+00
-532.34431909 0.000000e+00
-531.455982944 0.000000e+00
-530.567646798 0.000000e+00
-529.679310651 0.000000e+00
-528.790974505 0.000000e+00
-527.902638358 0.000000e+00
-527.014302212 0.000000e+00
-526.125966066 0.000000e+00
-525.237629919 0.000000e+00
-524.349293773 0.000000e+00
-523.460957626 0.000000e+00
-522.57262148 0.000000e+00
-521.684285334 0.000000e+00
-520.795949187 0.000000e+00
-519.907613041 0.000000e+00
-519.019276894 0.000000e+00
-518.130940748 0.000000e+00
-517.242604602 0.000000e+00
-516.354268455 0.000000e+00
-515.465932309 0.000000e+00
-514.577596162 0.000000e+00
-513.689260016 0.000000e+00
-512.80092387 0.000000e+00
-511.912587723 0.000000e+00
-511.024251577 0.000000e+00
-510.13591543 0.000000e+00
-509.247579284 0.000000e+00
-508.359243138 0.000000e+00
-507.470906991 0.000000e+00
-506.582570845 0.000000e+00
-505.694234698 0.000000e+00
-504.805898552 0.000000e+00
-503.917562406 0.000000e+00
-503.029226259 0.000000e+00
-502.140890113 0.000000e+00
-501.252553966 0.000000e+00
-500.36421782 0.000000e+00
-499.475881674 0.000000e+00
-498.587545527 0.000000e+00
-497.699209381 0.000000e+00
-496.810873234 0.000000e+00
-495.922537088 0.000000e+00
-495.034200942 0.000000e+00
-494.145864795 0.000000e+00
-493.257528649 0.000000e+00
-492.369192502 0.000000e+00
-491.480856356 0.000000e+00
-490.59252021 0.000000e+00
-489.704184063 0.000000e+00
-488.815847917 0.000000e+00
-487.92751177 0.000000e+00
-487.039175624 0.000000e+00
-486.150839478 0.000000e+00
-485.262503331 0.000000e+00
-484.374167185 0.000000e+00
-483.485831038 0.000000e+00
-482.597494892 0.000000e+00
-481.709158746 0.000000e+00
-480.820822599 0.000000e+00
-479.932486453 0.000000e+00
-479.044150306 0.000000e+00
-478.15581416 0.000000e+00
-477.267478014 0.000000e+00
-476.379141867 0.000000e+00
-475.490805721 0.000000e+00
-474.602469574 0.000000e+00
-473.714133428 0.000000e+00
-472.825797282 0.000000e+00
-471.937461135 0.000000e+00
-471.049124989 0.000000e+00
-470.160788842 0.000000e+00
-469.272452696 0.000000e+00
-468.38411655 0.000000e+00
-467.495780403 0.000000e+00
-466.607444257 0.000000e+00
-465.719108111 0.000000e+00
-464.830771964 0.000000e+00
-463.942435818 0.000000e+00
-463.054099671 0.000000e+00
-462.165763525 0.000000e+00
-461.277427379 0.000000e+00
-460.389091232 0.000000e+00
-459.500755086 0.000000e+00
-458.612418939 0.000000e+00
-457.724082793 0.000000e+00
-456.835746647 0.000000e+00
-455.9474105 0.000000e+00
-455.059074354 0.000000e+00
-454.170738207 0.000000e+00
-453.282402061 0.000000e+00
-452.394065915 0.000000e+00
-451.505729768 0.000000e+00
-450.617393622 0.000000e+00
-449.729057475 0.000000e+00
-448.840721329 0.000000e+00
-447.952385183 0.000000e+00
-447.064049036 0.000000e+00
-446.17571289 0.000000e+00
-445.287376743 0.000000e+00
-444.399040597 0.000000e+00
-443.510704451 0.000000e+00
-442.622368304 0.000000e+00
-441.734032158 0.000000e+00
-440.845696011 0.000000e+00
-439.957359865 0.000000e+00
-439.069023719 0.000000e+00
-438.180687572 0.000000e+00
-437.292351426 0.000000e+00
-436.404015279 0.000000e+00
-435.515679133 0.000000e+00
-434.627342987 0.000000e+00
-433.73900684 0.000000e+00
-432.850670694 0.000000e+00
-431.962334547 0.000000e+00
-431.073998401 0.000000e+00
-430.185662255 0.000000e+00
-429.297326108 0.000000e+00
-428.408989962 0.000000e+00
-427.520653815 0.000000e+00
-426.632317669 0.000000e+00
-425.743981523 0.000000e+00
-424.855645376 0.000000e+00
-423.96730923 0.000000e+00
-423.078973083 0.000000e+00
-422.190636937 0.000000e+00
-421.302300791 0.000000e+00
-420.413964644 0.000000e+00
-419.525628498 0.000000e+00
-418.637292351 0.000000e+00
-417.748956205 0.000000e+00
-416.860620059 0.000000e+00
-415.972283912 0.000000e+00
-415.083947766 0.000000e+00
-414.195611619 0.000000e+00
-413.307275473 0.000000e+00
-412.418939327 0.000000e+00
-411.53060318 0.000000e+00
-410.642267034 0.000000e+00
-409.753930887 0.000000e+00
-408.865594741 0.000000e+00
-407.977258595 0.000000e+00
-407.088922448 0.000000e+00
-406.200586302 0.000000e+00
-405.312250155 0.000000e+00
-404.423914009 0.000000e+00
-403.535577863 0.000000e+00
-402.647241716 0.000000e+00
-401.75890557 0.000000e+00
-400.870569423 0.000000e+00
-399.982233277 0.000000e+00
-399.093897131 0.000000e+00
-398.205560984 0.000000e+00
-397.317224838 0.000000e+00
-396.428888691 0.000000e+00
-395.540552545 0.000000e+00
-394.652216399 0.000000e+00
-393.763880252 0.000000e+00
-392.875544106 0.000000e+00
-391.987207959 0.000000e+00
-391.098871813 0.000000e+00
-390.210535667 0.000000e+00
-389.32219952 0.000000e+00
-388.433863374 0.000000e+00
-387.545527228 0.000000e+00
-386.657191081 0.000000e+00
-385.768854935 0.000000e+00
-384.880518788 0.000000e+00
-383.992182642 0.000000e+00
-383.103846496 0.000000e+00
-382.215510349 0.000000e+00
-381.327174203 0.000000e+00
-380.438838056 0.000000e+00
-379.55050191 0.000000e+00
-378.662165764 0.000000e+00
-377.773829617 0.000000e+00
-376.885493471 0.000000e+00
-375.997157324 0.000000e+00
-375.108821178 0.000000e+00
-374.220485032 0.000000e+00
-373.332148885 0.000000e+00
-372.443812739 0.000000e+00
-371.555476592 0.000000e+00
-370.667140446 0.000000e+00
-369.7788043 0.000000e+00
-368.890468153 0.000000e+00
-368.002132007 0.000000e+00
-367.11379586 0.000000e+00
-366.225459714 0.000000e+00
-365.337123568 0.000000e+00
-364.448787421 0.000000e+00
-363.560451275 0.000000e+00
-362.672115128 0.000000e+00
-361.783778982 0.000000e+00
-360.895442836 0.000000e+00
-360.007106689 0.000000e+00
-359.118770543 0.000000e+00
-358.230434396 0.000000e+00
-357.34209825 0.000000e+00
-356.453762104 0.000000e+00
-355.565425957 0.000000e+00
-354.677089811 0.000000e+00
-353.788753664 0.000000e+00
-352.900417518 0.000000e+00
-352.012081372 0.000000e+00
-351.123745225 0.000000e+00
-350.235409079 0.000000e+00
-349.347072932 0.000000e+00
-348.458736786 0.000000e+00
-347.57040064 0.000000e+00
-346.682064493 0.000000e+00
-345.793728347 0.000000e+00
-344.9053922 0.000000e+00
-344.017056054 0.000000e+00
-343.128719908 0.000000e+00
-342.240383761 0.000000e+00
-341.352047615 0.000000e+00
-340.463711468 0.000000e+00
-339.575375322 0.000000e+00
-338.687039176 0.000000e+00
-337.798703029 0.000000e+00
-336.910366883 0.000000e+00
-336.022030736 0.000000e+00
-335.13369459 0.000000e+00
-334.245358444 0.000000e+00
-333.357022297 0.000000e+00
-332.468686151 0.000000e+00
-331.580350004 0.000000e+00
-330.692013858 0.000000e+00
-329.803677712 0.000000e+00
-328.915341565 0.000000e+00
-328.027005419 0.000000e+00
-327.138669272 0.000000e+00
-326.250333126 0.000000e+00
-325.36199698 0.000000e+00
-324.473660833 0.000000e+00
-323.585324687 0.000000e+00
-322.69698854 0.000000e+00
-321.808652394 0.000000e+00
-320.920316248 0.000000e+00
-320.031980101 0.000000e+00
-319.143643955 0.000000e+00
-318.255307808 0.000000e+00
-317.366971662 0.000000e+00
-316.478635516 0.000000e+00
-315.590299369 0.000000e+00
-314.701963223 0.000000e+00
-313.813627076 0.000000e+00
-312.92529093 0.000000e+00
-312.036954784 0.000000e+00
-311.148618637 0.000000e+00
-310.260282491 0.000000e+00
-309.371946344 0.000000e+00
-308.483610198 0.000000e+00
-307.595274052 0.000000e+00
-306.706937905 0.000000e+00
-305.818601759 0.000000e+00
-304.930265613 0.000000e+00
-304.041929466 0.000000e+00
-303.15359332 0.000000e+00
-302.265257173 0.000000e+00
-301.376921027 0.000000e+00
-300.488584881 0.000000e+00
-299.600248734 0.000000e+00
-298.711912588 0.000000e+00
-297.823576441 0.000000e+00
-296.935240295 0.000000e+00
-296.046904149 0.000000e+00
-295.158568002 0.000000e+00
-294.270231856 0.000000e+00
-293.381895709 0.000000e+00
-292.493559563 0.000000e+00
-291.605223417 0.000000e+00
-290.71688727 0.000000e+00
-289.828551124 0.000000e+00
-288.940214977 0.000000e+00
-288.051878831 0.000000e+00
-287.163542685 0.000000e+00
-286.275206538 0.000000e+00
-285.386870392 0.000000e+00
-284.498534245 0.000000e+00
-283.610198099 0.000000e+00
-282.721861953 0.000000e+00
-281.833525806 0.000000e+00
-280.94518966 0.000000e+00
-280.056853513 0.000000e+00
-279.168517367 0.000000e+00
-278.280181221 0.000000e+00
-277.391845074 0.000000e+00
-276.503508928 0.000000e+00
-275.615172781 0.000000e+00
-274.726836635 0.000000e+00
-273.838500489 0.000000e+00
-272.950164342 0.000000e+00
-272.061828196 0.000000e+00
-271.173492049 0.000000e+00
-270.285155903 0.000000e+00
-269.396819757 0.000000e+00
-268.50848361 0.000000e+00
-267.620147464 0.000000e+00
-266.731811317 0.000000e+00
-265.843475171 0.000000e+00
-264.955139025 0.000000e+00
-264.066802878 0.000000e+00
-263.178466732 0.000000e+00
-262.290130585 0.000000e+00
-261.401794439 0.000000e+00
-260.513458293 0.000000e+00
-259.625122146 0.000000e+00
-258.736786 0.000000e+00
-257.848449853 0.000000e+00
-256.960113707 0.000000e+00
-256.071777561 0.000000e+00
-255.183441414 0.000000e+00
-254.295105268 0.000000e+00
-253.406769121 0.000000e+00
-252.518432975 0.000000e+00
-251.630096829 0.000000e+00
-250.741760682 0.000000e+00
-249.853424536 0.000000e+00
-248.965088389 0.000000e+00
-248.076752243 0.000000e+00
-247.188416097 0.000000e+00
-246.30007995 0.000000e+00
-245.411743804 0.000000e+00
-244.523407657 0.000000e+00
-243.635071511 0.000000e+00
-242.746735365 0.000000e+00
-241.858399218 0.000000e+00
-240.970063072 0.000000e+00
-240.081726925 0.000000e+00
-239.193390779 0.000000e+00
-238.305054633 0.000000e+00
-237.416718486 0.000000e+00
-236.52838234 0.000000e+00
-235.640046193 0.000000e+00
-234.751710047 0.000000e+00
-233.863373901 0.000000e+00
-232.975037754 0.000000e+00
-232.086701608 0.000000e+00
-231.198365461 0.000000e+00
-230.310029315 0.000000e+00
-229.421693169 0.000000e+00
-228.533357022 0.000000e+00
-227.645020876 0.000000e+00
-226.75668473 0.000000e+00
-225.868348583 0.000000e+00
-224.980012437 0.000000e+00
-224.09167629 0.000000e+00
-223.203340144 0.000000e+00
-222.315003998 0.000000e+00
-221.426667851 0.000000e+00
-220.538331705 0.000000e+00
-219.649995558 0.000000e+00
-218.761659412 0.000000e+00
-217.873323266 0.000000e+00
-216.984987119 0.000000e+00
-216.096650973 0.000000e+00
-215.208314826 0.000000e+00
-214.31997868 0.000000e+00
-213.431642534 0.000000e+00
-212.543306387 0.000000e+00
-211.654970241 0.000000e+00
-210.766634094 0.000000e+00
-209.878297948 0.000000e+00
-208.989961802 0.000000e+00
-208.101625655 0.000000e+00
-207.213289509 0.000000e+00
-206.324953362 0.000000e+00
-205.436617216 0.000000e+00
-204.54828107 0.000000e+00
-203.659944923 0.000000e+00
-202.771608777 0.000000e+00
-201.88327263 0.000000e+00
-200.994936484 0.000000e+00
-200.106600338 0.000000e+00
-199.218264191 0.000000e+00
-198.329928045 0.000000e+00
-197.441591898 0.000000e+00
-196.553255752 0.000000e+00
-195.664919606 0.000000e+00
-194.776583459 0.000000e+00
-193.888247313 0.000000e+00
-192.999911166 0.000000e+00
-192.11157502 0.000000e+00
-191.223238874 0.000000e+00
-190.334902727 0.000000e+00
-189.446566581 0.000000e+00
-188.558230434 0.000000e+00
-187.669894288 0.000000e+00
-186.781558142 0.000000e+00
-185.893221995 0.000000e+00
-185.004885849 0.000000e+00
-184.116549702 0.000000e+00
-183.228213556 0.000000e+00
-182.33987741 0.000000e+00
-181.451541263 0.000000e+00
-180.563205117 0.000000e+00
-179.67486897 0.000000e+00
-178.786532824 0.000000e+00
-177.898196678 0.000000e+00
-177.009860531 0.000000e+00
-176.121524385 0.000000e+00
-175.233188238 0.000000e+00
-174.344852092 0.000000e+00
-173.456515946 0.000000e+00
-172.568179799 0.000000e+00
-171.679843653 0.000000e+00
-170.791507506 0.000000e+00
-169.90317136 0.000000e+00
-169.014835214 0.000000e+00
-168.126499067 0.000000e+00
-167.238162921 0.000000e+00
-166.349826774 0.000000e+00
-165.461490628 0.000000e+00
-164.573154482 0.000000e+00
-163.684818335 0.000000e+00
-162.796482189 0.000000e+00
-161.908146042 0.000000e+00
-161.019809896 0.000000e+00
-160.13147375 0.000000e+00
-159.243137603 0.000000e+00
-158.354801457 0.000000e+00
-157.46646531 0.000000e+00
-156.578129164 0.000000e+00
-155.689793018 0.000000e+00
-154.801456871 0.000000e+00
-153.913120725 0.000000e+00
-153.024784578 0.000000e+00
-152.136448432 0.000000e+00
-151.248112286 0.000000e+00
-150.359776139 0.000000e+00
-149.471439993 0.000000e+00
-148.583103846 0.000000e+00
-147.6947677 0.000000e+00
-146.806431554 0.000000e+00
-145.918095407 0.000000e+00
-145.029759261 0.000000e+00
-144.141423115 0.000000e+00
-143.253086968 0.000000e+00
-142.364750822 0.000000e+00
-141.476414675 0.000000e+00
-140.588078529 0.000000e+00
-139.699742383 0.000000e+00
-138.811406236 0.000000e+00
-137.92307009 0.000000e+00
-137.034733943 0.000000e+00
-136.146397797 0.000000e+00
-135.258061651 0.000000e+00
-134.369725504 0.000000e+00
-133.481389358 0.000000e+00
-132.593053211 0.000000e+00
-131.704717065 0.000000e+00
-130.816380919 0.000000e+00
-129.928044772 0.000000e+00
-129.039708626 0.000000e+00
-128.151372479 0.000000e+00
-127.263036333 0.000000e+00
-126.374700187 0.000000e+00
-125.48636404 0.000000e+00
-124.598027894 0.000000e+00
-123.709691747 0.000000e+00
-122.821355601 0.000000e+00
-121.933019455 0.000000e+00
-121.044683308 0.000000e+00
-120.156347162 0.000000e+00
-119.268011015 0.000000e+00
-118.379674869 0.000000e+00
-117.491338723 0.000000e+00
-116.603002576 0.000000e+00
-115.71466643 0.000000e+00
-114.826330283 0.000000e+00
-113.937994137 0.000000e+00
-113.049657991 0.000000e+00
-112.161321844 0.000000e+00
-111.272985698 0.000000e+00
-110.384649551 0.000000e+00
-109.496313405 0.000000e+00
-108.607977259 0.000000e+00
-107.719641112 0.000000e+00
-106.831304966 0.000000e+00
-105.942968819 0.000000e+00
-105.054632673 0.000000e+00
-104.166296527 0.000000e+00
-103.27796038 0.000000e+00
-102.389624234 0.000000e+00
-101.501288087 0.000000e+00
-100.612951941 0.000000e+00
-99.7246157946 0.000000e+00
-98.8362796482 0.000000e+00
-97.9479435018 0.000000e+00
-97.0596073554 0.000000e+00
-96.171271209 0.000000e+00
-95.2829350626 0.000000e+00
-94.3945989162 0.000000e+00
-93.5062627698 0.000000e+00
-92.6179266234 0.000000e+00
-91.729590477 0.000000e+00
-90.8412543306 0.000000e+00
-89.9529181842 0.000000e+00
-89.0645820378 0.000000e+00
-88.1762458914 0.000000e+00
-87.287909745 0.000000e+00
-86.3995735986 0.000000e+00
-85.5112374523 0.000000e+00
-84.6229013059 0.000000e+00
-83.7345651595 0.000000e+00
-82.8462290131 0.000000e+00
-81.9578928667 0.000000e+00
-81.0695567203 0.000000e+00
-80.1812205739 0.000000e+00
-79.2928844275 0.000000e+00
-78.4045482811 0.000000e+00
-77.5162121347 0.000000e+00
-76.6278759883 0.000000e+00
-75.7395398419 0.000000e+00
-74.8512036955 0.000000e+00
-73.9628675491 0.000000e+00
-73.0745314027 0.000000e+00
-72.1861952563 0.000000e+00
-71.2978591099 0.000000e+00
-70.4095229635 0.000000e+00
-69.5211868171 0.000000e+00
-68.6328506707 0.000000e+00
-67.7445145243 0.000000e+00
-66.8561783779 0.000000e+00
-65.9678422315 0.000000e+00
-65.0795060851 0.000000e+00
-64.1911699387 0.000000e+00
-63.3028337923 0.000000e+00
-62.4144976459 0.000000e+00
-61.5261614995 0.000000e+00
-60.6378253531 0.000000e+00
-59.7494892067 0.000000e+00
-58.8611530603 0.000000e+00
-57.9728169139 0.000000e+00
-57.0844807675 0.000000e+00
-56.1961446211 0.000000e+00
-55.3078084747 0.000000e+00
-54.4194723283 0.000000e+00
-53.5311361819 0.000000e+00
-52.6428000355 0.000000e+00
-51.7544638891 0.000000e+00
-50.8661277427 0.000000e+00
-49.9777915963 0.000000e+00
-49.0894554499 0.000000e+00
-48.2011193035 0.000000e+00
-47.3127831571 0.000000e+00
-46.4244470107 0.000000e+00
-45.5361108644 0.000000e+00
-44.647774718 0.000000e+00
-43.7594385716 0.000000e+00
-42.8711024252 0.000000e+00
-41.9827662788 0.000000e+00
-41.0944301324 0.000000e+00
-40.206093986 0.000000e+00
-39.3177578396 0.000000e+00
-38.4294216932 0.000000e+00
-37.5410855468 0.000000e+00
-36.6527494004 0.000000e+00
-35.764413254 0.000000e+00
-34.8760771076 0.000000e+00
-33.9877409612 0.000000e+00
-33.0994048148 0.000000e+00
-32.2110686684 0.000000e+00
-31.322732522 0.000000e+00
-30.4343963756 0.000000e+00
-29.5460602292 0.000000e+00
-28.6577240828 0.000000e+00
-27.7693879364 0.000000e+00
-26.88105179 0.000000e+00
-25.9927156436 0.000000e+00
-25.1043794972 0.000000e+00
-24.2160433508 0.000000e+00
-23.3277072044 0.000000e+00
-22.439371058 0.000000e+00
-21.5510349116 0.000000e+00
-20.6626987652 0.000000e+00
-19.7743626188 0.000000e+00
-18.8860264724 0.000000e+00
-17.997690326 0.000000e+00
-17.1093541796 0.000000e+00
-16.2210180332 0.000000e+00
-15.3326818868 0.000000e+00
-14.4443457404 0.000000e+00
-13.556009594 0.000000e+00
-12.6676734476 0.000000e+00
-11.7793373012 0.000000e+00
-10.8910011548 0.000000e+00
-10.0026650084 0.000000e+00
-9.11432886204 0.000000e+00
-8.22599271564 0.000000e+00
-7.33765656925 0.000000e+00
-6.44932042285 0.000000e+00
-5.56098427645 0.000000e+00
-4.67264813005 0.000000e+00
-3.78431198365 0.000000e+00
-2.89597583726 0.000000e+00
-2.00763969086 0.000000e+00
-1.11930354446 8.027868e-01
-0.230967398063 8.283690e-01
0.657368748334 1.000000e+00
1.54570489473 5.048091e-01
2.43404104113 8.021030e-01
3.32237718753 3.339202e-01
4.21071333393 1.460069e-01
5.09904948032 9.053597e-02
5.98738562672 1.560529e-01
6.87572177312 8.083989e-02
7.76405791952 1.510666e-01
8.65239406591 1.169282e-01
9.54073021231 3.501697e-01
10.4290663587 3.279986e-01
11.3174025051 2.562598e-01
12.2057386515 2.675585e-01
13.0940747979 1.520491e-01
13.9824109443 1.593771e-01
14.8707470907 2.286565e-01
15.7590832371 5.435565e-01
16.6474193835 3.079745e-01
17.5357555299 5.189417e-01
18.4240916763 4.171480e-01
19.3124278227 4.643321e-01
20.2007639691 2.590263e-01
21.0891001155 8.800603e-02
21.9774362619 1.612960e-01
22.8657724083 3.373385e-01
23.7541085547 4.369298e-01
24.6424447011 2.725221e-01
25.5307808475 3.872723e-01
26.4191169939 3.672587e-01
27.3074531403 5.478008e-01
28.1957892867 5.975116e-01
29.0841254331 4.734052e-01
29.9724615795 2.831833e-01
30.8607977259 3.626384e-01
31.7491338723 4.301810e-01
32.6374700187 3.071422e-01
33.5258061651 5.354604e-01
34.4141423115 6.688162e-01
35.3024784578 5.230102e-01
36.1908146042 4.857718e-01
37.0791507506 3.698987e-01
37.967486897 3.551253e-01
38.8558230434 4.146906e-01
39.7441591898 5.701228e-01
40.6324953362 5.043244e-01
41.5208314826 5.792901e-01
42.409167629 6.259584e-01
43.2975037754 5.622787e-01
44.1858399218 5.549495e-01
45.0741760682 5.495960e-01
45.9625122146 4.523587e-01
46.850848361 3.841994e-01
47.7391845074 3.663278e-01
48.6275206538 2.871944e-01
49.5158568002 2.634938e-01
50.4041929466 2.275718e-01
51.292529093 2.285886e-01
52.1808652394 1.762264e-01
53.0692013858 1.616024e-01
53.9575375322 1.421194e-01
54.8458736786 2.985447e-01
55.734209825 2.994453e-01
56.6225459714 3.255832e-01
57.5108821178 3.201379e-01
58.3992182642 2.502493e-01
59.2875544106 2.014635e-01
60.175890557 2.816202e-01
61.0642267034 2.400171e-01
61.9525628498 2.046154e-01
62.8408989962 2.103509e-01
63.7292351426 1.278544e-01
64.617571289 1.639517e-01
65.5059074354 1.530429e-01
66.3942435818 1.982330e-01
67.2825797282 2.227082e-01
68.1709158746 2.331576e-01
69.059252021 2.180119e-01
69.9475881674 1.516277e-01
70.8359243138 1.511302e-01
71.7242604602 1.471748e-01
72.6125966066 1.899003e-01
73.500932753 1.799505e-01
74.3892688994 1.473167e-01
75.2776050457 1.833905e-01
76.1659411921 1.808032e-01
77.0542773385 1.297217e-01
77.9426134849 8.606088e-02
78.8309496313 1.415787e-01
79.7192857777 1.358801e-01
80.6076219241 1.496329e-01
81.4959580705 1.001867e-01
82.3842942169 7.378056e-02
83.2726303633 5.836146e-02
84.1609665097 1.010377e-01
85.0493026561 1.557610e-01
85.9376388025 1.391710e-01
86.8259749489 4.724565e-02
87.7143110953 1.140217e-01
88.6026472417 1.428823e-01
89.4909833881 1.210906e-01
90.3793195345 9.175427e-02
91.2676556809 1.040415e-01
92.1559918273 8.549239e-02
93.0443279737 9.968453e-02
93.9326641201 1.266486e-01
94.8210002665 7.101208e-02
95.7093364129 7.877868e-02
96.5976725593 6.771761e-02
97.4860087057 9.304279e-02
98.3743448521 4.353733e-02
99.2626809985 4.295177e-02
100.151017145 5.100829e-02
101.039353291 4.433456e-02
101.927689438 4.437770e-02
102.816025584 4.981445e-02
103.70436173 4.174008e-02
104.592697877 2.857567e-02
105.481034023 5.463464e-02
106.36937017 7.350759e-02
107.257706316 7.339907e-02
108.146042462 4.952279e-02
109.034378609 0.000000e+00
109.922714755 3.001601e-02
110.811050902 2.622737e-02
111.699387048 2.749328e-02
112.587723194 3.182370e-02
113.476059341 0.000000e+00
114.364395487 2.626446e-02
115.252731634 0.000000e+00
116.14106778 2.543083e-02
117.029403926 0.000000e+00
117.917740073 2.615996e-02
118.806076219 2.680371e-02
119.694412366 2.467969e-02
120.582748512 0.000000e+00
121.471084658 3.447537e-02
122.359420805 2.745011e-02
123.247756951 0.000000e+00
124.136093098 3.347377e-02
125.024429244 3.235591e-02
125.91276539 0.000000e+00
126.801101537 2.719911e-02
127.689437683 2.939961e-02
128.57777383 2.455048e-02
129.466109976 2.440707e-02
130.354446122 2.804939e-02
131.242782269 2.546872e-02
132.131118415 3.228283e-02
133.019454562 0.000000e+00
133.907790708 0.000000e+00
134.796126854 0.000000e+00
135.684463001 0.000000e+00
136.572799147 0.000000e+00
137.461135294 0.000000e+00
138.34947144 3.308010e-02
139.237807586 0.000000e+00
140.126143733 0.000000e+00
141.014479879 0.000000e+00
141.902816026 0.000000e+00
142.791152172 0.000000e+00
143.679488318 0.000000e+00
144.567824465 0.000000e+00
145.456160611 0.000000e+00
146.344496758 0.000000e+00
147.232832904 0.000000e+00
148.12116905 0.000000e+00
149.009505197 0.000000e+00
149.897841343 0.000000e+00
150.78617749 0.000000e+00
151.674513636 0.000000e+00
152.562849782 0.000000e+00
153.451185929 0.000000e+00
154.339522075 0.000000e+00
155.227858222 0.000000e+00
156.116194368 0.000000e+00
157.004530514 0.000000e+00
157.892866661 0.000000e+00
158.781202807 0.000000e+00
159.669538954 0.000000e+00
160.5578751 0.000000e+00
161.446211246 0.000000e+00
162.334547393 0.000000e+00
163.222883539 0.000000e+00
164.111219686 0.000000e+00
164.999555832 0.000000e+00
165.887891978 0.000000e+00
166.776228125 0.000000e+00
167.664564271 0.000000e+00
168.552900418 0.000000e+00
169.441236564 0.000000e+00
170.32957271 0.000000e+00
171.217908857 0.000000e+00
172.106245003 0.000000e+00
172.99458115 0.000000e+00
173.882917296 0.000000e+00
174.771253442 0.000000e+00
175.659589589 0.000000e+00
176.547925735 0.000000e+00
177.436261881 0.000000e+00
178.324598028 0.000000e+00
179.212934174 0.000000e+00
180.101270321 0.000000e+00
180.989606467 0.000000e+00
181.877942613 0.000000e+00
182.76627876 0.000000e+00
183.654614906 0.000000e+00
184.542951053 0.000000e+00
185.431287199 0.000000e+00
186.319623345 0.000000e+00
187.207959492 0.000000e+00
188.096295638 0.000000e+00
188.984631785 0.000000e+00
189.872967931 0.000000e+00
190.761304077 0.000000e+00
191.649640224 0.000000e+00
192.53797637 0.000000e+00
193.426312517 0.000000e+00
194.314648663 0.000000e+00
195.202984809 0.000000e+00
196.091320956 0.000000e+00
196.979657102 0.000000e+00
197.867993249 0.000000e+00
198.756329395 0.000000e+00
199.644665541 0.000000e+00
200.533001688 0.000000e+00
201.421337834 0.000000e+00
202.309673981 0.000000e+00
203.198010127 0.000000e+00
204.086346273 0.000000e+00
204.97468242 0.000000e+00
205.863018566 0.000000e+00
206.751354713 0.000000e+00
207.639690859 0.000000e+00
208.528027005 0.000000e+00
209.416363152 0.000000e+00
210.304699298 0.000000e+00
211.193035445 0.000000e+00
212.081371591 0.000000e+00
212.969707737 0.000000e+00
213.858043884 0.000000e+00
214.74638003 0.000000e+00
215.634716177 0.000000e+00
216.523052323 0.000000e+00
217.411388469 0.000000e+00
218.299724616 0.000000e+00
219.188060762 0.000000e+00
220.076396909 0.000000e+00
220.964733055 0.000000e+00
221.853069201 0.000000e+00
222.741405348 0.000000e+00
223.629741494 0.000000e+00
224.518077641 0.000000e+00
225.406413787 0.000000e+00
226.294749933 0.000000e+00
227.18308608 0.000000e+00
228.071422226 0.000000e+00
228.959758373 0.000000e+00
229.848094519 0.000000e+00
230.736430665 0.000000e+00
231.624766812 0.000000e+00
232.513102958 0.000000e+00
233.401439105 0.000000e+00
234.289775251 0.000000e+00
235.178111397 0.000000e+00
236.066447544 0.000000e+00
236.95478369 0.000000e+00
237.843119837 0.000000e+00
238.731455983 0.000000e+00
239.619792129 0.000000e+00
240.508128276 0.000000e+00
241.396464422 0.000000e+00
242.284800569 0.000000e+00
243.173136715 0.000000e+00
244.061472861 0.000000e+00
244.949809008 0.000000e+00
245.838145154 0.000000e+00
246.726481301 0.000000e+00
247.614817447 0.000000e+00
248.503153593 0.000000e+00
249.39148974 0.000000e+00
250.279825886 0.000000e+00
251.168162033 0.000000e+00
252.056498179 0.000000e+00
252.944834325 0.000000e+00
253.833170472 0.000000e+00
254.721506618 0.000000e+00
255.609842765 0.000000e+00
256.498178911 0.000000e+00
257.386515057 0.000000e+00
258.274851204 0.000000e+00
259.16318735 0.000000e+00
260.051523496 0.000000e+00
260.939859643 0.000000e+00
261.828195789 0.000000e+00
262.716531936 0.000000e+00
263.604868082 0.000000e+00
264.493204228 0.000000e+00
265.381540375 0.000000e+00
266.269876521 0.000000e+00
267.158212668 0.000000e+00
268.046548814 0.000000e+00
268.93488496 0.000000e+00
269.823221107 0.000000e+00
270.711557253 0.000000e+00
271.5998934 0.000000e+00
272.488229546 0.000000e+00
273.376565692 0.000000e+00
274.264901839 0.000000e+00
275.153237985 0.000000e+00
276.041574132 0.000000e+00
276.929910278 0.000000e+00
277.818246424 0.000000e+00
278.706582571 0.000000e+00
279.594918717 0.000000e+00
280.483254864 0.000000e+00
281.37159101 0.000000e+00
282.259927156 0.000000e+00
283.148263303 0.000000e+00
284.036599449 0.000000e+00
284.924935596 0.000000e+00
285.813271742 0.000000e+00
286.701607888 0.000000e+00
287.589944035 0.000000e+00
288.478280181 0.000000e+00
289.366616328 0.000000e+00
290.254952474 0.000000e+00
291.14328862 0.000000e+00
292.031624767 0.000000e+00
292.919960913 0.000000e+00
293.80829706 0.000000e+00
294.696633206 0.000000e+00
295.584969352 0.000000e+00
296.473305499 0.000000e+00
297.361641645 0.000000e+00
298.249977792 0.000000e+00
299.138313938 0.000000e+00
300.026650084 0.000000e+00
300.914986231 0.000000e+00
301.803322377 0.000000e+00
302.691658524 0.000000e+00
303.57999467 0.000000e+00
304.468330816 0.000000e+00
305.356666963 0.000000e+00
306.245003109 0.000000e+00
307.133339256 0.000000e+00
308.021675402 0.000000e+00
308.910011548 0.000000e+00
309.798347695 0.000000e+00
310.686683841 0.000000e+00
311.575019988 0.000000e+00
312.463356134 0.000000e+00
313.35169228 0.000000e+00
314.240028427 0.000000e+00
315.128364573 0.000000e+00
316.01670072 0.000000e+00
316.905036866 0.000000e+00
317.793373012 0.000000e+00
318.681709159 0.000000e+00
319.570045305 0.000000e+00
320.458381452 0.000000e+00
321.346717598 0.000000e+00
322.235053744 0.000000e+00
323.123389891 0.000000e+00
324.011726037 0.000000e+00
324.900062184 0.000000e+00
325.78839833 0.000000e+00
326.676734476 0.000000e+00
327.565070623 0.000000e+00
328.453406769 0.000000e+00
329.341742916 0.000000e+00
330.230079062 0.000000e+00
331.118415208 0.000000e+00
332.006751355 0.000000e+00
332.895087501 0.000000e+00
333.783423648 0.000000e+00
334.671759794 0.000000e+00
335.56009594 0.000000e+00
336.448432087 0.000000e+00
337.336768233 0.000000e+00
338.225104379 0.000000e+00
339.113440526 0.000000e+00
340.001776672 0.000000e+00
340.890112819 0.000000e+00
341.778448965 0.000000e+00
342.666785111 0.000000e+00
343.555121258 0.000000e+00
344.443457404 0.000000e+00
345.331793551 0.000000e+00
346.220129697 0.000000e+00
347.108465843 0.000000e+00
347.99680199 0.000000e+00
348.885138136 0.000000e+00
349.773474283 0.000000e+00
350.661810429 0.000000e+00
351.550146575 0.000000e+00
352.438482722 0.000000e+00
353.326818868 0.000000e+00
354.215155015 0.000000e+00
355.103491161 0.000000e+00
355.991827307 0.000000e+00
356.880163454 0.000000e+00
357.7684996 0.000000e+00
358.656835747 0.000000e+00
359.545171893 0.000000e+00
360.433508039 0.000000e+00
361.321844186 0.000000e+00
362.210180332 0.000000e+00
363.098516479 0.000000e+00
363.986852625 0.000000e+00
364.875188771 0.000000e+00
365.763524918 0.000000e+00
366.651861064 0.000000e+00
367.540197211 0.000000e+00
368.428533357 0.000000e+00
369.316869503 0.000000e+00
370.20520565 0.000000e+00
371.093541796 0.000000e+00
371.981877943 0.000000e+00
372.870214089 0.000000e+00
373.758550235 0.000000e+00
374.646886382 0.000000e+00
375.535222528 0.000000e+00
376.423558675 0.000000e+00
377.311894821 0.000000e+00
378.200230967 0.000000e+00
379.088567114 0.000000e+00
379.97690326 0.000000e+00
380.865239407 0.000000e+00
381.753575553 0.000000e+00
382.641911699 0.000000e+00
383.530247846 0.000000e+00
384.418583992 0.000000e+00
385.306920139 0.000000e+00
386.195256285 0.000000e+00
387.083592431 0.000000e+00
387.971928578 0.000000e+00
388.860264724 0.000000e+00
389.748600871 0.000000e+00
390.636937017 0.000000e+00
391.525273163 0.000000e+00
392.41360931 0.000000e+00
393.301945456 0.000000e+00
394.190281603 0.000000e+00
395.078617749 0.000000e+00
395.966953895 0.000000e+00
396.855290042 0.000000e+00
397.743626188 0.000000e+00
398.631962335 0.000000e+00
399.520298481 0.000000e+00
400.408634627 0.000000e+00
401.296970774 0.000000e+00
402.18530692 0.000000e+00
403.073643067 0.000000e+00
403.961979213 0.000000e+00
404.850315359 0.000000e+00
405.738651506 0.000000e+00
406.626987652 0.000000e+00
407.515323799 0.000000e+00
408.403659945 0.000000e+00
409.291996091 0.000000e+00
410.180332238 0.000000e+00
411.068668384 0.000000e+00
411.957004531 0.000000e+00
412.845340677 0.000000e+00
413.733676823 0.000000e+00
414.62201297 0.000000e+00
415.510349116 0.000000e+00
416.398685263 0.000000e+00
417.287021409 0.000000e+00
418.175357555 0.000000e+00
419.063693702 0.000000e+00
419.952029848 0.000000e+00
420.840365994 0.000000e+00
421.728702141 0.000000e+00
422.617038287 0.000000e+00
423.505374434 0.000000e+00
424.39371058 0.000000e+00
425.282046726 0.000000e+00
426.170382873 0.000000e+00
427.058719019 0.000000e+00
427.947055166 0.000000e+00
428.835391312 0.000000e+00
429.723727458 0.000000e+00
430.612063605 0.000000e+00
431.500399751 0.000000e+00
432.388735898 0.000000e+00
433.277072044 0.000000e+00
434.16540819 0.000000e+00
435.053744337 0.000000e+00
435.942080483 0.000000e+00
436.83041663 0.000000e+00
437.718752776 0.000000e+00
438.607088922 0.000000e+00
439.495425069 0.000000e+00
440.383761215 0.000000e+00
441.272097362 0.000000e+00
442.160433508 0.000000e+00
443.048769654 0.000000e+00
443.937105801 0.000000e+00
444.825441947 0.000000e+00
445.713778094 0.000000e+00
446.60211424 0.000000e+00
447.490450386 0.000000e+00
448.378786533 0.000000e+00
449.267122679 0.000000e+00
450.155458826 0.000000e+00
451.043794972 0.000000e+00
451.932131118 0.000000e+00
452.820467265 0.000000e+00
453.708803411 0.000000e+00
454.597139558 0.000000e+00
455.485475704 0.000000e+00
456.37381185 0.000000e+00
457.262147997 0.000000e+00
458.150484143 0.000000e+00
459.03882029 0.000000e+00
459.927156436 0.000000e+00
460.815492582 0.000000e+00
461.703828729 0.000000e+00
462.592164875 0.000000e+00
463.480501022 0.000000e+00
464.368837168 0.000000e+00
465.257173314 0.000000e+00
466.145509461 0.000000e+00
467.033845607 0.000000e+00
467.922181754 0.000000e+00
468.8105179 0.000000e+00
469.698854046 0.000000e+00
470.587190193 0.000000e+00
471.475526339 0.000000e+00
472.363862486 0.000000e+00
473.252198632 0.000000e+00
474.140534778 0.000000e+00
475.028870925 0.000000e+00
475.917207071 0.000000e+00
476.805543218 0.000000e+00
477.693879364 0.000000e+00
478.58221551 0.000000e+00
479.470551657 0.000000e+00
480.358887803 0.000000e+00
481.24722395 0.000000e+00
482.135560096 0.000000e+00
483.023896242 0.000000e+00
483.912232389 0.000000e+00
484.800568535 0.000000e+00
485.688904682 0.000000e+00
486.577240828 0.000000e+00
487.465576974 0.000000e+00
488.353913121 0.000000e+00
489.242249267 0.000000e+00
490.130585414 0.000000e+00
491.01892156 0.000000e+00
491.907257706 0.000000e+00
492.795593853 0.000000e+00
493.683929999 0.000000e+00
494.572266146 0.000000e+00
495.460602292 0.000000e+00
496.348938438 0.000000e+00
497.237274585 0.000000e+00
498.125610731 0.000000e+00
499.013946877 0.000000e+00
499.902283024 0.000000e+00
500.79061917 0.000000e+00
501.678955317 0.000000e+00
502.567291463 0.000000e+00
503.455627609 0.000000e+00
504.343963756 0.000000e+00
505.232299902 0.000000e+00
506.120636049 0.000000e+00
507.008972195 0.000000e+00
507.897308341 0.000000e+00
508.785644488 0.000000e+00
509.673980634 0.000000e+00
510.562316781 0.000000e+00
511.450652927 0.000000e+00
512.338989073 0.000000e+00
513.22732522 0.000000e+00
514.115661366 0.000000e+00
515.003997513 0.000000e+00
515.892333659 0.000000e+00
516.780669805 0.000000e+00
517.669005952 0.000000e+00
518.557342098 0.000000e+00
519.445678245 0.000000e+00
520.334014391 0.000000e+00
521.222350537 0.000000e+00
522.110686684 0.000000e+00
522.99902283 0.000000e+00
523.887358977 0.000000e+00
524.775695123 0.000000e+00
525.664031269 0.000000e+00
526.552367416 0.000000e+00
527.440703562 0.000000e+00
528.329039709 0.000000e+00
529.217375855 0.000000e+00
530.105712001 0.000000e+00
530.994048148 0.000000e+00
531.882384294 0.000000e+00
532.770720441 0.000000e+00
533.659056587 0.000000e+00
534.547392733 0.000000e+00
535.43572888 0.000000e+00
536.324065026 0.000000e+00
537.212401173 0.000000e+00
538.100737319 0.000000e+00
538.989073465 0.000000e+00
539.877409612 0.000000e+00
540.765745758 0.000000e+00
541.654081905 0.000000e+00
542.542418051 0.000000e+00
543.430754197 0.000000e+00
544.319090344 0.000000e+00
545.20742649 0.000000e+00
546.095762637 0.000000e+00
546.984098783 0.000000e+00
547.872434929 0.000000e+00
548.760771076 0.000000e+00
549.649107222 0.000000e+00
550.537443369 0.000000e+00
551.425779515 0.000000e+00
552.314115661 0.000000e+00
553.202451808 0.000000e+00
554.090787954 0.000000e+00
554.979124101 0.000000e+00
555.867460247 0.000000e+00
556.755796393 0.000000e+00
557.64413254 0.000000e+00
558.532468686 0.000000e+00
559.420804833 0.000000e+00
560.309140979 0.000000e+00
561.197477125 0.000000e+00
562.085813272 0.000000e+00
562.974149418 0.000000e+00
563.862485565 0.000000e+00
564.750821711 0.000000e+00
565.639157857 0.000000e+00
566.527494004 0.000000e+00
567.41583015 0.000000e+00
568.304166297 0.000000e+00
569.192502443 0.000000e+00
570.080838589 0.000000e+00
570.969174736 0.000000e+00
571.857510882 0.000000e+00
572.745847029 0.000000e+00
573.634183175 0.000000e+00
574.522519321 0.000000e+00
575.410855468 0.000000e+00
576.299191614 0.000000e+00
577.187527761 0.000000e+00
578.075863907 0.000000e+00
578.964200053 0.000000e+00
579.8525362 0.000000e+00
580.740872346 0.000000e+00
581.629208492 0.000000e+00
582.517544639 0.000000e+00
583.405880785 0.000000e+00
584.294216932 0.000000e+00
585.182553078 0.000000e+00
586.070889224 0.000000e+00
586.959225371 0.000000e+00
587.847561517 0.000000e+00
588.735897664 0.000000e+00
589.62423381 0.000000e+00
590.512569956 0.000000e+00
591.400906103 0.000000e+00
592.289242249 0.000000e+00
593.177578396 0.000000e+00
594.065914542 0.000000e+00
594.954250688 0.000000e+00
595.842586835 0.000000e+00
596.730922981 0.000000e+00
597.619259128 0.000000e+00
598.507595274 0.000000e+00
599.39593142 0.000000e+00
600.284267567 0.000000e+00
601.172603713 0.000000e+00
602.06093986 0.000000e+00
602.949276006 0.000000e+00
603.837612152 0.000000e+00
604.725948299 0.000000e+00
605.614284445 0.000000e+00
606.502620592 0.000000e+00
607.390956738 0.000000e+00
608.279292884 0.000000e+00
609.167629031 0.000000e+00
610.055965177 0.000000e+00
610.944301324 0.000000e+00
611.83263747 0.000000e+00
612.720973616 0.000000e+00
613.609309763 0.000000e+00
614.497645909 0.000000e+00
615.385982056 0.000000e+00
616.274318202 0.000000e+00
617.162654348 0.000000e+00
618.050990495 0.000000e+00
618.939326641 0.000000e+00
619.827662788 0.000000e+00
620.715998934 0.000000e+00
621.60433508 0.000000e+00
622.492671227 0.000000e+00
623.381007373 0.000000e+00
624.26934352 0.000000e+00
625.157679666 0.000000e+00
626.046015812 0.000000e+00
626.934351959 0.000000e+00
627.822688105 0.000000e+00
628.711024252 0.000000e+00
629.599360398 0.000000e+00
630.487696544 0.000000e+00
631.376032691 0.000000e+00
632.264368837 0.000000e+00
633.152704984 0.000000e+00
634.04104113 0.000000e+00
634.929377276 0.000000e+00
635.817713423 0.000000e+00
636.706049569 0.000000e+00
637.594385716 0.000000e+00
638.482721862 0.000000e+00
639.371058008 0.000000e+00
640.259394155 0.000000e+00
641.147730301 0.000000e+00
642.036066448 0.000000e+00
642.924402594 0.000000e+00
643.81273874 0.000000e+00
644.701074887 0.000000e+00
645.589411033 0.000000e+00
646.47774718 0.000000e+00
647.366083326 0.000000e+00
648.254419472 0.000000e+00
649.142755619 0.000000e+00
650.031091765 0.000000e+00
650.919427912 0.000000e+00
651.807764058 0.000000e+00
652.696100204 0.000000e+00
653.584436351 0.000000e+00
654.472772497 0.000000e+00
655.361108644 0.000000e+00
656.24944479 0.000000e+00
657.137780936 0.000000e+00
658.026117083 0.000000e+00
658.914453229 0.000000e+00
659.802789375 0.000000e+00
660.691125522 0.000000e+00
661.579461668 0.000000e+00
662.467797815 0.000000e+00
663.356133961 0.000000e+00
664.244470107 0.000000e+00
665.132806254 0.000000e+00
666.0211424 0.000000e+00
666.909478547 0.000000e+00
667.797814693 0.000000e+00
668.686150839 0.000000e+00
669.574486986 0.000000e+00
670.462823132 0.000000e+00
671.351159279 0.000000e+00
672.239495425 0.000000e+00
673.127831571 0.000000e+00
674.016167718 0.000000e+00
674.904503864 0.000000e+00
675.792840011 0.000000e+00
676.681176157 0.000000e+00
677.569512303 0.000000e+00
678.45784845 0.000000e+00
679.346184596 0.000000e+00
680.234520743 0.000000e+00
681.122856889 0.000000e+00
682.011193035 0.000000e+00
682.899529182 0.000000e+00
683.787865328 0.000000e+00
684.676201475 0.000000e+00
685.564537621 0.000000e+00
686.452873767 0.000000e+00
687.341209914 0.000000e+00
688.22954606 0.000000e+00
689.117882207 0.000000e+00
690.006218353 0.000000e+00
690.894554499 0.000000e+00
691.782890646 0.000000e+00
692.671226792 0.000000e+00
693.559562939 0.000000e+00
694.447899085 0.000000e+00
695.336235231 0.000000e+00
696.224571378 0.000000e+00
697.112907524 0.000000e+00
698.001243671 0.000000e+00
698.889579817 0.000000e+00
699.777915963 0.000000e+00
700.66625211 0.000000e+00
701.554588256 0.000000e+00
702.442924403 0.000000e+00
703.331260549 0.000000e+00
704.219596695 0.000000e+00
705.107932842 0.000000e+00
705.996268988 0.000000e+00
706.884605135 0.000000e+00
707.772941281 0.000000e+00
708.661277427 0.000000e+00
709.549613574 0.000000e+00
710.43794972 0.000000e+00
711.326285867 0.000000e+00
712.214622013 0.000000e+00
713.102958159 0.000000e+00
713.991294306 0.000000e+00
714.879630452 0.000000e+00
715.767966599 0.000000e+00
716.656302745 0.000000e+00
717.544638891 0.000000e+00
718.432975038 0.000000e+00
719.321311184 0.000000e+00
720.209647331 0.000000e+00
721.097983477 0.000000e+00
721.986319623 0.000000e+00
722.87465577 0.000000e+00
723.762991916 0.000000e+00
724.651328063 0.000000e+00
725.539664209 0.000000e+00
726.428000355 0.000000e+00
727.316336502 0.000000e+00
728.204672648 0.000000e+00
729.093008795 0.000000e+00
729.981344941 0.000000e+00
730.869681087 0.000000e+00
731.758017234 0.000000e+00
732.64635338 0.000000e+00
733.534689527 0.000000e+00
734.423025673 0.000000e+00
735.311361819 0.000000e+00
736.199697966 0.000000e+00
737.088034112 0.000000e+00
737.976370259 0.000000e+00
738.864706405 0.000000e+00
739.753042551 0.000000e+00
740.641378698 0.000000e+00
741.529714844 0.000000e+00
742.41805099 0.000000e+00
743.306387137 0.000000e+00
744.194723283 0.000000e+00
745.08305943 0.000000e+00
745.971395576 0.000000e+00
746.859731722 0.000000e+00
747.748067869 0.000000e+00
748.636404015 0.000000e+00
749.524740162 0.000000e+00
750.413076308 0.000000e+00
751.301412454 0.000000e+00
752.189748601 0.000000e+00
753.078084747 0.000000e+00
753.966420894 0.000000e+00
754.85475704 0.000000e+00
755.743093186 0.000000e+00
756.631429333 0.000000e+00
757.519765479 0.000000e+00
758.408101626 0.000000e+00
759.296437772 0.000000e+00
760.184773918 0.000000e+00
761.073110065 0.000000e+00
761.961446211 0.000000e+00
762.849782358 0.000000e+00
763.738118504 0.000000e+00
764.62645465 0.000000e+00
765.514790797 0.000000e+00
766.403126943 0.000000e+00
767.29146309 0.000000e+00
768.179799236 0.000000e+00
769.068135382 0.000000e+00
769.956471529 0.000000e+00
770.844807675 0.000000e+00
771.733143822 0.000000e+00
772.621479968 0.000000e+00
773.509816114 0.000000e+00
774.398152261 0.000000e+00
775.286488407 0.000000e+00
776.174824554 0.000000e+00
777.0631607 0.000000e+00
777.951496846 0.000000e+00
778.839832993 0.000000e+00
779.728169139 0.000000e+00
780.616505286 0.000000e+00
781.504841432 0.000000e+00
782.393177578 0.000000e+00
783.281513725 0.000000e+00
784.169849871 0.000000e+00
785.058186018 0.000000e+00
785.946522164 0.000000e+00
786.83485831 0.000000e+00
787.723194457 0.000000e+00
788.611530603 0.000000e+00
789.49986675 0.000000e+00
790.388202896 0.000000e+00
791.276539042 0.000000e+00
792.164875189 0.000000e+00
793.053211335 0.000000e+00
793.941547482 0.000000e+00
794.829883628 0.000000e+00
795.718219774 0.000000e+00
796.606555921 0.000000e+00
797.494892067 0.000000e+00
798.383228214 0.000000e+00
799.27156436 0.000000e+00
800.159900506 0.000000e+00
801.048236653 0.000000e+00
801.936572799 0.000000e+00
802.824908946 0.000000e+00
803.713245092 0.000000e+00
804.601581238 0.000000e+00
805.489917385 0.000000e+00
806.378253531 0.000000e+00
807.266589678 0.000000e+00
808.154925824 0.000000e+00
809.04326197 0.000000e+00
809.931598117 0.000000e+00
810.819934263 0.000000e+00
811.70827041 0.000000e+00
812.596606556 0.000000e+00
813.484942702 0.000000e+00
814.373278849 0.000000e+00
815.261614995 0.000000e+00
816.149951142 0.000000e+00
817.038287288 0.000000e+00
817.926623434 0.000000e+00
818.814959581 0.000000e+00
819.703295727 0.000000e+00
820.591631874 0.000000e+00
821.47996802 0.000000e+00
822.368304166 0.000000e+00
823.256640313 0.000000e+00
824.144976459 0.000000e+00
825.033312605 0.000000e+00
825.921648752 0.000000e+00
826.809984898 0.000000e+00
827.698321045 0.000000e+00
828.586657191 0.000000e+00
829.474993337 0.000000e+00
830.363329484 0.000000e+00
831.25166563 0.000000e+00
832.140001777 0.000000e+00
833.028337923 0.000000e+00
833.916674069 0.000000e+00
834.805010216 0.000000e+00
835.693346362 0.000000e+00
836.581682509 0.000000e+00
837.470018655 0.000000e+00
838.358354801 0.000000e+00
839.246690948 0.000000e+00
840.135027094 0.000000e+00
841.023363241 0.000000e+00
841.911699387 0.000000e+00
842.800035533 0.000000e+00
843.68837168 0.000000e+00
844.576707826 0.000000e+00
845.465043973 0.000000e+00
846.353380119 0.000000e+00
847.241716265 0.000000e+00
848.130052412 0.000000e+00
849.018388558 0.000000e+00
849.906724705 0.000000e+00
850.795060851 0.000000e+00
851.683396997 0.000000e+00
852.571733144 0.000000e+00
853.46006929 0.000000e+00
854.348405437 0.000000e+00
855.236741583 0.000000e+00
856.125077729 0.000000e+00
857.013413876 0.000000e+00
857.901750022 0.000000e+00
858.790086169 0.000000e+00
859.678422315 0.000000e+00
860.566758461 0.000000e+00
861.455094608 0.000000e+00
862.343430754 0.000000e+00
863.231766901 0.000000e+00
864.120103047 0.000000e+00
865.008439193 0.000000e+00
865.89677534 0.000000e+00
866.785111486 0.000000e+00
867.673447633 0.000000e+00
868.561783779 0.000000e+00
869.450119925 0.000000e+00
870.338456072 0.000000e+00
871.226792218 0.000000e+00
872.115128365 0.000000e+00
