-581.787671233 0.0
-580.787671233 0.0
-579.787671233 0.0
-578.787671233 0.0
-577.787671233 0.0
-576.787671233 0.0
-575.787671233 0.0
-574.787671233 0.0
-573.787671233 0.0
-572.787671233 0.0
-571.787671233 0.0
-570.787671233 0.0
-569.787671233 0.0
-568.787671233 0.0
-567.787671233 0.0
-566.787671233 0.0
-565.787671233 0.0
-564.787671233 0.0
-563.787671233 0.0
-562.787671233 0.0
-561.787671233 0.0
-560.787671233 0.0
-559.787671233 0.0
-558.787671233 0.0
-557.787671233 0.0
-556.787671233 0.0
-555.787671233 0.0
-554.787671233 0.0
-553.787671233 0.0
-552.787671233 0.0
-551.787671233 0.0
-550.787671233 0.0
-549.787671233 0.0
-548.787671233 0.0
-547.787671233 0.0
-546.787671233 0.0
-545.787671233 0.0
-544.787671233 0.0
-543.787671233 0.0
-542.787671233 0.0
-541.787671233 0.0
-540.787671233 0.0
-539.787671233 0.0
-538.787671233 0.0
-537.787671233 0.0
-536.787671233 0.0
-535.787671233 0.0
-534.787671233 0.0
-533.787671233 0.0
-532.787671233 0.0
-531.787671233 0.0
-530.787671233 0.0
-529.787671233 0.0
-528.787671233 0.0
-527.787671233 0.0
-526.787671233 0.0
-525.787671233 0.0
-524.787671233 0.0
-523.787671233 0.0
-522.787671233 0.0
-521.787671233 0.0
-520.787671233 0.0
-519.787671233 0.0
-518.787671233 0.0
-517.787671233 0.0
-516.787671233 0.0
-515.787671233 0.0
-514.787671233 0.0
-513.787671233 0.0
-512.787671233 0.0
-511.787671233 0.0
-510.787671233 0.0
-509.787671233 0.0
-508.787671233 0.0
-507.787671233 0.0
-506.787671233 0.0
-505.787671233 0.0
-504.787671233 0.0
-503.787671233 0.0
-502.787671233 0.0
-501.787671233 0.0
-500.787671233 0.0
-499.787671233 0.0
-498.787671233 0.0
-497.787671233 0.0
-496.787671233 0.0
-495.787671233 0.0
-494.787671233 0.0
-493.787671233 0.0
-492.787671233 0.0
-491.787671233 0.0
-490.787671233 0.0
-489.787671233 0.0
-488.787671233 0.0
-487.787671233 0.0
-486.787671233 0.0
-485.787671233 0.0
-484.787671233 0.0
-483.787671233 0.0
-482.787671233 0.0
-481.787671233 0.0
-480.787671233 0.0
-479.787671233 0.0
-478.787671233 0.0
-477.787671233 0.0
-476.787671233 0.0
-475.787671233 0.0
-474.787671233 0.0
-473.787671233 0.0
-472.787671233 0.0
-471.787671233 0.0
-470.787671233 0.0
-469.787671233 0.0
-468.787671233 0.0
-467.787671233 0.0
-466.787671233 0.0
-465.787671233 0.0
-464.787671233 0.0
-463.787671233 0.0
-462.787671233 0.0
-461.787671233 0.0
-460.787671233 0.0
-459.787671233 0.0
-458.787671233 0.0
-457.787671233 0.0
-456.787671233 0.0
-455.787671233 0.0
-454.787671233 0.0
-453.787671233 0.0
-452.787671233 0.0
-451.787671233 0.0
-450.787671233 0.0
-449.787671233 0.0
-448.787671233 0.0
-447.787671233 0.0
-446.787671233 0.0
-445.787671233 0.0
-444.787671233 0.0
-443.787671233 0.0
-442.787671233 0.0
-441.787671233 0.0
-440.787671233 0.0
-439.787671233 0.0
-438.787671233 0.0
-437.787671233 0.0
-436.787671233 0.0
-435.787671233 0.0
-434.787671233 0.0
-433.787671233 0.0
-432.787671233 0.0
-431.787671233 0.0
-430.787671233 0.0
-429.787671233 0.0
-428.787671233 0.0
-427.787671233 0.0
-426.787671233 0.0
-425.787671233 0.0
-424.787671233 0.0
-423.787671233 0.0
-422.787671233 0.0
-421.787671233 0.0
-420.787671233 0.0
-419.787671233 0.0
-418.787671233 0.0
-417.787671233 0.0
-416.787671233 0.0
-415.787671233 0.0
-414.787671233 0.0
-413.787671233 0.0
-412.787671233 0.0
-411.787671233 0.0
-410.787671233 0.0
-409.787671233 0.0
-408.787671233 0.0
-407.787671233 0.0
-406.787671233 0.0
-405.787671233 0.0
-404.787671233 0.0
-403.787671233 0.0
-402.787671233 0.0
-401.787671233 0.0
-400.787671233 0.0
-399.787671233 0.0
-398.787671233 0.0
-397.787671233 0.0
-396.787671233 0.0
-395.787671233 0.0
-394.787671233 0.0
-393.787671233 0.0
-392.787671233 0.0
-391.787671233 0.0
-390.787671233 0.0
-389.787671233 0.0
-388.787671233 0.0
-387.787671233 0.0
-386.787671233 0.0
-385.787671233 0.0
-384.787671233 0.0
-383.787671233 0.0
-382.787671233 0.0
-381.787671233 0.0
-380.787671233 0.0
-379.787671233 0.0
-378.787671233 0.0
-377.787671233 0.0
-376.787671233 0.0
-375.787671233 0.0
-374.787671233 0.0
-373.787671233 0.0
-372.787671233 0.0
-371.787671233 0.0
-370.787671233 0.0
-369.787671233 0.0
-368.787671233 0.0
-367.787671233 0.0
-366.787671233 0.0
-365.787671233 0.0
-364.787671233 0.0
-363.787671233 0.0
-362.787671233 0.0
-361.787671233 0.0
-360.787671233 0.0
-359.787671233 0.0
-358.787671233 0.0
-357.787671233 0.0
-356.787671233 0.0
-355.787671233 0.0
-354.787671233 0.0
-353.787671233 0.0
-352.787671233 0.0
-351.787671233 0.0
-350.787671233 0.0
-349.787671233 0.0
-348.787671233 0.0
-347.787671233 0.0
-346.787671233 0.0
-345.787671233 0.0
-344.787671233 0.0
-343.787671233 0.0
-342.787671233 0.0
-341.787671233 0.0
-340.787671233 0.0
-339.787671233 0.0
-338.787671233 0.0
-337.787671233 0.0
-336.787671233 0.0
-335.787671233 0.0
-334.787671233 0.0
-333.787671233 0.0
-332.787671233 0.0
-331.787671233 0.0
-330.787671233 0.0
-329.787671233 0.0
-328.787671233 0.0
-327.787671233 0.0
-326.787671233 0.0
-325.787671233 0.0
-324.787671233 0.0
-323.787671233 0.0
-322.787671233 0.0
-321.787671233 0.0
-320.787671233 0.0
-319.787671233 0.0
-318.787671233 0.0
-317.787671233 0.0
-316.787671233 0.0
-315.787671233 0.0
-314.787671233 0.0
-313.787671233 0.0
-312.787671233 0.0
-311.787671233 0.0
-310.787671233 0.0
-309.787671233 0.0
-308.787671233 0.0
-307.787671233 0.0
-306.787671233 0.0
-305.787671233 0.0
-304.787671233 0.0
-303.787671233 0.0
-302.787671233 0.0
-301.787671233 0.0
-300.787671233 0.0
-299.787671233 0.0
-298.787671233 0.0
-297.787671233 0.0
-296.787671233 0.0
-295.787671233 0.0
-294.787671233 0.0
-293.787671233 0.0
-292.787671233 0.0
-291.787671233 0.0
-290.787671233 0.0
-289.787671233 0.0
-288.787671233 0.0
-287.787671233 0.0
-286.787671233 0.0
-285.787671233 0.0
-284.787671233 0.0
-283.787671233 0.0
-282.787671233 0.0
-281.787671233 0.0
-280.787671233 0.0
-279.787671233 0.0
-278.787671233 0.0
-277.787671233 0.0
-276.787671233 0.0
-275.787671233 0.0
-274.787671233 0.0
-273.787671233 0.0
-272.787671233 0.0
-271.787671233 0.0
-270.787671233 0.0
-269.787671233 0.0
-268.787671233 0.0
-267.787671233 0.0
-266.787671233 0.0
-265.787671233 0.0
-264.787671233 0.0
-263.787671233 0.0
-262.787671233 0.0
-261.787671233 0.0
-260.787671233 0.0
-259.787671233 0.0
-258.787671233 0.0
-257.787671233 0.0
-256.787671233 0.0
-255.787671233 0.0
-254.787671233 0.0
-253.787671233 0.0
-252.787671233 0.0
-251.787671233 0.0
-250.787671233 0.0
-249.787671233 0.0
-248.787671233 0.0
-247.787671233 0.0
-246.787671233 0.0
-245.787671233 0.0
-244.787671233 0.0
-243.787671233 0.0
-242.787671233 0.0
-241.787671233 0.0
-240.787671233 0.0
-239.787671233 0.0
-238.787671233 0.0
-237.787671233 0.0
-236.787671233 0.0
-235.787671233 0.0
-234.787671233 0.0
-233.787671233 0.0
-232.787671233 0.0
-231.787671233 0.0
-230.787671233 0.0
-229.787671233 0.0
-228.787671233 0.0
-227.787671233 0.0
-226.787671233 0.0
-225.787671233 0.0
-224.787671233 0.0
-223.787671233 0.0
-222.787671233 0.0
-221.787671233 0.0
-220.787671233 0.0
-219.787671233 0.0
-218.787671233 0.0
-217.787671233 0.0
-216.787671233 0.0
-215.787671233 0.0
-214.787671233 0.0
-213.787671233 0.0
-212.787671233 0.0
-211.787671233 0.0
-210.787671233 0.0
-209.787671233 0.0
-208.787671233 0.0
-207.787671233 0.0
-206.787671233 0.0
-205.787671233 0.0
-204.787671233 0.0
-203.787671233 0.0
-202.787671233 0.0
-201.787671233 0.0
-200.787671233 0.0
-199.787671233 0.0
-198.787671233 0.0
-197.787671233 0.0
-196.787671233 0.0
-195.787671233 0.0
-194.787671233 0.0
-193.787671233 0.0
-192.787671233 0.0
-191.787671233 0.0
-190.787671233 0.0
-189.787671233 0.0
-188.787671233 0.0
-187.787671233 0.0
-186.787671233 0.0
-185.787671233 0.0
-184.787671233 0.0
-183.787671233 0.0
-182.787671233 0.0
-181.787671233 0.0
-180.787671233 0.0
-179.787671233 0.0
-178.787671233 0.0
-177.787671233 0.0
-176.787671233 0.0
-175.787671233 0.0
-174.787671233 0.0
-173.787671233 0.0
-172.787671233 0.0
-171.787671233 0.0
-170.787671233 0.0
-169.787671233 0.0
-168.787671233 0.0
-167.787671233 0.0
-166.787671233 0.0
-165.787671233 0.0
-164.787671233 0.0
-163.787671233 0.0
-162.787671233 0.0
-161.787671233 0.0
-160.787671233 0.0
-159.787671233 0.0
-158.787671233 0.0
-157.787671233 0.0
-156.787671233 0.0
-155.787671233 0.0
-154.787671233 0.0
-153.787671233 0.0
-152.787671233 0.0
-151.787671233 0.0
-150.787671233 0.0
-149.787671233 0.0
-148.787671233 0.0
-147.787671233 0.0
-146.787671233 0.0
-145.787671233 0.0
-144.787671233 0.0
-143.787671233 0.0
-142.787671233 0.0
-141.787671233 0.0
-140.787671233 0.0
-139.787671233 0.0
-138.787671233 0.0
-137.787671233 0.0
-136.787671233 0.0
-135.787671233 0.0
-134.787671233 0.0
-133.787671233 0.0
-132.787671233 0.0
-131.787671233 0.0
-130.787671233 0.0
-129.787671233 0.0
-128.787671233 0.0
-127.787671233 0.0
-126.787671233 0.0
-125.787671233 0.0
-124.787671233 0.0
-123.787671233 0.0
-122.787671233 0.0
-121.787671233 0.0
-120.787671233 0.0
-119.787671233 0.0
-118.787671233 0.0
-117.787671233 0.0
-116.787671233 0.0
-115.787671233 0.0
-114.787671233 0.0
-113.787671233 0.0
-112.787671233 0.0
-111.787671233 0.0
-110.787671233 0.0
-109.787671233 0.0
-108.787671233 0.0
-107.787671233 0.0
-106.787671233 0.0
-105.787671233 0.0
-104.787671233 0.0
-103.787671233 0.0
-102.787671233 0.0
-101.787671233 0.0
-100.787671233 0.0
-99.7876712329 0.0
-98.7876712329 0.0
-97.7876712329 0.0
-96.7876712329 0.0
-95.7876712329 0.0
-94.7876712329 0.0
-93.7876712329 0.0
-92.7876712329 0.0
-91.7876712329 0.0
-90.7876712329 0.0
-89.7876712329 0.0
-88.7876712329 0.0
-87.7876712329 0.0
-86.7876712329 0.0
-85.7876712329 0.0
-84.7876712329 0.0
-83.7876712329 0.0
-82.7876712329 0.0
-81.7876712329 0.000000e+00
-81.4452054795 0.000000e+00
-81.102739726 0.000000e+00
-80.7602739726 0.000000e+00
-80.4178082192 0.000000e+00
-80.0753424658 0.000000e+00
-79.7328767123 0.000000e+00
-79.3904109589 0.000000e+00
-79.0479452055 0.000000e+00
-78.7054794521 0.000000e+00
-78.3630136986 0.000000e+00
-78.0205479452 0.000000e+00
-77.6780821918 0.000000e+00
-77.3356164384 0.000000e+00
-76.9931506849 0.000000e+00
-76.6506849315 0.000000e+00
-76.3082191781 0.000000e+00
-75.9657534247 0.000000e+00
-75.6232876712 0.000000e+00
-75.2808219178 0.000000e+00
-74.9383561644 0.000000e+00
-74.595890411 0.000000e+00
-74.2534246575 0.000000e+00
-73.9109589041 0.000000e+00
-73.5684931507 0.000000e+00
-73.2260273973 0.000000e+00
-72.8835616438 0.000000e+00
-72.5410958904 0.000000e+00
-72.198630137 0.000000e+00
-71.8561643836 0.000000e+00
-71.5136986301 0.000000e+00
-71.1712328767 0.000000e+00
-70.8287671233 0.000000e+00
-70.4863013699 0.000000e+00
-70.1438356164 0.000000e+00
-69.801369863 0.000000e+00
-69.4589041096 0.000000e+00
-69.1164383562 0.000000e+00
-68.7739726027 0.000000e+00
-68.4315068493 0.000000e+00
-68.0890410959 0.000000e+00
-67.7465753425 0.000000e+00
-67.404109589 0.000000e+00
-67.0616438356 0.000000e+00
-66.7191780822 0.000000e+00
-66.3767123288 0.000000e+00
-66.0342465753 0.000000e+00
-65.6917808219 0.000000e+00
-65.3493150685 0.000000e+00
-65.0068493151 0.000000e+00
-64.6643835616 0.000000e+00
-64.3219178082 0.000000e+00
-63.9794520548 0.000000e+00
-63.6369863014 0.000000e+00
-63.2945205479 0.000000e+00
-62.9520547945 0.000000e+00
-62.6095890411 0.000000e+00
-62.2671232877 0.000000e+00
-61.9246575342 0.000000e+00
-61.5821917808 0.000000e+00
-61.2397260274 0.000000e+00
-60.897260274 0.000000e+00
-60.5547945205 0.000000e+00
-60.2123287671 0.000000e+00
-59.8698630137 0.000000e+00
-59.5273972603 0.000000e+00
-59.1849315068 0.000000e+00
-58.8424657534 0.000000e+00
-58.5 0.000000e+00
-58.1575342466 0.000000e+00
-57.8150684932 0.000000e+00
-57.4726027397 0.000000e+00
-57.1301369863 0.000000e+00
-56.7876712329 0.000000e+00
-56.4452054795 0.000000e+00
-56.102739726 0.000000e+00
-55.7602739726 0.000000e+00
-55.4178082192 0.000000e+00
-55.0753424658 0.000000e+00
-54.7328767123 0.000000e+00
-54.3904109589 0.000000e+00
-54.0479452055 0.000000e+00
-53.7054794521 0.000000e+00
-53.3630136986 0.000000e+00
-53.0205479452 0.000000e+00
-52.6780821918 0.000000e+00
-52.3356164384 0.000000e+00
-51.9931506849 0.000000e+00
-51.6506849315 0.000000e+00
-51.3082191781 0.000000e+00
-50.9657534247 0.000000e+00
-50.6232876712 0.000000e+00
-50.2808219178 0.000000e+00
-49.9383561644 0.000000e+00
-49.595890411 0.000000e+00
-49.2534246575 0.000000e+00
-48.9109589041 0.000000e+00
-48.5684931507 0.000000e+00
-48.2260273973 0.000000e+00
-47.8835616438 0.000000e+00
-47.5410958904 0.000000e+00
-47.198630137 0.000000e+00
-46.8561643836 0.000000e+00
-46.5136986301 0.000000e+00
-46.1712328767 0.000000e+00
-45.8287671233 0.000000e+00
-45.4863013699 0.000000e+00
-45.1438356164 0.000000e+00
-44.801369863 0.000000e+00
-44.4589041096 0.000000e+00
-44.1164383562 0.000000e+00
-43.7739726027 0.000000e+00
-43.4315068493 0.000000e+00
-43.0890410959 0.000000e+00
-42.7465753425 0.000000e+00
-42.404109589 0.000000e+00
-42.0616438356 0.000000e+00
-41.7191780822 0.000000e+00
-41.3767123288 0.000000e+00
-41.0342465753 0.000000e+00
-40.6917808219 0.000000e+00
-40.3493150685 0.000000e+00
-40.0068493151 0.000000e+00
-39.6643835616 0.000000e+00
-39.3219178082 0.000000e+00
-38.9794520548 0.000000e+00
-38.6369863014 0.000000e+00
-38.2945205479 0.000000e+00
-37.9520547945 0.000000e+00
-37.6095890411 0.000000e+00
-37.2671232877 0.000000e+00
-36.9246575342 0.000000e+00
-36.5821917808 0.000000e+00
-36.2397260274 0.000000e+00
-35.897260274 0.000000e+00
-35.5547945205 0.000000e+00
-35.2123287671 0.000000e+00
-34.8698630137 0.000000e+00
-34.5273972603 0.000000e+00
-34.1849315068 0.000000e+00
-33.8424657534 0.000000e+00
-33.5 0.000000e+00
-33.1575342466 0.000000e+00
-32.8150684932 0.000000e+00
-32.4726027397 0.000000e+00
-32.1301369863 0.000000e+00
-31.7876712329 0.000000e+00
-31.4452054795 0.000000e+00
-31.102739726 0.000000e+00
-30.7602739726 0.000000e+00
-30.4178082192 0.000000e+00
-30.0753424658 0.000000e+00
-29.7328767123 0.000000e+00
-29.3904109589 0.000000e+00
-29.0479452055 0.000000e+00
-28.7054794521 0.000000e+00
-28.3630136986 0.000000e+00
-28.0205479452 0.000000e+00
-27.6780821918 0.000000e+00
-27.3356164384 0.000000e+00
-26.9931506849 0.000000e+00
-26.6506849315 0.000000e+00
-26.3082191781 0.000000e+00
-25.9657534247 0.000000e+00
-25.6232876712 0.000000e+00
-25.2808219178 0.000000e+00
-24.9383561644 0.000000e+00
-24.595890411 0.000000e+00
-24.2534246575 0.000000e+00
-23.9109589041 0.000000e+00
-23.5684931507 0.000000e+00
-23.2260273973 0.000000e+00
-22.8835616438 0.000000e+00
-22.5410958904 0.000000e+00
-22.198630137 0.000000e+00
-21.8561643836 0.000000e+00
-21.5136986301 0.000000e+00
-21.1712328767 0.000000e+00
-20.8287671233 0.000000e+00
-20.4863013699 0.000000e+00
-20.1438356164 0.000000e+00
-19.801369863 0.000000e+00
-19.4589041096 0.000000e+00
-19.1164383562 0.000000e+00
-18.7739726027 0.000000e+00
-18.4315068493 0.000000e+00
-18.0890410959 0.000000e+00
-17.7465753425 0.000000e+00
-17.404109589 0.000000e+00
-17.0616438356 0.000000e+00
-16.7191780822 0.000000e+00
-16.3767123288 0.000000e+00
-16.0342465753 0.000000e+00
-15.6917808219 0.000000e+00
-15.3493150685 0.000000e+00
-15.0068493151 0.000000e+00
-14.6643835616 0.000000e+00
-14.3219178082 0.000000e+00
-13.9794520548 0.000000e+00
-13.6369863014 0.000000e+00
-13.2945205479 0.000000e+00
-12.9520547945 0.000000e+00
-12.6095890411 0.000000e+00
-12.2671232877 0.000000e+00
-11.9246575342 0.000000e+00
-11.5821917808 0.000000e+00
-11.2397260274 0.000000e+00
-10.897260274 0.000000e+00
-10.5547945205 0.000000e+00
-10.2123287671 0.000000e+00
-9.8698630137 0.000000e+00
-9.52739726027 0.000000e+00
-9.18493150685 0.000000e+00
-8.84246575342 0.000000e+00
-8.5 0.000000e+00
-8.15753424658 0.000000e+00
-7.81506849315 0.000000e+00
-7.47260273973 0.000000e+00
-7.1301369863 0.000000e+00
-6.78767123288 0.000000e+00
-6.44520547945 0.000000e+00
-6.10273972603 0.000000e+00
-5.7602739726 0.000000e+00
-5.41780821918 0.000000e+00
-5.07534246575 0.000000e+00
-4.73287671233 0.000000e+00
-4.3904109589 0.000000e+00
-4.04794520548 0.000000e+00
-3.70547945205 0.000000e+00
-3.36301369863 0.000000e+00
-3.02054794521 0.000000e+00
-2.67808219178 0.000000e+00
-2.33561643836 0.000000e+00
-1.99315068493 0.000000e+00
-1.65068493151 0.000000e+00
-1.30821917808 0.000000e+00
-0.965753424658 0.000000e+00
-0.623287671233 0.000000e+00
-0.280821917808 0.000000e+00
0.0616438356164 5.524823e-01
0.404109589041 1.000000e+00
0.746575342466 9.076201e-01
1.08904109589 5.034010e-01
1.43150684932 4.012491e-01
1.77397260274 3.400665e-01
2.11643835616 2.287954e-01
2.45890410959 0.000000e+00
2.80136986301 0.000000e+00
3.14383561644 0.000000e+00
3.48630136986 0.000000e+00
3.82876712329 0.000000e+00
4.17123287671 0.000000e+00
4.51369863014 0.000000e+00
4.85616438356 0.000000e+00
5.19863013699 0.000000e+00
5.54109589041 0.000000e+00
5.88356164384 0.000000e+00
6.22602739726 0.000000e+00
6.56849315068 0.000000e+00
6.91095890411 0.000000e+00
7.25342465753 0.000000e+00
7.59589041096 0.000000e+00
7.93835616438 0.000000e+00
8.28082191781 0.000000e+00
8.62328767123 0.000000e+00
8.96575342466 0.000000e+00
9.30821917808 0.000000e+00
9.65068493151 0.000000e+00
9.99315068493 0.000000e+00
10.3356164384 0.000000e+00
10.6780821918 0.000000e+00
11.0205479452 0.000000e+00
11.3630136986 0.000000e+00
11.7054794521 0.000000e+00
12.0479452055 0.000000e+00
12.3904109589 0.000000e+00
12.7328767123 0.000000e+00
13.0753424658 0.000000e+00
13.4178082192 0.000000e+00
13.7602739726 0.000000e+00
14.102739726 0.000000e+00
14.4452054795 0.000000e+00
14.7876712329 0.000000e+00
15.1301369863 0.000000e+00
15.4726027397 0.000000e+00
15.8150684932 0.000000e+00
16.1575342466 0.000000e+00
16.5 0.000000e+00
16.8424657534 0.000000e+00
17.1849315068 0.000000e+00
17.5273972603 0.000000e+00
17.8698630137 0.000000e+00
18.2123287671 0.000000e+00
18.5547945205 0.000000e+00
18.897260274 0.000000e+00
19.2397260274 0.000000e+00
19.5821917808 0.000000e+00
19.9246575342 0.000000e+00
20.2671232877 0.000000e+00
20.6095890411 0.000000e+00
20.9520547945 0.000000e+00
21.2945205479 0.000000e+00
21.6369863014 0.000000e+00
21.9794520548 0.000000e+00
22.3219178082 0.000000e+00
22.6643835616 0.000000e+00
23.0068493151 0.000000e+00
23.3493150685 0.000000e+00
23.6917808219 0.000000e+00
24.0342465753 0.000000e+00
24.3767123288 0.000000e+00
24.7191780822 0.000000e+00
25.0616438356 0.000000e+00
25.404109589 0.000000e+00
25.7465753425 0.000000e+00
26.0890410959 0.000000e+00
26.4315068493 0.000000e+00
26.7739726027 0.000000e+00
27.1164383562 0.000000e+00
27.4589041096 0.000000e+00
27.801369863 0.000000e+00
28.1438356164 0.000000e+00
28.4863013699 0.000000e+00
28.8287671233 0.000000e+00
29.1712328767 0.000000e+00
29.5136986301 0.000000e+00
29.8561643836 0.000000e+00
30.198630137 0.000000e+00
30.5410958904 0.000000e+00
30.8835616438 0.000000e+00
31.2260273973 0.000000e+00
31.5684931507 0.000000e+00
31.9109589041 0.000000e+00
32.2534246575 0.000000e+00
32.595890411 0.000000e+00
32.9383561644 0.000000e+00
33.2808219178 0.000000e+00
33.6232876712 0.000000e+00
33.9657534247 0.000000e+00
34.3082191781 0.000000e+00
34.6506849315 0.000000e+00
34.9931506849 0.000000e+00
35.3356164384 0.000000e+00
35.6780821918 0.000000e+00
36.0205479452 0.000000e+00
36.3630136986 0.000000e+00
36.7054794521 0.000000e+00
37.0479452055 0.000000e+00
37.3904109589 0.000000e+00
37.7328767123 0.000000e+00
38.0753424658 0.000000e+00
38.4178082192 0.000000e+00
38.7602739726 0.000000e+00
39.102739726 0.000000e+00
39.4452054795 0.000000e+00
39.7876712329 0.000000e+00
40.1301369863 0.000000e+00
40.4726027397 0.000000e+00
40.8150684932 0.000000e+00
41.1575342466 0.000000e+00
41.5 0.000000e+00
41.8424657534 0.000000e+00
42.1849315068 0.000000e+00
42.5273972603 0.000000e+00
42.8698630137 0.000000e+00
43.2123287671 0.000000e+00
43.5547945205 0.000000e+00
43.897260274 0.000000e+00
44.2397260274 0.000000e+00
44.5821917808 0.000000e+00
44.9246575342 0.000000e+00
45.2671232877 0.000000e+00
45.6095890411 0.000000e+00
45.9520547945 0.000000e+00
46.2945205479 0.000000e+00
46.6369863014 0.000000e+00
46.9794520548 0.000000e+00
47.3219178082 0.000000e+00
47.6643835616 0.000000e+00
48.0068493151 0.000000e+00
48.3493150685 0.000000e+00
48.6917808219 0.000000e+00
49.0342465753 0.000000e+00
49.3767123288 0.000000e+00
49.7191780822 0.000000e+00
50.0616438356 0.000000e+00
50.404109589 0.000000e+00
50.7465753425 0.000000e+00
51.0890410959 0.000000e+00
51.4315068493 0.000000e+00
51.7739726027 0.000000e+00
52.1164383562 0.000000e+00
52.4589041096 0.000000e+00
52.801369863 0.000000e+00
53.1438356164 0.000000e+00
53.4863013699 0.000000e+00
53.8287671233 0.000000e+00
54.1712328767 0.000000e+00
54.5136986301 0.000000e+00
54.8561643836 0.000000e+00
55.198630137 0.000000e+00
55.5410958904 0.000000e+00
55.8835616438 0.000000e+00
56.2260273973 0.000000e+00
56.5684931507 0.000000e+00
56.9109589041 0.000000e+00
57.2534246575 0.000000e+00
57.595890411 0.000000e+00
57.9383561644 0.000000e+00
58.2808219178 0.000000e+00
58.6232876712 0.000000e+00
58.9657534247 0.000000e+00
59.3082191781 0.000000e+00
59.6506849315 0.000000e+00
59.9931506849 0.000000e+00
60.3356164384 0.000000e+00
60.6780821918 0.000000e+00
61.0205479452 0.000000e+00
61.3630136986 0.000000e+00
61.7054794521 0.000000e+00
62.0479452055 0.000000e+00
62.3904109589 0.000000e+00
62.7328767123 0.000000e+00
63.0753424658 0.000000e+00
63.4178082192 0.000000e+00
63.7602739726 0.000000e+00
64.102739726 0.000000e+00
64.4452054795 0.000000e+00
64.7876712329 0.000000e+00
65.1301369863 0.000000e+00
65.4726027397 0.000000e+00
65.8150684932 0.000000e+00
66.1575342466 0.000000e+00
66.5 0.000000e+00
66.8424657534 0.000000e+00
67.1849315068 0.000000e+00
67.5273972603 0.000000e+00
67.8698630137 0.000000e+00
68.2123287671 0.000000e+00
68.5547945205 0.000000e+00
68.897260274 0.000000e+00
69.2397260274 0.000000e+00
69.5821917808 0.000000e+00
69.9246575342 0.000000e+00
70.2671232877 0.000000e+00
70.6095890411 0.000000e+00
70.9520547945 0.000000e+00
71.2945205479 0.000000e+00
71.6369863014 0.000000e+00
71.9794520548 0.000000e+00
72.3219178082 0.000000e+00
72.6643835616 0.000000e+00
73.0068493151 0.000000e+00
73.3493150685 0.000000e+00
73.6917808219 0.000000e+00
74.0342465753 0.000000e+00
74.3767123288 0.000000e+00
74.7191780822 0.000000e+00
75.0616438356 0.000000e+00
75.404109589 0.000000e+00
75.7465753425 0.000000e+00
76.0890410959 0.000000e+00
76.4315068493 0.000000e+00
76.7739726027 0.000000e+00
77.1164383562 0.000000e+00
77.4589041096 0.000000e+00
77.801369863 0.000000e+00
78.1438356164 0.000000e+00
78.4863013699 0.000000e+00
78.8287671233 0.000000e+00
79.1712328767 0.000000e+00
79.5136986301 0.000000e+00
79.8561643836 0.000000e+00
80.198630137 0.000000e+00
80.5410958904 0.000000e+00
80.8835616438 0.000000e+00
81.2260273973 0.000000e+00
81.5684931507 0.000000e+00
81.9109589041 0.000000e+00
82.2534246575 0.000000e+00
82.595890411 0.000000e+00
82.9383561644 0.000000e+00
83.2808219178 0.000000e+00
83.6232876712 0.000000e+00
83.9657534247 0.000000e+00
84.3082191781 0.000000e+00
84.6506849315 0.000000e+00
84.9931506849 0.000000e+00
85.3356164384 0.000000e+00
85.6780821918 0.000000e+00
86.0205479452 0.000000e+00
86.3630136986 0.000000e+00
86.7054794521 0.000000e+00
87.0479452055 0.000000e+00
87.3904109589 0.000000e+00
87.7328767123 0.000000e+00
88.0753424658 0.000000e+00
88.4178082192 0.000000e+00
88.7602739726 0.000000e+00
89.102739726 0.000000e+00
89.4452054795 0.000000e+00
89.7876712329 0.000000e+00
90.1301369863 0.000000e+00
90.4726027397 0.000000e+00
90.8150684932 0.000000e+00
91.1575342466 0.000000e+00
91.5 0.000000e+00
91.8424657534 0.000000e+00
92.1849315068 0.000000e+00
92.5273972603 0.000000e+00
92.8698630137 0.000000e+00
93.2123287671 0.000000e+00
93.5547945205 0.000000e+00
93.897260274 0.000000e+00
94.2397260274 0.000000e+00
94.5821917808 0.000000e+00
94.9246575342 0.000000e+00
95.2671232877 0.000000e+00
95.6095890411 0.000000e+00
95.9520547945 0.000000e+00
96.2945205479 0.000000e+00
96.6369863014 0.000000e+00
96.9794520548 0.000000e+00
97.3219178082 0.000000e+00
97.6643835616 0.000000e+00
98.0068493151 0.000000e+00
98.3493150685 0.000000e+00
98.6917808219 0.000000e+00
99.0342465753 0.000000e+00
99.3767123288 0.000000e+00
99.7191780822 0.000000e+00
100.061643836 0.000000e+00
100.404109589 0.000000e+00
100.746575342 0.000000e+00
101.089041096 0.000000e+00
101.431506849 0.000000e+00
101.773972603 0.000000e+00
102.116438356 0.000000e+00
102.45890411 0.000000e+00
102.801369863 0.000000e+00
103.143835616 0.000000e+00
103.48630137 0.000000e+00
103.828767123 0.000000e+00
104.171232877 0.000000e+00
104.51369863 0.000000e+00
104.856164384 0.000000e+00
105.198630137 0.000000e+00
105.54109589 0.000000e+00
105.883561644 0.000000e+00
106.226027397 0.000000e+00
106.568493151 0.000000e+00
106.910958904 0.000000e+00
107.253424658 0.000000e+00
107.595890411 0.000000e+00
107.938356164 0.000000e+00
108.280821918 0.000000e+00
108.623287671 0.000000e+00
108.965753425 0.000000e+00
109.308219178 0.000000e+00
109.650684932 0.000000e+00
109.993150685 0.000000e+00
110.335616438 0.000000e+00
110.678082192 0.000000e+00
111.020547945 0.000000e+00
111.363013699 0.000000e+00
111.705479452 0.000000e+00
112.047945205 0.000000e+00
112.390410959 0.000000e+00
112.732876712 0.000000e+00
113.075342466 0.000000e+00
113.417808219 0.000000e+00
113.760273973 0.000000e+00
114.102739726 0.000000e+00
114.445205479 0.000000e+00
114.787671233 0.000000e+00
115.130136986 0.000000e+00
115.47260274 0.000000e+00
115.815068493 0.000000e+00
116.157534247 0.000000e+00
116.5 0.000000e+00
116.842465753 0.000000e+00
117.184931507 0.000000e+00
117.52739726 0.000000e+00
117.869863014 0.000000e+00
118.212328767 0.000000e+00
118.554794521 0.000000e+00
118.897260274 0.000000e+00
119.239726027 0.000000e+00
119.582191781 0.000000e+00
119.924657534 0.000000e+00
120.267123288 0.000000e+00
120.609589041 0.000000e+00
120.952054795 0.000000e+00
121.294520548 0.000000e+00
121.636986301 0.000000e+00
121.979452055 0.000000e+00
122.321917808 0.000000e+00
122.664383562 0.000000e+00
123.006849315 0.000000e+00
123.349315068 0.000000e+00
123.691780822 0.000000e+00
124.034246575 0.000000e+00
124.376712329 0.000000e+00
124.719178082 0.000000e+00
125.061643836 0.000000e+00
125.404109589 0.000000e+00
125.746575342 0.000000e+00
126.089041096 0.000000e+00
126.431506849 0.000000e+00
126.773972603 0.000000e+00
127.116438356 0.000000e+00
127.45890411 0.000000e+00
127.801369863 0.000000e+00
128.143835616 0.000000e+00
128.48630137 0.000000e+00
128.828767123 0.000000e+00
129.171232877 0.000000e+00
129.51369863 0.000000e+00
129.856164384 0.000000e+00
130.198630137 0.000000e+00
130.54109589 0.000000e+00
130.883561644 0.000000e+00
131.226027397 0.000000e+00
131.568493151 0.000000e+00
131.910958904 0.000000e+00
132.253424658 0.000000e+00
132.595890411 0.000000e+00
132.938356164 0.000000e+00
133.280821918 0.000000e+00
133.623287671 0.000000e+00
133.965753425 0.000000e+00
134.308219178 0.000000e+00
134.650684932 0.000000e+00
134.993150685 0.000000e+00
135.335616438 0.000000e+00
135.678082192 0.000000e+00
136.020547945 0.000000e+00
136.363013699 0.000000e+00
136.705479452 0.000000e+00
137.047945205 0.000000e+00
137.390410959 0.000000e+00
137.732876712 0.000000e+00
138.075342466 0.000000e+00
138.417808219 0.000000e+00
138.760273973 0.000000e+00
139.102739726 0.000000e+00
139.445205479 0.000000e+00
139.787671233 0.000000e+00
140.130136986 0.000000e+00
140.47260274 0.000000e+00
140.815068493 0.000000e+00
141.157534247 0.000000e+00
141.5 0.000000e+00
141.842465753 0.000000e+00
142.184931507 0.000000e+00
142.52739726 0.000000e+00
142.869863014 0.000000e+00
143.212328767 0.000000e+00
143.554794521 0.000000e+00
143.897260274 0.000000e+00
144.239726027 0.000000e+00
144.582191781 0.000000e+00
144.924657534 0.000000e+00
145.267123288 0.000000e+00
145.609589041 0.000000e+00
145.952054795 0.000000e+00
146.294520548 0.000000e+00
146.636986301 0.000000e+00
146.979452055 0.000000e+00
147.321917808 0.000000e+00
147.664383562 0.000000e+00
148.006849315 0.000000e+00
148.349315068 0.000000e+00
148.691780822 0.000000e+00
149.034246575 0.000000e+00
149.376712329 0.000000e+00
149.719178082 0.000000e+00
150.061643836 0.000000e+00
150.404109589 0.000000e+00
150.746575342 0.000000e+00
151.089041096 0.000000e+00
151.431506849 0.000000e+00
151.773972603 0.000000e+00
152.116438356 0.000000e+00
152.45890411 0.000000e+00
152.801369863 0.000000e+00
153.143835616 0.000000e+00
153.48630137 0.000000e+00
153.828767123 0.000000e+00
154.171232877 0.000000e+00
154.51369863 0.000000e+00
154.856164384 0.000000e+00
155.198630137 0.000000e+00
155.54109589 0.000000e+00
155.883561644 0.000000e+00
156.226027397 0.000000e+00
156.568493151 0.000000e+00
156.910958904 0.000000e+00
157.253424658 0.000000e+00
157.595890411 0.000000e+00
157.938356164 0.000000e+00
158.280821918 0.000000e+00
158.623287671 0.000000e+00
158.965753425 0.000000e+00
159.308219178 0.000000e+00
159.650684932 0.000000e+00
159.993150685 0.000000e+00
160.335616438 0.000000e+00
160.678082192 0.000000e+00
161.020547945 0.000000e+00
161.363013699 0.000000e+00
161.705479452 0.000000e+00
162.047945205 0.000000e+00
162.390410959 0.000000e+00
162.732876712 0.000000e+00
163.075342466 0.000000e+00
163.417808219 0.000000e+00
163.760273973 0.000000e+00
164.102739726 0.000000e+00
164.445205479 0.000000e+00
164.787671233 0.000000e+00
165.130136986 0.000000e+00
165.47260274 0.000000e+00
165.815068493 0.000000e+00
166.157534247 0.000000e+00
166.5 0.000000e+00
166.842465753 0.000000e+00
167.184931507 0.000000e+00
167.52739726 0.000000e+00
167.869863014 0.000000e+00
168.212328767 0.000000e+00
168.554794521 0.000000e+00
168.897260274 0.000000e+00
169.239726027 0.000000e+00
169.582191781 0.000000e+00
169.924657534 0.000000e+00
170.267123288 0.000000e+00
170.609589041 0.000000e+00
170.952054795 0.000000e+00
171.294520548 0.000000e+00
171.636986301 0.000000e+00
171.979452055 0.000000e+00
172.321917808 0.000000e+00
172.664383562 0.000000e+00
173.006849315 0.000000e+00
173.349315068 0.000000e+00
173.691780822 0.000000e+00
174.034246575 0.000000e+00
174.376712329 0.000000e+00
174.719178082 0.000000e+00
175.061643836 0.000000e+00
175.404109589 0.000000e+00
175.746575342 0.000000e+00
176.089041096 0.000000e+00
176.431506849 0.000000e+00
176.773972603 0.000000e+00
177.116438356 0.000000e+00
177.45890411 0.000000e+00
177.801369863 0.000000e+00
178.143835616 0.000000e+00
178.48630137 0.000000e+00
178.828767123 0.000000e+00
179.171232877 0.000000e+00
179.51369863 0.000000e+00
179.856164384 0.000000e+00
180.198630137 0.000000e+00
180.54109589 0.000000e+00
180.883561644 0.000000e+00
181.226027397 0.000000e+00
181.568493151 0.000000e+00
181.910958904 0.000000e+00
182.253424658 0.000000e+00
182.595890411 0.000000e+00
182.938356164 0.000000e+00
183.280821918 0.000000e+00
183.623287671 0.000000e+00
183.965753425 0.000000e+00
184.308219178 0.000000e+00
184.650684932 0.000000e+00
184.993150685 0.000000e+00
185.335616438 0.000000e+00
185.678082192 0.000000e+00
186.020547945 0.000000e+00
186.363013699 0.000000e+00
186.705479452 0.000000e+00
187.047945205 0.000000e+00
187.390410959 0.000000e+00
187.732876712 0.000000e+00
188.075342466 0.000000e+00
188.417808219 0.000000e+00
188.760273973 0.000000e+00
189.102739726 0.000000e+00
189.445205479 0.000000e+00
189.787671233 0.000000e+00
190.130136986 0.000000e+00
190.47260274 0.000000e+00
190.815068493 0.000000e+00
191.157534247 0.000000e+00
191.5 0.000000e+00
191.842465753 0.000000e+00
192.184931507 0.000000e+00
192.52739726 0.000000e+00
192.869863014 0.000000e+00
193.212328767 0.000000e+00
193.554794521 0.000000e+00
193.897260274 0.000000e+00
194.239726027 0.000000e+00
194.582191781 0.000000e+00
194.924657534 0.000000e+00
195.267123288 0.000000e+00
195.609589041 0.000000e+00
195.952054795 0.000000e+00
196.294520548 0.000000e+00
196.636986301 0.000000e+00
196.979452055 0.000000e+00
197.321917808 0.000000e+00
197.664383562 0.000000e+00
198.006849315 0.000000e+00
198.349315068 0.000000e+00
198.691780822 0.000000e+00
199.034246575 0.000000e+00
199.376712329 0.000000e+00
199.719178082 0.000000e+00
200.061643836 0.000000e+00
200.404109589 0.000000e+00
200.746575342 0.000000e+00
201.089041096 0.000000e+00
201.431506849 0.000000e+00
201.773972603 0.000000e+00
202.116438356 0.000000e+00
202.45890411 0.000000e+00
202.801369863 0.000000e+00
203.143835616 0.000000e+00
203.48630137 0.000000e+00
203.828767123 0.000000e+00
204.171232877 0.000000e+00
204.51369863 0.000000e+00
204.856164384 0.000000e+00
205.198630137 0.000000e+00
205.54109589 0.000000e+00
205.883561644 0.000000e+00
206.226027397 0.000000e+00
206.568493151 0.000000e+00
206.910958904 0.000000e+00
207.253424658 0.000000e+00
207.595890411 0.000000e+00
207.938356164 0.000000e+00
208.280821918 0.000000e+00
208.623287671 0.000000e+00
208.965753425 0.000000e+00
209.308219178 0.000000e+00
209.650684932 0.000000e+00
209.993150685 0.000000e+00
210.335616438 0.000000e+00
210.678082192 0.000000e+00
211.020547945 0.000000e+00
211.363013699 0.000000e+00
211.705479452 0.000000e+00
212.047945205 0.000000e+00
212.390410959 0.000000e+00
212.732876712 0.000000e+00
213.075342466 0.000000e+00
213.417808219 0.000000e+00
213.760273973 0.000000e+00
214.102739726 0.000000e+00
214.445205479 0.000000e+00
214.787671233 0.000000e+00
215.130136986 0.000000e+00
215.47260274 0.000000e+00
215.815068493 0.000000e+00
216.157534247 0.000000e+00
216.5 0.000000e+00
216.842465753 0.000000e+00
217.184931507 0.000000e+00
217.52739726 0.000000e+00
217.869863014 0.000000e+00
218.212328767 0.000000e+00
218.554794521 0.000000e+00
218.897260274 0.000000e+00
219.239726027 0.000000e+00
219.582191781 0.000000e+00
219.924657534 0.000000e+00
220.267123288 0.000000e+00
220.609589041 0.000000e+00
220.952054795 0.000000e+00
221.294520548 0.000000e+00
221.636986301 0.000000e+00
221.979452055 0.000000e+00
222.321917808 0.000000e+00
222.664383562 0.000000e+00
223.006849315 0.000000e+00
223.349315068 0.000000e+00
223.691780822 0.000000e+00
224.034246575 0.000000e+00
224.376712329 0.000000e+00
224.719178082 0.000000e+00
225.061643836 0.000000e+00
225.404109589 0.000000e+00
225.746575342 0.000000e+00
226.089041096 0.000000e+00
226.431506849 0.000000e+00
226.773972603 0.000000e+00
227.116438356 0.000000e+00
227.45890411 0.000000e+00
227.801369863 0.000000e+00
228.143835616 0.000000e+00
228.48630137 0.000000e+00
228.828767123 0.000000e+00
229.171232877 0.000000e+00
229.51369863 0.000000e+00
229.856164384 0.000000e+00
230.198630137 0.000000e+00
230.54109589 0.000000e+00
230.883561644 0.000000e+00
231.226027397 0.000000e+00
231.568493151 0.000000e+00
231.910958904 0.000000e+00
232.253424658 0.000000e+00
232.595890411 0.000000e+00
232.938356164 0.000000e+00
233.280821918 0.000000e+00
233.623287671 0.000000e+00
233.965753425 0.000000e+00
234.308219178 0.000000e+00
234.650684932 0.000000e+00
234.993150685 0.000000e+00
235.335616438 0.000000e+00
235.678082192 0.000000e+00
236.020547945 0.000000e+00
236.363013699 0.000000e+00
236.705479452 0.000000e+00
237.047945205 0.000000e+00
237.390410959 0.000000e+00
237.732876712 0.000000e+00
238.075342466 0.000000e+00
238.417808219 0.000000e+00
238.760273973 0.000000e+00
239.102739726 0.000000e+00
239.445205479 0.000000e+00
239.787671233 0.000000e+00
240.130136986 0.000000e+00
240.47260274 0.000000e+00
240.815068493 0.000000e+00
241.157534247 0.000000e+00
241.5 0.000000e+00
241.842465753 0.000000e+00
242.184931507 0.000000e+00
242.52739726 0.000000e+00
242.869863014 0.000000e+00
243.212328767 0.000000e+00
243.554794521 0.000000e+00
243.897260274 0.000000e+00
244.239726027 0.000000e+00
244.582191781 0.000000e+00
244.924657534 0.000000e+00
245.267123288 0.000000e+00
245.609589041 0.000000e+00
245.952054795 0.000000e+00
246.294520548 0.000000e+00
246.636986301 0.000000e+00
246.979452055 0.000000e+00
247.321917808 0.000000e+00
247.664383562 0.000000e+00
248.006849315 0.000000e+00
248.349315068 0.000000e+00
248.691780822 0.000000e+00
249.034246575 0.000000e+00
249.376712329 0.000000e+00
249.719178082 0.000000e+00
250.061643836 0.000000e+00
250.404109589 0.000000e+00
250.746575342 0.000000e+00
251.089041096 0.000000e+00
251.431506849 0.000000e+00
251.773972603 0.000000e+00
252.116438356 0.000000e+00
252.45890411 0.000000e+00
252.801369863 0.000000e+00
253.143835616 0.000000e+00
253.48630137 0.000000e+00
253.828767123 0.000000e+00
254.171232877 0.000000e+00
254.51369863 0.000000e+00
254.856164384 0.000000e+00
255.198630137 0.000000e+00
255.54109589 0.000000e+00
255.883561644 0.000000e+00
256.226027397 0.000000e+00
256.568493151 0.000000e+00
256.910958904 0.000000e+00
257.253424658 0.000000e+00
257.595890411 0.000000e+00
257.938356164 0.000000e+00
258.280821918 0.000000e+00
258.623287671 0.000000e+00
258.965753425 0.000000e+00
259.308219178 0.000000e+00
259.650684932 0.000000e+00
259.993150685 0.000000e+00
260.335616438 0.000000e+00
260.678082192 0.000000e+00
261.020547945 0.000000e+00
261.363013699 0.000000e+00
261.705479452 0.000000e+00
262.047945205 0.000000e+00
262.390410959 0.000000e+00
262.732876712 0.000000e+00
263.075342466 0.000000e+00
263.417808219 0.000000e+00
263.760273973 0.000000e+00
264.102739726 0.000000e+00
264.445205479 0.000000e+00
264.787671233 0.000000e+00
265.130136986 0.000000e+00
265.47260274 0.000000e+00
265.815068493 0.000000e+00
266.157534247 0.000000e+00
266.5 0.000000e+00
266.842465753 0.000000e+00
267.184931507 0.000000e+00
267.52739726 0.000000e+00
267.869863014 0.000000e+00
268.212328767 0.000000e+00
268.554794521 0.000000e+00
268.897260274 0.000000e+00
269.239726027 0.000000e+00
269.582191781 0.000000e+00
269.924657534 0.000000e+00
270.267123288 0.000000e+00
270.609589041 0.000000e+00
270.952054795 0.000000e+00
271.294520548 0.000000e+00
271.636986301 0.000000e+00
271.979452055 0.000000e+00
272.321917808 0.000000e+00
272.664383562 0.000000e+00
273.006849315 0.000000e+00
273.349315068 0.000000e+00
273.691780822 0.000000e+00
274.034246575 0.000000e+00
274.376712329 0.000000e+00
274.719178082 0.000000e+00
275.061643836 0.000000e+00
275.404109589 0.000000e+00
275.746575342 0.000000e+00
276.089041096 0.000000e+00
276.431506849 0.000000e+00
276.773972603 0.000000e+00
277.116438356 0.000000e+00
277.45890411 0.000000e+00
277.801369863 0.000000e+00
278.143835616 0.000000e+00
278.48630137 0.000000e+00
278.828767123 0.000000e+00
279.171232877 0.000000e+00
279.51369863 0.000000e+00
279.856164384 0.000000e+00
280.198630137 0.000000e+00
280.54109589 0.000000e+00
280.883561644 0.000000e+00
281.226027397 0.000000e+00
281.568493151 0.000000e+00
281.910958904 0.000000e+00
282.253424658 0.000000e+00
282.595890411 0.000000e+00
282.938356164 0.000000e+00
283.280821918 0.000000e+00
283.623287671 0.000000e+00
283.965753425 0.000000e+00
284.308219178 0.000000e+00
284.650684932 0.000000e+00
284.993150685 0.000000e+00
285.335616438 0.000000e+00
285.678082192 0.000000e+00
286.020547945 0.000000e+00
286.363013699 0.000000e+00
286.705479452 0.000000e+00
287.047945205 0.000000e+00
287.390410959 0.000000e+00
287.732876712 0.000000e+00
288.075342466 0.000000e+00
288.417808219 0.000000e+00
288.760273973 0.000000e+00
289.102739726 0.000000e+00
289.445205479 0.000000e+00
289.787671233 0.000000e+00
290.130136986 0.000000e+00
290.47260274 0.000000e+00
290.815068493 0.000000e+00
291.157534247 0.000000e+00
291.5 0.000000e+00
291.842465753 0.000000e+00
292.184931507 0.000000e+00
292.52739726 0.000000e+00
292.869863014 0.000000e+00
293.212328767 0.000000e+00
293.554794521 0.000000e+00
293.897260274 0.000000e+00
294.239726027 0.000000e+00
294.582191781 0.000000e+00
294.924657534 0.000000e+00
295.267123288 0.000000e+00
295.609589041 0.000000e+00
295.952054795 0.000000e+00
296.294520548 0.000000e+00
296.636986301 0.000000e+00
296.979452055 0.000000e+00
297.321917808 0.000000e+00
297.664383562 0.000000e+00
298.006849315 0.000000e+00
298.349315068 0.000000e+00
298.691780822 0.000000e+00
299.034246575 0.000000e+00
299.376712329 0.000000e+00
299.719178082 0.000000e+00
300.061643836 0.000000e+00
300.404109589 0.000000e+00
300.746575342 0.000000e+00
301.089041096 0.000000e+00
301.431506849 0.000000e+00
301.773972603 0.000000e+00
302.116438356 0.000000e+00
302.45890411 0.000000e+00
302.801369863 0.000000e+00
303.143835616 0.000000e+00
303.48630137 0.000000e+00
303.828767123 0.000000e+00
304.171232877 0.000000e+00
304.51369863 0.000000e+00
304.856164384 0.000000e+00
305.198630137 0.000000e+00
305.54109589 0.000000e+00
305.883561644 0.000000e+00
306.226027397 0.000000e+00
306.568493151 0.000000e+00
306.910958904 0.000000e+00
307.253424658 0.000000e+00
307.595890411 0.000000e+00
307.938356164 0.000000e+00
308.280821918 0.000000e+00
308.623287671 0.000000e+00
308.965753425 0.000000e+00
309.308219178 0.000000e+00
309.650684932 0.000000e+00
309.993150685 0.000000e+00
310.335616438 0.000000e+00
310.678082192 0.000000e+00
311.020547945 0.000000e+00
311.363013699 0.000000e+00
311.705479452 0.000000e+00
312.047945205 0.000000e+00
312.390410959 0.000000e+00
312.732876712 0.000000e+00
313.075342466 0.000000e+00
313.417808219 0.000000e+00
313.760273973 0.000000e+00
314.102739726 0.000000e+00
314.445205479 0.000000e+00
314.787671233 0.000000e+00
315.130136986 0.000000e+00
315.47260274 0.000000e+00
315.815068493 0.000000e+00
316.157534247 0.000000e+00
316.5 0.000000e+00
316.842465753 0.000000e+00
317.184931507 0.000000e+00
317.52739726 0.000000e+00
317.869863014 0.000000e+00
318.212328767 0.000000e+00
318.554794521 0.000000e+00
318.897260274 0.000000e+00
319.239726027 0.000000e+00
319.582191781 0.000000e+00
319.924657534 0.000000e+00
320.267123288 0.000000e+00
320.609589041 0.000000e+00
320.952054795 0.000000e+00
321.294520548 0.000000e+00
321.636986301 0.000000e+00
321.979452055 0.000000e+00
322.321917808 0.000000e+00
322.664383562 0.000000e+00
323.006849315 0.000000e+00
323.349315068 0.000000e+00
323.691780822 0.000000e+00
324.034246575 0.000000e+00
324.376712329 0.000000e+00
324.719178082 0.000000e+00
325.061643836 0.000000e+00
325.404109589 0.000000e+00
325.746575342 0.000000e+00
326.089041096 0.000000e+00
326.431506849 0.000000e+00
326.773972603 0.000000e+00
327.116438356 0.000000e+00
327.45890411 0.000000e+00
327.801369863 0.000000e+00
328.143835616 0.000000e+00
328.48630137 0.000000e+00
328.828767123 0.000000e+00
329.171232877 0.000000e+00
329.51369863 0.000000e+00
330.51369863 0.0
331.51369863 0.0
332.51369863 0.0
333.51369863 0.0
334.51369863 0.0
335.51369863 0.0
336.51369863 0.0
337.51369863 0.0
338.51369863 0.0
339.51369863 0.0
340.51369863 0.0
341.51369863 0.0
342.51369863 0.0
343.51369863 0.0
344.51369863 0.0
345.51369863 0.0
346.51369863 0.0
347.51369863 0.0
348.51369863 0.0
349.51369863 0.0
350.51369863 0.0
351.51369863 0.0
352.51369863 0.0
353.51369863 0.0
354.51369863 0.0
355.51369863 0.0
356.51369863 0.0
357.51369863 0.0
358.51369863 0.0
359.51369863 0.0
360.51369863 0.0
361.51369863 0.0
362.51369863 0.0
363.51369863 0.0
364.51369863 0.0
365.51369863 0.0
366.51369863 0.0
367.51369863 0.0
368.51369863 0.0
369.51369863 0.0
370.51369863 0.0
371.51369863 0.0
372.51369863 0.0
373.51369863 0.0
374.51369863 0.0
375.51369863 0.0
376.51369863 0.0
377.51369863 0.0
378.51369863 0.0
379.51369863 0.0
380.51369863 0.0
381.51369863 0.0
382.51369863 0.0
383.51369863 0.0
384.51369863 0.0
385.51369863 0.0
386.51369863 0.0
387.51369863 0.0
388.51369863 0.0
389.51369863 0.0
390.51369863 0.0
391.51369863 0.0
392.51369863 0.0
393.51369863 0.0
394.51369863 0.0
395.51369863 0.0
396.51369863 0.0
397.51369863 0.0
398.51369863 0.0
399.51369863 0.0
400.51369863 0.0
401.51369863 0.0
402.51369863 0.0
403.51369863 0.0
404.51369863 0.0
405.51369863 0.0
406.51369863 0.0
407.51369863 0.0
408.51369863 0.0
409.51369863 0.0
410.51369863 0.0
411.51369863 0.0
412.51369863 0.0
413.51369863 0.0
414.51369863 0.0
415.51369863 0.0
416.51369863 0.0
417.51369863 0.0
418.51369863 0.0
419.51369863 0.0
420.51369863 0.0
421.51369863 0.0
422.51369863 0.0
423.51369863 0.0
424.51369863 0.0
425.51369863 0.0
426.51369863 0.0
427.51369863 0.0
428.51369863 0.0
429.51369863 0.0
430.51369863 0.0
431.51369863 0.0
432.51369863 0.0
433.51369863 0.0
434.51369863 0.0
435.51369863 0.0
436.51369863 0.0
437.51369863 0.0
438.51369863 0.0
439.51369863 0.0
440.51369863 0.0
441.51369863 0.0
442.51369863 0.0
443.51369863 0.0
444.51369863 0.0
445.51369863 0.0
446.51369863 0.0
447.51369863 0.0
448.51369863 0.0
449.51369863 0.0
450.51369863 0.0
451.51369863 0.0
452.51369863 0.0
453.51369863 0.0
454.51369863 0.0
455.51369863 0.0
456.51369863 0.0
457.51369863 0.0
458.51369863 0.0
459.51369863 0.0
460.51369863 0.0
461.51369863 0.0
462.51369863 0.0
463.51369863 0.0
464.51369863 0.0
465.51369863 0.0
466.51369863 0.0
467.51369863 0.0
468.51369863 0.0
469.51369863 0.0
470.51369863 0.0
471.51369863 0.0
472.51369863 0.0
473.51369863 0.0
474.51369863 0.0
475.51369863 0.0
476.51369863 0.0
477.51369863 0.0
478.51369863 0.0
479.51369863 0.0
480.51369863 0.0
481.51369863 0.0
482.51369863 0.0
483.51369863 0.0
484.51369863 0.0
485.51369863 0.0
486.51369863 0.0
487.51369863 0.0
488.51369863 0.0
489.51369863 0.0
490.51369863 0.0
491.51369863 0.0
492.51369863 0.0
493.51369863 0.0
494.51369863 0.0
495.51369863 0.0
496.51369863 0.0
497.51369863 0.0
498.51369863 0.0
499.51369863 0.0
500.51369863 0.0
501.51369863 0.0
502.51369863 0.0
503.51369863 0.0
504.51369863 0.0
505.51369863 0.0
506.51369863 0.0
507.51369863 0.0
508.51369863 0.0
509.51369863 0.0
510.51369863 0.0
511.51369863 0.0
512.51369863 0.0
513.51369863 0.0
514.51369863 0.0
515.51369863 0.0
516.51369863 0.0
517.51369863 0.0
518.51369863 0.0
519.51369863 0.0
520.51369863 0.0
521.51369863 0.0
522.51369863 0.0
523.51369863 0.0
524.51369863 0.0
525.51369863 0.0
526.51369863 0.0
527.51369863 0.0
528.51369863 0.0
529.51369863 0.0
530.51369863 0.0
531.51369863 0.0
532.51369863 0.0
533.51369863 0.0
534.51369863 0.0
535.51369863 0.0
536.51369863 0.0
537.51369863 0.0
538.51369863 0.0
539.51369863 0.0
540.51369863 0.0
541.51369863 0.0
542.51369863 0.0
543.51369863 0.0
544.51369863 0.0
545.51369863 0.0
546.51369863 0.0
547.51369863 0.0
548.51369863 0.0
549.51369863 0.0
550.51369863 0.0
551.51369863 0.0
552.51369863 0.0
553.51369863 0.0
554.51369863 0.0
555.51369863 0.0
556.51369863 0.0
557.51369863 0.0
558.51369863 0.0
559.51369863 0.0
560.51369863 0.0
561.51369863 0.0
562.51369863 0.0
563.51369863 0.0
564.51369863 0.0
565.51369863 0.0
566.51369863 0.0
567.51369863 0.0
568.51369863 0.0
569.51369863 0.0
570.51369863 0.0
571.51369863 0.0
572.51369863 0.0
573.51369863 0.0
574.51369863 0.0
575.51369863 0.0
576.51369863 0.0
577.51369863 0.0
578.51369863 0.0
579.51369863 0.0
580.51369863 0.0
581.51369863 0.0
582.51369863 0.0
583.51369863 0.0
584.51369863 0.0
585.51369863 0.0
586.51369863 0.0
587.51369863 0.0
588.51369863 0.0
589.51369863 0.0
590.51369863 0.0
591.51369863 0.0
592.51369863 0.0
593.51369863 0.0
594.51369863 0.0
595.51369863 0.0
596.51369863 0.0
597.51369863 0.0
598.51369863 0.0
599.51369863 0.0
600.51369863 0.0
601.51369863 0.0
602.51369863 0.0
603.51369863 0.0
604.51369863 0.0
605.51369863 0.0
606.51369863 0.0
607.51369863 0.0
608.51369863 0.0
609.51369863 0.0
610.51369863 0.0
611.51369863 0.0
612.51369863 0.0
613.51369863 0.0
614.51369863 0.0
615.51369863 0.0
616.51369863 0.0
617.51369863 0.0
618.51369863 0.0
619.51369863 0.0
620.51369863 0.0
621.51369863 0.0
622.51369863 0.0
623.51369863 0.0
624.51369863 0.0
625.51369863 0.0
626.51369863 0.0
627.51369863 0.0
628.51369863 0.0
629.51369863 0.0
630.51369863 0.0
631.51369863 0.0
632.51369863 0.0
633.51369863 0.0
634.51369863 0.0
635.51369863 0.0
636.51369863 0.0
637.51369863 0.0
638.51369863 0.0
639.51369863 0.0
640.51369863 0.0
641.51369863 0.0
642.51369863 0.0
643.51369863 0.0
644.51369863 0.0
645.51369863 0.0
646.51369863 0.0
647.51369863 0.0
648.51369863 0.0
649.51369863 0.0
650.51369863 0.0
651.51369863 0.0
652.51369863 0.0
653.51369863 0.0
654.51369863 0.0
655.51369863 0.0
656.51369863 0.0
657.51369863 0.0
658.51369863 0.0
659.51369863 0.0
660.51369863 0.0
661.51369863 0.0
662.51369863 0.0
663.51369863 0.0
664.51369863 0.0
665.51369863 0.0
666.51369863 0.0
667.51369863 0.0
668.51369863 0.0
669.51369863 0.0
670.51369863 0.0
671.51369863 0.0
672.51369863 0.0
673.51369863 0.0
674.51369863 0.0
675.51369863 0.0
676.51369863 0.0
677.51369863 0.0
678.51369863 0.0
679.51369863 0.0
680.51369863 0.0
681.51369863 0.0
682.51369863 0.0
683.51369863 0.0
684.51369863 0.0
685.51369863 0.0
686.51369863 0.0
687.51369863 0.0
688.51369863 0.0
689.51369863 0.0
690.51369863 0.0
691.51369863 0.0
692.51369863 0.0
693.51369863 0.0
694.51369863 0.0
695.51369863 0.0
696.51369863 0.0
697.51369863 0.0
698.51369863 0.0
699.51369863 0.0
700.51369863 0.0
701.51369863 0.0
702.51369863 0.0
703.51369863 0.0
704.51369863 0.0
705.51369863 0.0
706.51369863 0.0
707.51369863 0.0
708.51369863 0.0
709.51369863 0.0
710.51369863 0.0
711.51369863 0.0
712.51369863 0.0
713.51369863 0.0
714.51369863 0.0
715.51369863 0.0
716.51369863 0.0
717.51369863 0.0
718.51369863 0.0
719.51369863 0.0
720.51369863 0.0
721.51369863 0.0
722.51369863 0.0
723.51369863 0.0
724.51369863 0.0
725.51369863 0.0
726.51369863 0.0
727.51369863 0.0
728.51369863 0.0
729.51369863 0.0
730.51369863 0.0
731.51369863 0.0
732.51369863 0.0
733.51369863 0.0
734.51369863 0.0
735.51369863 0.0
736.51369863 0.0
737.51369863 0.0
738.51369863 0.0
739.51369863 0.0
740.51369863 0.0
741.51369863 0.0
742.51369863 0.0
743.51369863 0.0
744.51369863 0.0
745.51369863 0.0
746.51369863 0.0
747.51369863 0.0
748.51369863 0.0
749.51369863 0.0
750.51369863 0.0
751.51369863 0.0
752.51369863 0.0
753.51369863 0.0
754.51369863 0.0
755.51369863 0.0
756.51369863 0.0
757.51369863 0.0
758.51369863 0.0
759.51369863 0.0
760.51369863 0.0
761.51369863 0.0
762.51369863 0.0
763.51369863 0.0
764.51369863 0.0
765.51369863 0.0
766.51369863 0.0
767.51369863 0.0
768.51369863 0.0
769.51369863 0.0
770.51369863 0.0
771.51369863 0.0
772.51369863 0.0
773.51369863 0.0
774.51369863 0.0
775.51369863 0.0
776.51369863 0.0
777.51369863 0.0
778.51369863 0.0
779.51369863 0.0
780.51369863 0.0
781.51369863 0.0
782.51369863 0.0
783.51369863 0.0
784.51369863 0.0
785.51369863 0.0
786.51369863 0.0
787.51369863 0.0
788.51369863 0.0
789.51369863 0.0
790.51369863 0.0
791.51369863 0.0
792.51369863 0.0
793.51369863 0.0
794.51369863 0.0
795.51369863 0.0
796.51369863 0.0
797.51369863 0.0
798.51369863 0.0
799.51369863 0.0
800.51369863 0.0
801.51369863 0.0
802.51369863 0.0
803.51369863 0.0
804.51369863 0.0
805.51369863 0.0
806.51369863 0.0
807.51369863 0.0
808.51369863 0.0
809.51369863 0.0
810.51369863 0.0
811.51369863 0.0
812.51369863 0.0
813.51369863 0.0
814.51369863 0.0
815.51369863 0.0
816.51369863 0.0
817.51369863 0.0
818.51369863 0.0
819.51369863 0.0
820.51369863 0.0
821.51369863 0.0
822.51369863 0.0
823.51369863 0.0
824.51369863 0.0
825.51369863 0.0
826.51369863 0.0
827.51369863 0.0
828.51369863 0.0
829.51369863 0.0
