-629.845652174 0.0
-628.845652174 0.0
-627.845652174 0.0
-626.845652174 0.0
-625.845652174 0.0
-624.845652174 0.0
-623.845652174 0.0
-622.845652174 0.0
-621.845652174 0.0
-620.845652174 0.0
-619.845652174 0.0
-618.845652174 0.0
-617.845652174 0.0
-616.845652174 0.0
-615.845652174 0.0
-614.845652174 0.0
-613.845652174 0.0
-612.845652174 0.0
-611.845652174 0.0
-610.845652174 0.0
-609.845652174 0.0
-608.845652174 0.0
-607.845652174 0.0
-606.845652174 0.0
-605.845652174 0.0
-604.845652174 0.0
-603.845652174 0.0
-602.845652174 0.0
-601.845652174 0.0
-600.845652174 0.0
-599.845652174 0.0
-598.845652174 0.0
-597.845652174 0.0
-596.845652174 0.0
-595.845652174 0.0
-594.845652174 0.0
-593.845652174 0.0
-592.845652174 0.0
-591.845652174 0.0
-590.845652174 0.0
-589.845652174 0.0
-588.845652174 0.0
-587.845652174 0.0
-586.845652174 0.0
-585.845652174 0.0
-584.845652174 0.0
-583.845652174 0.0
-582.845652174 0.0
-581.845652174 0.0
-580.845652174 0.0
-579.845652174 0.0
-578.845652174 0.0
-577.845652174 0.0
-576.845652174 0.0
-575.845652174 0.0
-574.845652174 0.0
-573.845652174 0.0
-572.845652174 0.0
-571.845652174 0.0
-570.845652174 0.0
-569.845652174 0.0
-568.845652174 0.0
-567.845652174 0.0
-566.845652174 0.0
-565.845652174 0.0
-564.845652174 0.0
-563.845652174 0.0
-562.845652174 0.0
-561.845652174 0.0
-560.845652174 0.0
-559.845652174 0.0
-558.845652174 0.0
-557.845652174 0.0
-556.845652174 0.0
-555.845652174 0.0
-554.845652174 0.0
-553.845652174 0.0
-552.845652174 0.0
-551.845652174 0.0
-550.845652174 0.0
-549.845652174 0.0
-548.845652174 0.0
-547.845652174 0.0
-546.845652174 0.0
-545.845652174 0.0
-544.845652174 0.0
-543.845652174 0.0
-542.845652174 0.0
-541.845652174 0.0
-540.845652174 0.0
-539.845652174 0.0
-538.845652174 0.0
-537.845652174 0.0
-536.845652174 0.0
-535.845652174 0.0
-534.845652174 0.0
-533.845652174 0.0
-532.845652174 0.0
-531.845652174 0.0
-530.845652174 0.0
-529.845652174 0.0
-528.845652174 0.0
-527.845652174 0.0
-526.845652174 0.0
-525.845652174 0.0
-524.845652174 0.0
-523.845652174 0.0
-522.845652174 0.0
-521.845652174 0.0
-520.845652174 0.0
-519.845652174 0.0
-518.845652174 0.0
-517.845652174 0.0
-516.845652174 0.0
-515.845652174 0.0
-514.845652174 0.0
-513.845652174 0.0
-512.845652174 0.0
-511.845652174 0.0
-510.845652174 0.0
-509.845652174 0.0
-508.845652174 0.0
-507.845652174 0.0
-506.845652174 0.0
-505.845652174 0.0
-504.845652174 0.0
-503.845652174 0.0
-502.845652174 0.0
-501.845652174 0.0
-500.845652174 0.0
-499.845652174 0.0
-498.845652174 0.0
-497.845652174 0.0
-496.845652174 0.0
-495.845652174 0.0
-494.845652174 0.0
-493.845652174 0.0
-492.845652174 0.0
-491.845652174 0.0
-490.845652174 0.0
-489.845652174 0.0
-488.845652174 0.0
-487.845652174 0.0
-486.845652174 0.0
-485.845652174 0.0
-484.845652174 0.0
-483.845652174 0.0
-482.845652174 0.0
-481.845652174 0.0
-480.845652174 0.0
-479.845652174 0.0
-478.845652174 0.0
-477.845652174 0.0
-476.845652174 0.0
-475.845652174 0.0
-474.845652174 0.0
-473.845652174 0.0
-472.845652174 0.0
-471.845652174 0.0
-470.845652174 0.0
-469.845652174 0.0
-468.845652174 0.0
-467.845652174 0.0
-466.845652174 0.0
-465.845652174 0.0
-464.845652174 0.0
-463.845652174 0.0
-462.845652174 0.0
-461.845652174 0.0
-460.845652174 0.0
-459.845652174 0.0
-458.845652174 0.0
-457.845652174 0.0
-456.845652174 0.0
-455.845652174 0.0
-454.845652174 0.0
-453.845652174 0.0
-452.845652174 0.0
-451.845652174 0.0
-450.845652174 0.0
-449.845652174 0.0
-448.845652174 0.0
-447.845652174 0.0
-446.845652174 0.0
-445.845652174 0.0
-444.845652174 0.0
-443.845652174 0.0
-442.845652174 0.0
-441.845652174 0.0
-440.845652174 0.0
-439.845652174 0.0
-438.845652174 0.0
-437.845652174 0.0
-436.845652174 0.0
-435.845652174 0.0
-434.845652174 0.0
-433.845652174 0.0
-432.845652174 0.0
-431.845652174 0.0
-430.845652174 0.0
-429.845652174 0.0
-428.845652174 0.0
-427.845652174 0.0
-426.845652174 0.0
-425.845652174 0.0
-424.845652174 0.0
-423.845652174 0.0
-422.845652174 0.0
-421.845652174 0.0
-420.845652174 0.0
-419.845652174 0.0
-418.845652174 0.0
-417.845652174 0.0
-416.845652174 0.0
-415.845652174 0.0
-414.845652174 0.0
-413.845652174 0.0
-412.845652174 0.0
-411.845652174 0.0
-410.845652174 0.0
-409.845652174 0.0
-408.845652174 0.0
-407.845652174 0.0
-406.845652174 0.0
-405.845652174 0.0
-404.845652174 0.0
-403.845652174 0.0
-402.845652174 0.0
-401.845652174 0.0
-400.845652174 0.0
-399.845652174 0.0
-398.845652174 0.0
-397.845652174 0.0
-396.845652174 0.0
-395.845652174 0.0
-394.845652174 0.0
-393.845652174 0.0
-392.845652174 0.0
-391.845652174 0.0
-390.845652174 0.0
-389.845652174 0.0
-388.845652174 0.0
-387.845652174 0.0
-386.845652174 0.0
-385.845652174 0.0
-384.845652174 0.0
-383.845652174 0.0
-382.845652174 0.0
-381.845652174 0.0
-380.845652174 0.0
-379.845652174 0.0
-378.845652174 0.0
-377.845652174 0.0
-376.845652174 0.0
-375.845652174 0.0
-374.845652174 0.0
-373.845652174 0.0
-372.845652174 0.0
-371.845652174 0.0
-370.845652174 0.0
-369.845652174 0.0
-368.845652174 0.0
-367.845652174 0.0
-366.845652174 0.0
-365.845652174 0.0
-364.845652174 0.0
-363.845652174 0.0
-362.845652174 0.0
-361.845652174 0.0
-360.845652174 0.0
-359.845652174 0.0
-358.845652174 0.0
-357.845652174 0.0
-356.845652174 0.0
-355.845652174 0.0
-354.845652174 0.0
-353.845652174 0.0
-352.845652174 0.0
-351.845652174 0.0
-350.845652174 0.0
-349.845652174 0.0
-348.845652174 0.0
-347.845652174 0.0
-346.845652174 0.0
-345.845652174 0.0
-344.845652174 0.0
-343.845652174 0.0
-342.845652174 0.0
-341.845652174 0.0
-340.845652174 0.0
-339.845652174 0.0
-338.845652174 0.0
-337.845652174 0.0
-336.845652174 0.0
-335.845652174 0.0
-334.845652174 0.0
-333.845652174 0.0
-332.845652174 0.0
-331.845652174 0.0
-330.845652174 0.0
-329.845652174 0.0
-328.845652174 0.0
-327.845652174 0.0
-326.845652174 0.0
-325.845652174 0.0
-324.845652174 0.0
-323.845652174 0.0
-322.845652174 0.0
-321.845652174 0.0
-320.845652174 0.0
-319.845652174 0.0
-318.845652174 0.0
-317.845652174 0.0
-316.845652174 0.0
-315.845652174 0.0
-314.845652174 0.0
-313.845652174 0.0
-312.845652174 0.0
-311.845652174 0.0
-310.845652174 0.0
-309.845652174 0.0
-308.845652174 0.0
-307.845652174 0.0
-306.845652174 0.0
-305.845652174 0.0
-304.845652174 0.0
-303.845652174 0.0
-302.845652174 0.0
-301.845652174 0.0
-300.845652174 0.0
-299.845652174 0.0
-298.845652174 0.0
-297.845652174 0.0
-296.845652174 0.0
-295.845652174 0.0
-294.845652174 0.0
-293.845652174 0.0
-292.845652174 0.0
-291.845652174 0.0
-290.845652174 0.0
-289.845652174 0.0
-288.845652174 0.0
-287.845652174 0.0
-286.845652174 0.0
-285.845652174 0.0
-284.845652174 0.0
-283.845652174 0.0
-282.845652174 0.0
-281.845652174 0.0
-280.845652174 0.0
-279.845652174 0.0
-278.845652174 0.0
-277.845652174 0.0
-276.845652174 0.0
-275.845652174 0.0
-274.845652174 0.0
-273.845652174 0.0
-272.845652174 0.0
-271.845652174 0.0
-270.845652174 0.0
-269.845652174 0.0
-268.845652174 0.0
-267.845652174 0.0
-266.845652174 0.0
-265.845652174 0.0
-264.845652174 0.0
-263.845652174 0.0
-262.845652174 0.0
-261.845652174 0.0
-260.845652174 0.0
-259.845652174 0.0
-258.845652174 0.0
-257.845652174 0.0
-256.845652174 0.0
-255.845652174 0.0
-254.845652174 0.0
-253.845652174 0.0
-252.845652174 0.0
-251.845652174 0.0
-250.845652174 0.0
-249.845652174 0.0
-248.845652174 0.0
-247.845652174 0.0
-246.845652174 0.0
-245.845652174 0.0
-244.845652174 0.0
-243.845652174 0.0
-242.845652174 0.0
-241.845652174 0.0
-240.845652174 0.0
-239.845652174 0.0
-238.845652174 0.0
-237.845652174 0.0
-236.845652174 0.0
-235.845652174 0.0
-234.845652174 0.0
-233.845652174 0.0
-232.845652174 0.0
-231.845652174 0.0
-230.845652174 0.0
-229.845652174 0.0
-228.845652174 0.0
-227.845652174 0.0
-226.845652174 0.0
-225.845652174 0.0
-224.845652174 0.0
-223.845652174 0.0
-222.845652174 0.0
-221.845652174 0.0
-220.845652174 0.0
-219.845652174 0.0
-218.845652174 0.0
-217.845652174 0.0
-216.845652174 0.0
-215.845652174 0.0
-214.845652174 0.0
-213.845652174 0.0
-212.845652174 0.0
-211.845652174 0.0
-210.845652174 0.0
-209.845652174 0.0
-208.845652174 0.0
-207.845652174 0.0
-206.845652174 0.0
-205.845652174 0.0
-204.845652174 0.0
-203.845652174 0.0
-202.845652174 0.0
-201.845652174 0.0
-200.845652174 0.0
-199.845652174 0.0
-198.845652174 0.0
-197.845652174 0.0
-196.845652174 0.0
-195.845652174 0.0
-194.845652174 0.0
-193.845652174 0.0
-192.845652174 0.0
-191.845652174 0.0
-190.845652174 0.0
-189.845652174 0.0
-188.845652174 0.0
-187.845652174 0.0
-186.845652174 0.0
-185.845652174 0.0
-184.845652174 0.0
-183.845652174 0.0
-182.845652174 0.0
-181.845652174 0.0
-180.845652174 0.0
-179.845652174 0.0
-178.845652174 0.0
-177.845652174 0.0
-176.845652174 0.0
-175.845652174 0.0
-174.845652174 0.0
-173.845652174 0.0
-172.845652174 0.0
-171.845652174 0.0
-170.845652174 0.0
-169.845652174 0.0
-168.845652174 0.0
-167.845652174 0.0
-166.845652174 0.0
-165.845652174 0.0
-164.845652174 0.0
-163.845652174 0.0
-162.845652174 0.0
-161.845652174 0.0
-160.845652174 0.0
-159.845652174 0.0
-158.845652174 0.0
-157.845652174 0.0
-156.845652174 0.0
-155.845652174 0.0
-154.845652174 0.0
-153.845652174 0.0
-152.845652174 0.0
-151.845652174 0.0
-150.845652174 0.0
-149.845652174 0.0
-148.845652174 0.0
-147.845652174 0.0
-146.845652174 0.0
-145.845652174 0.0
-144.845652174 0.0
-143.845652174 0.0
-142.845652174 0.0
-141.845652174 0.0
-140.845652174 0.0
-139.845652174 0.0
-138.845652174 0.0
-137.845652174 0.0
-136.845652174 0.0
-135.845652174 0.0
-134.845652174 0.0
-133.845652174 0.0
-132.845652174 0.0
-131.845652174 0.0
-130.845652174 0.0
-129.845652174 0.000000e+00
-129.302173913 0.000000e+00
-128.758695652 0.000000e+00
-128.215217391 0.000000e+00
-127.67173913 0.000000e+00
-127.12826087 0.000000e+00
-126.584782609 0.000000e+00
-126.041304348 0.000000e+00
-125.497826087 0.000000e+00
-124.954347826 0.000000e+00
-124.410869565 0.000000e+00
-123.867391304 0.000000e+00
-123.323913043 0.000000e+00
-122.780434783 0.000000e+00
-122.236956522 0.000000e+00
-121.693478261 0.000000e+00
-121.15 0.000000e+00
-120.606521739 0.000000e+00
-120.063043478 0.000000e+00
-119.519565217 0.000000e+00
-118.976086957 0.000000e+00
-118.432608696 0.000000e+00
-117.889130435 0.000000e+00
-117.345652174 0.000000e+00
-116.802173913 0.000000e+00
-116.258695652 0.000000e+00
-115.715217391 0.000000e+00
-115.17173913 0.000000e+00
-114.62826087 0.000000e+00
-114.084782609 0.000000e+00
-113.541304348 0.000000e+00
-112.997826087 0.000000e+00
-112.454347826 0.000000e+00
-111.910869565 0.000000e+00
-111.367391304 0.000000e+00
-110.823913043 0.000000e+00
-110.280434783 0.000000e+00
-109.736956522 0.000000e+00
-109.193478261 0.000000e+00
-108.65 0.000000e+00
-108.106521739 0.000000e+00
-107.563043478 0.000000e+00
-107.019565217 0.000000e+00
-106.476086957 0.000000e+00
-105.932608696 0.000000e+00
-105.389130435 0.000000e+00
-104.845652174 0.000000e+00
-104.302173913 0.000000e+00
-103.758695652 0.000000e+00
-103.215217391 0.000000e+00
-102.67173913 0.000000e+00
-102.12826087 0.000000e+00
-101.584782609 0.000000e+00
-101.041304348 0.000000e+00
-100.497826087 0.000000e+00
-99.9543478261 0.000000e+00
-99.4108695652 0.000000e+00
-98.8673913043 0.000000e+00
-98.3239130435 0.000000e+00
-97.7804347826 0.000000e+00
-97.2369565217 0.000000e+00
-96.6934782609 0.000000e+00
-96.15 0.000000e+00
-95.6065217391 0.000000e+00
-95.0630434783 0.000000e+00
-94.5195652174 0.000000e+00
-93.9760869565 0.000000e+00
-93.4326086957 0.000000e+00
-92.8891304348 0.000000e+00
-92.3456521739 0.000000e+00
-91.802173913 0.000000e+00
-91.2586956522 0.000000e+00
-90.7152173913 0.000000e+00
-90.1717391304 0.000000e+00
-89.6282608696 0.000000e+00
-89.0847826087 0.000000e+00
-88.5413043478 0.000000e+00
-87.997826087 0.000000e+00
-87.4543478261 0.000000e+00
-86.9108695652 0.000000e+00
-86.3673913043 0.000000e+00
-85.8239130435 0.000000e+00
-85.2804347826 0.000000e+00
-84.7369565217 0.000000e+00
-84.1934782609 0.000000e+00
-83.65 0.000000e+00
-83.1065217391 0.000000e+00
-82.5630434783 0.000000e+00
-82.0195652174 0.000000e+00
-81.4760869565 0.000000e+00
-80.9326086957 0.000000e+00
-80.3891304348 0.000000e+00
-79.8456521739 0.000000e+00
-79.302173913 0.000000e+00
-78.7586956522 0.000000e+00
-78.2152173913 0.000000e+00
-77.6717391304 0.000000e+00
-77.1282608696 0.000000e+00
-76.5847826087 0.000000e+00
-76.0413043478 0.000000e+00
-75.497826087 0.000000e+00
-74.9543478261 0.000000e+00
-74.4108695652 0.000000e+00
-73.8673913043 0.000000e+00
-73.3239130435 0.000000e+00
-72.7804347826 0.000000e+00
-72.2369565217 0.000000e+00
-71.6934782609 0.000000e+00
-71.15 0.000000e+00
-70.6065217391 0.000000e+00
-70.0630434783 0.000000e+00
-69.5195652174 0.000000e+00
-68.9760869565 0.000000e+00
-68.4326086957 0.000000e+00
-67.8891304348 0.000000e+00
-67.3456521739 0.000000e+00
-66.802173913 0.000000e+00
-66.2586956522 0.000000e+00
-65.7152173913 0.000000e+00
-65.1717391304 0.000000e+00
-64.6282608696 0.000000e+00
-64.0847826087 0.000000e+00
-63.5413043478 0.000000e+00
-62.997826087 0.000000e+00
-62.4543478261 0.000000e+00
-61.9108695652 0.000000e+00
-61.3673913043 0.000000e+00
-60.8239130435 0.000000e+00
-60.2804347826 0.000000e+00
-59.7369565217 0.000000e+00
-59.1934782609 0.000000e+00
-58.65 0.000000e+00
-58.1065217391 0.000000e+00
-57.5630434783 0.000000e+00
-57.0195652174 0.000000e+00
-56.4760869565 0.000000e+00
-55.9326086957 0.000000e+00
-55.3891304348 0.000000e+00
-54.8456521739 0.000000e+00
-54.302173913 0.000000e+00
-53.7586956522 0.000000e+00
-53.2152173913 0.000000e+00
-52.6717391304 0.000000e+00
-52.1282608696 0.000000e+00
-51.5847826087 0.000000e+00
-51.0413043478 0.000000e+00
-50.497826087 0.000000e+00
-49.9543478261 0.000000e+00
-49.4108695652 0.000000e+00
-48.8673913043 0.000000e+00
-48.3239130435 0.000000e+00
-47.7804347826 0.000000e+00
-47.2369565217 0.000000e+00
-46.6934782609 0.000000e+00
-46.15 0.000000e+00
-45.6065217391 0.000000e+00
-45.0630434783 0.000000e+00
-44.5195652174 0.000000e+00
-43.9760869565 0.000000e+00
-43.4326086957 0.000000e+00
-42.8891304348 0.000000e+00
-42.3456521739 0.000000e+00
-41.802173913 0.000000e+00
-41.2586956522 0.000000e+00
-40.7152173913 0.000000e+00
-40.1717391304 0.000000e+00
-39.6282608696 0.000000e+00
-39.0847826087 0.000000e+00
-38.5413043478 0.000000e+00
-37.997826087 0.000000e+00
-37.4543478261 0.000000e+00
-36.9108695652 0.000000e+00
-36.3673913043 0.000000e+00
-35.8239130435 0.000000e+00
-35.2804347826 0.000000e+00
-34.7369565217 0.000000e+00
-34.1934782609 0.000000e+00
-33.65 0.000000e+00
-33.1065217391 0.000000e+00
-32.5630434783 0.000000e+00
-32.0195652174 0.000000e+00
-31.4760869565 0.000000e+00
-30.9326086957 0.000000e+00
-30.3891304348 0.000000e+00
-29.8456521739 0.000000e+00
-29.302173913 0.000000e+00
-28.7586956522 0.000000e+00
-28.2152173913 0.000000e+00
-27.6717391304 0.000000e+00
-27.1282608696 0.000000e+00
-26.5847826087 0.000000e+00
-26.0413043478 0.000000e+00
-25.497826087 0.000000e+00
-24.9543478261 0.000000e+00
-24.4108695652 0.000000e+00
-23.8673913043 0.000000e+00
-23.3239130435 0.000000e+00
-22.7804347826 0.000000e+00
-22.2369565217 0.000000e+00
-21.6934782609 0.000000e+00
-21.15 0.000000e+00
-20.6065217391 0.000000e+00
-20.0630434783 0.000000e+00
-19.5195652174 0.000000e+00
-18.9760869565 0.000000e+00
-18.4326086957 0.000000e+00
-17.8891304348 0.000000e+00
-17.3456521739 0.000000e+00
-16.802173913 0.000000e+00
-16.2586956522 0.000000e+00
-15.7152173913 0.000000e+00
-15.1717391304 0.000000e+00
-14.6282608696 0.000000e+00
-14.0847826087 0.000000e+00
-13.5413043478 0.000000e+00
-12.997826087 0.000000e+00
-12.4543478261 0.000000e+00
-11.9108695652 0.000000e+00
-11.3673913043 0.000000e+00
-10.8239130435 0.000000e+00
-10.2804347826 0.000000e+00
-9.73695652174 0.000000e+00
-9.19347826087 0.000000e+00
-8.65 0.000000e+00
-8.10652173913 0.000000e+00
-7.56304347826 0.000000e+00
-7.01956521739 0.000000e+00
-6.47608695652 0.000000e+00
-5.93260869565 0.000000e+00
-5.38913043478 0.000000e+00
-4.84565217391 3.884789e-02
-4.30217391304 4.717733e-02
-3.75869565217 4.490082e-02
-3.2152173913 4.702704e-02
-2.67173913043 7.818439e-02
-2.12826086957 1.253988e-01
-1.5847826087 1.175934e-01
-1.04130434783 1.928569e-01
-0.497826086957 2.338274e-01
0.045652173913 2.788822e-01
0.589130434783 3.278463e-01
1.13260869565 3.254491e-01
1.67608695652 3.479606e-01
2.21956521739 3.713540e-01
2.76304347826 3.726999e-01
3.30652173913 3.977497e-01
3.85 3.908447e-01
4.39347826087 4.534299e-01
4.93695652174 4.746997e-01
5.48043478261 4.142866e-01
6.02391304348 3.875807e-01
6.56739130435 4.056217e-01
7.11086956522 3.900317e-01
7.65434782609 5.211506e-01
8.19782608696 7.575643e-01
8.74130434783 1.000000e+00
9.2847826087 8.008931e-01
9.82826086957 7.268154e-01
10.3717391304 6.205135e-01
10.9152173913 5.712145e-01
11.4586956522 5.363164e-01
12.002173913 5.072535e-01
12.5456521739 4.228298e-01
13.0891304348 3.517900e-01
13.6326086957 2.995698e-01
14.1760869565 2.214435e-01
14.7195652174 1.936294e-01
15.2630434783 1.225005e-01
15.8065217391 1.348866e-01
16.35 1.307544e-01
16.8934782609 6.483318e-02
17.4369565217 7.841768e-02
17.9804347826 7.856959e-02
18.5239130435 6.845224e-02
19.0673913043 6.448264e-02
19.6108695652 3.961554e-02
20.1543478261 3.201338e-02
20.697826087 3.285569e-02
21.2413043478 6.336265e-02
21.7847826087 3.914239e-02
22.3282608696 0.000000e+00
22.8717391304 3.539775e-02
23.4152173913 3.241384e-02
23.9586956522 0.000000e+00
24.502173913 0.000000e+00
25.0456521739 3.464160e-02
25.5891304348 3.252333e-02
26.1326086957 5.228478e-02
26.6760869565 6.183739e-02
27.2195652174 3.986116e-02
27.7630434783 4.749915e-02
28.3065217391 5.771168e-02
28.85 6.589721e-02
29.3934782609 4.598344e-02
29.9369565217 4.752949e-02
30.4804347826 6.587595e-02
31.0239130435 4.884580e-02
31.5673913043 6.559505e-02
32.1108695652 6.288435e-02
32.6543478261 8.137504e-02
33.197826087 8.657229e-02
33.7413043478 9.674752e-02
34.2847826087 1.550829e-01
34.8282608696 2.198086e-01
35.3717391304 2.792770e-01
35.9152173913 3.429380e-01
36.4586956522 4.000525e-01
37.002173913 4.097136e-01
37.5456521739 4.392900e-01
38.0891304348 4.259747e-01
38.6326086957 4.285739e-01
39.1760869565 4.158995e-01
39.7195652174 3.805493e-01
40.2630434783 3.341762e-01
40.8065217391 3.284292e-01
41.35 3.008821e-01
41.8934782609 2.751492e-01
42.4369565217 2.245036e-01
42.9804347826 2.307554e-01
43.5239130435 2.005680e-01
44.0673913043 1.908640e-01
44.6108695652 1.729220e-01
45.1543478261 1.410042e-01
45.697826087 1.293224e-01
46.2413043478 1.256090e-01
46.7847826087 1.407709e-01
47.3282608696 1.044746e-01
47.8717391304 1.045614e-01
48.4152173913 8.862911e-02
48.9586956522 8.000450e-02
49.502173913 8.273304e-02
50.0456521739 6.149298e-02
50.5891304348 8.713871e-02
51.1326086957 6.662100e-02
51.6760869565 6.282200e-02
52.2195652174 7.706141e-02
52.7630434783 6.555551e-02
53.3065217391 7.475846e-02
53.85 5.467051e-02
54.3934782609 6.839029e-02
54.9369565217 6.395561e-02
55.4804347826 5.704035e-02
56.0239130435 3.752925e-02
56.5673913043 4.638308e-02
57.1108695652 3.685741e-02
57.6543478261 4.222573e-02
58.197826087 5.133519e-02
58.7413043478 6.079071e-02
59.2847826087 0.000000e+00
59.8282608696 0.000000e+00
60.3717391304 5.237466e-02
60.9152173913 0.000000e+00
61.4586956522 0.000000e+00
62.002173913 5.809994e-02
62.5456521739 3.572840e-02
63.0891304348 3.593234e-02
63.6326086957 0.000000e+00
64.1760869565 3.214670e-02
64.7195652174 0.000000e+00
65.2630434783 4.082099e-02
65.8065217391 5.213925e-02
66.35 5.033297e-02
66.8934782609 5.434684e-02
67.4369565217 5.604073e-02
67.9804347826 6.490177e-02
68.5239130435 4.962951e-02
69.0673913043 9.918411e-02
69.6108695652 8.881503e-02
70.1543478261 1.507845e-01
70.697826087 1.266754e-01
71.2413043478 1.298533e-01
71.7847826087 1.074006e-01
72.3282608696 8.802543e-02
72.8717391304 6.341332e-02
73.4152173913 6.615484e-02
73.9586956522 6.010089e-02
74.502173913 6.614519e-02
75.0456521739 4.959264e-02
75.5891304348 5.968719e-02
76.1326086957 5.113811e-02
76.6760869565 3.178270e-02
77.2195652174 3.968419e-02
77.7630434783 5.520571e-02
78.3065217391 4.037093e-02
78.85 7.014603e-02
79.3934782609 6.289812e-02
79.9369565217 4.699090e-02
80.4804347826 4.141909e-02
81.0239130435 0.000000e+00
81.5673913043 0.000000e+00
82.1108695652 3.384325e-02
82.6543478261 6.404257e-02
83.197826087 5.650454e-02
83.7413043478 4.673084e-02
84.2847826087 0.000000e+00
84.8282608696 4.982491e-02
85.3717391304 3.379967e-02
85.9152173913 3.297723e-02
86.4586956522 3.676050e-02
87.002173913 0.000000e+00
87.5456521739 0.000000e+00
88.0891304348 3.582281e-02
88.6326086957 0.000000e+00
89.1760869565 0.000000e+00
89.7195652174 3.400417e-02
90.2630434783 3.149207e-02
90.8065217391 0.000000e+00
91.35 0.000000e+00
91.8934782609 0.000000e+00
92.4369565217 0.000000e+00
92.9804347826 0.000000e+00
93.5239130435 0.000000e+00
94.0673913043 3.230572e-02
94.6108695652 0.000000e+00
95.1543478261 0.000000e+00
95.697826087 0.000000e+00
96.2413043478 0.000000e+00
96.7847826087 0.000000e+00
97.3282608696 0.000000e+00
97.8717391304 0.000000e+00
98.4152173913 0.000000e+00
98.9586956522 0.000000e+00
99.502173913 0.000000e+00
100.045652174 0.000000e+00
100.589130435 0.000000e+00
101.132608696 3.752737e-02
101.676086957 0.000000e+00
102.219565217 0.000000e+00
102.763043478 0.000000e+00
103.306521739 0.000000e+00
103.85 0.000000e+00
104.393478261 0.000000e+00
104.936956522 0.000000e+00
105.480434783 0.000000e+00
106.023913043 0.000000e+00
106.567391304 0.000000e+00
107.110869565 3.253127e-02
107.654347826 0.000000e+00
108.197826087 0.000000e+00
108.741304348 0.000000e+00
109.284782609 0.000000e+00
109.82826087 0.000000e+00
110.37173913 0.000000e+00
110.915217391 0.000000e+00
111.458695652 0.000000e+00
112.002173913 0.000000e+00
112.545652174 0.000000e+00
113.089130435 0.000000e+00
113.632608696 0.000000e+00
114.176086957 0.000000e+00
114.719565217 0.000000e+00
115.263043478 0.000000e+00
115.806521739 0.000000e+00
116.35 0.000000e+00
116.893478261 0.000000e+00
117.436956522 0.000000e+00
117.980434783 0.000000e+00
118.523913043 0.000000e+00
119.067391304 0.000000e+00
119.610869565 0.000000e+00
120.154347826 0.000000e+00
120.697826087 0.000000e+00
121.241304348 0.000000e+00
121.784782609 0.000000e+00
122.32826087 0.000000e+00
122.87173913 0.000000e+00
123.415217391 0.000000e+00
123.958695652 0.000000e+00
124.502173913 0.000000e+00
125.045652174 0.000000e+00
125.589130435 0.000000e+00
126.132608696 0.000000e+00
126.676086957 0.000000e+00
127.219565217 0.000000e+00
127.763043478 0.000000e+00
128.306521739 0.000000e+00
128.85 0.000000e+00
129.393478261 0.000000e+00
129.936956522 0.000000e+00
130.480434783 0.000000e+00
131.023913043 0.000000e+00
131.567391304 0.000000e+00
132.110869565 0.000000e+00
132.654347826 0.000000e+00
133.197826087 0.000000e+00
133.741304348 0.000000e+00
134.284782609 0.000000e+00
134.82826087 0.000000e+00
135.37173913 0.000000e+00
135.915217391 0.000000e+00
136.458695652 0.000000e+00
137.002173913 0.000000e+00
137.545652174 0.000000e+00
138.089130435 0.000000e+00
138.632608696 0.000000e+00
139.176086957 0.000000e+00
139.719565217 0.000000e+00
140.263043478 0.000000e+00
140.806521739 0.000000e+00
141.35 0.000000e+00
141.893478261 0.000000e+00
142.436956522 0.000000e+00
142.980434783 0.000000e+00
143.523913043 0.000000e+00
144.067391304 0.000000e+00
144.610869565 0.000000e+00
145.154347826 0.000000e+00
145.697826087 0.000000e+00
146.241304348 0.000000e+00
146.784782609 0.000000e+00
147.32826087 0.000000e+00
147.87173913 0.000000e+00
148.415217391 0.000000e+00
148.958695652 0.000000e+00
149.502173913 0.000000e+00
150.045652174 0.000000e+00
150.589130435 0.000000e+00
151.132608696 0.000000e+00
151.676086957 0.000000e+00
152.219565217 0.000000e+00
152.763043478 0.000000e+00
153.306521739 0.000000e+00
153.85 0.000000e+00
154.393478261 0.000000e+00
154.936956522 0.000000e+00
155.480434783 0.000000e+00
156.023913043 0.000000e+00
156.567391304 0.000000e+00
157.110869565 0.000000e+00
157.654347826 0.000000e+00
158.197826087 0.000000e+00
158.741304348 0.000000e+00
159.284782609 0.000000e+00
159.82826087 0.000000e+00
160.37173913 0.000000e+00
160.915217391 0.000000e+00
161.458695652 0.000000e+00
162.002173913 0.000000e+00
162.545652174 0.000000e+00
163.089130435 0.000000e+00
163.632608696 0.000000e+00
164.176086957 0.000000e+00
164.719565217 0.000000e+00
165.263043478 0.000000e+00
165.806521739 0.000000e+00
166.35 0.000000e+00
166.893478261 0.000000e+00
167.436956522 0.000000e+00
167.980434783 0.000000e+00
168.523913043 0.000000e+00
169.067391304 0.000000e+00
169.610869565 0.000000e+00
170.154347826 0.000000e+00
170.697826087 0.000000e+00
171.241304348 0.000000e+00
171.784782609 0.000000e+00
172.32826087 0.000000e+00
172.87173913 0.000000e+00
173.415217391 0.000000e+00
173.958695652 0.000000e+00
174.502173913 0.000000e+00
175.045652174 0.000000e+00
175.589130435 0.000000e+00
176.132608696 0.000000e+00
176.676086957 0.000000e+00
177.219565217 0.000000e+00
177.763043478 0.000000e+00
178.306521739 0.000000e+00
178.85 0.000000e+00
179.393478261 0.000000e+00
179.936956522 0.000000e+00
180.480434783 0.000000e+00
181.023913043 0.000000e+00
181.567391304 0.000000e+00
182.110869565 0.000000e+00
182.654347826 0.000000e+00
183.197826087 0.000000e+00
183.741304348 0.000000e+00
184.284782609 0.000000e+00
184.82826087 0.000000e+00
185.37173913 0.000000e+00
185.915217391 0.000000e+00
186.458695652 0.000000e+00
187.002173913 0.000000e+00
187.545652174 0.000000e+00
188.089130435 0.000000e+00
188.632608696 0.000000e+00
189.176086957 0.000000e+00
189.719565217 0.000000e+00
190.263043478 0.000000e+00
190.806521739 0.000000e+00
191.35 0.000000e+00
191.893478261 0.000000e+00
192.436956522 0.000000e+00
192.980434783 0.000000e+00
193.523913043 0.000000e+00
194.067391304 0.000000e+00
194.610869565 0.000000e+00
195.154347826 0.000000e+00
195.697826087 0.000000e+00
196.241304348 0.000000e+00
196.784782609 0.000000e+00
197.32826087 0.000000e+00
197.87173913 0.000000e+00
198.415217391 0.000000e+00
198.958695652 0.000000e+00
199.502173913 0.000000e+00
200.045652174 0.000000e+00
200.589130435 0.000000e+00
201.132608696 0.000000e+00
201.676086957 0.000000e+00
202.219565217 0.000000e+00
202.763043478 0.000000e+00
203.306521739 0.000000e+00
203.85 0.000000e+00
204.393478261 0.000000e+00
204.936956522 0.000000e+00
205.480434783 0.000000e+00
206.023913043 0.000000e+00
206.567391304 0.000000e+00
207.110869565 0.000000e+00
207.654347826 0.000000e+00
208.197826087 0.000000e+00
208.741304348 0.000000e+00
209.284782609 0.000000e+00
209.82826087 0.000000e+00
210.37173913 0.000000e+00
210.915217391 0.000000e+00
211.458695652 0.000000e+00
212.002173913 0.000000e+00
212.545652174 0.000000e+00
213.089130435 0.000000e+00
213.632608696 0.000000e+00
214.176086957 0.000000e+00
214.719565217 0.000000e+00
215.263043478 0.000000e+00
215.806521739 0.000000e+00
216.35 0.000000e+00
216.893478261 0.000000e+00
217.436956522 0.000000e+00
217.980434783 0.000000e+00
218.523913043 0.000000e+00
219.067391304 0.000000e+00
219.610869565 0.000000e+00
220.154347826 0.000000e+00
220.697826087 0.000000e+00
221.241304348 0.000000e+00
221.784782609 0.000000e+00
222.32826087 0.000000e+00
222.87173913 0.000000e+00
223.415217391 0.000000e+00
223.958695652 0.000000e+00
224.502173913 0.000000e+00
225.045652174 0.000000e+00
225.589130435 0.000000e+00
226.132608696 0.000000e+00
226.676086957 0.000000e+00
227.219565217 0.000000e+00
227.763043478 0.000000e+00
228.306521739 0.000000e+00
228.85 0.000000e+00
229.393478261 0.000000e+00
229.936956522 0.000000e+00
230.480434783 0.000000e+00
231.023913043 0.000000e+00
231.567391304 0.000000e+00
232.110869565 0.000000e+00
232.654347826 0.000000e+00
233.197826087 0.000000e+00
233.741304348 0.000000e+00
234.284782609 0.000000e+00
234.82826087 0.000000e+00
235.37173913 0.000000e+00
235.915217391 0.000000e+00
236.458695652 0.000000e+00
237.002173913 0.000000e+00
237.545652174 0.000000e+00
238.089130435 0.000000e+00
238.632608696 0.000000e+00
239.176086957 0.000000e+00
239.719565217 0.000000e+00
240.263043478 0.000000e+00
240.806521739 0.000000e+00
241.35 0.000000e+00
241.893478261 0.000000e+00
242.436956522 0.000000e+00
242.980434783 0.000000e+00
243.523913043 0.000000e+00
244.067391304 0.000000e+00
244.610869565 0.000000e+00
245.154347826 0.000000e+00
245.697826087 0.000000e+00
246.241304348 0.000000e+00
246.784782609 0.000000e+00
247.32826087 0.000000e+00
247.87173913 0.000000e+00
248.415217391 0.000000e+00
248.958695652 0.000000e+00
249.502173913 0.000000e+00
250.045652174 0.000000e+00
250.589130435 0.000000e+00
251.132608696 0.000000e+00
251.676086957 0.000000e+00
252.219565217 0.000000e+00
252.763043478 0.000000e+00
253.306521739 0.000000e+00
253.85 0.000000e+00
254.393478261 0.000000e+00
254.936956522 0.000000e+00
255.480434783 0.000000e+00
256.023913043 0.000000e+00
256.567391304 0.000000e+00
257.110869565 0.000000e+00
257.654347826 0.000000e+00
258.197826087 0.000000e+00
258.741304348 0.000000e+00
259.284782609 0.000000e+00
259.82826087 0.000000e+00
260.37173913 0.000000e+00
260.915217391 0.000000e+00
261.458695652 0.000000e+00
262.002173913 0.000000e+00
262.545652174 0.000000e+00
263.089130435 0.000000e+00
263.632608696 0.000000e+00
264.176086957 0.000000e+00
264.719565217 0.000000e+00
265.263043478 0.000000e+00
265.806521739 0.000000e+00
266.35 0.000000e+00
266.893478261 0.000000e+00
267.436956522 0.000000e+00
267.980434783 0.000000e+00
268.523913043 0.000000e+00
269.067391304 0.000000e+00
269.610869565 0.000000e+00
270.154347826 0.000000e+00
270.697826087 0.000000e+00
271.241304348 0.000000e+00
271.784782609 0.000000e+00
272.32826087 0.000000e+00
272.87173913 0.000000e+00
273.415217391 0.000000e+00
273.958695652 0.000000e+00
274.502173913 0.000000e+00
275.045652174 0.000000e+00
275.589130435 0.000000e+00
276.132608696 0.000000e+00
276.676086957 0.000000e+00
277.219565217 0.000000e+00
277.763043478 0.000000e+00
278.306521739 0.000000e+00
278.85 0.000000e+00
279.393478261 0.000000e+00
279.936956522 0.000000e+00
280.480434783 0.000000e+00
281.023913043 0.000000e+00
281.567391304 0.000000e+00
282.110869565 0.000000e+00
282.654347826 0.000000e+00
283.197826087 0.000000e+00
283.741304348 0.000000e+00
284.284782609 0.000000e+00
284.82826087 0.000000e+00
285.37173913 0.000000e+00
285.915217391 0.000000e+00
286.458695652 0.000000e+00
287.002173913 0.000000e+00
287.545652174 0.000000e+00
288.089130435 0.000000e+00
288.632608696 0.000000e+00
289.176086957 0.000000e+00
289.719565217 0.000000e+00
290.263043478 0.000000e+00
290.806521739 0.000000e+00
291.35 0.000000e+00
291.893478261 0.000000e+00
292.436956522 0.000000e+00
292.980434783 0.000000e+00
293.523913043 0.000000e+00
294.067391304 0.000000e+00
294.610869565 0.000000e+00
295.154347826 0.000000e+00
295.697826087 0.000000e+00
296.241304348 0.000000e+00
296.784782609 0.000000e+00
297.32826087 0.000000e+00
297.87173913 0.000000e+00
298.415217391 0.000000e+00
298.958695652 0.000000e+00
299.502173913 0.000000e+00
300.045652174 0.000000e+00
300.589130435 0.000000e+00
301.132608696 0.000000e+00
301.676086957 0.000000e+00
302.219565217 0.000000e+00
302.763043478 0.000000e+00
303.306521739 0.000000e+00
303.85 0.000000e+00
304.393478261 0.000000e+00
304.936956522 0.000000e+00
305.480434783 0.000000e+00
306.023913043 0.000000e+00
306.567391304 0.000000e+00
307.110869565 0.000000e+00
307.654347826 0.000000e+00
308.197826087 0.000000e+00
308.741304348 0.000000e+00
309.284782609 0.000000e+00
309.82826087 0.000000e+00
310.37173913 0.000000e+00
310.915217391 0.000000e+00
311.458695652 0.000000e+00
312.002173913 0.000000e+00
312.545652174 0.000000e+00
313.089130435 0.000000e+00
313.632608696 0.000000e+00
314.176086957 0.000000e+00
314.719565217 0.000000e+00
315.263043478 0.000000e+00
315.806521739 0.000000e+00
316.35 0.000000e+00
316.893478261 0.000000e+00
317.436956522 0.000000e+00
317.980434783 0.000000e+00
318.523913043 0.000000e+00
319.067391304 0.000000e+00
319.610869565 0.000000e+00
320.154347826 0.000000e+00
320.697826087 0.000000e+00
321.241304348 0.000000e+00
321.784782609 0.000000e+00
322.32826087 0.000000e+00
322.87173913 0.000000e+00
323.415217391 0.000000e+00
323.958695652 0.000000e+00
324.502173913 0.000000e+00
325.045652174 0.000000e+00
325.589130435 0.000000e+00
326.132608696 0.000000e+00
326.676086957 0.000000e+00
327.219565217 0.000000e+00
327.763043478 0.000000e+00
328.306521739 0.000000e+00
328.85 0.000000e+00
329.393478261 0.000000e+00
329.936956522 0.000000e+00
330.480434783 0.000000e+00
331.023913043 0.000000e+00
331.567391304 0.000000e+00
332.110869565 0.000000e+00
332.654347826 0.000000e+00
333.197826087 0.000000e+00
333.741304348 0.000000e+00
334.284782609 0.000000e+00
334.82826087 0.000000e+00
335.37173913 0.000000e+00
335.915217391 0.000000e+00
336.458695652 0.000000e+00
337.002173913 0.000000e+00
337.545652174 0.000000e+00
338.089130435 0.000000e+00
338.632608696 0.000000e+00
339.176086957 0.000000e+00
339.719565217 0.000000e+00
340.263043478 0.000000e+00
340.806521739 0.000000e+00
341.35 0.000000e+00
341.893478261 0.000000e+00
342.436956522 0.000000e+00
342.980434783 0.000000e+00
343.523913043 0.000000e+00
344.067391304 0.000000e+00
344.610869565 0.000000e+00
345.154347826 0.000000e+00
345.697826087 0.000000e+00
346.241304348 0.000000e+00
346.784782609 0.000000e+00
347.32826087 0.000000e+00
347.87173913 0.000000e+00
348.415217391 0.000000e+00
348.958695652 0.000000e+00
349.502173913 0.000000e+00
350.045652174 0.000000e+00
350.589130435 0.000000e+00
351.132608696 0.000000e+00
351.676086957 0.000000e+00
352.219565217 0.000000e+00
352.763043478 0.000000e+00
353.306521739 0.000000e+00
353.85 0.000000e+00
354.393478261 0.000000e+00
354.936956522 0.000000e+00
355.480434783 0.000000e+00
356.023913043 0.000000e+00
356.567391304 0.000000e+00
357.110869565 0.000000e+00
357.654347826 0.000000e+00
358.197826087 0.000000e+00
358.741304348 0.000000e+00
359.284782609 0.000000e+00
359.82826087 0.000000e+00
360.37173913 0.000000e+00
360.915217391 0.000000e+00
361.458695652 0.000000e+00
362.002173913 0.000000e+00
362.545652174 0.000000e+00
363.089130435 0.000000e+00
363.632608696 0.000000e+00
364.176086957 0.000000e+00
364.719565217 0.000000e+00
365.263043478 0.000000e+00
365.806521739 0.000000e+00
366.35 0.000000e+00
366.893478261 0.000000e+00
367.436956522 0.000000e+00
367.980434783 0.000000e+00
368.523913043 0.000000e+00
369.067391304 0.000000e+00
369.610869565 0.000000e+00
370.154347826 0.000000e+00
370.697826087 0.000000e+00
371.241304348 0.000000e+00
371.784782609 0.000000e+00
372.32826087 0.000000e+00
372.87173913 0.000000e+00
373.415217391 0.000000e+00
373.958695652 0.000000e+00
374.502173913 0.000000e+00
375.045652174 0.000000e+00
375.589130435 0.000000e+00
376.132608696 0.000000e+00
376.676086957 0.000000e+00
377.219565217 0.000000e+00
377.763043478 0.000000e+00
378.306521739 0.000000e+00
378.85 0.000000e+00
379.393478261 0.000000e+00
379.936956522 0.000000e+00
380.480434783 0.000000e+00
381.023913043 0.000000e+00
381.567391304 0.000000e+00
382.110869565 0.000000e+00
382.654347826 0.000000e+00
383.197826087 0.000000e+00
383.741304348 0.000000e+00
384.284782609 0.000000e+00
384.82826087 0.000000e+00
385.37173913 0.000000e+00
385.915217391 0.000000e+00
386.458695652 0.000000e+00
387.002173913 0.000000e+00
387.545652174 0.000000e+00
388.089130435 0.000000e+00
388.632608696 0.000000e+00
389.176086957 0.000000e+00
389.719565217 0.000000e+00
390.263043478 0.000000e+00
390.806521739 0.000000e+00
391.35 0.000000e+00
391.893478261 0.000000e+00
392.436956522 0.000000e+00
392.980434783 0.000000e+00
393.523913043 0.000000e+00
394.067391304 0.000000e+00
394.610869565 0.000000e+00
395.154347826 0.000000e+00
395.697826087 0.000000e+00
396.241304348 0.000000e+00
396.784782609 0.000000e+00
397.32826087 0.000000e+00
397.87173913 0.000000e+00
398.415217391 0.000000e+00
398.958695652 0.000000e+00
399.502173913 0.000000e+00
400.045652174 0.000000e+00
400.589130435 0.000000e+00
401.132608696 0.000000e+00
401.676086957 0.000000e+00
402.219565217 0.000000e+00
402.763043478 0.000000e+00
403.306521739 0.000000e+00
403.85 0.000000e+00
404.393478261 0.000000e+00
404.936956522 0.000000e+00
405.480434783 0.000000e+00
406.023913043 0.000000e+00
406.567391304 0.000000e+00
407.110869565 0.000000e+00
407.654347826 0.000000e+00
408.197826087 0.000000e+00
408.741304348 0.000000e+00
409.284782609 0.000000e+00
409.82826087 0.000000e+00
410.37173913 0.000000e+00
410.915217391 0.000000e+00
411.458695652 0.000000e+00
412.002173913 0.000000e+00
412.545652174 0.000000e+00
413.089130435 0.000000e+00
413.632608696 0.000000e+00
414.176086957 0.000000e+00
414.719565217 0.000000e+00
415.263043478 0.000000e+00
415.806521739 0.000000e+00
416.35 0.000000e+00
416.893478261 0.000000e+00
417.436956522 0.000000e+00
417.980434783 0.000000e+00
418.523913043 0.000000e+00
419.067391304 0.000000e+00
419.610869565 0.000000e+00
420.154347826 0.000000e+00
420.697826087 0.000000e+00
421.241304348 0.000000e+00
421.784782609 0.000000e+00
422.32826087 0.000000e+00
422.87173913 0.000000e+00
423.415217391 0.000000e+00
423.958695652 0.000000e+00
424.502173913 0.000000e+00
425.045652174 0.000000e+00
425.589130435 0.000000e+00
426.132608696 0.000000e+00
426.676086957 0.000000e+00
427.219565217 0.000000e+00
427.763043478 0.000000e+00
428.306521739 0.000000e+00
428.85 0.000000e+00
429.393478261 0.000000e+00
429.936956522 0.000000e+00
430.480434783 0.000000e+00
431.023913043 0.000000e+00
431.567391304 0.000000e+00
432.110869565 0.000000e+00
432.654347826 0.000000e+00
433.197826087 0.000000e+00
433.741304348 0.000000e+00
434.284782609 0.000000e+00
434.82826087 0.000000e+00
435.37173913 0.000000e+00
435.915217391 0.000000e+00
436.458695652 0.000000e+00
437.002173913 0.000000e+00
437.545652174 0.000000e+00
438.089130435 0.000000e+00
438.632608696 0.000000e+00
439.176086957 0.000000e+00
439.719565217 0.000000e+00
440.263043478 0.000000e+00
440.806521739 0.000000e+00
441.35 0.000000e+00
441.893478261 0.000000e+00
442.436956522 0.000000e+00
442.980434783 0.000000e+00
443.523913043 0.000000e+00
444.067391304 0.000000e+00
444.610869565 0.000000e+00
445.154347826 0.000000e+00
445.697826087 0.000000e+00
446.241304348 0.000000e+00
446.784782609 0.000000e+00
447.32826087 0.000000e+00
447.87173913 0.000000e+00
448.415217391 0.000000e+00
448.958695652 0.000000e+00
449.502173913 0.000000e+00
450.045652174 0.000000e+00
450.589130435 0.000000e+00
451.132608696 0.000000e+00
451.676086957 0.000000e+00
452.219565217 0.000000e+00
452.763043478 0.000000e+00
453.306521739 0.000000e+00
453.85 0.000000e+00
454.393478261 0.000000e+00
454.936956522 0.000000e+00
455.480434783 0.000000e+00
456.023913043 0.000000e+00
456.567391304 0.000000e+00
457.110869565 0.000000e+00
457.654347826 0.000000e+00
458.197826087 0.000000e+00
458.741304348 0.000000e+00
459.284782609 0.000000e+00
459.82826087 0.000000e+00
460.37173913 0.000000e+00
460.915217391 0.000000e+00
461.458695652 0.000000e+00
462.002173913 0.000000e+00
462.545652174 0.000000e+00
463.089130435 0.000000e+00
463.632608696 0.000000e+00
464.176086957 0.000000e+00
464.719565217 0.000000e+00
465.263043478 0.000000e+00
465.806521739 0.000000e+00
466.35 0.000000e+00
466.893478261 0.000000e+00
467.436956522 0.000000e+00
467.980434783 0.000000e+00
468.523913043 0.000000e+00
469.067391304 0.000000e+00
469.610869565 0.000000e+00
470.154347826 0.000000e+00
470.697826087 0.000000e+00
471.241304348 0.000000e+00
471.784782609 0.000000e+00
472.32826087 0.000000e+00
472.87173913 0.000000e+00
473.415217391 0.000000e+00
473.958695652 0.000000e+00
474.502173913 0.000000e+00
475.045652174 0.000000e+00
475.589130435 0.000000e+00
476.132608696 0.000000e+00
476.676086957 0.000000e+00
477.219565217 0.000000e+00
477.763043478 0.000000e+00
478.306521739 0.000000e+00
478.85 0.000000e+00
479.393478261 0.000000e+00
479.936956522 0.000000e+00
480.480434783 0.000000e+00
481.023913043 0.000000e+00
481.567391304 0.000000e+00
482.110869565 0.000000e+00
482.654347826 0.000000e+00
483.197826087 0.000000e+00
483.741304348 0.000000e+00
484.284782609 0.000000e+00
484.82826087 0.000000e+00
485.37173913 0.000000e+00
485.915217391 0.000000e+00
486.458695652 0.000000e+00
487.002173913 0.000000e+00
487.545652174 0.000000e+00
488.089130435 0.000000e+00
488.632608696 0.000000e+00
489.176086957 0.000000e+00
489.719565217 0.000000e+00
490.263043478 0.000000e+00
490.806521739 0.000000e+00
491.35 0.000000e+00
491.893478261 0.000000e+00
492.436956522 0.000000e+00
492.980434783 0.000000e+00
493.523913043 0.000000e+00
494.067391304 0.000000e+00
494.610869565 0.000000e+00
495.154347826 0.000000e+00
495.697826087 0.000000e+00
496.241304348 0.000000e+00
496.784782609 0.000000e+00
497.32826087 0.000000e+00
497.87173913 0.000000e+00
498.415217391 0.000000e+00
498.958695652 0.000000e+00
499.502173913 0.000000e+00
500.045652174 0.000000e+00
500.589130435 0.000000e+00
501.132608696 0.000000e+00
501.676086957 0.000000e+00
502.219565217 0.000000e+00
502.763043478 0.000000e+00
503.306521739 0.000000e+00
503.85 0.000000e+00
504.393478261 0.000000e+00
504.936956522 0.000000e+00
505.480434783 0.000000e+00
506.023913043 0.000000e+00
506.567391304 0.000000e+00
507.110869565 0.000000e+00
507.654347826 0.000000e+00
508.197826087 0.000000e+00
508.741304348 0.000000e+00
509.284782609 0.000000e+00
509.82826087 0.000000e+00
510.37173913 0.000000e+00
510.915217391 0.000000e+00
511.458695652 0.000000e+00
512.002173913 0.000000e+00
512.545652174 0.000000e+00
513.089130435 0.000000e+00
513.632608696 0.000000e+00
514.176086957 0.000000e+00
514.719565217 0.000000e+00
515.263043478 0.000000e+00
515.806521739 0.000000e+00
516.35 0.000000e+00
516.893478261 0.000000e+00
517.436956522 0.000000e+00
517.980434783 0.000000e+00
518.523913043 0.000000e+00
519.067391304 0.000000e+00
519.610869565 0.000000e+00
520.154347826 0.000000e+00
520.697826087 0.000000e+00
521.241304348 0.000000e+00
521.784782609 0.000000e+00
522.32826087 0.000000e+00
522.87173913 0.000000e+00
523.87173913 0.0
524.87173913 0.0
525.87173913 0.0
526.87173913 0.0
527.87173913 0.0
528.87173913 0.0
529.87173913 0.0
530.87173913 0.0
531.87173913 0.0
532.87173913 0.0
533.87173913 0.0
534.87173913 0.0
535.87173913 0.0
536.87173913 0.0
537.87173913 0.0
538.87173913 0.0
539.87173913 0.0
540.87173913 0.0
541.87173913 0.0
542.87173913 0.0
543.87173913 0.0
544.87173913 0.0
545.87173913 0.0
546.87173913 0.0
547.87173913 0.0
548.87173913 0.0
549.87173913 0.0
550.87173913 0.0
551.87173913 0.0
552.87173913 0.0
553.87173913 0.0
554.87173913 0.0
555.87173913 0.0
556.87173913 0.0
557.87173913 0.0
558.87173913 0.0
559.87173913 0.0
560.87173913 0.0
561.87173913 0.0
562.87173913 0.0
563.87173913 0.0
564.87173913 0.0
565.87173913 0.0
566.87173913 0.0
567.87173913 0.0
568.87173913 0.0
569.87173913 0.0
570.87173913 0.0
571.87173913 0.0
572.87173913 0.0
573.87173913 0.0
574.87173913 0.0
575.87173913 0.0
576.87173913 0.0
577.87173913 0.0
578.87173913 0.0
579.87173913 0.0
580.87173913 0.0
581.87173913 0.0
582.87173913 0.0
583.87173913 0.0
584.87173913 0.0
585.87173913 0.0
586.87173913 0.0
587.87173913 0.0
588.87173913 0.0
589.87173913 0.0
590.87173913 0.0
591.87173913 0.0
592.87173913 0.0
593.87173913 0.0
594.87173913 0.0
595.87173913 0.0
596.87173913 0.0
597.87173913 0.0
598.87173913 0.0
599.87173913 0.0
600.87173913 0.0
601.87173913 0.0
602.87173913 0.0
603.87173913 0.0
604.87173913 0.0
605.87173913 0.0
606.87173913 0.0
607.87173913 0.0
608.87173913 0.0
609.87173913 0.0
610.87173913 0.0
611.87173913 0.0
612.87173913 0.0
613.87173913 0.0
614.87173913 0.0
615.87173913 0.0
616.87173913 0.0
617.87173913 0.0
618.87173913 0.0
619.87173913 0.0
620.87173913 0.0
621.87173913 0.0
622.87173913 0.0
623.87173913 0.0
624.87173913 0.0
625.87173913 0.0
626.87173913 0.0
627.87173913 0.0
628.87173913 0.0
629.87173913 0.0
630.87173913 0.0
631.87173913 0.0
632.87173913 0.0
633.87173913 0.0
634.87173913 0.0
635.87173913 0.0
636.87173913 0.0
637.87173913 0.0
638.87173913 0.0
639.87173913 0.0
640.87173913 0.0
641.87173913 0.0
642.87173913 0.0
643.87173913 0.0
644.87173913 0.0
645.87173913 0.0
646.87173913 0.0
647.87173913 0.0
648.87173913 0.0
649.87173913 0.0
650.87173913 0.0
651.87173913 0.0
652.87173913 0.0
653.87173913 0.0
654.87173913 0.0
655.87173913 0.0
656.87173913 0.0
657.87173913 0.0
658.87173913 0.0
659.87173913 0.0
660.87173913 0.0
661.87173913 0.0
662.87173913 0.0
663.87173913 0.0
664.87173913 0.0
665.87173913 0.0
666.87173913 0.0
667.87173913 0.0
668.87173913 0.0
669.87173913 0.0
670.87173913 0.0
671.87173913 0.0
672.87173913 0.0
673.87173913 0.0
674.87173913 0.0
675.87173913 0.0
676.87173913 0.0
677.87173913 0.0
678.87173913 0.0
679.87173913 0.0
680.87173913 0.0
681.87173913 0.0
682.87173913 0.0
683.87173913 0.0
684.87173913 0.0
685.87173913 0.0
686.87173913 0.0
687.87173913 0.0
688.87173913 0.0
689.87173913 0.0
690.87173913 0.0
691.87173913 0.0
692.87173913 0.0
693.87173913 0.0
694.87173913 0.0
695.87173913 0.0
696.87173913 0.0
697.87173913 0.0
698.87173913 0.0
699.87173913 0.0
700.87173913 0.0
701.87173913 0.0
702.87173913 0.0
703.87173913 0.0
704.87173913 0.0
705.87173913 0.0
706.87173913 0.0
707.87173913 0.0
708.87173913 0.0
709.87173913 0.0
710.87173913 0.0
711.87173913 0.0
712.87173913 0.0
713.87173913 0.0
714.87173913 0.0
715.87173913 0.0
716.87173913 0.0
717.87173913 0.0
718.87173913 0.0
719.87173913 0.0
720.87173913 0.0
721.87173913 0.0
722.87173913 0.0
723.87173913 0.0
724.87173913 0.0
725.87173913 0.0
726.87173913 0.0
727.87173913 0.0
728.87173913 0.0
729.87173913 0.0
730.87173913 0.0
731.87173913 0.0
732.87173913 0.0
733.87173913 0.0
734.87173913 0.0
735.87173913 0.0
736.87173913 0.0
737.87173913 0.0
738.87173913 0.0
739.87173913 0.0
740.87173913 0.0
741.87173913 0.0
742.87173913 0.0
743.87173913 0.0
744.87173913 0.0
745.87173913 0.0
746.87173913 0.0
747.87173913 0.0
748.87173913 0.0
749.87173913 0.0
750.87173913 0.0
751.87173913 0.0
752.87173913 0.0
753.87173913 0.0
754.87173913 0.0
755.87173913 0.0
756.87173913 0.0
757.87173913 0.0
758.87173913 0.0
759.87173913 0.0
760.87173913 0.0
761.87173913 0.0
762.87173913 0.0
763.87173913 0.0
764.87173913 0.0
765.87173913 0.0
766.87173913 0.0
767.87173913 0.0
768.87173913 0.0
769.87173913 0.0
770.87173913 0.0
771.87173913 0.0
772.87173913 0.0
773.87173913 0.0
774.87173913 0.0
775.87173913 0.0
776.87173913 0.0
777.87173913 0.0
778.87173913 0.0
779.87173913 0.0
780.87173913 0.0
781.87173913 0.0
782.87173913 0.0
783.87173913 0.0
784.87173913 0.0
785.87173913 0.0
786.87173913 0.0
787.87173913 0.0
788.87173913 0.0
789.87173913 0.0
790.87173913 0.0
791.87173913 0.0
792.87173913 0.0
793.87173913 0.0
794.87173913 0.0
795.87173913 0.0
796.87173913 0.0
797.87173913 0.0
798.87173913 0.0
799.87173913 0.0
800.87173913 0.0
801.87173913 0.0
802.87173913 0.0
803.87173913 0.0
804.87173913 0.0
805.87173913 0.0
806.87173913 0.0
807.87173913 0.0
808.87173913 0.0
809.87173913 0.0
810.87173913 0.0
811.87173913 0.0
812.87173913 0.0
813.87173913 0.0
814.87173913 0.0
815.87173913 0.0
816.87173913 0.0
817.87173913 0.0
818.87173913 0.0
819.87173913 0.0
820.87173913 0.0
821.87173913 0.0
822.87173913 0.0
823.87173913 0.0
824.87173913 0.0
825.87173913 0.0
826.87173913 0.0
827.87173913 0.0
828.87173913 0.0
829.87173913 0.0
830.87173913 0.0
831.87173913 0.0
832.87173913 0.0
833.87173913 0.0
834.87173913 0.0
835.87173913 0.0
836.87173913 0.0
837.87173913 0.0
838.87173913 0.0
839.87173913 0.0
840.87173913 0.0
841.87173913 0.0
842.87173913 0.0
843.87173913 0.0
844.87173913 0.0
845.87173913 0.0
846.87173913 0.0
847.87173913 0.0
848.87173913 0.0
849.87173913 0.0
850.87173913 0.0
851.87173913 0.0
852.87173913 0.0
853.87173913 0.0
854.87173913 0.0
855.87173913 0.0
856.87173913 0.0
857.87173913 0.0
858.87173913 0.0
859.87173913 0.0
860.87173913 0.0
861.87173913 0.0
862.87173913 0.0
863.87173913 0.0
864.87173913 0.0
865.87173913 0.0
866.87173913 0.0
867.87173913 0.0
868.87173913 0.0
869.87173913 0.0
870.87173913 0.0
871.87173913 0.0
872.87173913 0.0
873.87173913 0.0
874.87173913 0.0
875.87173913 0.0
876.87173913 0.0
877.87173913 0.0
878.87173913 0.0
879.87173913 0.0
880.87173913 0.0
881.87173913 0.0
882.87173913 0.0
883.87173913 0.0
884.87173913 0.0
885.87173913 0.0
886.87173913 0.0
887.87173913 0.0
888.87173913 0.0
889.87173913 0.0
890.87173913 0.0
891.87173913 0.0
892.87173913 0.0
893.87173913 0.0
894.87173913 0.0
895.87173913 0.0
896.87173913 0.0
897.87173913 0.0
898.87173913 0.0
899.87173913 0.0
900.87173913 0.0
901.87173913 0.0
902.87173913 0.0
903.87173913 0.0
904.87173913 0.0
905.87173913 0.0
906.87173913 0.0
907.87173913 0.0
908.87173913 0.0
909.87173913 0.0
910.87173913 0.0
911.87173913 0.0
912.87173913 0.0
913.87173913 0.0
914.87173913 0.0
915.87173913 0.0
916.87173913 0.0
917.87173913 0.0
918.87173913 0.0
919.87173913 0.0
920.87173913 0.0
921.87173913 0.0
922.87173913 0.0
923.87173913 0.0
924.87173913 0.0
925.87173913 0.0
926.87173913 0.0
927.87173913 0.0
928.87173913 0.0
929.87173913 0.0
930.87173913 0.0
931.87173913 0.0
932.87173913 0.0
933.87173913 0.0
934.87173913 0.0
935.87173913 0.0
936.87173913 0.0
937.87173913 0.0
938.87173913 0.0
939.87173913 0.0
940.87173913 0.0
941.87173913 0.0
942.87173913 0.0
943.87173913 0.0
944.87173913 0.0
945.87173913 0.0
946.87173913 0.0
947.87173913 0.0
948.87173913 0.0
949.87173913 0.0
950.87173913 0.0
951.87173913 0.0
952.87173913 0.0
953.87173913 0.0
954.87173913 0.0
955.87173913 0.0
956.87173913 0.0
957.87173913 0.0
958.87173913 0.0
959.87173913 0.0
960.87173913 0.0
961.87173913 0.0
962.87173913 0.0
963.87173913 0.0
964.87173913 0.0
965.87173913 0.0
966.87173913 0.0
967.87173913 0.0
968.87173913 0.0
969.87173913 0.0
970.87173913 0.0
971.87173913 0.0
972.87173913 0.0
973.87173913 0.0
974.87173913 0.0
975.87173913 0.0
976.87173913 0.0
977.87173913 0.0
978.87173913 0.0
979.87173913 0.0
980.87173913 0.0
981.87173913 0.0
982.87173913 0.0
983.87173913 0.0
984.87173913 0.0
985.87173913 0.0
986.87173913 0.0
987.87173913 0.0
988.87173913 0.0
989.87173913 0.0
990.87173913 0.0
991.87173913 0.0
992.87173913 0.0
993.87173913 0.0
994.87173913 0.0
995.87173913 0.0
996.87173913 0.0
997.87173913 0.0
998.87173913 0.0
999.87173913 0.0
1000.87173913 0.0
1001.87173913 0.0
1002.87173913 0.0
1003.87173913 0.0
1004.87173913 0.0
1005.87173913 0.0
1006.87173913 0.0
1007.87173913 0.0
1008.87173913 0.0
1009.87173913 0.0
1010.87173913 0.0
1011.87173913 0.0
1012.87173913 0.0
1013.87173913 0.0
1014.87173913 0.0
1015.87173913 0.0
1016.87173913 0.0
1017.87173913 0.0
1018.87173913 0.0
1019.87173913 0.0
1020.87173913 0.0
1021.87173913 0.0
1022.87173913 0.0
