-640.219625345 0.0
-639.219625345 0.0
-638.219625345 0.0
-637.219625345 0.0
-636.219625345 0.0
-635.219625345 0.0
-634.219625345 0.0
-633.219625345 0.0
-632.219625345 0.0
-631.219625345 0.0
-630.219625345 0.0
-629.219625345 0.0
-628.219625345 0.0
-627.219625345 0.0
-626.219625345 0.0
-625.219625345 0.0
-624.219625345 0.0
-623.219625345 0.0
-622.219625345 0.0
-621.219625345 0.0
-620.219625345 0.0
-619.219625345 0.0
-618.219625345 0.0
-617.219625345 0.0
-616.219625345 0.0
-615.219625345 0.0
-614.219625345 0.0
-613.219625345 0.0
-612.219625345 0.0
-611.219625345 0.0
-610.219625345 0.0
-609.219625345 0.0
-608.219625345 0.0
-607.219625345 0.0
-606.219625345 0.0
-605.219625345 0.0
-604.219625345 0.0
-603.219625345 0.0
-602.219625345 0.0
-601.219625345 0.0
-600.219625345 0.0
-599.219625345 0.0
-598.219625345 0.0
-597.219625345 0.0
-596.219625345 0.0
-595.219625345 0.0
-594.219625345 0.0
-593.219625345 0.0
-592.219625345 0.0
-591.219625345 0.0
-590.219625345 0.0
-589.219625345 0.0
-588.219625345 0.0
-587.219625345 0.0
-586.219625345 0.0
-585.219625345 0.0
-584.219625345 0.0
-583.219625345 0.0
-582.219625345 0.0
-581.219625345 0.0
-580.219625345 0.0
-579.219625345 0.0
-578.219625345 0.0
-577.219625345 0.0
-576.219625345 0.0
-575.219625345 0.0
-574.219625345 0.0
-573.219625345 0.0
-572.219625345 0.0
-571.219625345 0.0
-570.219625345 0.0
-569.219625345 0.0
-568.219625345 0.0
-567.219625345 0.0
-566.219625345 0.0
-565.219625345 0.0
-564.219625345 0.0
-563.219625345 0.0
-562.219625345 0.0
-561.219625345 0.0
-560.219625345 0.0
-559.219625345 0.0
-558.219625345 0.0
-557.219625345 0.0
-556.219625345 0.0
-555.219625345 0.0
-554.219625345 0.0
-553.219625345 0.0
-552.219625345 0.0
-551.219625345 0.0
-550.219625345 0.0
-549.219625345 0.0
-548.219625345 0.0
-547.219625345 0.0
-546.219625345 0.0
-545.219625345 0.0
-544.219625345 0.0
-543.219625345 0.0
-542.219625345 0.0
-541.219625345 0.0
-540.219625345 0.0
-539.219625345 0.0
-538.219625345 0.0
-537.219625345 0.0
-536.219625345 0.0
-535.219625345 0.0
-534.219625345 0.0
-533.219625345 0.0
-532.219625345 0.0
-531.219625345 0.0
-530.219625345 0.0
-529.219625345 0.0
-528.219625345 0.0
-527.219625345 0.0
-526.219625345 0.0
-525.219625345 0.0
-524.219625345 0.0
-523.219625345 0.0
-522.219625345 0.0
-521.219625345 0.0
-520.219625345 0.0
-519.219625345 0.0
-518.219625345 0.0
-517.219625345 0.0
-516.219625345 0.0
-515.219625345 0.0
-514.219625345 0.0
-513.219625345 0.0
-512.219625345 0.0
-511.219625345 0.0
-510.219625345 0.0
-509.219625345 0.0
-508.219625345 0.0
-507.219625345 0.0
-506.219625345 0.0
-505.219625345 0.0
-504.219625345 0.0
-503.219625345 0.0
-502.219625345 0.0
-501.219625345 0.0
-500.219625345 0.0
-499.219625345 0.0
-498.219625345 0.0
-497.219625345 0.0
-496.219625345 0.0
-495.219625345 0.0
-494.219625345 0.0
-493.219625345 0.0
-492.219625345 0.0
-491.219625345 0.0
-490.219625345 0.0
-489.219625345 0.0
-488.219625345 0.0
-487.219625345 0.0
-486.219625345 0.0
-485.219625345 0.0
-484.219625345 0.0
-483.219625345 0.0
-482.219625345 0.0
-481.219625345 0.0
-480.219625345 0.0
-479.219625345 0.0
-478.219625345 0.0
-477.219625345 0.0
-476.219625345 0.0
-475.219625345 0.0
-474.219625345 0.0
-473.219625345 0.0
-472.219625345 0.0
-471.219625345 0.0
-470.219625345 0.0
-469.219625345 0.0
-468.219625345 0.0
-467.219625345 0.0
-466.219625345 0.0
-465.219625345 0.0
-464.219625345 0.0
-463.219625345 0.0
-462.219625345 0.0
-461.219625345 0.0
-460.219625345 0.0
-459.219625345 0.0
-458.219625345 0.0
-457.219625345 0.0
-456.219625345 0.0
-455.219625345 0.0
-454.219625345 0.0
-453.219625345 0.0
-452.219625345 0.0
-451.219625345 0.0
-450.219625345 0.0
-449.219625345 0.0
-448.219625345 0.0
-447.219625345 0.0
-446.219625345 0.0
-445.219625345 0.0
-444.219625345 0.0
-443.219625345 0.0
-442.219625345 0.0
-441.219625345 0.0
-440.219625345 0.0
-439.219625345 0.0
-438.219625345 0.0
-437.219625345 0.0
-436.219625345 0.0
-435.219625345 0.0
-434.219625345 0.0
-433.219625345 0.0
-432.219625345 0.0
-431.219625345 0.0
-430.219625345 0.0
-429.219625345 0.0
-428.219625345 0.0
-427.219625345 0.0
-426.219625345 0.0
-425.219625345 0.0
-424.219625345 0.0
-423.219625345 0.0
-422.219625345 0.0
-421.219625345 0.0
-420.219625345 0.0
-419.219625345 0.0
-418.219625345 0.0
-417.219625345 0.0
-416.219625345 0.0
-415.219625345 0.0
-414.219625345 0.0
-413.219625345 0.0
-412.219625345 0.0
-411.219625345 0.0
-410.219625345 0.0
-409.219625345 0.0
-408.219625345 0.0
-407.219625345 0.0
-406.219625345 0.0
-405.219625345 0.0
-404.219625345 0.0
-403.219625345 0.0
-402.219625345 0.0
-401.219625345 0.0
-400.219625345 0.0
-399.219625345 0.0
-398.219625345 0.0
-397.219625345 0.0
-396.219625345 0.0
-395.219625345 0.0
-394.219625345 0.0
-393.219625345 0.0
-392.219625345 0.0
-391.219625345 0.0
-390.219625345 0.0
-389.219625345 0.0
-388.219625345 0.0
-387.219625345 0.0
-386.219625345 0.0
-385.219625345 0.0
-384.219625345 0.0
-383.219625345 0.0
-382.219625345 0.0
-381.219625345 0.0
-380.219625345 0.0
-379.219625345 0.0
-378.219625345 0.0
-377.219625345 0.0
-376.219625345 0.0
-375.219625345 0.0
-374.219625345 0.0
-373.219625345 0.0
-372.219625345 0.0
-371.219625345 0.0
-370.219625345 0.0
-369.219625345 0.0
-368.219625345 0.0
-367.219625345 0.0
-366.219625345 0.0
-365.219625345 0.0
-364.219625345 0.0
-363.219625345 0.0
-362.219625345 0.0
-361.219625345 0.0
-360.219625345 0.0
-359.219625345 0.0
-358.219625345 0.0
-357.219625345 0.0
-356.219625345 0.0
-355.219625345 0.0
-354.219625345 0.0
-353.219625345 0.0
-352.219625345 0.0
-351.219625345 0.0
-350.219625345 0.0
-349.219625345 0.0
-348.219625345 0.0
-347.219625345 0.0
-346.219625345 0.0
-345.219625345 0.0
-344.219625345 0.0
-343.219625345 0.0
-342.219625345 0.0
-341.219625345 0.0
-340.219625345 0.0
-339.219625345 0.0
-338.219625345 0.0
-337.219625345 0.0
-336.219625345 0.0
-335.219625345 0.0
-334.219625345 0.0
-333.219625345 0.0
-332.219625345 0.0
-331.219625345 0.0
-330.219625345 0.0
-329.219625345 0.0
-328.219625345 0.0
-327.219625345 0.0
-326.219625345 0.0
-325.219625345 0.0
-324.219625345 0.0
-323.219625345 0.0
-322.219625345 0.0
-321.219625345 0.0
-320.219625345 0.0
-319.219625345 0.0
-318.219625345 0.0
-317.219625345 0.0
-316.219625345 0.0
-315.219625345 0.0
-314.219625345 0.0
-313.219625345 0.0
-312.219625345 0.0
-311.219625345 0.0
-310.219625345 0.0
-309.219625345 0.0
-308.219625345 0.0
-307.219625345 0.0
-306.219625345 0.0
-305.219625345 0.0
-304.219625345 0.0
-303.219625345 0.0
-302.219625345 0.0
-301.219625345 0.0
-300.219625345 0.0
-299.219625345 0.0
-298.219625345 0.0
-297.219625345 0.0
-296.219625345 0.0
-295.219625345 0.0
-294.219625345 0.0
-293.219625345 0.0
-292.219625345 0.0
-291.219625345 0.0
-290.219625345 0.0
-289.219625345 0.0
-288.219625345 0.0
-287.219625345 0.0
-286.219625345 0.0
-285.219625345 0.0
-284.219625345 0.0
-283.219625345 0.0
-282.219625345 0.0
-281.219625345 0.0
-280.219625345 0.0
-279.219625345 0.0
-278.219625345 0.0
-277.219625345 0.0
-276.219625345 0.0
-275.219625345 0.0
-274.219625345 0.0
-273.219625345 0.0
-272.219625345 0.0
-271.219625345 0.0
-270.219625345 0.0
-269.219625345 0.0
-268.219625345 0.0
-267.219625345 0.0
-266.219625345 0.0
-265.219625345 0.0
-264.219625345 0.0
-263.219625345 0.0
-262.219625345 0.0
-261.219625345 0.0
-260.219625345 0.0
-259.219625345 0.0
-258.219625345 0.0
-257.219625345 0.0
-256.219625345 0.0
-255.219625345 0.0
-254.219625345 0.0
-253.219625345 0.0
-252.219625345 0.0
-251.219625345 0.0
-250.219625345 0.0
-249.219625345 0.0
-248.219625345 0.0
-247.219625345 0.0
-246.219625345 0.0
-245.219625345 0.0
-244.219625345 0.0
-243.219625345 0.0
-242.219625345 0.0
-241.219625345 0.0
-240.219625345 0.0
-239.219625345 0.0
-238.219625345 0.0
-237.219625345 0.0
-236.219625345 0.0
-235.219625345 0.0
-234.219625345 0.0
-233.219625345 0.0
-232.219625345 0.0
-231.219625345 0.0
-230.219625345 0.0
-229.219625345 0.0
-228.219625345 0.0
-227.219625345 0.0
-226.219625345 0.0
-225.219625345 0.0
-224.219625345 0.0
-223.219625345 0.0
-222.219625345 0.0
-221.219625345 0.0
-220.219625345 0.0
-219.219625345 0.0
-218.219625345 0.0
-217.219625345 0.0
-216.219625345 0.0
-215.219625345 0.0
-214.219625345 0.0
-213.219625345 0.0
-212.219625345 0.0
-211.219625345 0.0
-210.219625345 0.0
-209.219625345 0.0
-208.219625345 0.0
-207.219625345 0.0
-206.219625345 0.0
-205.219625345 0.0
-204.219625345 0.0
-203.219625345 0.0
-202.219625345 0.0
-201.219625345 0.0
-200.219625345 0.0
-199.219625345 0.0
-198.219625345 0.0
-197.219625345 0.0
-196.219625345 0.0
-195.219625345 0.0
-194.219625345 0.0
-193.219625345 0.0
-192.219625345 0.0
-191.219625345 0.0
-190.219625345 0.0
-189.219625345 0.0
-188.219625345 0.0
-187.219625345 0.0
-186.219625345 0.0
-185.219625345 0.0
-184.219625345 0.0
-183.219625345 0.0
-182.219625345 0.0
-181.219625345 0.0
-180.219625345 0.0
-179.219625345 0.0
-178.219625345 0.0
-177.219625345 0.0
-176.219625345 0.0
-175.219625345 0.0
-174.219625345 0.0
-173.219625345 0.0
-172.219625345 0.0
-171.219625345 0.0
-170.219625345 0.0
-169.219625345 0.0
-168.219625345 0.0
-167.219625345 0.0
-166.219625345 0.0
-165.219625345 0.0
-164.219625345 0.0
-163.219625345 0.0
-162.219625345 0.0
-161.219625345 0.0
-160.219625345 0.0
-159.219625345 0.0
-158.219625345 0.0
-157.219625345 0.0
-156.219625345 0.0
-155.219625345 0.0
-154.219625345 0.0
-153.219625345 0.0
-152.219625345 0.0
-151.219625345 0.0
-150.219625345 0.0
-149.219625345 0.0
-148.219625345 0.0
-147.219625345 0.0
-146.219625345 0.0
-145.219625345 0.0
-144.219625345 0.0
-143.219625345 0.0
-142.219625345 0.0
-141.219625345 0.0
-140.219625345 0.000000e+00
-139.632391802 0.000000e+00
-139.045158259 0.000000e+00
-138.457924717 0.000000e+00
-137.870691174 0.000000e+00
-137.283457631 0.000000e+00
-136.696224088 0.000000e+00
-136.108990546 0.000000e+00
-135.521757003 0.000000e+00
-134.93452346 0.000000e+00
-134.347289917 0.000000e+00
-133.760056374 0.000000e+00
-133.172822832 0.000000e+00
-132.585589289 0.000000e+00
-131.998355746 0.000000e+00
-131.411122203 0.000000e+00
-130.823888661 0.000000e+00
-130.236655118 0.000000e+00
-129.649421575 0.000000e+00
-129.062188032 0.000000e+00
-128.474954489 0.000000e+00
-127.887720947 0.000000e+00
-127.300487404 0.000000e+00
-126.713253861 0.000000e+00
-126.126020318 0.000000e+00
-125.538786776 0.000000e+00
-124.951553233 0.000000e+00
-124.36431969 0.000000e+00
-123.777086147 0.000000e+00
-123.189852604 0.000000e+00
-122.602619062 0.000000e+00
-122.015385519 0.000000e+00
-121.428151976 0.000000e+00
-120.840918433 0.000000e+00
-120.25368489 0.000000e+00
-119.666451348 0.000000e+00
-119.079217805 0.000000e+00
-118.491984262 0.000000e+00
-117.904750719 0.000000e+00
-117.317517177 0.000000e+00
-116.730283634 0.000000e+00
-116.143050091 0.000000e+00
-115.555816548 0.000000e+00
-114.968583005 0.000000e+00
-114.381349463 0.000000e+00
-113.79411592 0.000000e+00
-113.206882377 0.000000e+00
-112.619648834 0.000000e+00
-112.032415292 0.000000e+00
-111.445181749 0.000000e+00
-110.857948206 0.000000e+00
-110.270714663 0.000000e+00
-109.68348112 0.000000e+00
-109.096247578 0.000000e+00
-108.509014035 0.000000e+00
-107.921780492 0.000000e+00
-107.334546949 0.000000e+00
-106.747313407 0.000000e+00
-106.160079864 0.000000e+00
-105.572846321 0.000000e+00
-104.985612778 0.000000e+00
-104.398379235 0.000000e+00
-103.811145693 0.000000e+00
-103.22391215 0.000000e+00
-102.636678607 0.000000e+00
-102.049445064 0.000000e+00
-101.462211522 0.000000e+00
-100.874977979 0.000000e+00
-100.287744436 0.000000e+00
-99.7005108932 0.000000e+00
-99.1132773504 0.000000e+00
-98.5260438076 0.000000e+00
-97.9388102648 0.000000e+00
-97.3515767221 0.000000e+00
-96.7643431793 0.000000e+00
-96.1771096365 0.000000e+00
-95.5898760937 0.000000e+00
-95.0026425509 0.000000e+00
-94.4154090082 0.000000e+00
-93.8281754654 0.000000e+00
-93.2409419226 0.000000e+00
-92.6537083798 0.000000e+00
-92.066474837 0.000000e+00
-91.4792412943 0.000000e+00
-90.8920077515 0.000000e+00
-90.3047742087 0.000000e+00
-89.7175406659 0.000000e+00
-89.1303071231 0.000000e+00
-88.5430735804 0.000000e+00
-87.9558400376 0.000000e+00
-87.3686064948 0.000000e+00
-86.781372952 0.000000e+00
-86.1941394092 0.000000e+00
-85.6069058665 0.000000e+00
-85.0196723237 0.000000e+00
-84.4324387809 0.000000e+00
-83.8452052381 0.000000e+00
-83.2579716953 0.000000e+00
-82.6707381526 0.000000e+00
-82.0835046098 0.000000e+00
-81.496271067 0.000000e+00
-80.9090375242 0.000000e+00
-80.3218039814 0.000000e+00
-79.7345704387 0.000000e+00
-79.1473368959 0.000000e+00
-78.5601033531 0.000000e+00
-77.9728698103 0.000000e+00
-77.3856362675 0.000000e+00
-76.7984027248 0.000000e+00
-76.211169182 0.000000e+00
-75.6239356392 0.000000e+00
-75.0367020964 0.000000e+00
-74.4494685536 0.000000e+00
-73.8622350109 0.000000e+00
-73.2750014681 0.000000e+00
-72.6877679253 0.000000e+00
-72.1005343825 0.000000e+00
-71.5133008397 0.000000e+00
-70.926067297 0.000000e+00
-70.3388337542 0.000000e+00
-69.7516002114 0.000000e+00
-69.1643666686 0.000000e+00
-68.5771331258 0.000000e+00
-67.9898995831 0.000000e+00
-67.4026660403 0.000000e+00
-66.8154324975 0.000000e+00
-66.2281989547 0.000000e+00
-65.6409654119 0.000000e+00
-65.0537318692 0.000000e+00
-64.4664983264 0.000000e+00
-63.8792647836 0.000000e+00
-63.2920312408 0.000000e+00
-62.704797698 0.000000e+00
-62.1175641553 0.000000e+00
-61.5303306125 0.000000e+00
-60.9430970697 0.000000e+00
-60.3558635269 0.000000e+00
-59.7686299841 0.000000e+00
-59.1813964414 0.000000e+00
-58.5941628986 0.000000e+00
-58.0069293558 0.000000e+00
-57.419695813 0.000000e+00
-56.8324622702 0.000000e+00
-56.2452287275 0.000000e+00
-55.6579951847 0.000000e+00
-55.0707616419 0.000000e+00
-54.4835280991 0.000000e+00
-53.8962945563 0.000000e+00
-53.3090610136 0.000000e+00
-52.7218274708 0.000000e+00
-52.134593928 0.000000e+00
-51.5473603852 0.000000e+00
-50.9601268424 0.000000e+00
-50.3728932997 0.000000e+00
-49.7856597569 0.000000e+00
-49.1984262141 0.000000e+00
-48.6111926713 0.000000e+00
-48.0239591285 0.000000e+00
-47.4367255858 0.000000e+00
-46.849492043 0.000000e+00
-46.2622585002 0.000000e+00
-45.6750249574 0.000000e+00
-45.0877914146 0.000000e+00
-44.5005578719 0.000000e+00
-43.9133243291 0.000000e+00
-43.3260907863 0.000000e+00
-42.7388572435 0.000000e+00
-42.1516237007 0.000000e+00
-41.564390158 0.000000e+00
-40.9771566152 0.000000e+00
-40.3899230724 0.000000e+00
-39.8026895296 0.000000e+00
-39.2154559868 0.000000e+00
-38.6282224441 0.000000e+00
-38.0409889013 0.000000e+00
-37.4537553585 0.000000e+00
-36.8665218157 0.000000e+00
-36.2792882729 0.000000e+00
-35.6920547302 0.000000e+00
-35.1048211874 0.000000e+00
-34.5175876446 0.000000e+00
-33.9303541018 0.000000e+00
-33.343120559 0.000000e+00
-32.7558870163 0.000000e+00
-32.1686534735 0.000000e+00
-31.5814199307 0.000000e+00
-30.9941863879 0.000000e+00
-30.4069528451 0.000000e+00
-29.8197193024 0.000000e+00
-29.2324857596 0.000000e+00
-28.6452522168 0.000000e+00
-28.058018674 0.000000e+00
-27.4707851312 0.000000e+00
-26.8835515885 0.000000e+00
-26.2963180457 0.000000e+00
-25.7090845029 0.000000e+00
-25.1218509601 0.000000e+00
-24.5346174173 0.000000e+00
-23.9473838746 0.000000e+00
-23.3601503318 0.000000e+00
-22.772916789 0.000000e+00
-22.1856832462 0.000000e+00
-21.5984497034 0.000000e+00
-21.0112161607 0.000000e+00
-20.4239826179 0.000000e+00
-19.8367490751 0.000000e+00
-19.2495155323 0.000000e+00
-18.6622819895 0.000000e+00
-18.0750484468 0.000000e+00
-17.487814904 0.000000e+00
-16.9005813612 0.000000e+00
-16.3133478184 0.000000e+00
-15.7261142756 0.000000e+00
-15.1388807329 0.000000e+00
-14.5516471901 0.000000e+00
-13.9644136473 0.000000e+00
-13.3771801045 0.000000e+00
-12.7899465617 0.000000e+00
-12.202713019 0.000000e+00
-11.6154794762 0.000000e+00
-11.0282459334 0.000000e+00
-10.4410123906 0.000000e+00
-9.85377884785 0.000000e+00
-9.26654530507 0.000000e+00
-8.67931176229 0.000000e+00
-8.09207821951 0.000000e+00
-7.50484467673 0.000000e+00
-6.91761113395 0.000000e+00
-6.33037759117 0.000000e+00
-5.74314404839 0.000000e+00
-5.15591050561 0.000000e+00
-4.56867696283 0.000000e+00
-3.98144342005 0.000000e+00
-3.39420987727 0.000000e+00
-2.80697633449 0.000000e+00
-2.21974279171 0.000000e+00
-1.63250924893 0.000000e+00
-1.04527570615 0.000000e+00
-0.458042163368 2.121512e-01
0.129191379412 5.835997e-01
0.716424922192 9.461210e-01
1.30365846497 1.000000e+00
1.89089200775 8.001521e-01
2.47812555053 5.032522e-01
3.06535909331 4.229513e-01
3.65259263609 2.861607e-01
4.23982617887 2.768133e-01
4.82705972165 2.515835e-01
5.41429326443 2.126155e-01
6.00152680721 0.000000e+00
6.58876034999 0.000000e+00
7.17599389277 0.000000e+00
7.76322743555 0.000000e+00
8.35046097833 1.570876e-01
8.93769452111 0.000000e+00
9.52492806389 0.000000e+00
10.1121616067 0.000000e+00
10.6993951495 0.000000e+00
11.2866286922 0.000000e+00
11.873862235 0.000000e+00
12.4610957778 0.000000e+00
13.0483293206 0.000000e+00
13.6355628634 0.000000e+00
14.2227964061 0.000000e+00
14.8100299489 0.000000e+00
15.3972634917 0.000000e+00
15.9844970345 0.000000e+00
16.5717305773 0.000000e+00
17.15896412 0.000000e+00
17.7461976628 0.000000e+00
18.3334312056 0.000000e+00
18.9206647484 0.000000e+00
19.5078982912 0.000000e+00
20.0951318339 0.000000e+00
20.6823653767 0.000000e+00
21.2695989195 0.000000e+00
21.8568324623 0.000000e+00
22.4440660051 0.000000e+00
23.0312995478 0.000000e+00
23.6185330906 0.000000e+00
24.2057666334 0.000000e+00
24.7930001762 0.000000e+00
25.380233719 0.000000e+00
25.9674672617 0.000000e+00
26.5547008045 0.000000e+00
27.1419343473 0.000000e+00
27.7291678901 0.000000e+00
28.3164014328 0.000000e+00
28.9036349756 0.000000e+00
29.4908685184 0.000000e+00
30.0781020612 0.000000e+00
30.665335604 0.000000e+00
31.2525691467 0.000000e+00
31.8398026895 0.000000e+00
32.4270362323 0.000000e+00
33.0142697751 0.000000e+00
33.6015033179 0.000000e+00
34.1887368606 0.000000e+00
34.7759704034 0.000000e+00
35.3632039462 0.000000e+00
35.950437489 0.000000e+00
36.5376710318 0.000000e+00
37.1249045745 0.000000e+00
37.7121381173 0.000000e+00
38.2993716601 0.000000e+00
38.8866052029 0.000000e+00
39.4738387457 0.000000e+00
40.0610722884 0.000000e+00
40.6483058312 0.000000e+00
41.235539374 0.000000e+00
41.8227729168 0.000000e+00
42.4100064596 0.000000e+00
42.9972400023 0.000000e+00
43.5844735451 0.000000e+00
44.1717070879 0.000000e+00
44.7589406307 0.000000e+00
45.3461741735 0.000000e+00
45.9334077162 0.000000e+00
46.520641259 0.000000e+00
47.1078748018 0.000000e+00
47.6951083446 0.000000e+00
48.2823418874 0.000000e+00
48.8695754301 0.000000e+00
49.4568089729 0.000000e+00
50.0440425157 0.000000e+00
50.6312760585 0.000000e+00
51.2185096013 0.000000e+00
51.805743144 0.000000e+00
52.3929766868 0.000000e+00
52.9802102296 0.000000e+00
53.5674437724 0.000000e+00
54.1546773152 0.000000e+00
54.7419108579 0.000000e+00
55.3291444007 0.000000e+00
55.9163779435 0.000000e+00
56.5036114863 0.000000e+00
57.0908450291 0.000000e+00
57.6780785718 0.000000e+00
58.2653121146 0.000000e+00
58.8525456574 0.000000e+00
59.4397792002 0.000000e+00
60.027012743 0.000000e+00
60.6142462857 0.000000e+00
61.2014798285 0.000000e+00
61.7887133713 0.000000e+00
62.3759469141 0.000000e+00
62.9631804569 0.000000e+00
63.5504139996 0.000000e+00
64.1376475424 0.000000e+00
64.7248810852 0.000000e+00
65.312114628 0.000000e+00
65.8993481708 0.000000e+00
66.4865817135 0.000000e+00
67.0738152563 0.000000e+00
67.6610487991 0.000000e+00
68.2482823419 0.000000e+00
68.8355158847 0.000000e+00
69.4227494274 0.000000e+00
70.0099829702 0.000000e+00
70.597216513 0.000000e+00
71.1844500558 0.000000e+00
71.7716835986 0.000000e+00
72.3589171413 0.000000e+00
72.9461506841 0.000000e+00
73.5333842269 0.000000e+00
74.1206177697 0.000000e+00
74.7078513125 0.000000e+00
75.2950848552 0.000000e+00
75.882318398 0.000000e+00
76.4695519408 0.000000e+00
77.0567854836 0.000000e+00
77.6440190264 0.000000e+00
78.2312525691 0.000000e+00
78.8184861119 0.000000e+00
79.4057196547 0.000000e+00
79.9929531975 0.000000e+00
80.5801867403 0.000000e+00
81.167420283 0.000000e+00
81.7546538258 0.000000e+00
82.3418873686 0.000000e+00
82.9291209114 0.000000e+00
83.5163544542 0.000000e+00
84.1035879969 0.000000e+00
84.6908215397 0.000000e+00
85.2780550825 0.000000e+00
85.8652886253 0.000000e+00
86.4525221681 0.000000e+00
87.0397557108 0.000000e+00
87.6269892536 0.000000e+00
88.2142227964 1.088327e-01
88.8014563392 1.119037e-01
89.388689882 9.384226e-02
89.9759234247 1.314087e-01
90.5631569675 1.252152e-01
91.1503905103 0.000000e+00
91.7376240531 1.100959e-01
92.3248575959 0.000000e+00
92.9120911386 1.360165e-01
93.4993246814 1.272846e-01
94.0865582242 0.000000e+00
94.673791767 0.000000e+00
95.2610253098 0.000000e+00
95.8482588525 0.000000e+00
96.4354923953 0.000000e+00
97.0227259381 1.181111e-01
97.6099594809 0.000000e+00
98.1971930237 0.000000e+00
98.7844265664 0.000000e+00
99.3716601092 0.000000e+00
99.958893652 0.000000e+00
100.546127195 0.000000e+00
101.133360738 0.000000e+00
101.72059428 0.000000e+00
102.307827823 0.000000e+00
102.895061366 0.000000e+00
103.482294909 0.000000e+00
104.069528451 0.000000e+00
104.656761994 0.000000e+00
105.243995537 0.000000e+00
105.83122908 0.000000e+00
106.418462623 0.000000e+00
107.005696165 0.000000e+00
107.592929708 0.000000e+00
108.180163251 0.000000e+00
108.767396794 0.000000e+00
109.354630336 0.000000e+00
109.941863879 0.000000e+00
110.529097422 0.000000e+00
111.116330965 0.000000e+00
111.703564508 0.000000e+00
112.29079805 0.000000e+00
112.878031593 0.000000e+00
113.465265136 0.000000e+00
114.052498679 0.000000e+00
114.639732222 0.000000e+00
115.226965764 0.000000e+00
115.814199307 0.000000e+00
116.40143285 0.000000e+00
116.988666393 0.000000e+00
117.575899935 0.000000e+00
118.163133478 0.000000e+00
118.750367021 0.000000e+00
119.337600564 0.000000e+00
119.924834107 0.000000e+00
120.512067649 0.000000e+00
121.099301192 0.000000e+00
121.686534735 0.000000e+00
122.273768278 0.000000e+00
122.86100182 0.000000e+00
123.448235363 0.000000e+00
124.035468906 0.000000e+00
124.622702449 0.000000e+00
125.209935992 0.000000e+00
125.797169534 0.000000e+00
126.384403077 0.000000e+00
126.97163662 0.000000e+00
127.558870163 0.000000e+00
128.146103705 0.000000e+00
128.733337248 0.000000e+00
129.320570791 0.000000e+00
129.907804334 0.000000e+00
130.495037877 0.000000e+00
131.082271419 0.000000e+00
131.669504962 0.000000e+00
132.256738505 0.000000e+00
132.843972048 0.000000e+00
133.43120559 0.000000e+00
134.018439133 0.000000e+00
134.605672676 0.000000e+00
135.192906219 0.000000e+00
135.780139762 0.000000e+00
136.367373304 0.000000e+00
136.954606847 0.000000e+00
137.54184039 0.000000e+00
138.129073933 0.000000e+00
138.716307475 0.000000e+00
139.303541018 0.000000e+00
139.890774561 0.000000e+00
140.478008104 0.000000e+00
141.065241647 0.000000e+00
141.652475189 0.000000e+00
142.239708732 0.000000e+00
142.826942275 0.000000e+00
143.414175818 0.000000e+00
144.001409361 0.000000e+00
144.588642903 0.000000e+00
145.175876446 0.000000e+00
145.763109989 0.000000e+00
146.350343532 0.000000e+00
146.937577074 0.000000e+00
147.524810617 0.000000e+00
148.11204416 0.000000e+00
148.699277703 0.000000e+00
149.286511246 0.000000e+00
149.873744788 0.000000e+00
150.460978331 0.000000e+00
151.048211874 0.000000e+00
151.635445417 0.000000e+00
152.222678959 0.000000e+00
152.809912502 0.000000e+00
153.397146045 0.000000e+00
153.984379588 0.000000e+00
154.571613131 0.000000e+00
155.158846673 0.000000e+00
155.746080216 0.000000e+00
156.333313759 0.000000e+00
156.920547302 0.000000e+00
157.507780844 0.000000e+00
158.095014387 0.000000e+00
158.68224793 0.000000e+00
159.269481473 0.000000e+00
159.856715016 0.000000e+00
160.443948558 0.000000e+00
161.031182101 0.000000e+00
161.618415644 0.000000e+00
162.205649187 0.000000e+00
162.792882729 0.000000e+00
163.380116272 0.000000e+00
163.967349815 0.000000e+00
164.554583358 0.000000e+00
165.141816901 0.000000e+00
165.729050443 0.000000e+00
166.316283986 0.000000e+00
166.903517529 0.000000e+00
167.490751072 0.000000e+00
168.077984614 0.000000e+00
168.665218157 0.000000e+00
169.2524517 0.000000e+00
169.839685243 0.000000e+00
170.426918786 0.000000e+00
171.014152328 0.000000e+00
171.601385871 0.000000e+00
172.188619414 0.000000e+00
172.775852957 0.000000e+00
173.3630865 0.000000e+00
173.950320042 0.000000e+00
174.537553585 0.000000e+00
175.124787128 0.000000e+00
175.712020671 0.000000e+00
176.299254213 0.000000e+00
176.886487756 0.000000e+00
177.473721299 0.000000e+00
178.060954842 0.000000e+00
178.648188385 0.000000e+00
179.235421927 0.000000e+00
179.82265547 0.000000e+00
180.409889013 0.000000e+00
180.997122556 0.000000e+00
181.584356098 0.000000e+00
182.171589641 0.000000e+00
182.758823184 0.000000e+00
183.346056727 0.000000e+00
183.93329027 0.000000e+00
184.520523812 0.000000e+00
185.107757355 0.000000e+00
185.694990898 0.000000e+00
186.282224441 0.000000e+00
186.869457983 0.000000e+00
187.456691526 0.000000e+00
188.043925069 0.000000e+00
188.631158612 0.000000e+00
189.218392155 0.000000e+00
189.805625697 0.000000e+00
190.39285924 0.000000e+00
190.980092783 0.000000e+00
191.567326326 0.000000e+00
192.154559868 0.000000e+00
192.741793411 0.000000e+00
193.329026954 0.000000e+00
193.916260497 0.000000e+00
194.50349404 0.000000e+00
195.090727582 0.000000e+00
195.677961125 0.000000e+00
196.265194668 0.000000e+00
196.852428211 0.000000e+00
197.439661753 0.000000e+00
198.026895296 0.000000e+00
198.614128839 0.000000e+00
199.201362382 0.000000e+00
199.788595925 0.000000e+00
200.375829467 0.000000e+00
200.96306301 0.000000e+00
201.550296553 0.000000e+00
202.137530096 0.000000e+00
202.724763638 0.000000e+00
203.311997181 0.000000e+00
203.899230724 0.000000e+00
204.486464267 0.000000e+00
205.07369781 0.000000e+00
205.660931352 0.000000e+00
206.248164895 0.000000e+00
206.835398438 0.000000e+00
207.422631981 0.000000e+00
208.009865524 0.000000e+00
208.597099066 0.000000e+00
209.184332609 0.000000e+00
209.771566152 0.000000e+00
210.358799695 0.000000e+00
210.946033237 0.000000e+00
211.53326678 0.000000e+00
212.120500323 0.000000e+00
212.707733866 0.000000e+00
213.294967409 0.000000e+00
213.882200951 0.000000e+00
214.469434494 0.000000e+00
215.056668037 0.000000e+00
215.64390158 0.000000e+00
216.231135122 0.000000e+00
216.818368665 0.000000e+00
217.405602208 0.000000e+00
217.992835751 0.000000e+00
218.580069294 0.000000e+00
219.167302836 0.000000e+00
219.754536379 0.000000e+00
220.341769922 0.000000e+00
220.929003465 0.000000e+00
221.516237007 0.000000e+00
222.10347055 0.000000e+00
222.690704093 0.000000e+00
223.277937636 0.000000e+00
223.865171179 0.000000e+00
224.452404721 0.000000e+00
225.039638264 0.000000e+00
225.626871807 0.000000e+00
226.21410535 0.000000e+00
226.801338892 0.000000e+00
227.388572435 0.000000e+00
227.975805978 0.000000e+00
228.563039521 0.000000e+00
229.150273064 0.000000e+00
229.737506606 0.000000e+00
230.324740149 0.000000e+00
230.911973692 0.000000e+00
231.499207235 0.000000e+00
232.086440777 0.000000e+00
232.67367432 0.000000e+00
233.260907863 0.000000e+00
233.848141406 0.000000e+00
234.435374949 0.000000e+00
235.022608491 0.000000e+00
235.609842034 0.000000e+00
236.197075577 0.000000e+00
236.78430912 0.000000e+00
237.371542663 0.000000e+00
237.958776205 0.000000e+00
238.546009748 0.000000e+00
239.133243291 0.000000e+00
239.720476834 0.000000e+00
240.307710376 0.000000e+00
240.894943919 0.000000e+00
241.482177462 0.000000e+00
242.069411005 0.000000e+00
242.656644548 0.000000e+00
243.24387809 0.000000e+00
243.831111633 0.000000e+00
244.418345176 0.000000e+00
245.005578719 0.000000e+00
245.592812261 0.000000e+00
246.180045804 0.000000e+00
246.767279347 0.000000e+00
247.35451289 0.000000e+00
247.941746433 0.000000e+00
248.528979975 0.000000e+00
249.116213518 0.000000e+00
249.703447061 0.000000e+00
250.290680604 0.000000e+00
250.877914146 0.000000e+00
251.465147689 0.000000e+00
252.052381232 0.000000e+00
252.639614775 0.000000e+00
253.226848318 0.000000e+00
253.81408186 0.000000e+00
254.401315403 0.000000e+00
254.988548946 0.000000e+00
255.575782489 0.000000e+00
256.163016031 0.000000e+00
256.750249574 0.000000e+00
257.337483117 0.000000e+00
257.92471666 0.000000e+00
258.511950203 0.000000e+00
259.099183745 0.000000e+00
259.686417288 0.000000e+00
260.273650831 0.000000e+00
260.860884374 0.000000e+00
261.448117916 0.000000e+00
262.035351459 0.000000e+00
262.622585002 0.000000e+00
263.209818545 0.000000e+00
263.797052088 0.000000e+00
264.38428563 0.000000e+00
264.971519173 0.000000e+00
265.558752716 0.000000e+00
266.145986259 0.000000e+00
266.733219802 0.000000e+00
267.320453344 0.000000e+00
267.907686887 0.000000e+00
268.49492043 0.000000e+00
269.082153973 0.000000e+00
269.669387515 0.000000e+00
270.256621058 0.000000e+00
270.843854601 0.000000e+00
271.431088144 0.000000e+00
272.018321687 0.000000e+00
272.605555229 0.000000e+00
273.192788772 0.000000e+00
273.780022315 0.000000e+00
274.367255858 0.000000e+00
274.9544894 0.000000e+00
275.541722943 0.000000e+00
276.128956486 0.000000e+00
276.716190029 0.000000e+00
277.303423572 0.000000e+00
277.890657114 0.000000e+00
278.477890657 0.000000e+00
279.0651242 0.000000e+00
279.652357743 0.000000e+00
280.239591285 0.000000e+00
280.826824828 0.000000e+00
281.414058371 0.000000e+00
282.001291914 0.000000e+00
282.588525457 0.000000e+00
283.175758999 0.000000e+00
283.762992542 0.000000e+00
284.350226085 0.000000e+00
284.937459628 0.000000e+00
285.52469317 0.000000e+00
286.111926713 0.000000e+00
286.699160256 0.000000e+00
287.286393799 0.000000e+00
287.873627342 0.000000e+00
288.460860884 0.000000e+00
289.048094427 0.000000e+00
289.63532797 0.000000e+00
290.222561513 0.000000e+00
290.809795055 0.000000e+00
291.397028598 0.000000e+00
291.984262141 0.000000e+00
292.571495684 0.000000e+00
293.158729227 0.000000e+00
293.745962769 0.000000e+00
294.333196312 0.000000e+00
294.920429855 0.000000e+00
295.507663398 0.000000e+00
296.094896941 0.000000e+00
296.682130483 0.000000e+00
297.269364026 0.000000e+00
297.856597569 0.000000e+00
298.443831112 0.000000e+00
299.031064654 0.000000e+00
299.618298197 0.000000e+00
300.20553174 0.000000e+00
300.792765283 0.000000e+00
301.379998826 0.000000e+00
301.967232368 0.000000e+00
302.554465911 0.000000e+00
303.141699454 0.000000e+00
303.728932997 0.000000e+00
304.316166539 0.000000e+00
304.903400082 0.000000e+00
305.490633625 0.000000e+00
306.077867168 0.000000e+00
306.665100711 0.000000e+00
307.252334253 0.000000e+00
307.839567796 0.000000e+00
308.426801339 0.000000e+00
309.014034882 0.000000e+00
309.601268424 0.000000e+00
310.188501967 0.000000e+00
310.77573551 0.000000e+00
311.362969053 0.000000e+00
311.950202596 0.000000e+00
312.537436138 0.000000e+00
313.124669681 0.000000e+00
313.711903224 0.000000e+00
314.299136767 0.000000e+00
314.886370309 0.000000e+00
315.473603852 0.000000e+00
316.060837395 0.000000e+00
316.648070938 0.000000e+00
317.235304481 0.000000e+00
317.822538023 0.000000e+00
318.409771566 0.000000e+00
318.997005109 0.000000e+00
319.584238652 0.000000e+00
320.171472194 0.000000e+00
320.758705737 0.000000e+00
321.34593928 0.000000e+00
321.933172823 0.000000e+00
322.520406366 0.000000e+00
323.107639908 0.000000e+00
323.694873451 0.000000e+00
324.282106994 0.000000e+00
324.869340537 0.000000e+00
325.45657408 0.000000e+00
326.043807622 0.000000e+00
326.631041165 0.000000e+00
327.218274708 0.000000e+00
327.805508251 0.000000e+00
328.392741793 0.000000e+00
328.979975336 0.000000e+00
329.567208879 0.000000e+00
330.154442422 0.000000e+00
330.741675965 0.000000e+00
331.328909507 0.000000e+00
331.91614305 0.000000e+00
332.503376593 0.000000e+00
333.090610136 0.000000e+00
333.677843678 0.000000e+00
334.265077221 0.000000e+00
334.852310764 0.000000e+00
335.439544307 0.000000e+00
336.02677785 0.000000e+00
336.614011392 0.000000e+00
337.201244935 0.000000e+00
337.788478478 0.000000e+00
338.375712021 0.000000e+00
338.962945563 0.000000e+00
339.550179106 0.000000e+00
340.137412649 0.000000e+00
340.724646192 0.000000e+00
341.311879735 0.000000e+00
341.899113277 0.000000e+00
342.48634682 0.000000e+00
343.073580363 0.000000e+00
343.660813906 0.000000e+00
344.248047448 0.000000e+00
344.835280991 0.000000e+00
345.422514534 0.000000e+00
346.009748077 0.000000e+00
346.59698162 0.000000e+00
347.184215162 0.000000e+00
347.771448705 0.000000e+00
348.358682248 0.000000e+00
348.945915791 0.000000e+00
349.533149333 0.000000e+00
350.120382876 0.000000e+00
350.707616419 0.000000e+00
351.294849962 0.000000e+00
351.882083505 0.000000e+00
352.469317047 0.000000e+00
353.05655059 0.000000e+00
353.643784133 0.000000e+00
354.231017676 0.000000e+00
354.818251219 0.000000e+00
355.405484761 0.000000e+00
355.992718304 0.000000e+00
356.579951847 0.000000e+00
357.16718539 0.000000e+00
357.754418932 0.000000e+00
358.341652475 0.000000e+00
358.928886018 0.000000e+00
359.516119561 0.000000e+00
360.103353104 0.000000e+00
360.690586646 0.000000e+00
361.277820189 0.000000e+00
361.865053732 0.000000e+00
362.452287275 0.000000e+00
363.039520817 0.000000e+00
363.62675436 0.000000e+00
364.213987903 0.000000e+00
364.801221446 0.000000e+00
365.388454989 0.000000e+00
365.975688531 0.000000e+00
366.562922074 0.000000e+00
367.150155617 0.000000e+00
367.73738916 0.000000e+00
368.324622702 0.000000e+00
368.911856245 0.000000e+00
369.499089788 0.000000e+00
370.086323331 0.000000e+00
370.673556874 0.000000e+00
371.260790416 0.000000e+00
371.848023959 0.000000e+00
372.435257502 0.000000e+00
373.022491045 0.000000e+00
373.609724587 0.000000e+00
374.19695813 0.000000e+00
374.784191673 0.000000e+00
375.371425216 0.000000e+00
375.958658759 0.000000e+00
376.545892301 0.000000e+00
377.133125844 0.000000e+00
377.720359387 0.000000e+00
378.30759293 0.000000e+00
378.894826472 0.000000e+00
379.482060015 0.000000e+00
380.069293558 0.000000e+00
380.656527101 0.000000e+00
381.243760644 0.000000e+00
381.830994186 0.000000e+00
382.418227729 0.000000e+00
383.005461272 0.000000e+00
383.592694815 0.000000e+00
384.179928358 0.000000e+00
384.7671619 0.000000e+00
385.354395443 0.000000e+00
385.941628986 0.000000e+00
386.528862529 0.000000e+00
387.116096071 0.000000e+00
387.703329614 0.000000e+00
388.290563157 0.000000e+00
388.8777967 0.000000e+00
389.465030243 0.000000e+00
390.052263785 0.000000e+00
390.639497328 0.000000e+00
391.226730871 0.000000e+00
391.813964414 0.000000e+00
392.401197956 0.000000e+00
392.988431499 0.000000e+00
393.575665042 0.000000e+00
394.162898585 0.000000e+00
394.750132128 0.000000e+00
395.33736567 0.000000e+00
395.924599213 0.000000e+00
396.511832756 0.000000e+00
397.099066299 0.000000e+00
397.686299841 0.000000e+00
398.273533384 0.000000e+00
398.860766927 0.000000e+00
399.44800047 0.000000e+00
400.035234013 0.000000e+00
400.622467555 0.000000e+00
401.209701098 0.000000e+00
401.796934641 0.000000e+00
402.384168184 0.000000e+00
402.971401726 0.000000e+00
403.558635269 0.000000e+00
404.145868812 0.000000e+00
404.733102355 0.000000e+00
405.320335898 0.000000e+00
405.90756944 0.000000e+00
406.494802983 0.000000e+00
407.082036526 0.000000e+00
407.669270069 0.000000e+00
408.256503611 0.000000e+00
408.843737154 0.000000e+00
409.430970697 0.000000e+00
410.01820424 0.000000e+00
410.605437783 0.000000e+00
411.192671325 0.000000e+00
411.779904868 0.000000e+00
412.367138411 0.000000e+00
412.954371954 0.000000e+00
413.541605497 0.000000e+00
414.128839039 0.000000e+00
414.716072582 0.000000e+00
415.303306125 0.000000e+00
415.890539668 0.000000e+00
416.47777321 0.000000e+00
417.065006753 0.000000e+00
417.652240296 0.000000e+00
418.239473839 0.000000e+00
418.826707382 0.000000e+00
419.413940924 0.000000e+00
420.001174467 0.000000e+00
420.58840801 0.000000e+00
421.175641553 0.000000e+00
421.762875095 0.000000e+00
422.350108638 0.000000e+00
422.937342181 0.000000e+00
423.524575724 0.000000e+00
424.111809267 0.000000e+00
424.699042809 0.000000e+00
425.286276352 0.000000e+00
425.873509895 0.000000e+00
426.460743438 0.000000e+00
427.04797698 0.000000e+00
427.635210523 0.000000e+00
428.222444066 0.000000e+00
428.809677609 0.000000e+00
429.396911152 0.000000e+00
429.984144694 0.000000e+00
430.571378237 0.000000e+00
431.15861178 0.000000e+00
431.745845323 0.000000e+00
432.333078865 0.000000e+00
432.920312408 0.000000e+00
433.507545951 0.000000e+00
434.094779494 0.000000e+00
434.682013037 0.000000e+00
435.269246579 0.000000e+00
435.856480122 0.000000e+00
436.443713665 0.000000e+00
437.030947208 0.000000e+00
437.61818075 0.000000e+00
438.205414293 0.000000e+00
438.792647836 0.000000e+00
439.379881379 0.000000e+00
439.967114922 0.000000e+00
440.554348464 0.000000e+00
441.141582007 0.000000e+00
441.72881555 0.000000e+00
442.316049093 0.000000e+00
442.903282636 0.000000e+00
443.490516178 0.000000e+00
444.077749721 0.000000e+00
444.664983264 0.000000e+00
445.252216807 0.000000e+00
445.839450349 0.000000e+00
446.426683892 0.000000e+00
447.013917435 0.000000e+00
447.601150978 0.000000e+00
448.188384521 0.000000e+00
448.775618063 0.000000e+00
449.362851606 0.000000e+00
449.950085149 0.000000e+00
450.537318692 0.000000e+00
451.124552234 0.000000e+00
451.711785777 0.000000e+00
452.29901932 0.000000e+00
452.886252863 0.000000e+00
453.473486406 0.000000e+00
454.060719948 0.000000e+00
454.647953491 0.000000e+00
455.235187034 0.000000e+00
455.822420577 0.000000e+00
456.409654119 0.000000e+00
456.996887662 0.000000e+00
457.584121205 0.000000e+00
458.171354748 0.000000e+00
458.758588291 0.000000e+00
459.345821833 0.000000e+00
459.933055376 0.000000e+00
460.520288919 0.000000e+00
461.107522462 0.000000e+00
461.694756004 0.000000e+00
462.281989547 0.000000e+00
462.86922309 0.000000e+00
463.456456633 0.000000e+00
464.043690176 0.000000e+00
464.630923718 0.000000e+00
465.218157261 0.000000e+00
465.805390804 0.000000e+00
466.392624347 0.000000e+00
466.979857889 0.000000e+00
467.567091432 0.000000e+00
468.154324975 0.000000e+00
468.741558518 0.000000e+00
469.328792061 0.000000e+00
469.916025603 0.000000e+00
470.503259146 0.000000e+00
471.090492689 0.000000e+00
471.677726232 0.000000e+00
472.264959775 0.000000e+00
472.852193317 0.000000e+00
473.43942686 0.000000e+00
474.026660403 0.000000e+00
474.613893946 0.000000e+00
475.201127488 0.000000e+00
475.788361031 0.000000e+00
476.375594574 0.000000e+00
476.962828117 0.000000e+00
477.55006166 0.000000e+00
478.137295202 0.000000e+00
478.724528745 0.000000e+00
479.311762288 0.000000e+00
479.898995831 0.000000e+00
480.486229373 0.000000e+00
481.073462916 0.000000e+00
481.660696459 0.000000e+00
482.247930002 0.000000e+00
482.835163545 0.000000e+00
483.422397087 0.000000e+00
484.00963063 0.000000e+00
484.596864173 0.000000e+00
485.184097716 0.000000e+00
485.771331258 0.000000e+00
486.358564801 0.000000e+00
486.945798344 0.000000e+00
487.533031887 0.000000e+00
488.12026543 0.000000e+00
488.707498972 0.000000e+00
489.294732515 0.000000e+00
489.881966058 0.000000e+00
490.469199601 0.000000e+00
491.056433143 0.000000e+00
491.643666686 0.000000e+00
492.230900229 0.000000e+00
492.818133772 0.000000e+00
493.405367315 0.000000e+00
493.992600857 0.000000e+00
494.5798344 0.000000e+00
495.167067943 0.000000e+00
495.754301486 0.000000e+00
496.341535028 0.000000e+00
496.928768571 0.000000e+00
497.516002114 0.000000e+00
498.103235657 0.000000e+00
498.6904692 0.000000e+00
499.277702742 0.000000e+00
499.864936285 0.000000e+00
500.452169828 0.000000e+00
501.039403371 0.000000e+00
501.626636914 0.000000e+00
502.213870456 0.000000e+00
502.801103999 0.000000e+00
503.388337542 0.000000e+00
503.975571085 0.000000e+00
504.562804627 0.000000e+00
505.15003817 0.000000e+00
505.737271713 0.000000e+00
506.324505256 0.000000e+00
506.911738799 0.000000e+00
507.498972341 0.000000e+00
508.086205884 0.000000e+00
508.673439427 0.000000e+00
509.26067297 0.000000e+00
509.847906512 0.000000e+00
510.435140055 0.000000e+00
511.022373598 0.000000e+00
511.609607141 0.000000e+00
512.196840684 0.000000e+00
512.784074226 0.000000e+00
513.371307769 0.000000e+00
513.958541312 0.000000e+00
514.545774855 0.000000e+00
515.133008397 0.000000e+00
515.72024194 0.000000e+00
516.307475483 0.000000e+00
516.894709026 0.000000e+00
517.481942569 0.000000e+00
518.069176111 0.000000e+00
518.656409654 0.000000e+00
519.243643197 0.000000e+00
519.83087674 0.000000e+00
520.418110282 0.000000e+00
521.005343825 0.000000e+00
521.592577368 0.000000e+00
522.179810911 0.000000e+00
522.767044454 0.000000e+00
523.354277996 0.000000e+00
523.941511539 0.000000e+00
524.528745082 0.000000e+00
525.115978625 0.000000e+00
525.703212167 0.000000e+00
526.29044571 0.000000e+00
526.877679253 0.000000e+00
527.464912796 0.000000e+00
528.052146339 0.000000e+00
528.639379881 0.000000e+00
529.226613424 0.000000e+00
529.813846967 0.000000e+00
530.40108051 0.000000e+00
530.988314052 0.000000e+00
531.575547595 0.000000e+00
532.162781138 0.000000e+00
532.750014681 0.000000e+00
533.337248224 0.000000e+00
533.924481766 0.000000e+00
534.511715309 0.000000e+00
535.098948852 0.000000e+00
535.686182395 0.000000e+00
536.273415938 0.000000e+00
536.86064948 0.000000e+00
537.447883023 0.000000e+00
538.035116566 0.000000e+00
538.622350109 0.000000e+00
539.209583651 0.000000e+00
539.796817194 0.000000e+00
540.384050737 0.000000e+00
540.97128428 0.000000e+00
541.558517823 0.000000e+00
542.145751365 0.000000e+00
542.732984908 0.000000e+00
543.320218451 0.000000e+00
543.907451994 0.000000e+00
544.494685536 0.000000e+00
545.081919079 0.000000e+00
545.669152622 0.000000e+00
546.256386165 0.000000e+00
546.843619708 0.000000e+00
547.43085325 0.000000e+00
548.018086793 0.000000e+00
548.605320336 0.000000e+00
549.192553879 0.000000e+00
549.779787421 0.000000e+00
550.367020964 0.000000e+00
550.954254507 0.000000e+00
551.54148805 0.000000e+00
552.128721593 0.000000e+00
552.715955135 0.000000e+00
553.303188678 0.000000e+00
553.890422221 0.000000e+00
554.477655764 0.000000e+00
555.064889306 0.000000e+00
555.652122849 0.000000e+00
556.239356392 0.000000e+00
556.826589935 0.000000e+00
557.413823478 0.000000e+00
558.00105702 0.000000e+00
558.588290563 0.000000e+00
559.175524106 0.000000e+00
559.762757649 0.000000e+00
560.349991191 0.000000e+00
560.937224734 0.000000e+00
561.524458277 0.000000e+00
562.11169182 0.000000e+00
562.698925363 0.000000e+00
563.286158905 0.000000e+00
563.873392448 0.000000e+00
564.460625991 0.000000e+00
565.047859534 0.000000e+00
566.047859534 0.0
567.047859534 0.0
568.047859534 0.0
569.047859534 0.0
570.047859534 0.0
571.047859534 0.0
572.047859534 0.0
573.047859534 0.0
574.047859534 0.0
575.047859534 0.0
576.047859534 0.0
577.047859534 0.0
578.047859534 0.0
579.047859534 0.0
580.047859534 0.0
581.047859534 0.0
582.047859534 0.0
583.047859534 0.0
584.047859534 0.0
585.047859534 0.0
586.047859534 0.0
587.047859534 0.0
588.047859534 0.0
589.047859534 0.0
590.047859534 0.0
591.047859534 0.0
592.047859534 0.0
593.047859534 0.0
594.047859534 0.0
595.047859534 0.0
596.047859534 0.0
597.047859534 0.0
598.047859534 0.0
599.047859534 0.0
600.047859534 0.0
601.047859534 0.0
602.047859534 0.0
603.047859534 0.0
604.047859534 0.0
605.047859534 0.0
606.047859534 0.0
607.047859534 0.0
608.047859534 0.0
609.047859534 0.0
610.047859534 0.0
611.047859534 0.0
612.047859534 0.0
613.047859534 0.0
614.047859534 0.0
615.047859534 0.0
616.047859534 0.0
617.047859534 0.0
618.047859534 0.0
619.047859534 0.0
620.047859534 0.0
621.047859534 0.0
622.047859534 0.0
623.047859534 0.0
624.047859534 0.0
625.047859534 0.0
626.047859534 0.0
627.047859534 0.0
628.047859534 0.0
629.047859534 0.0
630.047859534 0.0
631.047859534 0.0
632.047859534 0.0
633.047859534 0.0
634.047859534 0.0
635.047859534 0.0
636.047859534 0.0
637.047859534 0.0
638.047859534 0.0
639.047859534 0.0
640.047859534 0.0
641.047859534 0.0
642.047859534 0.0
643.047859534 0.0
644.047859534 0.0
645.047859534 0.0
646.047859534 0.0
647.047859534 0.0
648.047859534 0.0
649.047859534 0.0
650.047859534 0.0
651.047859534 0.0
652.047859534 0.0
653.047859534 0.0
654.047859534 0.0
655.047859534 0.0
656.047859534 0.0
657.047859534 0.0
658.047859534 0.0
659.047859534 0.0
660.047859534 0.0
661.047859534 0.0
662.047859534 0.0
663.047859534 0.0
664.047859534 0.0
665.047859534 0.0
666.047859534 0.0
667.047859534 0.0
668.047859534 0.0
669.047859534 0.0
670.047859534 0.0
671.047859534 0.0
672.047859534 0.0
673.047859534 0.0
674.047859534 0.0
675.047859534 0.0
676.047859534 0.0
677.047859534 0.0
678.047859534 0.0
679.047859534 0.0
680.047859534 0.0
681.047859534 0.0
682.047859534 0.0
683.047859534 0.0
684.047859534 0.0
685.047859534 0.0
686.047859534 0.0
687.047859534 0.0
688.047859534 0.0
689.047859534 0.0
690.047859534 0.0
691.047859534 0.0
692.047859534 0.0
693.047859534 0.0
694.047859534 0.0
695.047859534 0.0
696.047859534 0.0
697.047859534 0.0
698.047859534 0.0
699.047859534 0.0
700.047859534 0.0
701.047859534 0.0
702.047859534 0.0
703.047859534 0.0
704.047859534 0.0
705.047859534 0.0
706.047859534 0.0
707.047859534 0.0
708.047859534 0.0
709.047859534 0.0
710.047859534 0.0
711.047859534 0.0
712.047859534 0.0
713.047859534 0.0
714.047859534 0.0
715.047859534 0.0
716.047859534 0.0
717.047859534 0.0
718.047859534 0.0
719.047859534 0.0
720.047859534 0.0
721.047859534 0.0
722.047859534 0.0
723.047859534 0.0
724.047859534 0.0
725.047859534 0.0
726.047859534 0.0
727.047859534 0.0
728.047859534 0.0
729.047859534 0.0
730.047859534 0.0
731.047859534 0.0
732.047859534 0.0
733.047859534 0.0
734.047859534 0.0
735.047859534 0.0
736.047859534 0.0
737.047859534 0.0
738.047859534 0.0
739.047859534 0.0
740.047859534 0.0
741.047859534 0.0
742.047859534 0.0
743.047859534 0.0
744.047859534 0.0
745.047859534 0.0
746.047859534 0.0
747.047859534 0.0
748.047859534 0.0
749.047859534 0.0
750.047859534 0.0
751.047859534 0.0
752.047859534 0.0
753.047859534 0.0
754.047859534 0.0
755.047859534 0.0
756.047859534 0.0
757.047859534 0.0
758.047859534 0.0
759.047859534 0.0
760.047859534 0.0
761.047859534 0.0
762.047859534 0.0
763.047859534 0.0
764.047859534 0.0
765.047859534 0.0
766.047859534 0.0
767.047859534 0.0
768.047859534 0.0
769.047859534 0.0
770.047859534 0.0
771.047859534 0.0
772.047859534 0.0
773.047859534 0.0
774.047859534 0.0
775.047859534 0.0
776.047859534 0.0
777.047859534 0.0
778.047859534 0.0
779.047859534 0.0
780.047859534 0.0
781.047859534 0.0
782.047859534 0.0
783.047859534 0.0
784.047859534 0.0
785.047859534 0.0
786.047859534 0.0
787.047859534 0.0
788.047859534 0.0
789.047859534 0.0
790.047859534 0.0
791.047859534 0.0
792.047859534 0.0
793.047859534 0.0
794.047859534 0.0
795.047859534 0.0
796.047859534 0.0
797.047859534 0.0
798.047859534 0.0
799.047859534 0.0
800.047859534 0.0
801.047859534 0.0
802.047859534 0.0
803.047859534 0.0
804.047859534 0.0
805.047859534 0.0
806.047859534 0.0
807.047859534 0.0
808.047859534 0.0
809.047859534 0.0
810.047859534 0.0
811.047859534 0.0
812.047859534 0.0
813.047859534 0.0
814.047859534 0.0
815.047859534 0.0
816.047859534 0.0
817.047859534 0.0
818.047859534 0.0
819.047859534 0.0
820.047859534 0.0
821.047859534 0.0
822.047859534 0.0
823.047859534 0.0
824.047859534 0.0
825.047859534 0.0
826.047859534 0.0
827.047859534 0.0
828.047859534 0.0
829.047859534 0.0
830.047859534 0.0
831.047859534 0.0
832.047859534 0.0
833.047859534 0.0
834.047859534 0.0
835.047859534 0.0
836.047859534 0.0
837.047859534 0.0
838.047859534 0.0
839.047859534 0.0
840.047859534 0.0
841.047859534 0.0
842.047859534 0.0
843.047859534 0.0
844.047859534 0.0
845.047859534 0.0
846.047859534 0.0
847.047859534 0.0
848.047859534 0.0
849.047859534 0.0
850.047859534 0.0
851.047859534 0.0
852.047859534 0.0
853.047859534 0.0
854.047859534 0.0
855.047859534 0.0
856.047859534 0.0
857.047859534 0.0
858.047859534 0.0
859.047859534 0.0
860.047859534 0.0
861.047859534 0.0
862.047859534 0.0
863.047859534 0.0
864.047859534 0.0
865.047859534 0.0
866.047859534 0.0
867.047859534 0.0
868.047859534 0.0
869.047859534 0.0
870.047859534 0.0
871.047859534 0.0
872.047859534 0.0
873.047859534 0.0
874.047859534 0.0
875.047859534 0.0
876.047859534 0.0
877.047859534 0.0
878.047859534 0.0
879.047859534 0.0
880.047859534 0.0
881.047859534 0.0
882.047859534 0.0
883.047859534 0.0
884.047859534 0.0
885.047859534 0.0
886.047859534 0.0
887.047859534 0.0
888.047859534 0.0
889.047859534 0.0
890.047859534 0.0
891.047859534 0.0
892.047859534 0.0
893.047859534 0.0
894.047859534 0.0
895.047859534 0.0
896.047859534 0.0
897.047859534 0.0
898.047859534 0.0
899.047859534 0.0
900.047859534 0.0
901.047859534 0.0
902.047859534 0.0
903.047859534 0.0
904.047859534 0.0
905.047859534 0.0
906.047859534 0.0
907.047859534 0.0
908.047859534 0.0
909.047859534 0.0
910.047859534 0.0
911.047859534 0.0
912.047859534 0.0
913.047859534 0.0
914.047859534 0.0
915.047859534 0.0
916.047859534 0.0
917.047859534 0.0
918.047859534 0.0
919.047859534 0.0
920.047859534 0.0
921.047859534 0.0
922.047859534 0.0
923.047859534 0.0
924.047859534 0.0
925.047859534 0.0
926.047859534 0.0
927.047859534 0.0
928.047859534 0.0
929.047859534 0.0
930.047859534 0.0
931.047859534 0.0
932.047859534 0.0
933.047859534 0.0
934.047859534 0.0
935.047859534 0.0
936.047859534 0.0
937.047859534 0.0
938.047859534 0.0
939.047859534 0.0
940.047859534 0.0
941.047859534 0.0
942.047859534 0.0
943.047859534 0.0
944.047859534 0.0
945.047859534 0.0
946.047859534 0.0
947.047859534 0.0
948.047859534 0.0
949.047859534 0.0
950.047859534 0.0
951.047859534 0.0
952.047859534 0.0
953.047859534 0.0
954.047859534 0.0
955.047859534 0.0
956.047859534 0.0
957.047859534 0.0
958.047859534 0.0
959.047859534 0.0
960.047859534 0.0
961.047859534 0.0
962.047859534 0.0
963.047859534 0.0
964.047859534 0.0
965.047859534 0.0
966.047859534 0.0
967.047859534 0.0
968.047859534 0.0
969.047859534 0.0
970.047859534 0.0
971.047859534 0.0
972.047859534 0.0
973.047859534 0.0
974.047859534 0.0
975.047859534 0.0
976.047859534 0.0
977.047859534 0.0
978.047859534 0.0
979.047859534 0.0
980.047859534 0.0
981.047859534 0.0
982.047859534 0.0
983.047859534 0.0
984.047859534 0.0
985.047859534 0.0
986.047859534 0.0
987.047859534 0.0
988.047859534 0.0
989.047859534 0.0
990.047859534 0.0
991.047859534 0.0
992.047859534 0.0
993.047859534 0.0
994.047859534 0.0
995.047859534 0.0
996.047859534 0.0
997.047859534 0.0
998.047859534 0.0
999.047859534 0.0
1000.04785953 0.0
1001.04785953 0.0
1002.04785953 0.0
1003.04785953 0.0
1004.04785953 0.0
1005.04785953 0.0
1006.04785953 0.0
1007.04785953 0.0
1008.04785953 0.0
1009.04785953 0.0
1010.04785953 0.0
1011.04785953 0.0
1012.04785953 0.0
1013.04785953 0.0
1014.04785953 0.0
1015.04785953 0.0
1016.04785953 0.0
1017.04785953 0.0
1018.04785953 0.0
1019.04785953 0.0
1020.04785953 0.0
1021.04785953 0.0
1022.04785953 0.0
1023.04785953 0.0
1024.04785953 0.0
1025.04785953 0.0
1026.04785953 0.0
1027.04785953 0.0
1028.04785953 0.0
1029.04785953 0.0
1030.04785953 0.0
1031.04785953 0.0
1032.04785953 0.0
1033.04785953 0.0
1034.04785953 0.0
1035.04785953 0.0
1036.04785953 0.0
1037.04785953 0.0
1038.04785953 0.0
1039.04785953 0.0
1040.04785953 0.0
1041.04785953 0.0
1042.04785953 0.0
1043.04785953 0.0
1044.04785953 0.0
1045.04785953 0.0
1046.04785953 0.0
1047.04785953 0.0
1048.04785953 0.0
1049.04785953 0.0
1050.04785953 0.0
1051.04785953 0.0
1052.04785953 0.0
1053.04785953 0.0
1054.04785953 0.0
1055.04785953 0.0
1056.04785953 0.0
1057.04785953 0.0
1058.04785953 0.0
1059.04785953 0.0
1060.04785953 0.0
1061.04785953 0.0
1062.04785953 0.0
1063.04785953 0.0
1064.04785953 0.0
1065.04785953 0.0
