-556.747612033 0.0
-555.747612033 0.0
-554.747612033 0.0
-553.747612033 0.0
-552.747612033 0.0
-551.747612033 0.0
-550.747612033 0.0
-549.747612033 0.0
-548.747612033 0.0
-547.747612033 0.0
-546.747612033 0.0
-545.747612033 0.0
-544.747612033 0.0
-543.747612033 0.0
-542.747612033 0.0
-541.747612033 0.0
-540.747612033 0.0
-539.747612033 0.0
-538.747612033 0.0
-537.747612033 0.0
-536.747612033 0.0
-535.747612033 0.0
-534.747612033 0.0
-533.747612033 0.0
-532.747612033 0.0
-531.747612033 0.0
-530.747612033 0.0
-529.747612033 0.0
-528.747612033 0.0
-527.747612033 0.0
-526.747612033 0.0
-525.747612033 0.0
-524.747612033 0.0
-523.747612033 0.0
-522.747612033 0.0
-521.747612033 0.0
-520.747612033 0.0
-519.747612033 0.0
-518.747612033 0.0
-517.747612033 0.0
-516.747612033 0.0
-515.747612033 0.0
-514.747612033 0.0
-513.747612033 0.0
-512.747612033 0.0
-511.747612033 0.0
-510.747612033 0.0
-509.747612033 0.0
-508.747612033 0.0
-507.747612033 0.0
-506.747612033 0.0
-505.747612033 0.0
-504.747612033 0.0
-503.747612033 0.0
-502.747612033 0.0
-501.747612033 0.0
-500.747612033 0.0
-499.747612033 0.0
-498.747612033 0.0
-497.747612033 0.0
-496.747612033 0.0
-495.747612033 0.0
-494.747612033 0.0
-493.747612033 0.0
-492.747612033 0.0
-491.747612033 0.0
-490.747612033 0.0
-489.747612033 0.0
-488.747612033 0.0
-487.747612033 0.0
-486.747612033 0.0
-485.747612033 0.0
-484.747612033 0.0
-483.747612033 0.0
-482.747612033 0.0
-481.747612033 0.0
-480.747612033 0.0
-479.747612033 0.0
-478.747612033 0.0
-477.747612033 0.0
-476.747612033 0.0
-475.747612033 0.0
-474.747612033 0.0
-473.747612033 0.0
-472.747612033 0.0
-471.747612033 0.0
-470.747612033 0.0
-469.747612033 0.0
-468.747612033 0.0
-467.747612033 0.0
-466.747612033 0.0
-465.747612033 0.0
-464.747612033 0.0
-463.747612033 0.0
-462.747612033 0.0
-461.747612033 0.0
-460.747612033 0.0
-459.747612033 0.0
-458.747612033 0.0
-457.747612033 0.0
-456.747612033 0.0
-455.747612033 0.0
-454.747612033 0.0
-453.747612033 0.0
-452.747612033 0.0
-451.747612033 0.0
-450.747612033 0.0
-449.747612033 0.0
-448.747612033 0.0
-447.747612033 0.0
-446.747612033 0.0
-445.747612033 0.0
-444.747612033 0.0
-443.747612033 0.0
-442.747612033 0.0
-441.747612033 0.0
-440.747612033 0.0
-439.747612033 0.0
-438.747612033 0.0
-437.747612033 0.0
-436.747612033 0.0
-435.747612033 0.0
-434.747612033 0.0
-433.747612033 0.0
-432.747612033 0.0
-431.747612033 0.0
-430.747612033 0.0
-429.747612033 0.0
-428.747612033 0.0
-427.747612033 0.0
-426.747612033 0.0
-425.747612033 0.0
-424.747612033 0.0
-423.747612033 0.0
-422.747612033 0.0
-421.747612033 0.0
-420.747612033 0.0
-419.747612033 0.0
-418.747612033 0.0
-417.747612033 0.0
-416.747612033 0.0
-415.747612033 0.0
-414.747612033 0.0
-413.747612033 0.0
-412.747612033 0.0
-411.747612033 0.0
-410.747612033 0.0
-409.747612033 0.0
-408.747612033 0.0
-407.747612033 0.0
-406.747612033 0.0
-405.747612033 0.0
-404.747612033 0.0
-403.747612033 0.0
-402.747612033 0.0
-401.747612033 0.0
-400.747612033 0.0
-399.747612033 0.0
-398.747612033 0.0
-397.747612033 0.0
-396.747612033 0.0
-395.747612033 0.0
-394.747612033 0.0
-393.747612033 0.0
-392.747612033 0.0
-391.747612033 0.0
-390.747612033 0.0
-389.747612033 0.0
-388.747612033 0.0
-387.747612033 0.0
-386.747612033 0.0
-385.747612033 0.0
-384.747612033 0.0
-383.747612033 0.0
-382.747612033 0.0
-381.747612033 0.0
-380.747612033 0.0
-379.747612033 0.0
-378.747612033 0.0
-377.747612033 0.0
-376.747612033 0.0
-375.747612033 0.0
-374.747612033 0.0
-373.747612033 0.0
-372.747612033 0.0
-371.747612033 0.0
-370.747612033 0.0
-369.747612033 0.0
-368.747612033 0.0
-367.747612033 0.0
-366.747612033 0.0
-365.747612033 0.0
-364.747612033 0.0
-363.747612033 0.0
-362.747612033 0.0
-361.747612033 0.0
-360.747612033 0.0
-359.747612033 0.0
-358.747612033 0.0
-357.747612033 0.0
-356.747612033 0.0
-355.747612033 0.0
-354.747612033 0.0
-353.747612033 0.0
-352.747612033 0.0
-351.747612033 0.0
-350.747612033 0.0
-349.747612033 0.0
-348.747612033 0.0
-347.747612033 0.0
-346.747612033 0.0
-345.747612033 0.0
-344.747612033 0.0
-343.747612033 0.0
-342.747612033 0.0
-341.747612033 0.0
-340.747612033 0.0
-339.747612033 0.0
-338.747612033 0.0
-337.747612033 0.0
-336.747612033 0.0
-335.747612033 0.0
-334.747612033 0.0
-333.747612033 0.0
-332.747612033 0.0
-331.747612033 0.0
-330.747612033 0.0
-329.747612033 0.0
-328.747612033 0.0
-327.747612033 0.0
-326.747612033 0.0
-325.747612033 0.0
-324.747612033 0.0
-323.747612033 0.0
-322.747612033 0.0
-321.747612033 0.0
-320.747612033 0.0
-319.747612033 0.0
-318.747612033 0.0
-317.747612033 0.0
-316.747612033 0.0
-315.747612033 0.0
-314.747612033 0.0
-313.747612033 0.0
-312.747612033 0.0
-311.747612033 0.0
-310.747612033 0.0
-309.747612033 0.0
-308.747612033 0.0
-307.747612033 0.0
-306.747612033 0.0
-305.747612033 0.0
-304.747612033 0.0
-303.747612033 0.0
-302.747612033 0.0
-301.747612033 0.0
-300.747612033 0.0
-299.747612033 0.0
-298.747612033 0.0
-297.747612033 0.0
-296.747612033 0.0
-295.747612033 0.0
-294.747612033 0.0
-293.747612033 0.0
-292.747612033 0.0
-291.747612033 0.0
-290.747612033 0.0
-289.747612033 0.0
-288.747612033 0.0
-287.747612033 0.0
-286.747612033 0.0
-285.747612033 0.0
-284.747612033 0.0
-283.747612033 0.0
-282.747612033 0.0
-281.747612033 0.0
-280.747612033 0.0
-279.747612033 0.0
-278.747612033 0.0
-277.747612033 0.0
-276.747612033 0.0
-275.747612033 0.0
-274.747612033 0.0
-273.747612033 0.0
-272.747612033 0.0
-271.747612033 0.0
-270.747612033 0.0
-269.747612033 0.0
-268.747612033 0.0
-267.747612033 0.0
-266.747612033 0.0
-265.747612033 0.0
-264.747612033 0.0
-263.747612033 0.0
-262.747612033 0.0
-261.747612033 0.0
-260.747612033 0.0
-259.747612033 0.0
-258.747612033 0.0
-257.747612033 0.0
-256.747612033 0.0
-255.747612033 0.0
-254.747612033 0.0
-253.747612033 0.0
-252.747612033 0.0
-251.747612033 0.0
-250.747612033 0.0
-249.747612033 0.0
-248.747612033 0.0
-247.747612033 0.0
-246.747612033 0.0
-245.747612033 0.0
-244.747612033 0.0
-243.747612033 0.0
-242.747612033 0.0
-241.747612033 0.0
-240.747612033 0.0
-239.747612033 0.0
-238.747612033 0.0
-237.747612033 0.0
-236.747612033 0.0
-235.747612033 0.0
-234.747612033 0.0
-233.747612033 0.0
-232.747612033 0.0
-231.747612033 0.0
-230.747612033 0.0
-229.747612033 0.0
-228.747612033 0.0
-227.747612033 0.0
-226.747612033 0.0
-225.747612033 0.0
-224.747612033 0.0
-223.747612033 0.0
-222.747612033 0.0
-221.747612033 0.0
-220.747612033 0.0
-219.747612033 0.0
-218.747612033 0.0
-217.747612033 0.0
-216.747612033 0.0
-215.747612033 0.0
-214.747612033 0.0
-213.747612033 0.0
-212.747612033 0.0
-211.747612033 0.0
-210.747612033 0.0
-209.747612033 0.0
-208.747612033 0.0
-207.747612033 0.0
-206.747612033 0.0
-205.747612033 0.0
-204.747612033 0.0
-203.747612033 0.0
-202.747612033 0.0
-201.747612033 0.0
-200.747612033 0.0
-199.747612033 0.0
-198.747612033 0.0
-197.747612033 0.0
-196.747612033 0.0
-195.747612033 0.0
-194.747612033 0.0
-193.747612033 0.0
-192.747612033 0.0
-191.747612033 0.0
-190.747612033 0.0
-189.747612033 0.0
-188.747612033 0.0
-187.747612033 0.0
-186.747612033 0.0
-185.747612033 0.0
-184.747612033 0.0
-183.747612033 0.0
-182.747612033 0.0
-181.747612033 0.0
-180.747612033 0.0
-179.747612033 0.0
-178.747612033 0.0
-177.747612033 0.0
-176.747612033 0.0
-175.747612033 0.0
-174.747612033 0.0
-173.747612033 0.0
-172.747612033 0.0
-171.747612033 0.0
-170.747612033 0.0
-169.747612033 0.0
-168.747612033 0.0
-167.747612033 0.0
-166.747612033 0.0
-165.747612033 0.0
-164.747612033 0.0
-163.747612033 0.0
-162.747612033 0.0
-161.747612033 0.0
-160.747612033 0.0
-159.747612033 0.0
-158.747612033 0.0
-157.747612033 0.0
-156.747612033 0.0
-155.747612033 0.0
-154.747612033 0.0
-153.747612033 0.0
-152.747612033 0.0
-151.747612033 0.0
-150.747612033 0.0
-149.747612033 0.0
-148.747612033 0.0
-147.747612033 0.0
-146.747612033 0.0
-145.747612033 0.0
-144.747612033 0.0
-143.747612033 0.0
-142.747612033 0.0
-141.747612033 0.0
-140.747612033 0.0
-139.747612033 0.0
-138.747612033 0.0
-137.747612033 0.0
-136.747612033 0.0
-135.747612033 0.0
-134.747612033 0.0
-133.747612033 0.0
-132.747612033 0.0
-131.747612033 0.0
-130.747612033 0.0
-129.747612033 0.0
-128.747612033 0.0
-127.747612033 0.0
-126.747612033 0.0
-125.747612033 0.0
-124.747612033 0.0
-123.747612033 0.0
-122.747612033 0.0
-121.747612033 0.0
-120.747612033 0.0
-119.747612033 0.0
-118.747612033 0.0
-117.747612033 0.0
-116.747612033 0.0
-115.747612033 0.0
-114.747612033 0.0
-113.747612033 0.0
-112.747612033 0.0
-111.747612033 0.0
-110.747612033 0.0
-109.747612033 0.0
-108.747612033 0.0
-107.747612033 0.0
-106.747612033 0.0
-105.747612033 0.0
-104.747612033 0.0
-103.747612033 0.0
-102.747612033 0.0
-101.747612033 0.0
-100.747612033 0.0
-99.7476120325 0.0
-98.7476120325 0.0
-97.7476120325 0.0
-96.7476120325 0.0
-95.7476120325 0.0
-94.7476120325 0.0
-93.7476120325 0.0
-92.7476120325 0.0
-91.7476120325 0.0
-90.7476120325 0.0
-89.7476120325 0.0
-88.7476120325 0.0
-87.7476120325 0.0
-86.7476120325 0.0
-85.7476120325 0.0
-84.7476120325 0.0
-83.7476120325 0.0
-82.7476120325 0.0
-81.7476120325 0.0
-80.7476120325 0.0
-79.7476120325 0.0
-78.7476120325 0.0
-77.7476120325 0.0
-76.7476120325 0.0
-75.7476120325 0.0
-74.7476120325 0.0
-73.7476120325 0.0
-72.7476120325 0.0
-71.7476120325 0.0
-70.7476120325 0.0
-69.7476120325 0.0
-68.7476120325 0.0
-67.7476120325 0.0
-66.7476120325 0.0
-65.7476120325 0.0
-64.7476120325 0.0
-63.7476120325 0.0
-62.7476120325 0.0
-61.7476120325 0.0
-60.7476120325 0.0
-59.7476120325 0.0
-58.7476120325 0.0
-57.7476120325 0.0
-56.7476120325 0.000000e+00
-56.5100033265 0.000000e+00
-56.2723946205 0.000000e+00
-56.0347859146 0.000000e+00
-55.7971772086 0.000000e+00
-55.5595685026 0.000000e+00
-55.3219597966 0.000000e+00
-55.0843510906 0.000000e+00
-54.8467423846 0.000000e+00
-54.6091336787 0.000000e+00
-54.3715249727 0.000000e+00
-54.1339162667 0.000000e+00
-53.8963075607 0.000000e+00
-53.6586988547 0.000000e+00
-53.4210901487 0.000000e+00
-53.1834814428 0.000000e+00
-52.9458727368 0.000000e+00
-52.7082640308 0.000000e+00
-52.4706553248 0.000000e+00
-52.2330466188 0.000000e+00
-51.9954379128 0.000000e+00
-51.7578292069 0.000000e+00
-51.5202205009 0.000000e+00
-51.2826117949 0.000000e+00
-51.0450030889 0.000000e+00
-50.8073943829 0.000000e+00
-50.5697856769 0.000000e+00
-50.332176971 0.000000e+00
-50.094568265 0.000000e+00
-49.856959559 0.000000e+00
-49.619350853 0.000000e+00
-49.381742147 0.000000e+00
-49.144133441 0.000000e+00
-48.9065247351 0.000000e+00
-48.6689160291 0.000000e+00
-48.4313073231 0.000000e+00
-48.1936986171 0.000000e+00
-47.9560899111 0.000000e+00
-47.7184812052 0.000000e+00
-47.4808724992 0.000000e+00
-47.2432637932 0.000000e+00
-47.0056550872 0.000000e+00
-46.7680463812 0.000000e+00
-46.5304376752 0.000000e+00
-46.2928289693 0.000000e+00
-46.0552202633 0.000000e+00
-45.8176115573 0.000000e+00
-45.5800028513 0.000000e+00
-45.3423941453 0.000000e+00
-45.1047854393 0.000000e+00
-44.8671767334 0.000000e+00
-44.6295680274 0.000000e+00
-44.3919593214 0.000000e+00
-44.1543506154 0.000000e+00
-43.9167419094 0.000000e+00
-43.6791332034 0.000000e+00
-43.4415244975 0.000000e+00
-43.2039157915 0.000000e+00
-42.9663070855 0.000000e+00
-42.7286983795 0.000000e+00
-42.4910896735 0.000000e+00
-42.2534809675 0.000000e+00
-42.0158722616 0.000000e+00
-41.7782635556 0.000000e+00
-41.5406548496 0.000000e+00
-41.3030461436 0.000000e+00
-41.0654374376 0.000000e+00
-40.8278287316 0.000000e+00
-40.5902200257 0.000000e+00
-40.3526113197 0.000000e+00
-40.1150026137 0.000000e+00
-39.8773939077 0.000000e+00
-39.6397852017 0.000000e+00
-39.4021764957 0.000000e+00
-39.1645677898 0.000000e+00
-38.9269590838 0.000000e+00
-38.6893503778 0.000000e+00
-38.4517416718 0.000000e+00
-38.2141329658 0.000000e+00
-37.9765242598 0.000000e+00
-37.7389155539 0.000000e+00
-37.5013068479 0.000000e+00
-37.2636981419 0.000000e+00
-37.0260894359 0.000000e+00
-36.7884807299 0.000000e+00
-36.550872024 0.000000e+00
-36.313263318 0.000000e+00
-36.075654612 0.000000e+00
-35.838045906 0.000000e+00
-35.6004372 0.000000e+00
-35.362828494 0.000000e+00
-35.1252197881 0.000000e+00
-34.8876110821 0.000000e+00
-34.6500023761 0.000000e+00
-34.4123936701 0.000000e+00
-34.1747849641 0.000000e+00
-33.9371762581 0.000000e+00
-33.6995675522 0.000000e+00
-33.4619588462 0.000000e+00
-33.2243501402 0.000000e+00
-32.9867414342 0.000000e+00
-32.7491327282 0.000000e+00
-32.5115240222 0.000000e+00
-32.2739153163 0.000000e+00
-32.0363066103 0.000000e+00
-31.7986979043 0.000000e+00
-31.5610891983 0.000000e+00
-31.3234804923 0.000000e+00
-31.0858717863 0.000000e+00
-30.8482630804 0.000000e+00
-30.6106543744 0.000000e+00
-30.3730456684 0.000000e+00
-30.1354369624 0.000000e+00
-29.8978282564 0.000000e+00
-29.6602195504 0.000000e+00
-29.4226108445 0.000000e+00
-29.1850021385 0.000000e+00
-28.9473934325 0.000000e+00
-28.7097847265 0.000000e+00
-28.4721760205 0.000000e+00
-28.2345673145 0.000000e+00
-27.9969586086 0.000000e+00
-27.7593499026 0.000000e+00
-27.5217411966 0.000000e+00
-27.2841324906 0.000000e+00
-27.0465237846 0.000000e+00
-26.8089150786 0.000000e+00
-26.5713063727 0.000000e+00
-26.3336976667 0.000000e+00
-26.0960889607 0.000000e+00
-25.8584802547 0.000000e+00
-25.6208715487 0.000000e+00
-25.3832628428 0.000000e+00
-25.1456541368 0.000000e+00
-24.9080454308 0.000000e+00
-24.6704367248 0.000000e+00
-24.4328280188 0.000000e+00
-24.1952193128 0.000000e+00
-23.9576106069 0.000000e+00
-23.7200019009 0.000000e+00
-23.4823931949 0.000000e+00
-23.2447844889 0.000000e+00
-23.0071757829 0.000000e+00
-22.7695670769 0.000000e+00
-22.531958371 0.000000e+00
-22.294349665 0.000000e+00
-22.056740959 0.000000e+00
-21.819132253 0.000000e+00
-21.581523547 0.000000e+00
-21.343914841 0.000000e+00
-21.1063061351 0.000000e+00
-20.8686974291 0.000000e+00
-20.6310887231 0.000000e+00
-20.3934800171 0.000000e+00
-20.1558713111 0.000000e+00
-19.9182626051 0.000000e+00
-19.6806538992 0.000000e+00
-19.4430451932 0.000000e+00
-19.2054364872 0.000000e+00
-18.9678277812 0.000000e+00
-18.7302190752 0.000000e+00
-18.4926103692 0.000000e+00
-18.2550016633 0.000000e+00
-18.0173929573 0.000000e+00
-17.7797842513 0.000000e+00
-17.5421755453 0.000000e+00
-17.3045668393 0.000000e+00
-17.0669581333 0.000000e+00
-16.8293494274 0.000000e+00
-16.5917407214 0.000000e+00
-16.3541320154 0.000000e+00
-16.1165233094 0.000000e+00
-15.8789146034 0.000000e+00
-15.6413058974 0.000000e+00
-15.4036971915 0.000000e+00
-15.1660884855 0.000000e+00
-14.9284797795 0.000000e+00
-14.6908710735 0.000000e+00
-14.4532623675 0.000000e+00
-14.2156536616 0.000000e+00
-13.9780449556 0.000000e+00
-13.7404362496 0.000000e+00
-13.5028275436 0.000000e+00
-13.2652188376 0.000000e+00
-13.0276101316 0.000000e+00
-12.7900014257 0.000000e+00
-12.5523927197 0.000000e+00
-12.3147840137 0.000000e+00
-12.0771753077 0.000000e+00
-11.8395666017 0.000000e+00
-11.6019578957 0.000000e+00
-11.3643491898 0.000000e+00
-11.1267404838 0.000000e+00
-10.8891317778 0.000000e+00
-10.6515230718 0.000000e+00
-10.4139143658 0.000000e+00
-10.1763056598 0.000000e+00
-9.93869695386 0.000000e+00
-9.70108824787 0.000000e+00
-9.46347954189 0.000000e+00
-9.22587083591 0.000000e+00
-8.98826212992 0.000000e+00
-8.75065342394 0.000000e+00
-8.51304471796 0.000000e+00
-8.27543601198 0.000000e+00
-8.03782730599 0.000000e+00
-7.80021860001 0.000000e+00
-7.56260989403 0.000000e+00
-7.32500118804 0.000000e+00
-7.08739248206 0.000000e+00
-6.84978377608 0.000000e+00
-6.61217507009 0.000000e+00
-6.37456636411 0.000000e+00
-6.13695765813 0.000000e+00
-5.89934895215 0.000000e+00
-5.66174024616 0.000000e+00
-5.42413154018 0.000000e+00
-5.1865228342 0.000000e+00
-4.94891412821 0.000000e+00
-4.71130542223 0.000000e+00
-4.47369671625 0.000000e+00
-4.23608801026 0.000000e+00
-3.99847930428 0.000000e+00
-3.7608705983 0.000000e+00
-3.52326189232 0.000000e+00
-3.28565318633 0.000000e+00
-3.04804448035 0.000000e+00
-2.81043577437 0.000000e+00
-2.57282706838 0.000000e+00
-2.3352183624 0.000000e+00
-2.09760965642 0.000000e+00
-1.86000095043 0.000000e+00
-1.62239224445 0.000000e+00
-1.38478353847 0.000000e+00
-1.14717483249 0.000000e+00
-0.909566126503 0.000000e+00
-0.67195742052 0.000000e+00
-0.434348714537 0.000000e+00
-0.196740008554 0.000000e+00
0.0408686974291 7.496650e-01
0.278477403412 1.000000e+00
0.516086109395 7.677335e-01
0.753694815378 5.980852e-01
0.991303521361 3.654048e-01
1.22891222734 2.852301e-01
1.46652093333 0.000000e+00
1.70412963931 2.726029e-01
1.94173834529 2.981783e-01
2.17934705128 0.000000e+00
2.41695575726 0.000000e+00
2.65456446324 0.000000e+00
2.89217316922 0.000000e+00
3.12978187521 0.000000e+00
3.36739058119 0.000000e+00
3.60499928717 0.000000e+00
3.84260799316 0.000000e+00
4.08021669914 0.000000e+00
4.31782540512 0.000000e+00
4.55543411111 0.000000e+00
4.79304281709 0.000000e+00
5.03065152307 0.000000e+00
5.26826022905 0.000000e+00
5.50586893504 0.000000e+00
5.74347764102 0.000000e+00
5.981086347 0.000000e+00
6.21869505299 0.000000e+00
6.45630375897 0.000000e+00
6.69391246495 0.000000e+00
6.93152117094 0.000000e+00
7.16912987692 0.000000e+00
7.4067385829 0.000000e+00
7.64434728888 0.000000e+00
7.88195599487 0.000000e+00
8.11956470085 0.000000e+00
8.35717340683 0.000000e+00
8.59478211282 0.000000e+00
8.8323908188 0.000000e+00
9.06999952478 0.000000e+00
9.30760823077 0.000000e+00
9.54521693675 0.000000e+00
9.78282564273 0.000000e+00
10.0204343487 0.000000e+00
10.2580430547 0.000000e+00
10.4956517607 0.000000e+00
10.7332604667 0.000000e+00
10.9708691726 0.000000e+00
11.2084778786 0.000000e+00
11.4460865846 0.000000e+00
11.6836952906 0.000000e+00
11.9213039966 0.000000e+00
12.1589127026 0.000000e+00
12.3965214085 0.000000e+00
12.6341301145 0.000000e+00
12.8717388205 0.000000e+00
13.1093475265 0.000000e+00
13.3469562325 0.000000e+00
13.5845649385 0.000000e+00
13.8221736444 0.000000e+00
14.0597823504 0.000000e+00
14.2973910564 0.000000e+00
14.5349997624 0.000000e+00
14.7726084684 0.000000e+00
15.0102171744 0.000000e+00
15.2478258803 0.000000e+00
15.4854345863 0.000000e+00
15.7230432923 0.000000e+00
15.9606519983 0.000000e+00
16.1982607043 0.000000e+00
16.4358694103 0.000000e+00
16.6734781162 0.000000e+00
16.9110868222 0.000000e+00
17.1486955282 0.000000e+00
17.3863042342 0.000000e+00
17.6239129402 0.000000e+00
17.8615216462 0.000000e+00
18.0991303521 0.000000e+00
18.3367390581 0.000000e+00
18.5743477641 0.000000e+00
18.8119564701 0.000000e+00
19.0495651761 0.000000e+00
19.2871738821 0.000000e+00
19.524782588 0.000000e+00
19.762391294 0.000000e+00
20.0 0.000000e+00
20.237608706 0.000000e+00
20.475217412 0.000000e+00
20.7128261179 0.000000e+00
20.9504348239 0.000000e+00
21.1880435299 0.000000e+00
21.4256522359 0.000000e+00
21.6632609419 0.000000e+00
21.9008696479 0.000000e+00
22.1384783538 0.000000e+00
22.3760870598 0.000000e+00
22.6136957658 0.000000e+00
22.8513044718 0.000000e+00
23.0889131778 0.000000e+00
23.3265218838 0.000000e+00
23.5641305897 0.000000e+00
23.8017392957 0.000000e+00
24.0393480017 0.000000e+00
24.2769567077 0.000000e+00
24.5145654137 0.000000e+00
24.7521741197 0.000000e+00
24.9897828256 0.000000e+00
25.2273915316 0.000000e+00
25.4650002376 0.000000e+00
25.7026089436 0.000000e+00
25.9402176496 0.000000e+00
26.1778263556 0.000000e+00
26.4154350615 0.000000e+00
26.6530437675 0.000000e+00
26.8906524735 0.000000e+00
27.1282611795 0.000000e+00
27.3658698855 0.000000e+00
27.6034785915 0.000000e+00
27.8410872974 0.000000e+00
28.0786960034 0.000000e+00
28.3163047094 0.000000e+00
28.5539134154 0.000000e+00
28.7915221214 0.000000e+00
29.0291308274 0.000000e+00
29.2667395333 0.000000e+00
29.5043482393 0.000000e+00
29.7419569453 0.000000e+00
29.9795656513 0.000000e+00
30.2171743573 0.000000e+00
30.4547830633 0.000000e+00
30.6923917692 0.000000e+00
30.9300004752 0.000000e+00
31.1676091812 0.000000e+00
31.4052178872 0.000000e+00
31.6428265932 0.000000e+00
31.8804352991 0.000000e+00
32.1180440051 0.000000e+00
32.3556527111 0.000000e+00
32.5932614171 0.000000e+00
32.8308701231 0.000000e+00
33.0684788291 0.000000e+00
33.306087535 0.000000e+00
33.543696241 0.000000e+00
33.781304947 0.000000e+00
34.018913653 0.000000e+00
34.256522359 0.000000e+00
34.494131065 0.000000e+00
34.7317397709 0.000000e+00
34.9693484769 0.000000e+00
35.2069571829 0.000000e+00
35.4445658889 0.000000e+00
35.6821745949 0.000000e+00
35.9197833009 0.000000e+00
36.1573920068 0.000000e+00
36.3950007128 0.000000e+00
36.6326094188 0.000000e+00
36.8702181248 0.000000e+00
37.1078268308 0.000000e+00
37.3454355368 0.000000e+00
37.5830442427 0.000000e+00
37.8206529487 0.000000e+00
38.0582616547 0.000000e+00
38.2958703607 0.000000e+00
38.5334790667 0.000000e+00
38.7710877727 0.000000e+00
39.0086964786 0.000000e+00
39.2463051846 0.000000e+00
39.4839138906 0.000000e+00
39.7215225966 0.000000e+00
39.9591313026 0.000000e+00
40.1967400086 0.000000e+00
40.4343487145 0.000000e+00
40.6719574205 0.000000e+00
40.9095661265 0.000000e+00
41.1471748325 0.000000e+00
41.3847835385 0.000000e+00
41.6223922445 0.000000e+00
41.8600009504 0.000000e+00
42.0976096564 0.000000e+00
42.3352183624 0.000000e+00
42.5728270684 0.000000e+00
42.8104357744 0.000000e+00
43.0480444803 0.000000e+00
43.2856531863 0.000000e+00
43.5232618923 0.000000e+00
43.7608705983 0.000000e+00
43.9984793043 0.000000e+00
44.2360880103 0.000000e+00
44.4736967162 0.000000e+00
44.7113054222 0.000000e+00
44.9489141282 0.000000e+00
45.1865228342 0.000000e+00
45.4241315402 0.000000e+00
45.6617402462 0.000000e+00
45.8993489521 0.000000e+00
46.1369576581 0.000000e+00
46.3745663641 0.000000e+00
46.6121750701 0.000000e+00
46.8497837761 0.000000e+00
47.0873924821 0.000000e+00
47.325001188 0.000000e+00
47.562609894 0.000000e+00
47.8002186 0.000000e+00
48.037827306 0.000000e+00
48.275436012 0.000000e+00
48.513044718 0.000000e+00
48.7506534239 0.000000e+00
48.9882621299 0.000000e+00
49.2258708359 0.000000e+00
49.4634795419 0.000000e+00
49.7010882479 0.000000e+00
49.9386969539 0.000000e+00
50.1763056598 0.000000e+00
50.4139143658 0.000000e+00
50.6515230718 0.000000e+00
50.8891317778 0.000000e+00
51.1267404838 0.000000e+00
51.3643491898 0.000000e+00
51.6019578957 0.000000e+00
51.8395666017 0.000000e+00
52.0771753077 0.000000e+00
52.3147840137 0.000000e+00
52.5523927197 0.000000e+00
52.7900014257 0.000000e+00
53.0276101316 0.000000e+00
53.2652188376 0.000000e+00
53.5028275436 0.000000e+00
53.7404362496 0.000000e+00
53.9780449556 0.000000e+00
54.2156536616 0.000000e+00
54.4532623675 0.000000e+00
54.6908710735 0.000000e+00
54.9284797795 0.000000e+00
55.1660884855 0.000000e+00
55.4036971915 0.000000e+00
55.6413058974 0.000000e+00
55.8789146034 0.000000e+00
56.1165233094 0.000000e+00
56.3541320154 0.000000e+00
56.5917407214 0.000000e+00
56.8293494274 0.000000e+00
57.0669581333 0.000000e+00
57.3045668393 0.000000e+00
57.5421755453 0.000000e+00
57.7797842513 0.000000e+00
58.0173929573 0.000000e+00
58.2550016633 0.000000e+00
58.4926103692 0.000000e+00
58.7302190752 0.000000e+00
58.9678277812 0.000000e+00
59.2054364872 0.000000e+00
59.4430451932 0.000000e+00
59.6806538992 0.000000e+00
59.9182626051 0.000000e+00
60.1558713111 0.000000e+00
60.3934800171 0.000000e+00
60.6310887231 0.000000e+00
60.8686974291 0.000000e+00
61.1063061351 0.000000e+00
61.343914841 0.000000e+00
61.581523547 0.000000e+00
61.819132253 0.000000e+00
62.056740959 0.000000e+00
62.294349665 0.000000e+00
62.531958371 0.000000e+00
62.7695670769 0.000000e+00
63.0071757829 0.000000e+00
63.2447844889 0.000000e+00
63.4823931949 0.000000e+00
63.7200019009 0.000000e+00
63.9576106069 0.000000e+00
64.1952193128 0.000000e+00
64.4328280188 0.000000e+00
64.6704367248 0.000000e+00
64.9080454308 0.000000e+00
65.1456541368 0.000000e+00
65.3832628428 0.000000e+00
65.6208715487 0.000000e+00
65.8584802547 0.000000e+00
66.0960889607 0.000000e+00
66.3336976667 0.000000e+00
66.5713063727 0.000000e+00
66.8089150786 0.000000e+00
67.0465237846 0.000000e+00
67.2841324906 0.000000e+00
67.5217411966 0.000000e+00
67.7593499026 0.000000e+00
67.9969586086 0.000000e+00
68.2345673145 0.000000e+00
68.4721760205 0.000000e+00
68.7097847265 0.000000e+00
68.9473934325 0.000000e+00
69.1850021385 0.000000e+00
69.4226108445 0.000000e+00
69.6602195504 0.000000e+00
69.8978282564 0.000000e+00
70.1354369624 0.000000e+00
70.3730456684 0.000000e+00
70.6106543744 0.000000e+00
70.8482630804 0.000000e+00
71.0858717863 0.000000e+00
71.3234804923 0.000000e+00
71.5610891983 0.000000e+00
71.7986979043 0.000000e+00
72.0363066103 0.000000e+00
72.2739153163 0.000000e+00
72.5115240222 0.000000e+00
72.7491327282 0.000000e+00
72.9867414342 0.000000e+00
73.2243501402 0.000000e+00
73.4619588462 0.000000e+00
73.6995675522 0.000000e+00
73.9371762581 0.000000e+00
74.1747849641 0.000000e+00
74.4123936701 0.000000e+00
74.6500023761 0.000000e+00
74.8876110821 0.000000e+00
75.1252197881 0.000000e+00
75.362828494 0.000000e+00
75.6004372 0.000000e+00
75.838045906 0.000000e+00
76.075654612 0.000000e+00
76.313263318 0.000000e+00
76.550872024 0.000000e+00
76.7884807299 0.000000e+00
77.0260894359 0.000000e+00
77.2636981419 0.000000e+00
77.5013068479 0.000000e+00
77.7389155539 0.000000e+00
77.9765242598 0.000000e+00
78.2141329658 0.000000e+00
78.4517416718 0.000000e+00
78.6893503778 0.000000e+00
78.9269590838 0.000000e+00
79.1645677898 0.000000e+00
79.4021764957 0.000000e+00
79.6397852017 0.000000e+00
79.8773939077 0.000000e+00
80.1150026137 0.000000e+00
80.3526113197 0.000000e+00
80.5902200257 0.000000e+00
80.8278287316 0.000000e+00
81.0654374376 0.000000e+00
81.3030461436 0.000000e+00
81.5406548496 0.000000e+00
81.7782635556 0.000000e+00
82.0158722616 0.000000e+00
82.2534809675 0.000000e+00
82.4910896735 0.000000e+00
82.7286983795 0.000000e+00
82.9663070855 0.000000e+00
83.2039157915 0.000000e+00
83.4415244975 0.000000e+00
83.6791332034 0.000000e+00
83.9167419094 0.000000e+00
84.1543506154 0.000000e+00
84.3919593214 0.000000e+00
84.6295680274 0.000000e+00
84.8671767334 0.000000e+00
85.1047854393 0.000000e+00
85.3423941453 0.000000e+00
85.5800028513 0.000000e+00
85.8176115573 0.000000e+00
86.0552202633 0.000000e+00
86.2928289693 0.000000e+00
86.5304376752 0.000000e+00
86.7680463812 0.000000e+00
87.0056550872 0.000000e+00
87.2432637932 0.000000e+00
87.4808724992 0.000000e+00
87.7184812052 0.000000e+00
87.9560899111 0.000000e+00
88.1936986171 0.000000e+00
88.4313073231 0.000000e+00
88.6689160291 0.000000e+00
88.9065247351 0.000000e+00
89.144133441 0.000000e+00
89.381742147 0.000000e+00
89.619350853 0.000000e+00
89.856959559 0.000000e+00
90.094568265 0.000000e+00
90.332176971 0.000000e+00
90.5697856769 0.000000e+00
90.8073943829 0.000000e+00
91.0450030889 0.000000e+00
91.2826117949 0.000000e+00
91.5202205009 0.000000e+00
91.7578292069 0.000000e+00
91.9954379128 0.000000e+00
92.2330466188 0.000000e+00
92.4706553248 0.000000e+00
92.7082640308 0.000000e+00
92.9458727368 0.000000e+00
93.1834814428 0.000000e+00
93.4210901487 0.000000e+00
93.6586988547 0.000000e+00
93.8963075607 0.000000e+00
94.1339162667 0.000000e+00
94.3715249727 0.000000e+00
94.6091336787 0.000000e+00
94.8467423846 0.000000e+00
95.0843510906 0.000000e+00
95.3219597966 0.000000e+00
95.5595685026 0.000000e+00
95.7971772086 0.000000e+00
96.0347859146 0.000000e+00
96.2723946205 0.000000e+00
96.5100033265 0.000000e+00
96.7476120325 0.000000e+00
96.9852207385 0.000000e+00
97.2228294445 0.000000e+00
97.4604381505 0.000000e+00
97.6980468564 0.000000e+00
97.9356555624 0.000000e+00
98.1732642684 0.000000e+00
98.4108729744 0.000000e+00
98.6484816804 0.000000e+00
98.8860903864 0.000000e+00
99.1236990923 0.000000e+00
99.3613077983 0.000000e+00
99.5989165043 0.000000e+00
99.8365252103 0.000000e+00
100.074133916 0.000000e+00
100.311742622 0.000000e+00
100.549351328 0.000000e+00
100.786960034 0.000000e+00
101.02456874 0.000000e+00
101.262177446 0.000000e+00
101.499786152 0.000000e+00
101.737394858 0.000000e+00
101.975003564 0.000000e+00
102.21261227 0.000000e+00
102.450220976 0.000000e+00
102.687829682 0.000000e+00
102.925438388 0.000000e+00
103.163047094 0.000000e+00
103.4006558 0.000000e+00
103.638264506 0.000000e+00
103.875873212 0.000000e+00
104.113481918 0.000000e+00
104.351090624 0.000000e+00
104.58869933 0.000000e+00
104.826308036 0.000000e+00
105.063916742 0.000000e+00
105.301525448 0.000000e+00
105.539134154 0.000000e+00
105.77674286 0.000000e+00
106.014351566 0.000000e+00
106.251960272 0.000000e+00
106.489568978 0.000000e+00
106.727177684 0.000000e+00
106.96478639 0.000000e+00
107.202395096 0.000000e+00
107.440003802 0.000000e+00
107.677612508 0.000000e+00
107.915221214 0.000000e+00
108.15282992 0.000000e+00
108.390438626 0.000000e+00
108.628047332 0.000000e+00
108.865656038 0.000000e+00
109.103264744 0.000000e+00
109.34087345 0.000000e+00
109.578482156 0.000000e+00
109.816090862 0.000000e+00
110.053699568 0.000000e+00
110.291308274 0.000000e+00
110.52891698 0.000000e+00
110.766525686 0.000000e+00
111.004134391 0.000000e+00
111.241743097 0.000000e+00
111.479351803 0.000000e+00
111.716960509 0.000000e+00
111.954569215 0.000000e+00
112.192177921 0.000000e+00
112.429786627 0.000000e+00
112.667395333 0.000000e+00
112.905004039 0.000000e+00
113.142612745 0.000000e+00
113.380221451 0.000000e+00
113.617830157 0.000000e+00
113.855438863 0.000000e+00
114.093047569 0.000000e+00
114.330656275 0.000000e+00
114.568264981 0.000000e+00
114.805873687 0.000000e+00
115.043482393 0.000000e+00
115.281091099 0.000000e+00
115.518699805 0.000000e+00
115.756308511 0.000000e+00
115.993917217 0.000000e+00
116.231525923 0.000000e+00
116.469134629 0.000000e+00
116.706743335 0.000000e+00
116.944352041 0.000000e+00
117.181960747 0.000000e+00
117.419569453 0.000000e+00
117.657178159 0.000000e+00
117.894786865 0.000000e+00
118.132395571 0.000000e+00
118.370004277 0.000000e+00
118.607612983 0.000000e+00
118.845221689 0.000000e+00
119.082830395 0.000000e+00
119.320439101 0.000000e+00
119.558047807 0.000000e+00
119.795656513 0.000000e+00
120.033265219 0.000000e+00
120.270873925 0.000000e+00
120.508482631 0.000000e+00
120.746091337 0.000000e+00
120.983700043 0.000000e+00
121.221308749 0.000000e+00
121.458917455 0.000000e+00
121.696526161 0.000000e+00
121.934134867 0.000000e+00
122.171743573 0.000000e+00
122.409352279 0.000000e+00
122.646960985 0.000000e+00
122.884569691 0.000000e+00
123.122178397 0.000000e+00
123.359787103 0.000000e+00
123.597395809 0.000000e+00
123.835004515 0.000000e+00
124.072613221 0.000000e+00
124.310221927 0.000000e+00
124.547830633 0.000000e+00
124.785439338 0.000000e+00
125.023048044 0.000000e+00
125.26065675 0.000000e+00
125.498265456 0.000000e+00
125.735874162 0.000000e+00
125.973482868 0.000000e+00
126.211091574 0.000000e+00
126.44870028 0.000000e+00
126.686308986 0.000000e+00
126.923917692 0.000000e+00
127.161526398 0.000000e+00
127.399135104 0.000000e+00
127.63674381 0.000000e+00
127.874352516 0.000000e+00
128.111961222 0.000000e+00
128.349569928 0.000000e+00
128.587178634 0.000000e+00
128.82478734 0.000000e+00
129.062396046 0.000000e+00
129.300004752 0.000000e+00
129.537613458 0.000000e+00
129.775222164 0.000000e+00
130.01283087 0.000000e+00
130.250439576 0.000000e+00
130.488048282 0.000000e+00
130.725656988 0.000000e+00
130.963265694 0.000000e+00
131.2008744 0.000000e+00
131.438483106 0.000000e+00
131.676091812 0.000000e+00
131.913700518 0.000000e+00
132.151309224 0.000000e+00
132.38891793 0.000000e+00
132.626526636 0.000000e+00
132.864135342 0.000000e+00
133.101744048 0.000000e+00
133.339352754 0.000000e+00
133.57696146 0.000000e+00
133.814570166 0.000000e+00
134.052178872 0.000000e+00
134.289787578 0.000000e+00
134.527396284 0.000000e+00
134.76500499 0.000000e+00
135.002613696 0.000000e+00
135.240222402 0.000000e+00
135.477831108 0.000000e+00
135.715439814 0.000000e+00
135.95304852 0.000000e+00
136.190657226 0.000000e+00
136.428265932 0.000000e+00
136.665874638 0.000000e+00
136.903483344 0.000000e+00
137.14109205 0.000000e+00
137.378700756 0.000000e+00
137.616309462 0.000000e+00
137.853918168 0.000000e+00
138.091526874 0.000000e+00
138.32913558 0.000000e+00
138.566744286 0.000000e+00
138.804352991 0.000000e+00
139.041961697 0.000000e+00
139.279570403 0.000000e+00
139.517179109 0.000000e+00
139.754787815 0.000000e+00
139.992396521 0.000000e+00
140.230005227 0.000000e+00
140.467613933 0.000000e+00
140.705222639 0.000000e+00
140.942831345 0.000000e+00
141.180440051 0.000000e+00
141.418048757 0.000000e+00
141.655657463 0.000000e+00
141.893266169 0.000000e+00
142.130874875 0.000000e+00
142.368483581 0.000000e+00
142.606092287 0.000000e+00
142.843700993 0.000000e+00
143.081309699 0.000000e+00
143.318918405 0.000000e+00
143.556527111 0.000000e+00
143.794135817 0.000000e+00
144.031744523 0.000000e+00
144.269353229 0.000000e+00
144.506961935 0.000000e+00
144.744570641 0.000000e+00
144.982179347 0.000000e+00
145.219788053 0.000000e+00
145.457396759 0.000000e+00
145.695005465 0.000000e+00
145.932614171 0.000000e+00
146.170222877 0.000000e+00
146.407831583 0.000000e+00
146.645440289 0.000000e+00
146.883048995 0.000000e+00
147.120657701 0.000000e+00
147.358266407 0.000000e+00
147.595875113 0.000000e+00
147.833483819 0.000000e+00
148.071092525 0.000000e+00
148.308701231 0.000000e+00
148.546309937 0.000000e+00
148.783918643 0.000000e+00
149.021527349 0.000000e+00
149.259136055 0.000000e+00
149.496744761 0.000000e+00
149.734353467 0.000000e+00
149.971962173 0.000000e+00
150.209570879 0.000000e+00
150.447179585 0.000000e+00
150.684788291 0.000000e+00
150.922396997 0.000000e+00
151.160005703 0.000000e+00
151.397614409 0.000000e+00
151.635223115 0.000000e+00
151.872831821 0.000000e+00
152.110440527 0.000000e+00
152.348049233 0.000000e+00
152.585657939 0.000000e+00
152.823266644 0.000000e+00
153.06087535 0.000000e+00
153.298484056 0.000000e+00
153.536092762 0.000000e+00
153.773701468 0.000000e+00
154.011310174 0.000000e+00
154.24891888 0.000000e+00
154.486527586 0.000000e+00
154.724136292 0.000000e+00
154.961744998 0.000000e+00
155.199353704 0.000000e+00
155.43696241 0.000000e+00
155.674571116 0.000000e+00
155.912179822 0.000000e+00
156.149788528 0.000000e+00
156.387397234 0.000000e+00
156.62500594 0.000000e+00
156.862614646 0.000000e+00
157.100223352 0.000000e+00
157.337832058 0.000000e+00
157.575440764 0.000000e+00
157.81304947 0.000000e+00
158.050658176 0.000000e+00
158.288266882 0.000000e+00
158.525875588 0.000000e+00
158.763484294 0.000000e+00
159.001093 0.000000e+00
159.238701706 0.000000e+00
159.476310412 0.000000e+00
159.713919118 0.000000e+00
159.951527824 0.000000e+00
160.18913653 0.000000e+00
160.426745236 0.000000e+00
160.664353942 0.000000e+00
160.901962648 0.000000e+00
161.139571354 0.000000e+00
161.37718006 0.000000e+00
161.614788766 0.000000e+00
161.852397472 0.000000e+00
162.090006178 0.000000e+00
162.327614884 0.000000e+00
162.56522359 0.000000e+00
162.802832296 0.000000e+00
163.040441002 0.000000e+00
163.278049708 0.000000e+00
163.515658414 0.000000e+00
163.75326712 0.000000e+00
163.990875826 0.000000e+00
164.228484532 0.000000e+00
164.466093238 0.000000e+00
164.703701944 0.000000e+00
164.94131065 0.000000e+00
165.178919356 0.000000e+00
165.416528062 0.000000e+00
165.654136768 0.000000e+00
165.891745474 0.000000e+00
166.12935418 0.000000e+00
166.366962886 0.000000e+00
166.604571592 0.000000e+00
166.842180297 0.000000e+00
167.079789003 0.000000e+00
167.317397709 0.000000e+00
167.555006415 0.000000e+00
167.792615121 0.000000e+00
168.030223827 0.000000e+00
168.267832533 0.000000e+00
168.505441239 0.000000e+00
168.743049945 0.000000e+00
168.980658651 0.000000e+00
169.218267357 0.000000e+00
169.455876063 0.000000e+00
169.693484769 0.000000e+00
169.931093475 0.000000e+00
170.168702181 0.000000e+00
170.406310887 0.000000e+00
170.643919593 0.000000e+00
170.881528299 0.000000e+00
171.119137005 0.000000e+00
171.356745711 0.000000e+00
171.594354417 0.000000e+00
171.831963123 0.000000e+00
172.069571829 0.000000e+00
172.307180535 0.000000e+00
172.544789241 0.000000e+00
172.782397947 0.000000e+00
173.020006653 0.000000e+00
173.257615359 0.000000e+00
173.495224065 0.000000e+00
173.732832771 0.000000e+00
173.970441477 0.000000e+00
174.208050183 0.000000e+00
174.445658889 0.000000e+00
174.683267595 0.000000e+00
174.920876301 0.000000e+00
175.158485007 0.000000e+00
175.396093713 0.000000e+00
175.633702419 0.000000e+00
175.871311125 0.000000e+00
176.108919831 0.000000e+00
176.346528537 0.000000e+00
176.584137243 0.000000e+00
176.821745949 0.000000e+00
177.059354655 0.000000e+00
177.296963361 0.000000e+00
177.534572067 0.000000e+00
177.772180773 0.000000e+00
178.009789479 0.000000e+00
178.247398185 0.000000e+00
178.485006891 0.000000e+00
178.722615597 0.000000e+00
178.960224303 0.000000e+00
179.197833009 0.000000e+00
179.435441715 0.000000e+00
179.673050421 0.000000e+00
179.910659127 0.000000e+00
180.148267833 0.000000e+00
180.385876539 0.000000e+00
180.623485244 0.000000e+00
180.86109395 0.000000e+00
181.098702656 0.000000e+00
181.336311362 0.000000e+00
181.573920068 0.000000e+00
181.811528774 0.000000e+00
182.04913748 0.000000e+00
182.286746186 0.000000e+00
182.524354892 0.000000e+00
182.761963598 0.000000e+00
182.999572304 0.000000e+00
183.23718101 0.000000e+00
183.474789716 0.000000e+00
183.712398422 0.000000e+00
183.950007128 0.000000e+00
184.187615834 0.000000e+00
184.42522454 0.000000e+00
184.662833246 0.000000e+00
184.900441952 0.000000e+00
185.138050658 0.000000e+00
185.375659364 0.000000e+00
185.61326807 0.000000e+00
185.850876776 0.000000e+00
186.088485482 0.000000e+00
186.326094188 0.000000e+00
186.563702894 0.000000e+00
186.8013116 0.000000e+00
187.038920306 0.000000e+00
187.276529012 0.000000e+00
187.514137718 0.000000e+00
187.751746424 0.000000e+00
187.98935513 0.000000e+00
188.226963836 0.000000e+00
188.464572542 0.000000e+00
188.702181248 0.000000e+00
188.939789954 0.000000e+00
189.17739866 0.000000e+00
189.415007366 0.000000e+00
189.652616072 0.000000e+00
189.890224778 0.000000e+00
190.127833484 0.000000e+00
190.36544219 0.000000e+00
190.603050896 0.000000e+00
190.840659602 0.000000e+00
191.078268308 0.000000e+00
191.315877014 0.000000e+00
191.55348572 0.000000e+00
191.791094426 0.000000e+00
192.028703132 0.000000e+00
192.266311838 0.000000e+00
192.503920544 0.000000e+00
192.74152925 0.000000e+00
192.979137956 0.000000e+00
193.216746662 0.000000e+00
193.454355368 0.000000e+00
193.691964074 0.000000e+00
193.92957278 0.000000e+00
194.167181486 0.000000e+00
194.404790192 0.000000e+00
194.642398897 0.000000e+00
194.880007603 0.000000e+00
195.117616309 0.000000e+00
195.355225015 0.000000e+00
195.592833721 0.000000e+00
195.830442427 0.000000e+00
196.068051133 0.000000e+00
196.305659839 0.000000e+00
196.543268545 0.000000e+00
196.780877251 0.000000e+00
197.018485957 0.000000e+00
197.256094663 0.000000e+00
197.493703369 0.000000e+00
197.731312075 0.000000e+00
197.968920781 0.000000e+00
198.206529487 0.000000e+00
198.444138193 0.000000e+00
198.681746899 0.000000e+00
198.919355605 0.000000e+00
199.156964311 0.000000e+00
199.394573017 0.000000e+00
199.632181723 0.000000e+00
199.869790429 0.000000e+00
200.107399135 0.000000e+00
200.345007841 0.000000e+00
200.582616547 0.000000e+00
200.820225253 0.000000e+00
201.057833959 0.000000e+00
201.295442665 0.000000e+00
201.533051371 0.000000e+00
201.770660077 0.000000e+00
202.008268783 0.000000e+00
202.245877489 0.000000e+00
202.483486195 0.000000e+00
202.721094901 0.000000e+00
202.958703607 0.000000e+00
203.196312313 0.000000e+00
203.433921019 0.000000e+00
203.671529725 0.000000e+00
203.909138431 0.000000e+00
204.146747137 0.000000e+00
204.384355843 0.000000e+00
204.621964549 0.000000e+00
204.859573255 0.000000e+00
205.097181961 0.000000e+00
205.334790667 0.000000e+00
205.572399373 0.000000e+00
205.810008079 0.000000e+00
206.047616785 0.000000e+00
206.285225491 0.000000e+00
206.522834197 0.000000e+00
206.760442903 0.000000e+00
206.998051609 0.000000e+00
207.235660315 0.000000e+00
207.473269021 0.000000e+00
207.710877727 0.000000e+00
207.948486433 0.000000e+00
208.186095139 0.000000e+00
208.423703845 0.000000e+00
208.66131255 0.000000e+00
208.898921256 0.000000e+00
209.136529962 0.000000e+00
209.374138668 0.000000e+00
209.611747374 0.000000e+00
209.84935608 0.000000e+00
210.086964786 0.000000e+00
210.324573492 0.000000e+00
210.562182198 0.000000e+00
210.799790904 0.000000e+00
211.03739961 0.000000e+00
211.275008316 0.000000e+00
211.512617022 0.000000e+00
211.750225728 0.000000e+00
211.987834434 0.000000e+00
212.22544314 0.000000e+00
212.463051846 0.000000e+00
212.700660552 0.000000e+00
212.938269258 0.000000e+00
213.175877964 0.000000e+00
213.41348667 0.000000e+00
213.651095376 0.000000e+00
213.888704082 0.000000e+00
214.126312788 0.000000e+00
214.363921494 0.000000e+00
214.6015302 0.000000e+00
214.839138906 0.000000e+00
215.076747612 0.000000e+00
215.314356318 0.000000e+00
215.551965024 0.000000e+00
215.78957373 0.000000e+00
216.027182436 0.000000e+00
216.264791142 0.000000e+00
216.502399848 0.000000e+00
216.740008554 0.000000e+00
216.97761726 0.000000e+00
217.215225966 0.000000e+00
217.452834672 0.000000e+00
217.690443378 0.000000e+00
217.928052084 0.000000e+00
218.16566079 0.000000e+00
218.403269496 0.000000e+00
218.640878202 0.000000e+00
218.878486908 0.000000e+00
219.116095614 0.000000e+00
219.35370432 0.000000e+00
219.591313026 0.000000e+00
219.828921732 0.000000e+00
220.066530438 0.000000e+00
220.304139144 0.000000e+00
220.54174785 0.000000e+00
220.779356556 0.000000e+00
221.016965262 0.000000e+00
221.254573968 0.000000e+00
221.492182674 0.000000e+00
221.72979138 0.000000e+00
221.967400086 0.000000e+00
222.205008792 0.000000e+00
222.442617498 0.000000e+00
222.680226203 0.000000e+00
222.917834909 0.000000e+00
223.155443615 0.000000e+00
223.393052321 0.000000e+00
223.630661027 0.000000e+00
223.868269733 0.000000e+00
224.105878439 0.000000e+00
224.343487145 0.000000e+00
224.581095851 0.000000e+00
224.818704557 0.000000e+00
225.056313263 0.000000e+00
225.293921969 0.000000e+00
225.531530675 0.000000e+00
225.769139381 0.000000e+00
226.006748087 0.000000e+00
226.244356793 0.000000e+00
226.481965499 0.000000e+00
226.719574205 0.000000e+00
226.957182911 0.000000e+00
227.194791617 0.000000e+00
227.432400323 0.000000e+00
227.670009029 0.000000e+00
227.907617735 0.000000e+00
228.145226441 0.000000e+00
228.382835147 0.000000e+00
228.620443853 0.000000e+00
229.620443853 0.0
230.620443853 0.0
231.620443853 0.0
232.620443853 0.0
233.620443853 0.0
234.620443853 0.0
235.620443853 0.0
236.620443853 0.0
237.620443853 0.0
238.620443853 0.0
239.620443853 0.0
240.620443853 0.0
241.620443853 0.0
242.620443853 0.0
243.620443853 0.0
244.620443853 0.0
245.620443853 0.0
246.620443853 0.0
247.620443853 0.0
248.620443853 0.0
249.620443853 0.0
250.620443853 0.0
251.620443853 0.0
252.620443853 0.0
253.620443853 0.0
254.620443853 0.0
255.620443853 0.0
256.620443853 0.0
257.620443853 0.0
258.620443853 0.0
259.620443853 0.0
260.620443853 0.0
261.620443853 0.0
262.620443853 0.0
263.620443853 0.0
264.620443853 0.0
265.620443853 0.0
266.620443853 0.0
267.620443853 0.0
268.620443853 0.0
269.620443853 0.0
270.620443853 0.0
271.620443853 0.0
272.620443853 0.0
273.620443853 0.0
274.620443853 0.0
275.620443853 0.0
276.620443853 0.0
277.620443853 0.0
278.620443853 0.0
279.620443853 0.0
280.620443853 0.0
281.620443853 0.0
282.620443853 0.0
283.620443853 0.0
284.620443853 0.0
285.620443853 0.0
286.620443853 0.0
287.620443853 0.0
288.620443853 0.0
289.620443853 0.0
290.620443853 0.0
291.620443853 0.0
292.620443853 0.0
293.620443853 0.0
294.620443853 0.0
295.620443853 0.0
296.620443853 0.0
297.620443853 0.0
298.620443853 0.0
299.620443853 0.0
300.620443853 0.0
301.620443853 0.0
302.620443853 0.0
303.620443853 0.0
304.620443853 0.0
305.620443853 0.0
306.620443853 0.0
307.620443853 0.0
308.620443853 0.0
309.620443853 0.0
310.620443853 0.0
311.620443853 0.0
312.620443853 0.0
313.620443853 0.0
314.620443853 0.0
315.620443853 0.0
316.620443853 0.0
317.620443853 0.0
318.620443853 0.0
319.620443853 0.0
320.620443853 0.0
321.620443853 0.0
322.620443853 0.0
323.620443853 0.0
324.620443853 0.0
325.620443853 0.0
326.620443853 0.0
327.620443853 0.0
328.620443853 0.0
329.620443853 0.0
330.620443853 0.0
331.620443853 0.0
332.620443853 0.0
333.620443853 0.0
334.620443853 0.0
335.620443853 0.0
336.620443853 0.0
337.620443853 0.0
338.620443853 0.0
339.620443853 0.0
340.620443853 0.0
341.620443853 0.0
342.620443853 0.0
343.620443853 0.0
344.620443853 0.0
345.620443853 0.0
346.620443853 0.0
347.620443853 0.0
348.620443853 0.0
349.620443853 0.0
350.620443853 0.0
351.620443853 0.0
352.620443853 0.0
353.620443853 0.0
354.620443853 0.0
355.620443853 0.0
356.620443853 0.0
357.620443853 0.0
358.620443853 0.0
359.620443853 0.0
360.620443853 0.0
361.620443853 0.0
362.620443853 0.0
363.620443853 0.0
364.620443853 0.0
365.620443853 0.0
366.620443853 0.0
367.620443853 0.0
368.620443853 0.0
369.620443853 0.0
370.620443853 0.0
371.620443853 0.0
372.620443853 0.0
373.620443853 0.0
374.620443853 0.0
375.620443853 0.0
376.620443853 0.0
377.620443853 0.0
378.620443853 0.0
379.620443853 0.0
380.620443853 0.0
381.620443853 0.0
382.620443853 0.0
383.620443853 0.0
384.620443853 0.0
385.620443853 0.0
386.620443853 0.0
387.620443853 0.0
388.620443853 0.0
389.620443853 0.0
390.620443853 0.0
391.620443853 0.0
392.620443853 0.0
393.620443853 0.0
394.620443853 0.0
395.620443853 0.0
396.620443853 0.0
397.620443853 0.0
398.620443853 0.0
399.620443853 0.0
400.620443853 0.0
401.620443853 0.0
402.620443853 0.0
403.620443853 0.0
404.620443853 0.0
405.620443853 0.0
406.620443853 0.0
407.620443853 0.0
408.620443853 0.0
409.620443853 0.0
410.620443853 0.0
411.620443853 0.0
412.620443853 0.0
413.620443853 0.0
414.620443853 0.0
415.620443853 0.0
416.620443853 0.0
417.620443853 0.0
418.620443853 0.0
419.620443853 0.0
420.620443853 0.0
421.620443853 0.0
422.620443853 0.0
423.620443853 0.0
424.620443853 0.0
425.620443853 0.0
426.620443853 0.0
427.620443853 0.0
428.620443853 0.0
429.620443853 0.0
430.620443853 0.0
431.620443853 0.0
432.620443853 0.0
433.620443853 0.0
434.620443853 0.0
435.620443853 0.0
436.620443853 0.0
437.620443853 0.0
438.620443853 0.0
439.620443853 0.0
440.620443853 0.0
441.620443853 0.0
442.620443853 0.0
443.620443853 0.0
444.620443853 0.0
445.620443853 0.0
446.620443853 0.0
447.620443853 0.0
448.620443853 0.0
449.620443853 0.0
450.620443853 0.0
451.620443853 0.0
452.620443853 0.0
453.620443853 0.0
454.620443853 0.0
455.620443853 0.0
456.620443853 0.0
457.620443853 0.0
458.620443853 0.0
459.620443853 0.0
460.620443853 0.0
461.620443853 0.0
462.620443853 0.0
463.620443853 0.0
464.620443853 0.0
465.620443853 0.0
466.620443853 0.0
467.620443853 0.0
468.620443853 0.0
469.620443853 0.0
470.620443853 0.0
471.620443853 0.0
472.620443853 0.0
473.620443853 0.0
474.620443853 0.0
475.620443853 0.0
476.620443853 0.0
477.620443853 0.0
478.620443853 0.0
479.620443853 0.0
480.620443853 0.0
481.620443853 0.0
482.620443853 0.0
483.620443853 0.0
484.620443853 0.0
485.620443853 0.0
486.620443853 0.0
487.620443853 0.0
488.620443853 0.0
489.620443853 0.0
490.620443853 0.0
491.620443853 0.0
492.620443853 0.0
493.620443853 0.0
494.620443853 0.0
495.620443853 0.0
496.620443853 0.0
497.620443853 0.0
498.620443853 0.0
499.620443853 0.0
500.620443853 0.0
501.620443853 0.0
502.620443853 0.0
503.620443853 0.0
504.620443853 0.0
505.620443853 0.0
506.620443853 0.0
507.620443853 0.0
508.620443853 0.0
509.620443853 0.0
510.620443853 0.0
511.620443853 0.0
512.620443853 0.0
513.620443853 0.0
514.620443853 0.0
515.620443853 0.0
516.620443853 0.0
517.620443853 0.0
518.620443853 0.0
519.620443853 0.0
520.620443853 0.0
521.620443853 0.0
522.620443853 0.0
523.620443853 0.0
524.620443853 0.0
525.620443853 0.0
526.620443853 0.0
527.620443853 0.0
528.620443853 0.0
529.620443853 0.0
530.620443853 0.0
531.620443853 0.0
532.620443853 0.0
533.620443853 0.0
534.620443853 0.0
535.620443853 0.0
536.620443853 0.0
537.620443853 0.0
538.620443853 0.0
539.620443853 0.0
540.620443853 0.0
541.620443853 0.0
542.620443853 0.0
543.620443853 0.0
544.620443853 0.0
545.620443853 0.0
546.620443853 0.0
547.620443853 0.0
548.620443853 0.0
549.620443853 0.0
550.620443853 0.0
551.620443853 0.0
552.620443853 0.0
553.620443853 0.0
554.620443853 0.0
555.620443853 0.0
556.620443853 0.0
557.620443853 0.0
558.620443853 0.0
559.620443853 0.0
560.620443853 0.0
561.620443853 0.0
562.620443853 0.0
563.620443853 0.0
564.620443853 0.0
565.620443853 0.0
566.620443853 0.0
567.620443853 0.0
568.620443853 0.0
569.620443853 0.0
570.620443853 0.0
571.620443853 0.0
572.620443853 0.0
573.620443853 0.0
574.620443853 0.0
575.620443853 0.0
576.620443853 0.0
577.620443853 0.0
578.620443853 0.0
579.620443853 0.0
580.620443853 0.0
581.620443853 0.0
582.620443853 0.0
583.620443853 0.0
584.620443853 0.0
585.620443853 0.0
586.620443853 0.0
587.620443853 0.0
588.620443853 0.0
589.620443853 0.0
590.620443853 0.0
591.620443853 0.0
592.620443853 0.0
593.620443853 0.0
594.620443853 0.0
595.620443853 0.0
596.620443853 0.0
597.620443853 0.0
598.620443853 0.0
599.620443853 0.0
600.620443853 0.0
601.620443853 0.0
602.620443853 0.0
603.620443853 0.0
604.620443853 0.0
605.620443853 0.0
606.620443853 0.0
607.620443853 0.0
608.620443853 0.0
609.620443853 0.0
610.620443853 0.0
611.620443853 0.0
612.620443853 0.0
613.620443853 0.0
614.620443853 0.0
615.620443853 0.0
616.620443853 0.0
617.620443853 0.0
618.620443853 0.0
619.620443853 0.0
620.620443853 0.0
621.620443853 0.0
622.620443853 0.0
623.620443853 0.0
624.620443853 0.0
625.620443853 0.0
626.620443853 0.0
627.620443853 0.0
628.620443853 0.0
629.620443853 0.0
630.620443853 0.0
631.620443853 0.0
632.620443853 0.0
633.620443853 0.0
634.620443853 0.0
635.620443853 0.0
636.620443853 0.0
637.620443853 0.0
638.620443853 0.0
639.620443853 0.0
640.620443853 0.0
641.620443853 0.0
642.620443853 0.0
643.620443853 0.0
644.620443853 0.0
645.620443853 0.0
646.620443853 0.0
647.620443853 0.0
648.620443853 0.0
649.620443853 0.0
650.620443853 0.0
651.620443853 0.0
652.620443853 0.0
653.620443853 0.0
654.620443853 0.0
655.620443853 0.0
656.620443853 0.0
657.620443853 0.0
658.620443853 0.0
659.620443853 0.0
660.620443853 0.0
661.620443853 0.0
662.620443853 0.0
663.620443853 0.0
664.620443853 0.0
665.620443853 0.0
666.620443853 0.0
667.620443853 0.0
668.620443853 0.0
669.620443853 0.0
670.620443853 0.0
671.620443853 0.0
672.620443853 0.0
673.620443853 0.0
674.620443853 0.0
675.620443853 0.0
676.620443853 0.0
677.620443853 0.0
678.620443853 0.0
679.620443853 0.0
680.620443853 0.0
681.620443853 0.0
682.620443853 0.0
683.620443853 0.0
684.620443853 0.0
685.620443853 0.0
686.620443853 0.0
687.620443853 0.0
688.620443853 0.0
689.620443853 0.0
690.620443853 0.0
691.620443853 0.0
692.620443853 0.0
693.620443853 0.0
694.620443853 0.0
695.620443853 0.0
696.620443853 0.0
697.620443853 0.0
698.620443853 0.0
699.620443853 0.0
700.620443853 0.0
701.620443853 0.0
702.620443853 0.0
703.620443853 0.0
704.620443853 0.0
705.620443853 0.0
706.620443853 0.0
707.620443853 0.0
708.620443853 0.0
709.620443853 0.0
710.620443853 0.0
711.620443853 0.0
712.620443853 0.0
713.620443853 0.0
714.620443853 0.0
715.620443853 0.0
716.620443853 0.0
717.620443853 0.0
718.620443853 0.0
719.620443853 0.0
720.620443853 0.0
721.620443853 0.0
722.620443853 0.0
723.620443853 0.0
724.620443853 0.0
725.620443853 0.0
726.620443853 0.0
727.620443853 0.0
728.620443853 0.0
