-537.017761 0.0
-536.017761 0.0
-535.017761 0.0
-534.017761 0.0
-533.017761 0.0
-532.017761 0.0
-531.017761 0.0
-530.017761 0.0
-529.017761 0.0
-528.017761 0.0
-527.017761 0.0
-526.017761 0.0
-525.017761 0.0
-524.017761 0.0
-523.017761 0.0
-522.017761 0.0
-521.017761 0.0
-520.017761 0.0
-519.017761 0.0
-518.017761 0.0
-517.017761 0.0
-516.017761 0.0
-515.017761 0.0
-514.017761 0.0
-513.017761 0.0
-512.017761 0.0
-511.017761 0.0
-510.017761 0.0
-509.017761 0.0
-508.017761 0.0
-507.017761 0.0
-506.017761 0.0
-505.017761 0.0
-504.017761 0.0
-503.017761 0.0
-502.017761 0.0
-501.017761 0.0
-500.017761 0.0
-499.017761 0.0
-498.017761 0.0
-497.017761 0.0
-496.017761 0.0
-495.017761 0.0
-494.017761 0.0
-493.017761 0.0
-492.017761 0.0
-491.017761 0.0
-490.017761 0.0
-489.017761 0.0
-488.017761 0.0
-487.017761 0.0
-486.017761 0.0
-485.017761 0.0
-484.017761 0.0
-483.017761 0.0
-482.017761 0.0
-481.017761 0.0
-480.017761 0.0
-479.017761 0.0
-478.017761 0.0
-477.017761 0.0
-476.017761 0.0
-475.017761 0.0
-474.017761 0.0
-473.017761 0.0
-472.017761 0.0
-471.017761 0.0
-470.017761 0.0
-469.017761 0.0
-468.017761 0.0
-467.017761 0.0
-466.017761 0.0
-465.017761 0.0
-464.017761 0.0
-463.017761 0.0
-462.017761 0.0
-461.017761 0.0
-460.017761 0.0
-459.017761 0.0
-458.017761 0.0
-457.017761 0.0
-456.017761 0.0
-455.017761 0.0
-454.017761 0.0
-453.017761 0.0
-452.017761 0.0
-451.017761 0.0
-450.017761 0.0
-449.017761 0.0
-448.017761 0.0
-447.017761 0.0
-446.017761 0.0
-445.017761 0.0
-444.017761 0.0
-443.017761 0.0
-442.017761 0.0
-441.017761 0.0
-440.017761 0.0
-439.017761 0.0
-438.017761 0.0
-437.017761 0.0
-436.017761 0.0
-435.017761 0.0
-434.017761 0.0
-433.017761 0.0
-432.017761 0.0
-431.017761 0.0
-430.017761 0.0
-429.017761 0.0
-428.017761 0.0
-427.017761 0.0
-426.017761 0.0
-425.017761 0.0
-424.017761 0.0
-423.017761 0.0
-422.017761 0.0
-421.017761 0.0
-420.017761 0.0
-419.017761 0.0
-418.017761 0.0
-417.017761 0.0
-416.017761 0.0
-415.017761 0.0
-414.017761 0.0
-413.017761 0.0
-412.017761 0.0
-411.017761 0.0
-410.017761 0.0
-409.017761 0.0
-408.017761 0.0
-407.017761 0.0
-406.017761 0.0
-405.017761 0.0
-404.017761 0.0
-403.017761 0.0
-402.017761 0.0
-401.017761 0.0
-400.017761 0.0
-399.017761 0.0
-398.017761 0.0
-397.017761 0.0
-396.017761 0.0
-395.017761 0.0
-394.017761 0.0
-393.017761 0.0
-392.017761 0.0
-391.017761 0.0
-390.017761 0.0
-389.017761 0.0
-388.017761 0.0
-387.017761 0.0
-386.017761 0.0
-385.017761 0.0
-384.017761 0.0
-383.017761 0.0
-382.017761 0.0
-381.017761 0.0
-380.017761 0.0
-379.017761 0.0
-378.017761 0.0
-377.017761 0.0
-376.017761 0.0
-375.017761 0.0
-374.017761 0.0
-373.017761 0.0
-372.017761 0.0
-371.017761 0.0
-370.017761 0.0
-369.017761 0.0
-368.017761 0.0
-367.017761 0.0
-366.017761 0.0
-365.017761 0.0
-364.017761 0.0
-363.017761 0.0
-362.017761 0.0
-361.017761 0.0
-360.017761 0.0
-359.017761 0.0
-358.017761 0.0
-357.017761 0.0
-356.017761 0.0
-355.017761 0.0
-354.017761 0.0
-353.017761 0.0
-352.017761 0.0
-351.017761 0.0
-350.017761 0.0
-349.017761 0.0
-348.017761 0.0
-347.017761 0.0
-346.017761 0.0
-345.017761 0.0
-344.017761 0.0
-343.017761 0.0
-342.017761 0.0
-341.017761 0.0
-340.017761 0.0
-339.017761 0.0
-338.017761 0.0
-337.017761 0.0
-336.017761 0.0
-335.017761 0.0
-334.017761 0.0
-333.017761 0.0
-332.017761 0.0
-331.017761 0.0
-330.017761 0.0
-329.017761 0.0
-328.017761 0.0
-327.017761 0.0
-326.017761 0.0
-325.017761 0.0
-324.017761 0.0
-323.017761 0.0
-322.017761 0.0
-321.017761 0.0
-320.017761 0.0
-319.017761 0.0
-318.017761 0.0
-317.017761 0.0
-316.017761 0.0
-315.017761 0.0
-314.017761 0.0
-313.017761 0.0
-312.017761 0.0
-311.017761 0.0
-310.017761 0.0
-309.017761 0.0
-308.017761 0.0
-307.017761 0.0
-306.017761 0.0
-305.017761 0.0
-304.017761 0.0
-303.017761 0.0
-302.017761 0.0
-301.017761 0.0
-300.017761 0.0
-299.017761 0.0
-298.017761 0.0
-297.017761 0.0
-296.017761 0.0
-295.017761 0.0
-294.017761 0.0
-293.017761 0.0
-292.017761 0.0
-291.017761 0.0
-290.017761 0.0
-289.017761 0.0
-288.017761 0.0
-287.017761 0.0
-286.017761 0.0
-285.017761 0.0
-284.017761 0.0
-283.017761 0.0
-282.017761 0.0
-281.017761 0.0
-280.017761 0.0
-279.017761 0.0
-278.017761 0.0
-277.017761 0.0
-276.017761 0.0
-275.017761 0.0
-274.017761 0.0
-273.017761 0.0
-272.017761 0.0
-271.017761 0.0
-270.017761 0.0
-269.017761 0.0
-268.017761 0.0
-267.017761 0.0
-266.017761 0.0
-265.017761 0.0
-264.017761 0.0
-263.017761 0.0
-262.017761 0.0
-261.017761 0.0
-260.017761 0.0
-259.017761 0.0
-258.017761 0.0
-257.017761 0.0
-256.017761 0.0
-255.017761 0.0
-254.017761 0.0
-253.017761 0.0
-252.017761 0.0
-251.017761 0.0
-250.017761 0.0
-249.017761 0.0
-248.017761 0.0
-247.017761 0.0
-246.017761 0.0
-245.017761 0.0
-244.017761 0.0
-243.017761 0.0
-242.017761 0.0
-241.017761 0.0
-240.017761 0.0
-239.017761 0.0
-238.017761 0.0
-237.017761 0.0
-236.017761 0.0
-235.017761 0.0
-234.017761 0.0
-233.017761 0.0
-232.017761 0.0
-231.017761 0.0
-230.017761 0.0
-229.017761 0.0
-228.017761 0.0
-227.017761 0.0
-226.017761 0.0
-225.017761 0.0
-224.017761 0.0
-223.017761 0.0
-222.017761 0.0
-221.017761 0.0
-220.017761 0.0
-219.017761 0.0
-218.017761 0.0
-217.017761 0.0
-216.017761 0.0
-215.017761 0.0
-214.017761 0.0
-213.017761 0.0
-212.017761 0.0
-211.017761 0.0
-210.017761 0.0
-209.017761 0.0
-208.017761 0.0
-207.017761 0.0
-206.017761 0.0
-205.017761 0.0
-204.017761 0.0
-203.017761 0.0
-202.017761 0.0
-201.017761 0.0
-200.017761 0.0
-199.017761 0.0
-198.017761 0.0
-197.017761 0.0
-196.017761 0.0
-195.017761 0.0
-194.017761 0.0
-193.017761 0.0
-192.017761 0.0
-191.017761 0.0
-190.017761 0.0
-189.017761 0.0
-188.017761 0.0
-187.017761 0.0
-186.017761 0.0
-185.017761 0.0
-184.017761 0.0
-183.017761 0.0
-182.017761 0.0
-181.017761 0.0
-180.017761 0.0
-179.017761 0.0
-178.017761 0.0
-177.017761 0.0
-176.017761 0.0
-175.017761 0.0
-174.017761 0.0
-173.017761 0.0
-172.017761 0.0
-171.017761 0.0
-170.017761 0.0
-169.017761 0.0
-168.017761 0.0
-167.017761 0.0
-166.017761 0.0
-165.017761 0.0
-164.017761 0.0
-163.017761 0.0
-162.017761 0.0
-161.017761 0.0
-160.017761 0.0
-159.017761 0.0
-158.017761 0.0
-157.017761 0.0
-156.017761 0.0
-155.017761 0.0
-154.017761 0.0
-153.017761 0.0
-152.017761 0.0
-151.017761 0.0
-150.017761 0.0
-149.017761 0.0
-148.017761 0.0
-147.017761 0.0
-146.017761 0.0
-145.017761 0.0
-144.017761 0.0
-143.017761 0.0
-142.017761 0.0
-141.017761 0.0
-140.017761 0.0
-139.017761 0.0
-138.017761 0.0
-137.017761 0.0
-136.017761 0.0
-135.017761 0.0
-134.017761 0.0
-133.017761 0.0
-132.017761 0.0
-131.017761 0.0
-130.017761 0.0
-129.017761 0.0
-128.017761 0.0
-127.017761 0.0
-126.017761 0.0
-125.017761 0.0
-124.017761 0.0
-123.017761 0.0
-122.017761 0.0
-121.017761 0.0
-120.017761 0.0
-119.017761 0.0
-118.017761 0.0
-117.017761 0.0
-116.017761 0.0
-115.017761 0.0
-114.017761 0.0
-113.017761 0.0
-112.017761 0.0
-111.017761 0.0
-110.017761 0.0
-109.017761 0.0
-108.017761 0.0
-107.017761 0.0
-106.017761 0.0
-105.017761 0.0
-104.017761 0.0
-103.017761 0.0
-102.017761 0.0
-101.017761 0.0
-100.017761 0.0
-99.0177610001 0.0
-98.0177610001 0.0
-97.0177610001 0.0
-96.0177610001 0.0
-95.0177610001 0.0
-94.0177610001 0.0
-93.0177610001 0.0
-92.0177610001 0.0
-91.0177610001 0.0
-90.0177610001 0.0
-89.0177610001 0.0
-88.0177610001 0.0
-87.0177610001 0.0
-86.0177610001 0.0
-85.0177610001 0.0
-84.0177610001 0.0
-83.0177610001 0.0
-82.0177610001 0.0
-81.0177610001 0.0
-80.0177610001 0.0
-79.0177610001 0.0
-78.0177610001 0.0
-77.0177610001 0.0
-76.0177610001 0.0
-75.0177610001 0.0
-74.0177610001 0.0
-73.0177610001 0.0
-72.0177610001 0.0
-71.0177610001 0.0
-70.0177610001 0.0
-69.0177610001 0.0
-68.0177610001 0.0
-67.0177610001 0.0
-66.0177610001 0.0
-65.0177610001 0.0
-64.0177610001 0.0
-63.0177610001 0.0
-62.0177610001 0.0
-61.0177610001 0.0
-60.0177610001 0.0
-59.0177610001 0.0
-58.0177610001 0.0
-57.0177610001 0.0
-56.0177610001 0.0
-55.0177610001 0.0
-54.0177610001 0.0
-53.0177610001 0.0
-52.0177610001 0.0
-51.0177610001 0.0
-50.0177610001 0.0
-49.0177610001 0.0
-48.0177610001 0.0
-47.0177610001 0.0
-46.0177610001 0.0
-45.0177610001 0.0
-44.0177610001 0.0
-43.0177610001 0.0
-42.0177610001 0.0
-41.0177610001 0.0
-40.0177610001 0.0
-39.0177610001 0.0
-38.0177610001 0.0
-37.0177610001 0.000000e+00
-36.863048456 0.000000e+00
-36.7083359119 0.000000e+00
-36.5536233678 0.000000e+00
-36.3989108237 0.000000e+00
-36.2441982796 0.000000e+00
-36.0894857355 0.000000e+00
-35.9347731914 0.000000e+00
-35.7800606473 0.000000e+00
-35.6253481032 0.000000e+00
-35.4706355591 0.000000e+00
-35.315923015 0.000000e+00
-35.1612104709 0.000000e+00
-35.0064979269 0.000000e+00
-34.8517853828 0.000000e+00
-34.6970728387 0.000000e+00
-34.5423602946 0.000000e+00
-34.3876477505 0.000000e+00
-34.2329352064 0.000000e+00
-34.0782226623 0.000000e+00
-33.9235101182 0.000000e+00
-33.7687975741 0.000000e+00
-33.61408503 0.000000e+00
-33.4593724859 0.000000e+00
-33.3046599418 0.000000e+00
-33.1499473977 0.000000e+00
-32.9952348536 0.000000e+00
-32.8405223095 0.000000e+00
-32.6858097655 0.000000e+00
-32.5310972214 0.000000e+00
-32.3763846773 0.000000e+00
-32.2216721332 0.000000e+00
-32.0669595891 0.000000e+00
-31.912247045 0.000000e+00
-31.7575345009 0.000000e+00
-31.6028219568 0.000000e+00
-31.4481094127 0.000000e+00
-31.2933968686 0.000000e+00
-31.1386843245 0.000000e+00
-30.9839717804 0.000000e+00
-30.8292592363 0.000000e+00
-30.6745466922 0.000000e+00
-30.5198341482 0.000000e+00
-30.3651216041 0.000000e+00
-30.21040906 0.000000e+00
-30.0556965159 0.000000e+00
-29.9009839718 0.000000e+00
-29.7462714277 0.000000e+00
-29.5915588836 0.000000e+00
-29.4368463395 0.000000e+00
-29.2821337954 0.000000e+00
-29.1274212513 0.000000e+00
-28.9727087072 0.000000e+00
-28.8179961631 0.000000e+00
-28.663283619 0.000000e+00
-28.5085710749 0.000000e+00
-28.3538585308 0.000000e+00
-28.1991459868 0.000000e+00
-28.0444334427 0.000000e+00
-27.8897208986 0.000000e+00
-27.7350083545 0.000000e+00
-27.5802958104 0.000000e+00
-27.4255832663 0.000000e+00
-27.2708707222 0.000000e+00
-27.1161581781 0.000000e+00
-26.961445634 0.000000e+00
-26.8067330899 0.000000e+00
-26.6520205458 0.000000e+00
-26.4973080017 0.000000e+00
-26.3425954576 0.000000e+00
-26.1878829135 0.000000e+00
-26.0331703695 0.000000e+00
-25.8784578254 0.000000e+00
-25.7237452813 0.000000e+00
-25.5690327372 0.000000e+00
-25.4143201931 0.000000e+00
-25.259607649 0.000000e+00
-25.1048951049 0.000000e+00
-24.9501825608 0.000000e+00
-24.7954700167 0.000000e+00
-24.6407574726 0.000000e+00
-24.4860449285 0.000000e+00
-24.3313323844 0.000000e+00
-24.1766198403 0.000000e+00
-24.0219072962 0.000000e+00
-23.8671947522 0.000000e+00
-23.7124822081 0.000000e+00
-23.557769664 0.000000e+00
-23.4030571199 0.000000e+00
-23.2483445758 0.000000e+00
-23.0936320317 0.000000e+00
-22.9389194876 0.000000e+00
-22.7842069435 0.000000e+00
-22.6294943994 0.000000e+00
-22.4747818553 0.000000e+00
-22.3200693112 0.000000e+00
-22.1653567671 0.000000e+00
-22.010644223 0.000000e+00
-21.8559316789 0.000000e+00
-21.7012191348 0.000000e+00
-21.5465065908 0.000000e+00
-21.3917940467 0.000000e+00
-21.2370815026 0.000000e+00
-21.0823689585 0.000000e+00
-20.9276564144 0.000000e+00
-20.7729438703 0.000000e+00
-20.6182313262 0.000000e+00
-20.4635187821 0.000000e+00
-20.308806238 0.000000e+00
-20.1540936939 0.000000e+00
-19.9993811498 0.000000e+00
-19.8446686057 0.000000e+00
-19.6899560616 0.000000e+00
-19.5352435175 0.000000e+00
-19.3805309735 0.000000e+00
-19.2258184294 0.000000e+00
-19.0711058853 0.000000e+00
-18.9163933412 0.000000e+00
-18.7616807971 0.000000e+00
-18.606968253 0.000000e+00
-18.4522557089 0.000000e+00
-18.2975431648 0.000000e+00
-18.1428306207 0.000000e+00
-17.9881180766 0.000000e+00
-17.8334055325 0.000000e+00
-17.6786929884 0.000000e+00
-17.5239804443 0.000000e+00
-17.3692679002 0.000000e+00
-17.2145553561 0.000000e+00
-17.0598428121 0.000000e+00
-16.905130268 0.000000e+00
-16.7504177239 0.000000e+00
-16.5957051798 0.000000e+00
-16.4409926357 0.000000e+00
-16.2862800916 0.000000e+00
-16.1315675475 0.000000e+00
-15.9768550034 0.000000e+00
-15.8221424593 0.000000e+00
-15.6674299152 0.000000e+00
-15.5127173711 0.000000e+00
-15.358004827 0.000000e+00
-15.2032922829 0.000000e+00
-15.0485797388 0.000000e+00
-14.8938671948 0.000000e+00
-14.7391546507 0.000000e+00
-14.5844421066 0.000000e+00
-14.4297295625 0.000000e+00
-14.2750170184 0.000000e+00
-14.1203044743 0.000000e+00
-13.9655919302 0.000000e+00
-13.8108793861 0.000000e+00
-13.656166842 0.000000e+00
-13.5014542979 0.000000e+00
-13.3467417538 0.000000e+00
-13.1920292097 0.000000e+00
-13.0373166656 0.000000e+00
-12.8826041215 0.000000e+00
-12.7278915774 0.000000e+00
-12.5731790334 0.000000e+00
-12.4184664893 0.000000e+00
-12.2637539452 0.000000e+00
-12.1090414011 0.000000e+00
-11.954328857 0.000000e+00
-11.7996163129 0.000000e+00
-11.6449037688 0.000000e+00
-11.4901912247 0.000000e+00
-11.3354786806 0.000000e+00
-11.1807661365 0.000000e+00
-11.0260535924 0.000000e+00
-10.8713410483 0.000000e+00
-10.7166285042 0.000000e+00
-10.5619159601 0.000000e+00
-10.4072034161 0.000000e+00
-10.252490872 0.000000e+00
-10.0977783279 0.000000e+00
-9.94306578377 0.000000e+00
-9.78835323968 0.000000e+00
-9.63364069559 0.000000e+00
-9.47892815149 0.000000e+00
-9.3242156074 0.000000e+00
-9.16950306331 0.000000e+00
-9.01479051922 0.000000e+00
-8.86007797512 0.000000e+00
-8.70536543103 0.000000e+00
-8.55065288694 0.000000e+00
-8.39594034284 0.000000e+00
-8.24122779875 0.000000e+00
-8.08651525466 0.000000e+00
-7.93180271056 0.000000e+00
-7.77709016647 0.000000e+00
-7.62237762238 0.000000e+00
-7.46766507828 0.000000e+00
-7.31295253419 0.000000e+00
-7.1582399901 0.000000e+00
-7.00352744601 0.000000e+00
-6.84881490191 0.000000e+00
-6.69410235782 0.000000e+00
-6.53938981373 0.000000e+00
-6.38467726963 0.000000e+00
-6.22996472554 0.000000e+00
-6.07525218145 0.000000e+00
-5.92053963735 0.000000e+00
-5.76582709326 0.000000e+00
-5.61111454917 0.000000e+00
-5.45640200507 0.000000e+00
-5.30168946098 0.000000e+00
-5.14697691689 0.000000e+00
-4.9922643728 0.000000e+00
-4.8375518287 0.000000e+00
-4.68283928461 0.000000e+00
-4.52812674052 0.000000e+00
-4.37341419642 0.000000e+00
-4.21870165233 0.000000e+00
-4.06398910824 0.000000e+00
-3.90927656414 0.000000e+00
-3.75456402005 0.000000e+00
-3.59985147596 0.000000e+00
-3.44513893186 0.000000e+00
-3.29042638777 0.000000e+00
-3.13571384368 0.000000e+00
-2.98100129959 0.000000e+00
-2.82628875549 0.000000e+00
-2.6715762114 0.000000e+00
-2.51686366731 0.000000e+00
-2.36215112321 0.000000e+00
-2.20743857912 0.000000e+00
-2.05272603503 0.000000e+00
-1.89801349093 0.000000e+00
-1.74330094684 0.000000e+00
-1.58858840275 0.000000e+00
-1.43387585865 0.000000e+00
-1.27916331456 0.000000e+00
-1.12445077047 0.000000e+00
-0.969738226375 0.000000e+00
-0.815025682282 0.000000e+00
-0.660313138189 0.000000e+00
-0.505600594096 0.000000e+00
-0.350888050003 0.000000e+00
-0.19617550591 0.000000e+00
-0.0414629618169 5.203779e-01
0.113249582276 1.000000e+00
0.267962126369 5.130920e-01
0.422674670462 3.895559e-01
0.577387214555 2.574093e-01
0.732099758648 5.554391e-01
0.886812302742 4.139215e-01
1.04152484683 1.816731e-01
1.19623739093 1.108335e-01
1.35094993502 0.000000e+00
1.50566247911 0.000000e+00
1.66037502321 0.000000e+00
1.8150875673 0.000000e+00
1.96980011139 0.000000e+00
2.12451265549 0.000000e+00
2.27922519958 0.000000e+00
2.43393774367 0.000000e+00
2.58865028777 1.055018e-01
2.74336283186 1.454669e-01
2.89807537595 2.230120e-01
3.05278792004 2.968336e-01
3.20750046414 2.530504e-01
3.36221300823 1.336466e-01
3.51692555232 1.839206e-01
3.67163809642 1.305482e-01
3.82635064051 0.000000e+00
3.9810631846 0.000000e+00
4.1357757287 0.000000e+00
4.29048827279 0.000000e+00
4.44520081688 0.000000e+00
4.59991336098 0.000000e+00
4.75462590507 0.000000e+00
4.90933844916 0.000000e+00
5.06405099325 0.000000e+00
5.21876353735 0.000000e+00
5.37347608144 0.000000e+00
5.52818862553 0.000000e+00
5.68290116963 0.000000e+00
5.83761371372 0.000000e+00
5.99232625781 0.000000e+00
6.14703880191 0.000000e+00
6.301751346 0.000000e+00
6.45646389009 0.000000e+00
6.61117643419 0.000000e+00
6.76588897828 0.000000e+00
6.92060152237 0.000000e+00
7.07531406646 0.000000e+00
7.23002661056 0.000000e+00
7.38473915465 0.000000e+00
7.53945169874 0.000000e+00
7.69416424284 0.000000e+00
7.84887678693 0.000000e+00
8.00358933102 0.000000e+00
8.15830187512 0.000000e+00
8.31301441921 0.000000e+00
8.4677269633 0.000000e+00
8.6224395074 0.000000e+00
8.77715205149 0.000000e+00
8.93186459558 0.000000e+00
9.08657713967 0.000000e+00
9.24128968377 0.000000e+00
9.39600222786 0.000000e+00
9.55071477195 0.000000e+00
9.70542731605 0.000000e+00
9.86013986014 0.000000e+00
10.0148524042 0.000000e+00
10.1695649483 0.000000e+00
10.3242774924 0.000000e+00
10.4789900365 0.000000e+00
10.6337025806 0.000000e+00
10.7884151247 0.000000e+00
10.9431276688 0.000000e+00
11.0978402129 0.000000e+00
11.252552757 0.000000e+00
11.4072653011 0.000000e+00
11.5619778452 0.000000e+00
11.7166903893 0.000000e+00
11.8714029333 0.000000e+00
12.0261154774 0.000000e+00
12.1808280215 0.000000e+00
12.3355405656 0.000000e+00
12.4902531097 0.000000e+00
12.6449656538 0.000000e+00
12.7996781979 0.000000e+00
12.954390742 0.000000e+00
13.1091032861 0.000000e+00
13.2638158302 0.000000e+00
13.4185283743 0.000000e+00
13.5732409184 0.000000e+00
13.7279534625 0.000000e+00
13.8826660066 0.000000e+00
14.0373785507 0.000000e+00
14.1920910947 0.000000e+00
14.3468036388 0.000000e+00
14.5015161829 0.000000e+00
14.656228727 0.000000e+00
14.8109412711 0.000000e+00
14.9656538152 0.000000e+00
15.1203663593 0.000000e+00
15.2750789034 0.000000e+00
15.4297914475 0.000000e+00
15.5845039916 0.000000e+00
15.7392165357 0.000000e+00
15.8939290798 0.000000e+00
16.0486416239 0.000000e+00
16.203354168 0.000000e+00
16.358066712 0.000000e+00
16.5127792561 0.000000e+00
16.6674918002 0.000000e+00
16.8222043443 0.000000e+00
16.9769168884 0.000000e+00
17.1316294325 0.000000e+00
17.2863419766 0.000000e+00
17.4410545207 0.000000e+00
17.5957670648 0.000000e+00
17.7504796089 0.000000e+00
17.905192153 0.000000e+00
18.0599046971 0.000000e+00
18.2146172412 0.000000e+00
18.3693297853 0.000000e+00
18.5240423294 0.000000e+00
18.6787548734 0.000000e+00
18.8334674175 0.000000e+00
18.9881799616 0.000000e+00
19.1428925057 0.000000e+00
19.2976050498 0.000000e+00
19.4523175939 0.000000e+00
19.607030138 0.000000e+00
19.7617426821 0.000000e+00
19.9164552262 0.000000e+00
20.0711677703 0.000000e+00
20.2258803144 0.000000e+00
20.3805928585 0.000000e+00
20.5353054026 0.000000e+00
20.6900179467 0.000000e+00
20.8447304907 0.000000e+00
20.9994430348 0.000000e+00
21.1541555789 0.000000e+00
21.308868123 0.000000e+00
21.4635806671 0.000000e+00
21.6182932112 0.000000e+00
21.7730057553 0.000000e+00
21.9277182994 0.000000e+00
22.0824308435 0.000000e+00
22.2371433876 0.000000e+00
22.3918559317 0.000000e+00
22.5465684758 0.000000e+00
22.7012810199 0.000000e+00
22.855993564 0.000000e+00
23.0107061081 0.000000e+00
23.1654186521 0.000000e+00
23.3201311962 0.000000e+00
23.4748437403 0.000000e+00
23.6295562844 0.000000e+00
23.7842688285 0.000000e+00
23.9389813726 0.000000e+00
24.0936939167 0.000000e+00
24.2484064608 0.000000e+00
24.4031190049 0.000000e+00
24.557831549 0.000000e+00
24.7125440931 0.000000e+00
24.8672566372 0.000000e+00
25.0219691813 0.000000e+00
25.1766817254 0.000000e+00
25.3313942694 0.000000e+00
25.4861068135 0.000000e+00
25.6408193576 0.000000e+00
25.7955319017 0.000000e+00
25.9502444458 0.000000e+00
26.1049569899 0.000000e+00
26.259669534 0.000000e+00
26.4143820781 0.000000e+00
26.5690946222 0.000000e+00
26.7238071663 0.000000e+00
26.8785197104 0.000000e+00
27.0332322545 0.000000e+00
27.1879447986 0.000000e+00
27.3426573427 0.000000e+00
27.4973698868 0.000000e+00
27.6520824308 0.000000e+00
27.8067949749 0.000000e+00
27.961507519 0.000000e+00
28.1162200631 0.000000e+00
28.2709326072 0.000000e+00
28.4256451513 0.000000e+00
28.5803576954 0.000000e+00
28.7350702395 0.000000e+00
28.8897827836 0.000000e+00
29.0444953277 0.000000e+00
29.1992078718 0.000000e+00
29.3539204159 0.000000e+00
29.50863296 0.000000e+00
29.6633455041 0.000000e+00
29.8180580481 0.000000e+00
29.9727705922 0.000000e+00
30.1274831363 0.000000e+00
30.2821956804 0.000000e+00
30.4369082245 0.000000e+00
30.5916207686 0.000000e+00
30.7463333127 0.000000e+00
30.9010458568 0.000000e+00
31.0557584009 0.000000e+00
31.210470945 0.000000e+00
31.3651834891 0.000000e+00
31.5198960332 0.000000e+00
31.6746085773 0.000000e+00
31.8293211214 0.000000e+00
31.9840336654 0.000000e+00
32.1387462095 0.000000e+00
32.2934587536 0.000000e+00
32.4481712977 0.000000e+00
32.6028838418 0.000000e+00
32.7575963859 0.000000e+00
32.91230893 0.000000e+00
33.0670214741 0.000000e+00
33.2217340182 0.000000e+00
33.3764465623 0.000000e+00
33.5311591064 0.000000e+00
33.6858716505 0.000000e+00
33.8405841946 0.000000e+00
33.9952967387 0.000000e+00
34.1500092828 0.000000e+00
34.3047218268 0.000000e+00
34.4594343709 0.000000e+00
34.614146915 0.000000e+00
34.7688594591 0.000000e+00
34.9235720032 0.000000e+00
35.0782845473 0.000000e+00
35.2329970914 0.000000e+00
35.3877096355 0.000000e+00
35.5424221796 0.000000e+00
35.6971347237 0.000000e+00
35.8518472678 0.000000e+00
36.0065598119 0.000000e+00
36.161272356 0.000000e+00
36.3159849001 0.000000e+00
36.4706974441 0.000000e+00
36.6254099882 0.000000e+00
36.7801225323 0.000000e+00
36.9348350764 0.000000e+00
37.0895476205 0.000000e+00
37.2442601646 0.000000e+00
37.3989727087 0.000000e+00
37.5536852528 0.000000e+00
37.7083977969 0.000000e+00
37.863110341 0.000000e+00
38.0178228851 0.000000e+00
38.1725354292 0.000000e+00
38.3272479733 0.000000e+00
38.4819605174 0.000000e+00
38.6366730615 0.000000e+00
38.7913856055 0.000000e+00
38.9460981496 0.000000e+00
39.1008106937 0.000000e+00
39.2555232378 0.000000e+00
39.4102357819 0.000000e+00
39.564948326 0.000000e+00
39.7196608701 0.000000e+00
39.8743734142 0.000000e+00
40.0290859583 0.000000e+00
40.1837985024 0.000000e+00
40.3385110465 0.000000e+00
40.4932235906 0.000000e+00
40.6479361347 0.000000e+00
40.8026486788 0.000000e+00
40.9573612228 0.000000e+00
41.1120737669 0.000000e+00
41.266786311 0.000000e+00
41.4214988551 0.000000e+00
41.5762113992 0.000000e+00
41.7309239433 0.000000e+00
41.8856364874 0.000000e+00
42.0403490315 0.000000e+00
42.1950615756 0.000000e+00
42.3497741197 0.000000e+00
42.5044866638 0.000000e+00
42.6591992079 0.000000e+00
42.813911752 0.000000e+00
42.9686242961 0.000000e+00
43.1233368402 0.000000e+00
43.2780493842 0.000000e+00
43.4327619283 0.000000e+00
43.5874744724 0.000000e+00
43.7421870165 0.000000e+00
43.8968995606 0.000000e+00
44.0516121047 0.000000e+00
44.2063246488 0.000000e+00
44.3610371929 0.000000e+00
44.515749737 0.000000e+00
44.6704622811 0.000000e+00
44.8251748252 0.000000e+00
44.9798873693 0.000000e+00
45.1345999134 0.000000e+00
45.2893124575 0.000000e+00
45.4440250015 0.000000e+00
45.5987375456 0.000000e+00
45.7534500897 0.000000e+00
45.9081626338 0.000000e+00
46.0628751779 0.000000e+00
46.217587722 0.000000e+00
46.3723002661 0.000000e+00
46.5270128102 0.000000e+00
46.6817253543 0.000000e+00
46.8364378984 0.000000e+00
46.9911504425 0.000000e+00
47.1458629866 0.000000e+00
47.3005755307 0.000000e+00
47.4552880748 0.000000e+00
47.6100006189 0.000000e+00
47.7647131629 0.000000e+00
47.919425707 0.000000e+00
48.0741382511 0.000000e+00
48.2288507952 0.000000e+00
48.3835633393 0.000000e+00
48.5382758834 0.000000e+00
48.6929884275 0.000000e+00
48.8477009716 0.000000e+00
49.0024135157 0.000000e+00
49.1571260598 0.000000e+00
49.3118386039 0.000000e+00
49.466551148 0.000000e+00
49.6212636921 0.000000e+00
49.7759762362 0.000000e+00
49.9306887802 0.000000e+00
50.0854013243 0.000000e+00
50.2401138684 0.000000e+00
50.3948264125 0.000000e+00
50.5495389566 0.000000e+00
50.7042515007 0.000000e+00
50.8589640448 0.000000e+00
51.0136765889 0.000000e+00
51.168389133 0.000000e+00
51.3231016771 0.000000e+00
51.4778142212 0.000000e+00
51.6325267653 0.000000e+00
51.7872393094 0.000000e+00
51.9419518535 0.000000e+00
52.0966643975 0.000000e+00
52.2513769416 0.000000e+00
52.4060894857 0.000000e+00
52.5608020298 0.000000e+00
52.7155145739 0.000000e+00
52.870227118 0.000000e+00
53.0249396621 0.000000e+00
53.1796522062 0.000000e+00
53.3343647503 0.000000e+00
53.4890772944 0.000000e+00
53.6437898385 0.000000e+00
53.7985023826 0.000000e+00
53.9532149267 0.000000e+00
54.1079274708 0.000000e+00
54.2626400149 0.000000e+00
54.4173525589 0.000000e+00
54.572065103 0.000000e+00
54.7267776471 0.000000e+00
54.8814901912 0.000000e+00
55.0362027353 0.000000e+00
55.1909152794 0.000000e+00
55.3456278235 0.000000e+00
55.5003403676 0.000000e+00
55.6550529117 0.000000e+00
55.8097654558 0.000000e+00
55.9644779999 0.000000e+00
56.119190544 0.000000e+00
56.2739030881 0.000000e+00
56.4286156322 0.000000e+00
56.5833281762 0.000000e+00
56.7380407203 0.000000e+00
56.8927532644 0.000000e+00
57.0474658085 0.000000e+00
57.2021783526 0.000000e+00
57.3568908967 0.000000e+00
57.5116034408 0.000000e+00
57.6663159849 0.000000e+00
57.821028529 0.000000e+00
57.9757410731 0.000000e+00
58.1304536172 0.000000e+00
58.2851661613 0.000000e+00
58.4398787054 0.000000e+00
58.5945912495 0.000000e+00
58.7493037936 0.000000e+00
58.9040163376 0.000000e+00
59.0587288817 0.000000e+00
59.2134414258 0.000000e+00
59.3681539699 0.000000e+00
59.522866514 0.000000e+00
59.6775790581 0.000000e+00
59.8322916022 0.000000e+00
59.9870041463 0.000000e+00
60.1417166904 0.000000e+00
60.2964292345 0.000000e+00
60.4511417786 0.000000e+00
60.6058543227 0.000000e+00
60.7605668668 0.000000e+00
60.9152794109 0.000000e+00
61.0699919549 0.000000e+00
61.224704499 0.000000e+00
61.3794170431 0.000000e+00
61.5341295872 0.000000e+00
61.6888421313 0.000000e+00
61.8435546754 0.000000e+00
61.9982672195 0.000000e+00
62.1529797636 0.000000e+00
62.3076923077 0.000000e+00
62.4624048518 0.000000e+00
62.6171173959 0.000000e+00
62.77182994 0.000000e+00
62.9265424841 0.000000e+00
63.0812550282 0.000000e+00
63.2359675723 0.000000e+00
63.3906801163 0.000000e+00
63.5453926604 0.000000e+00
63.7001052045 0.000000e+00
63.8548177486 0.000000e+00
64.0095302927 0.000000e+00
64.1642428368 0.000000e+00
64.3189553809 0.000000e+00
64.473667925 0.000000e+00
64.6283804691 0.000000e+00
64.7830930132 0.000000e+00
64.9378055573 0.000000e+00
65.0925181014 0.000000e+00
65.2472306455 0.000000e+00
65.4019431896 0.000000e+00
65.5566557336 0.000000e+00
65.7113682777 0.000000e+00
65.8660808218 0.000000e+00
66.0207933659 0.000000e+00
66.17550591 0.000000e+00
66.3302184541 0.000000e+00
66.4849309982 0.000000e+00
66.6396435423 0.000000e+00
66.7943560864 0.000000e+00
66.9490686305 0.000000e+00
67.1037811746 0.000000e+00
67.2584937187 0.000000e+00
67.4132062628 0.000000e+00
67.5679188069 0.000000e+00
67.7226313509 0.000000e+00
67.877343895 0.000000e+00
68.0320564391 0.000000e+00
68.1867689832 0.000000e+00
68.3414815273 0.000000e+00
68.4961940714 0.000000e+00
68.6509066155 0.000000e+00
68.8056191596 0.000000e+00
68.9603317037 0.000000e+00
69.1150442478 0.000000e+00
69.2697567919 0.000000e+00
69.424469336 0.000000e+00
69.5791818801 0.000000e+00
69.7338944242 0.000000e+00
69.8886069683 0.000000e+00
70.0433195123 0.000000e+00
70.1980320564 0.000000e+00
70.3527446005 0.000000e+00
70.5074571446 0.000000e+00
70.6621696887 0.000000e+00
70.8168822328 0.000000e+00
70.9715947769 0.000000e+00
71.126307321 0.000000e+00
71.2810198651 0.000000e+00
71.4357324092 0.000000e+00
71.5904449533 0.000000e+00
71.7451574974 0.000000e+00
71.8998700415 0.000000e+00
72.0545825856 0.000000e+00
72.2092951296 0.000000e+00
72.3640076737 0.000000e+00
72.5187202178 0.000000e+00
72.6734327619 0.000000e+00
72.828145306 0.000000e+00
72.9828578501 0.000000e+00
73.1375703942 0.000000e+00
73.2922829383 0.000000e+00
73.4469954824 0.000000e+00
73.6017080265 0.000000e+00
73.7564205706 0.000000e+00
73.9111331147 0.000000e+00
74.0658456588 0.000000e+00
74.2205582029 0.000000e+00
74.375270747 0.000000e+00
74.529983291 0.000000e+00
74.6846958351 0.000000e+00
74.8394083792 0.000000e+00
74.9941209233 0.000000e+00
75.1488334674 0.000000e+00
75.3035460115 0.000000e+00
75.4582585556 0.000000e+00
75.6129710997 0.000000e+00
75.7676836438 0.000000e+00
75.9223961879 0.000000e+00
76.077108732 0.000000e+00
76.2318212761 0.000000e+00
76.3865338202 0.000000e+00
76.5412463643 0.000000e+00
76.6959589083 0.000000e+00
76.8506714524 0.000000e+00
77.0053839965 0.000000e+00
77.1600965406 0.000000e+00
77.3148090847 0.000000e+00
77.4695216288 0.000000e+00
77.6242341729 0.000000e+00
77.778946717 0.000000e+00
77.9336592611 0.000000e+00
78.0883718052 0.000000e+00
78.2430843493 0.000000e+00
78.3977968934 0.000000e+00
78.5525094375 0.000000e+00
78.7072219816 0.000000e+00
78.8619345257 0.000000e+00
79.0166470697 0.000000e+00
79.1713596138 0.000000e+00
79.3260721579 0.000000e+00
79.480784702 0.000000e+00
79.6354972461 0.000000e+00
79.7902097902 0.000000e+00
79.9449223343 0.000000e+00
80.0996348784 0.000000e+00
80.2543474225 0.000000e+00
80.4090599666 0.000000e+00
80.5637725107 0.000000e+00
80.7184850548 0.000000e+00
80.8731975989 0.000000e+00
81.027910143 0.000000e+00
81.182622687 0.000000e+00
81.3373352311 0.000000e+00
81.4920477752 0.000000e+00
81.6467603193 0.000000e+00
81.8014728634 0.000000e+00
81.9561854075 0.000000e+00
82.1108979516 0.000000e+00
82.2656104957 0.000000e+00
82.4203230398 0.000000e+00
82.5750355839 0.000000e+00
82.729748128 0.000000e+00
82.8844606721 0.000000e+00
83.0391732162 0.000000e+00
83.1938857603 0.000000e+00
83.3485983044 0.000000e+00
83.5033108484 0.000000e+00
83.6580233925 0.000000e+00
83.8127359366 0.000000e+00
83.9674484807 0.000000e+00
84.1221610248 0.000000e+00
84.2768735689 0.000000e+00
84.431586113 0.000000e+00
84.5862986571 0.000000e+00
84.7410112012 0.000000e+00
84.8957237453 0.000000e+00
85.0504362894 0.000000e+00
85.2051488335 0.000000e+00
85.3598613776 0.000000e+00
85.5145739217 0.000000e+00
85.6692864657 0.000000e+00
85.8239990098 0.000000e+00
85.9787115539 0.000000e+00
86.133424098 0.000000e+00
86.2881366421 0.000000e+00
86.4428491862 0.000000e+00
86.5975617303 0.000000e+00
86.7522742744 0.000000e+00
86.9069868185 0.000000e+00
87.0616993626 0.000000e+00
87.2164119067 0.000000e+00
87.3711244508 0.000000e+00
87.5258369949 0.000000e+00
87.680549539 0.000000e+00
87.835262083 0.000000e+00
87.9899746271 0.000000e+00
88.1446871712 0.000000e+00
88.2993997153 0.000000e+00
88.4541122594 0.000000e+00
88.6088248035 0.000000e+00
88.7635373476 0.000000e+00
88.9182498917 0.000000e+00
89.0729624358 0.000000e+00
89.2276749799 0.000000e+00
89.382387524 0.000000e+00
89.5371000681 0.000000e+00
89.6918126122 0.000000e+00
89.8465251563 0.000000e+00
90.0012377004 0.000000e+00
90.1559502444 0.000000e+00
90.3106627885 0.000000e+00
90.4653753326 0.000000e+00
90.6200878767 0.000000e+00
90.7748004208 0.000000e+00
90.9295129649 0.000000e+00
91.084225509 0.000000e+00
91.2389380531 0.000000e+00
91.3936505972 0.000000e+00
91.5483631413 0.000000e+00
91.7030756854 0.000000e+00
91.8577882295 0.000000e+00
92.0125007736 0.000000e+00
92.1672133177 0.000000e+00
92.3219258617 0.000000e+00
92.4766384058 0.000000e+00
92.6313509499 0.000000e+00
92.786063494 0.000000e+00
92.9407760381 0.000000e+00
93.0954885822 0.000000e+00
93.2502011263 0.000000e+00
93.4049136704 0.000000e+00
93.5596262145 0.000000e+00
93.7143387586 0.000000e+00
93.8690513027 0.000000e+00
94.0237638468 0.000000e+00
94.1784763909 0.000000e+00
94.333188935 0.000000e+00
94.4879014791 0.000000e+00
94.6426140231 0.000000e+00
94.7973265672 0.000000e+00
94.9520391113 0.000000e+00
95.1067516554 0.000000e+00
95.2614641995 0.000000e+00
95.4161767436 0.000000e+00
95.5708892877 0.000000e+00
95.7256018318 0.000000e+00
95.8803143759 0.000000e+00
96.03502692 0.000000e+00
96.1897394641 0.000000e+00
96.3444520082 0.000000e+00
96.4991645523 0.000000e+00
96.6538770964 0.000000e+00
96.8085896404 0.000000e+00
96.9633021845 0.000000e+00
97.1180147286 0.000000e+00
97.2727272727 0.000000e+00
97.4274398168 0.000000e+00
97.5821523609 0.000000e+00
97.736864905 0.000000e+00
97.8915774491 0.000000e+00
98.0462899932 0.000000e+00
98.2010025373 0.000000e+00
98.3557150814 0.000000e+00
98.5104276255 0.000000e+00
98.6651401696 0.000000e+00
98.8198527137 0.000000e+00
98.9745652578 0.000000e+00
99.1292778018 0.000000e+00
99.2839903459 0.000000e+00
99.43870289 0.000000e+00
99.5934154341 0.000000e+00
99.7481279782 0.000000e+00
99.9028405223 0.000000e+00
100.057553066 0.000000e+00
100.21226561 0.000000e+00
100.366978155 0.000000e+00
100.521690699 0.000000e+00
100.676403243 0.000000e+00
100.831115787 0.000000e+00
100.985828331 0.000000e+00
101.140540875 0.000000e+00
101.295253419 0.000000e+00
101.449965963 0.000000e+00
101.604678507 0.000000e+00
101.759391051 0.000000e+00
101.914103596 0.000000e+00
102.06881614 0.000000e+00
102.223528684 0.000000e+00
102.378241228 0.000000e+00
102.532953772 0.000000e+00
102.687666316 0.000000e+00
102.84237886 0.000000e+00
102.997091404 0.000000e+00
103.151803948 0.000000e+00
103.306516492 0.000000e+00
103.461229036 0.000000e+00
103.615941581 0.000000e+00
103.770654125 0.000000e+00
103.925366669 0.000000e+00
104.080079213 0.000000e+00
104.234791757 0.000000e+00
104.389504301 0.000000e+00
104.544216845 0.000000e+00
104.698929389 0.000000e+00
104.853641933 0.000000e+00
105.008354477 0.000000e+00
105.163067021 0.000000e+00
105.317779566 0.000000e+00
105.47249211 0.000000e+00
105.627204654 0.000000e+00
105.781917198 0.000000e+00
105.936629742 0.000000e+00
106.091342286 0.000000e+00
106.24605483 0.000000e+00
106.400767374 0.000000e+00
106.555479918 0.000000e+00
106.710192462 0.000000e+00
106.864905006 0.000000e+00
107.019617551 0.000000e+00
107.174330095 0.000000e+00
107.329042639 0.000000e+00
107.483755183 0.000000e+00
107.638467727 0.000000e+00
107.793180271 0.000000e+00
107.947892815 0.000000e+00
108.102605359 0.000000e+00
108.257317903 0.000000e+00
108.412030447 0.000000e+00
108.566742992 0.000000e+00
108.721455536 0.000000e+00
108.87616808 0.000000e+00
109.030880624 0.000000e+00
109.185593168 0.000000e+00
109.340305712 0.000000e+00
109.495018256 0.000000e+00
109.6497308 0.000000e+00
109.804443344 0.000000e+00
109.959155888 0.000000e+00
110.113868432 0.000000e+00
110.268580977 0.000000e+00
110.423293521 0.000000e+00
110.578006065 0.000000e+00
110.732718609 0.000000e+00
110.887431153 0.000000e+00
111.042143697 0.000000e+00
111.196856241 0.000000e+00
111.351568785 0.000000e+00
111.506281329 0.000000e+00
111.660993873 0.000000e+00
111.815706417 0.000000e+00
111.970418962 0.000000e+00
112.125131506 0.000000e+00
112.27984405 0.000000e+00
112.434556594 0.000000e+00
112.589269138 0.000000e+00
112.743981682 0.000000e+00
112.898694226 0.000000e+00
113.05340677 0.000000e+00
113.208119314 0.000000e+00
113.362831858 0.000000e+00
113.517544403 0.000000e+00
113.672256947 0.000000e+00
113.826969491 0.000000e+00
113.981682035 0.000000e+00
114.136394579 0.000000e+00
114.291107123 0.000000e+00
114.445819667 0.000000e+00
114.600532211 0.000000e+00
114.755244755 0.000000e+00
114.909957299 0.000000e+00
115.064669843 0.000000e+00
115.219382388 0.000000e+00
115.374094932 0.000000e+00
115.528807476 0.000000e+00
115.68352002 0.000000e+00
115.838232564 0.000000e+00
115.992945108 0.000000e+00
116.147657652 0.000000e+00
116.302370196 0.000000e+00
116.45708274 0.000000e+00
116.611795284 0.000000e+00
116.766507828 0.000000e+00
116.921220373 0.000000e+00
117.075932917 0.000000e+00
117.230645461 0.000000e+00
117.385358005 0.000000e+00
117.540070549 0.000000e+00
117.694783093 0.000000e+00
117.849495637 0.000000e+00
118.004208181 0.000000e+00
118.158920725 0.000000e+00
118.313633269 0.000000e+00
118.468345813 0.000000e+00
118.623058358 0.000000e+00
118.777770902 0.000000e+00
118.932483446 0.000000e+00
119.08719599 0.000000e+00
119.241908534 0.000000e+00
119.396621078 0.000000e+00
119.551333622 0.000000e+00
119.706046166 0.000000e+00
119.86075871 0.000000e+00
120.015471254 0.000000e+00
120.170183799 0.000000e+00
120.324896343 0.000000e+00
120.479608887 0.000000e+00
120.634321431 0.000000e+00
120.789033975 0.000000e+00
120.943746519 0.000000e+00
121.098459063 0.000000e+00
121.253171607 0.000000e+00
121.407884151 0.000000e+00
121.562596695 0.000000e+00
121.717309239 0.000000e+00
121.872021784 0.000000e+00
122.026734328 0.000000e+00
122.181446872 0.000000e+00
122.336159416 0.000000e+00
122.49087196 0.000000e+00
122.645584504 0.000000e+00
122.800297048 0.000000e+00
122.955009592 0.000000e+00
123.109722136 0.000000e+00
123.26443468 0.000000e+00
123.419147224 0.000000e+00
123.573859769 0.000000e+00
123.728572313 0.000000e+00
123.883284857 0.000000e+00
124.037997401 0.000000e+00
124.192709945 0.000000e+00
124.347422489 0.000000e+00
124.502135033 0.000000e+00
124.656847577 0.000000e+00
124.811560121 0.000000e+00
124.966272665 0.000000e+00
125.120985209 0.000000e+00
125.275697754 0.000000e+00
125.430410298 0.000000e+00
125.585122842 0.000000e+00
125.739835386 0.000000e+00
125.89454793 0.000000e+00
126.049260474 0.000000e+00
126.203973018 0.000000e+00
126.358685562 0.000000e+00
126.513398106 0.000000e+00
126.66811065 0.000000e+00
126.822823195 0.000000e+00
126.977535739 0.000000e+00
127.132248283 0.000000e+00
127.286960827 0.000000e+00
127.441673371 0.000000e+00
127.596385915 0.000000e+00
127.751098459 0.000000e+00
127.905811003 0.000000e+00
128.060523547 0.000000e+00
128.215236091 0.000000e+00
128.369948635 0.000000e+00
128.52466118 0.000000e+00
128.679373724 0.000000e+00
128.834086268 0.000000e+00
128.988798812 0.000000e+00
129.143511356 0.000000e+00
129.2982239 0.000000e+00
129.452936444 0.000000e+00
129.607648988 0.000000e+00
129.762361532 0.000000e+00
129.917074076 0.000000e+00
130.07178662 0.000000e+00
130.226499165 0.000000e+00
130.381211709 0.000000e+00
130.535924253 0.000000e+00
130.690636797 0.000000e+00
130.845349341 0.000000e+00
131.000061885 0.000000e+00
131.154774429 0.000000e+00
131.309486973 0.000000e+00
131.464199517 0.000000e+00
131.618912061 0.000000e+00
131.773624605 0.000000e+00
131.92833715 0.000000e+00
132.083049694 0.000000e+00
132.237762238 0.000000e+00
132.392474782 0.000000e+00
132.547187326 0.000000e+00
132.70189987 0.000000e+00
132.856612414 0.000000e+00
133.011324958 0.000000e+00
133.166037502 0.000000e+00
133.320750046 0.000000e+00
133.475462591 0.000000e+00
133.630175135 0.000000e+00
133.784887679 0.000000e+00
133.939600223 0.000000e+00
134.094312767 0.000000e+00
134.249025311 0.000000e+00
134.403737855 0.000000e+00
134.558450399 0.000000e+00
134.713162943 0.000000e+00
134.867875487 0.000000e+00
135.022588031 0.000000e+00
135.177300576 0.000000e+00
135.33201312 0.000000e+00
135.486725664 0.000000e+00
135.641438208 0.000000e+00
135.796150752 0.000000e+00
135.950863296 0.000000e+00
136.10557584 0.000000e+00
136.260288384 0.000000e+00
136.415000928 0.000000e+00
136.569713472 0.000000e+00
136.724426016 0.000000e+00
136.879138561 0.000000e+00
137.033851105 0.000000e+00
137.188563649 0.000000e+00
137.343276193 0.000000e+00
137.497988737 0.000000e+00
137.652701281 0.000000e+00
137.807413825 0.000000e+00
137.962126369 0.000000e+00
138.116838913 0.000000e+00
138.271551457 0.000000e+00
138.426264001 0.000000e+00
138.580976546 0.000000e+00
138.73568909 0.000000e+00
138.890401634 0.000000e+00
139.045114178 0.000000e+00
139.199826722 0.000000e+00
139.354539266 0.000000e+00
139.50925181 0.000000e+00
139.663964354 0.000000e+00
139.818676898 0.000000e+00
139.973389442 0.000000e+00
140.128101987 0.000000e+00
140.282814531 0.000000e+00
140.437527075 0.000000e+00
140.592239619 0.000000e+00
140.746952163 0.000000e+00
140.901664707 0.000000e+00
141.056377251 0.000000e+00
141.211089795 0.000000e+00
141.365802339 0.000000e+00
141.520514883 0.000000e+00
141.675227427 0.000000e+00
141.829939972 0.000000e+00
141.984652516 0.000000e+00
142.13936506 0.000000e+00
142.294077604 0.000000e+00
142.448790148 0.000000e+00
142.603502692 0.000000e+00
142.758215236 0.000000e+00
142.91292778 0.000000e+00
143.067640324 0.000000e+00
143.222352868 0.000000e+00
143.377065412 0.000000e+00
143.531777957 0.000000e+00
143.686490501 0.000000e+00
143.841203045 0.000000e+00
143.995915589 0.000000e+00
144.150628133 0.000000e+00
144.305340677 0.000000e+00
144.460053221 0.000000e+00
144.614765765 0.000000e+00
144.769478309 0.000000e+00
144.924190853 0.000000e+00
145.078903397 0.000000e+00
145.233615942 0.000000e+00
145.388328486 0.000000e+00
145.54304103 0.000000e+00
145.697753574 0.000000e+00
145.852466118 0.000000e+00
146.007178662 0.000000e+00
146.161891206 0.000000e+00
146.31660375 0.000000e+00
146.471316294 0.000000e+00
146.626028838 0.000000e+00
146.780741383 0.000000e+00
146.935453927 0.000000e+00
147.090166471 0.000000e+00
147.244879015 0.000000e+00
147.399591559 0.000000e+00
147.554304103 0.000000e+00
147.709016647 0.000000e+00
147.863729191 0.000000e+00
148.018441735 0.000000e+00
148.173154279 0.000000e+00
148.327866823 0.000000e+00
148.482579368 0.000000e+00
148.637291912 0.000000e+00
148.792004456 0.000000e+00
149.792004456 0.0
150.792004456 0.0
151.792004456 0.0
152.792004456 0.0
153.792004456 0.0
154.792004456 0.0
155.792004456 0.0
156.792004456 0.0
157.792004456 0.0
158.792004456 0.0
159.792004456 0.0
160.792004456 0.0
161.792004456 0.0
162.792004456 0.0
163.792004456 0.0
164.792004456 0.0
165.792004456 0.0
166.792004456 0.0
167.792004456 0.0
168.792004456 0.0
169.792004456 0.0
170.792004456 0.0
171.792004456 0.0
172.792004456 0.0
173.792004456 0.0
174.792004456 0.0
175.792004456 0.0
176.792004456 0.0
177.792004456 0.0
178.792004456 0.0
179.792004456 0.0
180.792004456 0.0
181.792004456 0.0
182.792004456 0.0
183.792004456 0.0
184.792004456 0.0
185.792004456 0.0
186.792004456 0.0
187.792004456 0.0
188.792004456 0.0
189.792004456 0.0
190.792004456 0.0
191.792004456 0.0
192.792004456 0.0
193.792004456 0.0
194.792004456 0.0
195.792004456 0.0
196.792004456 0.0
197.792004456 0.0
198.792004456 0.0
199.792004456 0.0
200.792004456 0.0
201.792004456 0.0
202.792004456 0.0
203.792004456 0.0
204.792004456 0.0
205.792004456 0.0
206.792004456 0.0
207.792004456 0.0
208.792004456 0.0
209.792004456 0.0
210.792004456 0.0
211.792004456 0.0
212.792004456 0.0
213.792004456 0.0
214.792004456 0.0
215.792004456 0.0
216.792004456 0.0
217.792004456 0.0
218.792004456 0.0
219.792004456 0.0
220.792004456 0.0
221.792004456 0.0
222.792004456 0.0
223.792004456 0.0
224.792004456 0.0
225.792004456 0.0
226.792004456 0.0
227.792004456 0.0
228.792004456 0.0
229.792004456 0.0
230.792004456 0.0
231.792004456 0.0
232.792004456 0.0
233.792004456 0.0
234.792004456 0.0
235.792004456 0.0
236.792004456 0.0
237.792004456 0.0
238.792004456 0.0
239.792004456 0.0
240.792004456 0.0
241.792004456 0.0
242.792004456 0.0
243.792004456 0.0
244.792004456 0.0
245.792004456 0.0
246.792004456 0.0
247.792004456 0.0
248.792004456 0.0
249.792004456 0.0
250.792004456 0.0
251.792004456 0.0
252.792004456 0.0
253.792004456 0.0
254.792004456 0.0
255.792004456 0.0
256.792004456 0.0
257.792004456 0.0
258.792004456 0.0
259.792004456 0.0
260.792004456 0.0
261.792004456 0.0
262.792004456 0.0
263.792004456 0.0
264.792004456 0.0
265.792004456 0.0
266.792004456 0.0
267.792004456 0.0
268.792004456 0.0
269.792004456 0.0
270.792004456 0.0
271.792004456 0.0
272.792004456 0.0
273.792004456 0.0
274.792004456 0.0
275.792004456 0.0
276.792004456 0.0
277.792004456 0.0
278.792004456 0.0
279.792004456 0.0
280.792004456 0.0
281.792004456 0.0
282.792004456 0.0
283.792004456 0.0
284.792004456 0.0
285.792004456 0.0
286.792004456 0.0
287.792004456 0.0
288.792004456 0.0
289.792004456 0.0
290.792004456 0.0
291.792004456 0.0
292.792004456 0.0
293.792004456 0.0
294.792004456 0.0
295.792004456 0.0
296.792004456 0.0
297.792004456 0.0
298.792004456 0.0
299.792004456 0.0
300.792004456 0.0
301.792004456 0.0
302.792004456 0.0
303.792004456 0.0
304.792004456 0.0
305.792004456 0.0
306.792004456 0.0
307.792004456 0.0
308.792004456 0.0
309.792004456 0.0
310.792004456 0.0
311.792004456 0.0
312.792004456 0.0
313.792004456 0.0
314.792004456 0.0
315.792004456 0.0
316.792004456 0.0
317.792004456 0.0
318.792004456 0.0
319.792004456 0.0
320.792004456 0.0
321.792004456 0.0
322.792004456 0.0
323.792004456 0.0
324.792004456 0.0
325.792004456 0.0
326.792004456 0.0
327.792004456 0.0
328.792004456 0.0
329.792004456 0.0
330.792004456 0.0
331.792004456 0.0
332.792004456 0.0
333.792004456 0.0
334.792004456 0.0
335.792004456 0.0
336.792004456 0.0
337.792004456 0.0
338.792004456 0.0
339.792004456 0.0
340.792004456 0.0
341.792004456 0.0
342.792004456 0.0
343.792004456 0.0
344.792004456 0.0
345.792004456 0.0
346.792004456 0.0
347.792004456 0.0
348.792004456 0.0
349.792004456 0.0
350.792004456 0.0
351.792004456 0.0
352.792004456 0.0
353.792004456 0.0
354.792004456 0.0
355.792004456 0.0
356.792004456 0.0
357.792004456 0.0
358.792004456 0.0
359.792004456 0.0
360.792004456 0.0
361.792004456 0.0
362.792004456 0.0
363.792004456 0.0
364.792004456 0.0
365.792004456 0.0
366.792004456 0.0
367.792004456 0.0
368.792004456 0.0
369.792004456 0.0
370.792004456 0.0
371.792004456 0.0
372.792004456 0.0
373.792004456 0.0
374.792004456 0.0
375.792004456 0.0
376.792004456 0.0
377.792004456 0.0
378.792004456 0.0
379.792004456 0.0
380.792004456 0.0
381.792004456 0.0
382.792004456 0.0
383.792004456 0.0
384.792004456 0.0
385.792004456 0.0
386.792004456 0.0
387.792004456 0.0
388.792004456 0.0
389.792004456 0.0
390.792004456 0.0
391.792004456 0.0
392.792004456 0.0
393.792004456 0.0
394.792004456 0.0
395.792004456 0.0
396.792004456 0.0
397.792004456 0.0
398.792004456 0.0
399.792004456 0.0
400.792004456 0.0
401.792004456 0.0
402.792004456 0.0
403.792004456 0.0
404.792004456 0.0
405.792004456 0.0
406.792004456 0.0
407.792004456 0.0
408.792004456 0.0
409.792004456 0.0
410.792004456 0.0
411.792004456 0.0
412.792004456 0.0
413.792004456 0.0
414.792004456 0.0
415.792004456 0.0
416.792004456 0.0
417.792004456 0.0
418.792004456 0.0
419.792004456 0.0
420.792004456 0.0
421.792004456 0.0
422.792004456 0.0
423.792004456 0.0
424.792004456 0.0
425.792004456 0.0
426.792004456 0.0
427.792004456 0.0
428.792004456 0.0
429.792004456 0.0
430.792004456 0.0
431.792004456 0.0
432.792004456 0.0
433.792004456 0.0
434.792004456 0.0
435.792004456 0.0
436.792004456 0.0
437.792004456 0.0
438.792004456 0.0
439.792004456 0.0
440.792004456 0.0
441.792004456 0.0
442.792004456 0.0
443.792004456 0.0
444.792004456 0.0
445.792004456 0.0
446.792004456 0.0
447.792004456 0.0
448.792004456 0.0
449.792004456 0.0
450.792004456 0.0
451.792004456 0.0
452.792004456 0.0
453.792004456 0.0
454.792004456 0.0
455.792004456 0.0
456.792004456 0.0
457.792004456 0.0
458.792004456 0.0
459.792004456 0.0
460.792004456 0.0
461.792004456 0.0
462.792004456 0.0
463.792004456 0.0
464.792004456 0.0
465.792004456 0.0
466.792004456 0.0
467.792004456 0.0
468.792004456 0.0
469.792004456 0.0
470.792004456 0.0
471.792004456 0.0
472.792004456 0.0
473.792004456 0.0
474.792004456 0.0
475.792004456 0.0
476.792004456 0.0
477.792004456 0.0
478.792004456 0.0
479.792004456 0.0
480.792004456 0.0
481.792004456 0.0
482.792004456 0.0
483.792004456 0.0
484.792004456 0.0
485.792004456 0.0
486.792004456 0.0
487.792004456 0.0
488.792004456 0.0
489.792004456 0.0
490.792004456 0.0
491.792004456 0.0
492.792004456 0.0
493.792004456 0.0
494.792004456 0.0
495.792004456 0.0
496.792004456 0.0
497.792004456 0.0
498.792004456 0.0
499.792004456 0.0
500.792004456 0.0
501.792004456 0.0
502.792004456 0.0
503.792004456 0.0
504.792004456 0.0
505.792004456 0.0
506.792004456 0.0
507.792004456 0.0
508.792004456 0.0
509.792004456 0.0
510.792004456 0.0
511.792004456 0.0
512.792004456 0.0
513.792004456 0.0
514.792004456 0.0
515.792004456 0.0
516.792004456 0.0
517.792004456 0.0
518.792004456 0.0
519.792004456 0.0
520.792004456 0.0
521.792004456 0.0
522.792004456 0.0
523.792004456 0.0
524.792004456 0.0
525.792004456 0.0
526.792004456 0.0
527.792004456 0.0
528.792004456 0.0
529.792004456 0.0
530.792004456 0.0
531.792004456 0.0
532.792004456 0.0
533.792004456 0.0
534.792004456 0.0
535.792004456 0.0
536.792004456 0.0
537.792004456 0.0
538.792004456 0.0
539.792004456 0.0
540.792004456 0.0
541.792004456 0.0
542.792004456 0.0
543.792004456 0.0
544.792004456 0.0
545.792004456 0.0
546.792004456 0.0
547.792004456 0.0
548.792004456 0.0
549.792004456 0.0
550.792004456 0.0
551.792004456 0.0
552.792004456 0.0
553.792004456 0.0
554.792004456 0.0
555.792004456 0.0
556.792004456 0.0
557.792004456 0.0
558.792004456 0.0
559.792004456 0.0
560.792004456 0.0
561.792004456 0.0
562.792004456 0.0
563.792004456 0.0
564.792004456 0.0
565.792004456 0.0
566.792004456 0.0
567.792004456 0.0
568.792004456 0.0
569.792004456 0.0
570.792004456 0.0
571.792004456 0.0
572.792004456 0.0
573.792004456 0.0
574.792004456 0.0
575.792004456 0.0
576.792004456 0.0
577.792004456 0.0
578.792004456 0.0
579.792004456 0.0
580.792004456 0.0
581.792004456 0.0
582.792004456 0.0
583.792004456 0.0
584.792004456 0.0
585.792004456 0.0
586.792004456 0.0
587.792004456 0.0
588.792004456 0.0
589.792004456 0.0
590.792004456 0.0
591.792004456 0.0
592.792004456 0.0
593.792004456 0.0
594.792004456 0.0
595.792004456 0.0
596.792004456 0.0
597.792004456 0.0
598.792004456 0.0
599.792004456 0.0
600.792004456 0.0
601.792004456 0.0
602.792004456 0.0
603.792004456 0.0
604.792004456 0.0
605.792004456 0.0
606.792004456 0.0
607.792004456 0.0
608.792004456 0.0
609.792004456 0.0
610.792004456 0.0
611.792004456 0.0
612.792004456 0.0
613.792004456 0.0
614.792004456 0.0
615.792004456 0.0
616.792004456 0.0
617.792004456 0.0
618.792004456 0.0
619.792004456 0.0
620.792004456 0.0
621.792004456 0.0
622.792004456 0.0
623.792004456 0.0
624.792004456 0.0
625.792004456 0.0
626.792004456 0.0
627.792004456 0.0
628.792004456 0.0
629.792004456 0.0
630.792004456 0.0
631.792004456 0.0
632.792004456 0.0
633.792004456 0.0
634.792004456 0.0
635.792004456 0.0
636.792004456 0.0
637.792004456 0.0
638.792004456 0.0
639.792004456 0.0
640.792004456 0.0
641.792004456 0.0
642.792004456 0.0
643.792004456 0.0
644.792004456 0.0
645.792004456 0.0
646.792004456 0.0
647.792004456 0.0
648.792004456 0.0
