-603.301793044 0.0
-602.301793044 0.0
-601.301793044 0.0
-600.301793044 0.0
-599.301793044 0.0
-598.301793044 0.0
-597.301793044 0.0
-596.301793044 0.0
-595.301793044 0.0
-594.301793044 0.0
-593.301793044 0.0
-592.301793044 0.0
-591.301793044 0.0
-590.301793044 0.0
-589.301793044 0.0
-588.301793044 0.0
-587.301793044 0.0
-586.301793044 0.0
-585.301793044 0.0
-584.301793044 0.0
-583.301793044 0.0
-582.301793044 0.0
-581.301793044 0.0
-580.301793044 0.0
-579.301793044 0.0
-578.301793044 0.0
-577.301793044 0.0
-576.301793044 0.0
-575.301793044 0.0
-574.301793044 0.0
-573.301793044 0.0
-572.301793044 0.0
-571.301793044 0.0
-570.301793044 0.0
-569.301793044 0.0
-568.301793044 0.0
-567.301793044 0.0
-566.301793044 0.0
-565.301793044 0.0
-564.301793044 0.0
-563.301793044 0.0
-562.301793044 0.0
-561.301793044 0.0
-560.301793044 0.0
-559.301793044 0.0
-558.301793044 0.0
-557.301793044 0.0
-556.301793044 0.0
-555.301793044 0.0
-554.301793044 0.0
-553.301793044 0.0
-552.301793044 0.0
-551.301793044 0.0
-550.301793044 0.0
-549.301793044 0.0
-548.301793044 0.0
-547.301793044 0.0
-546.301793044 0.0
-545.301793044 0.0
-544.301793044 0.0
-543.301793044 0.0
-542.301793044 0.0
-541.301793044 0.0
-540.301793044 0.0
-539.301793044 0.0
-538.301793044 0.0
-537.301793044 0.0
-536.301793044 0.0
-535.301793044 0.0
-534.301793044 0.0
-533.301793044 0.0
-532.301793044 0.0
-531.301793044 0.0
-530.301793044 0.0
-529.301793044 0.0
-528.301793044 0.0
-527.301793044 0.0
-526.301793044 0.0
-525.301793044 0.0
-524.301793044 0.0
-523.301793044 0.0
-522.301793044 0.0
-521.301793044 0.0
-520.301793044 0.0
-519.301793044 0.0
-518.301793044 0.0
-517.301793044 0.0
-516.301793044 0.0
-515.301793044 0.0
-514.301793044 0.0
-513.301793044 0.0
-512.301793044 0.0
-511.301793044 0.0
-510.301793044 0.0
-509.301793044 0.0
-508.301793044 0.0
-507.301793044 0.0
-506.301793044 0.0
-505.301793044 0.0
-504.301793044 0.0
-503.301793044 0.0
-502.301793044 0.0
-501.301793044 0.0
-500.301793044 0.0
-499.301793044 0.0
-498.301793044 0.0
-497.301793044 0.0
-496.301793044 0.0
-495.301793044 0.0
-494.301793044 0.0
-493.301793044 0.0
-492.301793044 0.0
-491.301793044 0.0
-490.301793044 0.0
-489.301793044 0.0
-488.301793044 0.0
-487.301793044 0.0
-486.301793044 0.0
-485.301793044 0.0
-484.301793044 0.0
-483.301793044 0.0
-482.301793044 0.0
-481.301793044 0.0
-480.301793044 0.0
-479.301793044 0.0
-478.301793044 0.0
-477.301793044 0.0
-476.301793044 0.0
-475.301793044 0.0
-474.301793044 0.0
-473.301793044 0.0
-472.301793044 0.0
-471.301793044 0.0
-470.301793044 0.0
-469.301793044 0.0
-468.301793044 0.0
-467.301793044 0.0
-466.301793044 0.0
-465.301793044 0.0
-464.301793044 0.0
-463.301793044 0.0
-462.301793044 0.0
-461.301793044 0.0
-460.301793044 0.0
-459.301793044 0.0
-458.301793044 0.0
-457.301793044 0.0
-456.301793044 0.0
-455.301793044 0.0
-454.301793044 0.0
-453.301793044 0.0
-452.301793044 0.0
-451.301793044 0.0
-450.301793044 0.0
-449.301793044 0.0
-448.301793044 0.0
-447.301793044 0.0
-446.301793044 0.0
-445.301793044 0.0
-444.301793044 0.0
-443.301793044 0.0
-442.301793044 0.0
-441.301793044 0.0
-440.301793044 0.0
-439.301793044 0.0
-438.301793044 0.0
-437.301793044 0.0
-436.301793044 0.0
-435.301793044 0.0
-434.301793044 0.0
-433.301793044 0.0
-432.301793044 0.0
-431.301793044 0.0
-430.301793044 0.0
-429.301793044 0.0
-428.301793044 0.0
-427.301793044 0.0
-426.301793044 0.0
-425.301793044 0.0
-424.301793044 0.0
-423.301793044 0.0
-422.301793044 0.0
-421.301793044 0.0
-420.301793044 0.0
-419.301793044 0.0
-418.301793044 0.0
-417.301793044 0.0
-416.301793044 0.0
-415.301793044 0.0
-414.301793044 0.0
-413.301793044 0.0
-412.301793044 0.0
-411.301793044 0.0
-410.301793044 0.0
-409.301793044 0.0
-408.301793044 0.0
-407.301793044 0.0
-406.301793044 0.0
-405.301793044 0.0
-404.301793044 0.0
-403.301793044 0.0
-402.301793044 0.0
-401.301793044 0.0
-400.301793044 0.0
-399.301793044 0.0
-398.301793044 0.0
-397.301793044 0.0
-396.301793044 0.0
-395.301793044 0.0
-394.301793044 0.0
-393.301793044 0.0
-392.301793044 0.0
-391.301793044 0.0
-390.301793044 0.0
-389.301793044 0.0
-388.301793044 0.0
-387.301793044 0.0
-386.301793044 0.0
-385.301793044 0.0
-384.301793044 0.0
-383.301793044 0.0
-382.301793044 0.0
-381.301793044 0.0
-380.301793044 0.0
-379.301793044 0.0
-378.301793044 0.0
-377.301793044 0.0
-376.301793044 0.0
-375.301793044 0.0
-374.301793044 0.0
-373.301793044 0.0
-372.301793044 0.0
-371.301793044 0.0
-370.301793044 0.0
-369.301793044 0.0
-368.301793044 0.0
-367.301793044 0.0
-366.301793044 0.0
-365.301793044 0.0
-364.301793044 0.0
-363.301793044 0.0
-362.301793044 0.0
-361.301793044 0.0
-360.301793044 0.0
-359.301793044 0.0
-358.301793044 0.0
-357.301793044 0.0
-356.301793044 0.0
-355.301793044 0.0
-354.301793044 0.0
-353.301793044 0.0
-352.301793044 0.0
-351.301793044 0.0
-350.301793044 0.0
-349.301793044 0.0
-348.301793044 0.0
-347.301793044 0.0
-346.301793044 0.0
-345.301793044 0.0
-344.301793044 0.0
-343.301793044 0.0
-342.301793044 0.0
-341.301793044 0.0
-340.301793044 0.0
-339.301793044 0.0
-338.301793044 0.0
-337.301793044 0.0
-336.301793044 0.0
-335.301793044 0.0
-334.301793044 0.0
-333.301793044 0.0
-332.301793044 0.0
-331.301793044 0.0
-330.301793044 0.0
-329.301793044 0.0
-328.301793044 0.0
-327.301793044 0.0
-326.301793044 0.0
-325.301793044 0.0
-324.301793044 0.0
-323.301793044 0.0
-322.301793044 0.0
-321.301793044 0.0
-320.301793044 0.0
-319.301793044 0.0
-318.301793044 0.0
-317.301793044 0.0
-316.301793044 0.0
-315.301793044 0.0
-314.301793044 0.0
-313.301793044 0.0
-312.301793044 0.0
-311.301793044 0.0
-310.301793044 0.0
-309.301793044 0.0
-308.301793044 0.0
-307.301793044 0.0
-306.301793044 0.0
-305.301793044 0.0
-304.301793044 0.0
-303.301793044 0.0
-302.301793044 0.0
-301.301793044 0.0
-300.301793044 0.0
-299.301793044 0.0
-298.301793044 0.0
-297.301793044 0.0
-296.301793044 0.0
-295.301793044 0.0
-294.301793044 0.0
-293.301793044 0.0
-292.301793044 0.0
-291.301793044 0.0
-290.301793044 0.0
-289.301793044 0.0
-288.301793044 0.0
-287.301793044 0.0
-286.301793044 0.0
-285.301793044 0.0
-284.301793044 0.0
-283.301793044 0.0
-282.301793044 0.0
-281.301793044 0.0
-280.301793044 0.0
-279.301793044 0.0
-278.301793044 0.0
-277.301793044 0.0
-276.301793044 0.0
-275.301793044 0.0
-274.301793044 0.0
-273.301793044 0.0
-272.301793044 0.0
-271.301793044 0.0
-270.301793044 0.0
-269.301793044 0.0
-268.301793044 0.0
-267.301793044 0.0
-266.301793044 0.0
-265.301793044 0.0
-264.301793044 0.0
-263.301793044 0.0
-262.301793044 0.0
-261.301793044 0.0
-260.301793044 0.0
-259.301793044 0.0
-258.301793044 0.0
-257.301793044 0.0
-256.301793044 0.0
-255.301793044 0.0
-254.301793044 0.0
-253.301793044 0.0
-252.301793044 0.0
-251.301793044 0.0
-250.301793044 0.0
-249.301793044 0.0
-248.301793044 0.0
-247.301793044 0.0
-246.301793044 0.0
-245.301793044 0.0
-244.301793044 0.0
-243.301793044 0.0
-242.301793044 0.0
-241.301793044 0.0
-240.301793044 0.0
-239.301793044 0.0
-238.301793044 0.0
-237.301793044 0.0
-236.301793044 0.0
-235.301793044 0.0
-234.301793044 0.0
-233.301793044 0.0
-232.301793044 0.0
-231.301793044 0.0
-230.301793044 0.0
-229.301793044 0.0
-228.301793044 0.0
-227.301793044 0.0
-226.301793044 0.0
-225.301793044 0.0
-224.301793044 0.0
-223.301793044 0.0
-222.301793044 0.0
-221.301793044 0.0
-220.301793044 0.0
-219.301793044 0.0
-218.301793044 0.0
-217.301793044 0.0
-216.301793044 0.0
-215.301793044 0.0
-214.301793044 0.0
-213.301793044 0.0
-212.301793044 0.0
-211.301793044 0.0
-210.301793044 0.0
-209.301793044 0.0
-208.301793044 0.0
-207.301793044 0.0
-206.301793044 0.0
-205.301793044 0.0
-204.301793044 0.0
-203.301793044 0.0
-202.301793044 0.0
-201.301793044 0.0
-200.301793044 0.0
-199.301793044 0.0
-198.301793044 0.0
-197.301793044 0.0
-196.301793044 0.0
-195.301793044 0.0
-194.301793044 0.0
-193.301793044 0.0
-192.301793044 0.0
-191.301793044 0.0
-190.301793044 0.0
-189.301793044 0.0
-188.301793044 0.0
-187.301793044 0.0
-186.301793044 0.0
-185.301793044 0.0
-184.301793044 0.0
-183.301793044 0.0
-182.301793044 0.0
-181.301793044 0.0
-180.301793044 0.0
-179.301793044 0.0
-178.301793044 0.0
-177.301793044 0.0
-176.301793044 0.0
-175.301793044 0.0
-174.301793044 0.0
-173.301793044 0.0
-172.301793044 0.0
-171.301793044 0.0
-170.301793044 0.0
-169.301793044 0.0
-168.301793044 0.0
-167.301793044 0.0
-166.301793044 0.0
-165.301793044 0.0
-164.301793044 0.0
-163.301793044 0.0
-162.301793044 0.0
-161.301793044 0.0
-160.301793044 0.0
-159.301793044 0.0
-158.301793044 0.0
-157.301793044 0.0
-156.301793044 0.0
-155.301793044 0.0
-154.301793044 0.0
-153.301793044 0.0
-152.301793044 0.0
-151.301793044 0.0
-150.301793044 0.0
-149.301793044 0.0
-148.301793044 0.0
-147.301793044 0.0
-146.301793044 0.0
-145.301793044 0.0
-144.301793044 0.0
-143.301793044 0.0
-142.301793044 0.0
-141.301793044 0.0
-140.301793044 0.0
-139.301793044 0.0
-138.301793044 0.0
-137.301793044 0.0
-136.301793044 0.0
-135.301793044 0.0
-134.301793044 0.0
-133.301793044 0.0
-132.301793044 0.0
-131.301793044 0.0
-130.301793044 0.0
-129.301793044 0.0
-128.301793044 0.0
-127.301793044 0.0
-126.301793044 0.0
-125.301793044 0.0
-124.301793044 0.0
-123.301793044 0.0
-122.301793044 0.0
-121.301793044 0.0
-120.301793044 0.0
-119.301793044 0.0
-118.301793044 0.0
-117.301793044 0.0
-116.301793044 0.0
-115.301793044 0.0
-114.301793044 0.0
-113.301793044 0.0
-112.301793044 0.0
-111.301793044 0.0
-110.301793044 0.0
-109.301793044 0.0
-108.301793044 0.0
-107.301793044 0.0
-106.301793044 0.0
-105.301793044 0.0
-104.301793044 0.0
-103.301793044 0.000000e+00
-102.869734284 0.000000e+00
-102.437675524 0.000000e+00
-102.005616764 0.000000e+00
-101.573558004 0.000000e+00
-101.141499244 0.000000e+00
-100.709440484 0.000000e+00
-100.277381724 0.000000e+00
-99.8453229639 0.000000e+00
-99.4132642039 0.000000e+00
-98.9812054439 0.000000e+00
-98.5491466839 0.000000e+00
-98.117087924 0.000000e+00
-97.685029164 0.000000e+00
-97.252970404 0.000000e+00
-96.820911644 0.000000e+00
-96.388852884 0.000000e+00
-95.956794124 0.000000e+00
-95.524735364 0.000000e+00
-95.092676604 0.000000e+00
-94.660617844 0.000000e+00
-94.228559084 0.000000e+00
-93.796500324 0.000000e+00
-93.3644415641 0.000000e+00
-92.9323828041 0.000000e+00
-92.5003240441 0.000000e+00
-92.0682652841 0.000000e+00
-91.6362065241 0.000000e+00
-91.2041477641 0.000000e+00
-90.7720890041 0.000000e+00
-90.3400302441 0.000000e+00
-89.9079714841 0.000000e+00
-89.4759127241 0.000000e+00
-89.0438539641 0.000000e+00
-88.6117952041 0.000000e+00
-88.1797364442 0.000000e+00
-87.7476776842 0.000000e+00
-87.3156189242 0.000000e+00
-86.8835601642 0.000000e+00
-86.4515014042 0.000000e+00
-86.0194426442 0.000000e+00
-85.5873838842 0.000000e+00
-85.1553251242 0.000000e+00
-84.7232663642 0.000000e+00
-84.2912076042 0.000000e+00
-83.8591488442 0.000000e+00
-83.4270900843 0.000000e+00
-82.9950313243 0.000000e+00
-82.5629725643 0.000000e+00
-82.1309138043 0.000000e+00
-81.6988550443 0.000000e+00
-81.2667962843 0.000000e+00
-80.8347375243 0.000000e+00
-80.4026787643 0.000000e+00
-79.9706200043 0.000000e+00
-79.5385612443 0.000000e+00
-79.1065024843 0.000000e+00
-78.6744437243 0.000000e+00
-78.2423849644 0.000000e+00
-77.8103262044 0.000000e+00
-77.3782674444 0.000000e+00
-76.9462086844 0.000000e+00
-76.5141499244 0.000000e+00
-76.0820911644 0.000000e+00
-75.6500324044 0.000000e+00
-75.2179736444 0.000000e+00
-74.7859148844 0.000000e+00
-74.3538561244 0.000000e+00
-73.9217973644 0.000000e+00
-73.4897386045 0.000000e+00
-73.0576798445 0.000000e+00
-72.6256210845 0.000000e+00
-72.1935623245 0.000000e+00
-71.7615035645 0.000000e+00
-71.3294448045 0.000000e+00
-70.8973860445 0.000000e+00
-70.4653272845 0.000000e+00
-70.0332685245 0.000000e+00
-69.6012097645 0.000000e+00
-69.1691510045 0.000000e+00
-68.7370922445 0.000000e+00
-68.3050334846 0.000000e+00
-67.8729747246 0.000000e+00
-67.4409159646 0.000000e+00
-67.0088572046 0.000000e+00
-66.5767984446 0.000000e+00
-66.1447396846 0.000000e+00
-65.7126809246 0.000000e+00
-65.2806221646 0.000000e+00
-64.8485634046 0.000000e+00
-64.4165046446 0.000000e+00
-63.9844458846 0.000000e+00
-63.5523871246 0.000000e+00
-63.1203283647 0.000000e+00
-62.6882696047 0.000000e+00
-62.2562108447 0.000000e+00
-61.8241520847 0.000000e+00
-61.3920933247 0.000000e+00
-60.9600345647 0.000000e+00
-60.5279758047 0.000000e+00
-60.0959170447 0.000000e+00
-59.6638582847 0.000000e+00
-59.2317995247 0.000000e+00
-58.7997407647 0.000000e+00
-58.3676820048 0.000000e+00
-57.9356232448 0.000000e+00
-57.5035644848 0.000000e+00
-57.0715057248 0.000000e+00
-56.6394469648 0.000000e+00
-56.2073882048 0.000000e+00
-55.7753294448 0.000000e+00
-55.3432706848 0.000000e+00
-54.9112119248 0.000000e+00
-54.4791531648 0.000000e+00
-54.0470944048 0.000000e+00
-53.6150356448 0.000000e+00
-53.1829768849 0.000000e+00
-52.7509181249 0.000000e+00
-52.3188593649 0.000000e+00
-51.8868006049 0.000000e+00
-51.4547418449 0.000000e+00
-51.0226830849 0.000000e+00
-50.5906243249 0.000000e+00
-50.1585655649 0.000000e+00
-49.7265068049 0.000000e+00
-49.2944480449 0.000000e+00
-48.8623892849 0.000000e+00
-48.430330525 0.000000e+00
-47.998271765 0.000000e+00
-47.566213005 0.000000e+00
-47.134154245 0.000000e+00
-46.702095485 0.000000e+00
-46.270036725 0.000000e+00
-45.837977965 0.000000e+00
-45.405919205 0.000000e+00
-44.973860445 0.000000e+00
-44.541801685 0.000000e+00
-44.109742925 0.000000e+00
-43.677684165 0.000000e+00
-43.2456254051 0.000000e+00
-42.8135666451 0.000000e+00
-42.3815078851 0.000000e+00
-41.9494491251 0.000000e+00
-41.5173903651 0.000000e+00
-41.0853316051 0.000000e+00
-40.6532728451 0.000000e+00
-40.2212140851 0.000000e+00
-39.7891553251 0.000000e+00
-39.3570965651 0.000000e+00
-38.9250378051 0.000000e+00
-38.4929790452 0.000000e+00
-38.0609202852 0.000000e+00
-37.6288615252 0.000000e+00
-37.1968027652 0.000000e+00
-36.7647440052 0.000000e+00
-36.3326852452 0.000000e+00
-35.9006264852 0.000000e+00
-35.4685677252 0.000000e+00
-35.0365089652 0.000000e+00
-34.6044502052 0.000000e+00
-34.1723914452 0.000000e+00
-33.7403326852 0.000000e+00
-33.3082739253 0.000000e+00
-32.8762151653 0.000000e+00
-32.4441564053 0.000000e+00
-32.0120976453 0.000000e+00
-31.5800388853 0.000000e+00
-31.1479801253 0.000000e+00
-30.7159213653 0.000000e+00
-30.2838626053 0.000000e+00
-29.8518038453 0.000000e+00
-29.4197450853 0.000000e+00
-28.9876863253 0.000000e+00
-28.5556275653 0.000000e+00
-28.1235688054 0.000000e+00
-27.6915100454 0.000000e+00
-27.2594512854 0.000000e+00
-26.8273925254 0.000000e+00
-26.3953337654 0.000000e+00
-25.9632750054 0.000000e+00
-25.5312162454 0.000000e+00
-25.0991574854 0.000000e+00
-24.6670987254 0.000000e+00
-24.2350399654 0.000000e+00
-23.8029812054 0.000000e+00
-23.3709224455 0.000000e+00
-22.9388636855 0.000000e+00
-22.5068049255 0.000000e+00
-22.0747461655 0.000000e+00
-21.6426874055 0.000000e+00
-21.2106286455 0.000000e+00
-20.7785698855 0.000000e+00
-20.3465111255 0.000000e+00
-19.9144523655 0.000000e+00
-19.4823936055 0.000000e+00
-19.0503348455 0.000000e+00
-18.6182760855 0.000000e+00
-18.1862173256 0.000000e+00
-17.7541585656 0.000000e+00
-17.3220998056 0.000000e+00
-16.8900410456 0.000000e+00
-16.4579822856 0.000000e+00
-16.0259235256 0.000000e+00
-15.5938647656 0.000000e+00
-15.1618060056 0.000000e+00
-14.7297472456 0.000000e+00
-14.2976884856 0.000000e+00
-13.8656297256 0.000000e+00
-13.4335709657 0.000000e+00
-13.0015122057 0.000000e+00
-12.5694534457 0.000000e+00
-12.1373946857 0.000000e+00
-11.7053359257 0.000000e+00
-11.2732771657 0.000000e+00
-10.8412184057 0.000000e+00
-10.4091596457 0.000000e+00
-9.97710088572 0.000000e+00
-9.54504212573 0.000000e+00
-9.11298336574 0.000000e+00
-8.68092460575 0.000000e+00
-8.24886584576 0.000000e+00
-7.81680708576 0.000000e+00
-7.38474832577 0.000000e+00
-6.95268956578 0.000000e+00
-6.52063080579 0.000000e+00
-6.0885720458 0.000000e+00
-5.65651328581 0.000000e+00
-5.22445452582 0.000000e+00
-4.79239576582 0.000000e+00
-4.36033700583 0.000000e+00
-3.92827824584 0.000000e+00
-3.49621948585 0.000000e+00
-3.06416072586 0.000000e+00
-2.63210196587 0.000000e+00
-2.20004320588 0.000000e+00
-1.76798444588 0.000000e+00
-1.33592568589 0.000000e+00
-0.903866925902 0.000000e+00
-0.471808165911 0.000000e+00
-0.0397494059192 4.905068e-02
0.392309354072 6.652515e-02
0.824368114064 7.350776e-02
1.25642687405 7.673906e-02
1.68848563405 4.877068e-02
2.12054439404 3.595216e-02
2.55260315403 2.247390e-02
2.98466191402 1.137159e-02
3.41672067401 9.504570e-03
3.848779434 9.495374e-03
4.28083819399 0.000000e+00
4.71289695399 0.000000e+00
5.14495571398 0.000000e+00
5.57701447397 0.000000e+00
6.00907323396 0.000000e+00
6.44113199395 0.000000e+00
6.87319075394 0.000000e+00
7.30524951393 0.000000e+00
7.73730827393 0.000000e+00
8.16936703392 0.000000e+00
8.60142579391 0.000000e+00
9.0334845539 0.000000e+00
9.46554331389 0.000000e+00
9.89760207388 0.000000e+00
10.3296608339 0.000000e+00
10.7617195939 0.000000e+00
11.1937783539 0.000000e+00
11.6258371138 0.000000e+00
12.0578958738 0.000000e+00
12.4899546338 0.000000e+00
12.9220133938 0.000000e+00
13.3540721538 0.000000e+00
13.7861309138 0.000000e+00
14.2181896738 0.000000e+00
14.6502484338 0.000000e+00
15.0823071938 0.000000e+00
15.5143659538 0.000000e+00
15.9464247138 0.000000e+00
16.3784834738 0.000000e+00
16.8105422337 0.000000e+00
17.2426009937 0.000000e+00
17.6746597537 0.000000e+00
18.1067185137 0.000000e+00
18.5387772737 0.000000e+00
18.9708360337 0.000000e+00
19.4028947937 0.000000e+00
19.8349535537 0.000000e+00
20.2670123137 0.000000e+00
20.6990710737 0.000000e+00
21.1311298337 0.000000e+00
21.5631885936 0.000000e+00
21.9952473536 0.000000e+00
22.4273061136 0.000000e+00
22.8593648736 9.994271e-03
23.2914236336 1.058121e-02
23.7234823936 1.546795e-02
24.1555411536 1.493299e-02
24.5875999136 1.789518e-02
25.0196586736 2.618691e-02
25.4517174336 2.547740e-02
25.8837761936 3.605422e-02
26.3158349536 7.610210e-02
26.7478937135 2.773968e-01
27.1799524735 2.336505e-01
27.6120112335 1.818581e-01
28.0440699935 1.497859e-01
28.4761287535 1.722595e-01
28.9081875135 2.359539e-01
29.3402462735 4.364592e-01
29.7723050335 4.237150e-01
30.2043637935 3.558932e-01
30.6364225535 4.011695e-01
31.0684813135 4.848462e-01
31.5005400734 6.167377e-01
31.9325988334 6.680199e-01
32.3646575934 1.000000e+00
32.7967163534 4.844182e-01
33.2287751134 2.304457e-01
33.6608338734 1.569329e-01
34.0928926334 1.043990e-01
34.5249513934 8.051336e-02
34.9570101534 5.652673e-02
35.3890689134 5.160916e-02
35.8211276734 3.896585e-02
36.2531864334 3.560338e-02
36.6852451933 3.334829e-02
37.1173039533 2.219302e-02
37.5493627133 2.554514e-02
37.9814214733 2.509144e-02
38.4134802333 2.049816e-02
38.8455389933 2.780191e-02
39.2775977533 2.520671e-02
39.7096565133 2.898324e-02
40.1417152733 3.800810e-02
40.5737740333 2.737946e-02
41.0058327933 1.975812e-02
41.4378915533 2.455341e-02
41.8699503132 1.237772e-02
42.3020090732 1.775757e-02
42.7340678332 1.881173e-02
43.1661265932 9.634939e-03
43.5981853532 1.334323e-02
44.0302441132 0.000000e+00
44.4623028732 0.000000e+00
44.8943616332 1.145762e-02
45.3264203932 1.061731e-02
45.7584791532 0.000000e+00
46.1905379132 0.000000e+00
46.6225966731 0.000000e+00
47.0546554331 0.000000e+00
47.4867141931 0.000000e+00
47.9187729531 0.000000e+00
48.3508317131 1.239436e-02
48.7828904731 0.000000e+00
49.2149492331 0.000000e+00
49.6470079931 0.000000e+00
50.0790667531 1.342864e-02
50.5111255131 0.000000e+00
50.9431842731 1.057082e-02
51.3752430331 0.000000e+00
51.807301793 0.000000e+00
52.239360553 0.000000e+00
52.671419313 0.000000e+00
53.103478073 0.000000e+00
53.535536833 0.000000e+00
53.967595593 0.000000e+00
54.399654353 0.000000e+00
54.831713113 0.000000e+00
55.263771873 0.000000e+00
55.695830633 0.000000e+00
56.127889393 0.000000e+00
56.5599481529 0.000000e+00
56.9920069129 0.000000e+00
57.4240656729 0.000000e+00
57.8561244329 0.000000e+00
58.2881831929 0.000000e+00
58.7202419529 0.000000e+00
59.1523007129 0.000000e+00
59.5843594729 0.000000e+00
60.0164182329 0.000000e+00
60.4484769929 0.000000e+00
60.8805357529 0.000000e+00
61.3125945129 0.000000e+00
61.7446532728 0.000000e+00
62.1767120328 0.000000e+00
62.6087707928 0.000000e+00
63.0408295528 0.000000e+00
63.4728883128 0.000000e+00
63.9049470728 0.000000e+00
64.3370058328 0.000000e+00
64.7690645928 0.000000e+00
65.2011233528 0.000000e+00
65.6331821128 0.000000e+00
66.0652408728 0.000000e+00
66.4972996328 0.000000e+00
66.9293583927 0.000000e+00
67.3614171527 0.000000e+00
67.7934759127 0.000000e+00
68.2255346727 0.000000e+00
68.6575934327 0.000000e+00
69.0896521927 0.000000e+00
69.5217109527 0.000000e+00
69.9537697127 0.000000e+00
70.3858284727 0.000000e+00
70.8178872327 0.000000e+00
71.2499459927 0.000000e+00
71.6820047526 0.000000e+00
72.1140635126 0.000000e+00
72.5461222726 0.000000e+00
72.9781810326 0.000000e+00
73.4102397926 0.000000e+00
73.8422985526 0.000000e+00
74.2743573126 0.000000e+00
74.7064160726 0.000000e+00
75.1384748326 0.000000e+00
75.5705335926 0.000000e+00
76.0025923526 0.000000e+00
76.4346511126 0.000000e+00
76.8667098725 0.000000e+00
77.2987686325 0.000000e+00
77.7308273925 0.000000e+00
78.1628861525 0.000000e+00
78.5949449125 0.000000e+00
79.0270036725 0.000000e+00
79.4590624325 0.000000e+00
79.8911211925 0.000000e+00
80.3231799525 0.000000e+00
80.7552387125 0.000000e+00
81.1872974725 0.000000e+00
81.6193562324 0.000000e+00
82.0514149924 0.000000e+00
82.4834737524 0.000000e+00
82.9155325124 0.000000e+00
83.3475912724 0.000000e+00
83.7796500324 0.000000e+00
84.2117087924 0.000000e+00
84.6437675524 0.000000e+00
85.0758263124 0.000000e+00
85.5078850724 0.000000e+00
85.9399438324 0.000000e+00
86.3720025924 0.000000e+00
86.8040613523 0.000000e+00
87.2361201123 0.000000e+00
87.6681788723 0.000000e+00
88.1002376323 0.000000e+00
88.5322963923 0.000000e+00
88.9643551523 0.000000e+00
89.3964139123 0.000000e+00
89.8284726723 0.000000e+00
90.2605314323 0.000000e+00
90.6925901923 0.000000e+00
91.1246489523 0.000000e+00
91.5567077122 0.000000e+00
91.9887664722 0.000000e+00
92.4208252322 0.000000e+00
92.8528839922 0.000000e+00
93.2849427522 0.000000e+00
93.7170015122 0.000000e+00
94.1490602722 0.000000e+00
94.5811190322 0.000000e+00
95.0131777922 0.000000e+00
95.4452365522 0.000000e+00
95.8772953122 0.000000e+00
96.3093540722 0.000000e+00
96.7414128321 0.000000e+00
97.1734715921 0.000000e+00
97.6055303521 0.000000e+00
98.0375891121 0.000000e+00
98.4696478721 0.000000e+00
98.9017066321 0.000000e+00
99.3337653921 0.000000e+00
99.7658241521 0.000000e+00
100.197882912 0.000000e+00
100.629941672 0.000000e+00
101.062000432 0.000000e+00
101.494059192 0.000000e+00
101.926117952 0.000000e+00
102.358176712 0.000000e+00
102.790235472 0.000000e+00
103.222294232 0.000000e+00
103.654352992 0.000000e+00
104.086411752 0.000000e+00
104.518470512 0.000000e+00
104.950529272 0.000000e+00
105.382588032 0.000000e+00
105.814646792 0.000000e+00
106.246705552 0.000000e+00
106.678764312 0.000000e+00
107.110823072 0.000000e+00
107.542881832 0.000000e+00
107.974940592 0.000000e+00
108.406999352 0.000000e+00
108.839058112 0.000000e+00
109.271116872 0.000000e+00
109.703175632 0.000000e+00
110.135234392 0.000000e+00
110.567293152 0.000000e+00
110.999351912 0.000000e+00
111.431410672 0.000000e+00
111.863469432 0.000000e+00
112.295528192 0.000000e+00
112.727586952 0.000000e+00
113.159645712 0.000000e+00
113.591704472 0.000000e+00
114.023763232 0.000000e+00
114.455821992 0.000000e+00
114.887880752 0.000000e+00
115.319939512 0.000000e+00
115.751998272 0.000000e+00
116.184057032 0.000000e+00
116.616115792 0.000000e+00
117.048174552 0.000000e+00
117.480233312 0.000000e+00
117.912292072 0.000000e+00
118.344350832 0.000000e+00
118.776409592 0.000000e+00
119.208468352 0.000000e+00
119.640527112 0.000000e+00
120.072585872 0.000000e+00
120.504644632 0.000000e+00
120.936703392 0.000000e+00
121.368762152 0.000000e+00
121.800820912 0.000000e+00
122.232879672 0.000000e+00
122.664938432 0.000000e+00
123.096997192 0.000000e+00
123.529055952 0.000000e+00
123.961114712 0.000000e+00
124.393173472 0.000000e+00
124.825232232 0.000000e+00
125.257290992 0.000000e+00
125.689349752 0.000000e+00
126.121408512 0.000000e+00
126.553467272 0.000000e+00
126.985526032 0.000000e+00
127.417584792 0.000000e+00
127.849643552 0.000000e+00
128.281702312 0.000000e+00
128.713761072 0.000000e+00
129.145819831 0.000000e+00
129.577878591 0.000000e+00
130.009937351 0.000000e+00
130.441996111 0.000000e+00
130.874054871 0.000000e+00
131.306113631 0.000000e+00
131.738172391 0.000000e+00
132.170231151 0.000000e+00
132.602289911 0.000000e+00
133.034348671 0.000000e+00
133.466407431 0.000000e+00
133.898466191 0.000000e+00
134.330524951 0.000000e+00
134.762583711 0.000000e+00
135.194642471 0.000000e+00
135.626701231 0.000000e+00
136.058759991 0.000000e+00
136.490818751 0.000000e+00
136.922877511 0.000000e+00
137.354936271 0.000000e+00
137.786995031 0.000000e+00
138.219053791 0.000000e+00
138.651112551 0.000000e+00
139.083171311 0.000000e+00
139.515230071 0.000000e+00
139.947288831 0.000000e+00
140.379347591 0.000000e+00
140.811406351 0.000000e+00
141.243465111 0.000000e+00
141.675523871 0.000000e+00
142.107582631 0.000000e+00
142.539641391 0.000000e+00
142.971700151 0.000000e+00
143.403758911 0.000000e+00
143.835817671 0.000000e+00
144.267876431 0.000000e+00
144.699935191 0.000000e+00
145.131993951 0.000000e+00
145.564052711 0.000000e+00
145.996111471 0.000000e+00
146.428170231 0.000000e+00
146.860228991 0.000000e+00
147.292287751 0.000000e+00
147.724346511 0.000000e+00
148.156405271 0.000000e+00
148.588464031 0.000000e+00
149.020522791 0.000000e+00
149.452581551 0.000000e+00
149.884640311 0.000000e+00
150.316699071 0.000000e+00
150.748757831 0.000000e+00
151.180816591 0.000000e+00
151.612875351 0.000000e+00
152.044934111 0.000000e+00
152.476992871 0.000000e+00
152.909051631 0.000000e+00
153.341110391 0.000000e+00
153.773169151 0.000000e+00
154.205227911 0.000000e+00
154.637286671 0.000000e+00
155.069345431 0.000000e+00
155.501404191 0.000000e+00
155.933462951 0.000000e+00
156.365521711 0.000000e+00
156.797580471 0.000000e+00
157.229639231 0.000000e+00
157.661697991 0.000000e+00
158.093756751 0.000000e+00
158.525815511 0.000000e+00
158.957874271 0.000000e+00
159.389933031 0.000000e+00
159.821991791 0.000000e+00
160.254050551 0.000000e+00
160.686109311 0.000000e+00
161.118168071 0.000000e+00
161.550226831 0.000000e+00
161.982285591 0.000000e+00
162.414344351 0.000000e+00
162.846403111 0.000000e+00
163.278461871 0.000000e+00
163.710520631 0.000000e+00
164.142579391 0.000000e+00
164.574638151 0.000000e+00
165.006696911 0.000000e+00
165.438755671 0.000000e+00
165.870814431 0.000000e+00
166.302873191 0.000000e+00
166.734931951 0.000000e+00
167.166990711 0.000000e+00
167.599049471 0.000000e+00
168.031108231 0.000000e+00
168.463166991 0.000000e+00
168.895225751 0.000000e+00
169.327284511 0.000000e+00
169.759343271 0.000000e+00
170.191402031 0.000000e+00
170.623460791 0.000000e+00
171.055519551 0.000000e+00
171.487578311 0.000000e+00
171.919637071 0.000000e+00
172.351695831 0.000000e+00
172.783754591 0.000000e+00
173.215813351 0.000000e+00
173.647872111 0.000000e+00
174.079930871 0.000000e+00
174.511989631 0.000000e+00
174.944048391 0.000000e+00
175.376107151 0.000000e+00
175.808165911 0.000000e+00
176.240224671 0.000000e+00
176.672283431 0.000000e+00
177.104342191 0.000000e+00
177.536400951 0.000000e+00
177.968459711 0.000000e+00
178.400518471 0.000000e+00
178.832577231 0.000000e+00
179.26463599 0.000000e+00
179.69669475 0.000000e+00
180.12875351 0.000000e+00
180.56081227 0.000000e+00
180.99287103 0.000000e+00
181.42492979 0.000000e+00
181.85698855 0.000000e+00
182.28904731 0.000000e+00
182.72110607 0.000000e+00
183.15316483 0.000000e+00
183.58522359 0.000000e+00
184.01728235 0.000000e+00
184.44934111 0.000000e+00
184.88139987 0.000000e+00
185.31345863 0.000000e+00
185.74551739 0.000000e+00
186.17757615 0.000000e+00
186.60963491 0.000000e+00
187.04169367 0.000000e+00
187.47375243 0.000000e+00
187.90581119 0.000000e+00
188.33786995 0.000000e+00
188.76992871 0.000000e+00
189.20198747 0.000000e+00
189.63404623 0.000000e+00
190.06610499 0.000000e+00
190.49816375 0.000000e+00
190.93022251 0.000000e+00
191.36228127 0.000000e+00
191.79434003 0.000000e+00
192.22639879 0.000000e+00
192.65845755 0.000000e+00
193.09051631 0.000000e+00
193.52257507 0.000000e+00
193.95463383 0.000000e+00
194.38669259 0.000000e+00
194.81875135 0.000000e+00
195.25081011 0.000000e+00
195.68286887 0.000000e+00
196.11492763 0.000000e+00
196.54698639 0.000000e+00
196.97904515 0.000000e+00
197.41110391 0.000000e+00
197.84316267 0.000000e+00
198.27522143 0.000000e+00
198.70728019 0.000000e+00
199.13933895 0.000000e+00
199.57139771 0.000000e+00
200.00345647 0.000000e+00
200.43551523 0.000000e+00
200.86757399 0.000000e+00
201.29963275 0.000000e+00
201.73169151 0.000000e+00
202.16375027 0.000000e+00
202.59580903 0.000000e+00
203.02786779 0.000000e+00
203.45992655 0.000000e+00
203.89198531 0.000000e+00
204.32404407 0.000000e+00
204.75610283 0.000000e+00
205.18816159 0.000000e+00
205.62022035 0.000000e+00
206.05227911 0.000000e+00
206.48433787 0.000000e+00
206.91639663 0.000000e+00
207.34845539 0.000000e+00
207.78051415 0.000000e+00
208.21257291 0.000000e+00
208.64463167 0.000000e+00
209.07669043 0.000000e+00
209.50874919 0.000000e+00
209.94080795 0.000000e+00
210.37286671 0.000000e+00
210.80492547 0.000000e+00
211.23698423 0.000000e+00
211.66904299 0.000000e+00
212.10110175 0.000000e+00
212.53316051 0.000000e+00
212.96521927 0.000000e+00
213.39727803 0.000000e+00
213.82933679 0.000000e+00
214.26139555 0.000000e+00
214.69345431 0.000000e+00
215.12551307 0.000000e+00
215.55757183 0.000000e+00
215.98963059 0.000000e+00
216.42168935 0.000000e+00
216.85374811 0.000000e+00
217.28580687 0.000000e+00
217.71786563 0.000000e+00
218.14992439 0.000000e+00
218.58198315 0.000000e+00
219.01404191 0.000000e+00
219.44610067 0.000000e+00
219.87815943 0.000000e+00
220.31021819 0.000000e+00
220.74227695 0.000000e+00
221.17433571 0.000000e+00
221.60639447 0.000000e+00
222.03845323 0.000000e+00
222.47051199 0.000000e+00
222.90257075 0.000000e+00
223.33462951 0.000000e+00
223.76668827 0.000000e+00
224.19874703 0.000000e+00
224.63080579 0.000000e+00
225.06286455 0.000000e+00
225.49492331 0.000000e+00
225.92698207 0.000000e+00
226.35904083 0.000000e+00
226.79109959 0.000000e+00
227.22315835 0.000000e+00
227.65521711 0.000000e+00
228.08727587 0.000000e+00
228.51933463 0.000000e+00
228.95139339 0.000000e+00
229.383452149 0.000000e+00
229.815510909 0.000000e+00
230.247569669 0.000000e+00
230.679628429 0.000000e+00
231.111687189 0.000000e+00
231.543745949 0.000000e+00
231.975804709 0.000000e+00
232.407863469 0.000000e+00
232.839922229 0.000000e+00
233.271980989 0.000000e+00
233.704039749 0.000000e+00
234.136098509 0.000000e+00
234.568157269 0.000000e+00
235.000216029 0.000000e+00
235.432274789 0.000000e+00
235.864333549 0.000000e+00
236.296392309 0.000000e+00
236.728451069 0.000000e+00
237.160509829 0.000000e+00
237.592568589 0.000000e+00
238.024627349 0.000000e+00
238.456686109 0.000000e+00
238.888744869 0.000000e+00
239.320803629 0.000000e+00
239.752862389 0.000000e+00
240.184921149 0.000000e+00
240.616979909 0.000000e+00
241.049038669 0.000000e+00
241.481097429 0.000000e+00
241.913156189 0.000000e+00
242.345214949 0.000000e+00
242.777273709 0.000000e+00
243.209332469 0.000000e+00
243.641391229 0.000000e+00
244.073449989 0.000000e+00
244.505508749 0.000000e+00
244.937567509 0.000000e+00
245.369626269 0.000000e+00
245.801685029 0.000000e+00
246.233743789 0.000000e+00
246.665802549 0.000000e+00
247.097861309 0.000000e+00
247.529920069 0.000000e+00
247.961978829 0.000000e+00
248.394037589 0.000000e+00
248.826096349 0.000000e+00
249.258155109 0.000000e+00
249.690213869 0.000000e+00
250.122272629 0.000000e+00
250.554331389 0.000000e+00
250.986390149 0.000000e+00
251.418448909 0.000000e+00
251.850507669 0.000000e+00
252.282566429 0.000000e+00
252.714625189 0.000000e+00
253.146683949 0.000000e+00
253.578742709 0.000000e+00
254.010801469 0.000000e+00
254.442860229 0.000000e+00
254.874918989 0.000000e+00
255.306977749 0.000000e+00
255.739036509 0.000000e+00
256.171095269 0.000000e+00
256.603154029 0.000000e+00
257.035212789 0.000000e+00
257.467271549 0.000000e+00
257.899330309 0.000000e+00
258.331389069 0.000000e+00
258.763447829 0.000000e+00
259.195506589 0.000000e+00
259.627565349 0.000000e+00
260.059624109 0.000000e+00
260.491682869 0.000000e+00
260.923741629 0.000000e+00
261.355800389 0.000000e+00
261.787859149 0.000000e+00
262.219917909 0.000000e+00
262.651976669 0.000000e+00
263.084035429 0.000000e+00
263.516094189 0.000000e+00
263.948152949 0.000000e+00
264.380211709 0.000000e+00
264.812270469 0.000000e+00
265.244329229 0.000000e+00
265.676387989 0.000000e+00
266.108446749 0.000000e+00
266.540505509 0.000000e+00
266.972564269 0.000000e+00
267.404623029 0.000000e+00
267.836681789 0.000000e+00
268.268740549 0.000000e+00
268.700799309 0.000000e+00
269.132858069 0.000000e+00
269.564916829 0.000000e+00
269.996975589 0.000000e+00
270.429034349 0.000000e+00
270.861093109 0.000000e+00
271.293151869 0.000000e+00
271.725210629 0.000000e+00
272.157269389 0.000000e+00
272.589328149 0.000000e+00
273.021386909 0.000000e+00
273.453445669 0.000000e+00
273.885504429 0.000000e+00
274.317563189 0.000000e+00
274.749621949 0.000000e+00
275.181680709 0.000000e+00
275.613739469 0.000000e+00
276.045798229 0.000000e+00
276.477856989 0.000000e+00
276.909915749 0.000000e+00
277.341974509 0.000000e+00
277.774033269 0.000000e+00
278.206092029 0.000000e+00
278.638150789 0.000000e+00
279.070209548 0.000000e+00
279.502268308 0.000000e+00
279.934327068 0.000000e+00
280.366385828 0.000000e+00
280.798444588 0.000000e+00
281.230503348 0.000000e+00
281.662562108 0.000000e+00
282.094620868 0.000000e+00
282.526679628 0.000000e+00
282.958738388 0.000000e+00
283.390797148 0.000000e+00
283.822855908 0.000000e+00
284.254914668 0.000000e+00
284.686973428 0.000000e+00
285.119032188 0.000000e+00
285.551090948 0.000000e+00
285.983149708 0.000000e+00
286.415208468 0.000000e+00
286.847267228 0.000000e+00
287.279325988 0.000000e+00
287.711384748 0.000000e+00
288.143443508 0.000000e+00
288.575502268 0.000000e+00
289.007561028 0.000000e+00
289.439619788 0.000000e+00
289.871678548 0.000000e+00
290.303737308 0.000000e+00
290.735796068 0.000000e+00
291.167854828 0.000000e+00
291.599913588 0.000000e+00
292.031972348 0.000000e+00
292.464031108 0.000000e+00
292.896089868 0.000000e+00
293.328148628 0.000000e+00
293.760207388 0.000000e+00
294.192266148 0.000000e+00
294.624324908 0.000000e+00
295.056383668 0.000000e+00
295.488442428 0.000000e+00
295.920501188 0.000000e+00
296.352559948 0.000000e+00
296.784618708 0.000000e+00
297.216677468 0.000000e+00
297.648736228 0.000000e+00
298.080794988 0.000000e+00
298.512853748 0.000000e+00
298.944912508 0.000000e+00
299.376971268 0.000000e+00
299.809030028 0.000000e+00
300.241088788 0.000000e+00
300.673147548 0.000000e+00
301.105206308 0.000000e+00
301.537265068 0.000000e+00
301.969323828 0.000000e+00
302.401382588 0.000000e+00
302.833441348 0.000000e+00
303.265500108 0.000000e+00
303.697558868 0.000000e+00
304.129617628 0.000000e+00
304.561676388 0.000000e+00
304.993735148 0.000000e+00
305.425793908 0.000000e+00
305.857852668 0.000000e+00
306.289911428 0.000000e+00
306.721970188 0.000000e+00
307.154028948 0.000000e+00
307.586087708 0.000000e+00
308.018146468 0.000000e+00
308.450205228 0.000000e+00
308.882263988 0.000000e+00
309.314322748 0.000000e+00
309.746381508 0.000000e+00
310.178440268 0.000000e+00
310.610499028 0.000000e+00
311.042557788 0.000000e+00
311.474616548 0.000000e+00
311.906675308 0.000000e+00
312.338734068 0.000000e+00
312.770792828 0.000000e+00
313.202851588 0.000000e+00
313.634910348 0.000000e+00
314.066969108 0.000000e+00
314.499027868 0.000000e+00
314.931086628 0.000000e+00
315.363145388 0.000000e+00
315.795204148 0.000000e+00
316.227262908 0.000000e+00
316.659321668 0.000000e+00
317.091380428 0.000000e+00
317.523439188 0.000000e+00
317.955497948 0.000000e+00
318.387556708 0.000000e+00
318.819615468 0.000000e+00
319.251674228 0.000000e+00
319.683732988 0.000000e+00
320.115791748 0.000000e+00
320.547850508 0.000000e+00
320.979909268 0.000000e+00
321.411968028 0.000000e+00
321.844026788 0.000000e+00
322.276085548 0.000000e+00
322.708144308 0.000000e+00
323.140203068 0.000000e+00
323.572261828 0.000000e+00
324.004320588 0.000000e+00
324.436379348 0.000000e+00
324.868438108 0.000000e+00
325.300496868 0.000000e+00
325.732555628 0.000000e+00
326.164614388 0.000000e+00
326.596673148 0.000000e+00
327.028731908 0.000000e+00
327.460790668 0.000000e+00
327.892849428 0.000000e+00
328.324908188 0.000000e+00
328.756966948 0.000000e+00
329.189025707 0.000000e+00
329.621084467 0.000000e+00
330.053143227 0.000000e+00
330.485201987 0.000000e+00
330.917260747 0.000000e+00
331.349319507 0.000000e+00
331.781378267 0.000000e+00
332.213437027 0.000000e+00
332.645495787 0.000000e+00
333.077554547 0.000000e+00
333.509613307 0.000000e+00
333.941672067 0.000000e+00
334.373730827 0.000000e+00
334.805789587 0.000000e+00
335.237848347 0.000000e+00
335.669907107 0.000000e+00
336.101965867 0.000000e+00
336.534024627 0.000000e+00
336.966083387 0.000000e+00
337.398142147 0.000000e+00
337.830200907 0.000000e+00
338.262259667 0.000000e+00
338.694318427 0.000000e+00
339.126377187 0.000000e+00
339.558435947 0.000000e+00
339.990494707 0.000000e+00
340.422553467 0.000000e+00
340.854612227 0.000000e+00
341.286670987 0.000000e+00
341.718729747 0.000000e+00
342.150788507 0.000000e+00
342.582847267 0.000000e+00
343.014906027 0.000000e+00
343.446964787 0.000000e+00
343.879023547 0.000000e+00
344.311082307 0.000000e+00
344.743141067 0.000000e+00
345.175199827 0.000000e+00
345.607258587 0.000000e+00
346.039317347 0.000000e+00
346.471376107 0.000000e+00
346.903434867 0.000000e+00
347.335493627 0.000000e+00
347.767552387 0.000000e+00
348.199611147 0.000000e+00
348.631669907 0.000000e+00
349.063728667 0.000000e+00
349.495787427 0.000000e+00
349.927846187 0.000000e+00
350.359904947 0.000000e+00
350.791963707 0.000000e+00
351.224022467 0.000000e+00
351.656081227 0.000000e+00
352.088139987 0.000000e+00
352.520198747 0.000000e+00
352.952257507 0.000000e+00
353.384316267 0.000000e+00
353.816375027 0.000000e+00
354.248433787 0.000000e+00
354.680492547 0.000000e+00
355.112551307 0.000000e+00
355.544610067 0.000000e+00
355.976668827 0.000000e+00
356.408727587 0.000000e+00
356.840786347 0.000000e+00
357.272845107 0.000000e+00
357.704903867 0.000000e+00
358.136962627 0.000000e+00
358.569021387 0.000000e+00
359.001080147 0.000000e+00
359.433138907 0.000000e+00
359.865197667 0.000000e+00
360.297256427 0.000000e+00
360.729315187 0.000000e+00
361.161373947 0.000000e+00
361.593432707 0.000000e+00
362.025491467 0.000000e+00
362.457550227 0.000000e+00
362.889608987 0.000000e+00
363.321667747 0.000000e+00
363.753726507 0.000000e+00
364.185785267 0.000000e+00
364.617844027 0.000000e+00
365.049902787 0.000000e+00
365.481961547 0.000000e+00
365.914020307 0.000000e+00
366.346079067 0.000000e+00
366.778137827 0.000000e+00
367.210196587 0.000000e+00
367.642255347 0.000000e+00
368.074314107 0.000000e+00
368.506372867 0.000000e+00
368.938431627 0.000000e+00
369.370490387 0.000000e+00
369.802549147 0.000000e+00
370.234607907 0.000000e+00
370.666666667 0.000000e+00
371.098725427 0.000000e+00
371.530784187 0.000000e+00
371.962842947 0.000000e+00
372.394901707 0.000000e+00
372.826960467 0.000000e+00
373.259019227 0.000000e+00
373.691077987 0.000000e+00
374.123136747 0.000000e+00
374.555195507 0.000000e+00
374.987254267 0.000000e+00
375.419313027 0.000000e+00
375.851371787 0.000000e+00
376.283430547 0.000000e+00
376.715489307 0.000000e+00
377.147548067 0.000000e+00
377.579606827 0.000000e+00
378.011665587 0.000000e+00
378.443724347 0.000000e+00
378.875783107 0.000000e+00
379.307841866 0.000000e+00
379.739900626 0.000000e+00
380.171959386 0.000000e+00
380.604018146 0.000000e+00
381.036076906 0.000000e+00
381.468135666 0.000000e+00
381.900194426 0.000000e+00
382.332253186 0.000000e+00
382.764311946 0.000000e+00
383.196370706 0.000000e+00
383.628429466 0.000000e+00
384.060488226 0.000000e+00
384.492546986 0.000000e+00
384.924605746 0.000000e+00
385.356664506 0.000000e+00
385.788723266 0.000000e+00
386.220782026 0.000000e+00
386.652840786 0.000000e+00
387.084899546 0.000000e+00
387.516958306 0.000000e+00
387.949017066 0.000000e+00
388.381075826 0.000000e+00
388.813134586 0.000000e+00
389.245193346 0.000000e+00
389.677252106 0.000000e+00
390.109310866 0.000000e+00
390.541369626 0.000000e+00
390.973428386 0.000000e+00
391.405487146 0.000000e+00
391.837545906 0.000000e+00
392.269604666 0.000000e+00
392.701663426 0.000000e+00
393.133722186 0.000000e+00
393.565780946 0.000000e+00
393.997839706 0.000000e+00
394.429898466 0.000000e+00
394.861957226 0.000000e+00
395.294015986 0.000000e+00
395.726074746 0.000000e+00
396.158133506 0.000000e+00
396.590192266 0.000000e+00
397.022251026 0.000000e+00
397.454309786 0.000000e+00
397.886368546 0.000000e+00
398.318427306 0.000000e+00
398.750486066 0.000000e+00
399.182544826 0.000000e+00
399.614603586 0.000000e+00
400.046662346 0.000000e+00
400.478721106 0.000000e+00
400.910779866 0.000000e+00
401.342838626 0.000000e+00
401.774897386 0.000000e+00
402.206956146 0.000000e+00
402.639014906 0.000000e+00
403.071073666 0.000000e+00
403.503132426 0.000000e+00
403.935191186 0.000000e+00
404.367249946 0.000000e+00
404.799308706 0.000000e+00
405.231367466 0.000000e+00
405.663426226 0.000000e+00
406.095484986 0.000000e+00
406.527543746 0.000000e+00
406.959602506 0.000000e+00
407.391661266 0.000000e+00
407.823720026 0.000000e+00
408.255778786 0.000000e+00
408.687837546 0.000000e+00
409.119896306 0.000000e+00
409.551955066 0.000000e+00
409.984013826 0.000000e+00
410.416072586 0.000000e+00
410.848131346 0.000000e+00
411.280190106 0.000000e+00
411.712248866 0.000000e+00
412.144307626 0.000000e+00
412.576366386 0.000000e+00
413.008425146 0.000000e+00
413.440483906 0.000000e+00
413.872542666 0.000000e+00
414.304601426 0.000000e+00
414.736660186 0.000000e+00
415.168718946 0.000000e+00
415.600777706 0.000000e+00
416.600777706 0.0
417.600777706 0.0
418.600777706 0.0
419.600777706 0.0
420.600777706 0.0
421.600777706 0.0
422.600777706 0.0
423.600777706 0.0
424.600777706 0.0
425.600777706 0.0
426.600777706 0.0
427.600777706 0.0
428.600777706 0.0
429.600777706 0.0
430.600777706 0.0
431.600777706 0.0
432.600777706 0.0
433.600777706 0.0
434.600777706 0.0
435.600777706 0.0
436.600777706 0.0
437.600777706 0.0
438.600777706 0.0
439.600777706 0.0
440.600777706 0.0
441.600777706 0.0
442.600777706 0.0
443.600777706 0.0
444.600777706 0.0
445.600777706 0.0
446.600777706 0.0
447.600777706 0.0
448.600777706 0.0
449.600777706 0.0
450.600777706 0.0
451.600777706 0.0
452.600777706 0.0
453.600777706 0.0
454.600777706 0.0
455.600777706 0.0
456.600777706 0.0
457.600777706 0.0
458.600777706 0.0
459.600777706 0.0
460.600777706 0.0
461.600777706 0.0
462.600777706 0.0
463.600777706 0.0
464.600777706 0.0
465.600777706 0.0
466.600777706 0.0
467.600777706 0.0
468.600777706 0.0
469.600777706 0.0
470.600777706 0.0
471.600777706 0.0
472.600777706 0.0
473.600777706 0.0
474.600777706 0.0
475.600777706 0.0
476.600777706 0.0
477.600777706 0.0
478.600777706 0.0
479.600777706 0.0
480.600777706 0.0
481.600777706 0.0
482.600777706 0.0
483.600777706 0.0
484.600777706 0.0
485.600777706 0.0
486.600777706 0.0
487.600777706 0.0
488.600777706 0.0
489.600777706 0.0
490.600777706 0.0
491.600777706 0.0
492.600777706 0.0
493.600777706 0.0
494.600777706 0.0
495.600777706 0.0
496.600777706 0.0
497.600777706 0.0
498.600777706 0.0
499.600777706 0.0
500.600777706 0.0
501.600777706 0.0
502.600777706 0.0
503.600777706 0.0
504.600777706 0.0
505.600777706 0.0
506.600777706 0.0
507.600777706 0.0
508.600777706 0.0
509.600777706 0.0
510.600777706 0.0
511.600777706 0.0
512.600777706 0.0
513.600777706 0.0
514.600777706 0.0
515.600777706 0.0
516.600777706 0.0
517.600777706 0.0
518.600777706 0.0
519.600777706 0.0
520.600777706 0.0
521.600777706 0.0
522.600777706 0.0
523.600777706 0.0
524.600777706 0.0
525.600777706 0.0
526.600777706 0.0
527.600777706 0.0
528.600777706 0.0
529.600777706 0.0
530.600777706 0.0
531.600777706 0.0
532.600777706 0.0
533.600777706 0.0
534.600777706 0.0
535.600777706 0.0
536.600777706 0.0
537.600777706 0.0
538.600777706 0.0
539.600777706 0.0
540.600777706 0.0
541.600777706 0.0
542.600777706 0.0
543.600777706 0.0
544.600777706 0.0
545.600777706 0.0
546.600777706 0.0
547.600777706 0.0
548.600777706 0.0
549.600777706 0.0
550.600777706 0.0
551.600777706 0.0
552.600777706 0.0
553.600777706 0.0
554.600777706 0.0
555.600777706 0.0
556.600777706 0.0
557.600777706 0.0
558.600777706 0.0
559.600777706 0.0
560.600777706 0.0
561.600777706 0.0
562.600777706 0.0
563.600777706 0.0
564.600777706 0.0
565.600777706 0.0
566.600777706 0.0
567.600777706 0.0
568.600777706 0.0
569.600777706 0.0
570.600777706 0.0
571.600777706 0.0
572.600777706 0.0
573.600777706 0.0
574.600777706 0.0
575.600777706 0.0
576.600777706 0.0
577.600777706 0.0
578.600777706 0.0
579.600777706 0.0
580.600777706 0.0
581.600777706 0.0
582.600777706 0.0
583.600777706 0.0
584.600777706 0.0
585.600777706 0.0
586.600777706 0.0
587.600777706 0.0
588.600777706 0.0
589.600777706 0.0
590.600777706 0.0
591.600777706 0.0
592.600777706 0.0
593.600777706 0.0
594.600777706 0.0
595.600777706 0.0
596.600777706 0.0
597.600777706 0.0
598.600777706 0.0
599.600777706 0.0
600.600777706 0.0
601.600777706 0.0
602.600777706 0.0
603.600777706 0.0
604.600777706 0.0
605.600777706 0.0
606.600777706 0.0
607.600777706 0.0
608.600777706 0.0
609.600777706 0.0
610.600777706 0.0
611.600777706 0.0
612.600777706 0.0
613.600777706 0.0
614.600777706 0.0
615.600777706 0.0
616.600777706 0.0
617.600777706 0.0
618.600777706 0.0
619.600777706 0.0
620.600777706 0.0
621.600777706 0.0
622.600777706 0.0
623.600777706 0.0
624.600777706 0.0
625.600777706 0.0
626.600777706 0.0
627.600777706 0.0
628.600777706 0.0
629.600777706 0.0
630.600777706 0.0
631.600777706 0.0
632.600777706 0.0
633.600777706 0.0
634.600777706 0.0
635.600777706 0.0
636.600777706 0.0
637.600777706 0.0
638.600777706 0.0
639.600777706 0.0
640.600777706 0.0
641.600777706 0.0
642.600777706 0.0
643.600777706 0.0
644.600777706 0.0
645.600777706 0.0
646.600777706 0.0
647.600777706 0.0
648.600777706 0.0
649.600777706 0.0
650.600777706 0.0
651.600777706 0.0
652.600777706 0.0
653.600777706 0.0
654.600777706 0.0
655.600777706 0.0
656.600777706 0.0
657.600777706 0.0
658.600777706 0.0
659.600777706 0.0
660.600777706 0.0
661.600777706 0.0
662.600777706 0.0
663.600777706 0.0
664.600777706 0.0
665.600777706 0.0
666.600777706 0.0
667.600777706 0.0
668.600777706 0.0
669.600777706 0.0
670.600777706 0.0
671.600777706 0.0
672.600777706 0.0
673.600777706 0.0
674.600777706 0.0
675.600777706 0.0
676.600777706 0.0
677.600777706 0.0
678.600777706 0.0
679.600777706 0.0
680.600777706 0.0
681.600777706 0.0
682.600777706 0.0
683.600777706 0.0
684.600777706 0.0
685.600777706 0.0
686.600777706 0.0
687.600777706 0.0
688.600777706 0.0
689.600777706 0.0
690.600777706 0.0
691.600777706 0.0
692.600777706 0.0
693.600777706 0.0
694.600777706 0.0
695.600777706 0.0
696.600777706 0.0
697.600777706 0.0
698.600777706 0.0
699.600777706 0.0
700.600777706 0.0
701.600777706 0.0
702.600777706 0.0
703.600777706 0.0
704.600777706 0.0
705.600777706 0.0
706.600777706 0.0
707.600777706 0.0
708.600777706 0.0
709.600777706 0.0
710.600777706 0.0
711.600777706 0.0
712.600777706 0.0
713.600777706 0.0
714.600777706 0.0
715.600777706 0.0
716.600777706 0.0
717.600777706 0.0
718.600777706 0.0
719.600777706 0.0
720.600777706 0.0
721.600777706 0.0
722.600777706 0.0
723.600777706 0.0
724.600777706 0.0
725.600777706 0.0
726.600777706 0.0
727.600777706 0.0
728.600777706 0.0
729.600777706 0.0
730.600777706 0.0
731.600777706 0.0
732.600777706 0.0
733.600777706 0.0
734.600777706 0.0
735.600777706 0.0
736.600777706 0.0
737.600777706 0.0
738.600777706 0.0
739.600777706 0.0
740.600777706 0.0
741.600777706 0.0
742.600777706 0.0
743.600777706 0.0
744.600777706 0.0
745.600777706 0.0
746.600777706 0.0
747.600777706 0.0
748.600777706 0.0
749.600777706 0.0
750.600777706 0.0
751.600777706 0.0
752.600777706 0.0
753.600777706 0.0
754.600777706 0.0
755.600777706 0.0
756.600777706 0.0
757.600777706 0.0
758.600777706 0.0
759.600777706 0.0
760.600777706 0.0
761.600777706 0.0
762.600777706 0.0
763.600777706 0.0
764.600777706 0.0
765.600777706 0.0
766.600777706 0.0
767.600777706 0.0
768.600777706 0.0
769.600777706 0.0
770.600777706 0.0
771.600777706 0.0
772.600777706 0.0
773.600777706 0.0
774.600777706 0.0
775.600777706 0.0
776.600777706 0.0
777.600777706 0.0
778.600777706 0.0
779.600777706 0.0
780.600777706 0.0
781.600777706 0.0
782.600777706 0.0
783.600777706 0.0
784.600777706 0.0
785.600777706 0.0
786.600777706 0.0
787.600777706 0.0
788.600777706 0.0
789.600777706 0.0
790.600777706 0.0
791.600777706 0.0
792.600777706 0.0
793.600777706 0.0
794.600777706 0.0
795.600777706 0.0
796.600777706 0.0
797.600777706 0.0
798.600777706 0.0
799.600777706 0.0
800.600777706 0.0
801.600777706 0.0
802.600777706 0.0
803.600777706 0.0
804.600777706 0.0
805.600777706 0.0
806.600777706 0.0
807.600777706 0.0
808.600777706 0.0
809.600777706 0.0
810.600777706 0.0
811.600777706 0.0
812.600777706 0.0
813.600777706 0.0
814.600777706 0.0
815.600777706 0.0
816.600777706 0.0
817.600777706 0.0
818.600777706 0.0
819.600777706 0.0
820.600777706 0.0
821.600777706 0.0
822.600777706 0.0
823.600777706 0.0
824.600777706 0.0
825.600777706 0.0
826.600777706 0.0
827.600777706 0.0
828.600777706 0.0
829.600777706 0.0
830.600777706 0.0
831.600777706 0.0
832.600777706 0.0
833.600777706 0.0
834.600777706 0.0
835.600777706 0.0
836.600777706 0.0
837.600777706 0.0
838.600777706 0.0
839.600777706 0.0
840.600777706 0.0
841.600777706 0.0
842.600777706 0.0
843.600777706 0.0
844.600777706 0.0
845.600777706 0.0
846.600777706 0.0
847.600777706 0.0
848.600777706 0.0
849.600777706 0.0
850.600777706 0.0
851.600777706 0.0
852.600777706 0.0
853.600777706 0.0
854.600777706 0.0
855.600777706 0.0
856.600777706 0.0
857.600777706 0.0
858.600777706 0.0
859.600777706 0.0
860.600777706 0.0
861.600777706 0.0
862.600777706 0.0
863.600777706 0.0
864.600777706 0.0
865.600777706 0.0
866.600777706 0.0
867.600777706 0.0
868.600777706 0.0
869.600777706 0.0
870.600777706 0.0
871.600777706 0.0
872.600777706 0.0
873.600777706 0.0
874.600777706 0.0
875.600777706 0.0
876.600777706 0.0
877.600777706 0.0
878.600777706 0.0
879.600777706 0.0
880.600777706 0.0
881.600777706 0.0
882.600777706 0.0
883.600777706 0.0
884.600777706 0.0
885.600777706 0.0
886.600777706 0.0
887.600777706 0.0
888.600777706 0.0
889.600777706 0.0
890.600777706 0.0
891.600777706 0.0
892.600777706 0.0
893.600777706 0.0
894.600777706 0.0
895.600777706 0.0
896.600777706 0.0
897.600777706 0.0
898.600777706 0.0
899.600777706 0.0
900.600777706 0.0
901.600777706 0.0
902.600777706 0.0
903.600777706 0.0
904.600777706 0.0
905.600777706 0.0
906.600777706 0.0
907.600777706 0.0
908.600777706 0.0
909.600777706 0.0
910.600777706 0.0
911.600777706 0.0
912.600777706 0.0
913.600777706 0.0
914.600777706 0.0
915.600777706 0.0
