-610.176443418 0.0
-609.176443418 0.0
-608.176443418 0.0
-607.176443418 0.0
-606.176443418 0.0
-605.176443418 0.0
-604.176443418 0.0
-603.176443418 0.0
-602.176443418 0.0
-601.176443418 0.0
-600.176443418 0.0
-599.176443418 0.0
-598.176443418 0.0
-597.176443418 0.0
-596.176443418 0.0
-595.176443418 0.0
-594.176443418 0.0
-593.176443418 0.0
-592.176443418 0.0
-591.176443418 0.0
-590.176443418 0.0
-589.176443418 0.0
-588.176443418 0.0
-587.176443418 0.0
-586.176443418 0.0
-585.176443418 0.0
-584.176443418 0.0
-583.176443418 0.0
-582.176443418 0.0
-581.176443418 0.0
-580.176443418 0.0
-579.176443418 0.0
-578.176443418 0.0
-577.176443418 0.0
-576.176443418 0.0
-575.176443418 0.0
-574.176443418 0.0
-573.176443418 0.0
-572.176443418 0.0
-571.176443418 0.0
-570.176443418 0.0
-569.176443418 0.0
-568.176443418 0.0
-567.176443418 0.0
-566.176443418 0.0
-565.176443418 0.0
-564.176443418 0.0
-563.176443418 0.0
-562.176443418 0.0
-561.176443418 0.0
-560.176443418 0.0
-559.176443418 0.0
-558.176443418 0.0
-557.176443418 0.0
-556.176443418 0.0
-555.176443418 0.0
-554.176443418 0.0
-553.176443418 0.0
-552.176443418 0.0
-551.176443418 0.0
-550.176443418 0.0
-549.176443418 0.0
-548.176443418 0.0
-547.176443418 0.0
-546.176443418 0.0
-545.176443418 0.0
-544.176443418 0.0
-543.176443418 0.0
-542.176443418 0.0
-541.176443418 0.0
-540.176443418 0.0
-539.176443418 0.0
-538.176443418 0.0
-537.176443418 0.0
-536.176443418 0.0
-535.176443418 0.0
-534.176443418 0.0
-533.176443418 0.0
-532.176443418 0.0
-531.176443418 0.0
-530.176443418 0.0
-529.176443418 0.0
-528.176443418 0.0
-527.176443418 0.0
-526.176443418 0.0
-525.176443418 0.0
-524.176443418 0.0
-523.176443418 0.0
-522.176443418 0.0
-521.176443418 0.0
-520.176443418 0.0
-519.176443418 0.0
-518.176443418 0.0
-517.176443418 0.0
-516.176443418 0.0
-515.176443418 0.0
-514.176443418 0.0
-513.176443418 0.0
-512.176443418 0.0
-511.176443418 0.0
-510.176443418 0.0
-509.176443418 0.0
-508.176443418 0.0
-507.176443418 0.0
-506.176443418 0.0
-505.176443418 0.0
-504.176443418 0.0
-503.176443418 0.0
-502.176443418 0.0
-501.176443418 0.0
-500.176443418 0.0
-499.176443418 0.0
-498.176443418 0.0
-497.176443418 0.0
-496.176443418 0.0
-495.176443418 0.0
-494.176443418 0.0
-493.176443418 0.0
-492.176443418 0.0
-491.176443418 0.0
-490.176443418 0.0
-489.176443418 0.0
-488.176443418 0.0
-487.176443418 0.0
-486.176443418 0.0
-485.176443418 0.0
-484.176443418 0.0
-483.176443418 0.0
-482.176443418 0.0
-481.176443418 0.0
-480.176443418 0.0
-479.176443418 0.0
-478.176443418 0.0
-477.176443418 0.0
-476.176443418 0.0
-475.176443418 0.0
-474.176443418 0.0
-473.176443418 0.0
-472.176443418 0.0
-471.176443418 0.0
-470.176443418 0.0
-469.176443418 0.0
-468.176443418 0.0
-467.176443418 0.0
-466.176443418 0.0
-465.176443418 0.0
-464.176443418 0.0
-463.176443418 0.0
-462.176443418 0.0
-461.176443418 0.0
-460.176443418 0.0
-459.176443418 0.0
-458.176443418 0.0
-457.176443418 0.0
-456.176443418 0.0
-455.176443418 0.0
-454.176443418 0.0
-453.176443418 0.0
-452.176443418 0.0
-451.176443418 0.0
-450.176443418 0.0
-449.176443418 0.0
-448.176443418 0.0
-447.176443418 0.0
-446.176443418 0.0
-445.176443418 0.0
-444.176443418 0.0
-443.176443418 0.0
-442.176443418 0.0
-441.176443418 0.0
-440.176443418 0.0
-439.176443418 0.0
-438.176443418 0.0
-437.176443418 0.0
-436.176443418 0.0
-435.176443418 0.0
-434.176443418 0.0
-433.176443418 0.0
-432.176443418 0.0
-431.176443418 0.0
-430.176443418 0.0
-429.176443418 0.0
-428.176443418 0.0
-427.176443418 0.0
-426.176443418 0.0
-425.176443418 0.0
-424.176443418 0.0
-423.176443418 0.0
-422.176443418 0.0
-421.176443418 0.0
-420.176443418 0.0
-419.176443418 0.0
-418.176443418 0.0
-417.176443418 0.0
-416.176443418 0.0
-415.176443418 0.0
-414.176443418 0.0
-413.176443418 0.0
-412.176443418 0.0
-411.176443418 0.0
-410.176443418 0.0
-409.176443418 0.0
-408.176443418 0.0
-407.176443418 0.0
-406.176443418 0.0
-405.176443418 0.0
-404.176443418 0.0
-403.176443418 0.0
-402.176443418 0.0
-401.176443418 0.0
-400.176443418 0.0
-399.176443418 0.0
-398.176443418 0.0
-397.176443418 0.0
-396.176443418 0.0
-395.176443418 0.0
-394.176443418 0.0
-393.176443418 0.0
-392.176443418 0.0
-391.176443418 0.0
-390.176443418 0.0
-389.176443418 0.0
-388.176443418 0.0
-387.176443418 0.0
-386.176443418 0.0
-385.176443418 0.0
-384.176443418 0.0
-383.176443418 0.0
-382.176443418 0.0
-381.176443418 0.0
-380.176443418 0.0
-379.176443418 0.0
-378.176443418 0.0
-377.176443418 0.0
-376.176443418 0.0
-375.176443418 0.0
-374.176443418 0.0
-373.176443418 0.0
-372.176443418 0.0
-371.176443418 0.0
-370.176443418 0.0
-369.176443418 0.0
-368.176443418 0.0
-367.176443418 0.0
-366.176443418 0.0
-365.176443418 0.0
-364.176443418 0.0
-363.176443418 0.0
-362.176443418 0.0
-361.176443418 0.0
-360.176443418 0.0
-359.176443418 0.0
-358.176443418 0.0
-357.176443418 0.0
-356.176443418 0.0
-355.176443418 0.0
-354.176443418 0.0
-353.176443418 0.0
-352.176443418 0.0
-351.176443418 0.0
-350.176443418 0.0
-349.176443418 0.0
-348.176443418 0.0
-347.176443418 0.0
-346.176443418 0.0
-345.176443418 0.0
-344.176443418 0.0
-343.176443418 0.0
-342.176443418 0.0
-341.176443418 0.0
-340.176443418 0.0
-339.176443418 0.0
-338.176443418 0.0
-337.176443418 0.0
-336.176443418 0.0
-335.176443418 0.0
-334.176443418 0.0
-333.176443418 0.0
-332.176443418 0.0
-331.176443418 0.0
-330.176443418 0.0
-329.176443418 0.0
-328.176443418 0.0
-327.176443418 0.0
-326.176443418 0.0
-325.176443418 0.0
-324.176443418 0.0
-323.176443418 0.0
-322.176443418 0.0
-321.176443418 0.0
-320.176443418 0.0
-319.176443418 0.0
-318.176443418 0.0
-317.176443418 0.0
-316.176443418 0.0
-315.176443418 0.0
-314.176443418 0.0
-313.176443418 0.0
-312.176443418 0.0
-311.176443418 0.0
-310.176443418 0.0
-309.176443418 0.0
-308.176443418 0.0
-307.176443418 0.0
-306.176443418 0.0
-305.176443418 0.0
-304.176443418 0.0
-303.176443418 0.0
-302.176443418 0.0
-301.176443418 0.0
-300.176443418 0.0
-299.176443418 0.0
-298.176443418 0.0
-297.176443418 0.0
-296.176443418 0.0
-295.176443418 0.0
-294.176443418 0.0
-293.176443418 0.0
-292.176443418 0.0
-291.176443418 0.0
-290.176443418 0.0
-289.176443418 0.0
-288.176443418 0.0
-287.176443418 0.0
-286.176443418 0.0
-285.176443418 0.0
-284.176443418 0.0
-283.176443418 0.0
-282.176443418 0.0
-281.176443418 0.0
-280.176443418 0.0
-279.176443418 0.0
-278.176443418 0.0
-277.176443418 0.0
-276.176443418 0.0
-275.176443418 0.0
-274.176443418 0.0
-273.176443418 0.0
-272.176443418 0.0
-271.176443418 0.0
-270.176443418 0.0
-269.176443418 0.0
-268.176443418 0.0
-267.176443418 0.0
-266.176443418 0.0
-265.176443418 0.0
-264.176443418 0.0
-263.176443418 0.0
-262.176443418 0.0
-261.176443418 0.0
-260.176443418 0.0
-259.176443418 0.0
-258.176443418 0.0
-257.176443418 0.0
-256.176443418 0.0
-255.176443418 0.0
-254.176443418 0.0
-253.176443418 0.0
-252.176443418 0.0
-251.176443418 0.0
-250.176443418 0.0
-249.176443418 0.0
-248.176443418 0.0
-247.176443418 0.0
-246.176443418 0.0
-245.176443418 0.0
-244.176443418 0.0
-243.176443418 0.0
-242.176443418 0.0
-241.176443418 0.0
-240.176443418 0.0
-239.176443418 0.0
-238.176443418 0.0
-237.176443418 0.0
-236.176443418 0.0
-235.176443418 0.0
-234.176443418 0.0
-233.176443418 0.0
-232.176443418 0.0
-231.176443418 0.0
-230.176443418 0.0
-229.176443418 0.0
-228.176443418 0.0
-227.176443418 0.0
-226.176443418 0.0
-225.176443418 0.0
-224.176443418 0.0
-223.176443418 0.0
-222.176443418 0.0
-221.176443418 0.0
-220.176443418 0.0
-219.176443418 0.0
-218.176443418 0.0
-217.176443418 0.0
-216.176443418 0.0
-215.176443418 0.0
-214.176443418 0.0
-213.176443418 0.0
-212.176443418 0.0
-211.176443418 0.0
-210.176443418 0.0
-209.176443418 0.0
-208.176443418 0.0
-207.176443418 0.0
-206.176443418 0.0
-205.176443418 0.0
-204.176443418 0.0
-203.176443418 0.0
-202.176443418 0.0
-201.176443418 0.0
-200.176443418 0.0
-199.176443418 0.0
-198.176443418 0.0
-197.176443418 0.0
-196.176443418 0.0
-195.176443418 0.0
-194.176443418 0.0
-193.176443418 0.0
-192.176443418 0.0
-191.176443418 0.0
-190.176443418 0.0
-189.176443418 0.0
-188.176443418 0.0
-187.176443418 0.0
-186.176443418 0.0
-185.176443418 0.0
-184.176443418 0.0
-183.176443418 0.0
-182.176443418 0.0
-181.176443418 0.0
-180.176443418 0.0
-179.176443418 0.0
-178.176443418 0.0
-177.176443418 0.0
-176.176443418 0.0
-175.176443418 0.0
-174.176443418 0.0
-173.176443418 0.0
-172.176443418 0.0
-171.176443418 0.0
-170.176443418 0.0
-169.176443418 0.0
-168.176443418 0.0
-167.176443418 0.0
-166.176443418 0.0
-165.176443418 0.0
-164.176443418 0.0
-163.176443418 0.0
-162.176443418 0.0
-161.176443418 0.0
-160.176443418 0.0
-159.176443418 0.0
-158.176443418 0.0
-157.176443418 0.0
-156.176443418 0.0
-155.176443418 0.0
-154.176443418 0.0
-153.176443418 0.0
-152.176443418 0.0
-151.176443418 0.0
-150.176443418 0.0
-149.176443418 0.0
-148.176443418 0.0
-147.176443418 0.0
-146.176443418 0.0
-145.176443418 0.0
-144.176443418 0.0
-143.176443418 0.0
-142.176443418 0.0
-141.176443418 0.0
-140.176443418 0.0
-139.176443418 0.0
-138.176443418 0.0
-137.176443418 0.0
-136.176443418 0.0
-135.176443418 0.0
-134.176443418 0.0
-133.176443418 0.0
-132.176443418 0.0
-131.176443418 0.0
-130.176443418 0.0
-129.176443418 0.0
-128.176443418 0.0
-127.176443418 0.0
-126.176443418 0.0
-125.176443418 0.0
-124.176443418 0.0
-123.176443418 0.0
-122.176443418 0.0
-121.176443418 0.0
-120.176443418 0.0
-119.176443418 0.0
-118.176443418 0.0
-117.176443418 0.0
-116.176443418 0.0
-115.176443418 0.0
-114.176443418 0.0
-113.176443418 0.0
-112.176443418 0.0
-111.176443418 0.0
-110.176443418 0.000000e+00
-109.714549654 0.000000e+00
-109.252655889 0.000000e+00
-108.790762125 0.000000e+00
-108.32886836 0.000000e+00
-107.866974596 0.000000e+00
-107.405080831 0.000000e+00
-106.943187067 0.000000e+00
-106.481293303 0.000000e+00
-106.019399538 0.000000e+00
-105.557505774 0.000000e+00
-105.095612009 0.000000e+00
-104.633718245 0.000000e+00
-104.17182448 0.000000e+00
-103.709930716 0.000000e+00
-103.248036952 0.000000e+00
-102.786143187 0.000000e+00
-102.324249423 0.000000e+00
-101.862355658 0.000000e+00
-101.400461894 0.000000e+00
-100.938568129 0.000000e+00
-100.476674365 0.000000e+00
-100.0147806 0.000000e+00
-99.552886836 0.000000e+00
-99.0909930716 0.000000e+00
-98.6290993072 0.000000e+00
-98.1672055427 0.000000e+00
-97.7053117783 0.000000e+00
-97.2434180139 0.000000e+00
-96.7815242494 0.000000e+00
-96.319630485 0.000000e+00
-95.8577367206 0.000000e+00
-95.3958429561 0.000000e+00
-94.9339491917 0.000000e+00
-94.4720554273 0.000000e+00
-94.0101616628 0.000000e+00
-93.5482678984 0.000000e+00
-93.0863741339 0.000000e+00
-92.6244803695 0.000000e+00
-92.1625866051 0.000000e+00
-91.7006928406 0.000000e+00
-91.2387990762 0.000000e+00
-90.7769053118 0.000000e+00
-90.3150115473 0.000000e+00
-89.8531177829 0.000000e+00
-89.3912240185 0.000000e+00
-88.929330254 0.000000e+00
-88.4674364896 0.000000e+00
-88.0055427252 0.000000e+00
-87.5436489607 0.000000e+00
-87.0817551963 0.000000e+00
-86.6198614319 0.000000e+00
-86.1579676674 0.000000e+00
-85.696073903 0.000000e+00
-85.2341801386 0.000000e+00
-84.7722863741 0.000000e+00
-84.3103926097 0.000000e+00
-83.8484988453 0.000000e+00
-83.3866050808 0.000000e+00
-82.9247113164 0.000000e+00
-82.462817552 0.000000e+00
-82.0009237875 0.000000e+00
-81.5390300231 0.000000e+00
-81.0771362587 0.000000e+00
-80.6152424942 0.000000e+00
-80.1533487298 0.000000e+00
-79.6914549654 0.000000e+00
-79.2295612009 0.000000e+00
-78.7676674365 0.000000e+00
-78.3057736721 0.000000e+00
-77.8438799076 0.000000e+00
-77.3819861432 0.000000e+00
-76.9200923788 0.000000e+00
-76.4581986143 0.000000e+00
-75.9963048499 0.000000e+00
-75.5344110855 0.000000e+00
-75.072517321 0.000000e+00
-74.6106235566 0.000000e+00
-74.1487297921 0.000000e+00
-73.6868360277 0.000000e+00
-73.2249422633 0.000000e+00
-72.7630484988 0.000000e+00
-72.3011547344 0.000000e+00
-71.83926097 0.000000e+00
-71.3773672055 0.000000e+00
-70.9154734411 0.000000e+00
-70.4535796767 0.000000e+00
-69.9916859122 0.000000e+00
-69.5297921478 0.000000e+00
-69.0678983834 0.000000e+00
-68.6060046189 0.000000e+00
-68.1441108545 0.000000e+00
-67.6822170901 0.000000e+00
-67.2203233256 0.000000e+00
-66.7584295612 0.000000e+00
-66.2965357968 0.000000e+00
-65.8346420323 0.000000e+00
-65.3727482679 0.000000e+00
-64.9108545035 0.000000e+00
-64.448960739 0.000000e+00
-63.9870669746 0.000000e+00
-63.5251732102 0.000000e+00
-63.0632794457 0.000000e+00
-62.6013856813 0.000000e+00
-62.1394919169 0.000000e+00
-61.6775981524 0.000000e+00
-61.215704388 0.000000e+00
-60.7538106236 0.000000e+00
-60.2919168591 0.000000e+00
-59.8300230947 0.000000e+00
-59.3681293303 0.000000e+00
-58.9062355658 0.000000e+00
-58.4443418014 0.000000e+00
-57.982448037 0.000000e+00
-57.5205542725 0.000000e+00
-57.0586605081 0.000000e+00
-56.5967667436 0.000000e+00
-56.1348729792 0.000000e+00
-55.6729792148 0.000000e+00
-55.2110854503 0.000000e+00
-54.7491916859 0.000000e+00
-54.2872979215 0.000000e+00
-53.825404157 0.000000e+00
-53.3635103926 0.000000e+00
-52.9016166282 0.000000e+00
-52.4397228637 0.000000e+00
-51.9778290993 0.000000e+00
-51.5159353349 0.000000e+00
-51.0540415704 0.000000e+00
-50.592147806 0.000000e+00
-50.1302540416 0.000000e+00
-49.6683602771 0.000000e+00
-49.2064665127 0.000000e+00
-48.7445727483 0.000000e+00
-48.2826789838 0.000000e+00
-47.8207852194 0.000000e+00
-47.358891455 0.000000e+00
-46.8969976905 0.000000e+00
-46.4351039261 0.000000e+00
-45.9732101617 0.000000e+00
-45.5113163972 0.000000e+00
-45.0494226328 0.000000e+00
-44.5875288684 0.000000e+00
-44.1256351039 0.000000e+00
-43.6637413395 0.000000e+00
-43.2018475751 0.000000e+00
-42.7399538106 0.000000e+00
-42.2780600462 0.000000e+00
-41.8161662818 0.000000e+00
-41.3542725173 0.000000e+00
-40.8923787529 0.000000e+00
-40.4304849885 0.000000e+00
-39.968591224 0.000000e+00
-39.5066974596 0.000000e+00
-39.0448036952 0.000000e+00
-38.5829099307 0.000000e+00
-38.1210161663 0.000000e+00
-37.6591224018 0.000000e+00
-37.1972286374 0.000000e+00
-36.735334873 0.000000e+00
-36.2734411085 0.000000e+00
-35.8115473441 0.000000e+00
-35.3496535797 0.000000e+00
-34.8877598152 0.000000e+00
-34.4258660508 0.000000e+00
-33.9639722864 0.000000e+00
-33.5020785219 0.000000e+00
-33.0401847575 0.000000e+00
-32.5782909931 0.000000e+00
-32.1163972286 0.000000e+00
-31.6545034642 0.000000e+00
-31.1926096998 0.000000e+00
-30.7307159353 0.000000e+00
-30.2688221709 0.000000e+00
-29.8069284065 0.000000e+00
-29.345034642 0.000000e+00
-28.8831408776 0.000000e+00
-28.4212471132 0.000000e+00
-27.9593533487 0.000000e+00
-27.4974595843 0.000000e+00
-27.0355658199 0.000000e+00
-26.5736720554 0.000000e+00
-26.111778291 0.000000e+00
-25.6498845266 0.000000e+00
-25.1879907621 0.000000e+00
-24.7260969977 0.000000e+00
-24.2642032333 0.000000e+00
-23.8023094688 0.000000e+00
-23.3404157044 0.000000e+00
-22.87852194 0.000000e+00
-22.4166281755 0.000000e+00
-21.9547344111 0.000000e+00
-21.4928406467 0.000000e+00
-21.0309468822 0.000000e+00
-20.5690531178 0.000000e+00
-20.1071593533 0.000000e+00
-19.6452655889 0.000000e+00
-19.1833718245 0.000000e+00
-18.72147806 0.000000e+00
-18.2595842956 0.000000e+00
-17.7976905312 0.000000e+00
-17.3357967667 0.000000e+00
-16.8739030023 0.000000e+00
-16.4120092379 0.000000e+00
-15.9501154734 0.000000e+00
-15.488221709 0.000000e+00
-15.0263279446 0.000000e+00
-14.5644341801 0.000000e+00
-14.1025404157 0.000000e+00
-13.6406466513 0.000000e+00
-13.1787528868 0.000000e+00
-12.7168591224 0.000000e+00
-12.254965358 0.000000e+00
-11.7930715935 0.000000e+00
-11.3311778291 0.000000e+00
-10.8692840647 0.000000e+00
-10.4073903002 0.000000e+00
-9.9454965358 0.000000e+00
-9.48360277136 0.000000e+00
-9.02170900693 0.000000e+00
-8.55981524249 0.000000e+00
-8.09792147806 0.000000e+00
-7.63602771363 0.000000e+00
-7.17413394919 0.000000e+00
-6.71224018476 0.000000e+00
-6.25034642032 0.000000e+00
-5.78845265589 0.000000e+00
-5.32655889145 0.000000e+00
-4.86466512702 0.000000e+00
-4.40277136259 0.000000e+00
-3.94087759815 0.000000e+00
-3.47898383372 0.000000e+00
-3.01709006928 0.000000e+00
-2.55519630485 0.000000e+00
-2.09330254042 0.000000e+00
-1.63140877598 0.000000e+00
-1.16951501155 0.000000e+00
-0.707621247113 0.000000e+00
-0.245727482679 8.446238e-01
0.216166281755 1.000000e+00
0.678060046189 0.000000e+00
1.13995381062 0.000000e+00
1.60184757506 0.000000e+00
2.06374133949 0.000000e+00
2.52563510393 0.000000e+00
2.98752886836 0.000000e+00
3.44942263279 0.000000e+00
3.91131639723 0.000000e+00
4.37321016166 0.000000e+00
4.8351039261 0.000000e+00
5.29699769053 0.000000e+00
5.75889145497 0.000000e+00
6.2207852194 0.000000e+00
6.68267898383 0.000000e+00
7.14457274827 0.000000e+00
7.6064665127 0.000000e+00
8.06836027714 0.000000e+00
8.53025404157 0.000000e+00
8.992147806 0.000000e+00
9.45404157044 0.000000e+00
9.91593533487 0.000000e+00
10.3778290993 0.000000e+00
10.8397228637 0.000000e+00
11.3016166282 0.000000e+00
11.7635103926 0.000000e+00
12.225404157 0.000000e+00
12.6872979215 0.000000e+00
13.1491916859 0.000000e+00
13.6110854503 0.000000e+00
14.0729792148 0.000000e+00
14.5348729792 0.000000e+00
14.9967667436 0.000000e+00
15.4586605081 0.000000e+00
15.9205542725 0.000000e+00
16.382448037 0.000000e+00
16.8443418014 0.000000e+00
17.3062355658 0.000000e+00
17.7681293303 0.000000e+00
18.2300230947 0.000000e+00
18.6919168591 0.000000e+00
19.1538106236 0.000000e+00
19.615704388 7.419957e-01
20.0775981524 6.571065e-01
20.5394919169 0.000000e+00
21.0013856813 4.768546e-01
21.4632794457 4.277452e-01
21.9251732102 4.347982e-01
22.3870669746 0.000000e+00
22.848960739 0.000000e+00
23.3108545035 0.000000e+00
23.7727482679 0.000000e+00
24.2346420323 0.000000e+00
24.6965357968 0.000000e+00
25.1584295612 0.000000e+00
25.6203233256 0.000000e+00
26.0822170901 0.000000e+00
26.5441108545 0.000000e+00
27.0060046189 0.000000e+00
27.4678983834 0.000000e+00
27.9297921478 0.000000e+00
28.3916859122 0.000000e+00
28.8535796767 0.000000e+00
29.3154734411 0.000000e+00
29.7773672055 0.000000e+00
30.23926097 0.000000e+00
30.7011547344 0.000000e+00
31.1630484988 0.000000e+00
31.6249422633 0.000000e+00
32.0868360277 0.000000e+00
32.5487297921 0.000000e+00
33.0106235566 0.000000e+00
33.472517321 0.000000e+00
33.9344110855 0.000000e+00
34.3963048499 0.000000e+00
34.8581986143 0.000000e+00
35.3200923788 0.000000e+00
35.7819861432 0.000000e+00
36.2438799076 0.000000e+00
36.7057736721 0.000000e+00
37.1676674365 0.000000e+00
37.6295612009 0.000000e+00
38.0914549654 0.000000e+00
38.5533487298 0.000000e+00
39.0152424942 0.000000e+00
39.4771362587 0.000000e+00
39.9390300231 0.000000e+00
40.4009237875 0.000000e+00
40.862817552 0.000000e+00
41.3247113164 0.000000e+00
41.7866050808 0.000000e+00
42.2484988453 0.000000e+00
42.7103926097 0.000000e+00
43.1722863741 0.000000e+00
43.6341801386 0.000000e+00
44.096073903 0.000000e+00
44.5579676674 0.000000e+00
45.0198614319 0.000000e+00
45.4817551963 0.000000e+00
45.9436489607 0.000000e+00
46.4055427252 0.000000e+00
46.8674364896 0.000000e+00
47.329330254 0.000000e+00
47.7912240185 0.000000e+00
48.2531177829 0.000000e+00
48.7150115473 0.000000e+00
49.1769053118 0.000000e+00
49.6387990762 0.000000e+00
50.1006928406 0.000000e+00
50.5625866051 0.000000e+00
51.0244803695 0.000000e+00
51.4863741339 0.000000e+00
51.9482678984 0.000000e+00
52.4101616628 0.000000e+00
52.8720554273 0.000000e+00
53.3339491917 0.000000e+00
53.7958429561 0.000000e+00
54.2577367206 0.000000e+00
54.719630485 0.000000e+00
55.1815242494 0.000000e+00
55.6434180139 0.000000e+00
56.1053117783 0.000000e+00
56.5672055427 0.000000e+00
57.0290993072 0.000000e+00
57.4909930716 0.000000e+00
57.952886836 0.000000e+00
58.4147806005 0.000000e+00
58.8766743649 0.000000e+00
59.3385681293 0.000000e+00
59.8004618938 0.000000e+00
60.2623556582 0.000000e+00
60.7242494226 0.000000e+00
61.1861431871 0.000000e+00
61.6480369515 0.000000e+00
62.1099307159 0.000000e+00
62.5718244804 0.000000e+00
63.0337182448 0.000000e+00
63.4956120092 0.000000e+00
63.9575057737 0.000000e+00
64.4193995381 0.000000e+00
64.8812933025 0.000000e+00
65.343187067 0.000000e+00
65.8050808314 0.000000e+00
66.2669745958 0.000000e+00
66.7288683603 0.000000e+00
67.1907621247 0.000000e+00
67.6526558891 0.000000e+00
68.1145496536 0.000000e+00
68.576443418 0.000000e+00
69.0383371824 0.000000e+00
69.5002309469 0.000000e+00
69.9621247113 0.000000e+00
70.4240184758 0.000000e+00
70.8859122402 0.000000e+00
71.3478060046 0.000000e+00
71.8096997691 0.000000e+00
72.2715935335 0.000000e+00
72.7334872979 0.000000e+00
73.1953810624 0.000000e+00
73.6572748268 0.000000e+00
74.1191685912 0.000000e+00
74.5810623557 0.000000e+00
75.0429561201 0.000000e+00
75.5048498845 0.000000e+00
75.966743649 0.000000e+00
76.4286374134 0.000000e+00
76.8905311778 0.000000e+00
77.3524249423 0.000000e+00
77.8143187067 0.000000e+00
78.2762124711 0.000000e+00
78.7381062356 0.000000e+00
79.2 0.000000e+00
79.6618937644 0.000000e+00
80.1237875289 0.000000e+00
80.5856812933 0.000000e+00
81.0475750577 0.000000e+00
81.5094688222 0.000000e+00
81.9713625866 0.000000e+00
82.433256351 0.000000e+00
82.8951501155 0.000000e+00
83.3570438799 0.000000e+00
83.8189376443 0.000000e+00
84.2808314088 0.000000e+00
84.7427251732 0.000000e+00
85.2046189376 0.000000e+00
85.6665127021 0.000000e+00
86.1284064665 0.000000e+00
86.5903002309 0.000000e+00
87.0521939954 0.000000e+00
87.5140877598 0.000000e+00
87.9759815242 0.000000e+00
88.4378752887 0.000000e+00
88.8997690531 0.000000e+00
89.3616628176 0.000000e+00
89.823556582 0.000000e+00
90.2854503464 0.000000e+00
90.7473441109 0.000000e+00
91.2092378753 0.000000e+00
91.6711316397 0.000000e+00
92.1330254042 0.000000e+00
92.5949191686 0.000000e+00
93.056812933 0.000000e+00
93.5187066975 0.000000e+00
93.9806004619 0.000000e+00
94.4424942263 0.000000e+00
94.9043879908 0.000000e+00
95.3662817552 0.000000e+00
95.8281755196 0.000000e+00
96.2900692841 0.000000e+00
96.7519630485 0.000000e+00
97.2138568129 0.000000e+00
97.6757505774 0.000000e+00
98.1376443418 0.000000e+00
98.5995381062 0.000000e+00
99.0614318707 0.000000e+00
99.5233256351 0.000000e+00
99.9852193995 0.000000e+00
100.447113164 0.000000e+00
100.909006928 0.000000e+00
101.370900693 0.000000e+00
101.832794457 0.000000e+00
102.294688222 0.000000e+00
102.756581986 0.000000e+00
103.218475751 0.000000e+00
103.680369515 0.000000e+00
104.142263279 0.000000e+00
104.604157044 0.000000e+00
105.066050808 0.000000e+00
105.527944573 0.000000e+00
105.989838337 0.000000e+00
106.451732102 0.000000e+00
106.913625866 0.000000e+00
107.37551963 0.000000e+00
107.837413395 0.000000e+00
108.299307159 0.000000e+00
108.761200924 0.000000e+00
109.223094688 0.000000e+00
109.684988453 0.000000e+00
110.146882217 0.000000e+00
110.608775982 0.000000e+00
111.070669746 0.000000e+00
111.53256351 0.000000e+00
111.994457275 0.000000e+00
112.456351039 0.000000e+00
112.918244804 0.000000e+00
113.380138568 0.000000e+00
113.842032333 0.000000e+00
114.303926097 0.000000e+00
114.765819861 0.000000e+00
115.227713626 0.000000e+00
115.68960739 0.000000e+00
116.151501155 0.000000e+00
116.613394919 0.000000e+00
117.075288684 0.000000e+00
117.537182448 0.000000e+00
117.999076212 0.000000e+00
118.460969977 0.000000e+00
118.922863741 0.000000e+00
119.384757506 0.000000e+00
119.84665127 0.000000e+00
120.308545035 0.000000e+00
120.770438799 0.000000e+00
121.232332564 0.000000e+00
121.694226328 0.000000e+00
122.156120092 0.000000e+00
122.618013857 0.000000e+00
123.079907621 0.000000e+00
123.541801386 0.000000e+00
124.00369515 0.000000e+00
124.465588915 0.000000e+00
124.927482679 0.000000e+00
125.389376443 0.000000e+00
125.851270208 0.000000e+00
126.313163972 0.000000e+00
126.775057737 0.000000e+00
127.236951501 0.000000e+00
127.698845266 0.000000e+00
128.16073903 0.000000e+00
128.622632794 0.000000e+00
129.084526559 0.000000e+00
129.546420323 0.000000e+00
130.008314088 0.000000e+00
130.470207852 0.000000e+00
130.932101617 0.000000e+00
131.393995381 0.000000e+00
131.855889145 0.000000e+00
132.31778291 0.000000e+00
132.779676674 0.000000e+00
133.241570439 0.000000e+00
133.703464203 0.000000e+00
134.165357968 0.000000e+00
134.627251732 0.000000e+00
135.089145497 0.000000e+00
135.551039261 0.000000e+00
136.012933025 0.000000e+00
136.47482679 0.000000e+00
136.936720554 0.000000e+00
137.398614319 0.000000e+00
137.860508083 0.000000e+00
138.322401848 0.000000e+00
138.784295612 0.000000e+00
139.246189376 0.000000e+00
139.708083141 0.000000e+00
140.169976905 0.000000e+00
140.63187067 0.000000e+00
141.093764434 0.000000e+00
141.555658199 0.000000e+00
142.017551963 0.000000e+00
142.479445727 0.000000e+00
142.941339492 0.000000e+00
143.403233256 0.000000e+00
143.865127021 0.000000e+00
144.327020785 0.000000e+00
144.78891455 0.000000e+00
145.250808314 0.000000e+00
145.712702079 0.000000e+00
146.174595843 0.000000e+00
146.636489607 0.000000e+00
147.098383372 0.000000e+00
147.560277136 0.000000e+00
148.022170901 0.000000e+00
148.484064665 0.000000e+00
148.94595843 0.000000e+00
149.407852194 0.000000e+00
149.869745958 0.000000e+00
150.331639723 0.000000e+00
150.793533487 0.000000e+00
151.255427252 0.000000e+00
151.717321016 0.000000e+00
152.179214781 0.000000e+00
152.641108545 0.000000e+00
153.103002309 0.000000e+00
153.564896074 0.000000e+00
154.026789838 0.000000e+00
154.488683603 0.000000e+00
154.950577367 0.000000e+00
155.412471132 0.000000e+00
155.874364896 0.000000e+00
156.336258661 0.000000e+00
156.798152425 0.000000e+00
157.260046189 0.000000e+00
157.721939954 0.000000e+00
158.183833718 0.000000e+00
158.645727483 0.000000e+00
159.107621247 0.000000e+00
159.569515012 0.000000e+00
160.031408776 0.000000e+00
160.49330254 0.000000e+00
160.955196305 0.000000e+00
161.417090069 0.000000e+00
161.878983834 0.000000e+00
162.340877598 0.000000e+00
162.802771363 0.000000e+00
163.264665127 0.000000e+00
163.726558891 0.000000e+00
164.188452656 0.000000e+00
164.65034642 0.000000e+00
165.112240185 0.000000e+00
165.574133949 0.000000e+00
166.036027714 0.000000e+00
166.497921478 0.000000e+00
166.959815242 0.000000e+00
167.421709007 0.000000e+00
167.883602771 0.000000e+00
168.345496536 0.000000e+00
168.8073903 0.000000e+00
169.269284065 0.000000e+00
169.731177829 0.000000e+00
170.193071594 0.000000e+00
170.654965358 0.000000e+00
171.116859122 0.000000e+00
171.578752887 0.000000e+00
172.040646651 0.000000e+00
172.502540416 0.000000e+00
172.96443418 0.000000e+00
173.426327945 0.000000e+00
173.888221709 0.000000e+00
174.350115473 0.000000e+00
174.812009238 0.000000e+00
175.273903002 0.000000e+00
175.735796767 0.000000e+00
176.197690531 0.000000e+00
176.659584296 0.000000e+00
177.12147806 0.000000e+00
177.583371824 0.000000e+00
178.045265589 0.000000e+00
178.507159353 0.000000e+00
178.969053118 0.000000e+00
179.430946882 0.000000e+00
179.892840647 0.000000e+00
180.354734411 0.000000e+00
180.816628176 0.000000e+00
181.27852194 0.000000e+00
181.740415704 0.000000e+00
182.202309469 0.000000e+00
182.664203233 0.000000e+00
183.126096998 0.000000e+00
183.587990762 0.000000e+00
184.049884527 0.000000e+00
184.511778291 0.000000e+00
184.973672055 0.000000e+00
185.43556582 0.000000e+00
185.897459584 0.000000e+00
186.359353349 0.000000e+00
186.821247113 0.000000e+00
187.283140878 0.000000e+00
187.745034642 0.000000e+00
188.206928406 0.000000e+00
188.668822171 0.000000e+00
189.130715935 0.000000e+00
189.5926097 0.000000e+00
190.054503464 0.000000e+00
190.516397229 0.000000e+00
190.978290993 0.000000e+00
191.440184758 0.000000e+00
191.902078522 0.000000e+00
192.363972286 0.000000e+00
192.825866051 0.000000e+00
193.287759815 0.000000e+00
193.74965358 0.000000e+00
194.211547344 0.000000e+00
194.673441109 0.000000e+00
195.135334873 0.000000e+00
195.597228637 0.000000e+00
196.059122402 0.000000e+00
196.521016166 0.000000e+00
196.982909931 0.000000e+00
197.444803695 0.000000e+00
197.90669746 0.000000e+00
198.368591224 0.000000e+00
198.830484988 0.000000e+00
199.292378753 0.000000e+00
199.754272517 0.000000e+00
200.216166282 0.000000e+00
200.678060046 0.000000e+00
201.139953811 0.000000e+00
201.601847575 0.000000e+00
202.063741339 0.000000e+00
202.525635104 0.000000e+00
202.987528868 0.000000e+00
203.449422633 0.000000e+00
203.911316397 0.000000e+00
204.373210162 0.000000e+00
204.835103926 0.000000e+00
205.296997691 0.000000e+00
205.758891455 0.000000e+00
206.220785219 0.000000e+00
206.682678984 0.000000e+00
207.144572748 0.000000e+00
207.606466513 0.000000e+00
208.068360277 0.000000e+00
208.530254042 0.000000e+00
208.992147806 0.000000e+00
209.45404157 0.000000e+00
209.915935335 0.000000e+00
210.377829099 0.000000e+00
210.839722864 0.000000e+00
211.301616628 0.000000e+00
211.763510393 0.000000e+00
212.225404157 0.000000e+00
212.687297921 0.000000e+00
213.149191686 0.000000e+00
213.61108545 0.000000e+00
214.072979215 0.000000e+00
214.534872979 0.000000e+00
214.996766744 0.000000e+00
215.458660508 0.000000e+00
215.920554273 0.000000e+00
216.382448037 0.000000e+00
216.844341801 0.000000e+00
217.306235566 0.000000e+00
217.76812933 0.000000e+00
218.230023095 0.000000e+00
218.691916859 0.000000e+00
219.153810624 0.000000e+00
219.615704388 0.000000e+00
220.077598152 0.000000e+00
220.539491917 0.000000e+00
221.001385681 0.000000e+00
221.463279446 0.000000e+00
221.92517321 0.000000e+00
222.387066975 0.000000e+00
222.848960739 0.000000e+00
223.310854503 0.000000e+00
223.772748268 0.000000e+00
224.234642032 0.000000e+00
224.696535797 0.000000e+00
225.158429561 0.000000e+00
225.620323326 0.000000e+00
226.08221709 0.000000e+00
226.544110855 0.000000e+00
227.006004619 0.000000e+00
227.467898383 0.000000e+00
227.929792148 0.000000e+00
228.391685912 0.000000e+00
228.853579677 0.000000e+00
229.315473441 0.000000e+00
229.777367206 0.000000e+00
230.23926097 0.000000e+00
230.701154734 0.000000e+00
231.163048499 0.000000e+00
231.624942263 0.000000e+00
232.086836028 0.000000e+00
232.548729792 0.000000e+00
233.010623557 0.000000e+00
233.472517321 0.000000e+00
233.934411085 0.000000e+00
234.39630485 0.000000e+00
234.858198614 0.000000e+00
235.320092379 0.000000e+00
235.781986143 0.000000e+00
236.243879908 0.000000e+00
236.705773672 0.000000e+00
237.167667436 0.000000e+00
237.629561201 0.000000e+00
238.091454965 0.000000e+00
238.55334873 0.000000e+00
239.015242494 0.000000e+00
239.477136259 0.000000e+00
239.939030023 0.000000e+00
240.400923788 0.000000e+00
240.862817552 0.000000e+00
241.324711316 0.000000e+00
241.786605081 0.000000e+00
242.248498845 0.000000e+00
242.71039261 0.000000e+00
243.172286374 0.000000e+00
243.634180139 0.000000e+00
244.096073903 0.000000e+00
244.557967667 0.000000e+00
245.019861432 0.000000e+00
245.481755196 0.000000e+00
245.943648961 0.000000e+00
246.405542725 0.000000e+00
246.86743649 0.000000e+00
247.329330254 0.000000e+00
247.791224018 0.000000e+00
248.253117783 0.000000e+00
248.715011547 0.000000e+00
249.176905312 0.000000e+00
249.638799076 0.000000e+00
250.100692841 0.000000e+00
250.562586605 0.000000e+00
251.02448037 0.000000e+00
251.486374134 0.000000e+00
251.948267898 0.000000e+00
252.410161663 0.000000e+00
252.872055427 0.000000e+00
253.333949192 0.000000e+00
253.795842956 0.000000e+00
254.257736721 0.000000e+00
254.719630485 0.000000e+00
255.181524249 0.000000e+00
255.643418014 0.000000e+00
256.105311778 0.000000e+00
256.567205543 0.000000e+00
257.029099307 0.000000e+00
257.490993072 0.000000e+00
257.952886836 0.000000e+00
258.4147806 0.000000e+00
258.876674365 0.000000e+00
259.338568129 0.000000e+00
259.800461894 0.000000e+00
260.262355658 0.000000e+00
260.724249423 0.000000e+00
261.186143187 0.000000e+00
261.648036952 0.000000e+00
262.109930716 0.000000e+00
262.57182448 0.000000e+00
263.033718245 0.000000e+00
263.495612009 0.000000e+00
263.957505774 0.000000e+00
264.419399538 0.000000e+00
264.881293303 0.000000e+00
265.343187067 0.000000e+00
265.805080831 0.000000e+00
266.266974596 0.000000e+00
266.72886836 0.000000e+00
267.190762125 0.000000e+00
267.652655889 0.000000e+00
268.114549654 0.000000e+00
268.576443418 0.000000e+00
269.038337182 0.000000e+00
269.500230947 0.000000e+00
269.962124711 0.000000e+00
270.424018476 0.000000e+00
270.88591224 0.000000e+00
271.347806005 0.000000e+00
271.809699769 0.000000e+00
272.271593533 0.000000e+00
272.733487298 0.000000e+00
273.195381062 0.000000e+00
273.657274827 0.000000e+00
274.119168591 0.000000e+00
274.581062356 0.000000e+00
275.04295612 0.000000e+00
275.504849885 0.000000e+00
275.966743649 0.000000e+00
276.428637413 0.000000e+00
276.890531178 0.000000e+00
277.352424942 0.000000e+00
277.814318707 0.000000e+00
278.276212471 0.000000e+00
279.276212471 0.0
280.276212471 0.0
281.276212471 0.0
282.276212471 0.0
283.276212471 0.0
284.276212471 0.0
285.276212471 0.0
286.276212471 0.0
287.276212471 0.0
288.276212471 0.0
289.276212471 0.0
290.276212471 0.0
291.276212471 0.0
292.276212471 0.0
293.276212471 0.0
294.276212471 0.0
295.276212471 0.0
296.276212471 0.0
297.276212471 0.0
298.276212471 0.0
299.276212471 0.0
300.276212471 0.0
301.276212471 0.0
302.276212471 0.0
303.276212471 0.0
304.276212471 0.0
305.276212471 0.0
306.276212471 0.0
307.276212471 0.0
308.276212471 0.0
309.276212471 0.0
310.276212471 0.0
311.276212471 0.0
312.276212471 0.0
313.276212471 0.0
314.276212471 0.0
315.276212471 0.0
316.276212471 0.0
317.276212471 0.0
318.276212471 0.0
319.276212471 0.0
320.276212471 0.0
321.276212471 0.0
322.276212471 0.0
323.276212471 0.0
324.276212471 0.0
325.276212471 0.0
326.276212471 0.0
327.276212471 0.0
328.276212471 0.0
329.276212471 0.0
330.276212471 0.0
331.276212471 0.0
332.276212471 0.0
333.276212471 0.0
334.276212471 0.0
335.276212471 0.0
336.276212471 0.0
337.276212471 0.0
338.276212471 0.0
339.276212471 0.0
340.276212471 0.0
341.276212471 0.0
342.276212471 0.0
343.276212471 0.0
344.276212471 0.0
345.276212471 0.0
346.276212471 0.0
347.276212471 0.0
348.276212471 0.0
349.276212471 0.0
350.276212471 0.0
351.276212471 0.0
352.276212471 0.0
353.276212471 0.0
354.276212471 0.0
355.276212471 0.0
356.276212471 0.0
357.276212471 0.0
358.276212471 0.0
359.276212471 0.0
360.276212471 0.0
361.276212471 0.0
362.276212471 0.0
363.276212471 0.0
364.276212471 0.0
365.276212471 0.0
366.276212471 0.0
367.276212471 0.0
368.276212471 0.0
369.276212471 0.0
370.276212471 0.0
371.276212471 0.0
372.276212471 0.0
373.276212471 0.0
374.276212471 0.0
375.276212471 0.0
376.276212471 0.0
377.276212471 0.0
378.276212471 0.0
379.276212471 0.0
380.276212471 0.0
381.276212471 0.0
382.276212471 0.0
383.276212471 0.0
384.276212471 0.0
385.276212471 0.0
386.276212471 0.0
387.276212471 0.0
388.276212471 0.0
389.276212471 0.0
390.276212471 0.0
391.276212471 0.0
392.276212471 0.0
393.276212471 0.0
394.276212471 0.0
395.276212471 0.0
396.276212471 0.0
397.276212471 0.0
398.276212471 0.0
399.276212471 0.0
400.276212471 0.0
401.276212471 0.0
402.276212471 0.0
403.276212471 0.0
404.276212471 0.0
405.276212471 0.0
406.276212471 0.0
407.276212471 0.0
408.276212471 0.0
409.276212471 0.0
410.276212471 0.0
411.276212471 0.0
412.276212471 0.0
413.276212471 0.0
414.276212471 0.0
415.276212471 0.0
416.276212471 0.0
417.276212471 0.0
418.276212471 0.0
419.276212471 0.0
420.276212471 0.0
421.276212471 0.0
422.276212471 0.0
423.276212471 0.0
424.276212471 0.0
425.276212471 0.0
426.276212471 0.0
427.276212471 0.0
428.276212471 0.0
429.276212471 0.0
430.276212471 0.0
431.276212471 0.0
432.276212471 0.0
433.276212471 0.0
434.276212471 0.0
435.276212471 0.0
436.276212471 0.0
437.276212471 0.0
438.276212471 0.0
439.276212471 0.0
440.276212471 0.0
441.276212471 0.0
442.276212471 0.0
443.276212471 0.0
444.276212471 0.0
445.276212471 0.0
446.276212471 0.0
447.276212471 0.0
448.276212471 0.0
449.276212471 0.0
450.276212471 0.0
451.276212471 0.0
452.276212471 0.0
453.276212471 0.0
454.276212471 0.0
455.276212471 0.0
456.276212471 0.0
457.276212471 0.0
458.276212471 0.0
459.276212471 0.0
460.276212471 0.0
461.276212471 0.0
462.276212471 0.0
463.276212471 0.0
464.276212471 0.0
465.276212471 0.0
466.276212471 0.0
467.276212471 0.0
468.276212471 0.0
469.276212471 0.0
470.276212471 0.0
471.276212471 0.0
472.276212471 0.0
473.276212471 0.0
474.276212471 0.0
475.276212471 0.0
476.276212471 0.0
477.276212471 0.0
478.276212471 0.0
479.276212471 0.0
480.276212471 0.0
481.276212471 0.0
482.276212471 0.0
483.276212471 0.0
484.276212471 0.0
485.276212471 0.0
486.276212471 0.0
487.276212471 0.0
488.276212471 0.0
489.276212471 0.0
490.276212471 0.0
491.276212471 0.0
492.276212471 0.0
493.276212471 0.0
494.276212471 0.0
495.276212471 0.0
496.276212471 0.0
497.276212471 0.0
498.276212471 0.0
499.276212471 0.0
500.276212471 0.0
501.276212471 0.0
502.276212471 0.0
503.276212471 0.0
504.276212471 0.0
505.276212471 0.0
506.276212471 0.0
507.276212471 0.0
508.276212471 0.0
509.276212471 0.0
510.276212471 0.0
511.276212471 0.0
512.276212471 0.0
513.276212471 0.0
514.276212471 0.0
515.276212471 0.0
516.276212471 0.0
517.276212471 0.0
518.276212471 0.0
519.276212471 0.0
520.276212471 0.0
521.276212471 0.0
522.276212471 0.0
523.276212471 0.0
524.276212471 0.0
525.276212471 0.0
526.276212471 0.0
527.276212471 0.0
528.276212471 0.0
529.276212471 0.0
530.276212471 0.0
531.276212471 0.0
532.276212471 0.0
533.276212471 0.0
534.276212471 0.0
535.276212471 0.0
536.276212471 0.0
537.276212471 0.0
538.276212471 0.0
539.276212471 0.0
540.276212471 0.0
541.276212471 0.0
542.276212471 0.0
543.276212471 0.0
544.276212471 0.0
545.276212471 0.0
546.276212471 0.0
547.276212471 0.0
548.276212471 0.0
549.276212471 0.0
550.276212471 0.0
551.276212471 0.0
552.276212471 0.0
553.276212471 0.0
554.276212471 0.0
555.276212471 0.0
556.276212471 0.0
557.276212471 0.0
558.276212471 0.0
559.276212471 0.0
560.276212471 0.0
561.276212471 0.0
562.276212471 0.0
563.276212471 0.0
564.276212471 0.0
565.276212471 0.0
566.276212471 0.0
567.276212471 0.0
568.276212471 0.0
569.276212471 0.0
570.276212471 0.0
571.276212471 0.0
572.276212471 0.0
573.276212471 0.0
574.276212471 0.0
575.276212471 0.0
576.276212471 0.0
577.276212471 0.0
578.276212471 0.0
579.276212471 0.0
580.276212471 0.0
581.276212471 0.0
582.276212471 0.0
583.276212471 0.0
584.276212471 0.0
585.276212471 0.0
586.276212471 0.0
587.276212471 0.0
588.276212471 0.0
589.276212471 0.0
590.276212471 0.0
591.276212471 0.0
592.276212471 0.0
593.276212471 0.0
594.276212471 0.0
595.276212471 0.0
596.276212471 0.0
597.276212471 0.0
598.276212471 0.0
599.276212471 0.0
600.276212471 0.0
601.276212471 0.0
602.276212471 0.0
603.276212471 0.0
604.276212471 0.0
605.276212471 0.0
606.276212471 0.0
607.276212471 0.0
608.276212471 0.0
609.276212471 0.0
610.276212471 0.0
611.276212471 0.0
612.276212471 0.0
613.276212471 0.0
614.276212471 0.0
615.276212471 0.0
616.276212471 0.0
617.276212471 0.0
618.276212471 0.0
619.276212471 0.0
620.276212471 0.0
621.276212471 0.0
622.276212471 0.0
623.276212471 0.0
624.276212471 0.0
625.276212471 0.0
626.276212471 0.0
627.276212471 0.0
628.276212471 0.0
629.276212471 0.0
630.276212471 0.0
631.276212471 0.0
632.276212471 0.0
633.276212471 0.0
634.276212471 0.0
635.276212471 0.0
636.276212471 0.0
637.276212471 0.0
638.276212471 0.0
639.276212471 0.0
640.276212471 0.0
641.276212471 0.0
642.276212471 0.0
643.276212471 0.0
644.276212471 0.0
645.276212471 0.0
646.276212471 0.0
647.276212471 0.0
648.276212471 0.0
649.276212471 0.0
650.276212471 0.0
651.276212471 0.0
652.276212471 0.0
653.276212471 0.0
654.276212471 0.0
655.276212471 0.0
656.276212471 0.0
657.276212471 0.0
658.276212471 0.0
659.276212471 0.0
660.276212471 0.0
661.276212471 0.0
662.276212471 0.0
663.276212471 0.0
664.276212471 0.0
665.276212471 0.0
666.276212471 0.0
667.276212471 0.0
668.276212471 0.0
669.276212471 0.0
670.276212471 0.0
671.276212471 0.0
672.276212471 0.0
673.276212471 0.0
674.276212471 0.0
675.276212471 0.0
676.276212471 0.0
677.276212471 0.0
678.276212471 0.0
679.276212471 0.0
680.276212471 0.0
681.276212471 0.0
682.276212471 0.0
683.276212471 0.0
684.276212471 0.0
685.276212471 0.0
686.276212471 0.0
687.276212471 0.0
688.276212471 0.0
689.276212471 0.0
690.276212471 0.0
691.276212471 0.0
692.276212471 0.0
693.276212471 0.0
694.276212471 0.0
695.276212471 0.0
696.276212471 0.0
697.276212471 0.0
698.276212471 0.0
699.276212471 0.0
700.276212471 0.0
701.276212471 0.0
702.276212471 0.0
703.276212471 0.0
704.276212471 0.0
705.276212471 0.0
706.276212471 0.0
707.276212471 0.0
708.276212471 0.0
709.276212471 0.0
710.276212471 0.0
711.276212471 0.0
712.276212471 0.0
713.276212471 0.0
714.276212471 0.0
715.276212471 0.0
716.276212471 0.0
717.276212471 0.0
718.276212471 0.0
719.276212471 0.0
720.276212471 0.0
721.276212471 0.0
722.276212471 0.0
723.276212471 0.0
724.276212471 0.0
725.276212471 0.0
726.276212471 0.0
727.276212471 0.0
728.276212471 0.0
729.276212471 0.0
730.276212471 0.0
731.276212471 0.0
732.276212471 0.0
733.276212471 0.0
734.276212471 0.0
735.276212471 0.0
736.276212471 0.0
737.276212471 0.0
738.276212471 0.0
739.276212471 0.0
740.276212471 0.0
741.276212471 0.0
742.276212471 0.0
743.276212471 0.0
744.276212471 0.0
745.276212471 0.0
746.276212471 0.0
747.276212471 0.0
748.276212471 0.0
749.276212471 0.0
750.276212471 0.0
751.276212471 0.0
752.276212471 0.0
753.276212471 0.0
754.276212471 0.0
755.276212471 0.0
756.276212471 0.0
757.276212471 0.0
758.276212471 0.0
759.276212471 0.0
760.276212471 0.0
761.276212471 0.0
762.276212471 0.0
763.276212471 0.0
764.276212471 0.0
765.276212471 0.0
766.276212471 0.0
767.276212471 0.0
768.276212471 0.0
769.276212471 0.0
770.276212471 0.0
771.276212471 0.0
772.276212471 0.0
773.276212471 0.0
774.276212471 0.0
775.276212471 0.0
776.276212471 0.0
777.276212471 0.0
778.276212471 0.0
