-621.035270236 0.0
-620.035270236 0.0
-619.035270236 0.0
-618.035270236 0.0
-617.035270236 0.0
-616.035270236 0.0
-615.035270236 0.0
-614.035270236 0.0
-613.035270236 0.0
-612.035270236 0.0
-611.035270236 0.0
-610.035270236 0.0
-609.035270236 0.0
-608.035270236 0.0
-607.035270236 0.0
-606.035270236 0.0
-605.035270236 0.0
-604.035270236 0.0
-603.035270236 0.0
-602.035270236 0.0
-601.035270236 0.0
-600.035270236 0.0
-599.035270236 0.0
-598.035270236 0.0
-597.035270236 0.0
-596.035270236 0.0
-595.035270236 0.0
-594.035270236 0.0
-593.035270236 0.0
-592.035270236 0.0
-591.035270236 0.0
-590.035270236 0.0
-589.035270236 0.0
-588.035270236 0.0
-587.035270236 0.0
-586.035270236 0.0
-585.035270236 0.0
-584.035270236 0.0
-583.035270236 0.0
-582.035270236 0.0
-581.035270236 0.0
-580.035270236 0.0
-579.035270236 0.0
-578.035270236 0.0
-577.035270236 0.0
-576.035270236 0.0
-575.035270236 0.0
-574.035270236 0.0
-573.035270236 0.0
-572.035270236 0.0
-571.035270236 0.0
-570.035270236 0.0
-569.035270236 0.0
-568.035270236 0.0
-567.035270236 0.0
-566.035270236 0.0
-565.035270236 0.0
-564.035270236 0.0
-563.035270236 0.0
-562.035270236 0.0
-561.035270236 0.0
-560.035270236 0.0
-559.035270236 0.0
-558.035270236 0.0
-557.035270236 0.0
-556.035270236 0.0
-555.035270236 0.0
-554.035270236 0.0
-553.035270236 0.0
-552.035270236 0.0
-551.035270236 0.0
-550.035270236 0.0
-549.035270236 0.0
-548.035270236 0.0
-547.035270236 0.0
-546.035270236 0.0
-545.035270236 0.0
-544.035270236 0.0
-543.035270236 0.0
-542.035270236 0.0
-541.035270236 0.0
-540.035270236 0.0
-539.035270236 0.0
-538.035270236 0.0
-537.035270236 0.0
-536.035270236 0.0
-535.035270236 0.0
-534.035270236 0.0
-533.035270236 0.0
-532.035270236 0.0
-531.035270236 0.0
-530.035270236 0.0
-529.035270236 0.0
-528.035270236 0.0
-527.035270236 0.0
-526.035270236 0.0
-525.035270236 0.0
-524.035270236 0.0
-523.035270236 0.0
-522.035270236 0.0
-521.035270236 0.0
-520.035270236 0.0
-519.035270236 0.0
-518.035270236 0.0
-517.035270236 0.0
-516.035270236 0.0
-515.035270236 0.0
-514.035270236 0.0
-513.035270236 0.0
-512.035270236 0.0
-511.035270236 0.0
-510.035270236 0.0
-509.035270236 0.0
-508.035270236 0.0
-507.035270236 0.0
-506.035270236 0.0
-505.035270236 0.0
-504.035270236 0.0
-503.035270236 0.0
-502.035270236 0.0
-501.035270236 0.0
-500.035270236 0.0
-499.035270236 0.0
-498.035270236 0.0
-497.035270236 0.0
-496.035270236 0.0
-495.035270236 0.0
-494.035270236 0.0
-493.035270236 0.0
-492.035270236 0.0
-491.035270236 0.0
-490.035270236 0.0
-489.035270236 0.0
-488.035270236 0.0
-487.035270236 0.0
-486.035270236 0.0
-485.035270236 0.0
-484.035270236 0.0
-483.035270236 0.0
-482.035270236 0.0
-481.035270236 0.0
-480.035270236 0.0
-479.035270236 0.0
-478.035270236 0.0
-477.035270236 0.0
-476.035270236 0.0
-475.035270236 0.0
-474.035270236 0.0
-473.035270236 0.0
-472.035270236 0.0
-471.035270236 0.0
-470.035270236 0.0
-469.035270236 0.0
-468.035270236 0.0
-467.035270236 0.0
-466.035270236 0.0
-465.035270236 0.0
-464.035270236 0.0
-463.035270236 0.0
-462.035270236 0.0
-461.035270236 0.0
-460.035270236 0.0
-459.035270236 0.0
-458.035270236 0.0
-457.035270236 0.0
-456.035270236 0.0
-455.035270236 0.0
-454.035270236 0.0
-453.035270236 0.0
-452.035270236 0.0
-451.035270236 0.0
-450.035270236 0.0
-449.035270236 0.0
-448.035270236 0.0
-447.035270236 0.0
-446.035270236 0.0
-445.035270236 0.0
-444.035270236 0.0
-443.035270236 0.0
-442.035270236 0.0
-441.035270236 0.0
-440.035270236 0.0
-439.035270236 0.0
-438.035270236 0.0
-437.035270236 0.0
-436.035270236 0.0
-435.035270236 0.0
-434.035270236 0.0
-433.035270236 0.0
-432.035270236 0.0
-431.035270236 0.0
-430.035270236 0.0
-429.035270236 0.0
-428.035270236 0.0
-427.035270236 0.0
-426.035270236 0.0
-425.035270236 0.0
-424.035270236 0.0
-423.035270236 0.0
-422.035270236 0.0
-421.035270236 0.0
-420.035270236 0.0
-419.035270236 0.0
-418.035270236 0.0
-417.035270236 0.0
-416.035270236 0.0
-415.035270236 0.0
-414.035270236 0.0
-413.035270236 0.0
-412.035270236 0.0
-411.035270236 0.0
-410.035270236 0.0
-409.035270236 0.0
-408.035270236 0.0
-407.035270236 0.0
-406.035270236 0.0
-405.035270236 0.0
-404.035270236 0.0
-403.035270236 0.0
-402.035270236 0.0
-401.035270236 0.0
-400.035270236 0.0
-399.035270236 0.0
-398.035270236 0.0
-397.035270236 0.0
-396.035270236 0.0
-395.035270236 0.0
-394.035270236 0.0
-393.035270236 0.0
-392.035270236 0.0
-391.035270236 0.0
-390.035270236 0.0
-389.035270236 0.0
-388.035270236 0.0
-387.035270236 0.0
-386.035270236 0.0
-385.035270236 0.0
-384.035270236 0.0
-383.035270236 0.0
-382.035270236 0.0
-381.035270236 0.0
-380.035270236 0.0
-379.035270236 0.0
-378.035270236 0.0
-377.035270236 0.0
-376.035270236 0.0
-375.035270236 0.0
-374.035270236 0.0
-373.035270236 0.0
-372.035270236 0.0
-371.035270236 0.0
-370.035270236 0.0
-369.035270236 0.0
-368.035270236 0.0
-367.035270236 0.0
-366.035270236 0.0
-365.035270236 0.0
-364.035270236 0.0
-363.035270236 0.0
-362.035270236 0.0
-361.035270236 0.0
-360.035270236 0.0
-359.035270236 0.0
-358.035270236 0.0
-357.035270236 0.0
-356.035270236 0.0
-355.035270236 0.0
-354.035270236 0.0
-353.035270236 0.0
-352.035270236 0.0
-351.035270236 0.0
-350.035270236 0.0
-349.035270236 0.0
-348.035270236 0.0
-347.035270236 0.0
-346.035270236 0.0
-345.035270236 0.0
-344.035270236 0.0
-343.035270236 0.0
-342.035270236 0.0
-341.035270236 0.0
-340.035270236 0.0
-339.035270236 0.0
-338.035270236 0.0
-337.035270236 0.0
-336.035270236 0.0
-335.035270236 0.0
-334.035270236 0.0
-333.035270236 0.0
-332.035270236 0.0
-331.035270236 0.0
-330.035270236 0.0
-329.035270236 0.0
-328.035270236 0.0
-327.035270236 0.0
-326.035270236 0.0
-325.035270236 0.0
-324.035270236 0.0
-323.035270236 0.0
-322.035270236 0.0
-321.035270236 0.0
-320.035270236 0.0
-319.035270236 0.0
-318.035270236 0.0
-317.035270236 0.0
-316.035270236 0.0
-315.035270236 0.0
-314.035270236 0.0
-313.035270236 0.0
-312.035270236 0.0
-311.035270236 0.0
-310.035270236 0.0
-309.035270236 0.0
-308.035270236 0.0
-307.035270236 0.0
-306.035270236 0.0
-305.035270236 0.0
-304.035270236 0.0
-303.035270236 0.0
-302.035270236 0.0
-301.035270236 0.0
-300.035270236 0.0
-299.035270236 0.0
-298.035270236 0.0
-297.035270236 0.0
-296.035270236 0.0
-295.035270236 0.0
-294.035270236 0.0
-293.035270236 0.0
-292.035270236 0.0
-291.035270236 0.0
-290.035270236 0.0
-289.035270236 0.0
-288.035270236 0.0
-287.035270236 0.0
-286.035270236 0.0
-285.035270236 0.0
-284.035270236 0.0
-283.035270236 0.0
-282.035270236 0.0
-281.035270236 0.0
-280.035270236 0.0
-279.035270236 0.0
-278.035270236 0.0
-277.035270236 0.0
-276.035270236 0.0
-275.035270236 0.0
-274.035270236 0.0
-273.035270236 0.0
-272.035270236 0.0
-271.035270236 0.0
-270.035270236 0.0
-269.035270236 0.0
-268.035270236 0.0
-267.035270236 0.0
-266.035270236 0.0
-265.035270236 0.0
-264.035270236 0.0
-263.035270236 0.0
-262.035270236 0.0
-261.035270236 0.0
-260.035270236 0.0
-259.035270236 0.0
-258.035270236 0.0
-257.035270236 0.0
-256.035270236 0.0
-255.035270236 0.0
-254.035270236 0.0
-253.035270236 0.0
-252.035270236 0.0
-251.035270236 0.0
-250.035270236 0.0
-249.035270236 0.0
-248.035270236 0.0
-247.035270236 0.0
-246.035270236 0.0
-245.035270236 0.0
-244.035270236 0.0
-243.035270236 0.0
-242.035270236 0.0
-241.035270236 0.0
-240.035270236 0.0
-239.035270236 0.0
-238.035270236 0.0
-237.035270236 0.0
-236.035270236 0.0
-235.035270236 0.0
-234.035270236 0.0
-233.035270236 0.0
-232.035270236 0.0
-231.035270236 0.0
-230.035270236 0.0
-229.035270236 0.0
-228.035270236 0.0
-227.035270236 0.0
-226.035270236 0.0
-225.035270236 0.0
-224.035270236 0.0
-223.035270236 0.0
-222.035270236 0.0
-221.035270236 0.0
-220.035270236 0.0
-219.035270236 0.0
-218.035270236 0.0
-217.035270236 0.0
-216.035270236 0.0
-215.035270236 0.0
-214.035270236 0.0
-213.035270236 0.0
-212.035270236 0.0
-211.035270236 0.0
-210.035270236 0.0
-209.035270236 0.0
-208.035270236 0.0
-207.035270236 0.0
-206.035270236 0.0
-205.035270236 0.0
-204.035270236 0.0
-203.035270236 0.0
-202.035270236 0.0
-201.035270236 0.0
-200.035270236 0.0
-199.035270236 0.0
-198.035270236 0.0
-197.035270236 0.0
-196.035270236 0.0
-195.035270236 0.0
-194.035270236 0.0
-193.035270236 0.0
-192.035270236 0.0
-191.035270236 0.0
-190.035270236 0.0
-189.035270236 0.0
-188.035270236 0.0
-187.035270236 0.0
-186.035270236 0.0
-185.035270236 0.0
-184.035270236 0.0
-183.035270236 0.0
-182.035270236 0.0
-181.035270236 0.0
-180.035270236 0.0
-179.035270236 0.0
-178.035270236 0.0
-177.035270236 0.0
-176.035270236 0.0
-175.035270236 0.0
-174.035270236 0.0
-173.035270236 0.0
-172.035270236 0.0
-171.035270236 0.0
-170.035270236 0.0
-169.035270236 0.0
-168.035270236 0.0
-167.035270236 0.0
-166.035270236 0.0
-165.035270236 0.0
-164.035270236 0.0
-163.035270236 0.0
-162.035270236 0.0
-161.035270236 0.0
-160.035270236 0.0
-159.035270236 0.0
-158.035270236 0.0
-157.035270236 0.0
-156.035270236 0.0
-155.035270236 0.0
-154.035270236 0.0
-153.035270236 0.0
-152.035270236 0.0
-151.035270236 0.0
-150.035270236 0.0
-149.035270236 0.0
-148.035270236 0.0
-147.035270236 0.0
-146.035270236 0.0
-145.035270236 0.0
-144.035270236 0.0
-143.035270236 0.0
-142.035270236 0.0
-141.035270236 0.0
-140.035270236 0.0
-139.035270236 0.0
-138.035270236 0.0
-137.035270236 0.0
-136.035270236 0.0
-135.035270236 0.0
-134.035270236 0.0
-133.035270236 0.0
-132.035270236 0.0
-131.035270236 0.0
-130.035270236 0.0
-129.035270236 0.0
-128.035270236 0.0
-127.035270236 0.0
-126.035270236 0.0
-125.035270236 0.0
-124.035270236 0.0
-123.035270236 0.0
-122.035270236 0.0
-121.035270236 0.000000e+00
-120.527784826 0.000000e+00
-120.020299416 0.000000e+00
-119.512814007 0.000000e+00
-119.005328597 0.000000e+00
-118.497843187 0.000000e+00
-117.990357777 0.000000e+00
-117.482872367 0.000000e+00
-116.975386958 0.000000e+00
-116.467901548 0.000000e+00
-115.960416138 0.000000e+00
-115.452930728 0.000000e+00
-114.945445318 0.000000e+00
-114.437959909 0.000000e+00
-113.930474499 0.000000e+00
-113.422989089 0.000000e+00
-112.915503679 0.000000e+00
-112.408018269 0.000000e+00
-111.90053286 0.000000e+00
-111.39304745 0.000000e+00
-110.88556204 0.000000e+00
-110.37807663 0.000000e+00
-109.870591221 0.000000e+00
-109.363105811 0.000000e+00
-108.855620401 0.000000e+00
-108.348134991 0.000000e+00
-107.840649581 0.000000e+00
-107.333164172 0.000000e+00
-106.825678762 0.000000e+00
-106.318193352 0.000000e+00
-105.810707942 0.000000e+00
-105.303222532 0.000000e+00
-104.795737123 0.000000e+00
-104.288251713 0.000000e+00
-103.780766303 0.000000e+00
-103.273280893 0.000000e+00
-102.765795483 0.000000e+00
-102.258310074 0.000000e+00
-101.750824664 0.000000e+00
-101.243339254 0.000000e+00
-100.735853844 0.000000e+00
-100.228368434 0.000000e+00
-99.7208830246 0.000000e+00
-99.2133976148 0.000000e+00
-98.705912205 0.000000e+00
-98.1984267952 0.000000e+00
-97.6909413854 0.000000e+00
-97.1834559756 0.000000e+00
-96.6759705658 0.000000e+00
-96.1684851561 0.000000e+00
-95.6609997463 0.000000e+00
-95.1535143365 0.000000e+00
-94.6460289267 0.000000e+00
-94.1385435169 0.000000e+00
-93.6310581071 0.000000e+00
-93.1235726973 0.000000e+00
-92.6160872875 0.000000e+00
-92.1086018777 0.000000e+00
-91.6011164679 0.000000e+00
-91.0936310581 0.000000e+00
-90.5861456483 0.000000e+00
-90.0786602385 0.000000e+00
-89.5711748287 0.000000e+00
-89.0636894189 0.000000e+00
-88.5562040091 0.000000e+00
-88.0487185993 0.000000e+00
-87.5412331895 0.000000e+00
-87.0337477798 0.000000e+00
-86.52626237 0.000000e+00
-86.0187769602 0.000000e+00
-85.5112915504 0.000000e+00
-85.0038061406 0.000000e+00
-84.4963207308 0.000000e+00
-83.988835321 0.000000e+00
-83.4813499112 0.000000e+00
-82.9738645014 0.000000e+00
-82.4663790916 0.000000e+00
-81.9588936818 0.000000e+00
-81.451408272 0.000000e+00
-80.9439228622 0.000000e+00
-80.4364374524 0.000000e+00
-79.9289520426 0.000000e+00
-79.4214666328 0.000000e+00
-78.913981223 0.000000e+00
-78.4064958132 0.000000e+00
-77.8990104035 0.000000e+00
-77.3915249937 0.000000e+00
-76.8840395839 0.000000e+00
-76.3765541741 0.000000e+00
-75.8690687643 0.000000e+00
-75.3615833545 0.000000e+00
-74.8540979447 0.000000e+00
-74.3466125349 0.000000e+00
-73.8391271251 0.000000e+00
-73.3316417153 0.000000e+00
-72.8241563055 0.000000e+00
-72.3166708957 0.000000e+00
-71.8091854859 0.000000e+00
-71.3017000761 0.000000e+00
-70.7942146663 0.000000e+00
-70.2867292565 0.000000e+00
-69.7792438467 0.000000e+00
-69.2717584369 0.000000e+00
-68.7642730272 0.000000e+00
-68.2567876174 0.000000e+00
-67.7493022076 0.000000e+00
-67.2418167978 0.000000e+00
-66.734331388 0.000000e+00
-66.2268459782 0.000000e+00
-65.7193605684 0.000000e+00
-65.2118751586 0.000000e+00
-64.7043897488 0.000000e+00
-64.196904339 0.000000e+00
-63.6894189292 0.000000e+00
-63.1819335194 0.000000e+00
-62.6744481096 0.000000e+00
-62.1669626998 0.000000e+00
-61.65947729 0.000000e+00
-61.1519918802 0.000000e+00
-60.6445064704 0.000000e+00
-60.1370210606 0.000000e+00
-59.6295356509 0.000000e+00
-59.1220502411 0.000000e+00
-58.6145648313 0.000000e+00
-58.1070794215 0.000000e+00
-57.5995940117 0.000000e+00
-57.0921086019 0.000000e+00
-56.5846231921 0.000000e+00
-56.0771377823 0.000000e+00
-55.5696523725 0.000000e+00
-55.0621669627 0.000000e+00
-54.5546815529 0.000000e+00
-54.0471961431 0.000000e+00
-53.5397107333 0.000000e+00
-53.0322253235 0.000000e+00
-52.5247399137 0.000000e+00
-52.0172545039 0.000000e+00
-51.5097690941 0.000000e+00
-51.0022836843 0.000000e+00
-50.4947982745 0.000000e+00
-49.9873128648 0.000000e+00
-49.479827455 0.000000e+00
-48.9723420452 0.000000e+00
-48.4648566354 0.000000e+00
-47.9573712256 0.000000e+00
-47.4498858158 0.000000e+00
-46.942400406 0.000000e+00
-46.4349149962 0.000000e+00
-45.9274295864 0.000000e+00
-45.4199441766 0.000000e+00
-44.9124587668 0.000000e+00
-44.404973357 0.000000e+00
-43.8974879472 0.000000e+00
-43.3900025374 0.000000e+00
-42.8825171276 0.000000e+00
-42.3750317178 0.000000e+00
-41.867546308 0.000000e+00
-41.3600608982 0.000000e+00
-40.8525754885 0.000000e+00
-40.3450900787 0.000000e+00
-39.8376046689 0.000000e+00
-39.3301192591 0.000000e+00
-38.8226338493 0.000000e+00
-38.3151484395 0.000000e+00
-37.8076630297 0.000000e+00
-37.3001776199 0.000000e+00
-36.7926922101 0.000000e+00
-36.2852068003 0.000000e+00
-35.7777213905 0.000000e+00
-35.2702359807 0.000000e+00
-34.7627505709 0.000000e+00
-34.2552651611 0.000000e+00
-33.7477797513 0.000000e+00
-33.2402943415 0.000000e+00
-32.7328089317 0.000000e+00
-32.2253235219 0.000000e+00
-31.7178381122 0.000000e+00
-31.2103527024 0.000000e+00
-30.7028672926 0.000000e+00
-30.1953818828 0.000000e+00
-29.687896473 0.000000e+00
-29.1804110632 0.000000e+00
-28.6729256534 0.000000e+00
-28.1654402436 0.000000e+00
-27.6579548338 0.000000e+00
-27.150469424 0.000000e+00
-26.6429840142 0.000000e+00
-26.1354986044 0.000000e+00
-25.6280131946 0.000000e+00
-25.1205277848 0.000000e+00
-24.613042375 0.000000e+00
-24.1055569652 0.000000e+00
-23.5980715554 0.000000e+00
-23.0905861456 0.000000e+00
-22.5831007359 0.000000e+00
-22.0756153261 0.000000e+00
-21.5681299163 0.000000e+00
-21.0606445065 0.000000e+00
-20.5531590967 0.000000e+00
-20.0456736869 0.000000e+00
-19.5381882771 0.000000e+00
-19.0307028673 0.000000e+00
-18.5232174575 0.000000e+00
-18.0157320477 0.000000e+00
-17.5082466379 0.000000e+00
-17.0007612281 0.000000e+00
-16.4932758183 0.000000e+00
-15.9857904085 0.000000e+00
-15.4783049987 0.000000e+00
-14.9708195889 0.000000e+00
-14.4633341791 0.000000e+00
-13.9558487693 0.000000e+00
-13.4483633596 0.000000e+00
-12.9408779498 0.000000e+00
-12.43339254 0.000000e+00
-11.9259071302 0.000000e+00
-11.4184217204 0.000000e+00
-10.9109363106 0.000000e+00
-10.4034509008 0.000000e+00
-9.89596549099 0.000000e+00
-9.3884800812 0.000000e+00
-8.8809946714 7.310155e-01
-8.37350926161 0.000000e+00
-7.86602385181 0.000000e+00
-7.35853844202 0.000000e+00
-6.85105303223 0.000000e+00
-6.34356762243 0.000000e+00
-5.83608221264 0.000000e+00
-5.32859680284 0.000000e+00
-4.82111139305 0.000000e+00
-4.31362598325 0.000000e+00
-3.80614057346 0.000000e+00
-3.29865516366 0.000000e+00
-2.79116975387 0.000000e+00
-2.28368434408 0.000000e+00
-1.77619893428 0.000000e+00
-1.26871352449 0.000000e+00
-0.761228114692 0.000000e+00
-0.253742704897 1.000000e+00
0.253742704897 0.000000e+00
0.761228114692 0.000000e+00
1.26871352449 0.000000e+00
1.77619893428 0.000000e+00
2.28368434408 0.000000e+00
2.79116975387 0.000000e+00
3.29865516366 0.000000e+00
3.80614057346 0.000000e+00
4.31362598325 0.000000e+00
4.82111139305 0.000000e+00
5.32859680284 0.000000e+00
5.83608221264 0.000000e+00
6.34356762243 7.786012e-01
6.85105303223 0.000000e+00
7.35853844202 0.000000e+00
7.86602385181 0.000000e+00
8.37350926161 0.000000e+00
8.8809946714 0.000000e+00
9.3884800812 0.000000e+00
9.89596549099 0.000000e+00
10.4034509008 0.000000e+00
10.9109363106 0.000000e+00
11.4184217204 0.000000e+00
11.9259071302 0.000000e+00
12.43339254 0.000000e+00
12.9408779498 0.000000e+00
13.4483633596 0.000000e+00
13.9558487693 0.000000e+00
14.4633341791 0.000000e+00
14.9708195889 0.000000e+00
15.4783049987 7.352549e-01
15.9857904085 0.000000e+00
16.4932758183 8.734359e-01
17.0007612281 0.000000e+00
17.5082466379 0.000000e+00
18.0157320477 0.000000e+00
18.5232174575 0.000000e+00
19.0307028673 0.000000e+00
19.5381882771 0.000000e+00
20.0456736869 0.000000e+00
20.5531590967 0.000000e+00
21.0606445065 0.000000e+00
21.5681299163 0.000000e+00
22.0756153261 0.000000e+00
22.5831007359 0.000000e+00
23.0905861456 0.000000e+00
23.5980715554 0.000000e+00
24.1055569652 0.000000e+00
24.613042375 0.000000e+00
25.1205277848 0.000000e+00
25.6280131946 0.000000e+00
26.1354986044 0.000000e+00
26.6429840142 0.000000e+00
27.150469424 0.000000e+00
27.6579548338 0.000000e+00
28.1654402436 0.000000e+00
28.6729256534 0.000000e+00
29.1804110632 0.000000e+00
29.687896473 0.000000e+00
30.1953818828 0.000000e+00
30.7028672926 0.000000e+00
31.2103527024 0.000000e+00
31.7178381122 0.000000e+00
32.2253235219 0.000000e+00
32.7328089317 0.000000e+00
33.2402943415 0.000000e+00
33.7477797513 0.000000e+00
34.2552651611 0.000000e+00
34.7627505709 0.000000e+00
35.2702359807 0.000000e+00
35.7777213905 0.000000e+00
36.2852068003 0.000000e+00
36.7926922101 0.000000e+00
37.3001776199 0.000000e+00
37.8076630297 0.000000e+00
38.3151484395 0.000000e+00
38.8226338493 0.000000e+00
39.3301192591 0.000000e+00
39.8376046689 0.000000e+00
40.3450900787 0.000000e+00
40.8525754885 0.000000e+00
41.3600608982 0.000000e+00
41.867546308 0.000000e+00
42.3750317178 0.000000e+00
42.8825171276 0.000000e+00
43.3900025374 0.000000e+00
43.8974879472 0.000000e+00
44.404973357 0.000000e+00
44.9124587668 0.000000e+00
45.4199441766 0.000000e+00
45.9274295864 0.000000e+00
46.4349149962 0.000000e+00
46.942400406 0.000000e+00
47.4498858158 0.000000e+00
47.9573712256 0.000000e+00
48.4648566354 0.000000e+00
48.9723420452 0.000000e+00
49.479827455 0.000000e+00
49.9873128648 7.008865e-01
50.4947982745 0.000000e+00
51.0022836843 0.000000e+00
51.5097690941 0.000000e+00
52.0172545039 0.000000e+00
52.5247399137 0.000000e+00
53.0322253235 0.000000e+00
53.5397107333 0.000000e+00
54.0471961431 0.000000e+00
54.5546815529 0.000000e+00
55.0621669627 0.000000e+00
55.5696523725 0.000000e+00
56.0771377823 0.000000e+00
56.5846231921 0.000000e+00
57.0921086019 0.000000e+00
57.5995940117 0.000000e+00
58.1070794215 0.000000e+00
58.6145648313 0.000000e+00
59.1220502411 0.000000e+00
59.6295356509 0.000000e+00
60.1370210606 0.000000e+00
60.6445064704 0.000000e+00
61.1519918802 0.000000e+00
61.65947729 0.000000e+00
62.1669626998 0.000000e+00
62.6744481096 0.000000e+00
63.1819335194 0.000000e+00
63.6894189292 0.000000e+00
64.196904339 0.000000e+00
64.7043897488 0.000000e+00
65.2118751586 0.000000e+00
65.7193605684 0.000000e+00
66.2268459782 0.000000e+00
66.734331388 0.000000e+00
67.2418167978 0.000000e+00
67.7493022076 0.000000e+00
68.2567876174 0.000000e+00
68.7642730272 0.000000e+00
69.2717584369 0.000000e+00
69.7792438467 0.000000e+00
70.2867292565 0.000000e+00
70.7942146663 0.000000e+00
71.3017000761 0.000000e+00
71.8091854859 0.000000e+00
72.3166708957 0.000000e+00
72.8241563055 0.000000e+00
73.3316417153 0.000000e+00
73.8391271251 0.000000e+00
74.3466125349 0.000000e+00
74.8540979447 0.000000e+00
75.3615833545 0.000000e+00
75.8690687643 0.000000e+00
76.3765541741 0.000000e+00
76.8840395839 0.000000e+00
77.3915249937 0.000000e+00
77.8990104035 0.000000e+00
78.4064958132 0.000000e+00
78.913981223 0.000000e+00
79.4214666328 0.000000e+00
79.9289520426 9.567004e-01
80.4364374524 0.000000e+00
80.9439228622 0.000000e+00
81.451408272 0.000000e+00
81.9588936818 0.000000e+00
82.4663790916 0.000000e+00
82.9738645014 0.000000e+00
83.4813499112 0.000000e+00
83.988835321 0.000000e+00
84.4963207308 0.000000e+00
85.0038061406 0.000000e+00
85.5112915504 0.000000e+00
86.0187769602 0.000000e+00
86.52626237 0.000000e+00
87.0337477798 0.000000e+00
87.5412331895 0.000000e+00
88.0487185993 0.000000e+00
88.5562040091 0.000000e+00
89.0636894189 0.000000e+00
89.5711748287 0.000000e+00
90.0786602385 0.000000e+00
90.5861456483 0.000000e+00
91.0936310581 0.000000e+00
91.6011164679 0.000000e+00
92.1086018777 0.000000e+00
92.6160872875 0.000000e+00
93.1235726973 0.000000e+00
93.6310581071 0.000000e+00
94.1385435169 0.000000e+00
94.6460289267 0.000000e+00
95.1535143365 0.000000e+00
95.6609997463 0.000000e+00
96.1684851561 0.000000e+00
96.6759705658 0.000000e+00
97.1834559756 0.000000e+00
97.6909413854 0.000000e+00
98.1984267952 0.000000e+00
98.705912205 0.000000e+00
99.2133976148 0.000000e+00
99.7208830246 0.000000e+00
100.228368434 0.000000e+00
100.735853844 0.000000e+00
101.243339254 0.000000e+00
101.750824664 0.000000e+00
102.258310074 0.000000e+00
102.765795483 0.000000e+00
103.273280893 0.000000e+00
103.780766303 0.000000e+00
104.288251713 0.000000e+00
104.795737123 0.000000e+00
105.303222532 0.000000e+00
105.810707942 0.000000e+00
106.318193352 0.000000e+00
106.825678762 0.000000e+00
107.333164172 0.000000e+00
107.840649581 0.000000e+00
108.348134991 0.000000e+00
108.855620401 0.000000e+00
109.363105811 0.000000e+00
109.870591221 0.000000e+00
110.37807663 0.000000e+00
110.88556204 0.000000e+00
111.39304745 0.000000e+00
111.90053286 0.000000e+00
112.408018269 0.000000e+00
112.915503679 0.000000e+00
113.422989089 0.000000e+00
113.930474499 0.000000e+00
114.437959909 0.000000e+00
114.945445318 0.000000e+00
115.452930728 0.000000e+00
115.960416138 0.000000e+00
116.467901548 0.000000e+00
116.975386958 0.000000e+00
117.482872367 0.000000e+00
117.990357777 0.000000e+00
118.497843187 0.000000e+00
119.005328597 0.000000e+00
119.512814007 0.000000e+00
120.020299416 0.000000e+00
120.527784826 0.000000e+00
121.035270236 0.000000e+00
121.542755646 0.000000e+00
122.050241056 0.000000e+00
122.557726465 0.000000e+00
123.065211875 0.000000e+00
123.572697285 0.000000e+00
124.080182695 0.000000e+00
124.587668105 0.000000e+00
125.095153514 0.000000e+00
125.602638924 0.000000e+00
126.110124334 0.000000e+00
126.617609744 0.000000e+00
127.125095154 0.000000e+00
127.632580563 0.000000e+00
128.140065973 0.000000e+00
128.647551383 0.000000e+00
129.155036793 0.000000e+00
129.662522202 0.000000e+00
130.170007612 0.000000e+00
130.677493022 0.000000e+00
131.184978432 0.000000e+00
131.692463842 0.000000e+00
132.199949251 0.000000e+00
132.707434661 0.000000e+00
133.214920071 0.000000e+00
133.722405481 0.000000e+00
134.229890891 0.000000e+00
134.7373763 0.000000e+00
135.24486171 0.000000e+00
135.75234712 0.000000e+00
136.25983253 0.000000e+00
136.76731794 0.000000e+00
137.274803349 0.000000e+00
137.782288759 0.000000e+00
138.289774169 0.000000e+00
138.797259579 0.000000e+00
139.304744989 0.000000e+00
139.812230398 0.000000e+00
140.319715808 0.000000e+00
140.827201218 0.000000e+00
141.334686628 0.000000e+00
141.842172038 0.000000e+00
142.349657447 0.000000e+00
142.857142857 0.000000e+00
143.364628267 0.000000e+00
143.872113677 0.000000e+00
144.379599087 0.000000e+00
144.887084496 0.000000e+00
145.394569906 0.000000e+00
145.902055316 0.000000e+00
146.409540726 0.000000e+00
146.917026135 0.000000e+00
147.424511545 0.000000e+00
147.931996955 0.000000e+00
148.439482365 0.000000e+00
148.946967775 0.000000e+00
149.454453184 0.000000e+00
149.961938594 0.000000e+00
150.469424004 0.000000e+00
150.976909414 0.000000e+00
151.484394824 0.000000e+00
151.991880233 0.000000e+00
152.499365643 0.000000e+00
153.006851053 0.000000e+00
153.514336463 0.000000e+00
154.021821873 0.000000e+00
154.529307282 0.000000e+00
155.036792692 0.000000e+00
155.544278102 0.000000e+00
156.051763512 0.000000e+00
156.559248922 0.000000e+00
157.066734331 0.000000e+00
157.574219741 0.000000e+00
158.081705151 0.000000e+00
158.589190561 0.000000e+00
159.096675971 0.000000e+00
159.60416138 0.000000e+00
160.11164679 0.000000e+00
160.6191322 0.000000e+00
161.12661761 0.000000e+00
161.63410302 0.000000e+00
162.141588429 0.000000e+00
162.649073839 0.000000e+00
163.156559249 0.000000e+00
163.664044659 0.000000e+00
164.171530069 0.000000e+00
164.679015478 0.000000e+00
165.186500888 0.000000e+00
165.693986298 0.000000e+00
166.201471708 0.000000e+00
166.708957117 0.000000e+00
167.216442527 0.000000e+00
167.723927937 0.000000e+00
168.231413347 0.000000e+00
168.738898757 0.000000e+00
169.246384166 0.000000e+00
169.753869576 0.000000e+00
170.261354986 0.000000e+00
170.768840396 0.000000e+00
171.276325806 0.000000e+00
171.783811215 0.000000e+00
172.291296625 0.000000e+00
172.798782035 0.000000e+00
173.306267445 0.000000e+00
173.813752855 0.000000e+00
174.321238264 0.000000e+00
174.828723674 0.000000e+00
175.336209084 0.000000e+00
175.843694494 0.000000e+00
176.351179904 0.000000e+00
176.858665313 0.000000e+00
177.366150723 0.000000e+00
177.873636133 0.000000e+00
178.381121543 0.000000e+00
178.888606953 0.000000e+00
179.396092362 0.000000e+00
179.903577772 0.000000e+00
180.411063182 0.000000e+00
180.918548592 0.000000e+00
181.426034002 0.000000e+00
181.933519411 0.000000e+00
182.441004821 0.000000e+00
182.948490231 0.000000e+00
183.455975641 0.000000e+00
183.96346105 0.000000e+00
184.47094646 0.000000e+00
184.97843187 0.000000e+00
185.48591728 0.000000e+00
185.99340269 0.000000e+00
186.500888099 0.000000e+00
187.008373509 0.000000e+00
187.515858919 0.000000e+00
188.023344329 0.000000e+00
188.530829739 0.000000e+00
189.038315148 0.000000e+00
189.545800558 0.000000e+00
190.053285968 0.000000e+00
190.560771378 0.000000e+00
191.068256788 0.000000e+00
191.575742197 0.000000e+00
192.083227607 0.000000e+00
192.590713017 0.000000e+00
193.098198427 0.000000e+00
193.605683837 0.000000e+00
194.113169246 0.000000e+00
194.620654656 0.000000e+00
195.128140066 0.000000e+00
195.635625476 0.000000e+00
196.143110886 0.000000e+00
196.650596295 0.000000e+00
197.158081705 0.000000e+00
197.665567115 0.000000e+00
198.173052525 0.000000e+00
198.680537935 0.000000e+00
199.188023344 0.000000e+00
199.695508754 0.000000e+00
200.202994164 0.000000e+00
200.710479574 0.000000e+00
201.217964984 0.000000e+00
201.725450393 0.000000e+00
202.232935803 0.000000e+00
202.740421213 0.000000e+00
203.247906623 0.000000e+00
203.755392032 0.000000e+00
204.262877442 0.000000e+00
204.770362852 0.000000e+00
205.277848262 0.000000e+00
205.785333672 0.000000e+00
206.292819081 0.000000e+00
206.800304491 0.000000e+00
207.307789901 0.000000e+00
207.815275311 0.000000e+00
208.322760721 0.000000e+00
208.83024613 0.000000e+00
209.33773154 0.000000e+00
209.84521695 0.000000e+00
210.35270236 0.000000e+00
210.86018777 0.000000e+00
211.367673179 0.000000e+00
211.875158589 0.000000e+00
212.382643999 0.000000e+00
212.890129409 0.000000e+00
213.397614819 0.000000e+00
213.905100228 0.000000e+00
214.412585638 0.000000e+00
214.920071048 0.000000e+00
215.427556458 0.000000e+00
215.935041868 0.000000e+00
216.442527277 0.000000e+00
216.950012687 0.000000e+00
217.457498097 0.000000e+00
217.964983507 0.000000e+00
218.472468917 0.000000e+00
218.979954326 0.000000e+00
219.487439736 0.000000e+00
219.994925146 0.000000e+00
220.502410556 0.000000e+00
221.009895965 0.000000e+00
221.517381375 0.000000e+00
222.024866785 0.000000e+00
222.532352195 0.000000e+00
223.039837605 0.000000e+00
223.547323014 0.000000e+00
224.054808424 0.000000e+00
224.562293834 0.000000e+00
225.069779244 0.000000e+00
225.577264654 0.000000e+00
226.084750063 0.000000e+00
226.592235473 0.000000e+00
227.099720883 0.000000e+00
227.607206293 0.000000e+00
228.114691703 0.000000e+00
228.622177112 0.000000e+00
229.129662522 0.000000e+00
229.637147932 0.000000e+00
230.144633342 0.000000e+00
230.652118752 0.000000e+00
231.159604161 0.000000e+00
231.667089571 0.000000e+00
232.174574981 0.000000e+00
232.682060391 0.000000e+00
233.189545801 0.000000e+00
233.69703121 0.000000e+00
234.20451662 0.000000e+00
234.71200203 0.000000e+00
235.21948744 0.000000e+00
235.72697285 0.000000e+00
236.234458259 0.000000e+00
236.741943669 0.000000e+00
237.249429079 0.000000e+00
237.756914489 0.000000e+00
238.264399899 0.000000e+00
238.771885308 0.000000e+00
239.279370718 0.000000e+00
239.786856128 0.000000e+00
240.294341538 0.000000e+00
240.801826947 0.000000e+00
241.309312357 0.000000e+00
241.816797767 0.000000e+00
242.324283177 0.000000e+00
242.831768587 0.000000e+00
243.339253996 0.000000e+00
243.846739406 0.000000e+00
244.354224816 0.000000e+00
244.861710226 0.000000e+00
245.369195636 0.000000e+00
245.876681045 0.000000e+00
246.384166455 0.000000e+00
246.891651865 0.000000e+00
247.399137275 0.000000e+00
247.906622685 0.000000e+00
248.414108094 0.000000e+00
248.921593504 0.000000e+00
249.429078914 0.000000e+00
249.936564324 0.000000e+00
250.444049734 0.000000e+00
250.951535143 0.000000e+00
251.459020553 0.000000e+00
251.966505963 0.000000e+00
252.473991373 0.000000e+00
252.981476783 0.000000e+00
253.488962192 0.000000e+00
253.996447602 0.000000e+00
254.503933012 0.000000e+00
255.011418422 0.000000e+00
255.518903832 0.000000e+00
256.026389241 0.000000e+00
256.533874651 0.000000e+00
257.041360061 0.000000e+00
257.548845471 0.000000e+00
258.05633088 0.000000e+00
258.56381629 0.000000e+00
259.0713017 0.000000e+00
259.57878711 0.000000e+00
260.08627252 0.000000e+00
260.593757929 0.000000e+00
261.101243339 0.000000e+00
261.608728749 0.000000e+00
262.116214159 0.000000e+00
262.623699569 0.000000e+00
263.131184978 0.000000e+00
263.638670388 0.000000e+00
264.146155798 0.000000e+00
264.653641208 0.000000e+00
265.161126618 0.000000e+00
265.668612027 0.000000e+00
266.176097437 0.000000e+00
266.683582847 0.000000e+00
267.191068257 0.000000e+00
267.698553667 0.000000e+00
268.206039076 0.000000e+00
268.713524486 0.000000e+00
269.221009896 0.000000e+00
269.728495306 0.000000e+00
270.235980716 0.000000e+00
270.743466125 0.000000e+00
271.250951535 0.000000e+00
271.758436945 0.000000e+00
272.265922355 0.000000e+00
272.773407765 0.000000e+00
273.280893174 0.000000e+00
273.788378584 0.000000e+00
274.295863994 0.000000e+00
274.803349404 0.000000e+00
275.310834813 0.000000e+00
275.818320223 0.000000e+00
276.325805633 0.000000e+00
276.833291043 0.000000e+00
277.340776453 0.000000e+00
277.848261862 0.000000e+00
278.355747272 0.000000e+00
278.863232682 0.000000e+00
279.370718092 0.000000e+00
279.878203502 0.000000e+00
280.385688911 0.000000e+00
280.893174321 0.000000e+00
281.400659731 0.000000e+00
281.908145141 0.000000e+00
282.415630551 0.000000e+00
282.92311596 0.000000e+00
283.43060137 0.000000e+00
283.93808678 0.000000e+00
284.44557219 0.000000e+00
284.9530576 0.000000e+00
285.460543009 0.000000e+00
285.968028419 0.000000e+00
286.475513829 0.000000e+00
286.982999239 0.000000e+00
287.490484649 0.000000e+00
287.997970058 0.000000e+00
288.505455468 0.000000e+00
289.012940878 0.000000e+00
289.520426288 0.000000e+00
290.027911698 0.000000e+00
290.535397107 0.000000e+00
291.042882517 0.000000e+00
291.550367927 0.000000e+00
292.057853337 0.000000e+00
292.565338747 0.000000e+00
293.072824156 0.000000e+00
293.580309566 0.000000e+00
294.087794976 0.000000e+00
294.595280386 0.000000e+00
295.102765795 0.000000e+00
295.610251205 0.000000e+00
296.117736615 0.000000e+00
296.625222025 0.000000e+00
297.132707435 0.000000e+00
297.640192844 0.000000e+00
298.147678254 0.000000e+00
298.655163664 0.000000e+00
299.162649074 0.000000e+00
299.670134484 0.000000e+00
300.177619893 0.000000e+00
300.685105303 0.000000e+00
301.192590713 0.000000e+00
301.700076123 0.000000e+00
302.207561533 0.000000e+00
302.715046942 0.000000e+00
303.222532352 0.000000e+00
303.730017762 0.000000e+00
304.237503172 0.000000e+00
304.744988582 0.000000e+00
305.252473991 0.000000e+00
305.759959401 0.000000e+00
306.267444811 0.000000e+00
306.774930221 0.000000e+00
307.282415631 0.000000e+00
307.78990104 0.000000e+00
308.29738645 0.000000e+00
308.80487186 0.000000e+00
309.31235727 0.000000e+00
309.81984268 0.000000e+00
310.327328089 0.000000e+00
310.834813499 0.000000e+00
311.342298909 0.000000e+00
311.849784319 0.000000e+00
312.357269728 0.000000e+00
312.864755138 0.000000e+00
313.372240548 0.000000e+00
313.879725958 0.000000e+00
314.387211368 0.000000e+00
314.894696777 0.000000e+00
315.402182187 0.000000e+00
315.909667597 0.000000e+00
316.417153007 0.000000e+00
316.924638417 0.000000e+00
317.432123826 0.000000e+00
317.939609236 0.000000e+00
318.447094646 0.000000e+00
318.954580056 0.000000e+00
319.462065466 0.000000e+00
319.969550875 0.000000e+00
320.477036285 0.000000e+00
320.984521695 0.000000e+00
321.492007105 0.000000e+00
321.999492515 0.000000e+00
322.506977924 0.000000e+00
323.014463334 0.000000e+00
323.521948744 0.000000e+00
324.029434154 0.000000e+00
324.536919564 0.000000e+00
325.044404973 0.000000e+00
325.551890383 0.000000e+00
326.059375793 0.000000e+00
326.566861203 0.000000e+00
327.074346613 0.000000e+00
327.581832022 0.000000e+00
328.089317432 0.000000e+00
328.596802842 0.000000e+00
329.104288252 0.000000e+00
329.611773662 0.000000e+00
330.119259071 0.000000e+00
330.626744481 0.000000e+00
331.134229891 0.000000e+00
331.641715301 0.000000e+00
332.14920071 0.000000e+00
332.65668612 0.000000e+00
333.16417153 0.000000e+00
333.67165694 0.000000e+00
334.17914235 0.000000e+00
334.686627759 0.000000e+00
335.194113169 0.000000e+00
335.701598579 0.000000e+00
336.209083989 0.000000e+00
336.716569399 0.000000e+00
337.224054808 0.000000e+00
337.731540218 0.000000e+00
338.239025628 0.000000e+00
338.746511038 0.000000e+00
339.253996448 0.000000e+00
339.761481857 0.000000e+00
340.268967267 0.000000e+00
340.776452677 0.000000e+00
341.283938087 0.000000e+00
341.791423497 0.000000e+00
342.298908906 0.000000e+00
342.806394316 0.000000e+00
343.313879726 0.000000e+00
343.821365136 0.000000e+00
344.328850546 0.000000e+00
344.836335955 0.000000e+00
345.343821365 0.000000e+00
345.851306775 0.000000e+00
346.358792185 0.000000e+00
346.866277595 0.000000e+00
347.373763004 0.000000e+00
347.881248414 0.000000e+00
348.388733824 0.000000e+00
348.896219234 0.000000e+00
349.403704643 0.000000e+00
349.911190053 0.000000e+00
350.418675463 0.000000e+00
350.926160873 0.000000e+00
351.433646283 0.000000e+00
351.941131692 0.000000e+00
352.448617102 0.000000e+00
352.956102512 0.000000e+00
353.463587922 0.000000e+00
353.971073332 0.000000e+00
354.478558741 0.000000e+00
354.986044151 0.000000e+00
355.493529561 0.000000e+00
356.001014971 0.000000e+00
356.508500381 0.000000e+00
357.01598579 0.000000e+00
357.5234712 0.000000e+00
358.03095661 0.000000e+00
358.53844202 0.000000e+00
359.04592743 0.000000e+00
359.553412839 0.000000e+00
360.060898249 0.000000e+00
360.568383659 0.000000e+00
361.075869069 0.000000e+00
361.583354479 0.000000e+00
362.090839888 0.000000e+00
362.598325298 0.000000e+00
363.105810708 0.000000e+00
363.613296118 0.000000e+00
364.120781528 0.000000e+00
364.628266937 0.000000e+00
365.135752347 0.000000e+00
365.643237757 0.000000e+00
366.150723167 0.000000e+00
366.658208577 0.000000e+00
367.165693986 0.000000e+00
367.673179396 0.000000e+00
368.180664806 0.000000e+00
368.688150216 0.000000e+00
369.195635625 0.000000e+00
369.703121035 0.000000e+00
370.210606445 0.000000e+00
370.718091855 0.000000e+00
371.225577265 0.000000e+00
371.733062674 0.000000e+00
372.240548084 0.000000e+00
372.748033494 0.000000e+00
373.255518904 0.000000e+00
373.763004314 0.000000e+00
374.270489723 0.000000e+00
374.777975133 0.000000e+00
375.285460543 0.000000e+00
375.792945953 0.000000e+00
376.300431363 0.000000e+00
376.807916772 0.000000e+00
377.315402182 0.000000e+00
377.822887592 0.000000e+00
378.330373002 0.000000e+00
378.837858412 0.000000e+00
379.345343821 0.000000e+00
379.852829231 0.000000e+00
380.360314641 0.000000e+00
380.867800051 0.000000e+00
381.375285461 0.000000e+00
381.88277087 0.000000e+00
382.39025628 0.000000e+00
382.89774169 0.000000e+00
383.4052271 0.000000e+00
383.91271251 0.000000e+00
384.420197919 0.000000e+00
384.927683329 0.000000e+00
385.435168739 0.000000e+00
385.942654149 0.000000e+00
386.450139558 0.000000e+00
386.957624968 0.000000e+00
387.465110378 0.000000e+00
387.972595788 0.000000e+00
388.480081198 0.000000e+00
388.987566607 0.000000e+00
389.495052017 0.000000e+00
390.002537427 0.000000e+00
390.510022837 0.000000e+00
391.017508247 0.000000e+00
391.524993656 0.000000e+00
392.032479066 0.000000e+00
392.539964476 0.000000e+00
393.047449886 0.000000e+00
393.554935296 0.000000e+00
394.062420705 0.000000e+00
394.569906115 0.000000e+00
395.077391525 0.000000e+00
395.584876935 0.000000e+00
396.092362345 0.000000e+00
396.599847754 0.000000e+00
397.107333164 0.000000e+00
397.614818574 0.000000e+00
398.122303984 0.000000e+00
398.629789394 0.000000e+00
399.137274803 0.000000e+00
399.644760213 0.000000e+00
400.152245623 0.000000e+00
400.659731033 0.000000e+00
401.167216443 0.000000e+00
401.674701852 0.000000e+00
402.182187262 0.000000e+00
402.689672672 0.000000e+00
403.197158082 0.000000e+00
403.704643491 0.000000e+00
404.212128901 0.000000e+00
404.719614311 0.000000e+00
405.227099721 0.000000e+00
405.734585131 0.000000e+00
406.24207054 0.000000e+00
406.74955595 0.000000e+00
407.25704136 0.000000e+00
407.76452677 0.000000e+00
408.27201218 0.000000e+00
408.779497589 0.000000e+00
409.286982999 0.000000e+00
409.794468409 0.000000e+00
410.301953819 0.000000e+00
410.809439229 0.000000e+00
411.316924638 0.000000e+00
411.824410048 0.000000e+00
412.331895458 0.000000e+00
412.839380868 0.000000e+00
413.346866278 0.000000e+00
413.854351687 0.000000e+00
414.361837097 0.000000e+00
414.869322507 0.000000e+00
415.376807917 0.000000e+00
415.884293327 0.000000e+00
416.391778736 0.000000e+00
416.899264146 0.000000e+00
417.406749556 0.000000e+00
417.914234966 0.000000e+00
418.421720376 0.000000e+00
418.929205785 0.000000e+00
419.436691195 0.000000e+00
419.944176605 0.000000e+00
420.451662015 0.000000e+00
420.959147425 0.000000e+00
421.466632834 0.000000e+00
421.974118244 0.000000e+00
422.481603654 0.000000e+00
422.989089064 0.000000e+00
423.496574473 0.000000e+00
424.004059883 0.000000e+00
424.511545293 0.000000e+00
425.019030703 0.000000e+00
425.526516113 0.000000e+00
426.034001522 0.000000e+00
426.541486932 0.000000e+00
427.048972342 0.000000e+00
427.556457752 0.000000e+00
428.063943162 0.000000e+00
428.571428571 0.000000e+00
429.078913981 0.000000e+00
429.586399391 0.000000e+00
430.093884801 0.000000e+00
430.601370211 0.000000e+00
431.10885562 0.000000e+00
431.61634103 0.000000e+00
432.12382644 0.000000e+00
432.63131185 0.000000e+00
433.13879726 0.000000e+00
433.646282669 0.000000e+00
434.153768079 0.000000e+00
434.661253489 0.000000e+00
435.168738899 0.000000e+00
435.676224309 0.000000e+00
436.183709718 0.000000e+00
436.691195128 0.000000e+00
437.198680538 0.000000e+00
437.706165948 0.000000e+00
438.213651358 0.000000e+00
438.721136767 0.000000e+00
439.228622177 0.000000e+00
439.736107587 0.000000e+00
440.243592997 0.000000e+00
440.751078406 0.000000e+00
441.258563816 0.000000e+00
441.766049226 0.000000e+00
442.273534636 0.000000e+00
442.781020046 0.000000e+00
443.288505455 0.000000e+00
443.795990865 0.000000e+00
444.303476275 0.000000e+00
444.810961685 0.000000e+00
445.318447095 0.000000e+00
445.825932504 0.000000e+00
446.333417914 0.000000e+00
446.840903324 0.000000e+00
447.348388734 0.000000e+00
447.855874144 0.000000e+00
448.363359553 0.000000e+00
448.870844963 0.000000e+00
449.378330373 0.000000e+00
449.885815783 0.000000e+00
450.393301193 0.000000e+00
450.900786602 0.000000e+00
451.408272012 0.000000e+00
451.915757422 0.000000e+00
452.423242832 0.000000e+00
452.930728242 0.000000e+00
453.438213651 0.000000e+00
453.945699061 0.000000e+00
454.453184471 0.000000e+00
454.960669881 0.000000e+00
455.468155291 0.000000e+00
455.9756407 0.000000e+00
456.48312611 0.000000e+00
456.99061152 0.000000e+00
457.49809693 0.000000e+00
458.00558234 0.000000e+00
458.513067749 0.000000e+00
459.020553159 0.000000e+00
459.528038569 0.000000e+00
460.035523979 0.000000e+00
460.543009388 0.000000e+00
461.050494798 0.000000e+00
461.557980208 0.000000e+00
462.065465618 0.000000e+00
462.572951028 0.000000e+00
463.080436437 0.000000e+00
463.587921847 0.000000e+00
464.095407257 0.000000e+00
464.602892667 0.000000e+00
465.110378077 0.000000e+00
465.617863486 0.000000e+00
466.125348896 0.000000e+00
466.632834306 0.000000e+00
467.140319716 0.000000e+00
467.647805126 0.000000e+00
468.155290535 0.000000e+00
468.662775945 0.000000e+00
469.170261355 0.000000e+00
469.677746765 0.000000e+00
470.185232175 0.000000e+00
470.692717584 0.000000e+00
471.200202994 0.000000e+00
471.707688404 0.000000e+00
472.215173814 0.000000e+00
472.722659224 0.000000e+00
473.230144633 0.000000e+00
473.737630043 0.000000e+00
474.245115453 0.000000e+00
474.752600863 0.000000e+00
475.260086273 0.000000e+00
475.767571682 0.000000e+00
476.275057092 0.000000e+00
476.782542502 0.000000e+00
477.290027912 0.000000e+00
477.797513321 0.000000e+00
478.304998731 0.000000e+00
478.812484141 0.000000e+00
479.319969551 0.000000e+00
479.827454961 0.000000e+00
480.33494037 0.000000e+00
480.84242578 0.000000e+00
481.34991119 0.000000e+00
481.8573966 0.000000e+00
482.36488201 0.000000e+00
482.872367419 0.000000e+00
483.379852829 0.000000e+00
483.887338239 0.000000e+00
484.394823649 0.000000e+00
484.902309059 0.000000e+00
485.409794468 0.000000e+00
485.917279878 0.000000e+00
486.424765288 0.000000e+00
486.932250698 0.000000e+00
487.439736108 0.000000e+00
487.947221517 0.000000e+00
488.454706927 0.000000e+00
489.454706927 0.0
490.454706927 0.0
491.454706927 0.0
492.454706927 0.0
493.454706927 0.0
494.454706927 0.0
495.454706927 0.0
496.454706927 0.0
497.454706927 0.0
498.454706927 0.0
499.454706927 0.0
500.454706927 0.0
501.454706927 0.0
502.454706927 0.0
503.454706927 0.0
504.454706927 0.0
505.454706927 0.0
506.454706927 0.0
507.454706927 0.0
508.454706927 0.0
509.454706927 0.0
510.454706927 0.0
511.454706927 0.0
512.454706927 0.0
513.454706927 0.0
514.454706927 0.0
515.454706927 0.0
516.454706927 0.0
517.454706927 0.0
518.454706927 0.0
519.454706927 0.0
520.454706927 0.0
521.454706927 0.0
522.454706927 0.0
523.454706927 0.0
524.454706927 0.0
525.454706927 0.0
526.454706927 0.0
527.454706927 0.0
528.454706927 0.0
529.454706927 0.0
530.454706927 0.0
531.454706927 0.0
532.454706927 0.0
533.454706927 0.0
534.454706927 0.0
535.454706927 0.0
536.454706927 0.0
537.454706927 0.0
538.454706927 0.0
539.454706927 0.0
540.454706927 0.0
541.454706927 0.0
542.454706927 0.0
543.454706927 0.0
544.454706927 0.0
545.454706927 0.0
546.454706927 0.0
547.454706927 0.0
548.454706927 0.0
549.454706927 0.0
550.454706927 0.0
551.454706927 0.0
552.454706927 0.0
553.454706927 0.0
554.454706927 0.0
555.454706927 0.0
556.454706927 0.0
557.454706927 0.0
558.454706927 0.0
559.454706927 0.0
560.454706927 0.0
561.454706927 0.0
562.454706927 0.0
563.454706927 0.0
564.454706927 0.0
565.454706927 0.0
566.454706927 0.0
567.454706927 0.0
568.454706927 0.0
569.454706927 0.0
570.454706927 0.0
571.454706927 0.0
572.454706927 0.0
573.454706927 0.0
574.454706927 0.0
575.454706927 0.0
576.454706927 0.0
577.454706927 0.0
578.454706927 0.0
579.454706927 0.0
580.454706927 0.0
581.454706927 0.0
582.454706927 0.0
583.454706927 0.0
584.454706927 0.0
585.454706927 0.0
586.454706927 0.0
587.454706927 0.0
588.454706927 0.0
589.454706927 0.0
590.454706927 0.0
591.454706927 0.0
592.454706927 0.0
593.454706927 0.0
594.454706927 0.0
595.454706927 0.0
596.454706927 0.0
597.454706927 0.0
598.454706927 0.0
599.454706927 0.0
600.454706927 0.0
601.454706927 0.0
602.454706927 0.0
603.454706927 0.0
604.454706927 0.0
605.454706927 0.0
606.454706927 0.0
607.454706927 0.0
608.454706927 0.0
609.454706927 0.0
610.454706927 0.0
611.454706927 0.0
612.454706927 0.0
613.454706927 0.0
614.454706927 0.0
615.454706927 0.0
616.454706927 0.0
617.454706927 0.0
618.454706927 0.0
619.454706927 0.0
620.454706927 0.0
621.454706927 0.0
622.454706927 0.0
623.454706927 0.0
624.454706927 0.0
625.454706927 0.0
626.454706927 0.0
627.454706927 0.0
628.454706927 0.0
629.454706927 0.0
630.454706927 0.0
631.454706927 0.0
632.454706927 0.0
633.454706927 0.0
634.454706927 0.0
635.454706927 0.0
636.454706927 0.0
637.454706927 0.0
638.454706927 0.0
639.454706927 0.0
640.454706927 0.0
641.454706927 0.0
642.454706927 0.0
643.454706927 0.0
644.454706927 0.0
645.454706927 0.0
646.454706927 0.0
647.454706927 0.0
648.454706927 0.0
649.454706927 0.0
650.454706927 0.0
651.454706927 0.0
652.454706927 0.0
653.454706927 0.0
654.454706927 0.0
655.454706927 0.0
656.454706927 0.0
657.454706927 0.0
658.454706927 0.0
659.454706927 0.0
660.454706927 0.0
661.454706927 0.0
662.454706927 0.0
663.454706927 0.0
664.454706927 0.0
665.454706927 0.0
666.454706927 0.0
667.454706927 0.0
668.454706927 0.0
669.454706927 0.0
670.454706927 0.0
671.454706927 0.0
672.454706927 0.0
673.454706927 0.0
674.454706927 0.0
675.454706927 0.0
676.454706927 0.0
677.454706927 0.0
678.454706927 0.0
679.454706927 0.0
680.454706927 0.0
681.454706927 0.0
682.454706927 0.0
683.454706927 0.0
684.454706927 0.0
685.454706927 0.0
686.454706927 0.0
687.454706927 0.0
688.454706927 0.0
689.454706927 0.0
690.454706927 0.0
691.454706927 0.0
692.454706927 0.0
693.454706927 0.0
694.454706927 0.0
695.454706927 0.0
696.454706927 0.0
697.454706927 0.0
698.454706927 0.0
699.454706927 0.0
700.454706927 0.0
701.454706927 0.0
702.454706927 0.0
703.454706927 0.0
704.454706927 0.0
705.454706927 0.0
706.454706927 0.0
707.454706927 0.0
708.454706927 0.0
709.454706927 0.0
710.454706927 0.0
711.454706927 0.0
712.454706927 0.0
713.454706927 0.0
714.454706927 0.0
715.454706927 0.0
716.454706927 0.0
717.454706927 0.0
718.454706927 0.0
719.454706927 0.0
720.454706927 0.0
721.454706927 0.0
722.454706927 0.0
723.454706927 0.0
724.454706927 0.0
725.454706927 0.0
726.454706927 0.0
727.454706927 0.0
728.454706927 0.0
729.454706927 0.0
730.454706927 0.0
731.454706927 0.0
732.454706927 0.0
733.454706927 0.0
734.454706927 0.0
735.454706927 0.0
736.454706927 0.0
737.454706927 0.0
738.454706927 0.0
739.454706927 0.0
740.454706927 0.0
741.454706927 0.0
742.454706927 0.0
743.454706927 0.0
744.454706927 0.0
745.454706927 0.0
746.454706927 0.0
747.454706927 0.0
748.454706927 0.0
749.454706927 0.0
750.454706927 0.0
751.454706927 0.0
752.454706927 0.0
753.454706927 0.0
754.454706927 0.0
755.454706927 0.0
756.454706927 0.0
757.454706927 0.0
758.454706927 0.0
759.454706927 0.0
760.454706927 0.0
761.454706927 0.0
762.454706927 0.0
763.454706927 0.0
764.454706927 0.0
765.454706927 0.0
766.454706927 0.0
767.454706927 0.0
768.454706927 0.0
769.454706927 0.0
770.454706927 0.0
771.454706927 0.0
772.454706927 0.0
773.454706927 0.0
774.454706927 0.0
775.454706927 0.0
776.454706927 0.0
777.454706927 0.0
778.454706927 0.0
779.454706927 0.0
780.454706927 0.0
781.454706927 0.0
782.454706927 0.0
783.454706927 0.0
784.454706927 0.0
785.454706927 0.0
786.454706927 0.0
787.454706927 0.0
788.454706927 0.0
789.454706927 0.0
790.454706927 0.0
791.454706927 0.0
792.454706927 0.0
793.454706927 0.0
794.454706927 0.0
795.454706927 0.0
796.454706927 0.0
797.454706927 0.0
798.454706927 0.0
799.454706927 0.0
800.454706927 0.0
801.454706927 0.0
802.454706927 0.0
803.454706927 0.0
804.454706927 0.0
805.454706927 0.0
806.454706927 0.0
807.454706927 0.0
808.454706927 0.0
809.454706927 0.0
810.454706927 0.0
811.454706927 0.0
812.454706927 0.0
813.454706927 0.0
814.454706927 0.0
815.454706927 0.0
816.454706927 0.0
817.454706927 0.0
818.454706927 0.0
819.454706927 0.0
820.454706927 0.0
821.454706927 0.0
822.454706927 0.0
823.454706927 0.0
824.454706927 0.0
825.454706927 0.0
826.454706927 0.0
827.454706927 0.0
828.454706927 0.0
829.454706927 0.0
830.454706927 0.0
831.454706927 0.0
832.454706927 0.0
833.454706927 0.0
834.454706927 0.0
835.454706927 0.0
836.454706927 0.0
837.454706927 0.0
838.454706927 0.0
839.454706927 0.0
840.454706927 0.0
841.454706927 0.0
842.454706927 0.0
843.454706927 0.0
844.454706927 0.0
845.454706927 0.0
846.454706927 0.0
847.454706927 0.0
848.454706927 0.0
849.454706927 0.0
850.454706927 0.0
851.454706927 0.0
852.454706927 0.0
853.454706927 0.0
854.454706927 0.0
855.454706927 0.0
856.454706927 0.0
857.454706927 0.0
858.454706927 0.0
859.454706927 0.0
860.454706927 0.0
861.454706927 0.0
862.454706927 0.0
863.454706927 0.0
864.454706927 0.0
865.454706927 0.0
866.454706927 0.0
867.454706927 0.0
868.454706927 0.0
869.454706927 0.0
870.454706927 0.0
871.454706927 0.0
872.454706927 0.0
873.454706927 0.0
874.454706927 0.0
875.454706927 0.0
876.454706927 0.0
877.454706927 0.0
878.454706927 0.0
879.454706927 0.0
880.454706927 0.0
881.454706927 0.0
882.454706927 0.0
883.454706927 0.0
884.454706927 0.0
885.454706927 0.0
886.454706927 0.0
887.454706927 0.0
888.454706927 0.0
889.454706927 0.0
890.454706927 0.0
891.454706927 0.0
892.454706927 0.0
893.454706927 0.0
894.454706927 0.0
895.454706927 0.0
896.454706927 0.0
897.454706927 0.0
898.454706927 0.0
899.454706927 0.0
900.454706927 0.0
901.454706927 0.0
902.454706927 0.0
903.454706927 0.0
904.454706927 0.0
905.454706927 0.0
906.454706927 0.0
907.454706927 0.0
908.454706927 0.0
909.454706927 0.0
910.454706927 0.0
911.454706927 0.0
912.454706927 0.0
913.454706927 0.0
914.454706927 0.0
915.454706927 0.0
916.454706927 0.0
917.454706927 0.0
918.454706927 0.0
919.454706927 0.0
920.454706927 0.0
921.454706927 0.0
922.454706927 0.0
923.454706927 0.0
924.454706927 0.0
925.454706927 0.0
926.454706927 0.0
927.454706927 0.0
928.454706927 0.0
929.454706927 0.0
930.454706927 0.0
931.454706927 0.0
932.454706927 0.0
933.454706927 0.0
934.454706927 0.0
935.454706927 0.0
936.454706927 0.0
937.454706927 0.0
938.454706927 0.0
939.454706927 0.0
940.454706927 0.0
941.454706927 0.0
942.454706927 0.0
943.454706927 0.0
944.454706927 0.0
945.454706927 0.0
946.454706927 0.0
947.454706927 0.0
948.454706927 0.0
949.454706927 0.0
950.454706927 0.0
951.454706927 0.0
952.454706927 0.0
953.454706927 0.0
954.454706927 0.0
955.454706927 0.0
956.454706927 0.0
957.454706927 0.0
958.454706927 0.0
959.454706927 0.0
960.454706927 0.0
961.454706927 0.0
962.454706927 0.0
963.454706927 0.0
964.454706927 0.0
965.454706927 0.0
966.454706927 0.0
967.454706927 0.0
968.454706927 0.0
969.454706927 0.0
970.454706927 0.0
971.454706927 0.0
972.454706927 0.0
973.454706927 0.0
974.454706927 0.0
975.454706927 0.0
976.454706927 0.0
977.454706927 0.0
978.454706927 0.0
979.454706927 0.0
980.454706927 0.0
981.454706927 0.0
982.454706927 0.0
983.454706927 0.0
984.454706927 0.0
985.454706927 0.0
986.454706927 0.0
987.454706927 0.0
988.454706927 0.0
