-569.048377291 0.0
-568.048377291 0.0
-567.048377291 0.0
-566.048377291 0.0
-565.048377291 0.0
-564.048377291 0.0
-563.048377291 0.0
-562.048377291 0.0
-561.048377291 0.0
-560.048377291 0.0
-559.048377291 0.0
-558.048377291 0.0
-557.048377291 0.0
-556.048377291 0.0
-555.048377291 0.0
-554.048377291 0.0
-553.048377291 0.0
-552.048377291 0.0
-551.048377291 0.0
-550.048377291 0.0
-549.048377291 0.0
-548.048377291 0.0
-547.048377291 0.0
-546.048377291 0.0
-545.048377291 0.0
-544.048377291 0.0
-543.048377291 0.0
-542.048377291 0.0
-541.048377291 0.0
-540.048377291 0.0
-539.048377291 0.0
-538.048377291 0.0
-537.048377291 0.0
-536.048377291 0.0
-535.048377291 0.0
-534.048377291 0.0
-533.048377291 0.0
-532.048377291 0.0
-531.048377291 0.0
-530.048377291 0.0
-529.048377291 0.0
-528.048377291 0.0
-527.048377291 0.0
-526.048377291 0.0
-525.048377291 0.0
-524.048377291 0.0
-523.048377291 0.0
-522.048377291 0.0
-521.048377291 0.0
-520.048377291 0.0
-519.048377291 0.0
-518.048377291 0.0
-517.048377291 0.0
-516.048377291 0.0
-515.048377291 0.0
-514.048377291 0.0
-513.048377291 0.0
-512.048377291 0.0
-511.048377291 0.0
-510.048377291 0.0
-509.048377291 0.0
-508.048377291 0.0
-507.048377291 0.0
-506.048377291 0.0
-505.048377291 0.0
-504.048377291 0.0
-503.048377291 0.0
-502.048377291 0.0
-501.048377291 0.0
-500.048377291 0.0
-499.048377291 0.0
-498.048377291 0.0
-497.048377291 0.0
-496.048377291 0.0
-495.048377291 0.0
-494.048377291 0.0
-493.048377291 0.0
-492.048377291 0.0
-491.048377291 0.0
-490.048377291 0.0
-489.048377291 0.0
-488.048377291 0.0
-487.048377291 0.0
-486.048377291 0.0
-485.048377291 0.0
-484.048377291 0.0
-483.048377291 0.0
-482.048377291 0.0
-481.048377291 0.0
-480.048377291 0.0
-479.048377291 0.0
-478.048377291 0.0
-477.048377291 0.0
-476.048377291 0.0
-475.048377291 0.0
-474.048377291 0.0
-473.048377291 0.0
-472.048377291 0.0
-471.048377291 0.0
-470.048377291 0.0
-469.048377291 0.0
-468.048377291 0.0
-467.048377291 0.0
-466.048377291 0.0
-465.048377291 0.0
-464.048377291 0.0
-463.048377291 0.0
-462.048377291 0.0
-461.048377291 0.0
-460.048377291 0.0
-459.048377291 0.0
-458.048377291 0.0
-457.048377291 0.0
-456.048377291 0.0
-455.048377291 0.0
-454.048377291 0.0
-453.048377291 0.0
-452.048377291 0.0
-451.048377291 0.0
-450.048377291 0.0
-449.048377291 0.0
-448.048377291 0.0
-447.048377291 0.0
-446.048377291 0.0
-445.048377291 0.0
-444.048377291 0.0
-443.048377291 0.0
-442.048377291 0.0
-441.048377291 0.0
-440.048377291 0.0
-439.048377291 0.0
-438.048377291 0.0
-437.048377291 0.0
-436.048377291 0.0
-435.048377291 0.0
-434.048377291 0.0
-433.048377291 0.0
-432.048377291 0.0
-431.048377291 0.0
-430.048377291 0.0
-429.048377291 0.0
-428.048377291 0.0
-427.048377291 0.0
-426.048377291 0.0
-425.048377291 0.0
-424.048377291 0.0
-423.048377291 0.0
-422.048377291 0.0
-421.048377291 0.0
-420.048377291 0.0
-419.048377291 0.0
-418.048377291 0.0
-417.048377291 0.0
-416.048377291 0.0
-415.048377291 0.0
-414.048377291 0.0
-413.048377291 0.0
-412.048377291 0.0
-411.048377291 0.0
-410.048377291 0.0
-409.048377291 0.0
-408.048377291 0.0
-407.048377291 0.0
-406.048377291 0.0
-405.048377291 0.0
-404.048377291 0.0
-403.048377291 0.0
-402.048377291 0.0
-401.048377291 0.0
-400.048377291 0.0
-399.048377291 0.0
-398.048377291 0.0
-397.048377291 0.0
-396.048377291 0.0
-395.048377291 0.0
-394.048377291 0.0
-393.048377291 0.0
-392.048377291 0.0
-391.048377291 0.0
-390.048377291 0.0
-389.048377291 0.0
-388.048377291 0.0
-387.048377291 0.0
-386.048377291 0.0
-385.048377291 0.0
-384.048377291 0.0
-383.048377291 0.0
-382.048377291 0.0
-381.048377291 0.0
-380.048377291 0.0
-379.048377291 0.0
-378.048377291 0.0
-377.048377291 0.0
-376.048377291 0.0
-375.048377291 0.0
-374.048377291 0.0
-373.048377291 0.0
-372.048377291 0.0
-371.048377291 0.0
-370.048377291 0.0
-369.048377291 0.0
-368.048377291 0.0
-367.048377291 0.0
-366.048377291 0.0
-365.048377291 0.0
-364.048377291 0.0
-363.048377291 0.0
-362.048377291 0.0
-361.048377291 0.0
-360.048377291 0.0
-359.048377291 0.0
-358.048377291 0.0
-357.048377291 0.0
-356.048377291 0.0
-355.048377291 0.0
-354.048377291 0.0
-353.048377291 0.0
-352.048377291 0.0
-351.048377291 0.0
-350.048377291 0.0
-349.048377291 0.0
-348.048377291 0.0
-347.048377291 0.0
-346.048377291 0.0
-345.048377291 0.0
-344.048377291 0.0
-343.048377291 0.0
-342.048377291 0.0
-341.048377291 0.0
-340.048377291 0.0
-339.048377291 0.0
-338.048377291 0.0
-337.048377291 0.0
-336.048377291 0.0
-335.048377291 0.0
-334.048377291 0.0
-333.048377291 0.0
-332.048377291 0.0
-331.048377291 0.0
-330.048377291 0.0
-329.048377291 0.0
-328.048377291 0.0
-327.048377291 0.0
-326.048377291 0.0
-325.048377291 0.0
-324.048377291 0.0
-323.048377291 0.0
-322.048377291 0.0
-321.048377291 0.0
-320.048377291 0.0
-319.048377291 0.0
-318.048377291 0.0
-317.048377291 0.0
-316.048377291 0.0
-315.048377291 0.0
-314.048377291 0.0
-313.048377291 0.0
-312.048377291 0.0
-311.048377291 0.0
-310.048377291 0.0
-309.048377291 0.0
-308.048377291 0.0
-307.048377291 0.0
-306.048377291 0.0
-305.048377291 0.0
-304.048377291 0.0
-303.048377291 0.0
-302.048377291 0.0
-301.048377291 0.0
-300.048377291 0.0
-299.048377291 0.0
-298.048377291 0.0
-297.048377291 0.0
-296.048377291 0.0
-295.048377291 0.0
-294.048377291 0.0
-293.048377291 0.0
-292.048377291 0.0
-291.048377291 0.0
-290.048377291 0.0
-289.048377291 0.0
-288.048377291 0.0
-287.048377291 0.0
-286.048377291 0.0
-285.048377291 0.0
-284.048377291 0.0
-283.048377291 0.0
-282.048377291 0.0
-281.048377291 0.0
-280.048377291 0.0
-279.048377291 0.0
-278.048377291 0.0
-277.048377291 0.0
-276.048377291 0.0
-275.048377291 0.0
-274.048377291 0.0
-273.048377291 0.0
-272.048377291 0.0
-271.048377291 0.0
-270.048377291 0.0
-269.048377291 0.0
-268.048377291 0.0
-267.048377291 0.0
-266.048377291 0.0
-265.048377291 0.0
-264.048377291 0.0
-263.048377291 0.0
-262.048377291 0.0
-261.048377291 0.0
-260.048377291 0.0
-259.048377291 0.0
-258.048377291 0.0
-257.048377291 0.0
-256.048377291 0.0
-255.048377291 0.0
-254.048377291 0.0
-253.048377291 0.0
-252.048377291 0.0
-251.048377291 0.0
-250.048377291 0.0
-249.048377291 0.0
-248.048377291 0.0
-247.048377291 0.0
-246.048377291 0.0
-245.048377291 0.0
-244.048377291 0.0
-243.048377291 0.0
-242.048377291 0.0
-241.048377291 0.0
-240.048377291 0.0
-239.048377291 0.0
-238.048377291 0.0
-237.048377291 0.0
-236.048377291 0.0
-235.048377291 0.0
-234.048377291 0.0
-233.048377291 0.0
-232.048377291 0.0
-231.048377291 0.0
-230.048377291 0.0
-229.048377291 0.0
-228.048377291 0.0
-227.048377291 0.0
-226.048377291 0.0
-225.048377291 0.0
-224.048377291 0.0
-223.048377291 0.0
-222.048377291 0.0
-221.048377291 0.0
-220.048377291 0.0
-219.048377291 0.0
-218.048377291 0.0
-217.048377291 0.0
-216.048377291 0.0
-215.048377291 0.0
-214.048377291 0.0
-213.048377291 0.0
-212.048377291 0.0
-211.048377291 0.0
-210.048377291 0.0
-209.048377291 0.0
-208.048377291 0.0
-207.048377291 0.0
-206.048377291 0.0
-205.048377291 0.0
-204.048377291 0.0
-203.048377291 0.0
-202.048377291 0.0
-201.048377291 0.0
-200.048377291 0.0
-199.048377291 0.0
-198.048377291 0.0
-197.048377291 0.0
-196.048377291 0.0
-195.048377291 0.0
-194.048377291 0.0
-193.048377291 0.0
-192.048377291 0.0
-191.048377291 0.0
-190.048377291 0.0
-189.048377291 0.0
-188.048377291 0.0
-187.048377291 0.0
-186.048377291 0.0
-185.048377291 0.0
-184.048377291 0.0
-183.048377291 0.0
-182.048377291 0.0
-181.048377291 0.0
-180.048377291 0.0
-179.048377291 0.0
-178.048377291 0.0
-177.048377291 0.0
-176.048377291 0.0
-175.048377291 0.0
-174.048377291 0.0
-173.048377291 0.0
-172.048377291 0.0
-171.048377291 0.0
-170.048377291 0.0
-169.048377291 0.0
-168.048377291 0.0
-167.048377291 0.0
-166.048377291 0.0
-165.048377291 0.0
-164.048377291 0.0
-163.048377291 0.0
-162.048377291 0.0
-161.048377291 0.0
-160.048377291 0.0
-159.048377291 0.0
-158.048377291 0.0
-157.048377291 0.0
-156.048377291 0.0
-155.048377291 0.0
-154.048377291 0.0
-153.048377291 0.0
-152.048377291 0.0
-151.048377291 0.0
-150.048377291 0.0
-149.048377291 0.0
-148.048377291 0.0
-147.048377291 0.0
-146.048377291 0.0
-145.048377291 0.0
-144.048377291 0.0
-143.048377291 0.0
-142.048377291 0.0
-141.048377291 0.0
-140.048377291 0.0
-139.048377291 0.0
-138.048377291 0.0
-137.048377291 0.0
-136.048377291 0.0
-135.048377291 0.0
-134.048377291 0.0
-133.048377291 0.0
-132.048377291 0.0
-131.048377291 0.0
-130.048377291 0.0
-129.048377291 0.0
-128.048377291 0.0
-127.048377291 0.0
-126.048377291 0.0
-125.048377291 0.0
-124.048377291 0.0
-123.048377291 0.0
-122.048377291 0.0
-121.048377291 0.0
-120.048377291 0.0
-119.048377291 0.0
-118.048377291 0.0
-117.048377291 0.0
-116.048377291 0.0
-115.048377291 0.0
-114.048377291 0.0
-113.048377291 0.0
-112.048377291 0.0
-111.048377291 0.0
-110.048377291 0.0
-109.048377291 0.0
-108.048377291 0.0
-107.048377291 0.0
-106.048377291 0.0
-105.048377291 0.0
-104.048377291 0.0
-103.048377291 0.0
-102.048377291 0.0
-101.048377291 0.0
-100.048377291 0.0
-99.0483772908 0.0
-98.0483772908 0.0
-97.0483772908 0.0
-96.0483772908 0.0
-95.0483772908 0.0
-94.0483772908 0.0
-93.0483772908 0.0
-92.0483772908 0.0
-91.0483772908 0.0
-90.0483772908 0.0
-89.0483772908 0.0
-88.0483772908 0.0
-87.0483772908 0.0
-86.0483772908 0.0
-85.0483772908 0.0
-84.0483772908 0.0
-83.0483772908 0.0
-82.0483772908 0.0
-81.0483772908 0.0
-80.0483772908 0.0
-79.0483772908 0.0
-78.0483772908 0.0
-77.0483772908 0.0
-76.0483772908 0.0
-75.0483772908 0.0
-74.0483772908 0.0
-73.0483772908 0.0
-72.0483772908 0.0
-71.0483772908 0.0
-70.0483772908 0.0
-69.0483772908 0.000000e+00
-68.7588662749 0.000000e+00
-68.469355259 0.000000e+00
-68.1798442431 0.000000e+00
-67.8903332272 0.000000e+00
-67.6008222113 0.000000e+00
-67.3113111954 0.000000e+00
-67.0218001795 0.000000e+00
-66.7322891636 0.000000e+00
-66.4427781477 0.000000e+00
-66.1532671318 0.000000e+00
-65.8637561159 0.000000e+00
-65.5742451 0.000000e+00
-65.2847340841 0.000000e+00
-64.9952230682 0.000000e+00
-64.7057120523 0.000000e+00
-64.4162010364 0.000000e+00
-64.1266900206 0.000000e+00
-63.8371790047 0.000000e+00
-63.5476679888 0.000000e+00
-63.2581569729 0.000000e+00
-62.968645957 0.000000e+00
-62.6791349411 0.000000e+00
-62.3896239252 0.000000e+00
-62.1001129093 0.000000e+00
-61.8106018934 0.000000e+00
-61.5210908775 0.000000e+00
-61.2315798616 0.000000e+00
-60.9420688457 0.000000e+00
-60.6525578298 0.000000e+00
-60.3630468139 0.000000e+00
-60.073535798 0.000000e+00
-59.7840247821 0.000000e+00
-59.4945137662 0.000000e+00
-59.2050027504 0.000000e+00
-58.9154917345 0.000000e+00
-58.6259807186 0.000000e+00
-58.3364697027 0.000000e+00
-58.0469586868 0.000000e+00
-57.7574476709 0.000000e+00
-57.467936655 0.000000e+00
-57.1784256391 0.000000e+00
-56.8889146232 0.000000e+00
-56.5994036073 0.000000e+00
-56.3098925914 0.000000e+00
-56.0203815755 0.000000e+00
-55.7308705596 0.000000e+00
-55.4413595437 0.000000e+00
-55.1518485278 0.000000e+00
-54.8623375119 0.000000e+00
-54.572826496 0.000000e+00
-54.2833154802 0.000000e+00
-53.9938044643 0.000000e+00
-53.7042934484 0.000000e+00
-53.4147824325 0.000000e+00
-53.1252714166 0.000000e+00
-52.8357604007 0.000000e+00
-52.5462493848 0.000000e+00
-52.2567383689 0.000000e+00
-51.967227353 0.000000e+00
-51.6777163371 0.000000e+00
-51.3882053212 0.000000e+00
-51.0986943053 0.000000e+00
-50.8091832894 0.000000e+00
-50.5196722735 0.000000e+00
-50.2301612576 0.000000e+00
-49.9406502417 0.000000e+00
-49.6511392258 0.000000e+00
-49.36162821 0.000000e+00
-49.0721171941 0.000000e+00
-48.7826061782 0.000000e+00
-48.4930951623 0.000000e+00
-48.2035841464 0.000000e+00
-47.9140731305 0.000000e+00
-47.6245621146 0.000000e+00
-47.3350510987 0.000000e+00
-47.0455400828 0.000000e+00
-46.7560290669 0.000000e+00
-46.466518051 0.000000e+00
-46.1770070351 0.000000e+00
-45.8874960192 0.000000e+00
-45.5979850033 0.000000e+00
-45.3084739874 0.000000e+00
-45.0189629715 0.000000e+00
-44.7294519556 0.000000e+00
-44.4399409398 0.000000e+00
-44.1504299239 0.000000e+00
-43.860918908 0.000000e+00
-43.5714078921 0.000000e+00
-43.2818968762 0.000000e+00
-42.9923858603 0.000000e+00
-42.7028748444 0.000000e+00
-42.4133638285 0.000000e+00
-42.1238528126 0.000000e+00
-41.8343417967 0.000000e+00
-41.5448307808 0.000000e+00
-41.2553197649 0.000000e+00
-40.965808749 0.000000e+00
-40.6762977331 0.000000e+00
-40.3867867172 0.000000e+00
-40.0972757013 0.000000e+00
-39.8077646854 0.000000e+00
-39.5182536696 0.000000e+00
-39.2287426537 0.000000e+00
-38.9392316378 0.000000e+00
-38.6497206219 0.000000e+00
-38.360209606 0.000000e+00
-38.0706985901 0.000000e+00
-37.7811875742 0.000000e+00
-37.4916765583 0.000000e+00
-37.2021655424 0.000000e+00
-36.9126545265 0.000000e+00
-36.6231435106 0.000000e+00
-36.3336324947 0.000000e+00
-36.0441214788 0.000000e+00
-35.7546104629 0.000000e+00
-35.465099447 0.000000e+00
-35.1755884311 0.000000e+00
-34.8860774152 0.000000e+00
-34.5965663994 0.000000e+00
-34.3070553835 0.000000e+00
-34.0175443676 0.000000e+00
-33.7280333517 0.000000e+00
-33.4385223358 0.000000e+00
-33.1490113199 0.000000e+00
-32.859500304 0.000000e+00
-32.5699892881 0.000000e+00
-32.2804782722 0.000000e+00
-31.9909672563 0.000000e+00
-31.7014562404 0.000000e+00
-31.4119452245 0.000000e+00
-31.1224342086 0.000000e+00
-30.8329231927 0.000000e+00
-30.5434121768 0.000000e+00
-30.2539011609 0.000000e+00
-29.964390145 0.000000e+00
-29.6748791292 0.000000e+00
-29.3853681133 0.000000e+00
-29.0958570974 0.000000e+00
-28.8063460815 0.000000e+00
-28.5168350656 0.000000e+00
-28.2273240497 0.000000e+00
-27.9378130338 0.000000e+00
-27.6483020179 0.000000e+00
-27.358791002 0.000000e+00
-27.0692799861 0.000000e+00
-26.7797689702 0.000000e+00
-26.4902579543 0.000000e+00
-26.2007469384 0.000000e+00
-25.9112359225 0.000000e+00
-25.6217249066 0.000000e+00
-25.3322138907 0.000000e+00
-25.0427028748 0.000000e+00
-24.753191859 0.000000e+00
-24.4636808431 0.000000e+00
-24.1741698272 0.000000e+00
-23.8846588113 0.000000e+00
-23.5951477954 0.000000e+00
-23.3056367795 0.000000e+00
-23.0161257636 0.000000e+00
-22.7266147477 0.000000e+00
-22.4371037318 0.000000e+00
-22.1475927159 0.000000e+00
-21.8580817 0.000000e+00
-21.5685706841 0.000000e+00
-21.2790596682 0.000000e+00
-20.9895486523 0.000000e+00
-20.7000376364 0.000000e+00
-20.4105266205 0.000000e+00
-20.1210156046 0.000000e+00
-19.8315045887 0.000000e+00
-19.5419935729 0.000000e+00
-19.252482557 0.000000e+00
-18.9629715411 0.000000e+00
-18.6734605252 0.000000e+00
-18.3839495093 0.000000e+00
-18.0944384934 0.000000e+00
-17.8049274775 0.000000e+00
-17.5154164616 0.000000e+00
-17.2259054457 0.000000e+00
-16.9363944298 0.000000e+00
-16.6468834139 0.000000e+00
-16.357372398 0.000000e+00
-16.0678613821 0.000000e+00
-15.7783503662 0.000000e+00
-15.4888393503 0.000000e+00
-15.1993283344 0.000000e+00
-14.9098173185 0.000000e+00
-14.6203063027 0.000000e+00
-14.3307952868 0.000000e+00
-14.0412842709 0.000000e+00
-13.751773255 0.000000e+00
-13.4622622391 0.000000e+00
-13.1727512232 0.000000e+00
-12.8832402073 0.000000e+00
-12.5937291914 0.000000e+00
-12.3042181755 0.000000e+00
-12.0147071596 0.000000e+00
-11.7251961437 0.000000e+00
-11.4356851278 0.000000e+00
-11.1461741119 0.000000e+00
-10.856663096 0.000000e+00
-10.5671520801 0.000000e+00
-10.2776410642 0.000000e+00
-9.98813004835 0.000000e+00
-9.69861903245 0.000000e+00
-9.40910801656 0.000000e+00
-9.11959700067 0.000000e+00
-8.83008598477 0.000000e+00
-8.54057496888 0.000000e+00
-8.25106395298 0.000000e+00
-7.96155293709 0.000000e+00
-7.6720419212 0.000000e+00
-7.3825309053 0.000000e+00
-7.09301988941 0.000000e+00
-6.80350887351 0.000000e+00
-6.51399785762 0.000000e+00
-6.22448684172 0.000000e+00
-5.93497582583 0.000000e+00
-5.64546480994 0.000000e+00
-5.35595379404 0.000000e+00
-5.06644277815 0.000000e+00
-4.77693176225 0.000000e+00
-4.48742074636 0.000000e+00
-4.19790973047 0.000000e+00
-3.90839871457 0.000000e+00
-3.61888769868 0.000000e+00
-3.32937668278 0.000000e+00
-3.03986566689 0.000000e+00
-2.75035465099 0.000000e+00
-2.4608436351 0.000000e+00
-2.17133261921 0.000000e+00
-1.88182160331 0.000000e+00
-1.59231058742 0.000000e+00
-1.30279957152 0.000000e+00
-1.01328855563 0.000000e+00
-0.723777539735 0.000000e+00
-0.434266523841 0.000000e+00
-0.144755507947 0.000000e+00
0.144755507947 0.000000e+00
0.434266523841 0.000000e+00
0.723777539735 0.000000e+00
1.01328855563 0.000000e+00
1.30279957152 0.000000e+00
1.59231058742 6.815345e-01
1.88182160331 1.000000e+00
2.17133261921 0.000000e+00
2.4608436351 0.000000e+00
2.75035465099 6.978107e-01
3.03986566689 0.000000e+00
3.32937668278 6.413073e-01
3.61888769868 0.000000e+00
3.90839871457 0.000000e+00
4.19790973047 6.802341e-01
4.48742074636 0.000000e+00
4.77693176225 0.000000e+00
5.06644277815 0.000000e+00
5.35595379404 6.586608e-01
5.64546480994 0.000000e+00
5.93497582583 0.000000e+00
6.22448684172 0.000000e+00
6.51399785762 0.000000e+00
6.80350887351 0.000000e+00
7.09301988941 0.000000e+00
7.3825309053 0.000000e+00
7.6720419212 0.000000e+00
7.96155293709 0.000000e+00
8.25106395298 0.000000e+00
8.54057496888 0.000000e+00
8.83008598477 0.000000e+00
9.11959700067 0.000000e+00
9.40910801656 0.000000e+00
9.69861903245 0.000000e+00
9.98813004835 0.000000e+00
10.2776410642 0.000000e+00
10.5671520801 0.000000e+00
10.856663096 0.000000e+00
11.1461741119 0.000000e+00
11.4356851278 0.000000e+00
11.7251961437 0.000000e+00
12.0147071596 0.000000e+00
12.3042181755 0.000000e+00
12.5937291914 0.000000e+00
12.8832402073 0.000000e+00
13.1727512232 0.000000e+00
13.4622622391 0.000000e+00
13.751773255 0.000000e+00
14.0412842709 0.000000e+00
14.3307952868 0.000000e+00
14.6203063027 0.000000e+00
14.9098173185 0.000000e+00
15.1993283344 0.000000e+00
15.4888393503 0.000000e+00
15.7783503662 0.000000e+00
16.0678613821 0.000000e+00
16.357372398 0.000000e+00
16.6468834139 0.000000e+00
16.9363944298 0.000000e+00
17.2259054457 0.000000e+00
17.5154164616 0.000000e+00
17.8049274775 0.000000e+00
18.0944384934 0.000000e+00
18.3839495093 0.000000e+00
18.6734605252 0.000000e+00
18.9629715411 0.000000e+00
19.252482557 0.000000e+00
19.5419935729 0.000000e+00
19.8315045887 0.000000e+00
20.1210156046 0.000000e+00
20.4105266205 0.000000e+00
20.7000376364 0.000000e+00
20.9895486523 0.000000e+00
21.2790596682 0.000000e+00
21.5685706841 0.000000e+00
21.8580817 0.000000e+00
22.1475927159 0.000000e+00
22.4371037318 0.000000e+00
22.7266147477 0.000000e+00
23.0161257636 0.000000e+00
23.3056367795 0.000000e+00
23.5951477954 0.000000e+00
23.8846588113 0.000000e+00
24.1741698272 0.000000e+00
24.4636808431 0.000000e+00
24.753191859 0.000000e+00
25.0427028748 0.000000e+00
25.3322138907 0.000000e+00
25.6217249066 0.000000e+00
25.9112359225 0.000000e+00
26.2007469384 0.000000e+00
26.4902579543 0.000000e+00
26.7797689702 0.000000e+00
27.0692799861 0.000000e+00
27.358791002 0.000000e+00
27.6483020179 0.000000e+00
27.9378130338 0.000000e+00
28.2273240497 0.000000e+00
28.5168350656 0.000000e+00
28.8063460815 0.000000e+00
29.0958570974 0.000000e+00
29.3853681133 0.000000e+00
29.6748791292 0.000000e+00
29.964390145 0.000000e+00
30.2539011609 0.000000e+00
30.5434121768 0.000000e+00
30.8329231927 0.000000e+00
31.1224342086 0.000000e+00
31.4119452245 0.000000e+00
31.7014562404 0.000000e+00
31.9909672563 0.000000e+00
32.2804782722 0.000000e+00
32.5699892881 0.000000e+00
32.859500304 0.000000e+00
33.1490113199 0.000000e+00
33.4385223358 0.000000e+00
33.7280333517 0.000000e+00
34.0175443676 0.000000e+00
34.3070553835 0.000000e+00
34.5965663994 0.000000e+00
34.8860774152 0.000000e+00
35.1755884311 0.000000e+00
35.465099447 0.000000e+00
35.7546104629 0.000000e+00
36.0441214788 0.000000e+00
36.3336324947 0.000000e+00
36.6231435106 0.000000e+00
36.9126545265 0.000000e+00
37.2021655424 0.000000e+00
37.4916765583 0.000000e+00
37.7811875742 0.000000e+00
38.0706985901 0.000000e+00
38.360209606 0.000000e+00
38.6497206219 0.000000e+00
38.9392316378 0.000000e+00
39.2287426537 0.000000e+00
39.5182536696 0.000000e+00
39.8077646854 0.000000e+00
40.0972757013 0.000000e+00
40.3867867172 0.000000e+00
40.6762977331 0.000000e+00
40.965808749 0.000000e+00
41.2553197649 0.000000e+00
41.5448307808 0.000000e+00
41.8343417967 0.000000e+00
42.1238528126 0.000000e+00
42.4133638285 0.000000e+00
42.7028748444 0.000000e+00
42.9923858603 0.000000e+00
43.2818968762 0.000000e+00
43.5714078921 0.000000e+00
43.860918908 0.000000e+00
44.1504299239 0.000000e+00
44.4399409398 0.000000e+00
44.7294519556 0.000000e+00
45.0189629715 0.000000e+00
45.3084739874 0.000000e+00
45.5979850033 0.000000e+00
45.8874960192 0.000000e+00
46.1770070351 0.000000e+00
46.466518051 0.000000e+00
46.7560290669 0.000000e+00
47.0455400828 0.000000e+00
47.3350510987 0.000000e+00
47.6245621146 0.000000e+00
47.9140731305 0.000000e+00
48.2035841464 0.000000e+00
48.4930951623 0.000000e+00
48.7826061782 0.000000e+00
49.0721171941 0.000000e+00
49.36162821 0.000000e+00
49.6511392258 0.000000e+00
49.9406502417 0.000000e+00
50.2301612576 0.000000e+00
50.5196722735 0.000000e+00
50.8091832894 0.000000e+00
51.0986943053 0.000000e+00
51.3882053212 0.000000e+00
51.6777163371 0.000000e+00
51.967227353 0.000000e+00
52.2567383689 0.000000e+00
52.5462493848 0.000000e+00
52.8357604007 0.000000e+00
53.1252714166 0.000000e+00
53.4147824325 0.000000e+00
53.7042934484 0.000000e+00
53.9938044643 0.000000e+00
54.2833154802 0.000000e+00
54.572826496 0.000000e+00
54.8623375119 0.000000e+00
55.1518485278 0.000000e+00
55.4413595437 0.000000e+00
55.7308705596 0.000000e+00
56.0203815755 0.000000e+00
56.3098925914 0.000000e+00
56.5994036073 0.000000e+00
56.8889146232 0.000000e+00
57.1784256391 0.000000e+00
57.467936655 0.000000e+00
57.7574476709 0.000000e+00
58.0469586868 0.000000e+00
58.3364697027 0.000000e+00
58.6259807186 0.000000e+00
58.9154917345 0.000000e+00
59.2050027504 0.000000e+00
59.4945137662 0.000000e+00
59.7840247821 0.000000e+00
60.073535798 0.000000e+00
60.3630468139 0.000000e+00
60.6525578298 0.000000e+00
60.9420688457 0.000000e+00
61.2315798616 0.000000e+00
61.5210908775 0.000000e+00
61.8106018934 0.000000e+00
62.1001129093 0.000000e+00
62.3896239252 0.000000e+00
62.6791349411 0.000000e+00
62.968645957 0.000000e+00
63.2581569729 0.000000e+00
63.5476679888 0.000000e+00
63.8371790047 0.000000e+00
64.1266900206 0.000000e+00
64.4162010364 0.000000e+00
64.7057120523 0.000000e+00
64.9952230682 0.000000e+00
65.2847340841 0.000000e+00
65.5742451 0.000000e+00
65.8637561159 0.000000e+00
66.1532671318 0.000000e+00
66.4427781477 0.000000e+00
66.7322891636 0.000000e+00
67.0218001795 0.000000e+00
67.3113111954 0.000000e+00
67.6008222113 0.000000e+00
67.8903332272 0.000000e+00
68.1798442431 0.000000e+00
68.469355259 0.000000e+00
68.7588662749 0.000000e+00
69.0483772908 0.000000e+00
69.3378883067 0.000000e+00
69.6273993225 0.000000e+00
69.9169103384 0.000000e+00
70.2064213543 0.000000e+00
70.4959323702 0.000000e+00
70.7854433861 0.000000e+00
71.074954402 0.000000e+00
71.3644654179 0.000000e+00
71.6539764338 0.000000e+00
71.9434874497 0.000000e+00
72.2329984656 0.000000e+00
72.5225094815 0.000000e+00
72.8120204974 0.000000e+00
73.1015315133 0.000000e+00
73.3910425292 0.000000e+00
73.6805535451 0.000000e+00
73.970064561 0.000000e+00
74.2595755769 0.000000e+00
74.5490865927 0.000000e+00
74.8385976086 0.000000e+00
75.1281086245 0.000000e+00
75.4176196404 0.000000e+00
75.7071306563 0.000000e+00
75.9966416722 0.000000e+00
76.2861526881 0.000000e+00
76.575663704 0.000000e+00
76.8651747199 0.000000e+00
77.1546857358 0.000000e+00
77.4441967517 0.000000e+00
77.7337077676 0.000000e+00
78.0232187835 0.000000e+00
78.3127297994 0.000000e+00
78.6022408153 0.000000e+00
78.8917518312 0.000000e+00
79.1812628471 0.000000e+00
79.4707738629 0.000000e+00
79.7602848788 0.000000e+00
80.0497958947 0.000000e+00
80.3393069106 0.000000e+00
80.6288179265 0.000000e+00
80.9183289424 0.000000e+00
81.2078399583 0.000000e+00
81.4973509742 0.000000e+00
81.7868619901 0.000000e+00
82.076373006 0.000000e+00
82.3658840219 0.000000e+00
82.6553950378 0.000000e+00
82.9449060537 0.000000e+00
83.2344170696 0.000000e+00
83.5239280855 0.000000e+00
83.8134391014 0.000000e+00
84.1029501173 0.000000e+00
84.3924611331 0.000000e+00
84.681972149 0.000000e+00
84.9714831649 0.000000e+00
85.2609941808 0.000000e+00
85.5505051967 0.000000e+00
85.8400162126 0.000000e+00
86.1295272285 0.000000e+00
86.4190382444 0.000000e+00
86.7085492603 0.000000e+00
86.9980602762 0.000000e+00
87.2875712921 0.000000e+00
87.577082308 0.000000e+00
87.8665933239 0.000000e+00
88.1561043398 0.000000e+00
88.4456153557 0.000000e+00
88.7351263716 0.000000e+00
89.0246373875 0.000000e+00
89.3141484033 0.000000e+00
89.6036594192 0.000000e+00
89.8931704351 0.000000e+00
90.182681451 0.000000e+00
90.4721924669 0.000000e+00
90.7617034828 0.000000e+00
91.0512144987 0.000000e+00
91.3407255146 0.000000e+00
91.6302365305 0.000000e+00
91.9197475464 0.000000e+00
92.2092585623 0.000000e+00
92.4987695782 0.000000e+00
92.7882805941 0.000000e+00
93.07779161 0.000000e+00
93.3673026259 0.000000e+00
93.6568136418 0.000000e+00
93.9463246577 0.000000e+00
94.2358356735 0.000000e+00
94.5253466894 0.000000e+00
94.8148577053 0.000000e+00
95.1043687212 0.000000e+00
95.3938797371 0.000000e+00
95.683390753 0.000000e+00
95.9729017689 0.000000e+00
96.2624127848 0.000000e+00
96.5519238007 0.000000e+00
96.8414348166 0.000000e+00
97.1309458325 0.000000e+00
97.4204568484 0.000000e+00
97.7099678643 0.000000e+00
97.9994788802 0.000000e+00
98.2889898961 0.000000e+00
98.578500912 0.000000e+00
98.8680119279 0.000000e+00
99.1575229437 0.000000e+00
99.4470339596 0.000000e+00
99.7365449755 0.000000e+00
100.026055991 0.000000e+00
100.315567007 0.000000e+00
100.605078023 0.000000e+00
100.894589039 0.000000e+00
101.184100055 0.000000e+00
101.473611071 0.000000e+00
101.763122087 0.000000e+00
102.052633103 0.000000e+00
102.342144119 0.000000e+00
102.631655134 0.000000e+00
102.92116615 0.000000e+00
103.210677166 0.000000e+00
103.500188182 0.000000e+00
103.789699198 0.000000e+00
104.079210214 0.000000e+00
104.36872123 0.000000e+00
104.658232246 0.000000e+00
104.947743262 0.000000e+00
105.237254278 0.000000e+00
105.526765293 0.000000e+00
105.816276309 0.000000e+00
106.105787325 0.000000e+00
106.395298341 0.000000e+00
106.684809357 0.000000e+00
106.974320373 0.000000e+00
107.263831389 0.000000e+00
107.553342405 0.000000e+00
107.842853421 0.000000e+00
108.132364436 0.000000e+00
108.421875452 0.000000e+00
108.711386468 0.000000e+00
109.000897484 0.000000e+00
109.2904085 0.000000e+00
109.579919516 0.000000e+00
109.869430532 0.000000e+00
110.158941548 0.000000e+00
110.448452564 0.000000e+00
110.73796358 0.000000e+00
111.027474595 0.000000e+00
111.316985611 0.000000e+00
111.606496627 0.000000e+00
111.896007643 0.000000e+00
112.185518659 0.000000e+00
112.475029675 0.000000e+00
112.764540691 0.000000e+00
113.054051707 0.000000e+00
113.343562723 0.000000e+00
113.633073738 0.000000e+00
113.922584754 0.000000e+00
114.21209577 0.000000e+00
114.501606786 0.000000e+00
114.791117802 0.000000e+00
115.080628818 0.000000e+00
115.370139834 0.000000e+00
115.65965085 0.000000e+00
115.949161866 0.000000e+00
116.238672882 0.000000e+00
116.528183897 0.000000e+00
116.817694913 0.000000e+00
117.107205929 0.000000e+00
117.396716945 0.000000e+00
117.686227961 0.000000e+00
117.975738977 0.000000e+00
118.265249993 0.000000e+00
118.554761009 0.000000e+00
118.844272025 0.000000e+00
119.13378304 0.000000e+00
119.423294056 0.000000e+00
119.712805072 0.000000e+00
120.002316088 0.000000e+00
120.291827104 0.000000e+00
120.58133812 0.000000e+00
120.870849136 0.000000e+00
121.160360152 0.000000e+00
121.449871168 0.000000e+00
121.739382183 0.000000e+00
122.028893199 0.000000e+00
122.318404215 0.000000e+00
122.607915231 0.000000e+00
122.897426247 0.000000e+00
123.186937263 0.000000e+00
123.476448279 0.000000e+00
123.765959295 0.000000e+00
124.055470311 0.000000e+00
124.344981327 0.000000e+00
124.634492342 0.000000e+00
124.924003358 0.000000e+00
125.213514374 0.000000e+00
125.50302539 0.000000e+00
125.792536406 0.000000e+00
126.082047422 0.000000e+00
126.371558438 0.000000e+00
126.661069454 0.000000e+00
126.95058047 0.000000e+00
127.240091485 0.000000e+00
127.529602501 0.000000e+00
127.819113517 0.000000e+00
128.108624533 0.000000e+00
128.398135549 0.000000e+00
128.687646565 0.000000e+00
128.977157581 0.000000e+00
129.266668597 0.000000e+00
129.556179613 0.000000e+00
129.845690629 0.000000e+00
130.135201644 0.000000e+00
130.42471266 0.000000e+00
130.714223676 0.000000e+00
131.003734692 0.000000e+00
131.293245708 0.000000e+00
131.582756724 0.000000e+00
131.87226774 0.000000e+00
132.161778756 0.000000e+00
132.451289772 0.000000e+00
132.740800787 0.000000e+00
133.030311803 0.000000e+00
133.319822819 0.000000e+00
133.609333835 0.000000e+00
133.898844851 0.000000e+00
134.188355867 0.000000e+00
134.477866883 0.000000e+00
134.767377899 0.000000e+00
135.056888915 0.000000e+00
135.346399931 0.000000e+00
135.635910946 0.000000e+00
135.925421962 0.000000e+00
136.214932978 0.000000e+00
136.504443994 0.000000e+00
136.79395501 0.000000e+00
137.083466026 0.000000e+00
137.372977042 0.000000e+00
137.662488058 0.000000e+00
137.951999074 0.000000e+00
138.241510089 0.000000e+00
138.531021105 0.000000e+00
138.820532121 0.000000e+00
139.110043137 0.000000e+00
139.399554153 0.000000e+00
139.689065169 0.000000e+00
139.978576185 0.000000e+00
140.268087201 0.000000e+00
140.557598217 0.000000e+00
140.847109233 0.000000e+00
141.136620248 0.000000e+00
141.426131264 0.000000e+00
141.71564228 0.000000e+00
142.005153296 0.000000e+00
142.294664312 0.000000e+00
142.584175328 0.000000e+00
142.873686344 0.000000e+00
143.16319736 0.000000e+00
143.452708376 0.000000e+00
143.742219391 0.000000e+00
144.031730407 0.000000e+00
144.321241423 0.000000e+00
144.610752439 0.000000e+00
144.900263455 0.000000e+00
145.189774471 0.000000e+00
145.479285487 0.000000e+00
145.768796503 0.000000e+00
146.058307519 0.000000e+00
146.347818534 0.000000e+00
146.63732955 0.000000e+00
146.926840566 0.000000e+00
147.216351582 0.000000e+00
147.505862598 0.000000e+00
147.795373614 0.000000e+00
148.08488463 0.000000e+00
148.374395646 0.000000e+00
148.663906662 0.000000e+00
148.953417678 0.000000e+00
149.242928693 0.000000e+00
149.532439709 0.000000e+00
149.821950725 0.000000e+00
150.111461741 0.000000e+00
150.400972757 0.000000e+00
150.690483773 0.000000e+00
150.979994789 0.000000e+00
151.269505805 0.000000e+00
151.559016821 0.000000e+00
151.848527836 0.000000e+00
152.138038852 0.000000e+00
152.427549868 0.000000e+00
152.717060884 0.000000e+00
153.0065719 0.000000e+00
153.296082916 0.000000e+00
153.585593932 0.000000e+00
153.875104948 0.000000e+00
154.164615964 0.000000e+00
154.45412698 0.000000e+00
154.743637995 0.000000e+00
155.033149011 0.000000e+00
155.322660027 0.000000e+00
155.612171043 0.000000e+00
155.901682059 0.000000e+00
156.191193075 0.000000e+00
156.480704091 0.000000e+00
156.770215107 0.000000e+00
157.059726123 0.000000e+00
157.349237138 0.000000e+00
157.638748154 0.000000e+00
157.92825917 0.000000e+00
158.217770186 0.000000e+00
158.507281202 0.000000e+00
158.796792218 0.000000e+00
159.086303234 0.000000e+00
159.37581425 0.000000e+00
159.665325266 0.000000e+00
159.954836282 0.000000e+00
160.244347297 0.000000e+00
160.533858313 0.000000e+00
160.823369329 0.000000e+00
161.112880345 0.000000e+00
161.402391361 0.000000e+00
161.691902377 0.000000e+00
161.981413393 0.000000e+00
162.270924409 0.000000e+00
162.560435425 0.000000e+00
162.84994644 0.000000e+00
163.139457456 0.000000e+00
163.428968472 0.000000e+00
163.718479488 0.000000e+00
164.007990504 0.000000e+00
164.29750152 0.000000e+00
164.587012536 0.000000e+00
164.876523552 0.000000e+00
165.166034568 0.000000e+00
165.455545584 0.000000e+00
165.745056599 0.000000e+00
166.034567615 0.000000e+00
166.324078631 0.000000e+00
166.613589647 0.000000e+00
166.903100663 0.000000e+00
167.192611679 0.000000e+00
167.482122695 0.000000e+00
167.771633711 0.000000e+00
168.061144727 0.000000e+00
168.350655742 0.000000e+00
168.640166758 0.000000e+00
168.929677774 0.000000e+00
169.21918879 0.000000e+00
169.508699806 0.000000e+00
169.798210822 0.000000e+00
170.087721838 0.000000e+00
170.377232854 0.000000e+00
170.66674387 0.000000e+00
170.956254885 0.000000e+00
171.245765901 0.000000e+00
171.535276917 0.000000e+00
171.824787933 0.000000e+00
172.114298949 0.000000e+00
172.403809965 0.000000e+00
172.693320981 0.000000e+00
172.982831997 0.000000e+00
173.272343013 0.000000e+00
173.561854029 0.000000e+00
173.851365044 0.000000e+00
174.14087606 0.000000e+00
174.430387076 0.000000e+00
174.719898092 0.000000e+00
175.009409108 0.000000e+00
175.298920124 0.000000e+00
175.58843114 0.000000e+00
175.877942156 0.000000e+00
176.167453172 0.000000e+00
176.456964187 0.000000e+00
176.746475203 0.000000e+00
177.035986219 0.000000e+00
177.325497235 0.000000e+00
177.615008251 0.000000e+00
177.904519267 0.000000e+00
178.194030283 0.000000e+00
178.483541299 0.000000e+00
178.773052315 0.000000e+00
179.062563331 0.000000e+00
179.352074346 0.000000e+00
179.641585362 0.000000e+00
179.931096378 0.000000e+00
180.220607394 0.000000e+00
180.51011841 0.000000e+00
180.799629426 0.000000e+00
181.089140442 0.000000e+00
181.378651458 0.000000e+00
181.668162474 0.000000e+00
181.957673489 0.000000e+00
182.247184505 0.000000e+00
182.536695521 0.000000e+00
182.826206537 0.000000e+00
183.115717553 0.000000e+00
183.405228569 0.000000e+00
183.694739585 0.000000e+00
183.984250601 0.000000e+00
184.273761617 0.000000e+00
184.563272633 0.000000e+00
184.852783648 0.000000e+00
185.142294664 0.000000e+00
185.43180568 0.000000e+00
185.721316696 0.000000e+00
186.010827712 0.000000e+00
186.300338728 0.000000e+00
186.589849744 0.000000e+00
186.87936076 0.000000e+00
187.168871776 0.000000e+00
187.458382791 0.000000e+00
187.747893807 0.000000e+00
188.037404823 0.000000e+00
188.326915839 0.000000e+00
188.616426855 0.000000e+00
188.905937871 0.000000e+00
189.195448887 0.000000e+00
189.484959903 0.000000e+00
189.774470919 0.000000e+00
190.063981935 0.000000e+00
190.35349295 0.000000e+00
190.643003966 0.000000e+00
190.932514982 0.000000e+00
191.222025998 0.000000e+00
191.511537014 0.000000e+00
191.80104803 0.000000e+00
192.090559046 0.000000e+00
192.380070062 0.000000e+00
192.669581078 0.000000e+00
192.959092093 0.000000e+00
193.248603109 0.000000e+00
193.538114125 0.000000e+00
193.827625141 0.000000e+00
194.117136157 0.000000e+00
194.406647173 0.000000e+00
194.696158189 0.000000e+00
194.985669205 0.000000e+00
195.275180221 0.000000e+00
195.564691237 0.000000e+00
195.854202252 0.000000e+00
196.143713268 0.000000e+00
196.433224284 0.000000e+00
196.7227353 0.000000e+00
197.012246316 0.000000e+00
197.301757332 0.000000e+00
197.591268348 0.000000e+00
197.880779364 0.000000e+00
198.17029038 0.000000e+00
198.459801395 0.000000e+00
198.749312411 0.000000e+00
199.038823427 0.000000e+00
199.328334443 0.000000e+00
199.617845459 0.000000e+00
199.907356475 0.000000e+00
200.196867491 0.000000e+00
200.486378507 0.000000e+00
200.775889523 0.000000e+00
201.065400538 0.000000e+00
201.354911554 0.000000e+00
201.64442257 0.000000e+00
201.933933586 0.000000e+00
202.223444602 0.000000e+00
202.512955618 0.000000e+00
202.802466634 0.000000e+00
203.09197765 0.000000e+00
203.381488666 0.000000e+00
203.670999682 0.000000e+00
203.960510697 0.000000e+00
204.250021713 0.000000e+00
204.539532729 0.000000e+00
204.829043745 0.000000e+00
205.118554761 0.000000e+00
205.408065777 0.000000e+00
205.697576793 0.000000e+00
205.987087809 0.000000e+00
206.276598825 0.000000e+00
206.56610984 0.000000e+00
206.855620856 0.000000e+00
207.145131872 0.000000e+00
207.434642888 0.000000e+00
207.724153904 0.000000e+00
208.01366492 0.000000e+00
208.303175936 0.000000e+00
208.592686952 0.000000e+00
208.882197968 0.000000e+00
209.171708984 0.000000e+00
209.461219999 0.000000e+00
209.750731015 0.000000e+00
210.040242031 0.000000e+00
210.329753047 0.000000e+00
210.619264063 0.000000e+00
210.908775079 0.000000e+00
211.198286095 0.000000e+00
211.487797111 0.000000e+00
211.777308127 0.000000e+00
212.066819142 0.000000e+00
212.356330158 0.000000e+00
212.645841174 0.000000e+00
212.93535219 0.000000e+00
213.224863206 0.000000e+00
213.514374222 0.000000e+00
213.803885238 0.000000e+00
214.093396254 0.000000e+00
214.38290727 0.000000e+00
214.672418286 0.000000e+00
214.961929301 0.000000e+00
215.251440317 0.000000e+00
215.540951333 0.000000e+00
215.830462349 0.000000e+00
216.119973365 0.000000e+00
216.409484381 0.000000e+00
216.698995397 0.000000e+00
216.988506413 0.000000e+00
217.278017429 0.000000e+00
217.567528444 0.000000e+00
217.85703946 0.000000e+00
218.146550476 0.000000e+00
218.436061492 0.000000e+00
218.725572508 0.000000e+00
219.015083524 0.000000e+00
219.30459454 0.000000e+00
219.594105556 0.000000e+00
219.883616572 0.000000e+00
220.173127588 0.000000e+00
220.462638603 0.000000e+00
220.752149619 0.000000e+00
221.041660635 0.000000e+00
221.331171651 0.000000e+00
221.620682667 0.000000e+00
221.910193683 0.000000e+00
222.199704699 0.000000e+00
222.489215715 0.000000e+00
222.778726731 0.000000e+00
223.068237746 0.000000e+00
223.357748762 0.000000e+00
223.647259778 0.000000e+00
223.936770794 0.000000e+00
224.22628181 0.000000e+00
224.515792826 0.000000e+00
224.805303842 0.000000e+00
225.094814858 0.000000e+00
225.384325874 0.000000e+00
225.673836889 0.000000e+00
225.963347905 0.000000e+00
226.252858921 0.000000e+00
226.542369937 0.000000e+00
226.831880953 0.000000e+00
227.121391969 0.000000e+00
227.410902985 0.000000e+00
227.700414001 0.000000e+00
227.989925017 0.000000e+00
228.279436033 0.000000e+00
228.568947048 0.000000e+00
228.858458064 0.000000e+00
229.14796908 0.000000e+00
229.437480096 0.000000e+00
229.726991112 0.000000e+00
230.016502128 0.000000e+00
230.306013144 0.000000e+00
230.59552416 0.000000e+00
230.885035176 0.000000e+00
231.174546191 0.000000e+00
231.464057207 0.000000e+00
231.753568223 0.000000e+00
232.043079239 0.000000e+00
232.332590255 0.000000e+00
232.622101271 0.000000e+00
232.911612287 0.000000e+00
233.201123303 0.000000e+00
233.490634319 0.000000e+00
233.780145335 0.000000e+00
234.06965635 0.000000e+00
234.359167366 0.000000e+00
234.648678382 0.000000e+00
234.938189398 0.000000e+00
235.227700414 0.000000e+00
235.51721143 0.000000e+00
235.806722446 0.000000e+00
236.096233462 0.000000e+00
236.385744478 0.000000e+00
236.675255493 0.000000e+00
236.964766509 0.000000e+00
237.254277525 0.000000e+00
237.543788541 0.000000e+00
237.833299557 0.000000e+00
238.122810573 0.000000e+00
238.412321589 0.000000e+00
238.701832605 0.000000e+00
238.991343621 0.000000e+00
239.280854637 0.000000e+00
239.570365652 0.000000e+00
239.859876668 0.000000e+00
240.149387684 0.000000e+00
240.4388987 0.000000e+00
240.728409716 0.000000e+00
241.017920732 0.000000e+00
241.307431748 0.000000e+00
241.596942764 0.000000e+00
241.88645378 0.000000e+00
242.175964795 0.000000e+00
242.465475811 0.000000e+00
242.754986827 0.000000e+00
243.044497843 0.000000e+00
243.334008859 0.000000e+00
243.623519875 0.000000e+00
243.913030891 0.000000e+00
244.202541907 0.000000e+00
244.492052923 0.000000e+00
244.781563939 0.000000e+00
245.071074954 0.000000e+00
245.36058597 0.000000e+00
245.650096986 0.000000e+00
245.939608002 0.000000e+00
246.229119018 0.000000e+00
246.518630034 0.000000e+00
246.80814105 0.000000e+00
247.097652066 0.000000e+00
247.387163082 0.000000e+00
247.676674097 0.000000e+00
247.966185113 0.000000e+00
248.255696129 0.000000e+00
248.545207145 0.000000e+00
248.834718161 0.000000e+00
249.124229177 0.000000e+00
249.413740193 0.000000e+00
249.703251209 0.000000e+00
249.992762225 0.000000e+00
250.28227324 0.000000e+00
250.571784256 0.000000e+00
250.861295272 0.000000e+00
251.150806288 0.000000e+00
251.440317304 0.000000e+00
251.72982832 0.000000e+00
252.019339336 0.000000e+00
252.308850352 0.000000e+00
252.598361368 0.000000e+00
252.887872384 0.000000e+00
253.177383399 0.000000e+00
253.466894415 0.000000e+00
253.756405431 0.000000e+00
254.045916447 0.000000e+00
254.335427463 0.000000e+00
254.624938479 0.000000e+00
254.914449495 0.000000e+00
255.203960511 0.000000e+00
255.493471527 0.000000e+00
255.782982542 0.000000e+00
256.072493558 0.000000e+00
256.362004574 0.000000e+00
256.65151559 0.000000e+00
256.941026606 0.000000e+00
257.230537622 0.000000e+00
257.520048638 0.000000e+00
257.809559654 0.000000e+00
258.09907067 0.000000e+00
258.388581686 0.000000e+00
258.678092701 0.000000e+00
258.967603717 0.000000e+00
259.257114733 0.000000e+00
259.546625749 0.000000e+00
259.836136765 0.000000e+00
260.125647781 0.000000e+00
260.415158797 0.000000e+00
260.704669813 0.000000e+00
260.994180829 0.000000e+00
261.283691844 0.000000e+00
261.57320286 0.000000e+00
261.862713876 0.000000e+00
262.152224892 0.000000e+00
262.441735908 0.000000e+00
262.731246924 0.000000e+00
263.02075794 0.000000e+00
263.310268956 0.000000e+00
263.599779972 0.000000e+00
263.889290988 0.000000e+00
264.178802003 0.000000e+00
264.468313019 0.000000e+00
264.757824035 0.000000e+00
265.047335051 0.000000e+00
265.336846067 0.000000e+00
265.626357083 0.000000e+00
265.915868099 0.000000e+00
266.205379115 0.000000e+00
266.494890131 0.000000e+00
266.784401146 0.000000e+00
267.073912162 0.000000e+00
267.363423178 0.000000e+00
267.652934194 0.000000e+00
267.94244521 0.000000e+00
268.231956226 0.000000e+00
268.521467242 0.000000e+00
268.810978258 0.000000e+00
269.100489274 0.000000e+00
269.39000029 0.000000e+00
269.679511305 0.000000e+00
269.969022321 0.000000e+00
270.258533337 0.000000e+00
270.548044353 0.000000e+00
270.837555369 0.000000e+00
271.127066385 0.000000e+00
271.416577401 0.000000e+00
271.706088417 0.000000e+00
271.995599433 0.000000e+00
272.285110448 0.000000e+00
272.574621464 0.000000e+00
272.86413248 0.000000e+00
273.153643496 0.000000e+00
273.443154512 0.000000e+00
273.732665528 0.000000e+00
274.022176544 0.000000e+00
274.31168756 0.000000e+00
274.601198576 0.000000e+00
274.890709591 0.000000e+00
275.180220607 0.000000e+00
275.469731623 0.000000e+00
275.759242639 0.000000e+00
276.048753655 0.000000e+00
276.338264671 0.000000e+00
276.627775687 0.000000e+00
276.917286703 0.000000e+00
277.206797719 0.000000e+00
277.496308735 0.000000e+00
277.78581975 0.000000e+00
278.075330766 0.000000e+00
278.364841782 0.000000e+00
278.654352798 0.000000e+00
279.654352798 0.0
280.654352798 0.0
281.654352798 0.0
282.654352798 0.0
283.654352798 0.0
284.654352798 0.0
285.654352798 0.0
286.654352798 0.0
287.654352798 0.0
288.654352798 0.0
289.654352798 0.0
290.654352798 0.0
291.654352798 0.0
292.654352798 0.0
293.654352798 0.0
294.654352798 0.0
295.654352798 0.0
296.654352798 0.0
297.654352798 0.0
298.654352798 0.0
299.654352798 0.0
300.654352798 0.0
301.654352798 0.0
302.654352798 0.0
303.654352798 0.0
304.654352798 0.0
305.654352798 0.0
306.654352798 0.0
307.654352798 0.0
308.654352798 0.0
309.654352798 0.0
310.654352798 0.0
311.654352798 0.0
312.654352798 0.0
313.654352798 0.0
314.654352798 0.0
315.654352798 0.0
316.654352798 0.0
317.654352798 0.0
318.654352798 0.0
319.654352798 0.0
320.654352798 0.0
321.654352798 0.0
322.654352798 0.0
323.654352798 0.0
324.654352798 0.0
325.654352798 0.0
326.654352798 0.0
327.654352798 0.0
328.654352798 0.0
329.654352798 0.0
330.654352798 0.0
331.654352798 0.0
332.654352798 0.0
333.654352798 0.0
334.654352798 0.0
335.654352798 0.0
336.654352798 0.0
337.654352798 0.0
338.654352798 0.0
339.654352798 0.0
340.654352798 0.0
341.654352798 0.0
342.654352798 0.0
343.654352798 0.0
344.654352798 0.0
345.654352798 0.0
346.654352798 0.0
347.654352798 0.0
348.654352798 0.0
349.654352798 0.0
350.654352798 0.0
351.654352798 0.0
352.654352798 0.0
353.654352798 0.0
354.654352798 0.0
355.654352798 0.0
356.654352798 0.0
357.654352798 0.0
358.654352798 0.0
359.654352798 0.0
360.654352798 0.0
361.654352798 0.0
362.654352798 0.0
363.654352798 0.0
364.654352798 0.0
365.654352798 0.0
366.654352798 0.0
367.654352798 0.0
368.654352798 0.0
369.654352798 0.0
370.654352798 0.0
371.654352798 0.0
372.654352798 0.0
373.654352798 0.0
374.654352798 0.0
375.654352798 0.0
376.654352798 0.0
377.654352798 0.0
378.654352798 0.0
379.654352798 0.0
380.654352798 0.0
381.654352798 0.0
382.654352798 0.0
383.654352798 0.0
384.654352798 0.0
385.654352798 0.0
386.654352798 0.0
387.654352798 0.0
388.654352798 0.0
389.654352798 0.0
390.654352798 0.0
391.654352798 0.0
392.654352798 0.0
393.654352798 0.0
394.654352798 0.0
395.654352798 0.0
396.654352798 0.0
397.654352798 0.0
398.654352798 0.0
399.654352798 0.0
400.654352798 0.0
401.654352798 0.0
402.654352798 0.0
403.654352798 0.0
404.654352798 0.0
405.654352798 0.0
406.654352798 0.0
407.654352798 0.0
408.654352798 0.0
409.654352798 0.0
410.654352798 0.0
411.654352798 0.0
412.654352798 0.0
413.654352798 0.0
414.654352798 0.0
415.654352798 0.0
416.654352798 0.0
417.654352798 0.0
418.654352798 0.0
419.654352798 0.0
420.654352798 0.0
421.654352798 0.0
422.654352798 0.0
423.654352798 0.0
424.654352798 0.0
425.654352798 0.0
426.654352798 0.0
427.654352798 0.0
428.654352798 0.0
429.654352798 0.0
430.654352798 0.0
431.654352798 0.0
432.654352798 0.0
433.654352798 0.0
434.654352798 0.0
435.654352798 0.0
436.654352798 0.0
437.654352798 0.0
438.654352798 0.0
439.654352798 0.0
440.654352798 0.0
441.654352798 0.0
442.654352798 0.0
443.654352798 0.0
444.654352798 0.0
445.654352798 0.0
446.654352798 0.0
447.654352798 0.0
448.654352798 0.0
449.654352798 0.0
450.654352798 0.0
451.654352798 0.0
452.654352798 0.0
453.654352798 0.0
454.654352798 0.0
455.654352798 0.0
456.654352798 0.0
457.654352798 0.0
458.654352798 0.0
459.654352798 0.0
460.654352798 0.0
461.654352798 0.0
462.654352798 0.0
463.654352798 0.0
464.654352798 0.0
465.654352798 0.0
466.654352798 0.0
467.654352798 0.0
468.654352798 0.0
469.654352798 0.0
470.654352798 0.0
471.654352798 0.0
472.654352798 0.0
473.654352798 0.0
474.654352798 0.0
475.654352798 0.0
476.654352798 0.0
477.654352798 0.0
478.654352798 0.0
479.654352798 0.0
480.654352798 0.0
481.654352798 0.0
482.654352798 0.0
483.654352798 0.0
484.654352798 0.0
485.654352798 0.0
486.654352798 0.0
487.654352798 0.0
488.654352798 0.0
489.654352798 0.0
490.654352798 0.0
491.654352798 0.0
492.654352798 0.0
493.654352798 0.0
494.654352798 0.0
495.654352798 0.0
496.654352798 0.0
497.654352798 0.0
498.654352798 0.0
499.654352798 0.0
500.654352798 0.0
501.654352798 0.0
502.654352798 0.0
503.654352798 0.0
504.654352798 0.0
505.654352798 0.0
506.654352798 0.0
507.654352798 0.0
508.654352798 0.0
509.654352798 0.0
510.654352798 0.0
511.654352798 0.0
512.654352798 0.0
513.654352798 0.0
514.654352798 0.0
515.654352798 0.0
516.654352798 0.0
517.654352798 0.0
518.654352798 0.0
519.654352798 0.0
520.654352798 0.0
521.654352798 0.0
522.654352798 0.0
523.654352798 0.0
524.654352798 0.0
525.654352798 0.0
526.654352798 0.0
527.654352798 0.0
528.654352798 0.0
529.654352798 0.0
530.654352798 0.0
531.654352798 0.0
532.654352798 0.0
533.654352798 0.0
534.654352798 0.0
535.654352798 0.0
536.654352798 0.0
537.654352798 0.0
538.654352798 0.0
539.654352798 0.0
540.654352798 0.0
541.654352798 0.0
542.654352798 0.0
543.654352798 0.0
544.654352798 0.0
545.654352798 0.0
546.654352798 0.0
547.654352798 0.0
548.654352798 0.0
549.654352798 0.0
550.654352798 0.0
551.654352798 0.0
552.654352798 0.0
553.654352798 0.0
554.654352798 0.0
555.654352798 0.0
556.654352798 0.0
557.654352798 0.0
558.654352798 0.0
559.654352798 0.0
560.654352798 0.0
561.654352798 0.0
562.654352798 0.0
563.654352798 0.0
564.654352798 0.0
565.654352798 0.0
566.654352798 0.0
567.654352798 0.0
568.654352798 0.0
569.654352798 0.0
570.654352798 0.0
571.654352798 0.0
572.654352798 0.0
573.654352798 0.0
574.654352798 0.0
575.654352798 0.0
576.654352798 0.0
577.654352798 0.0
578.654352798 0.0
579.654352798 0.0
580.654352798 0.0
581.654352798 0.0
582.654352798 0.0
583.654352798 0.0
584.654352798 0.0
585.654352798 0.0
586.654352798 0.0
587.654352798 0.0
588.654352798 0.0
589.654352798 0.0
590.654352798 0.0
591.654352798 0.0
592.654352798 0.0
593.654352798 0.0
594.654352798 0.0
595.654352798 0.0
596.654352798 0.0
597.654352798 0.0
598.654352798 0.0
599.654352798 0.0
600.654352798 0.0
601.654352798 0.0
602.654352798 0.0
603.654352798 0.0
604.654352798 0.0
605.654352798 0.0
606.654352798 0.0
607.654352798 0.0
608.654352798 0.0
609.654352798 0.0
610.654352798 0.0
611.654352798 0.0
612.654352798 0.0
613.654352798 0.0
614.654352798 0.0
615.654352798 0.0
616.654352798 0.0
617.654352798 0.0
618.654352798 0.0
619.654352798 0.0
620.654352798 0.0
621.654352798 0.0
622.654352798 0.0
623.654352798 0.0
624.654352798 0.0
625.654352798 0.0
626.654352798 0.0
627.654352798 0.0
628.654352798 0.0
629.654352798 0.0
630.654352798 0.0
631.654352798 0.0
632.654352798 0.0
633.654352798 0.0
634.654352798 0.0
635.654352798 0.0
636.654352798 0.0
637.654352798 0.0
638.654352798 0.0
639.654352798 0.0
640.654352798 0.0
641.654352798 0.0
642.654352798 0.0
643.654352798 0.0
644.654352798 0.0
645.654352798 0.0
646.654352798 0.0
647.654352798 0.0
648.654352798 0.0
649.654352798 0.0
650.654352798 0.0
651.654352798 0.0
652.654352798 0.0
653.654352798 0.0
654.654352798 0.0
655.654352798 0.0
656.654352798 0.0
657.654352798 0.0
658.654352798 0.0
659.654352798 0.0
660.654352798 0.0
661.654352798 0.0
662.654352798 0.0
663.654352798 0.0
664.654352798 0.0
665.654352798 0.0
666.654352798 0.0
667.654352798 0.0
668.654352798 0.0
669.654352798 0.0
670.654352798 0.0
671.654352798 0.0
672.654352798 0.0
673.654352798 0.0
674.654352798 0.0
675.654352798 0.0
676.654352798 0.0
677.654352798 0.0
678.654352798 0.0
679.654352798 0.0
680.654352798 0.0
681.654352798 0.0
682.654352798 0.0
683.654352798 0.0
684.654352798 0.0
685.654352798 0.0
686.654352798 0.0
687.654352798 0.0
688.654352798 0.0
689.654352798 0.0
690.654352798 0.0
691.654352798 0.0
692.654352798 0.0
693.654352798 0.0
694.654352798 0.0
695.654352798 0.0
696.654352798 0.0
697.654352798 0.0
698.654352798 0.0
699.654352798 0.0
700.654352798 0.0
701.654352798 0.0
702.654352798 0.0
703.654352798 0.0
704.654352798 0.0
705.654352798 0.0
706.654352798 0.0
707.654352798 0.0
708.654352798 0.0
709.654352798 0.0
710.654352798 0.0
711.654352798 0.0
712.654352798 0.0
713.654352798 0.0
714.654352798 0.0
715.654352798 0.0
716.654352798 0.0
717.654352798 0.0
718.654352798 0.0
719.654352798 0.0
720.654352798 0.0
721.654352798 0.0
722.654352798 0.0
723.654352798 0.0
724.654352798 0.0
725.654352798 0.0
726.654352798 0.0
727.654352798 0.0
728.654352798 0.0
729.654352798 0.0
730.654352798 0.0
731.654352798 0.0
732.654352798 0.0
733.654352798 0.0
734.654352798 0.0
735.654352798 0.0
736.654352798 0.0
737.654352798 0.0
738.654352798 0.0
739.654352798 0.0
740.654352798 0.0
741.654352798 0.0
742.654352798 0.0
743.654352798 0.0
744.654352798 0.0
745.654352798 0.0
746.654352798 0.0
747.654352798 0.0
748.654352798 0.0
749.654352798 0.0
750.654352798 0.0
751.654352798 0.0
752.654352798 0.0
753.654352798 0.0
754.654352798 0.0
755.654352798 0.0
756.654352798 0.0
757.654352798 0.0
758.654352798 0.0
759.654352798 0.0
760.654352798 0.0
761.654352798 0.0
762.654352798 0.0
763.654352798 0.0
764.654352798 0.0
765.654352798 0.0
766.654352798 0.0
767.654352798 0.0
768.654352798 0.0
769.654352798 0.0
770.654352798 0.0
771.654352798 0.0
772.654352798 0.0
773.654352798 0.0
774.654352798 0.0
775.654352798 0.0
776.654352798 0.0
777.654352798 0.0
778.654352798 0.0
