-571.882594877 0.0
-570.882594877 0.0
-569.882594877 0.0
-568.882594877 0.0
-567.882594877 0.0
-566.882594877 0.0
-565.882594877 0.0
-564.882594877 0.0
-563.882594877 0.0
-562.882594877 0.0
-561.882594877 0.0
-560.882594877 0.0
-559.882594877 0.0
-558.882594877 0.0
-557.882594877 0.0
-556.882594877 0.0
-555.882594877 0.0
-554.882594877 0.0
-553.882594877 0.0
-552.882594877 0.0
-551.882594877 0.0
-550.882594877 0.0
-549.882594877 0.0
-548.882594877 0.0
-547.882594877 0.0
-546.882594877 0.0
-545.882594877 0.0
-544.882594877 0.0
-543.882594877 0.0
-542.882594877 0.0
-541.882594877 0.0
-540.882594877 0.0
-539.882594877 0.0
-538.882594877 0.0
-537.882594877 0.0
-536.882594877 0.0
-535.882594877 0.0
-534.882594877 0.0
-533.882594877 0.0
-532.882594877 0.0
-531.882594877 0.0
-530.882594877 0.0
-529.882594877 0.0
-528.882594877 0.0
-527.882594877 0.0
-526.882594877 0.0
-525.882594877 0.0
-524.882594877 0.0
-523.882594877 0.0
-522.882594877 0.0
-521.882594877 0.0
-520.882594877 0.0
-519.882594877 0.0
-518.882594877 0.0
-517.882594877 0.0
-516.882594877 0.0
-515.882594877 0.0
-514.882594877 0.0
-513.882594877 0.0
-512.882594877 0.0
-511.882594877 0.0
-510.882594877 0.0
-509.882594877 0.0
-508.882594877 0.0
-507.882594877 0.0
-506.882594877 0.0
-505.882594877 0.0
-504.882594877 0.0
-503.882594877 0.0
-502.882594877 0.0
-501.882594877 0.0
-500.882594877 0.0
-499.882594877 0.0
-498.882594877 0.0
-497.882594877 0.0
-496.882594877 0.0
-495.882594877 0.0
-494.882594877 0.0
-493.882594877 0.0
-492.882594877 0.0
-491.882594877 0.0
-490.882594877 0.0
-489.882594877 0.0
-488.882594877 0.0
-487.882594877 0.0
-486.882594877 0.0
-485.882594877 0.0
-484.882594877 0.0
-483.882594877 0.0
-482.882594877 0.0
-481.882594877 0.0
-480.882594877 0.0
-479.882594877 0.0
-478.882594877 0.0
-477.882594877 0.0
-476.882594877 0.0
-475.882594877 0.0
-474.882594877 0.0
-473.882594877 0.0
-472.882594877 0.0
-471.882594877 0.0
-470.882594877 0.0
-469.882594877 0.0
-468.882594877 0.0
-467.882594877 0.0
-466.882594877 0.0
-465.882594877 0.0
-464.882594877 0.0
-463.882594877 0.0
-462.882594877 0.0
-461.882594877 0.0
-460.882594877 0.0
-459.882594877 0.0
-458.882594877 0.0
-457.882594877 0.0
-456.882594877 0.0
-455.882594877 0.0
-454.882594877 0.0
-453.882594877 0.0
-452.882594877 0.0
-451.882594877 0.0
-450.882594877 0.0
-449.882594877 0.0
-448.882594877 0.0
-447.882594877 0.0
-446.882594877 0.0
-445.882594877 0.0
-444.882594877 0.0
-443.882594877 0.0
-442.882594877 0.0
-441.882594877 0.0
-440.882594877 0.0
-439.882594877 0.0
-438.882594877 0.0
-437.882594877 0.0
-436.882594877 0.0
-435.882594877 0.0
-434.882594877 0.0
-433.882594877 0.0
-432.882594877 0.0
-431.882594877 0.0
-430.882594877 0.0
-429.882594877 0.0
-428.882594877 0.0
-427.882594877 0.0
-426.882594877 0.0
-425.882594877 0.0
-424.882594877 0.0
-423.882594877 0.0
-422.882594877 0.0
-421.882594877 0.0
-420.882594877 0.0
-419.882594877 0.0
-418.882594877 0.0
-417.882594877 0.0
-416.882594877 0.0
-415.882594877 0.0
-414.882594877 0.0
-413.882594877 0.0
-412.882594877 0.0
-411.882594877 0.0
-410.882594877 0.0
-409.882594877 0.0
-408.882594877 0.0
-407.882594877 0.0
-406.882594877 0.0
-405.882594877 0.0
-404.882594877 0.0
-403.882594877 0.0
-402.882594877 0.0
-401.882594877 0.0
-400.882594877 0.0
-399.882594877 0.0
-398.882594877 0.0
-397.882594877 0.0
-396.882594877 0.0
-395.882594877 0.0
-394.882594877 0.0
-393.882594877 0.0
-392.882594877 0.0
-391.882594877 0.0
-390.882594877 0.0
-389.882594877 0.0
-388.882594877 0.0
-387.882594877 0.0
-386.882594877 0.0
-385.882594877 0.0
-384.882594877 0.0
-383.882594877 0.0
-382.882594877 0.0
-381.882594877 0.0
-380.882594877 0.0
-379.882594877 0.0
-378.882594877 0.0
-377.882594877 0.0
-376.882594877 0.0
-375.882594877 0.0
-374.882594877 0.0
-373.882594877 0.0
-372.882594877 0.0
-371.882594877 0.0
-370.882594877 0.0
-369.882594877 0.0
-368.882594877 0.0
-367.882594877 0.0
-366.882594877 0.0
-365.882594877 0.0
-364.882594877 0.0
-363.882594877 0.0
-362.882594877 0.0
-361.882594877 0.0
-360.882594877 0.0
-359.882594877 0.0
-358.882594877 0.0
-357.882594877 0.0
-356.882594877 0.0
-355.882594877 0.0
-354.882594877 0.0
-353.882594877 0.0
-352.882594877 0.0
-351.882594877 0.0
-350.882594877 0.0
-349.882594877 0.0
-348.882594877 0.0
-347.882594877 0.0
-346.882594877 0.0
-345.882594877 0.0
-344.882594877 0.0
-343.882594877 0.0
-342.882594877 0.0
-341.882594877 0.0
-340.882594877 0.0
-339.882594877 0.0
-338.882594877 0.0
-337.882594877 0.0
-336.882594877 0.0
-335.882594877 0.0
-334.882594877 0.0
-333.882594877 0.0
-332.882594877 0.0
-331.882594877 0.0
-330.882594877 0.0
-329.882594877 0.0
-328.882594877 0.0
-327.882594877 0.0
-326.882594877 0.0
-325.882594877 0.0
-324.882594877 0.0
-323.882594877 0.0
-322.882594877 0.0
-321.882594877 0.0
-320.882594877 0.0
-319.882594877 0.0
-318.882594877 0.0
-317.882594877 0.0
-316.882594877 0.0
-315.882594877 0.0
-314.882594877 0.0
-313.882594877 0.0
-312.882594877 0.0
-311.882594877 0.0
-310.882594877 0.0
-309.882594877 0.0
-308.882594877 0.0
-307.882594877 0.0
-306.882594877 0.0
-305.882594877 0.0
-304.882594877 0.0
-303.882594877 0.0
-302.882594877 0.0
-301.882594877 0.0
-300.882594877 0.0
-299.882594877 0.0
-298.882594877 0.0
-297.882594877 0.0
-296.882594877 0.0
-295.882594877 0.0
-294.882594877 0.0
-293.882594877 0.0
-292.882594877 0.0
-291.882594877 0.0
-290.882594877 0.0
-289.882594877 0.0
-288.882594877 0.0
-287.882594877 0.0
-286.882594877 0.0
-285.882594877 0.0
-284.882594877 0.0
-283.882594877 0.0
-282.882594877 0.0
-281.882594877 0.0
-280.882594877 0.0
-279.882594877 0.0
-278.882594877 0.0
-277.882594877 0.0
-276.882594877 0.0
-275.882594877 0.0
-274.882594877 0.0
-273.882594877 0.0
-272.882594877 0.0
-271.882594877 0.0
-270.882594877 0.0
-269.882594877 0.0
-268.882594877 0.0
-267.882594877 0.0
-266.882594877 0.0
-265.882594877 0.0
-264.882594877 0.0
-263.882594877 0.0
-262.882594877 0.0
-261.882594877 0.0
-260.882594877 0.0
-259.882594877 0.0
-258.882594877 0.0
-257.882594877 0.0
-256.882594877 0.0
-255.882594877 0.0
-254.882594877 0.0
-253.882594877 0.0
-252.882594877 0.0
-251.882594877 0.0
-250.882594877 0.0
-249.882594877 0.0
-248.882594877 0.0
-247.882594877 0.0
-246.882594877 0.0
-245.882594877 0.0
-244.882594877 0.0
-243.882594877 0.0
-242.882594877 0.0
-241.882594877 0.0
-240.882594877 0.0
-239.882594877 0.0
-238.882594877 0.0
-237.882594877 0.0
-236.882594877 0.0
-235.882594877 0.0
-234.882594877 0.0
-233.882594877 0.0
-232.882594877 0.0
-231.882594877 0.0
-230.882594877 0.0
-229.882594877 0.0
-228.882594877 0.0
-227.882594877 0.0
-226.882594877 0.0
-225.882594877 0.0
-224.882594877 0.0
-223.882594877 0.0
-222.882594877 0.0
-221.882594877 0.0
-220.882594877 0.0
-219.882594877 0.0
-218.882594877 0.0
-217.882594877 0.0
-216.882594877 0.0
-215.882594877 0.0
-214.882594877 0.0
-213.882594877 0.0
-212.882594877 0.0
-211.882594877 0.0
-210.882594877 0.0
-209.882594877 0.0
-208.882594877 0.0
-207.882594877 0.0
-206.882594877 0.0
-205.882594877 0.0
-204.882594877 0.0
-203.882594877 0.0
-202.882594877 0.0
-201.882594877 0.0
-200.882594877 0.0
-199.882594877 0.0
-198.882594877 0.0
-197.882594877 0.0
-196.882594877 0.0
-195.882594877 0.0
-194.882594877 0.0
-193.882594877 0.0
-192.882594877 0.0
-191.882594877 0.0
-190.882594877 0.0
-189.882594877 0.0
-188.882594877 0.0
-187.882594877 0.0
-186.882594877 0.0
-185.882594877 0.0
-184.882594877 0.0
-183.882594877 0.0
-182.882594877 0.0
-181.882594877 0.0
-180.882594877 0.0
-179.882594877 0.0
-178.882594877 0.0
-177.882594877 0.0
-176.882594877 0.0
-175.882594877 0.0
-174.882594877 0.0
-173.882594877 0.0
-172.882594877 0.0
-171.882594877 0.0
-170.882594877 0.0
-169.882594877 0.0
-168.882594877 0.0
-167.882594877 0.0
-166.882594877 0.0
-165.882594877 0.0
-164.882594877 0.0
-163.882594877 0.0
-162.882594877 0.0
-161.882594877 0.0
-160.882594877 0.0
-159.882594877 0.0
-158.882594877 0.0
-157.882594877 0.0
-156.882594877 0.0
-155.882594877 0.0
-154.882594877 0.0
-153.882594877 0.0
-152.882594877 0.0
-151.882594877 0.0
-150.882594877 0.0
-149.882594877 0.0
-148.882594877 0.0
-147.882594877 0.0
-146.882594877 0.0
-145.882594877 0.0
-144.882594877 0.0
-143.882594877 0.0
-142.882594877 0.0
-141.882594877 0.0
-140.882594877 0.0
-139.882594877 0.0
-138.882594877 0.0
-137.882594877 0.0
-136.882594877 0.0
-135.882594877 0.0
-134.882594877 0.0
-133.882594877 0.0
-132.882594877 0.0
-131.882594877 0.0
-130.882594877 0.0
-129.882594877 0.0
-128.882594877 0.0
-127.882594877 0.0
-126.882594877 0.0
-125.882594877 0.0
-124.882594877 0.0
-123.882594877 0.0
-122.882594877 0.0
-121.882594877 0.0
-120.882594877 0.0
-119.882594877 0.0
-118.882594877 0.0
-117.882594877 0.0
-116.882594877 0.0
-115.882594877 0.0
-114.882594877 0.0
-113.882594877 0.0
-112.882594877 0.0
-111.882594877 0.0
-110.882594877 0.0
-109.882594877 0.0
-108.882594877 0.0
-107.882594877 0.0
-106.882594877 0.0
-105.882594877 0.0
-104.882594877 0.0
-103.882594877 0.0
-102.882594877 0.0
-101.882594877 0.0
-100.882594877 0.0
-99.8825948775 0.0
-98.8825948775 0.0
-97.8825948775 0.0
-96.8825948775 0.0
-95.8825948775 0.0
-94.8825948775 0.0
-93.8825948775 0.0
-92.8825948775 0.0
-91.8825948775 0.0
-90.8825948775 0.0
-89.8825948775 0.0
-88.8825948775 0.0
-87.8825948775 0.0
-86.8825948775 0.0
-85.8825948775 0.0
-84.8825948775 0.0
-83.8825948775 0.0
-82.8825948775 0.0
-81.8825948775 0.0
-80.8825948775 0.0
-79.8825948775 0.0
-78.8825948775 0.0
-77.8825948775 0.0
-76.8825948775 0.0
-75.8825948775 0.0
-74.8825948775 0.0
-73.8825948775 0.0
-72.8825948775 0.0
-71.8825948775 0.000000e+00
-71.6956440456 0.000000e+00
-71.5086932137 0.000000e+00
-71.3217423818 0.000000e+00
-71.1347915498 0.000000e+00
-70.9478407179 0.000000e+00
-70.760889886 0.000000e+00
-70.573939054 0.000000e+00
-70.3869882221 0.000000e+00
-70.2000373902 0.000000e+00
-70.0130865582 0.000000e+00
-69.8261357263 0.000000e+00
-69.6391848944 0.000000e+00
-69.4522340624 0.000000e+00
-69.2652832305 0.000000e+00
-69.0783323986 0.000000e+00
-68.8913815666 0.000000e+00
-68.7044307347 0.000000e+00
-68.5174799028 0.000000e+00
-68.3305290709 0.000000e+00
-68.1435782389 0.000000e+00
-67.956627407 0.000000e+00
-67.7696765751 0.000000e+00
-67.5827257431 0.000000e+00
-67.3957749112 0.000000e+00
-67.2088240793 0.000000e+00
-67.0218732473 0.000000e+00
-66.8349224154 0.000000e+00
-66.6479715835 0.000000e+00
-66.4610207515 0.000000e+00
-66.2740699196 0.000000e+00
-66.0871190877 0.000000e+00
-65.9001682557 0.000000e+00
-65.7132174238 0.000000e+00
-65.5262665919 0.000000e+00
-65.33931576 0.000000e+00
-65.152364928 0.000000e+00
-64.9654140961 0.000000e+00
-64.7784632642 0.000000e+00
-64.5915124322 0.000000e+00
-64.4045616003 0.000000e+00
-64.2176107684 0.000000e+00
-64.0306599364 0.000000e+00
-63.8437091045 0.000000e+00
-63.6567582726 0.000000e+00
-63.4698074406 0.000000e+00
-63.2828566087 0.000000e+00
-63.0959057768 0.000000e+00
-62.9089549448 0.000000e+00
-62.7220041129 0.000000e+00
-62.535053281 0.000000e+00
-62.3481024491 0.000000e+00
-62.1611516171 0.000000e+00
-61.9742007852 0.000000e+00
-61.7872499533 0.000000e+00
-61.6002991213 0.000000e+00
-61.4133482894 0.000000e+00
-61.2263974575 0.000000e+00
-61.0394466255 0.000000e+00
-60.8524957936 0.000000e+00
-60.6655449617 0.000000e+00
-60.4785941297 0.000000e+00
-60.2916432978 0.000000e+00
-60.1046924659 0.000000e+00
-59.917741634 0.000000e+00
-59.730790802 0.000000e+00
-59.5438399701 0.000000e+00
-59.3568891382 0.000000e+00
-59.1699383062 0.000000e+00
-58.9829874743 0.000000e+00
-58.7960366424 0.000000e+00
-58.6090858104 0.000000e+00
-58.4221349785 0.000000e+00
-58.2351841466 0.000000e+00
-58.0482333146 0.000000e+00
-57.8612824827 0.000000e+00
-57.6743316508 0.000000e+00
-57.4873808188 0.000000e+00
-57.3004299869 0.000000e+00
-57.113479155 0.000000e+00
-56.9265283231 0.000000e+00
-56.7395774911 0.000000e+00
-56.5526266592 0.000000e+00
-56.3656758273 0.000000e+00
-56.1787249953 0.000000e+00
-55.9917741634 0.000000e+00
-55.8048233315 0.000000e+00
-55.6178724995 0.000000e+00
-55.4309216676 0.000000e+00
-55.2439708357 0.000000e+00
-55.0570200037 0.000000e+00
-54.8700691718 0.000000e+00
-54.6831183399 0.000000e+00
-54.4961675079 0.000000e+00
-54.309216676 0.000000e+00
-54.1222658441 0.000000e+00
-53.9353150122 0.000000e+00
-53.7483641802 0.000000e+00
-53.5614133483 0.000000e+00
-53.3744625164 0.000000e+00
-53.1875116844 0.000000e+00
-53.0005608525 0.000000e+00
-52.8136100206 0.000000e+00
-52.6266591886 0.000000e+00
-52.4397083567 0.000000e+00
-52.2527575248 0.000000e+00
-52.0658066928 0.000000e+00
-51.8788558609 0.000000e+00
-51.691905029 0.000000e+00
-51.504954197 0.000000e+00
-51.3180033651 0.000000e+00
-51.1310525332 0.000000e+00
-50.9441017013 0.000000e+00
-50.7571508693 0.000000e+00
-50.5702000374 0.000000e+00
-50.3832492055 0.000000e+00
-50.1962983735 0.000000e+00
-50.0093475416 0.000000e+00
-49.8223967097 0.000000e+00
-49.6354458777 0.000000e+00
-44.5877734156 0.000000e+00
-44.4008225837 0.000000e+00
-44.2138717517 0.000000e+00
-44.0269209198 0.000000e+00
-43.8399700879 0.000000e+00
-43.6530192559 0.000000e+00
-43.466068424 0.000000e+00
-43.2791175921 0.000000e+00
-43.0921667601 0.000000e+00
-42.9052159282 0.000000e+00
-42.7182650963 0.000000e+00
-42.5313142643 0.000000e+00
-42.3443634324 0.000000e+00
-42.1574126005 0.000000e+00
-41.9704617686 0.000000e+00
-41.7835109366 0.000000e+00
-41.5965601047 0.000000e+00
-41.4096092728 0.000000e+00
-41.2226584408 0.000000e+00
-41.0357076089 0.000000e+00
-40.848756777 0.000000e+00
-40.661805945 0.000000e+00
-40.4748551131 0.000000e+00
-40.2879042812 0.000000e+00
-40.1009534492 0.000000e+00
-39.9140026173 0.000000e+00
-39.7270517854 0.000000e+00
-39.5401009534 0.000000e+00
-39.3531501215 0.000000e+00
-39.1661992896 0.000000e+00
-38.9792484577 0.000000e+00
-38.7922976257 0.000000e+00
-38.6053467938 0.000000e+00
-38.4183959619 0.000000e+00
-38.2314451299 0.000000e+00
-38.044494298 0.000000e+00
-37.8575434661 0.000000e+00
-37.6705926341 0.000000e+00
-37.4836418022 0.000000e+00
-37.2966909703 0.000000e+00
-37.1097401383 0.000000e+00
-36.9227893064 0.000000e+00
-36.7358384745 0.000000e+00
-36.5488876426 0.000000e+00
-36.3619368106 0.000000e+00
-36.1749859787 0.000000e+00
-35.9880351468 0.000000e+00
-35.8010843148 0.000000e+00
-35.6141334829 0.000000e+00
-35.427182651 0.000000e+00
-35.240231819 0.000000e+00
-35.0532809871 0.000000e+00
-34.8663301552 0.000000e+00
-34.6793793232 0.000000e+00
-34.4924284913 0.000000e+00
-34.3054776594 0.000000e+00
-34.1185268274 0.000000e+00
-33.9315759955 0.000000e+00
-33.7446251636 0.000000e+00
-33.5576743317 0.000000e+00
-33.3707234997 0.000000e+00
-33.1837726678 0.000000e+00
-32.9968218359 0.000000e+00
-32.8098710039 0.000000e+00
-32.622920172 0.000000e+00
-32.4359693401 0.000000e+00
-32.2490185081 0.000000e+00
-32.0620676762 0.000000e+00
-31.8751168443 0.000000e+00
-31.6881660123 0.000000e+00
-31.5012151804 0.000000e+00
-31.3142643485 0.000000e+00
-31.1273135165 0.000000e+00
-30.9403626846 0.000000e+00
-30.7534118527 0.000000e+00
-30.5664610208 0.000000e+00
-30.3795101888 0.000000e+00
-30.1925593569 0.000000e+00
-30.005608525 0.000000e+00
-29.818657693 0.000000e+00
-29.6317068611 0.000000e+00
-29.4447560292 0.000000e+00
-29.2578051972 0.000000e+00
-29.0708543653 0.000000e+00
-28.8839035334 0.000000e+00
-28.6969527014 0.000000e+00
-28.5100018695 0.000000e+00
-28.3230510376 0.000000e+00
-28.1361002056 0.000000e+00
-27.9491493737 0.000000e+00
-27.7621985418 0.000000e+00
-27.5752477099 0.000000e+00
-27.3882968779 0.000000e+00
-27.201346046 0.000000e+00
-27.0143952141 0.000000e+00
-26.8274443821 0.000000e+00
-26.6404935502 0.000000e+00
-26.4535427183 0.000000e+00
-26.2665918863 0.000000e+00
-26.0796410544 0.000000e+00
-25.8926902225 0.000000e+00
-25.7057393905 0.000000e+00
-25.5187885586 0.000000e+00
-25.3318377267 0.000000e+00
-25.1448868947 0.000000e+00
-24.9579360628 0.000000e+00
-24.7709852309 0.000000e+00
-24.584034399 0.000000e+00
-24.397083567 0.000000e+00
-24.2101327351 0.000000e+00
-24.0231819032 0.000000e+00
-23.8362310712 0.000000e+00
-23.6492802393 0.000000e+00
-23.4623294074 0.000000e+00
-23.2753785754 0.000000e+00
-23.0884277435 0.000000e+00
-22.9014769116 0.000000e+00
-22.7145260796 0.000000e+00
-22.5275752477 0.000000e+00
-22.3406244158 0.000000e+00
-22.1536735838 0.000000e+00
-21.9667227519 0.000000e+00
-21.77977192 0.000000e+00
-21.5928210881 0.000000e+00
-21.4058702561 0.000000e+00
-21.2189194242 0.000000e+00
-21.0319685923 0.000000e+00
-20.8450177603 0.000000e+00
-20.6580669284 0.000000e+00
-20.4711160965 0.000000e+00
-20.2841652645 0.000000e+00
-20.0972144326 0.000000e+00
-19.9102636007 0.000000e+00
-19.7233127687 0.000000e+00
-19.5363619368 0.000000e+00
-19.3494111049 0.000000e+00
-19.1624602729 0.000000e+00
-18.975509441 0.000000e+00
-18.7885586091 0.000000e+00
-18.6016077772 0.000000e+00
-18.4146569452 0.000000e+00
-18.2277061133 0.000000e+00
-18.0407552814 0.000000e+00
-17.8538044494 0.000000e+00
-17.6668536175 0.000000e+00
-17.4799027856 0.000000e+00
-17.2929519536 0.000000e+00
-17.1060011217 0.000000e+00
-16.9190502898 0.000000e+00
-16.7320994578 0.000000e+00
-16.5451486259 0.000000e+00
-16.358197794 0.000000e+00
-16.171246962 0.000000e+00
-15.9842961301 0.000000e+00
-15.7973452982 0.000000e+00
-15.6103944663 0.000000e+00
-15.4234436343 0.000000e+00
-15.2364928024 0.000000e+00
-15.0495419705 0.000000e+00
-14.8625911385 0.000000e+00
-14.6756403066 0.000000e+00
-14.4886894747 0.000000e+00
-14.3017386427 0.000000e+00
-14.1147878108 0.000000e+00
-13.9278369789 0.000000e+00
-13.7408861469 0.000000e+00
-13.553935315 0.000000e+00
-13.3669844831 0.000000e+00
-13.1800336511 0.000000e+00
-12.9930828192 0.000000e+00
-12.8061319873 0.000000e+00
-12.6191811554 0.000000e+00
-12.4322303234 0.000000e+00
-12.2452794915 0.000000e+00
-12.0583286596 0.000000e+00
-11.8713778276 0.000000e+00
-11.6844269957 0.000000e+00
-11.4974761638 0.000000e+00
-11.3105253318 0.000000e+00
-11.1235744999 0.000000e+00
-10.936623668 0.000000e+00
-10.749672836 0.000000e+00
-10.5627220041 0.000000e+00
-10.3757711722 0.000000e+00
-10.1888203403 0.000000e+00
-10.0018695083 0.000000e+00
-9.81491867639 0.000000e+00
-9.62796784446 0.000000e+00
-9.44101701253 0.000000e+00
-9.25406618059 0.000000e+00
-9.06711534866 0.000000e+00
-8.88016451673 0.000000e+00
-8.6932136848 0.000000e+00
-8.50626285287 0.000000e+00
-8.31931202094 0.000000e+00
-8.13236118901 0.000000e+00
-7.94541035708 0.000000e+00
-7.75845952514 0.000000e+00
-7.57150869321 0.000000e+00
-7.38455786128 0.000000e+00
-7.19760702935 0.000000e+00
-7.01065619742 0.000000e+00
-6.82370536549 0.000000e+00
-6.63675453356 0.000000e+00
-6.44980370163 0.000000e+00
-6.2628528697 0.000000e+00
-6.07590203776 0.000000e+00
-5.88895120583 0.000000e+00
-5.7020003739 0.000000e+00
-5.51504954197 0.000000e+00
-5.32809871004 0.000000e+00
-5.14114787811 0.000000e+00
-4.95419704618 0.000000e+00
-4.76724621425 0.000000e+00
-4.58029538231 0.000000e+00
-4.39334455038 0.000000e+00
-4.20639371845 0.000000e+00
-4.01944288652 0.000000e+00
-3.83249205459 0.000000e+00
-3.64554122266 0.000000e+00
-3.45859039073 0.000000e+00
-3.2716395588 0.000000e+00
-3.08468872686 0.000000e+00
-2.89773789493 0.000000e+00
-2.710787063 0.000000e+00
-2.52383623107 0.000000e+00
-2.33688539914 0.000000e+00
-2.14993456721 0.000000e+00
-1.96298373528 0.000000e+00
-1.77603290335 0.000000e+00
-1.58908207142 0.000000e+00
-1.40213123948 0.000000e+00
-1.21518040755 0.000000e+00
-1.02822957562 0.000000e+00
-0.84127874369 0.000000e+00
-0.654327911759 8.740771e-01
-0.467377079828 0.000000e+00
-0.280426247897 0.000000e+00
-0.0934754159656 0.000000e+00
0.0934754159656 7.643649e-01
0.280426247897 0.000000e+00
0.467377079828 0.000000e+00
0.654327911759 0.000000e+00
0.84127874369 0.000000e+00
1.02822957562 0.000000e+00
1.21518040755 0.000000e+00
1.40213123948 0.000000e+00
1.58908207142 7.698038e-01
1.77603290335 0.000000e+00
1.96298373528 0.000000e+00
2.14993456721 0.000000e+00
2.33688539914 0.000000e+00
2.52383623107 0.000000e+00
2.710787063 7.331855e-01
2.89773789493 0.000000e+00
3.08468872686 0.000000e+00
3.2716395588 7.483023e-01
3.45859039073 0.000000e+00
3.64554122266 0.000000e+00
3.83249205459 0.000000e+00
4.01944288652 0.000000e+00
4.20639371845 0.000000e+00
4.39334455038 0.000000e+00
4.58029538231 0.000000e+00
4.76724621425 0.000000e+00
4.95419704618 0.000000e+00
5.14114787811 1.000000e+00
5.32809871004 0.000000e+00
5.51504954197 0.000000e+00
5.7020003739 0.000000e+00
5.88895120583 0.000000e+00
6.07590203776 0.000000e+00
6.2628528697 0.000000e+00
6.44980370163 0.000000e+00
6.63675453356 0.000000e+00
6.82370536549 8.086925e-01
7.01065619742 0.000000e+00
7.19760702935 0.000000e+00
7.38455786128 0.000000e+00
7.57150869321 0.000000e+00
7.75845952514 0.000000e+00
7.94541035708 0.000000e+00
8.13236118901 0.000000e+00
8.31931202094 0.000000e+00
8.50626285287 0.000000e+00
8.6932136848 0.000000e+00
8.88016451673 0.000000e+00
9.06711534866 0.000000e+00
9.25406618059 0.000000e+00
9.44101701253 0.000000e+00
9.62796784446 0.000000e+00
9.81491867639 0.000000e+00
10.0018695083 0.000000e+00
10.1888203403 0.000000e+00
10.3757711722 0.000000e+00
10.5627220041 0.000000e+00
10.749672836 0.000000e+00
10.936623668 0.000000e+00
11.1235744999 0.000000e+00
11.3105253318 0.000000e+00
11.4974761638 0.000000e+00
11.6844269957 0.000000e+00
11.8713778276 0.000000e+00
12.0583286596 0.000000e+00
12.2452794915 0.000000e+00
12.4322303234 0.000000e+00
12.6191811554 0.000000e+00
12.8061319873 0.000000e+00
12.9930828192 0.000000e+00
13.1800336511 0.000000e+00
13.3669844831 0.000000e+00
13.553935315 0.000000e+00
13.7408861469 0.000000e+00
13.9278369789 0.000000e+00
14.1147878108 0.000000e+00
14.3017386427 0.000000e+00
14.4886894747 0.000000e+00
14.6756403066 0.000000e+00
14.8625911385 0.000000e+00
15.0495419705 0.000000e+00
15.2364928024 0.000000e+00
15.4234436343 0.000000e+00
15.6103944663 0.000000e+00
15.7973452982 0.000000e+00
15.9842961301 0.000000e+00
16.171246962 0.000000e+00
16.358197794 0.000000e+00
16.5451486259 0.000000e+00
16.7320994578 0.000000e+00
16.9190502898 0.000000e+00
17.1060011217 0.000000e+00
17.2929519536 0.000000e+00
17.4799027856 0.000000e+00
17.6668536175 0.000000e+00
17.8538044494 0.000000e+00
18.0407552814 0.000000e+00
18.2277061133 0.000000e+00
18.4146569452 0.000000e+00
18.6016077772 0.000000e+00
18.7885586091 0.000000e+00
18.975509441 0.000000e+00
19.1624602729 0.000000e+00
19.3494111049 0.000000e+00
19.5363619368 0.000000e+00
19.7233127687 0.000000e+00
19.9102636007 0.000000e+00
20.0972144326 0.000000e+00
20.2841652645 0.000000e+00
20.4711160965 0.000000e+00
20.6580669284 0.000000e+00
20.8450177603 0.000000e+00
21.0319685923 0.000000e+00
21.2189194242 0.000000e+00
21.4058702561 0.000000e+00
21.5928210881 0.000000e+00
21.77977192 0.000000e+00
21.9667227519 0.000000e+00
22.1536735838 0.000000e+00
22.3406244158 0.000000e+00
22.5275752477 0.000000e+00
22.7145260796 0.000000e+00
22.9014769116 0.000000e+00
23.0884277435 0.000000e+00
23.2753785754 0.000000e+00
23.4623294074 0.000000e+00
23.6492802393 0.000000e+00
23.8362310712 0.000000e+00
24.0231819032 0.000000e+00
24.2101327351 0.000000e+00
24.397083567 0.000000e+00
24.584034399 0.000000e+00
24.7709852309 0.000000e+00
24.9579360628 0.000000e+00
25.1448868947 0.000000e+00
25.3318377267 0.000000e+00
25.5187885586 0.000000e+00
25.7057393905 0.000000e+00
25.8926902225 0.000000e+00
26.0796410544 0.000000e+00
26.2665918863 0.000000e+00
26.4535427183 0.000000e+00
26.6404935502 0.000000e+00
26.8274443821 0.000000e+00
27.0143952141 0.000000e+00
27.201346046 0.000000e+00
27.3882968779 0.000000e+00
27.5752477099 0.000000e+00
27.7621985418 0.000000e+00
27.9491493737 0.000000e+00
28.1361002056 0.000000e+00
28.3230510376 0.000000e+00
28.5100018695 0.000000e+00
28.6969527014 0.000000e+00
28.8839035334 0.000000e+00
29.0708543653 0.000000e+00
29.2578051972 0.000000e+00
29.4447560292 0.000000e+00
29.6317068611 0.000000e+00
29.818657693 0.000000e+00
30.005608525 0.000000e+00
30.1925593569 0.000000e+00
30.3795101888 0.000000e+00
30.5664610208 0.000000e+00
30.7534118527 0.000000e+00
30.9403626846 0.000000e+00
31.1273135165 0.000000e+00
31.3142643485 0.000000e+00
31.5012151804 0.000000e+00
31.6881660123 0.000000e+00
31.8751168443 0.000000e+00
32.0620676762 0.000000e+00
32.2490185081 0.000000e+00
32.4359693401 0.000000e+00
32.622920172 0.000000e+00
32.8098710039 0.000000e+00
32.9968218359 0.000000e+00
33.1837726678 0.000000e+00
33.3707234997 0.000000e+00
33.5576743317 0.000000e+00
33.7446251636 0.000000e+00
33.9315759955 0.000000e+00
34.1185268274 0.000000e+00
34.3054776594 0.000000e+00
34.4924284913 0.000000e+00
34.6793793232 0.000000e+00
34.8663301552 0.000000e+00
35.0532809871 0.000000e+00
35.240231819 0.000000e+00
35.427182651 0.000000e+00
35.6141334829 0.000000e+00
35.8010843148 0.000000e+00
35.9880351468 0.000000e+00
36.1749859787 0.000000e+00
36.3619368106 0.000000e+00
36.5488876426 0.000000e+00
36.7358384745 0.000000e+00
36.9227893064 0.000000e+00
37.1097401383 0.000000e+00
37.2966909703 0.000000e+00
37.4836418022 0.000000e+00
37.6705926341 0.000000e+00
37.8575434661 0.000000e+00
38.044494298 0.000000e+00
38.2314451299 0.000000e+00
38.4183959619 0.000000e+00
38.6053467938 0.000000e+00
38.7922976257 0.000000e+00
38.9792484577 0.000000e+00
39.1661992896 0.000000e+00
39.3531501215 0.000000e+00
39.5401009534 0.000000e+00
39.7270517854 0.000000e+00
39.9140026173 0.000000e+00
40.1009534492 0.000000e+00
40.2879042812 0.000000e+00
40.4748551131 0.000000e+00
40.661805945 0.000000e+00
40.848756777 0.000000e+00
41.0357076089 0.000000e+00
41.2226584408 0.000000e+00
41.4096092728 0.000000e+00
41.5965601047 0.000000e+00
41.7835109366 0.000000e+00
41.9704617686 0.000000e+00
42.1574126005 0.000000e+00
42.3443634324 0.000000e+00
42.5313142643 0.000000e+00
42.7182650963 0.000000e+00
42.9052159282 0.000000e+00
43.0921667601 0.000000e+00
43.2791175921 0.000000e+00
43.466068424 0.000000e+00
43.6530192559 0.000000e+00
43.8399700879 0.000000e+00
44.0269209198 0.000000e+00
44.2138717517 0.000000e+00
44.4008225837 0.000000e+00
44.5877734156 0.000000e+00
44.7747242475 0.000000e+00
44.9616750795 0.000000e+00
45.1486259114 0.000000e+00
45.3355767433 0.000000e+00
45.5225275752 0.000000e+00
45.7094784072 0.000000e+00
45.8964292391 0.000000e+00
46.083380071 0.000000e+00
46.270330903 0.000000e+00
46.4572817349 0.000000e+00
46.6442325668 0.000000e+00
46.8311833988 0.000000e+00
47.0181342307 0.000000e+00
47.2050850626 0.000000e+00
47.3920358946 0.000000e+00
47.5789867265 0.000000e+00
47.7659375584 0.000000e+00
47.9528883904 0.000000e+00
48.1398392223 0.000000e+00
48.3267900542 0.000000e+00
48.5137408861 0.000000e+00
48.7006917181 0.000000e+00
48.88764255 0.000000e+00
49.0745933819 0.000000e+00
49.2615442139 0.000000e+00
49.4484950458 0.000000e+00
49.6354458777 0.000000e+00
49.8223967097 0.000000e+00
50.0093475416 0.000000e+00
50.1962983735 0.000000e+00
50.3832492055 0.000000e+00
50.5702000374 0.000000e+00
50.7571508693 0.000000e+00
50.9441017013 0.000000e+00
51.1310525332 0.000000e+00
51.3180033651 0.000000e+00
51.504954197 0.000000e+00
51.691905029 0.000000e+00
51.8788558609 0.000000e+00
52.0658066928 0.000000e+00
52.2527575248 0.000000e+00
52.4397083567 0.000000e+00
52.6266591886 0.000000e+00
52.8136100206 0.000000e+00
53.0005608525 0.000000e+00
53.1875116844 0.000000e+00
53.3744625164 0.000000e+00
53.5614133483 0.000000e+00
53.7483641802 0.000000e+00
53.9353150122 0.000000e+00
54.1222658441 0.000000e+00
54.309216676 0.000000e+00
54.4961675079 0.000000e+00
54.6831183399 0.000000e+00
54.8700691718 0.000000e+00
55.0570200037 0.000000e+00
55.2439708357 0.000000e+00
55.4309216676 0.000000e+00
55.6178724995 0.000000e+00
55.8048233315 0.000000e+00
55.9917741634 0.000000e+00
56.1787249953 0.000000e+00
56.3656758273 0.000000e+00
56.5526266592 0.000000e+00
56.7395774911 0.000000e+00
56.9265283231 0.000000e+00
57.113479155 0.000000e+00
57.3004299869 0.000000e+00
57.4873808188 0.000000e+00
57.6743316508 0.000000e+00
57.8612824827 0.000000e+00
58.0482333146 0.000000e+00
58.2351841466 0.000000e+00
58.4221349785 0.000000e+00
58.6090858104 0.000000e+00
58.7960366424 0.000000e+00
58.9829874743 0.000000e+00
59.1699383062 0.000000e+00
59.3568891382 0.000000e+00
59.5438399701 0.000000e+00
59.730790802 0.000000e+00
59.917741634 0.000000e+00
60.1046924659 0.000000e+00
60.2916432978 0.000000e+00
60.4785941297 0.000000e+00
60.6655449617 0.000000e+00
60.8524957936 0.000000e+00
61.0394466255 0.000000e+00
61.2263974575 0.000000e+00
61.4133482894 0.000000e+00
61.6002991213 0.000000e+00
61.7872499533 0.000000e+00
61.9742007852 0.000000e+00
62.1611516171 0.000000e+00
62.3481024491 0.000000e+00
62.535053281 0.000000e+00
62.7220041129 0.000000e+00
62.9089549448 0.000000e+00
63.0959057768 0.000000e+00
63.2828566087 0.000000e+00
63.4698074406 0.000000e+00
63.6567582726 0.000000e+00
63.8437091045 0.000000e+00
64.0306599364 0.000000e+00
64.2176107684 0.000000e+00
64.4045616003 0.000000e+00
64.5915124322 0.000000e+00
64.7784632642 0.000000e+00
64.9654140961 0.000000e+00
65.152364928 0.000000e+00
65.33931576 0.000000e+00
65.5262665919 0.000000e+00
65.7132174238 0.000000e+00
65.9001682557 0.000000e+00
66.0871190877 0.000000e+00
66.2740699196 0.000000e+00
66.4610207515 0.000000e+00
66.6479715835 0.000000e+00
66.8349224154 0.000000e+00
67.0218732473 0.000000e+00
67.2088240793 0.000000e+00
67.3957749112 0.000000e+00
67.5827257431 0.000000e+00
67.7696765751 0.000000e+00
67.956627407 0.000000e+00
68.1435782389 0.000000e+00
68.3305290709 0.000000e+00
68.5174799028 0.000000e+00
68.7044307347 0.000000e+00
68.8913815666 0.000000e+00
69.0783323986 0.000000e+00
69.2652832305 0.000000e+00
69.4522340624 0.000000e+00
69.6391848944 0.000000e+00
69.8261357263 0.000000e+00
70.0130865582 0.000000e+00
70.2000373902 0.000000e+00
70.3869882221 0.000000e+00
70.573939054 0.000000e+00
70.760889886 0.000000e+00
70.9478407179 0.000000e+00
71.1347915498 0.000000e+00
71.3217423818 0.000000e+00
71.5086932137 0.000000e+00
71.6956440456 0.000000e+00
71.8825948775 0.000000e+00
72.0695457095 0.000000e+00
72.2564965414 0.000000e+00
72.4434473733 0.000000e+00
72.6303982053 0.000000e+00
72.8173490372 0.000000e+00
73.0042998691 0.000000e+00
73.1912507011 0.000000e+00
73.378201533 0.000000e+00
73.5651523649 0.000000e+00
73.7521031969 0.000000e+00
73.9390540288 0.000000e+00
74.1260048607 0.000000e+00
74.3129556927 0.000000e+00
74.4999065246 0.000000e+00
74.6868573565 0.000000e+00
74.8738081884 0.000000e+00
75.0607590204 0.000000e+00
75.2477098523 0.000000e+00
75.4346606842 0.000000e+00
75.6216115162 0.000000e+00
75.8085623481 0.000000e+00
75.99551318 0.000000e+00
76.182464012 0.000000e+00
76.3694148439 0.000000e+00
76.5563656758 0.000000e+00
76.7433165078 0.000000e+00
76.9302673397 0.000000e+00
77.1172181716 0.000000e+00
77.3041690036 0.000000e+00
77.4911198355 0.000000e+00
77.6780706674 0.000000e+00
77.8650214993 0.000000e+00
78.0519723313 0.000000e+00
78.2389231632 0.000000e+00
78.4258739951 0.000000e+00
78.6128248271 0.000000e+00
78.799775659 0.000000e+00
78.9867264909 0.000000e+00
79.1736773229 0.000000e+00
79.3606281548 0.000000e+00
79.5475789867 0.000000e+00
79.7345298187 0.000000e+00
79.9214806506 0.000000e+00
80.1084314825 0.000000e+00
80.2953823145 0.000000e+00
80.4823331464 0.000000e+00
80.6692839783 0.000000e+00
80.8562348102 0.000000e+00
81.0431856422 0.000000e+00
81.2301364741 0.000000e+00
81.417087306 0.000000e+00
81.604038138 0.000000e+00
81.7909889699 0.000000e+00
81.9779398018 0.000000e+00
82.1648906338 0.000000e+00
82.3518414657 0.000000e+00
82.5387922976 0.000000e+00
82.7257431296 0.000000e+00
82.9126939615 0.000000e+00
83.0996447934 0.000000e+00
83.2865956254 0.000000e+00
83.4735464573 0.000000e+00
83.6604972892 0.000000e+00
83.8474481211 0.000000e+00
84.0343989531 0.000000e+00
84.221349785 0.000000e+00
84.4083006169 0.000000e+00
84.5952514489 0.000000e+00
84.7822022808 0.000000e+00
84.9691531127 0.000000e+00
85.1561039447 0.000000e+00
85.3430547766 0.000000e+00
85.5300056085 0.000000e+00
85.7169564405 0.000000e+00
85.9039072724 0.000000e+00
86.0908581043 0.000000e+00
86.2778089362 0.000000e+00
86.4647597682 0.000000e+00
86.6517106001 0.000000e+00
86.838661432 0.000000e+00
87.025612264 0.000000e+00
87.2125630959 0.000000e+00
87.3995139278 0.000000e+00
87.5864647598 0.000000e+00
87.7734155917 0.000000e+00
87.9603664236 0.000000e+00
88.1473172556 0.000000e+00
88.3342680875 0.000000e+00
88.5212189194 0.000000e+00
88.7081697514 0.000000e+00
88.8951205833 0.000000e+00
89.0820714152 0.000000e+00
89.2690222471 0.000000e+00
89.4559730791 0.000000e+00
89.642923911 0.000000e+00
89.8298747429 0.000000e+00
90.0168255749 0.000000e+00
90.2037764068 0.000000e+00
90.3907272387 0.000000e+00
90.5776780707 0.000000e+00
90.7646289026 0.000000e+00
90.9515797345 0.000000e+00
91.1385305665 0.000000e+00
91.3254813984 0.000000e+00
91.5124322303 0.000000e+00
91.6993830623 0.000000e+00
91.8863338942 0.000000e+00
92.0732847261 0.000000e+00
92.260235558 0.000000e+00
92.44718639 0.000000e+00
92.6341372219 0.000000e+00
92.8210880538 0.000000e+00
93.0080388858 0.000000e+00
93.1949897177 0.000000e+00
93.3819405496 0.000000e+00
93.5688913816 0.000000e+00
93.7558422135 0.000000e+00
93.9427930454 0.000000e+00
94.1297438774 0.000000e+00
94.3166947093 0.000000e+00
94.5036455412 0.000000e+00
94.6905963732 0.000000e+00
94.8775472051 0.000000e+00
95.064498037 0.000000e+00
95.2514488689 0.000000e+00
95.4383997009 0.000000e+00
95.6253505328 0.000000e+00
95.8123013647 0.000000e+00
95.9992521967 0.000000e+00
96.1862030286 0.000000e+00
96.3731538605 0.000000e+00
96.5601046925 0.000000e+00
96.7470555244 0.000000e+00
96.9340063563 0.000000e+00
97.1209571883 0.000000e+00
97.3079080202 0.000000e+00
97.4948588521 0.000000e+00
97.6818096841 0.000000e+00
97.868760516 0.000000e+00
98.0557113479 0.000000e+00
98.2426621798 0.000000e+00
98.4296130118 0.000000e+00
98.6165638437 0.000000e+00
98.8035146756 0.000000e+00
98.9904655076 0.000000e+00
99.1774163395 0.000000e+00
99.3643671714 0.000000e+00
99.5513180034 0.000000e+00
99.7382688353 0.000000e+00
99.9252196672 0.000000e+00
100.112170499 0.000000e+00
100.299121331 0.000000e+00
100.486072163 0.000000e+00
100.673022995 0.000000e+00
100.859973827 0.000000e+00
101.046924659 0.000000e+00
101.233875491 0.000000e+00
101.420826323 0.000000e+00
101.607777155 0.000000e+00
101.794727987 0.000000e+00
101.981678818 0.000000e+00
102.16862965 0.000000e+00
102.355580482 0.000000e+00
102.542531314 0.000000e+00
102.729482146 0.000000e+00
102.916432978 0.000000e+00
103.10338381 0.000000e+00
103.290334642 0.000000e+00
103.477285474 0.000000e+00
103.664236306 0.000000e+00
103.851187138 0.000000e+00
104.03813797 0.000000e+00
104.225088802 0.000000e+00
104.412039634 0.000000e+00
104.598990466 0.000000e+00
104.785941297 0.000000e+00
104.972892129 0.000000e+00
105.159842961 0.000000e+00
105.346793793 0.000000e+00
105.533744625 0.000000e+00
105.720695457 0.000000e+00
105.907646289 0.000000e+00
106.094597121 0.000000e+00
106.281547953 0.000000e+00
106.468498785 0.000000e+00
106.655449617 0.000000e+00
106.842400449 0.000000e+00
107.029351281 0.000000e+00
107.216302113 0.000000e+00
107.403252944 0.000000e+00
107.590203776 0.000000e+00
107.777154608 0.000000e+00
107.96410544 0.000000e+00
108.151056272 0.000000e+00
108.338007104 0.000000e+00
108.524957936 0.000000e+00
108.711908768 0.000000e+00
108.8988596 0.000000e+00
109.085810432 0.000000e+00
109.272761264 0.000000e+00
109.459712096 0.000000e+00
109.646662928 0.000000e+00
109.83361376 0.000000e+00
110.020564592 0.000000e+00
110.207515423 0.000000e+00
110.394466255 0.000000e+00
110.581417087 0.000000e+00
110.768367919 0.000000e+00
110.955318751 0.000000e+00
111.142269583 0.000000e+00
111.329220415 0.000000e+00
111.516171247 0.000000e+00
111.703122079 0.000000e+00
111.890072911 0.000000e+00
112.077023743 0.000000e+00
112.263974575 0.000000e+00
112.450925407 0.000000e+00
112.637876239 0.000000e+00
112.82482707 0.000000e+00
113.011777902 0.000000e+00
113.198728734 0.000000e+00
113.385679566 0.000000e+00
113.572630398 0.000000e+00
113.75958123 0.000000e+00
113.946532062 0.000000e+00
114.133482894 0.000000e+00
114.320433726 0.000000e+00
114.507384558 0.000000e+00
114.69433539 0.000000e+00
114.881286222 0.000000e+00
115.068237054 0.000000e+00
115.255187886 0.000000e+00
115.442138718 0.000000e+00
115.629089549 0.000000e+00
115.816040381 0.000000e+00
116.002991213 0.000000e+00
116.189942045 0.000000e+00
116.376892877 0.000000e+00
116.563843709 0.000000e+00
116.750794541 0.000000e+00
116.937745373 0.000000e+00
117.124696205 0.000000e+00
117.311647037 0.000000e+00
117.498597869 0.000000e+00
117.685548701 0.000000e+00
117.872499533 0.000000e+00
118.059450365 0.000000e+00
118.246401196 0.000000e+00
118.433352028 0.000000e+00
118.62030286 0.000000e+00
118.807253692 0.000000e+00
118.994204524 0.000000e+00
119.181155356 0.000000e+00
119.368106188 0.000000e+00
119.55505702 0.000000e+00
119.742007852 0.000000e+00
119.928958684 0.000000e+00
120.115909516 0.000000e+00
120.302860348 0.000000e+00
120.48981118 0.000000e+00
120.676762012 0.000000e+00
120.863712844 0.000000e+00
121.050663675 0.000000e+00
121.237614507 0.000000e+00
121.424565339 0.000000e+00
121.611516171 0.000000e+00
121.798467003 0.000000e+00
121.985417835 0.000000e+00
122.172368667 0.000000e+00
122.359319499 0.000000e+00
122.546270331 0.000000e+00
122.733221163 0.000000e+00
122.920171995 0.000000e+00
123.107122827 0.000000e+00
123.294073659 0.000000e+00
123.481024491 0.000000e+00
123.667975322 0.000000e+00
123.854926154 0.000000e+00
124.041876986 0.000000e+00
124.228827818 0.000000e+00
124.41577865 0.000000e+00
124.602729482 0.000000e+00
124.789680314 0.000000e+00
124.976631146 0.000000e+00
125.163581978 0.000000e+00
125.35053281 0.000000e+00
125.537483642 0.000000e+00
125.724434474 0.000000e+00
125.911385306 0.000000e+00
126.098336138 0.000000e+00
126.28528697 0.000000e+00
126.472237801 0.000000e+00
126.659188633 0.000000e+00
126.846139465 0.000000e+00
127.033090297 0.000000e+00
127.220041129 0.000000e+00
127.406991961 0.000000e+00
127.593942793 0.000000e+00
127.780893625 0.000000e+00
127.967844457 0.000000e+00
128.154795289 0.000000e+00
128.341746121 0.000000e+00
128.528696953 0.000000e+00
128.715647785 0.000000e+00
128.902598617 0.000000e+00
129.089549448 0.000000e+00
129.27650028 0.000000e+00
129.463451112 0.000000e+00
129.650401944 0.000000e+00
129.837352776 0.000000e+00
130.024303608 0.000000e+00
130.21125444 0.000000e+00
130.398205272 0.000000e+00
130.585156104 0.000000e+00
130.772106936 0.000000e+00
130.959057768 0.000000e+00
131.1460086 0.000000e+00
131.332959432 0.000000e+00
131.519910264 0.000000e+00
131.706861096 0.000000e+00
131.893811927 0.000000e+00
132.080762759 0.000000e+00
132.267713591 0.000000e+00
132.454664423 0.000000e+00
132.641615255 0.000000e+00
132.828566087 0.000000e+00
133.015516919 0.000000e+00
133.202467751 0.000000e+00
133.389418583 0.000000e+00
133.576369415 0.000000e+00
133.763320247 0.000000e+00
133.950271079 0.000000e+00
134.137221911 0.000000e+00
134.324172743 0.000000e+00
134.511123574 0.000000e+00
134.698074406 0.000000e+00
134.885025238 0.000000e+00
135.07197607 0.000000e+00
135.258926902 0.000000e+00
135.445877734 0.000000e+00
135.632828566 0.000000e+00
135.819779398 0.000000e+00
136.00673023 0.000000e+00
136.193681062 0.000000e+00
136.380631894 0.000000e+00
136.567582726 0.000000e+00
136.754533558 0.000000e+00
136.94148439 0.000000e+00
137.128435222 0.000000e+00
137.315386053 0.000000e+00
137.502336885 0.000000e+00
137.689287717 0.000000e+00
137.876238549 0.000000e+00
138.063189381 0.000000e+00
138.250140213 0.000000e+00
138.437091045 0.000000e+00
138.624041877 0.000000e+00
138.810992709 0.000000e+00
138.997943541 0.000000e+00
139.184894373 0.000000e+00
139.371845205 0.000000e+00
139.558796037 0.000000e+00
139.745746869 0.000000e+00
139.932697701 0.000000e+00
140.119648532 0.000000e+00
140.306599364 0.000000e+00
140.493550196 0.000000e+00
140.680501028 0.000000e+00
140.86745186 0.000000e+00
141.054402692 0.000000e+00
141.241353524 0.000000e+00
141.428304356 0.000000e+00
141.615255188 0.000000e+00
141.80220602 0.000000e+00
141.989156852 0.000000e+00
142.176107684 0.000000e+00
142.363058516 0.000000e+00
142.550009348 0.000000e+00
142.736960179 0.000000e+00
142.923911011 0.000000e+00
143.110861843 0.000000e+00
143.297812675 0.000000e+00
143.484763507 0.000000e+00
143.671714339 0.000000e+00
143.858665171 0.000000e+00
144.045616003 0.000000e+00
144.232566835 0.000000e+00
144.419517667 0.000000e+00
144.606468499 0.000000e+00
144.793419331 0.000000e+00
144.980370163 0.000000e+00
145.167320995 0.000000e+00
145.354271827 0.000000e+00
145.541222658 0.000000e+00
145.72817349 0.000000e+00
145.915124322 0.000000e+00
146.102075154 0.000000e+00
146.289025986 0.000000e+00
146.475976818 0.000000e+00
146.66292765 0.000000e+00
146.849878482 0.000000e+00
147.036829314 0.000000e+00
147.223780146 0.000000e+00
147.410730978 0.000000e+00
147.59768181 0.000000e+00
147.784632642 0.000000e+00
147.971583474 0.000000e+00
148.158534305 0.000000e+00
148.345485137 0.000000e+00
148.532435969 0.000000e+00
148.719386801 0.000000e+00
148.906337633 0.000000e+00
149.093288465 0.000000e+00
149.280239297 0.000000e+00
149.467190129 0.000000e+00
149.654140961 0.000000e+00
149.841091793 0.000000e+00
150.028042625 0.000000e+00
150.214993457 0.000000e+00
150.401944289 0.000000e+00
150.588895121 0.000000e+00
150.775845953 0.000000e+00
150.962796784 0.000000e+00
151.149747616 0.000000e+00
151.336698448 0.000000e+00
151.52364928 0.000000e+00
151.710600112 0.000000e+00
151.897550944 0.000000e+00
152.084501776 0.000000e+00
152.271452608 0.000000e+00
152.45840344 0.000000e+00
152.645354272 0.000000e+00
152.832305104 0.000000e+00
153.019255936 0.000000e+00
153.206206768 0.000000e+00
153.3931576 0.000000e+00
153.580108431 0.000000e+00
153.767059263 0.000000e+00
153.954010095 0.000000e+00
154.140960927 0.000000e+00
154.327911759 0.000000e+00
154.514862591 0.000000e+00
154.701813423 0.000000e+00
154.888764255 0.000000e+00
155.075715087 0.000000e+00
155.262665919 0.000000e+00
155.449616751 0.000000e+00
155.636567583 0.000000e+00
155.823518415 0.000000e+00
156.010469247 0.000000e+00
156.197420079 0.000000e+00
156.38437091 0.000000e+00
156.571321742 0.000000e+00
156.758272574 0.000000e+00
156.945223406 0.000000e+00
157.132174238 0.000000e+00
157.31912507 0.000000e+00
157.506075902 0.000000e+00
157.693026734 0.000000e+00
157.879977566 0.000000e+00
158.066928398 0.000000e+00
158.25387923 0.000000e+00
158.440830062 0.000000e+00
158.627780894 0.000000e+00
158.814731726 0.000000e+00
159.001682557 0.000000e+00
159.188633389 0.000000e+00
159.375584221 0.000000e+00
159.562535053 0.000000e+00
159.749485885 0.000000e+00
159.936436717 0.000000e+00
160.123387549 0.000000e+00
160.310338381 0.000000e+00
160.497289213 0.000000e+00
160.684240045 0.000000e+00
160.871190877 0.000000e+00
161.058141709 0.000000e+00
161.245092541 0.000000e+00
161.432043373 0.000000e+00
161.618994205 0.000000e+00
161.805945036 0.000000e+00
161.992895868 0.000000e+00
162.1798467 0.000000e+00
162.366797532 0.000000e+00
162.553748364 0.000000e+00
162.740699196 0.000000e+00
162.927650028 0.000000e+00
163.11460086 0.000000e+00
163.301551692 0.000000e+00
163.488502524 0.000000e+00
163.675453356 0.000000e+00
163.862404188 0.000000e+00
164.04935502 0.000000e+00
164.236305852 0.000000e+00
164.423256683 0.000000e+00
164.610207515 0.000000e+00
164.797158347 0.000000e+00
164.984109179 0.000000e+00
165.171060011 0.000000e+00
165.358010843 0.000000e+00
165.544961675 0.000000e+00
165.731912507 0.000000e+00
165.918863339 0.000000e+00
166.105814171 0.000000e+00
166.292765003 0.000000e+00
166.479715835 0.000000e+00
166.666666667 0.000000e+00
166.853617499 0.000000e+00
167.040568331 0.000000e+00
167.227519162 0.000000e+00
167.414469994 0.000000e+00
167.601420826 0.000000e+00
167.788371658 0.000000e+00
167.97532249 0.000000e+00
168.162273322 0.000000e+00
168.349224154 0.000000e+00
168.536174986 0.000000e+00
168.723125818 0.000000e+00
168.91007665 0.000000e+00
169.097027482 0.000000e+00
169.283978314 0.000000e+00
169.470929146 0.000000e+00
169.657879978 0.000000e+00
169.844830809 0.000000e+00
170.031781641 0.000000e+00
170.218732473 0.000000e+00
170.405683305 0.000000e+00
170.592634137 0.000000e+00
170.779584969 0.000000e+00
170.966535801 0.000000e+00
171.153486633 0.000000e+00
171.340437465 0.000000e+00
171.527388297 0.000000e+00
171.714339129 0.000000e+00
171.901289961 0.000000e+00
172.088240793 0.000000e+00
172.275191625 0.000000e+00
172.462142457 0.000000e+00
172.649093288 0.000000e+00
172.83604412 0.000000e+00
173.022994952 0.000000e+00
173.209945784 0.000000e+00
173.396896616 0.000000e+00
173.583847448 0.000000e+00
173.77079828 0.000000e+00
173.957749112 0.000000e+00
174.144699944 0.000000e+00
174.331650776 0.000000e+00
174.518601608 0.000000e+00
174.70555244 0.000000e+00
174.892503272 0.000000e+00
175.079454104 0.000000e+00
175.266404936 0.000000e+00
175.453355767 0.000000e+00
175.640306599 0.000000e+00
175.827257431 0.000000e+00
176.014208263 0.000000e+00
176.201159095 0.000000e+00
176.388109927 0.000000e+00
176.575060759 0.000000e+00
176.762011591 0.000000e+00
176.948962423 0.000000e+00
177.135913255 0.000000e+00
177.322864087 0.000000e+00
177.509814919 0.000000e+00
177.696765751 0.000000e+00
177.883716583 0.000000e+00
178.070667414 0.000000e+00
178.257618246 0.000000e+00
178.444569078 0.000000e+00
178.63151991 0.000000e+00
178.818470742 0.000000e+00
179.005421574 0.000000e+00
179.192372406 0.000000e+00
179.379323238 0.000000e+00
179.56627407 0.000000e+00
179.753224902 0.000000e+00
179.940175734 0.000000e+00
184.987848196 0.000000e+00
185.174799028 0.000000e+00
185.36174986 0.000000e+00
185.548700692 0.000000e+00
185.735651524 0.000000e+00
185.922602356 0.000000e+00
186.109553188 0.000000e+00
186.296504019 0.000000e+00
186.483454851 0.000000e+00
186.670405683 0.000000e+00
186.857356515 0.000000e+00
187.044307347 0.000000e+00
187.231258179 0.000000e+00
187.418209011 0.000000e+00
187.605159843 0.000000e+00
187.792110675 0.000000e+00
187.979061507 0.000000e+00
188.166012339 0.000000e+00
188.352963171 0.000000e+00
188.539914003 0.000000e+00
188.726864835 0.000000e+00
188.913815666 0.000000e+00
189.100766498 0.000000e+00
189.28771733 0.000000e+00
189.474668162 0.000000e+00
189.661618994 0.000000e+00
189.848569826 0.000000e+00
190.035520658 0.000000e+00
190.22247149 0.000000e+00
190.409422322 0.000000e+00
190.596373154 0.000000e+00
190.783323986 0.000000e+00
190.970274818 0.000000e+00
191.15722565 0.000000e+00
191.344176482 0.000000e+00
191.531127314 0.000000e+00
191.718078145 0.000000e+00
191.905028977 0.000000e+00
192.091979809 0.000000e+00
192.278930641 0.000000e+00
192.465881473 0.000000e+00
192.652832305 0.000000e+00
192.839783137 0.000000e+00
193.026733969 0.000000e+00
193.213684801 0.000000e+00
193.400635633 0.000000e+00
193.587586465 0.000000e+00
193.774537297 0.000000e+00
193.961488129 0.000000e+00
194.148438961 0.000000e+00
194.335389792 0.000000e+00
194.522340624 0.000000e+00
194.709291456 0.000000e+00
194.896242288 0.000000e+00
195.08319312 0.000000e+00
195.270143952 0.000000e+00
195.457094784 0.000000e+00
195.644045616 0.000000e+00
195.830996448 0.000000e+00
196.01794728 0.000000e+00
196.204898112 0.000000e+00
196.391848944 0.000000e+00
196.578799776 0.000000e+00
196.765750608 0.000000e+00
196.95270144 0.000000e+00
197.139652271 0.000000e+00
197.326603103 0.000000e+00
197.513553935 0.000000e+00
197.700504767 0.000000e+00
197.887455599 0.000000e+00
198.074406431 0.000000e+00
198.261357263 0.000000e+00
198.448308095 0.000000e+00
198.635258927 0.000000e+00
198.822209759 0.000000e+00
199.009160591 0.000000e+00
199.196111423 0.000000e+00
199.383062255 0.000000e+00
199.570013087 0.000000e+00
199.756963918 0.000000e+00
199.94391475 0.000000e+00
200.130865582 0.000000e+00
200.317816414 0.000000e+00
200.504767246 0.000000e+00
200.691718078 0.000000e+00
200.87866891 0.000000e+00
201.065619742 0.000000e+00
201.252570574 0.000000e+00
201.439521406 0.000000e+00
201.626472238 0.000000e+00
201.81342307 0.000000e+00
202.000373902 0.000000e+00
202.187324734 0.000000e+00
202.374275566 0.000000e+00
202.561226397 0.000000e+00
202.748177229 0.000000e+00
202.935128061 0.000000e+00
203.122078893 0.000000e+00
203.309029725 0.000000e+00
203.495980557 0.000000e+00
203.682931389 0.000000e+00
203.869882221 0.000000e+00
204.056833053 0.000000e+00
204.243783885 0.000000e+00
204.430734717 0.000000e+00
204.617685549 0.000000e+00
204.804636381 0.000000e+00
204.991587213 0.000000e+00
205.178538044 0.000000e+00
205.365488876 0.000000e+00
205.552439708 0.000000e+00
205.73939054 0.000000e+00
205.926341372 0.000000e+00
206.113292204 0.000000e+00
206.300243036 0.000000e+00
206.487193868 0.000000e+00
206.6741447 0.000000e+00
206.861095532 0.000000e+00
207.048046364 0.000000e+00
207.234997196 0.000000e+00
208.234997196 0.0
209.234997196 0.0
210.234997196 0.0
211.234997196 0.0
212.234997196 0.0
213.234997196 0.0
214.234997196 0.0
215.234997196 0.0
216.234997196 0.0
217.234997196 0.0
218.234997196 0.0
219.234997196 0.0
220.234997196 0.0
221.234997196 0.0
222.234997196 0.0
223.234997196 0.0
224.234997196 0.0
225.234997196 0.0
226.234997196 0.0
227.234997196 0.0
228.234997196 0.0
229.234997196 0.0
230.234997196 0.0
231.234997196 0.0
232.234997196 0.0
233.234997196 0.0
234.234997196 0.0
235.234997196 0.0
236.234997196 0.0
237.234997196 0.0
238.234997196 0.0
239.234997196 0.0
240.234997196 0.0
241.234997196 0.0
242.234997196 0.0
243.234997196 0.0
244.234997196 0.0
245.234997196 0.0
246.234997196 0.0
247.234997196 0.0
248.234997196 0.0
249.234997196 0.0
250.234997196 0.0
251.234997196 0.0
252.234997196 0.0
253.234997196 0.0
254.234997196 0.0
255.234997196 0.0
256.234997196 0.0
257.234997196 0.0
258.234997196 0.0
259.234997196 0.0
260.234997196 0.0
261.234997196 0.0
262.234997196 0.0
263.234997196 0.0
264.234997196 0.0
265.234997196 0.0
266.234997196 0.0
267.234997196 0.0
268.234997196 0.0
269.234997196 0.0
270.234997196 0.0
271.234997196 0.0
272.234997196 0.0
273.234997196 0.0
274.234997196 0.0
275.234997196 0.0
276.234997196 0.0
277.234997196 0.0
278.234997196 0.0
279.234997196 0.0
280.234997196 0.0
281.234997196 0.0
282.234997196 0.0
283.234997196 0.0
284.234997196 0.0
285.234997196 0.0
286.234997196 0.0
287.234997196 0.0
288.234997196 0.0
289.234997196 0.0
290.234997196 0.0
291.234997196 0.0
292.234997196 0.0
293.234997196 0.0
294.234997196 0.0
295.234997196 0.0
296.234997196 0.0
297.234997196 0.0
298.234997196 0.0
299.234997196 0.0
300.234997196 0.0
301.234997196 0.0
302.234997196 0.0
303.234997196 0.0
304.234997196 0.0
305.234997196 0.0
306.234997196 0.0
307.234997196 0.0
308.234997196 0.0
309.234997196 0.0
310.234997196 0.0
311.234997196 0.0
312.234997196 0.0
313.234997196 0.0
314.234997196 0.0
315.234997196 0.0
316.234997196 0.0
317.234997196 0.0
318.234997196 0.0
319.234997196 0.0
320.234997196 0.0
321.234997196 0.0
322.234997196 0.0
323.234997196 0.0
324.234997196 0.0
325.234997196 0.0
326.234997196 0.0
327.234997196 0.0
328.234997196 0.0
329.234997196 0.0
330.234997196 0.0
331.234997196 0.0
332.234997196 0.0
333.234997196 0.0
334.234997196 0.0
335.234997196 0.0
336.234997196 0.0
337.234997196 0.0
338.234997196 0.0
339.234997196 0.0
340.234997196 0.0
341.234997196 0.0
342.234997196 0.0
343.234997196 0.0
344.234997196 0.0
345.234997196 0.0
346.234997196 0.0
347.234997196 0.0
348.234997196 0.0
349.234997196 0.0
350.234997196 0.0
351.234997196 0.0
352.234997196 0.0
353.234997196 0.0
354.234997196 0.0
355.234997196 0.0
356.234997196 0.0
357.234997196 0.0
358.234997196 0.0
359.234997196 0.0
360.234997196 0.0
361.234997196 0.0
362.234997196 0.0
363.234997196 0.0
364.234997196 0.0
365.234997196 0.0
366.234997196 0.0
367.234997196 0.0
368.234997196 0.0
369.234997196 0.0
370.234997196 0.0
371.234997196 0.0
372.234997196 0.0
373.234997196 0.0
374.234997196 0.0
375.234997196 0.0
376.234997196 0.0
377.234997196 0.0
378.234997196 0.0
379.234997196 0.0
380.234997196 0.0
381.234997196 0.0
382.234997196 0.0
383.234997196 0.0
384.234997196 0.0
385.234997196 0.0
386.234997196 0.0
387.234997196 0.0
388.234997196 0.0
389.234997196 0.0
390.234997196 0.0
391.234997196 0.0
392.234997196 0.0
393.234997196 0.0
394.234997196 0.0
395.234997196 0.0
396.234997196 0.0
397.234997196 0.0
398.234997196 0.0
399.234997196 0.0
400.234997196 0.0
401.234997196 0.0
402.234997196 0.0
403.234997196 0.0
404.234997196 0.0
405.234997196 0.0
406.234997196 0.0
407.234997196 0.0
408.234997196 0.0
409.234997196 0.0
410.234997196 0.0
411.234997196 0.0
412.234997196 0.0
413.234997196 0.0
414.234997196 0.0
415.234997196 0.0
416.234997196 0.0
417.234997196 0.0
418.234997196 0.0
419.234997196 0.0
420.234997196 0.0
421.234997196 0.0
422.234997196 0.0
423.234997196 0.0
424.234997196 0.0
425.234997196 0.0
426.234997196 0.0
427.234997196 0.0
428.234997196 0.0
429.234997196 0.0
430.234997196 0.0
431.234997196 0.0
432.234997196 0.0
433.234997196 0.0
434.234997196 0.0
435.234997196 0.0
436.234997196 0.0
437.234997196 0.0
438.234997196 0.0
439.234997196 0.0
440.234997196 0.0
441.234997196 0.0
442.234997196 0.0
443.234997196 0.0
444.234997196 0.0
445.234997196 0.0
446.234997196 0.0
447.234997196 0.0
448.234997196 0.0
449.234997196 0.0
450.234997196 0.0
451.234997196 0.0
452.234997196 0.0
453.234997196 0.0
454.234997196 0.0
455.234997196 0.0
456.234997196 0.0
457.234997196 0.0
458.234997196 0.0
459.234997196 0.0
460.234997196 0.0
461.234997196 0.0
462.234997196 0.0
463.234997196 0.0
464.234997196 0.0
465.234997196 0.0
466.234997196 0.0
467.234997196 0.0
468.234997196 0.0
469.234997196 0.0
470.234997196 0.0
471.234997196 0.0
472.234997196 0.0
473.234997196 0.0
474.234997196 0.0
475.234997196 0.0
476.234997196 0.0
477.234997196 0.0
478.234997196 0.0
479.234997196 0.0
480.234997196 0.0
481.234997196 0.0
482.234997196 0.0
483.234997196 0.0
484.234997196 0.0
485.234997196 0.0
486.234997196 0.0
487.234997196 0.0
488.234997196 0.0
489.234997196 0.0
490.234997196 0.0
491.234997196 0.0
492.234997196 0.0
493.234997196 0.0
494.234997196 0.0
495.234997196 0.0
496.234997196 0.0
497.234997196 0.0
498.234997196 0.0
499.234997196 0.0
500.234997196 0.0
501.234997196 0.0
502.234997196 0.0
503.234997196 0.0
504.234997196 0.0
505.234997196 0.0
506.234997196 0.0
507.234997196 0.0
508.234997196 0.0
509.234997196 0.0
510.234997196 0.0
511.234997196 0.0
512.234997196 0.0
513.234997196 0.0
514.234997196 0.0
515.234997196 0.0
516.234997196 0.0
517.234997196 0.0
518.234997196 0.0
519.234997196 0.0
520.234997196 0.0
521.234997196 0.0
522.234997196 0.0
523.234997196 0.0
524.234997196 0.0
525.234997196 0.0
526.234997196 0.0
527.234997196 0.0
528.234997196 0.0
529.234997196 0.0
530.234997196 0.0
531.234997196 0.0
532.234997196 0.0
533.234997196 0.0
534.234997196 0.0
535.234997196 0.0
536.234997196 0.0
537.234997196 0.0
538.234997196 0.0
539.234997196 0.0
540.234997196 0.0
541.234997196 0.0
542.234997196 0.0
543.234997196 0.0
544.234997196 0.0
545.234997196 0.0
546.234997196 0.0
547.234997196 0.0
548.234997196 0.0
549.234997196 0.0
550.234997196 0.0
551.234997196 0.0
552.234997196 0.0
553.234997196 0.0
554.234997196 0.0
555.234997196 0.0
556.234997196 0.0
557.234997196 0.0
558.234997196 0.0
559.234997196 0.0
560.234997196 0.0
561.234997196 0.0
562.234997196 0.0
563.234997196 0.0
564.234997196 0.0
565.234997196 0.0
566.234997196 0.0
567.234997196 0.0
568.234997196 0.0
569.234997196 0.0
570.234997196 0.0
571.234997196 0.0
572.234997196 0.0
573.234997196 0.0
574.234997196 0.0
575.234997196 0.0
576.234997196 0.0
577.234997196 0.0
578.234997196 0.0
579.234997196 0.0
580.234997196 0.0
581.234997196 0.0
582.234997196 0.0
583.234997196 0.0
584.234997196 0.0
585.234997196 0.0
586.234997196 0.0
587.234997196 0.0
588.234997196 0.0
589.234997196 0.0
590.234997196 0.0
591.234997196 0.0
592.234997196 0.0
593.234997196 0.0
594.234997196 0.0
595.234997196 0.0
596.234997196 0.0
597.234997196 0.0
598.234997196 0.0
599.234997196 0.0
600.234997196 0.0
601.234997196 0.0
602.234997196 0.0
603.234997196 0.0
604.234997196 0.0
605.234997196 0.0
606.234997196 0.0
607.234997196 0.0
608.234997196 0.0
609.234997196 0.0
610.234997196 0.0
611.234997196 0.0
612.234997196 0.0
613.234997196 0.0
614.234997196 0.0
615.234997196 0.0
616.234997196 0.0
617.234997196 0.0
618.234997196 0.0
619.234997196 0.0
620.234997196 0.0
621.234997196 0.0
622.234997196 0.0
623.234997196 0.0
624.234997196 0.0
625.234997196 0.0
626.234997196 0.0
627.234997196 0.0
628.234997196 0.0
629.234997196 0.0
630.234997196 0.0
631.234997196 0.0
632.234997196 0.0
633.234997196 0.0
634.234997196 0.0
635.234997196 0.0
636.234997196 0.0
637.234997196 0.0
638.234997196 0.0
639.234997196 0.0
640.234997196 0.0
641.234997196 0.0
642.234997196 0.0
643.234997196 0.0
644.234997196 0.0
645.234997196 0.0
646.234997196 0.0
647.234997196 0.0
648.234997196 0.0
649.234997196 0.0
650.234997196 0.0
651.234997196 0.0
652.234997196 0.0
653.234997196 0.0
654.234997196 0.0
655.234997196 0.0
656.234997196 0.0
657.234997196 0.0
658.234997196 0.0
659.234997196 0.0
660.234997196 0.0
661.234997196 0.0
662.234997196 0.0
663.234997196 0.0
664.234997196 0.0
665.234997196 0.0
666.234997196 0.0
667.234997196 0.0
668.234997196 0.0
669.234997196 0.0
670.234997196 0.0
671.234997196 0.0
672.234997196 0.0
673.234997196 0.0
674.234997196 0.0
675.234997196 0.0
676.234997196 0.0
677.234997196 0.0
678.234997196 0.0
679.234997196 0.0
680.234997196 0.0
681.234997196 0.0
682.234997196 0.0
683.234997196 0.0
684.234997196 0.0
685.234997196 0.0
686.234997196 0.0
687.234997196 0.0
688.234997196 0.0
689.234997196 0.0
690.234997196 0.0
691.234997196 0.0
692.234997196 0.0
693.234997196 0.0
694.234997196 0.0
695.234997196 0.0
696.234997196 0.0
697.234997196 0.0
698.234997196 0.0
699.234997196 0.0
700.234997196 0.0
701.234997196 0.0
702.234997196 0.0
703.234997196 0.0
704.234997196 0.0
705.234997196 0.0
706.234997196 0.0
707.234997196 0.0
