-569.66796989 0.0
-568.66796989 0.0
-567.66796989 0.0
-566.66796989 0.0
-565.66796989 0.0
-564.66796989 0.0
-563.66796989 0.0
-562.66796989 0.0
-561.66796989 0.0
-560.66796989 0.0
-559.66796989 0.0
-558.66796989 0.0
-557.66796989 0.0
-556.66796989 0.0
-555.66796989 0.0
-554.66796989 0.0
-553.66796989 0.0
-552.66796989 0.0
-551.66796989 0.0
-550.66796989 0.0
-549.66796989 0.0
-548.66796989 0.0
-547.66796989 0.0
-546.66796989 0.0
-545.66796989 0.0
-544.66796989 0.0
-543.66796989 0.0
-542.66796989 0.0
-541.66796989 0.0
-540.66796989 0.0
-539.66796989 0.0
-538.66796989 0.0
-537.66796989 0.0
-536.66796989 0.0
-535.66796989 0.0
-534.66796989 0.0
-533.66796989 0.0
-532.66796989 0.0
-531.66796989 0.0
-530.66796989 0.0
-529.66796989 0.0
-528.66796989 0.0
-527.66796989 0.0
-526.66796989 0.0
-525.66796989 0.0
-524.66796989 0.0
-523.66796989 0.0
-522.66796989 0.0
-521.66796989 0.0
-520.66796989 0.0
-519.66796989 0.0
-518.66796989 0.0
-517.66796989 0.0
-516.66796989 0.0
-515.66796989 0.0
-514.66796989 0.0
-513.66796989 0.0
-512.66796989 0.0
-511.66796989 0.0
-510.66796989 0.0
-509.66796989 0.0
-508.66796989 0.0
-507.66796989 0.0
-506.66796989 0.0
-505.66796989 0.0
-504.66796989 0.0
-503.66796989 0.0
-502.66796989 0.0
-501.66796989 0.0
-500.66796989 0.0
-499.66796989 0.0
-498.66796989 0.0
-497.66796989 0.0
-496.66796989 0.0
-495.66796989 0.0
-494.66796989 0.0
-493.66796989 0.0
-492.66796989 0.0
-491.66796989 0.0
-490.66796989 0.0
-489.66796989 0.0
-488.66796989 0.0
-487.66796989 0.0
-486.66796989 0.0
-485.66796989 0.0
-484.66796989 0.0
-483.66796989 0.0
-482.66796989 0.0
-481.66796989 0.0
-480.66796989 0.0
-479.66796989 0.0
-478.66796989 0.0
-477.66796989 0.0
-476.66796989 0.0
-475.66796989 0.0
-474.66796989 0.0
-473.66796989 0.0
-472.66796989 0.0
-471.66796989 0.0
-470.66796989 0.0
-469.66796989 0.0
-468.66796989 0.0
-467.66796989 0.0
-466.66796989 0.0
-465.66796989 0.0
-464.66796989 0.0
-463.66796989 0.0
-462.66796989 0.0
-461.66796989 0.0
-460.66796989 0.0
-459.66796989 0.0
-458.66796989 0.0
-457.66796989 0.0
-456.66796989 0.0
-455.66796989 0.0
-454.66796989 0.0
-453.66796989 0.0
-452.66796989 0.0
-451.66796989 0.0
-450.66796989 0.0
-449.66796989 0.0
-448.66796989 0.0
-447.66796989 0.0
-446.66796989 0.0
-445.66796989 0.0
-444.66796989 0.0
-443.66796989 0.0
-442.66796989 0.0
-441.66796989 0.0
-440.66796989 0.0
-439.66796989 0.0
-438.66796989 0.0
-437.66796989 0.0
-436.66796989 0.0
-435.66796989 0.0
-434.66796989 0.0
-433.66796989 0.0
-432.66796989 0.0
-431.66796989 0.0
-430.66796989 0.0
-429.66796989 0.0
-428.66796989 0.0
-427.66796989 0.0
-426.66796989 0.0
-425.66796989 0.0
-424.66796989 0.0
-423.66796989 0.0
-422.66796989 0.0
-421.66796989 0.0
-420.66796989 0.0
-419.66796989 0.0
-418.66796989 0.0
-417.66796989 0.0
-416.66796989 0.0
-415.66796989 0.0
-414.66796989 0.0
-413.66796989 0.0
-412.66796989 0.0
-411.66796989 0.0
-410.66796989 0.0
-409.66796989 0.0
-408.66796989 0.0
-407.66796989 0.0
-406.66796989 0.0
-405.66796989 0.0
-404.66796989 0.0
-403.66796989 0.0
-402.66796989 0.0
-401.66796989 0.0
-400.66796989 0.0
-399.66796989 0.0
-398.66796989 0.0
-397.66796989 0.0
-396.66796989 0.0
-395.66796989 0.0
-394.66796989 0.0
-393.66796989 0.0
-392.66796989 0.0
-391.66796989 0.0
-390.66796989 0.0
-389.66796989 0.0
-388.66796989 0.0
-387.66796989 0.0
-386.66796989 0.0
-385.66796989 0.0
-384.66796989 0.0
-383.66796989 0.0
-382.66796989 0.0
-381.66796989 0.0
-380.66796989 0.0
-379.66796989 0.0
-378.66796989 0.0
-377.66796989 0.0
-376.66796989 0.0
-375.66796989 0.0
-374.66796989 0.0
-373.66796989 0.0
-372.66796989 0.0
-371.66796989 0.0
-370.66796989 0.0
-369.66796989 0.0
-368.66796989 0.0
-367.66796989 0.0
-366.66796989 0.0
-365.66796989 0.0
-364.66796989 0.0
-363.66796989 0.0
-362.66796989 0.0
-361.66796989 0.0
-360.66796989 0.0
-359.66796989 0.0
-358.66796989 0.0
-357.66796989 0.0
-356.66796989 0.0
-355.66796989 0.0
-354.66796989 0.0
-353.66796989 0.0
-352.66796989 0.0
-351.66796989 0.0
-350.66796989 0.0
-349.66796989 0.0
-348.66796989 0.0
-347.66796989 0.0
-346.66796989 0.0
-345.66796989 0.0
-344.66796989 0.0
-343.66796989 0.0
-342.66796989 0.0
-341.66796989 0.0
-340.66796989 0.0
-339.66796989 0.0
-338.66796989 0.0
-337.66796989 0.0
-336.66796989 0.0
-335.66796989 0.0
-334.66796989 0.0
-333.66796989 0.0
-332.66796989 0.0
-331.66796989 0.0
-330.66796989 0.0
-329.66796989 0.0
-328.66796989 0.0
-327.66796989 0.0
-326.66796989 0.0
-325.66796989 0.0
-324.66796989 0.0
-323.66796989 0.0
-322.66796989 0.0
-321.66796989 0.0
-320.66796989 0.0
-319.66796989 0.0
-318.66796989 0.0
-317.66796989 0.0
-316.66796989 0.0
-315.66796989 0.0
-314.66796989 0.0
-313.66796989 0.0
-312.66796989 0.0
-311.66796989 0.0
-310.66796989 0.0
-309.66796989 0.0
-308.66796989 0.0
-307.66796989 0.0
-306.66796989 0.0
-305.66796989 0.0
-304.66796989 0.0
-303.66796989 0.0
-302.66796989 0.0
-301.66796989 0.0
-300.66796989 0.0
-299.66796989 0.0
-298.66796989 0.0
-297.66796989 0.0
-296.66796989 0.0
-295.66796989 0.0
-294.66796989 0.0
-293.66796989 0.0
-292.66796989 0.0
-291.66796989 0.0
-290.66796989 0.0
-289.66796989 0.0
-288.66796989 0.0
-287.66796989 0.0
-286.66796989 0.0
-285.66796989 0.0
-284.66796989 0.0
-283.66796989 0.0
-282.66796989 0.0
-281.66796989 0.0
-280.66796989 0.0
-279.66796989 0.0
-278.66796989 0.0
-277.66796989 0.0
-276.66796989 0.0
-275.66796989 0.0
-274.66796989 0.0
-273.66796989 0.0
-272.66796989 0.0
-271.66796989 0.0
-270.66796989 0.0
-269.66796989 0.0
-268.66796989 0.0
-267.66796989 0.0
-266.66796989 0.0
-265.66796989 0.0
-264.66796989 0.0
-263.66796989 0.0
-262.66796989 0.0
-261.66796989 0.0
-260.66796989 0.0
-259.66796989 0.0
-258.66796989 0.0
-257.66796989 0.0
-256.66796989 0.0
-255.66796989 0.0
-254.66796989 0.0
-253.66796989 0.0
-252.66796989 0.0
-251.66796989 0.0
-250.66796989 0.0
-249.66796989 0.0
-248.66796989 0.0
-247.66796989 0.0
-246.66796989 0.0
-245.66796989 0.0
-244.66796989 0.0
-243.66796989 0.0
-242.66796989 0.0
-241.66796989 0.0
-240.66796989 0.0
-239.66796989 0.0
-238.66796989 0.0
-237.66796989 0.0
-236.66796989 0.0
-235.66796989 0.0
-234.66796989 0.0
-233.66796989 0.0
-232.66796989 0.0
-231.66796989 0.0
-230.66796989 0.0
-229.66796989 0.0
-228.66796989 0.0
-227.66796989 0.0
-226.66796989 0.0
-225.66796989 0.0
-224.66796989 0.0
-223.66796989 0.0
-222.66796989 0.0
-221.66796989 0.0
-220.66796989 0.0
-219.66796989 0.0
-218.66796989 0.0
-217.66796989 0.0
-216.66796989 0.0
-215.66796989 0.0
-214.66796989 0.0
-213.66796989 0.0
-212.66796989 0.0
-211.66796989 0.0
-210.66796989 0.0
-209.66796989 0.0
-208.66796989 0.0
-207.66796989 0.0
-206.66796989 0.0
-205.66796989 0.0
-204.66796989 0.0
-203.66796989 0.0
-202.66796989 0.0
-201.66796989 0.0
-200.66796989 0.0
-199.66796989 0.0
-198.66796989 0.0
-197.66796989 0.0
-196.66796989 0.0
-195.66796989 0.0
-194.66796989 0.0
-193.66796989 0.0
-192.66796989 0.0
-191.66796989 0.0
-190.66796989 0.0
-189.66796989 0.0
-188.66796989 0.0
-187.66796989 0.0
-186.66796989 0.0
-185.66796989 0.0
-184.66796989 0.0
-183.66796989 0.0
-182.66796989 0.0
-181.66796989 0.0
-180.66796989 0.0
-179.66796989 0.0
-178.66796989 0.0
-177.66796989 0.0
-176.66796989 0.0
-175.66796989 0.0
-174.66796989 0.0
-173.66796989 0.0
-172.66796989 0.0
-171.66796989 0.0
-170.66796989 0.0
-169.66796989 0.0
-168.66796989 0.0
-167.66796989 0.0
-166.66796989 0.0
-165.66796989 0.0
-164.66796989 0.0
-163.66796989 0.0
-162.66796989 0.0
-161.66796989 0.0
-160.66796989 0.0
-159.66796989 0.0
-158.66796989 0.0
-157.66796989 0.0
-156.66796989 0.0
-155.66796989 0.0
-154.66796989 0.0
-153.66796989 0.0
-152.66796989 0.0
-151.66796989 0.0
-150.66796989 0.0
-149.66796989 0.0
-148.66796989 0.0
-147.66796989 0.0
-146.66796989 0.0
-145.66796989 0.0
-144.66796989 0.0
-143.66796989 0.0
-142.66796989 0.0
-141.66796989 0.0
-140.66796989 0.0
-139.66796989 0.0
-138.66796989 0.0
-137.66796989 0.0
-136.66796989 0.0
-135.66796989 0.0
-134.66796989 0.0
-133.66796989 0.0
-132.66796989 0.0
-131.66796989 0.0
-130.66796989 0.0
-129.66796989 0.0
-128.66796989 0.0
-127.66796989 0.0
-126.66796989 0.0
-125.66796989 0.0
-124.66796989 0.0
-123.66796989 0.0
-122.66796989 0.0
-121.66796989 0.0
-120.66796989 0.0
-119.66796989 0.0
-118.66796989 0.0
-117.66796989 0.0
-116.66796989 0.0
-115.66796989 0.0
-114.66796989 0.0
-113.66796989 0.0
-112.66796989 0.0
-111.66796989 0.0
-110.66796989 0.0
-109.66796989 0.0
-108.66796989 0.0
-107.66796989 0.0
-106.66796989 0.0
-105.66796989 0.0
-104.66796989 0.0
-103.66796989 0.0
-102.66796989 0.0
-101.66796989 0.0
-100.66796989 0.0
-99.6679698897 0.0
-98.6679698897 0.0
-97.6679698897 0.0
-96.6679698897 0.0
-95.6679698897 0.0
-94.6679698897 0.0
-93.6679698897 0.0
-92.6679698897 0.0
-91.6679698897 0.0
-90.6679698897 0.0
-89.6679698897 0.0
-88.6679698897 0.0
-87.6679698897 0.0
-86.6679698897 0.0
-85.6679698897 0.0
-84.6679698897 0.0
-83.6679698897 0.0
-82.6679698897 0.0
-81.6679698897 0.0
-80.6679698897 0.0
-79.6679698897 0.0
-78.6679698897 0.0
-77.6679698897 0.0
-76.6679698897 0.0
-75.6679698897 0.0
-74.6679698897 0.0
-73.6679698897 0.0
-72.6679698897 0.0
-71.6679698897 0.0
-70.6679698897 0.0
-69.6679698897 0.000000e+00
-69.3762035362 0.000000e+00
-69.0844371827 0.000000e+00
-68.7926708292 0.000000e+00
-68.5009044757 0.000000e+00
-68.2091381222 0.000000e+00
-67.9173717687 0.000000e+00
-67.6256054152 0.000000e+00
-67.3338390617 0.000000e+00
-67.0420727082 0.000000e+00
-66.7503063547 0.000000e+00
-66.4585400012 0.000000e+00
-66.1667736477 0.000000e+00
-65.8750072942 0.000000e+00
-65.5832409407 0.000000e+00
-65.2914745872 0.000000e+00
-64.9997082336 0.000000e+00
-64.7079418801 0.000000e+00
-64.4161755266 0.000000e+00
-64.1244091731 0.000000e+00
-63.8326428196 0.000000e+00
-63.5408764661 0.000000e+00
-63.2491101126 0.000000e+00
-62.9573437591 0.000000e+00
-62.6655774056 0.000000e+00
-62.3738110521 0.000000e+00
-62.0820446986 0.000000e+00
-61.7902783451 0.000000e+00
-61.4985119916 0.000000e+00
-61.2067456381 0.000000e+00
-60.9149792846 0.000000e+00
-60.6232129311 0.000000e+00
-60.3314465776 0.000000e+00
-60.0396802241 0.000000e+00
-59.7479138706 0.000000e+00
-59.4561475171 0.000000e+00
-59.1643811636 0.000000e+00
-58.8726148101 0.000000e+00
-58.5808484566 0.000000e+00
-58.2890821031 0.000000e+00
-57.9973157495 0.000000e+00
-57.705549396 0.000000e+00
-57.4137830425 0.000000e+00
-57.122016689 0.000000e+00
-56.8302503355 0.000000e+00
-56.538483982 0.000000e+00
-56.2467176285 0.000000e+00
-55.954951275 0.000000e+00
-55.6631849215 0.000000e+00
-55.371418568 0.000000e+00
-55.0796522145 0.000000e+00
-54.787885861 0.000000e+00
-54.4961195075 0.000000e+00
-54.204353154 0.000000e+00
-53.9125868005 0.000000e+00
-53.620820447 0.000000e+00
-53.3290540935 0.000000e+00
-53.03728774 0.000000e+00
-52.7455213865 0.000000e+00
-52.453755033 0.000000e+00
-52.1619886795 0.000000e+00
-51.870222326 0.000000e+00
-51.5784559725 0.000000e+00
-51.286689619 0.000000e+00
-50.9949232654 0.000000e+00
-50.7031569119 0.000000e+00
-50.4113905584 0.000000e+00
-50.1196242049 0.000000e+00
-49.8278578514 0.000000e+00
-49.5360914979 0.000000e+00
-49.2443251444 0.000000e+00
-48.9525587909 0.000000e+00
-48.6607924374 0.000000e+00
-48.3690260839 0.000000e+00
-48.0772597304 0.000000e+00
-47.7854933769 0.000000e+00
-47.4937270234 0.000000e+00
-47.2019606699 0.000000e+00
-46.9101943164 0.000000e+00
-46.6184279629 0.000000e+00
-46.3266616094 0.000000e+00
-46.0348952559 0.000000e+00
-45.7431289024 0.000000e+00
-45.4513625489 0.000000e+00
-45.1595961954 0.000000e+00
-44.8678298419 0.000000e+00
-44.5760634884 0.000000e+00
-44.2842971349 0.000000e+00
-43.9925307814 0.000000e+00
-43.7007644278 0.000000e+00
-43.4089980743 0.000000e+00
-43.1172317208 0.000000e+00
-42.8254653673 0.000000e+00
-42.5336990138 0.000000e+00
-42.2419326603 0.000000e+00
-41.9501663068 0.000000e+00
-41.6583999533 0.000000e+00
-41.3666335998 0.000000e+00
-41.0748672463 0.000000e+00
-40.7831008928 0.000000e+00
-40.4913345393 0.000000e+00
-40.1995681858 0.000000e+00
-39.9078018323 0.000000e+00
-39.6160354788 0.000000e+00
-39.3242691253 0.000000e+00
-39.0325027718 0.000000e+00
-38.7407364183 0.000000e+00
-38.4489700648 0.000000e+00
-38.1572037113 0.000000e+00
-37.8654373578 0.000000e+00
-37.5736710043 0.000000e+00
-37.2819046508 0.000000e+00
-36.9901382973 0.000000e+00
-36.6983719437 0.000000e+00
-36.4066055902 0.000000e+00
-36.1148392367 0.000000e+00
-35.8230728832 0.000000e+00
-35.5313065297 0.000000e+00
-35.2395401762 0.000000e+00
-34.9477738227 0.000000e+00
-34.6560074692 0.000000e+00
-34.3642411157 0.000000e+00
-34.0724747622 0.000000e+00
-33.7807084087 0.000000e+00
-33.4889420552 0.000000e+00
-33.1971757017 0.000000e+00
-32.9054093482 0.000000e+00
-32.6136429947 0.000000e+00
-32.3218766412 0.000000e+00
-32.0301102877 0.000000e+00
-31.7383439342 0.000000e+00
-31.4465775807 0.000000e+00
-31.1548112272 0.000000e+00
-30.8630448737 0.000000e+00
-30.5712785202 0.000000e+00
-30.2795121667 0.000000e+00
-29.9877458132 0.000000e+00
-29.6959794596 0.000000e+00
-29.4042131061 0.000000e+00
-29.1124467526 0.000000e+00
-28.8206803991 0.000000e+00
-28.5289140456 0.000000e+00
-28.2371476921 0.000000e+00
-27.9453813386 0.000000e+00
-27.6536149851 0.000000e+00
-27.3618486316 0.000000e+00
-27.0700822781 0.000000e+00
-26.7783159246 0.000000e+00
-26.4865495711 0.000000e+00
-26.1947832176 0.000000e+00
-25.9030168641 0.000000e+00
-25.6112505106 0.000000e+00
-25.3194841571 0.000000e+00
-25.0277178036 0.000000e+00
-24.7359514501 0.000000e+00
-24.4441850966 0.000000e+00
-24.1524187431 0.000000e+00
-23.8606523896 0.000000e+00
-23.5688860361 0.000000e+00
-23.2771196826 0.000000e+00
-22.9853533291 0.000000e+00
-22.6935869755 0.000000e+00
-22.401820622 0.000000e+00
-22.1100542685 0.000000e+00
-21.818287915 0.000000e+00
-21.5265215615 0.000000e+00
-21.234755208 0.000000e+00
-20.9429888545 0.000000e+00
-20.651222501 0.000000e+00
-20.3594561475 0.000000e+00
-20.067689794 0.000000e+00
-19.7759234405 0.000000e+00
-19.484157087 0.000000e+00
-19.1923907335 0.000000e+00
-18.90062438 0.000000e+00
-18.6088580265 0.000000e+00
-18.317091673 0.000000e+00
-18.0253253195 0.000000e+00
-17.733558966 3.352317e-01
-17.4417926125 0.000000e+00
-17.150026259 0.000000e+00
-16.8582599055 0.000000e+00
-16.566493552 0.000000e+00
-16.2747271985 0.000000e+00
-15.982960845 0.000000e+00
-15.6911944915 0.000000e+00
-15.3994281379 0.000000e+00
-15.1076617844 0.000000e+00
-14.8158954309 0.000000e+00
-14.5241290774 3.828046e-01
-14.2323627239 0.000000e+00
-13.9405963704 3.064094e-01
-13.6488300169 0.000000e+00
-13.3570636634 0.000000e+00
-13.0652973099 0.000000e+00
-12.7735309564 0.000000e+00
-12.4817646029 0.000000e+00
-12.1899982494 0.000000e+00
-11.8982318959 0.000000e+00
-11.6064655424 0.000000e+00
-11.3146991889 0.000000e+00
-11.0229328354 0.000000e+00
-10.7311664819 0.000000e+00
-10.4394001284 0.000000e+00
-10.1476337749 0.000000e+00
-9.85586742137 0.000000e+00
-9.56410106786 0.000000e+00
-9.27233471436 0.000000e+00
-8.98056836086 0.000000e+00
-8.68880200735 0.000000e+00
-8.39703565385 0.000000e+00
-8.10526930034 0.000000e+00
-7.81350294684 0.000000e+00
-7.52173659334 0.000000e+00
-7.22997023983 4.099532e-01
-6.93820388633 5.869538e-01
-6.64643753282 4.138772e-01
-6.35467117932 0.000000e+00
-6.06290482582 0.000000e+00
-5.77113847231 0.000000e+00
-5.47937211881 0.000000e+00
-5.1876057653 0.000000e+00
-4.8958394118 0.000000e+00
-4.60407305829 0.000000e+00
-4.31230670479 0.000000e+00
-4.02054035129 0.000000e+00
-3.72877399778 0.000000e+00
-3.43700764428 0.000000e+00
-3.14524129077 0.000000e+00
-2.85347493727 3.713105e-01
-2.56170858377 5.236606e-01
-2.26994223026 6.247207e-01
-1.97817587676 6.946554e-01
-1.68640952325 6.584908e-01
-1.39464316975 9.000001e-01
-1.10287681625 6.737603e-01
-0.811110462741 6.287006e-01
-0.519344109237 5.811739e-01
-0.227577755733 6.664527e-01
0.0641885977709 8.055770e-01
0.355954951275 1.000000e+00
0.647721304779 7.843196e-01
0.939487658283 4.331118e-01
1.23125401179 4.781233e-01
1.52302036529 4.201950e-01
1.8147867188 0.000000e+00
2.1065530723 0.000000e+00
2.3983194258 0.000000e+00
2.69008577931 0.000000e+00
2.98185213281 0.000000e+00
3.27361848632 0.000000e+00
3.56538483982 0.000000e+00
3.85715119332 0.000000e+00
4.14891754683 0.000000e+00
4.44068390033 0.000000e+00
4.73245025384 0.000000e+00
5.02421660734 0.000000e+00
5.31598296084 0.000000e+00
5.60774931435 0.000000e+00
5.89951566785 0.000000e+00
6.19128202136 0.000000e+00
6.48304837486 0.000000e+00
6.77481472837 0.000000e+00
7.06658108187 0.000000e+00
7.35834743537 0.000000e+00
7.65011378888 0.000000e+00
7.94188014238 0.000000e+00
8.23364649589 0.000000e+00
8.52541284939 0.000000e+00
8.81717920289 0.000000e+00
9.1089455564 0.000000e+00
9.4007119099 0.000000e+00
9.69247826341 0.000000e+00
9.98424461691 0.000000e+00
10.2760109704 0.000000e+00
10.5677773239 0.000000e+00
10.8595436774 0.000000e+00
11.1513100309 0.000000e+00
11.4430763844 0.000000e+00
11.7348427379 0.000000e+00
12.0266090914 0.000000e+00
12.3183754449 0.000000e+00
12.6101417984 0.000000e+00
12.901908152 0.000000e+00
13.1936745055 0.000000e+00
13.485440859 0.000000e+00
13.7772072125 0.000000e+00
14.068973566 0.000000e+00
14.3607399195 0.000000e+00
14.652506273 0.000000e+00
14.9442726265 0.000000e+00
15.23603898 0.000000e+00
15.5278053335 0.000000e+00
15.819571687 0.000000e+00
16.1113380405 0.000000e+00
16.403104394 0.000000e+00
16.6948707475 0.000000e+00
16.986637101 0.000000e+00
17.2784034545 0.000000e+00
17.570169808 0.000000e+00
17.8619361615 0.000000e+00
18.153702515 0.000000e+00
18.4454688685 0.000000e+00
18.737235222 0.000000e+00
19.0290015755 0.000000e+00
19.320767929 0.000000e+00
19.6125342825 0.000000e+00
19.9043006361 0.000000e+00
20.1960669896 0.000000e+00
20.4878333431 0.000000e+00
20.7795996966 0.000000e+00
21.0713660501 0.000000e+00
21.3631324036 0.000000e+00
21.6548987571 0.000000e+00
21.9466651106 0.000000e+00
22.2384314641 0.000000e+00
22.5301978176 0.000000e+00
22.8219641711 0.000000e+00
23.1137305246 0.000000e+00
23.4054968781 0.000000e+00
23.6972632316 0.000000e+00
23.9890295851 0.000000e+00
24.2807959386 0.000000e+00
24.5725622921 0.000000e+00
24.8643286456 0.000000e+00
25.1560949991 0.000000e+00
25.4478613526 0.000000e+00
25.7396277061 0.000000e+00
26.0313940596 0.000000e+00
26.3231604131 0.000000e+00
26.6149267666 0.000000e+00
26.9066931201 0.000000e+00
27.1984594737 0.000000e+00
27.4902258272 0.000000e+00
27.7819921807 0.000000e+00
28.0737585342 0.000000e+00
28.3655248877 0.000000e+00
28.6572912412 0.000000e+00
28.9490575947 0.000000e+00
29.2408239482 0.000000e+00
29.5325903017 0.000000e+00
29.8243566552 0.000000e+00
30.1161230087 0.000000e+00
30.4078893622 0.000000e+00
30.6996557157 0.000000e+00
30.9914220692 0.000000e+00
31.2831884227 0.000000e+00
31.5749547762 0.000000e+00
31.8667211297 0.000000e+00
32.1584874832 0.000000e+00
32.4502538367 0.000000e+00
32.7420201902 0.000000e+00
33.0337865437 0.000000e+00
33.3255528972 0.000000e+00
33.6173192507 0.000000e+00
33.9090856042 0.000000e+00
34.2008519578 0.000000e+00
34.4926183113 0.000000e+00
34.7843846648 0.000000e+00
35.0761510183 0.000000e+00
35.3679173718 0.000000e+00
35.6596837253 0.000000e+00
35.9514500788 0.000000e+00
36.2432164323 0.000000e+00
36.5349827858 0.000000e+00
36.8267491393 0.000000e+00
37.1185154928 0.000000e+00
37.4102818463 0.000000e+00
37.7020481998 0.000000e+00
37.9938145533 0.000000e+00
38.2855809068 0.000000e+00
38.5773472603 0.000000e+00
38.8691136138 0.000000e+00
39.1608799673 0.000000e+00
39.4526463208 0.000000e+00
39.7444126743 0.000000e+00
40.0361790278 0.000000e+00
40.3279453813 0.000000e+00
40.6197117348 0.000000e+00
40.9114780883 0.000000e+00
41.2032444419 0.000000e+00
41.4950107954 0.000000e+00
41.7867771489 0.000000e+00
42.0785435024 0.000000e+00
42.3703098559 0.000000e+00
42.6620762094 0.000000e+00
42.9538425629 0.000000e+00
43.2456089164 0.000000e+00
43.5373752699 0.000000e+00
43.8291416234 0.000000e+00
44.1209079769 0.000000e+00
44.4126743304 0.000000e+00
44.7044406839 0.000000e+00
44.9962070374 0.000000e+00
45.2879733909 0.000000e+00
45.5797397444 0.000000e+00
45.8715060979 0.000000e+00
46.1632724514 0.000000e+00
46.4550388049 0.000000e+00
46.7468051584 0.000000e+00
47.0385715119 0.000000e+00
47.3303378654 0.000000e+00
47.6221042189 0.000000e+00
47.9138705724 0.000000e+00
48.2056369259 0.000000e+00
48.4974032795 0.000000e+00
48.789169633 0.000000e+00
49.0809359865 0.000000e+00
49.37270234 0.000000e+00
49.6644686935 0.000000e+00
49.956235047 0.000000e+00
50.2480014005 0.000000e+00
50.539767754 0.000000e+00
50.8315341075 0.000000e+00
51.123300461 0.000000e+00
51.4150668145 0.000000e+00
51.706833168 0.000000e+00
51.9985995215 0.000000e+00
52.290365875 0.000000e+00
52.5821322285 0.000000e+00
52.873898582 0.000000e+00
53.1656649355 0.000000e+00
53.457431289 0.000000e+00
53.7491976425 0.000000e+00
54.040963996 0.000000e+00
54.3327303495 0.000000e+00
54.624496703 0.000000e+00
54.9162630565 0.000000e+00
55.20802941 0.000000e+00
55.4997957636 0.000000e+00
55.7915621171 0.000000e+00
56.0833284706 0.000000e+00
56.3750948241 2.786233e-01
56.6668611776 0.000000e+00
56.9586275311 0.000000e+00
57.2503938846 0.000000e+00
57.5421602381 0.000000e+00
57.8339265916 0.000000e+00
58.1256929451 0.000000e+00
58.4174592986 0.000000e+00
58.7092256521 0.000000e+00
59.0009920056 0.000000e+00
59.2927583591 0.000000e+00
59.5845247126 0.000000e+00
59.8762910661 0.000000e+00
60.1680574196 0.000000e+00
60.4598237731 0.000000e+00
60.7515901266 0.000000e+00
61.0433564801 0.000000e+00
61.3351228336 0.000000e+00
61.6268891871 0.000000e+00
61.9186555406 0.000000e+00
62.2104218941 0.000000e+00
62.5021882477 0.000000e+00
62.7939546012 2.752019e-01
63.0857209547 0.000000e+00
63.3774873082 0.000000e+00
63.6692536617 0.000000e+00
63.9610200152 0.000000e+00
64.2527863687 0.000000e+00
64.5445527222 0.000000e+00
64.8363190757 0.000000e+00
65.1280854292 0.000000e+00
65.4198517827 0.000000e+00
65.7116181362 2.897537e-01
66.0033844897 0.000000e+00
66.2951508432 3.498684e-01
66.5869171967 2.840695e-01
66.8786835502 0.000000e+00
67.1704499037 3.656989e-01
67.4622162572 0.000000e+00
67.7539826107 2.210201e-01
68.0457489642 0.000000e+00
68.3375153177 2.338823e-01
68.6292816712 2.142608e-01
68.9210480247 0.000000e+00
69.2128143782 0.000000e+00
69.5045807318 0.000000e+00
69.7963470853 0.000000e+00
70.0881134388 2.543620e-01
70.3798797923 0.000000e+00
70.6716461458 0.000000e+00
70.9634124993 0.000000e+00
71.2551788528 2.751135e-01
71.5469452063 0.000000e+00
71.8387115598 2.317739e-01
72.1304779133 2.321482e-01
72.4222442668 0.000000e+00
72.7140106203 0.000000e+00
73.0057769738 0.000000e+00
73.2975433273 0.000000e+00
73.5893096808 0.000000e+00
73.8810760343 0.000000e+00
74.1728423878 0.000000e+00
74.4646087413 0.000000e+00
74.7563750948 0.000000e+00
75.0481414483 0.000000e+00
75.3399078018 0.000000e+00
75.6316741553 0.000000e+00
75.9234405088 0.000000e+00
76.2152068623 0.000000e+00
76.5069732158 0.000000e+00
76.7987395694 0.000000e+00
77.0905059229 0.000000e+00
77.3822722764 0.000000e+00
77.6740386299 0.000000e+00
77.9658049834 0.000000e+00
78.2575713369 0.000000e+00
78.5493376904 0.000000e+00
78.8411040439 0.000000e+00
79.1328703974 0.000000e+00
79.4246367509 0.000000e+00
79.7164031044 0.000000e+00
80.0081694579 0.000000e+00
80.2999358114 0.000000e+00
80.5917021649 0.000000e+00
80.8834685184 0.000000e+00
81.1752348719 0.000000e+00
81.4670012254 0.000000e+00
81.7587675789 0.000000e+00
82.0505339324 0.000000e+00
82.3423002859 0.000000e+00
82.6340666394 0.000000e+00
82.9258329929 0.000000e+00
83.2175993464 2.300795e-01
83.5093656999 0.000000e+00
83.8011320535 2.472555e-01
84.092898407 0.000000e+00
84.3846647605 0.000000e+00
84.676431114 0.000000e+00
84.9681974675 0.000000e+00
85.259963821 0.000000e+00
85.5517301745 0.000000e+00
85.843496528 0.000000e+00
86.1352628815 0.000000e+00
86.427029235 0.000000e+00
86.7187955885 0.000000e+00
87.010561942 2.308221e-01
87.3023282955 2.166237e-01
87.594094649 2.258695e-01
87.8858610025 0.000000e+00
88.177627356 0.000000e+00
88.4693937095 0.000000e+00
88.761160063 0.000000e+00
89.0529264165 0.000000e+00
89.34469277 0.000000e+00
89.6364591235 0.000000e+00
89.928225477 0.000000e+00
90.2199918305 0.000000e+00
90.511758184 0.000000e+00
90.8035245376 0.000000e+00
91.0952908911 0.000000e+00
91.3870572446 0.000000e+00
91.6788235981 0.000000e+00
91.9705899516 0.000000e+00
92.2623563051 0.000000e+00
92.5541226586 0.000000e+00
92.8458890121 0.000000e+00
93.1376553656 0.000000e+00
93.4294217191 0.000000e+00
93.7211880726 0.000000e+00
94.0129544261 0.000000e+00
94.3047207796 0.000000e+00
94.5964871331 0.000000e+00
94.8882534866 0.000000e+00
95.1800198401 0.000000e+00
95.4717861936 0.000000e+00
95.7635525471 0.000000e+00
96.0553189006 0.000000e+00
96.3470852541 0.000000e+00
96.6388516076 0.000000e+00
96.9306179611 0.000000e+00
97.2223843146 0.000000e+00
97.5141506681 0.000000e+00
97.8059170216 0.000000e+00
98.0976833752 0.000000e+00
98.3894497287 0.000000e+00
98.6812160822 0.000000e+00
98.9729824357 0.000000e+00
99.2647487892 0.000000e+00
99.5565151427 0.000000e+00
99.8482814962 0.000000e+00
100.14004785 0.000000e+00
100.431814203 0.000000e+00
100.723580557 0.000000e+00
101.01534691 0.000000e+00
101.307113264 0.000000e+00
101.598879617 0.000000e+00
101.890645971 0.000000e+00
102.182412324 0.000000e+00
102.474178678 0.000000e+00
102.765945031 0.000000e+00
103.057711385 0.000000e+00
103.349477738 0.000000e+00
103.641244092 0.000000e+00
103.933010445 0.000000e+00
104.224776799 0.000000e+00
104.516543152 0.000000e+00
104.808309506 0.000000e+00
105.100075859 0.000000e+00
105.391842213 0.000000e+00
105.683608566 0.000000e+00
105.97537492 0.000000e+00
106.267141273 0.000000e+00
106.558907627 0.000000e+00
106.85067398 0.000000e+00
107.142440334 0.000000e+00
107.434206687 0.000000e+00
107.725973041 0.000000e+00
108.017739394 0.000000e+00
108.309505748 0.000000e+00
108.601272101 0.000000e+00
108.893038455 0.000000e+00
109.184804808 0.000000e+00
109.476571162 0.000000e+00
109.768337515 0.000000e+00
110.060103869 0.000000e+00
110.351870222 0.000000e+00
110.643636576 0.000000e+00
110.935402929 0.000000e+00
111.227169283 0.000000e+00
111.518935636 0.000000e+00
111.81070199 0.000000e+00
112.102468343 0.000000e+00
112.394234697 0.000000e+00
112.68600105 0.000000e+00
112.977767404 0.000000e+00
113.269533757 0.000000e+00
113.561300111 0.000000e+00
113.853066464 0.000000e+00
114.144832818 0.000000e+00
114.436599171 0.000000e+00
114.728365525 0.000000e+00
115.020131878 0.000000e+00
115.311898232 0.000000e+00
115.603664585 0.000000e+00
115.895430939 0.000000e+00
116.187197292 0.000000e+00
116.478963646 0.000000e+00
116.770729999 0.000000e+00
117.062496353 0.000000e+00
117.354262706 0.000000e+00
117.64602906 0.000000e+00
117.937795413 0.000000e+00
118.229561767 0.000000e+00
118.52132812 0.000000e+00
118.813094474 0.000000e+00
119.104860827 0.000000e+00
119.396627181 0.000000e+00
119.688393534 0.000000e+00
119.980159888 0.000000e+00
120.271926241 0.000000e+00
120.563692595 0.000000e+00
120.855458948 0.000000e+00
121.147225302 0.000000e+00
121.438991655 0.000000e+00
121.730758009 0.000000e+00
122.022524362 0.000000e+00
122.314290716 0.000000e+00
122.606057069 0.000000e+00
122.897823423 0.000000e+00
123.189589777 0.000000e+00
123.48135613 0.000000e+00
123.773122484 0.000000e+00
124.064888837 0.000000e+00
124.356655191 0.000000e+00
124.648421544 0.000000e+00
124.940187898 0.000000e+00
125.231954251 0.000000e+00
125.523720605 0.000000e+00
125.815486958 0.000000e+00
126.107253312 0.000000e+00
126.399019665 0.000000e+00
126.690786019 0.000000e+00
126.982552372 0.000000e+00
127.274318726 0.000000e+00
127.566085079 0.000000e+00
127.857851433 0.000000e+00
128.149617786 0.000000e+00
128.44138414 0.000000e+00
128.733150493 0.000000e+00
129.024916847 0.000000e+00
129.3166832 0.000000e+00
129.608449554 0.000000e+00
129.900215907 0.000000e+00
130.191982261 0.000000e+00
130.483748614 0.000000e+00
130.775514968 0.000000e+00
131.067281321 0.000000e+00
131.359047675 0.000000e+00
131.650814028 0.000000e+00
131.942580382 0.000000e+00
132.234346735 0.000000e+00
132.526113089 0.000000e+00
132.817879442 0.000000e+00
133.109645796 0.000000e+00
133.401412149 0.000000e+00
133.693178503 0.000000e+00
133.984944856 0.000000e+00
134.27671121 0.000000e+00
134.568477563 0.000000e+00
134.860243917 0.000000e+00
135.15201027 0.000000e+00
135.443776624 0.000000e+00
135.735542977 0.000000e+00
136.027309331 0.000000e+00
136.319075684 0.000000e+00
136.610842038 0.000000e+00
136.902608391 0.000000e+00
137.194374745 0.000000e+00
137.486141098 0.000000e+00
137.777907452 0.000000e+00
138.069673805 0.000000e+00
138.361440159 0.000000e+00
138.653206512 0.000000e+00
138.944972866 0.000000e+00
139.236739219 0.000000e+00
139.528505573 0.000000e+00
139.820271926 0.000000e+00
140.11203828 0.000000e+00
140.403804633 0.000000e+00
140.695570987 0.000000e+00
140.98733734 0.000000e+00
141.279103694 0.000000e+00
141.570870047 0.000000e+00
141.862636401 0.000000e+00
142.154402754 0.000000e+00
142.446169108 0.000000e+00
142.737935461 0.000000e+00
143.029701815 0.000000e+00
143.321468168 0.000000e+00
143.613234522 0.000000e+00
143.905000875 0.000000e+00
144.196767229 0.000000e+00
144.488533582 0.000000e+00
144.780299936 0.000000e+00
145.072066289 0.000000e+00
145.363832643 0.000000e+00
145.655598996 0.000000e+00
145.94736535 0.000000e+00
146.239131703 0.000000e+00
146.530898057 0.000000e+00
146.82266441 0.000000e+00
147.114430764 0.000000e+00
147.406197117 0.000000e+00
147.697963471 0.000000e+00
147.989729824 0.000000e+00
148.281496178 0.000000e+00
148.573262531 0.000000e+00
148.865028885 0.000000e+00
149.156795238 0.000000e+00
149.448561592 0.000000e+00
149.740327945 0.000000e+00
150.032094299 0.000000e+00
150.323860652 0.000000e+00
150.615627006 0.000000e+00
150.907393359 0.000000e+00
151.199159713 0.000000e+00
151.490926066 0.000000e+00
151.78269242 0.000000e+00
152.074458773 0.000000e+00
152.366225127 0.000000e+00
152.65799148 0.000000e+00
152.949757834 0.000000e+00
153.241524187 0.000000e+00
153.533290541 0.000000e+00
153.825056894 0.000000e+00
154.116823248 0.000000e+00
154.408589601 0.000000e+00
154.700355955 0.000000e+00
154.992122308 0.000000e+00
155.283888662 0.000000e+00
155.575655015 0.000000e+00
155.867421369 0.000000e+00
156.159187722 0.000000e+00
156.450954076 0.000000e+00
156.742720429 0.000000e+00
157.034486783 0.000000e+00
157.326253136 0.000000e+00
157.61801949 0.000000e+00
157.909785843 0.000000e+00
158.201552197 0.000000e+00
158.493318551 0.000000e+00
158.785084904 0.000000e+00
159.076851258 0.000000e+00
159.368617611 0.000000e+00
159.660383965 0.000000e+00
159.952150318 0.000000e+00
160.243916672 0.000000e+00
160.535683025 0.000000e+00
160.827449379 0.000000e+00
161.119215732 0.000000e+00
161.410982086 0.000000e+00
161.702748439 0.000000e+00
161.994514793 0.000000e+00
162.286281146 0.000000e+00
162.5780475 0.000000e+00
162.869813853 0.000000e+00
163.161580207 0.000000e+00
163.45334656 0.000000e+00
163.745112914 0.000000e+00
164.036879267 0.000000e+00
164.328645621 0.000000e+00
164.620411974 0.000000e+00
164.912178328 0.000000e+00
165.203944681 0.000000e+00
165.495711035 0.000000e+00
165.787477388 0.000000e+00
166.079243742 0.000000e+00
166.371010095 0.000000e+00
166.662776449 0.000000e+00
166.954542802 0.000000e+00
167.246309156 0.000000e+00
167.538075509 0.000000e+00
167.829841863 0.000000e+00
168.121608216 0.000000e+00
168.41337457 0.000000e+00
168.705140923 0.000000e+00
168.996907277 0.000000e+00
169.28867363 0.000000e+00
169.580439984 0.000000e+00
169.872206337 0.000000e+00
170.163972691 0.000000e+00
170.455739044 0.000000e+00
170.747505398 0.000000e+00
171.039271751 0.000000e+00
171.331038105 0.000000e+00
171.622804458 0.000000e+00
171.914570812 0.000000e+00
172.206337165 0.000000e+00
172.498103519 0.000000e+00
172.789869872 0.000000e+00
173.081636226 0.000000e+00
173.373402579 0.000000e+00
173.665168933 0.000000e+00
173.956935286 0.000000e+00
174.24870164 0.000000e+00
174.540467993 0.000000e+00
174.832234347 0.000000e+00
175.1240007 0.000000e+00
175.415767054 0.000000e+00
175.707533407 0.000000e+00
175.999299761 0.000000e+00
176.291066114 0.000000e+00
176.582832468 0.000000e+00
176.874598821 0.000000e+00
177.166365175 0.000000e+00
177.458131528 0.000000e+00
177.749897882 0.000000e+00
178.041664235 0.000000e+00
178.333430589 0.000000e+00
178.625196942 0.000000e+00
178.916963296 0.000000e+00
179.208729649 0.000000e+00
179.500496003 0.000000e+00
179.792262356 0.000000e+00
180.08402871 0.000000e+00
180.375795063 0.000000e+00
180.667561417 0.000000e+00
180.95932777 0.000000e+00
181.251094124 0.000000e+00
181.542860477 0.000000e+00
181.834626831 0.000000e+00
182.126393184 0.000000e+00
182.418159538 0.000000e+00
182.709925891 0.000000e+00
183.001692245 0.000000e+00
183.293458598 0.000000e+00
183.585224952 0.000000e+00
183.876991305 0.000000e+00
184.168757659 0.000000e+00
184.460524012 0.000000e+00
184.752290366 0.000000e+00
185.044056719 0.000000e+00
185.335823073 0.000000e+00
185.627589426 0.000000e+00
185.91935578 0.000000e+00
186.211122133 0.000000e+00
186.502888487 0.000000e+00
186.79465484 0.000000e+00
187.086421194 0.000000e+00
187.378187547 0.000000e+00
187.669953901 0.000000e+00
187.961720254 0.000000e+00
188.253486608 0.000000e+00
188.545252961 0.000000e+00
188.837019315 0.000000e+00
189.128785668 0.000000e+00
189.420552022 0.000000e+00
189.712318375 0.000000e+00
190.004084729 0.000000e+00
190.295851082 0.000000e+00
190.587617436 0.000000e+00
190.879383789 0.000000e+00
191.171150143 0.000000e+00
191.462916496 0.000000e+00
191.75468285 0.000000e+00
192.046449203 0.000000e+00
192.338215557 0.000000e+00
192.62998191 0.000000e+00
192.921748264 0.000000e+00
193.213514617 0.000000e+00
193.505280971 0.000000e+00
193.797047325 0.000000e+00
194.088813678 0.000000e+00
194.380580032 0.000000e+00
194.672346385 0.000000e+00
194.964112739 0.000000e+00
195.255879092 0.000000e+00
195.547645446 0.000000e+00
195.839411799 0.000000e+00
196.131178153 0.000000e+00
196.422944506 0.000000e+00
196.71471086 0.000000e+00
197.006477213 0.000000e+00
197.298243567 0.000000e+00
197.59000992 0.000000e+00
197.881776274 0.000000e+00
198.173542627 0.000000e+00
198.465308981 0.000000e+00
198.757075334 0.000000e+00
199.048841688 0.000000e+00
199.340608041 0.000000e+00
199.632374395 0.000000e+00
199.924140748 0.000000e+00
200.215907102 0.000000e+00
200.507673455 0.000000e+00
200.799439809 0.000000e+00
201.091206162 0.000000e+00
201.382972516 0.000000e+00
201.674738869 0.000000e+00
201.966505223 0.000000e+00
202.258271576 0.000000e+00
202.55003793 0.000000e+00
202.841804283 0.000000e+00
203.133570637 0.000000e+00
203.42533699 0.000000e+00
203.717103344 0.000000e+00
204.008869697 0.000000e+00
204.300636051 0.000000e+00
204.592402404 0.000000e+00
204.884168758 0.000000e+00
205.175935111 0.000000e+00
205.467701465 0.000000e+00
205.759467818 0.000000e+00
206.051234172 0.000000e+00
206.343000525 0.000000e+00
206.634766879 0.000000e+00
206.926533232 0.000000e+00
207.218299586 0.000000e+00
207.510065939 0.000000e+00
207.801832293 0.000000e+00
208.093598646 0.000000e+00
208.385365 0.000000e+00
208.677131353 0.000000e+00
208.968897707 0.000000e+00
209.26066406 0.000000e+00
209.552430414 0.000000e+00
209.844196767 0.000000e+00
210.135963121 0.000000e+00
210.427729474 0.000000e+00
210.719495828 0.000000e+00
211.011262181 0.000000e+00
211.303028535 0.000000e+00
211.594794888 0.000000e+00
211.886561242 0.000000e+00
212.178327595 0.000000e+00
212.470093949 0.000000e+00
212.761860302 0.000000e+00
213.053626656 0.000000e+00
213.345393009 0.000000e+00
213.637159363 0.000000e+00
213.928925716 0.000000e+00
214.22069207 0.000000e+00
214.512458423 0.000000e+00
214.804224777 0.000000e+00
215.09599113 0.000000e+00
215.387757484 0.000000e+00
215.679523837 0.000000e+00
215.971290191 0.000000e+00
216.263056544 0.000000e+00
216.554822898 0.000000e+00
216.846589251 0.000000e+00
217.138355605 0.000000e+00
217.430121958 0.000000e+00
217.721888312 0.000000e+00
218.013654665 0.000000e+00
218.305421019 0.000000e+00
218.597187372 0.000000e+00
218.888953726 0.000000e+00
219.180720079 0.000000e+00
219.472486433 0.000000e+00
219.764252786 0.000000e+00
220.05601914 0.000000e+00
220.347785493 0.000000e+00
220.639551847 0.000000e+00
220.9313182 0.000000e+00
221.223084554 0.000000e+00
221.514850907 0.000000e+00
221.806617261 0.000000e+00
222.098383614 0.000000e+00
222.390149968 0.000000e+00
222.681916321 0.000000e+00
222.973682675 0.000000e+00
223.265449028 0.000000e+00
223.557215382 0.000000e+00
223.848981735 0.000000e+00
224.140748089 0.000000e+00
224.432514442 0.000000e+00
224.724280796 0.000000e+00
225.016047149 0.000000e+00
225.307813503 0.000000e+00
225.599579856 0.000000e+00
225.89134621 0.000000e+00
226.183112563 0.000000e+00
226.474878917 0.000000e+00
226.76664527 0.000000e+00
227.058411624 0.000000e+00
227.350177977 0.000000e+00
227.641944331 0.000000e+00
227.933710684 0.000000e+00
228.225477038 0.000000e+00
228.517243391 0.000000e+00
228.809009745 0.000000e+00
229.100776099 0.000000e+00
229.392542452 0.000000e+00
229.684308806 0.000000e+00
229.976075159 0.000000e+00
230.267841513 0.000000e+00
230.559607866 0.000000e+00
230.85137422 0.000000e+00
231.143140573 0.000000e+00
231.434906927 0.000000e+00
231.72667328 0.000000e+00
232.018439634 0.000000e+00
232.310205987 0.000000e+00
232.601972341 0.000000e+00
232.893738694 0.000000e+00
233.185505048 0.000000e+00
233.477271401 0.000000e+00
233.769037755 0.000000e+00
234.060804108 0.000000e+00
234.352570462 0.000000e+00
234.644336815 0.000000e+00
234.936103169 0.000000e+00
235.227869522 0.000000e+00
235.519635876 0.000000e+00
235.811402229 0.000000e+00
236.103168583 0.000000e+00
236.394934936 0.000000e+00
236.68670129 0.000000e+00
236.978467643 0.000000e+00
237.270233997 0.000000e+00
237.56200035 0.000000e+00
237.853766704 0.000000e+00
238.145533057 0.000000e+00
238.437299411 0.000000e+00
238.729065764 0.000000e+00
239.020832118 0.000000e+00
239.312598471 0.000000e+00
239.604364825 0.000000e+00
239.896131178 0.000000e+00
240.187897532 0.000000e+00
240.479663885 0.000000e+00
240.771430239 0.000000e+00
241.063196592 0.000000e+00
241.354962946 0.000000e+00
241.646729299 0.000000e+00
241.938495653 0.000000e+00
242.230262006 0.000000e+00
242.52202836 0.000000e+00
242.813794713 0.000000e+00
243.105561067 0.000000e+00
243.39732742 0.000000e+00
243.689093774 0.000000e+00
243.980860127 0.000000e+00
244.272626481 0.000000e+00
244.564392834 0.000000e+00
244.856159188 0.000000e+00
245.147925541 0.000000e+00
245.439691895 0.000000e+00
245.731458248 0.000000e+00
246.023224602 0.000000e+00
246.314990955 0.000000e+00
246.606757309 0.000000e+00
246.898523662 0.000000e+00
247.190290016 0.000000e+00
247.482056369 0.000000e+00
247.773822723 0.000000e+00
248.065589076 0.000000e+00
248.35735543 0.000000e+00
248.649121783 0.000000e+00
248.940888137 0.000000e+00
249.23265449 0.000000e+00
249.524420844 0.000000e+00
249.816187197 0.000000e+00
250.107953551 0.000000e+00
250.399719904 0.000000e+00
250.691486258 0.000000e+00
250.983252611 0.000000e+00
251.275018965 0.000000e+00
251.566785318 0.000000e+00
251.858551672 0.000000e+00
252.150318025 0.000000e+00
252.442084379 0.000000e+00
252.733850732 0.000000e+00
253.025617086 0.000000e+00
253.317383439 0.000000e+00
253.609149793 0.000000e+00
253.900916146 0.000000e+00
254.1926825 0.000000e+00
254.484448853 0.000000e+00
254.776215207 0.000000e+00
255.06798156 0.000000e+00
255.359747914 0.000000e+00
255.651514267 0.000000e+00
255.943280621 0.000000e+00
256.235046974 0.000000e+00
256.526813328 0.000000e+00
256.818579681 0.000000e+00
257.110346035 0.000000e+00
257.402112388 0.000000e+00
257.693878742 0.000000e+00
257.985645095 0.000000e+00
258.277411449 0.000000e+00
258.569177802 0.000000e+00
258.860944156 0.000000e+00
259.152710509 0.000000e+00
259.444476863 0.000000e+00
259.736243216 0.000000e+00
260.02800957 0.000000e+00
260.319775923 0.000000e+00
260.611542277 0.000000e+00
260.90330863 0.000000e+00
261.195074984 0.000000e+00
261.486841337 0.000000e+00
261.778607691 0.000000e+00
262.070374044 0.000000e+00
262.362140398 0.000000e+00
262.653906751 0.000000e+00
262.945673105 0.000000e+00
263.237439458 0.000000e+00
263.529205812 0.000000e+00
263.820972165 0.000000e+00
264.112738519 0.000000e+00
264.404504872 0.000000e+00
264.696271226 0.000000e+00
264.98803758 0.000000e+00
265.279803933 0.000000e+00
265.571570287 0.000000e+00
265.86333664 0.000000e+00
266.155102994 0.000000e+00
266.446869347 0.000000e+00
266.738635701 0.000000e+00
267.030402054 0.000000e+00
267.322168408 0.000000e+00
267.613934761 0.000000e+00
267.905701115 0.000000e+00
268.197467468 0.000000e+00
268.489233822 0.000000e+00
268.781000175 0.000000e+00
269.072766529 0.000000e+00
269.364532882 0.000000e+00
269.656299236 0.000000e+00
269.948065589 0.000000e+00
270.239831943 0.000000e+00
270.531598296 0.000000e+00
270.82336465 0.000000e+00
271.115131003 0.000000e+00
271.406897357 0.000000e+00
271.69866371 0.000000e+00
271.990430064 0.000000e+00
272.282196417 0.000000e+00
272.573962771 0.000000e+00
272.865729124 0.000000e+00
273.157495478 0.000000e+00
273.449261831 0.000000e+00
273.741028185 0.000000e+00
274.032794538 0.000000e+00
274.324560892 0.000000e+00
274.616327245 0.000000e+00
274.908093599 0.000000e+00
275.199859952 0.000000e+00
275.491626306 0.000000e+00
275.783392659 0.000000e+00
276.075159013 0.000000e+00
276.366925366 0.000000e+00
276.65869172 0.000000e+00
276.950458073 0.000000e+00
277.242224427 0.000000e+00
277.53399078 0.000000e+00
277.825757134 0.000000e+00
278.117523487 0.000000e+00
278.409289841 0.000000e+00
278.701056194 0.000000e+00
278.992822548 0.000000e+00
279.284588901 0.000000e+00
279.576355255 0.000000e+00
279.868121608 0.000000e+00
280.159887962 0.000000e+00
280.451654315 0.000000e+00
280.743420669 0.000000e+00
281.743420669 0.0
282.743420669 0.0
283.743420669 0.0
284.743420669 0.0
285.743420669 0.0
286.743420669 0.0
287.743420669 0.0
288.743420669 0.0
289.743420669 0.0
290.743420669 0.0
291.743420669 0.0
292.743420669 0.0
293.743420669 0.0
294.743420669 0.0
295.743420669 0.0
296.743420669 0.0
297.743420669 0.0
298.743420669 0.0
299.743420669 0.0
300.743420669 0.0
301.743420669 0.0
302.743420669 0.0
303.743420669 0.0
304.743420669 0.0
305.743420669 0.0
306.743420669 0.0
307.743420669 0.0
308.743420669 0.0
309.743420669 0.0
310.743420669 0.0
311.743420669 0.0
312.743420669 0.0
313.743420669 0.0
314.743420669 0.0
315.743420669 0.0
316.743420669 0.0
317.743420669 0.0
318.743420669 0.0
319.743420669 0.0
320.743420669 0.0
321.743420669 0.0
322.743420669 0.0
323.743420669 0.0
324.743420669 0.0
325.743420669 0.0
326.743420669 0.0
327.743420669 0.0
328.743420669 0.0
329.743420669 0.0
330.743420669 0.0
331.743420669 0.0
332.743420669 0.0
333.743420669 0.0
334.743420669 0.0
335.743420669 0.0
336.743420669 0.0
337.743420669 0.0
338.743420669 0.0
339.743420669 0.0
340.743420669 0.0
341.743420669 0.0
342.743420669 0.0
343.743420669 0.0
344.743420669 0.0
345.743420669 0.0
346.743420669 0.0
347.743420669 0.0
348.743420669 0.0
349.743420669 0.0
350.743420669 0.0
351.743420669 0.0
352.743420669 0.0
353.743420669 0.0
354.743420669 0.0
355.743420669 0.0
356.743420669 0.0
357.743420669 0.0
358.743420669 0.0
359.743420669 0.0
360.743420669 0.0
361.743420669 0.0
362.743420669 0.0
363.743420669 0.0
364.743420669 0.0
365.743420669 0.0
366.743420669 0.0
367.743420669 0.0
368.743420669 0.0
369.743420669 0.0
370.743420669 0.0
371.743420669 0.0
372.743420669 0.0
373.743420669 0.0
374.743420669 0.0
375.743420669 0.0
376.743420669 0.0
377.743420669 0.0
378.743420669 0.0
379.743420669 0.0
380.743420669 0.0
381.743420669 0.0
382.743420669 0.0
383.743420669 0.0
384.743420669 0.0
385.743420669 0.0
386.743420669 0.0
387.743420669 0.0
388.743420669 0.0
389.743420669 0.0
390.743420669 0.0
391.743420669 0.0
392.743420669 0.0
393.743420669 0.0
394.743420669 0.0
395.743420669 0.0
396.743420669 0.0
397.743420669 0.0
398.743420669 0.0
399.743420669 0.0
400.743420669 0.0
401.743420669 0.0
402.743420669 0.0
403.743420669 0.0
404.743420669 0.0
405.743420669 0.0
406.743420669 0.0
407.743420669 0.0
408.743420669 0.0
409.743420669 0.0
410.743420669 0.0
411.743420669 0.0
412.743420669 0.0
413.743420669 0.0
414.743420669 0.0
415.743420669 0.0
416.743420669 0.0
417.743420669 0.0
418.743420669 0.0
419.743420669 0.0
420.743420669 0.0
421.743420669 0.0
422.743420669 0.0
423.743420669 0.0
424.743420669 0.0
425.743420669 0.0
426.743420669 0.0
427.743420669 0.0
428.743420669 0.0
429.743420669 0.0
430.743420669 0.0
431.743420669 0.0
432.743420669 0.0
433.743420669 0.0
434.743420669 0.0
435.743420669 0.0
436.743420669 0.0
437.743420669 0.0
438.743420669 0.0
439.743420669 0.0
440.743420669 0.0
441.743420669 0.0
442.743420669 0.0
443.743420669 0.0
444.743420669 0.0
445.743420669 0.0
446.743420669 0.0
447.743420669 0.0
448.743420669 0.0
449.743420669 0.0
450.743420669 0.0
451.743420669 0.0
452.743420669 0.0
453.743420669 0.0
454.743420669 0.0
455.743420669 0.0
456.743420669 0.0
457.743420669 0.0
458.743420669 0.0
459.743420669 0.0
460.743420669 0.0
461.743420669 0.0
462.743420669 0.0
463.743420669 0.0
464.743420669 0.0
465.743420669 0.0
466.743420669 0.0
467.743420669 0.0
468.743420669 0.0
469.743420669 0.0
470.743420669 0.0
471.743420669 0.0
472.743420669 0.0
473.743420669 0.0
474.743420669 0.0
475.743420669 0.0
476.743420669 0.0
477.743420669 0.0
478.743420669 0.0
479.743420669 0.0
480.743420669 0.0
481.743420669 0.0
482.743420669 0.0
483.743420669 0.0
484.743420669 0.0
485.743420669 0.0
486.743420669 0.0
487.743420669 0.0
488.743420669 0.0
489.743420669 0.0
490.743420669 0.0
491.743420669 0.0
492.743420669 0.0
493.743420669 0.0
494.743420669 0.0
495.743420669 0.0
496.743420669 0.0
497.743420669 0.0
498.743420669 0.0
499.743420669 0.0
500.743420669 0.0
501.743420669 0.0
502.743420669 0.0
503.743420669 0.0
504.743420669 0.0
505.743420669 0.0
506.743420669 0.0
507.743420669 0.0
508.743420669 0.0
509.743420669 0.0
510.743420669 0.0
511.743420669 0.0
512.743420669 0.0
513.743420669 0.0
514.743420669 0.0
515.743420669 0.0
516.743420669 0.0
517.743420669 0.0
518.743420669 0.0
519.743420669 0.0
520.743420669 0.0
521.743420669 0.0
522.743420669 0.0
523.743420669 0.0
524.743420669 0.0
525.743420669 0.0
526.743420669 0.0
527.743420669 0.0
528.743420669 0.0
529.743420669 0.0
530.743420669 0.0
531.743420669 0.0
532.743420669 0.0
533.743420669 0.0
534.743420669 0.0
535.743420669 0.0
536.743420669 0.0
537.743420669 0.0
538.743420669 0.0
539.743420669 0.0
540.743420669 0.0
541.743420669 0.0
542.743420669 0.0
543.743420669 0.0
544.743420669 0.0
545.743420669 0.0
546.743420669 0.0
547.743420669 0.0
548.743420669 0.0
549.743420669 0.0
550.743420669 0.0
551.743420669 0.0
552.743420669 0.0
553.743420669 0.0
554.743420669 0.0
555.743420669 0.0
556.743420669 0.0
557.743420669 0.0
558.743420669 0.0
559.743420669 0.0
560.743420669 0.0
561.743420669 0.0
562.743420669 0.0
563.743420669 0.0
564.743420669 0.0
565.743420669 0.0
566.743420669 0.0
567.743420669 0.0
568.743420669 0.0
569.743420669 0.0
570.743420669 0.0
571.743420669 0.0
572.743420669 0.0
573.743420669 0.0
574.743420669 0.0
575.743420669 0.0
576.743420669 0.0
577.743420669 0.0
578.743420669 0.0
579.743420669 0.0
580.743420669 0.0
581.743420669 0.0
582.743420669 0.0
583.743420669 0.0
584.743420669 0.0
585.743420669 0.0
586.743420669 0.0
587.743420669 0.0
588.743420669 0.0
589.743420669 0.0
590.743420669 0.0
591.743420669 0.0
592.743420669 0.0
593.743420669 0.0
594.743420669 0.0
595.743420669 0.0
596.743420669 0.0
597.743420669 0.0
598.743420669 0.0
599.743420669 0.0
600.743420669 0.0
601.743420669 0.0
602.743420669 0.0
603.743420669 0.0
604.743420669 0.0
605.743420669 0.0
606.743420669 0.0
607.743420669 0.0
608.743420669 0.0
609.743420669 0.0
610.743420669 0.0
611.743420669 0.0
612.743420669 0.0
613.743420669 0.0
614.743420669 0.0
615.743420669 0.0
616.743420669 0.0
617.743420669 0.0
618.743420669 0.0
619.743420669 0.0
620.743420669 0.0
621.743420669 0.0
622.743420669 0.0
623.743420669 0.0
624.743420669 0.0
625.743420669 0.0
626.743420669 0.0
627.743420669 0.0
628.743420669 0.0
629.743420669 0.0
630.743420669 0.0
631.743420669 0.0
632.743420669 0.0
633.743420669 0.0
634.743420669 0.0
635.743420669 0.0
636.743420669 0.0
637.743420669 0.0
638.743420669 0.0
639.743420669 0.0
640.743420669 0.0
641.743420669 0.0
642.743420669 0.0
643.743420669 0.0
644.743420669 0.0
645.743420669 0.0
646.743420669 0.0
647.743420669 0.0
648.743420669 0.0
649.743420669 0.0
650.743420669 0.0
651.743420669 0.0
652.743420669 0.0
653.743420669 0.0
654.743420669 0.0
655.743420669 0.0
656.743420669 0.0
657.743420669 0.0
658.743420669 0.0
659.743420669 0.0
660.743420669 0.0
661.743420669 0.0
662.743420669 0.0
663.743420669 0.0
664.743420669 0.0
665.743420669 0.0
666.743420669 0.0
667.743420669 0.0
668.743420669 0.0
669.743420669 0.0
670.743420669 0.0
671.743420669 0.0
672.743420669 0.0
673.743420669 0.0
674.743420669 0.0
675.743420669 0.0
676.743420669 0.0
677.743420669 0.0
678.743420669 0.0
679.743420669 0.0
680.743420669 0.0
681.743420669 0.0
682.743420669 0.0
683.743420669 0.0
684.743420669 0.0
685.743420669 0.0
686.743420669 0.0
687.743420669 0.0
688.743420669 0.0
689.743420669 0.0
690.743420669 0.0
691.743420669 0.0
692.743420669 0.0
693.743420669 0.0
694.743420669 0.0
695.743420669 0.0
696.743420669 0.0
697.743420669 0.0
698.743420669 0.0
699.743420669 0.0
700.743420669 0.0
701.743420669 0.0
702.743420669 0.0
703.743420669 0.0
704.743420669 0.0
705.743420669 0.0
706.743420669 0.0
707.743420669 0.0
708.743420669 0.0
709.743420669 0.0
710.743420669 0.0
711.743420669 0.0
712.743420669 0.0
713.743420669 0.0
714.743420669 0.0
715.743420669 0.0
716.743420669 0.0
717.743420669 0.0
718.743420669 0.0
719.743420669 0.0
720.743420669 0.0
721.743420669 0.0
722.743420669 0.0
723.743420669 0.0
724.743420669 0.0
725.743420669 0.0
726.743420669 0.0
727.743420669 0.0
728.743420669 0.0
729.743420669 0.0
730.743420669 0.0
731.743420669 0.0
732.743420669 0.0
733.743420669 0.0
734.743420669 0.0
735.743420669 0.0
736.743420669 0.0
737.743420669 0.0
738.743420669 0.0
739.743420669 0.0
740.743420669 0.0
741.743420669 0.0
742.743420669 0.0
743.743420669 0.0
744.743420669 0.0
745.743420669 0.0
746.743420669 0.0
747.743420669 0.0
748.743420669 0.0
749.743420669 0.0
750.743420669 0.0
751.743420669 0.0
752.743420669 0.0
753.743420669 0.0
754.743420669 0.0
755.743420669 0.0
756.743420669 0.0
757.743420669 0.0
758.743420669 0.0
759.743420669 0.0
760.743420669 0.0
761.743420669 0.0
762.743420669 0.0
763.743420669 0.0
764.743420669 0.0
765.743420669 0.0
766.743420669 0.0
767.743420669 0.0
768.743420669 0.0
769.743420669 0.0
770.743420669 0.0
771.743420669 0.0
772.743420669 0.0
773.743420669 0.0
774.743420669 0.0
775.743420669 0.0
776.743420669 0.0
777.743420669 0.0
778.743420669 0.0
779.743420669 0.0
780.743420669 0.0
