-623.518728717 0.0
-622.518728717 0.0
-621.518728717 0.0
-620.518728717 0.0
-619.518728717 0.0
-618.518728717 0.0
-617.518728717 0.0
-616.518728717 0.0
-615.518728717 0.0
-614.518728717 0.0
-613.518728717 0.0
-612.518728717 0.0
-611.518728717 0.0
-610.518728717 0.0
-609.518728717 0.0
-608.518728717 0.0
-607.518728717 0.0
-606.518728717 0.0
-605.518728717 0.0
-604.518728717 0.0
-603.518728717 0.0
-602.518728717 0.0
-601.518728717 0.0
-600.518728717 0.0
-599.518728717 0.0
-598.518728717 0.0
-597.518728717 0.0
-596.518728717 0.0
-595.518728717 0.0
-594.518728717 0.0
-593.518728717 0.0
-592.518728717 0.0
-591.518728717 0.0
-590.518728717 0.0
-589.518728717 0.0
-588.518728717 0.0
-587.518728717 0.0
-586.518728717 0.0
-585.518728717 0.0
-584.518728717 0.0
-583.518728717 0.0
-582.518728717 0.0
-581.518728717 0.0
-580.518728717 0.0
-579.518728717 0.0
-578.518728717 0.0
-577.518728717 0.0
-576.518728717 0.0
-575.518728717 0.0
-574.518728717 0.0
-573.518728717 0.0
-572.518728717 0.0
-571.518728717 0.0
-570.518728717 0.0
-569.518728717 0.0
-568.518728717 0.0
-567.518728717 0.0
-566.518728717 0.0
-565.518728717 0.0
-564.518728717 0.0
-563.518728717 0.0
-562.518728717 0.0
-561.518728717 0.0
-560.518728717 0.0
-559.518728717 0.0
-558.518728717 0.0
-557.518728717 0.0
-556.518728717 0.0
-555.518728717 0.0
-554.518728717 0.0
-553.518728717 0.0
-552.518728717 0.0
-551.518728717 0.0
-550.518728717 0.0
-549.518728717 0.0
-548.518728717 0.0
-547.518728717 0.0
-546.518728717 0.0
-545.518728717 0.0
-544.518728717 0.0
-543.518728717 0.0
-542.518728717 0.0
-541.518728717 0.0
-540.518728717 0.0
-539.518728717 0.0
-538.518728717 0.0
-537.518728717 0.0
-536.518728717 0.0
-535.518728717 0.0
-534.518728717 0.0
-533.518728717 0.0
-532.518728717 0.0
-531.518728717 0.0
-530.518728717 0.0
-529.518728717 0.0
-528.518728717 0.0
-527.518728717 0.0
-526.518728717 0.0
-525.518728717 0.0
-524.518728717 0.0
-523.518728717 0.0
-522.518728717 0.0
-521.518728717 0.0
-520.518728717 0.0
-519.518728717 0.0
-518.518728717 0.0
-517.518728717 0.0
-516.518728717 0.0
-515.518728717 0.0
-514.518728717 0.0
-513.518728717 0.0
-512.518728717 0.0
-511.518728717 0.0
-510.518728717 0.0
-509.518728717 0.0
-508.518728717 0.0
-507.518728717 0.0
-506.518728717 0.0
-505.518728717 0.0
-504.518728717 0.0
-503.518728717 0.0
-502.518728717 0.0
-501.518728717 0.0
-500.518728717 0.0
-499.518728717 0.0
-498.518728717 0.0
-497.518728717 0.0
-496.518728717 0.0
-495.518728717 0.0
-494.518728717 0.0
-493.518728717 0.0
-492.518728717 0.0
-491.518728717 0.0
-490.518728717 0.0
-489.518728717 0.0
-488.518728717 0.0
-487.518728717 0.0
-486.518728717 0.0
-485.518728717 0.0
-484.518728717 0.0
-483.518728717 0.0
-482.518728717 0.0
-481.518728717 0.0
-480.518728717 0.0
-479.518728717 0.0
-478.518728717 0.0
-477.518728717 0.0
-476.518728717 0.0
-475.518728717 0.0
-474.518728717 0.0
-473.518728717 0.0
-472.518728717 0.0
-471.518728717 0.0
-470.518728717 0.0
-469.518728717 0.0
-468.518728717 0.0
-467.518728717 0.0
-466.518728717 0.0
-465.518728717 0.0
-464.518728717 0.0
-463.518728717 0.0
-462.518728717 0.0
-461.518728717 0.0
-460.518728717 0.0
-459.518728717 0.0
-458.518728717 0.0
-457.518728717 0.0
-456.518728717 0.0
-455.518728717 0.0
-454.518728717 0.0
-453.518728717 0.0
-452.518728717 0.0
-451.518728717 0.0
-450.518728717 0.0
-449.518728717 0.0
-448.518728717 0.0
-447.518728717 0.0
-446.518728717 0.0
-445.518728717 0.0
-444.518728717 0.0
-443.518728717 0.0
-442.518728717 0.0
-441.518728717 0.0
-440.518728717 0.0
-439.518728717 0.0
-438.518728717 0.0
-437.518728717 0.0
-436.518728717 0.0
-435.518728717 0.0
-434.518728717 0.0
-433.518728717 0.0
-432.518728717 0.0
-431.518728717 0.0
-430.518728717 0.0
-429.518728717 0.0
-428.518728717 0.0
-427.518728717 0.0
-426.518728717 0.0
-425.518728717 0.0
-424.518728717 0.0
-423.518728717 0.0
-422.518728717 0.0
-421.518728717 0.0
-420.518728717 0.0
-419.518728717 0.0
-418.518728717 0.0
-417.518728717 0.0
-416.518728717 0.0
-415.518728717 0.0
-414.518728717 0.0
-413.518728717 0.0
-412.518728717 0.0
-411.518728717 0.0
-410.518728717 0.0
-409.518728717 0.0
-408.518728717 0.0
-407.518728717 0.0
-406.518728717 0.0
-405.518728717 0.0
-404.518728717 0.0
-403.518728717 0.0
-402.518728717 0.0
-401.518728717 0.0
-400.518728717 0.0
-399.518728717 0.0
-398.518728717 0.0
-397.518728717 0.0
-396.518728717 0.0
-395.518728717 0.0
-394.518728717 0.0
-393.518728717 0.0
-392.518728717 0.0
-391.518728717 0.0
-390.518728717 0.0
-389.518728717 0.0
-388.518728717 0.0
-387.518728717 0.0
-386.518728717 0.0
-385.518728717 0.0
-384.518728717 0.0
-383.518728717 0.0
-382.518728717 0.0
-381.518728717 0.0
-380.518728717 0.0
-379.518728717 0.0
-378.518728717 0.0
-377.518728717 0.0
-376.518728717 0.0
-375.518728717 0.0
-374.518728717 0.0
-373.518728717 0.0
-372.518728717 0.0
-371.518728717 0.0
-370.518728717 0.0
-369.518728717 0.0
-368.518728717 0.0
-367.518728717 0.0
-366.518728717 0.0
-365.518728717 0.0
-364.518728717 0.0
-363.518728717 0.0
-362.518728717 0.0
-361.518728717 0.0
-360.518728717 0.0
-359.518728717 0.0
-358.518728717 0.0
-357.518728717 0.0
-356.518728717 0.0
-355.518728717 0.0
-354.518728717 0.0
-353.518728717 0.0
-352.518728717 0.0
-351.518728717 0.0
-350.518728717 0.0
-349.518728717 0.0
-348.518728717 0.0
-347.518728717 0.0
-346.518728717 0.0
-345.518728717 0.0
-344.518728717 0.0
-343.518728717 0.0
-342.518728717 0.0
-341.518728717 0.0
-340.518728717 0.0
-339.518728717 0.0
-338.518728717 0.0
-337.518728717 0.0
-336.518728717 0.0
-335.518728717 0.0
-334.518728717 0.0
-333.518728717 0.0
-332.518728717 0.0
-331.518728717 0.0
-330.518728717 0.0
-329.518728717 0.0
-328.518728717 0.0
-327.518728717 0.0
-326.518728717 0.0
-325.518728717 0.0
-324.518728717 0.0
-323.518728717 0.0
-322.518728717 0.0
-321.518728717 0.0
-320.518728717 0.0
-319.518728717 0.0
-318.518728717 0.0
-317.518728717 0.0
-316.518728717 0.0
-315.518728717 0.0
-314.518728717 0.0
-313.518728717 0.0
-312.518728717 0.0
-311.518728717 0.0
-310.518728717 0.0
-309.518728717 0.0
-308.518728717 0.0
-307.518728717 0.0
-306.518728717 0.0
-305.518728717 0.0
-304.518728717 0.0
-303.518728717 0.0
-302.518728717 0.0
-301.518728717 0.0
-300.518728717 0.0
-299.518728717 0.0
-298.518728717 0.0
-297.518728717 0.0
-296.518728717 0.0
-295.518728717 0.0
-294.518728717 0.0
-293.518728717 0.0
-292.518728717 0.0
-291.518728717 0.0
-290.518728717 0.0
-289.518728717 0.0
-288.518728717 0.0
-287.518728717 0.0
-286.518728717 0.0
-285.518728717 0.0
-284.518728717 0.0
-283.518728717 0.0
-282.518728717 0.0
-281.518728717 0.0
-280.518728717 0.0
-279.518728717 0.0
-278.518728717 0.0
-277.518728717 0.0
-276.518728717 0.0
-275.518728717 0.0
-274.518728717 0.0
-273.518728717 0.0
-272.518728717 0.0
-271.518728717 0.0
-270.518728717 0.0
-269.518728717 0.0
-268.518728717 0.0
-267.518728717 0.0
-266.518728717 0.0
-265.518728717 0.0
-264.518728717 0.0
-263.518728717 0.0
-262.518728717 0.0
-261.518728717 0.0
-260.518728717 0.0
-259.518728717 0.0
-258.518728717 0.0
-257.518728717 0.0
-256.518728717 0.0
-255.518728717 0.0
-254.518728717 0.0
-253.518728717 0.0
-252.518728717 0.0
-251.518728717 0.0
-250.518728717 0.0
-249.518728717 0.0
-248.518728717 0.0
-247.518728717 0.0
-246.518728717 0.0
-245.518728717 0.0
-244.518728717 0.0
-243.518728717 0.0
-242.518728717 0.0
-241.518728717 0.0
-240.518728717 0.0
-239.518728717 0.0
-238.518728717 0.0
-237.518728717 0.0
-236.518728717 0.0
-235.518728717 0.0
-234.518728717 0.0
-233.518728717 0.0
-232.518728717 0.0
-231.518728717 0.0
-230.518728717 0.0
-229.518728717 0.0
-228.518728717 0.0
-227.518728717 0.0
-226.518728717 0.0
-225.518728717 0.0
-224.518728717 0.0
-223.518728717 0.0
-222.518728717 0.0
-221.518728717 0.0
-220.518728717 0.0
-219.518728717 0.0
-218.518728717 0.0
-217.518728717 0.0
-216.518728717 0.0
-215.518728717 0.0
-214.518728717 0.0
-213.518728717 0.0
-212.518728717 0.0
-211.518728717 0.0
-210.518728717 0.0
-209.518728717 0.0
-208.518728717 0.0
-207.518728717 0.0
-206.518728717 0.0
-205.518728717 0.0
-204.518728717 0.0
-203.518728717 0.0
-202.518728717 0.0
-201.518728717 0.0
-200.518728717 0.0
-199.518728717 0.0
-198.518728717 0.0
-197.518728717 0.0
-196.518728717 0.0
-195.518728717 0.0
-194.518728717 0.0
-193.518728717 0.0
-192.518728717 0.0
-191.518728717 0.0
-190.518728717 0.0
-189.518728717 0.0
-188.518728717 0.0
-187.518728717 0.0
-186.518728717 0.0
-185.518728717 0.0
-184.518728717 0.0
-183.518728717 0.0
-182.518728717 0.0
-181.518728717 0.0
-180.518728717 0.0
-179.518728717 0.0
-178.518728717 0.0
-177.518728717 0.0
-176.518728717 0.0
-175.518728717 0.0
-174.518728717 0.0
-173.518728717 0.0
-172.518728717 0.0
-171.518728717 0.0
-170.518728717 0.0
-169.518728717 0.0
-168.518728717 0.0
-167.518728717 0.0
-166.518728717 0.0
-165.518728717 0.0
-164.518728717 0.0
-163.518728717 0.0
-162.518728717 0.0
-161.518728717 0.0
-160.518728717 0.0
-159.518728717 0.0
-158.518728717 0.0
-157.518728717 0.0
-156.518728717 0.0
-155.518728717 0.0
-154.518728717 0.0
-153.518728717 0.0
-152.518728717 0.0
-151.518728717 0.0
-150.518728717 0.0
-149.518728717 0.0
-148.518728717 0.0
-147.518728717 0.0
-146.518728717 0.0
-145.518728717 0.0
-144.518728717 0.0
-143.518728717 0.0
-142.518728717 0.0
-141.518728717 0.0
-140.518728717 0.0
-139.518728717 0.0
-138.518728717 0.0
-137.518728717 0.0
-136.518728717 0.0
-135.518728717 0.0
-134.518728717 0.0
-133.518728717 0.0
-132.518728717 0.0
-131.518728717 0.0
-130.518728717 0.0
-129.518728717 0.0
-128.518728717 0.0
-127.518728717 0.0
-126.518728717 0.0
-125.518728717 0.0
-124.518728717 0.0
-123.518728717 0.000000e+00
-123.00278609 0.000000e+00
-122.486843463 0.000000e+00
-121.970900836 0.000000e+00
-121.454958209 0.000000e+00
-120.939015581 0.000000e+00
-120.423072954 0.000000e+00
-119.907130327 0.000000e+00
-119.3911877 0.000000e+00
-118.875245073 0.000000e+00
-118.359302446 0.000000e+00
-117.843359818 0.000000e+00
-117.327417191 0.000000e+00
-116.811474564 0.000000e+00
-116.295531937 0.000000e+00
-115.77958931 0.000000e+00
-115.263646682 0.000000e+00
-114.747704055 0.000000e+00
-114.231761428 0.000000e+00
-113.715818801 0.000000e+00
-113.199876174 0.000000e+00
-112.683933547 0.000000e+00
-112.167990919 0.000000e+00
-111.652048292 0.000000e+00
-111.136105665 0.000000e+00
-110.620163038 0.000000e+00
-110.104220411 0.000000e+00
-109.588277784 0.000000e+00
-109.072335156 0.000000e+00
-108.556392529 0.000000e+00
-108.040449902 0.000000e+00
-107.524507275 0.000000e+00
-107.008564648 0.000000e+00
-106.49262202 0.000000e+00
-105.976679393 0.000000e+00
-105.460736766 0.000000e+00
-104.944794139 0.000000e+00
-104.428851512 0.000000e+00
-103.912908885 0.000000e+00
-103.396966257 0.000000e+00
-102.88102363 0.000000e+00
-102.365081003 0.000000e+00
-101.849138376 0.000000e+00
-101.333195749 0.000000e+00
-100.817253121 0.000000e+00
-100.301310494 0.000000e+00
-99.7853678671 0.000000e+00
-99.2694252399 0.000000e+00
-98.7534826127 0.000000e+00
-98.2375399856 0.000000e+00
-97.7215973584 0.000000e+00
-97.2056547312 0.000000e+00
-96.689712104 0.000000e+00
-96.1737694768 0.000000e+00
-95.6578268497 0.000000e+00
-95.1418842225 0.000000e+00
-94.6259415953 0.000000e+00
-94.1099989681 0.000000e+00
-93.5940563409 0.000000e+00
-93.0781137138 0.000000e+00
-92.5621710866 0.000000e+00
-92.0462284594 0.000000e+00
-91.5302858322 0.000000e+00
-91.014343205 0.000000e+00
-90.4984005779 0.000000e+00
-89.9824579507 0.000000e+00
-89.4665153235 0.000000e+00
-88.9505726963 0.000000e+00
-88.4346300691 0.000000e+00
-87.918687442 0.000000e+00
-87.4027448148 0.000000e+00
-86.8868021876 0.000000e+00
-86.3708595604 0.000000e+00
-85.8549169332 0.000000e+00
-85.3389743061 0.000000e+00
-84.8230316789 0.000000e+00
-84.3070890517 0.000000e+00
-83.7911464245 0.000000e+00
-83.2752037973 0.000000e+00
-82.7592611702 0.000000e+00
-82.243318543 0.000000e+00
-81.7273759158 0.000000e+00
-81.2114332886 0.000000e+00
-80.6954906614 0.000000e+00
-80.1795480343 0.000000e+00
-79.6636054071 0.000000e+00
-79.1476627799 0.000000e+00
-78.6317201527 0.000000e+00
-78.1157775255 0.000000e+00
-77.5998348984 0.000000e+00
-77.0838922712 0.000000e+00
-76.567949644 0.000000e+00
-76.0520070168 0.000000e+00
-75.5360643896 0.000000e+00
-75.0201217625 0.000000e+00
-74.5041791353 0.000000e+00
-73.9882365081 0.000000e+00
-73.4722938809 0.000000e+00
-72.9563512537 0.000000e+00
-72.4404086266 0.000000e+00
-71.9244659994 0.000000e+00
-71.4085233722 0.000000e+00
-70.892580745 0.000000e+00
-70.3766381178 0.000000e+00
-69.8606954907 0.000000e+00
-69.3447528635 0.000000e+00
-68.8288102363 0.000000e+00
-68.3128676091 0.000000e+00
-67.7969249819 0.000000e+00
-67.2809823548 0.000000e+00
-66.7650397276 0.000000e+00
-66.2490971004 0.000000e+00
-65.7331544732 0.000000e+00
-65.217211846 0.000000e+00
-64.7012692189 0.000000e+00
-64.1853265917 0.000000e+00
-63.6693839645 0.000000e+00
-63.1534413373 0.000000e+00
-62.6374987101 0.000000e+00
-62.121556083 0.000000e+00
-61.6056134558 0.000000e+00
-61.0896708286 0.000000e+00
-60.5737282014 0.000000e+00
-60.0577855742 0.000000e+00
-59.5418429471 0.000000e+00
-59.0259003199 0.000000e+00
-58.5099576927 0.000000e+00
-57.9940150655 0.000000e+00
-57.4780724383 0.000000e+00
-56.9621298112 0.000000e+00
-56.446187184 0.000000e+00
-55.9302445568 0.000000e+00
-55.4143019296 0.000000e+00
-54.8983593024 0.000000e+00
-54.3824166753 0.000000e+00
-53.8664740481 0.000000e+00
-53.3505314209 0.000000e+00
-52.8345887937 0.000000e+00
-52.3186461665 0.000000e+00
-51.8027035394 0.000000e+00
-51.2867609122 0.000000e+00
-50.770818285 0.000000e+00
-50.2548756578 0.000000e+00
-49.7389330306 0.000000e+00
-49.2229904035 0.000000e+00
-48.7070477763 0.000000e+00
-48.1911051491 0.000000e+00
-47.6751625219 0.000000e+00
-47.1592198947 0.000000e+00
-46.6432772676 0.000000e+00
-46.1273346404 0.000000e+00
-45.6113920132 0.000000e+00
-45.095449386 0.000000e+00
-44.5795067588 0.000000e+00
-44.0635641317 0.000000e+00
-43.5476215045 0.000000e+00
-43.0316788773 0.000000e+00
-42.5157362501 0.000000e+00
-41.9997936229 0.000000e+00
-41.4838509958 0.000000e+00
-40.9679083686 0.000000e+00
-40.4519657414 0.000000e+00
-39.9360231142 0.000000e+00
-39.420080487 0.000000e+00
-38.9041378599 0.000000e+00
-38.3881952327 0.000000e+00
-37.8722526055 0.000000e+00
-37.3563099783 0.000000e+00
-36.8403673512 0.000000e+00
-36.324424724 0.000000e+00
-35.8084820968 0.000000e+00
-35.2925394696 0.000000e+00
-34.7765968424 0.000000e+00
-34.2606542153 0.000000e+00
-33.7447115881 0.000000e+00
-33.2287689609 0.000000e+00
-32.7128263337 0.000000e+00
-32.1968837065 0.000000e+00
-31.6809410794 0.000000e+00
-31.1649984522 0.000000e+00
-30.649055825 0.000000e+00
-30.1331131978 0.000000e+00
-29.6171705706 0.000000e+00
-29.1012279435 0.000000e+00
-28.5852853163 0.000000e+00
-28.0693426891 0.000000e+00
-27.5534000619 0.000000e+00
-27.0374574347 0.000000e+00
-26.5215148076 0.000000e+00
-26.0055721804 0.000000e+00
-25.4896295532 0.000000e+00
-24.973686926 0.000000e+00
-24.4577442988 0.000000e+00
-23.9418016717 0.000000e+00
-23.4258590445 0.000000e+00
-22.9099164173 0.000000e+00
-22.3939737901 0.000000e+00
-21.8780311629 0.000000e+00
-21.3620885358 0.000000e+00
-20.8461459086 0.000000e+00
-20.3302032814 0.000000e+00
-19.8142606542 0.000000e+00
-19.298318027 0.000000e+00
-18.7823753999 0.000000e+00
-18.2664327727 0.000000e+00
-17.7504901455 0.000000e+00
-17.2345475183 0.000000e+00
-16.7186048911 0.000000e+00
-16.202662264 0.000000e+00
-15.6867196368 0.000000e+00
-15.1707770096 0.000000e+00
-14.6548343824 0.000000e+00
-14.1388917552 0.000000e+00
-13.6229491281 0.000000e+00
-13.1070065009 0.000000e+00
-12.5910638737 0.000000e+00
-12.0751212465 0.000000e+00
-11.5591786193 0.000000e+00
-11.0432359922 0.000000e+00
-10.527293365 0.000000e+00
-10.0113507378 0.000000e+00
-9.49540811062 0.000000e+00
-8.97946548344 0.000000e+00
-8.46352285626 0.000000e+00
-7.94758022908 0.000000e+00
-7.4316376019 0.000000e+00
-6.91569497472 0.000000e+00
-6.39975234754 0.000000e+00
-5.88380972036 0.000000e+00
-5.36786709318 0.000000e+00
-4.851924466 0.000000e+00
-4.33598183882 0.000000e+00
-3.82003921164 0.000000e+00
-3.30409658446 0.000000e+00
-2.78815395728 0.000000e+00
-2.2722113301 0.000000e+00
-1.75626870292 6.857904e-02
-1.24032607574 7.531290e-02
-0.724383448561 1.717090e-01
-0.208440821381 1.774826e-01
0.307501805799 2.432422e-01
0.823444432979 1.987813e-01
1.33938706016 2.571365e-01
1.85532968734 3.410065e-01
2.37127231452 3.577594e-01
2.8872149417 3.672458e-01
3.40315756888 5.538097e-01
3.91910019606 5.788870e-01
4.43504282324 6.463964e-01
4.95098545042 8.063927e-01
5.4669280776 6.672896e-01
5.98287070478 6.923842e-01
6.49881333196 8.555139e-01
7.01475595914 7.643183e-01
7.53069858632 8.432455e-01
8.0466412135 8.357099e-01
8.56258384068 8.758095e-01
9.07852646786 1.000000e+00
9.59446909504 9.166026e-01
10.1104117222 8.507672e-01
10.6263543494 8.020792e-01
11.1422969766 8.588856e-01
11.6582396038 8.265530e-01
12.1741822309 9.179018e-01
12.6901248581 8.921466e-01
13.2060674853 7.418723e-01
13.7220101125 6.573195e-01
14.2379527397 4.372510e-01
14.7538953668 8.415324e-01
15.269837994 7.018751e-01
15.7857806212 4.964260e-01
16.3017232484 5.306821e-01
16.8176658756 6.852321e-01
17.3336085027 6.417503e-01
17.8495511299 7.019694e-01
18.3654937571 6.442664e-01
18.8814363843 6.791802e-01
19.3973790115 5.336691e-01
19.9133216386 6.305446e-01
20.4292642658 6.964711e-01
20.945206893 6.187348e-01
21.4611495202 6.692714e-01
21.9770921474 6.975901e-01
22.4930347745 4.944690e-01
23.0089774017 5.580963e-01
23.5249200289 6.351317e-01
24.0408626561 8.506726e-01
24.5568052833 7.622796e-01
25.0727479104 6.263324e-01
25.5886905376 8.882226e-01
26.1046331648 4.502954e-01
26.620575792 2.971861e-01
27.1365184192 1.449741e-01
27.6524610463 9.813229e-02
28.1684036735 8.370594e-02
28.6843463007 7.878839e-02
29.2002889279 6.907111e-02
29.7162315551 6.729305e-02
30.2321741822 5.456184e-02
30.7481168094 5.784654e-02
31.2640594366 5.280589e-02
31.7800020638 5.544055e-02
62.2206170674 2.123624e-02
62.7365596946 2.159061e-02
63.2525023217 2.575073e-02
63.7684449489 2.162662e-02
64.2843875761 2.175573e-02
64.8003302033 2.307437e-02
65.3162728305 2.273176e-02
65.8322154576 2.090467e-02
66.3481580848 2.060315e-02
66.864100712 2.314848e-02
67.3800433392 2.376407e-02
67.8959859664 1.613986e-02
68.4119285935 2.044805e-02
68.9278712207 1.776249e-02
69.4438138479 2.053996e-02
69.9597564751 1.511029e-02
70.4756991023 1.619292e-02
70.9916417294 1.963593e-02
71.5075843566 2.634042e-02
72.0235269838 1.878188e-02
72.539469611 2.030811e-02
73.0554122382 1.476624e-02
73.5713548653 2.090525e-02
74.0872974925 1.517397e-02
74.6032401197 1.956225e-02
75.1191827469 2.065984e-02
75.6351253741 1.821039e-02
76.1510680012 1.524037e-02
76.6670106284 1.936369e-02
77.1829532556 1.606349e-02
77.6988958828 1.831171e-02
78.21483851 1.697446e-02
78.7307811371 1.776284e-02
79.2467237643 1.328832e-02
79.7626663915 1.295264e-02
80.2786090187 1.879564e-02
80.7945516459 1.738227e-02
81.310494273 1.544895e-02
81.8264369002 1.533257e-02
82.3423795274 1.730195e-02
82.8583221546 1.525438e-02
83.3742647818 1.824891e-02
83.8902074089 1.765700e-02
84.4061500361 1.292652e-02
84.9220926633 1.795677e-02
85.4380352905 1.356698e-02
85.9539779177 1.258301e-02
86.4699205448 1.495519e-02
86.985863172 1.664734e-02
87.5018057992 1.244200e-02
88.0177484264 1.436135e-02
88.5336910536 1.395867e-02
89.0496336807 1.185840e-02
89.5655763079 1.265684e-02
90.0815189351 1.704679e-02
90.5974615623 1.578387e-02
91.1134041895 1.666086e-02
91.6293468166 1.428524e-02
92.1452894438 1.496102e-02
92.661232071 1.545774e-02
93.1771746982 1.002854e-02
93.6931173254 1.459692e-02
94.2090599525 1.348017e-02
94.7250025797 1.685646e-02
95.2409452069 1.756647e-02
95.7568878341 1.241454e-02
96.2728304613 1.469654e-02
96.7887730884 1.250958e-02
97.3047157156 1.288283e-02
97.8206583428 1.452004e-02
98.33660097 0.000000e+00
98.8525435972 1.853223e-02
99.3684862243 1.533136e-02
99.8844288515 1.504392e-02
100.400371479 7.930642e-03
100.916314106 9.066920e-03
101.432256733 1.095502e-02
101.94819936 1.217684e-02
102.464141987 1.161558e-02
102.980084615 9.545849e-03
103.496027242 1.981851e-02
104.011969869 1.472840e-02
104.527912496 1.110302e-02
105.043855123 1.322346e-02
105.55979775 1.343831e-02
106.075740378 9.555960e-03
106.591683005 1.447993e-02
107.107625632 8.159201e-03
107.623568259 1.206078e-02
108.139510886 9.095349e-03
108.655453514 9.231631e-03
109.171396141 1.450559e-02
109.687338768 1.276994e-02
110.203281395 1.294311e-02
110.719224022 0.000000e+00
111.235166649 0.000000e+00
111.751109277 1.090388e-02
112.267051904 1.173849e-02
112.782994531 9.485481e-03
113.298937158 9.704703e-03
113.814879785 1.591924e-02
114.330822413 1.265613e-02
114.84676504 0.000000e+00
115.362707667 1.434077e-02
115.878650294 1.056226e-02
116.394592921 1.143467e-02
116.910535548 1.001183e-02
117.426478176 9.021404e-03
117.942420803 8.103751e-03
118.45836343 1.208470e-02
118.974306057 1.155751e-02
119.490248684 1.030853e-02
120.006191312 1.053178e-02
120.522133939 0.000000e+00
121.038076566 1.427079e-02
121.554019193 1.121616e-02
122.06996182 9.745132e-03
122.585904447 1.088603e-02
123.101847075 9.264409e-03
123.617789702 8.055852e-03
124.133732329 1.249078e-02
124.649674956 1.255901e-02
125.165617583 1.245224e-02
125.681560211 1.217391e-02
126.197502838 9.270717e-03
126.713445465 9.109218e-03
127.229388092 0.000000e+00
127.745330719 0.000000e+00
128.261273346 0.000000e+00
128.777215974 1.517523e-02
129.293158601 1.231826e-02
129.809101228 1.019652e-02
130.325043855 8.344705e-03
130.840986482 9.559488e-03
131.356929109 1.148920e-02
131.872871737 1.310468e-02
132.388814364 9.441186e-03
132.904756991 1.139714e-02
133.420699618 0.000000e+00
133.936642245 8.966264e-03
134.452584873 7.721731e-03
134.9685275 0.000000e+00
135.484470127 1.196628e-02
136.000412754 0.000000e+00
136.516355381 9.741145e-03
137.032298008 8.824584e-03
137.548240636 0.000000e+00
138.064183263 7.798434e-03
138.58012589 1.085814e-02
139.096068517 9.069508e-03
139.612011144 0.000000e+00
140.127953772 8.541042e-03
140.643896399 8.478355e-03
141.159839026 0.000000e+00
141.675781653 1.132704e-02
142.19172428 0.000000e+00
142.707666907 1.161381e-02
143.223609535 8.757709e-03
143.739552162 0.000000e+00
144.255494789 0.000000e+00
144.771437416 9.771304e-03
145.287380043 0.000000e+00
145.803322671 7.745323e-03
146.319265298 0.000000e+00
146.835207925 1.173195e-02
147.351150552 9.248902e-03
147.867093179 8.158718e-03
148.383035806 9.016858e-03
148.898978434 1.018116e-02
149.414921061 0.000000e+00
149.930863688 0.000000e+00
150.446806315 9.964900e-03
150.962748942 1.062729e-02
151.478691569 0.000000e+00
151.994634197 1.001222e-02
152.510576824 9.334338e-03
153.026519451 0.000000e+00
153.542462078 0.000000e+00
154.058404705 0.000000e+00
154.574347333 8.311840e-03
155.09028996 0.000000e+00
155.606232587 1.124063e-02
340.829635745 0.000000e+00
341.345578372 0.000000e+00
341.861520999 0.000000e+00
342.377463626 0.000000e+00
342.893406253 0.000000e+00
343.40934888 0.000000e+00
343.925291508 0.000000e+00
344.441234135 0.000000e+00
344.957176762 0.000000e+00
345.473119389 0.000000e+00
345.989062016 0.000000e+00
346.505004643 0.000000e+00
347.020947271 0.000000e+00
347.536889898 0.000000e+00
348.052832525 0.000000e+00
348.568775152 0.000000e+00
349.084717779 0.000000e+00
349.600660407 0.000000e+00
350.116603034 0.000000e+00
350.632545661 0.000000e+00
351.148488288 0.000000e+00
351.664430915 0.000000e+00
352.180373542 0.000000e+00
352.69631617 0.000000e+00
353.212258797 0.000000e+00
353.728201424 0.000000e+00
354.244144051 0.000000e+00
354.760086678 0.000000e+00
355.276029306 0.000000e+00
355.791971933 0.000000e+00
356.30791456 0.000000e+00
356.823857187 0.000000e+00
357.339799814 0.000000e+00
357.855742441 0.000000e+00
358.371685069 0.000000e+00
358.887627696 0.000000e+00
359.403570323 0.000000e+00
359.91951295 0.000000e+00
360.435455577 0.000000e+00
360.951398205 0.000000e+00
361.467340832 0.000000e+00
361.983283459 0.000000e+00
362.499226086 0.000000e+00
363.015168713 0.000000e+00
363.53111134 0.000000e+00
364.047053968 0.000000e+00
364.562996595 0.000000e+00
365.078939222 0.000000e+00
365.594881849 0.000000e+00
366.110824476 0.000000e+00
366.626767103 0.000000e+00
367.142709731 0.000000e+00
367.658652358 0.000000e+00
368.174594985 0.000000e+00
368.690537612 0.000000e+00
369.206480239 0.000000e+00
369.722422867 0.000000e+00
370.238365494 0.000000e+00
370.754308121 0.000000e+00
371.270250748 0.000000e+00
371.786193375 0.000000e+00
372.302136002 0.000000e+00
372.81807863 0.000000e+00
373.334021257 0.000000e+00
373.849963884 0.000000e+00
374.365906511 0.000000e+00
374.881849138 0.000000e+00
375.397791766 0.000000e+00
375.913734393 0.000000e+00
376.42967702 0.000000e+00
376.945619647 0.000000e+00
377.461562274 0.000000e+00
377.977504901 0.000000e+00
378.493447529 0.000000e+00
379.009390156 0.000000e+00
379.525332783 0.000000e+00
380.04127541 0.000000e+00
380.557218037 0.000000e+00
381.073160665 0.000000e+00
381.589103292 0.000000e+00
382.105045919 0.000000e+00
382.620988546 0.000000e+00
383.136931173 0.000000e+00
383.6528738 0.000000e+00
384.168816428 0.000000e+00
384.684759055 0.000000e+00
385.200701682 0.000000e+00
385.716644309 0.000000e+00
386.232586936 0.000000e+00
386.748529564 0.000000e+00
387.264472191 0.000000e+00
387.780414818 0.000000e+00
388.296357445 0.000000e+00
388.812300072 0.000000e+00
389.328242699 0.000000e+00
389.844185327 0.000000e+00
390.360127954 0.000000e+00
390.876070581 0.000000e+00
391.392013208 0.000000e+00
391.907955835 0.000000e+00
392.423898462 0.000000e+00
392.93984109 0.000000e+00
393.455783717 0.000000e+00
393.971726344 0.000000e+00
394.487668971 0.000000e+00
395.003611598 0.000000e+00
395.519554226 0.000000e+00
396.035496853 0.000000e+00
396.55143948 0.000000e+00
397.067382107 0.000000e+00
397.583324734 0.000000e+00
398.099267361 0.000000e+00
398.615209989 0.000000e+00
399.131152616 0.000000e+00
399.647095243 0.000000e+00
400.16303787 0.000000e+00
400.678980497 0.000000e+00
401.194923125 0.000000e+00
401.710865752 0.000000e+00
402.226808379 0.000000e+00
402.742751006 0.000000e+00
403.258693633 0.000000e+00
404.258693633 0.0
405.258693633 0.0
406.258693633 0.0
407.258693633 0.0
408.258693633 0.0
409.258693633 0.0
410.258693633 0.0
411.258693633 0.0
412.258693633 0.0
413.258693633 0.0
414.258693633 0.0
415.258693633 0.0
416.258693633 0.0
417.258693633 0.0
418.258693633 0.0
419.258693633 0.0
420.258693633 0.0
421.258693633 0.0
422.258693633 0.0
423.258693633 0.0
424.258693633 0.0
425.258693633 0.0
426.258693633 0.0
427.258693633 0.0
428.258693633 0.0
429.258693633 0.0
430.258693633 0.0
431.258693633 0.0
432.258693633 0.0
433.258693633 0.0
434.258693633 0.0
435.258693633 0.0
436.258693633 0.0
437.258693633 0.0
438.258693633 0.0
439.258693633 0.0
440.258693633 0.0
441.258693633 0.0
442.258693633 0.0
443.258693633 0.0
444.258693633 0.0
445.258693633 0.0
446.258693633 0.0
447.258693633 0.0
448.258693633 0.0
449.258693633 0.0
450.258693633 0.0
451.258693633 0.0
452.258693633 0.0
453.258693633 0.0
454.258693633 0.0
455.258693633 0.0
456.258693633 0.0
457.258693633 0.0
458.258693633 0.0
459.258693633 0.0
460.258693633 0.0
461.258693633 0.0
462.258693633 0.0
463.258693633 0.0
464.258693633 0.0
465.258693633 0.0
466.258693633 0.0
467.258693633 0.0
468.258693633 0.0
469.258693633 0.0
470.258693633 0.0
471.258693633 0.0
472.258693633 0.0
473.258693633 0.0
474.258693633 0.0
475.258693633 0.0
476.258693633 0.0
477.258693633 0.0
478.258693633 0.0
479.258693633 0.0
480.258693633 0.0
481.258693633 0.0
482.258693633 0.0
483.258693633 0.0
484.258693633 0.0
485.258693633 0.0
486.258693633 0.0
487.258693633 0.0
488.258693633 0.0
489.258693633 0.0
490.258693633 0.0
491.258693633 0.0
492.258693633 0.0
493.258693633 0.0
494.258693633 0.0
495.258693633 0.0
496.258693633 0.0
497.258693633 0.0
498.258693633 0.0
499.258693633 0.0
500.258693633 0.0
501.258693633 0.0
502.258693633 0.0
503.258693633 0.0
504.258693633 0.0
505.258693633 0.0
506.258693633 0.0
507.258693633 0.0
508.258693633 0.0
509.258693633 0.0
510.258693633 0.0
511.258693633 0.0
512.258693633 0.0
513.258693633 0.0
514.258693633 0.0
515.258693633 0.0
516.258693633 0.0
517.258693633 0.0
518.258693633 0.0
519.258693633 0.0
520.258693633 0.0
521.258693633 0.0
522.258693633 0.0
523.258693633 0.0
524.258693633 0.0
525.258693633 0.0
526.258693633 0.0
527.258693633 0.0
528.258693633 0.0
529.258693633 0.0
530.258693633 0.0
531.258693633 0.0
532.258693633 0.0
533.258693633 0.0
534.258693633 0.0
535.258693633 0.0
536.258693633 0.0
537.258693633 0.0
538.258693633 0.0
539.258693633 0.0
540.258693633 0.0
541.258693633 0.0
542.258693633 0.0
543.258693633 0.0
544.258693633 0.0
545.258693633 0.0
546.258693633 0.0
547.258693633 0.0
548.258693633 0.0
549.258693633 0.0
550.258693633 0.0
551.258693633 0.0
552.258693633 0.0
553.258693633 0.0
554.258693633 0.0
555.258693633 0.0
556.258693633 0.0
557.258693633 0.0
558.258693633 0.0
559.258693633 0.0
560.258693633 0.0
561.258693633 0.0
562.258693633 0.0
563.258693633 0.0
564.258693633 0.0
565.258693633 0.0
566.258693633 0.0
567.258693633 0.0
568.258693633 0.0
569.258693633 0.0
570.258693633 0.0
571.258693633 0.0
572.258693633 0.0
573.258693633 0.0
574.258693633 0.0
575.258693633 0.0
576.258693633 0.0
577.258693633 0.0
578.258693633 0.0
579.258693633 0.0
580.258693633 0.0
581.258693633 0.0
582.258693633 0.0
583.258693633 0.0
584.258693633 0.0
585.258693633 0.0
586.258693633 0.0
587.258693633 0.0
588.258693633 0.0
589.258693633 0.0
590.258693633 0.0
591.258693633 0.0
592.258693633 0.0
593.258693633 0.0
594.258693633 0.0
595.258693633 0.0
596.258693633 0.0
597.258693633 0.0
598.258693633 0.0
599.258693633 0.0
600.258693633 0.0
601.258693633 0.0
602.258693633 0.0
603.258693633 0.0
604.258693633 0.0
605.258693633 0.0
606.258693633 0.0
607.258693633 0.0
608.258693633 0.0
609.258693633 0.0
610.258693633 0.0
611.258693633 0.0
612.258693633 0.0
613.258693633 0.0
614.258693633 0.0
615.258693633 0.0
616.258693633 0.0
617.258693633 0.0
618.258693633 0.0
619.258693633 0.0
620.258693633 0.0
621.258693633 0.0
622.258693633 0.0
623.258693633 0.0
624.258693633 0.0
625.258693633 0.0
626.258693633 0.0
627.258693633 0.0
628.258693633 0.0
629.258693633 0.0
630.258693633 0.0
631.258693633 0.0
632.258693633 0.0
633.258693633 0.0
634.258693633 0.0
635.258693633 0.0
636.258693633 0.0
637.258693633 0.0
638.258693633 0.0
639.258693633 0.0
640.258693633 0.0
641.258693633 0.0
642.258693633 0.0
643.258693633 0.0
644.258693633 0.0
645.258693633 0.0
646.258693633 0.0
647.258693633 0.0
648.258693633 0.0
649.258693633 0.0
650.258693633 0.0
651.258693633 0.0
652.258693633 0.0
653.258693633 0.0
654.258693633 0.0
655.258693633 0.0
656.258693633 0.0
657.258693633 0.0
658.258693633 0.0
659.258693633 0.0
660.258693633 0.0
661.258693633 0.0
662.258693633 0.0
663.258693633 0.0
664.258693633 0.0
665.258693633 0.0
666.258693633 0.0
667.258693633 0.0
668.258693633 0.0
669.258693633 0.0
670.258693633 0.0
671.258693633 0.0
672.258693633 0.0
673.258693633 0.0
674.258693633 0.0
675.258693633 0.0
676.258693633 0.0
677.258693633 0.0
678.258693633 0.0
679.258693633 0.0
680.258693633 0.0
681.258693633 0.0
682.258693633 0.0
683.258693633 0.0
684.258693633 0.0
685.258693633 0.0
686.258693633 0.0
687.258693633 0.0
688.258693633 0.0
689.258693633 0.0
690.258693633 0.0
691.258693633 0.0
692.258693633 0.0
693.258693633 0.0
694.258693633 0.0
695.258693633 0.0
696.258693633 0.0
697.258693633 0.0
698.258693633 0.0
699.258693633 0.0
700.258693633 0.0
701.258693633 0.0
702.258693633 0.0
703.258693633 0.0
704.258693633 0.0
705.258693633 0.0
706.258693633 0.0
707.258693633 0.0
708.258693633 0.0
709.258693633 0.0
710.258693633 0.0
711.258693633 0.0
712.258693633 0.0
713.258693633 0.0
714.258693633 0.0
715.258693633 0.0
716.258693633 0.0
717.258693633 0.0
718.258693633 0.0
719.258693633 0.0
720.258693633 0.0
721.258693633 0.0
722.258693633 0.0
723.258693633 0.0
724.258693633 0.0
725.258693633 0.0
726.258693633 0.0
727.258693633 0.0
728.258693633 0.0
729.258693633 0.0
730.258693633 0.0
731.258693633 0.0
732.258693633 0.0
733.258693633 0.0
734.258693633 0.0
735.258693633 0.0
736.258693633 0.0
737.258693633 0.0
738.258693633 0.0
739.258693633 0.0
740.258693633 0.0
741.258693633 0.0
742.258693633 0.0
743.258693633 0.0
744.258693633 0.0
745.258693633 0.0
746.258693633 0.0
747.258693633 0.0
748.258693633 0.0
749.258693633 0.0
750.258693633 0.0
751.258693633 0.0
752.258693633 0.0
753.258693633 0.0
754.258693633 0.0
755.258693633 0.0
756.258693633 0.0
757.258693633 0.0
758.258693633 0.0
759.258693633 0.0
760.258693633 0.0
761.258693633 0.0
762.258693633 0.0
763.258693633 0.0
764.258693633 0.0
765.258693633 0.0
766.258693633 0.0
767.258693633 0.0
768.258693633 0.0
769.258693633 0.0
770.258693633 0.0
771.258693633 0.0
772.258693633 0.0
773.258693633 0.0
774.258693633 0.0
775.258693633 0.0
776.258693633 0.0
777.258693633 0.0
778.258693633 0.0
779.258693633 0.0
780.258693633 0.0
781.258693633 0.0
782.258693633 0.0
783.258693633 0.0
784.258693633 0.0
785.258693633 0.0
786.258693633 0.0
787.258693633 0.0
788.258693633 0.0
789.258693633 0.0
790.258693633 0.0
791.258693633 0.0
792.258693633 0.0
793.258693633 0.0
794.258693633 0.0
795.258693633 0.0
796.258693633 0.0
797.258693633 0.0
798.258693633 0.0
799.258693633 0.0
800.258693633 0.0
801.258693633 0.0
802.258693633 0.0
803.258693633 0.0
804.258693633 0.0
805.258693633 0.0
806.258693633 0.0
807.258693633 0.0
808.258693633 0.0
809.258693633 0.0
810.258693633 0.0
811.258693633 0.0
812.258693633 0.0
813.258693633 0.0
814.258693633 0.0
815.258693633 0.0
816.258693633 0.0
817.258693633 0.0
818.258693633 0.0
819.258693633 0.0
820.258693633 0.0
821.258693633 0.0
822.258693633 0.0
823.258693633 0.0
824.258693633 0.0
825.258693633 0.0
826.258693633 0.0
827.258693633 0.0
828.258693633 0.0
829.258693633 0.0
830.258693633 0.0
831.258693633 0.0
832.258693633 0.0
833.258693633 0.0
834.258693633 0.0
835.258693633 0.0
836.258693633 0.0
837.258693633 0.0
838.258693633 0.0
839.258693633 0.0
840.258693633 0.0
841.258693633 0.0
842.258693633 0.0
843.258693633 0.0
844.258693633 0.0
845.258693633 0.0
846.258693633 0.0
847.258693633 0.0
848.258693633 0.0
849.258693633 0.0
850.258693633 0.0
851.258693633 0.0
852.258693633 0.0
853.258693633 0.0
854.258693633 0.0
855.258693633 0.0
856.258693633 0.0
857.258693633 0.0
858.258693633 0.0
859.258693633 0.0
860.258693633 0.0
861.258693633 0.0
862.258693633 0.0
863.258693633 0.0
864.258693633 0.0
865.258693633 0.0
866.258693633 0.0
867.258693633 0.0
868.258693633 0.0
869.258693633 0.0
870.258693633 0.0
871.258693633 0.0
872.258693633 0.0
873.258693633 0.0
874.258693633 0.0
875.258693633 0.0
876.258693633 0.0
877.258693633 0.0
878.258693633 0.0
879.258693633 0.0
880.258693633 0.0
881.258693633 0.0
882.258693633 0.0
883.258693633 0.0
884.258693633 0.0
885.258693633 0.0
886.258693633 0.0
887.258693633 0.0
888.258693633 0.0
889.258693633 0.0
890.258693633 0.0
891.258693633 0.0
892.258693633 0.0
893.258693633 0.0
894.258693633 0.0
895.258693633 0.0
896.258693633 0.0
897.258693633 0.0
898.258693633 0.0
899.258693633 0.0
900.258693633 0.0
901.258693633 0.0
902.258693633 0.0
903.258693633 0.0
