-617.501600906 0.0
-616.501600906 0.0
-615.501600906 0.0
-614.501600906 0.0
-613.501600906 0.0
-612.501600906 0.0
-611.501600906 0.0
-610.501600906 0.0
-609.501600906 0.0
-608.501600906 0.0
-607.501600906 0.0
-606.501600906 0.0
-605.501600906 0.0
-604.501600906 0.0
-603.501600906 0.0
-602.501600906 0.0
-601.501600906 0.0
-600.501600906 0.0
-599.501600906 0.0
-598.501600906 0.0
-597.501600906 0.0
-596.501600906 0.0
-595.501600906 0.0
-594.501600906 0.0
-593.501600906 0.0
-592.501600906 0.0
-591.501600906 0.0
-590.501600906 0.0
-589.501600906 0.0
-588.501600906 0.0
-587.501600906 0.0
-586.501600906 0.0
-585.501600906 0.0
-584.501600906 0.0
-583.501600906 0.0
-582.501600906 0.0
-581.501600906 0.0
-580.501600906 0.0
-579.501600906 0.0
-578.501600906 0.0
-577.501600906 0.0
-576.501600906 0.0
-575.501600906 0.0
-574.501600906 0.0
-573.501600906 0.0
-572.501600906 0.0
-571.501600906 0.0
-570.501600906 0.0
-569.501600906 0.0
-568.501600906 0.0
-567.501600906 0.0
-566.501600906 0.0
-565.501600906 0.0
-564.501600906 0.0
-563.501600906 0.0
-562.501600906 0.0
-561.501600906 0.0
-560.501600906 0.0
-559.501600906 0.0
-558.501600906 0.0
-557.501600906 0.0
-556.501600906 0.0
-555.501600906 0.0
-554.501600906 0.0
-553.501600906 0.0
-552.501600906 0.0
-551.501600906 0.0
-550.501600906 0.0
-549.501600906 0.0
-548.501600906 0.0
-547.501600906 0.0
-546.501600906 0.0
-545.501600906 0.0
-544.501600906 0.0
-543.501600906 0.0
-542.501600906 0.0
-541.501600906 0.0
-540.501600906 0.0
-539.501600906 0.0
-538.501600906 0.0
-537.501600906 0.0
-536.501600906 0.0
-535.501600906 0.0
-534.501600906 0.0
-533.501600906 0.0
-532.501600906 0.0
-531.501600906 0.0
-530.501600906 0.0
-529.501600906 0.0
-528.501600906 0.0
-527.501600906 0.0
-526.501600906 0.0
-525.501600906 0.0
-524.501600906 0.0
-523.501600906 0.0
-522.501600906 0.0
-521.501600906 0.0
-520.501600906 0.0
-519.501600906 0.0
-518.501600906 0.0
-517.501600906 0.0
-516.501600906 0.0
-515.501600906 0.0
-514.501600906 0.0
-513.501600906 0.0
-512.501600906 0.0
-511.501600906 0.0
-510.501600906 0.0
-509.501600906 0.0
-508.501600906 0.0
-507.501600906 0.0
-506.501600906 0.0
-505.501600906 0.0
-504.501600906 0.0
-503.501600906 0.0
-502.501600906 0.0
-501.501600906 0.0
-500.501600906 0.0
-499.501600906 0.0
-498.501600906 0.0
-497.501600906 0.0
-496.501600906 0.0
-495.501600906 0.0
-494.501600906 0.0
-493.501600906 0.0
-492.501600906 0.0
-491.501600906 0.0
-490.501600906 0.0
-489.501600906 0.0
-488.501600906 0.0
-487.501600906 0.0
-486.501600906 0.0
-485.501600906 0.0
-484.501600906 0.0
-483.501600906 0.0
-482.501600906 0.0
-481.501600906 0.0
-480.501600906 0.0
-479.501600906 0.0
-478.501600906 0.0
-477.501600906 0.0
-476.501600906 0.0
-475.501600906 0.0
-474.501600906 0.0
-473.501600906 0.0
-472.501600906 0.0
-471.501600906 0.0
-470.501600906 0.0
-469.501600906 0.0
-468.501600906 0.0
-467.501600906 0.0
-466.501600906 0.0
-465.501600906 0.0
-464.501600906 0.0
-463.501600906 0.0
-462.501600906 0.0
-461.501600906 0.0
-460.501600906 0.0
-459.501600906 0.0
-458.501600906 0.0
-457.501600906 0.0
-456.501600906 0.0
-455.501600906 0.0
-454.501600906 0.0
-453.501600906 0.0
-452.501600906 0.0
-451.501600906 0.0
-450.501600906 0.0
-449.501600906 0.0
-448.501600906 0.0
-447.501600906 0.0
-446.501600906 0.0
-445.501600906 0.0
-444.501600906 0.0
-443.501600906 0.0
-442.501600906 0.0
-441.501600906 0.0
-440.501600906 0.0
-439.501600906 0.0
-438.501600906 0.0
-437.501600906 0.0
-436.501600906 0.0
-435.501600906 0.0
-434.501600906 0.0
-433.501600906 0.0
-432.501600906 0.0
-431.501600906 0.0
-430.501600906 0.0
-429.501600906 0.0
-428.501600906 0.0
-427.501600906 0.0
-426.501600906 0.0
-425.501600906 0.0
-424.501600906 0.0
-423.501600906 0.0
-422.501600906 0.0
-421.501600906 0.0
-420.501600906 0.0
-419.501600906 0.0
-418.501600906 0.0
-417.501600906 0.0
-416.501600906 0.0
-415.501600906 0.0
-414.501600906 0.0
-413.501600906 0.0
-412.501600906 0.0
-411.501600906 0.0
-410.501600906 0.0
-409.501600906 0.0
-408.501600906 0.0
-407.501600906 0.0
-406.501600906 0.0
-405.501600906 0.0
-404.501600906 0.0
-403.501600906 0.0
-402.501600906 0.0
-401.501600906 0.0
-400.501600906 0.0
-399.501600906 0.0
-398.501600906 0.0
-397.501600906 0.0
-396.501600906 0.0
-395.501600906 0.0
-394.501600906 0.0
-393.501600906 0.0
-392.501600906 0.0
-391.501600906 0.0
-390.501600906 0.0
-389.501600906 0.0
-388.501600906 0.0
-387.501600906 0.0
-386.501600906 0.0
-385.501600906 0.0
-384.501600906 0.0
-383.501600906 0.0
-382.501600906 0.0
-381.501600906 0.0
-380.501600906 0.0
-379.501600906 0.0
-378.501600906 0.0
-377.501600906 0.0
-376.501600906 0.0
-375.501600906 0.0
-374.501600906 0.0
-373.501600906 0.0
-372.501600906 0.0
-371.501600906 0.0
-370.501600906 0.0
-369.501600906 0.0
-368.501600906 0.0
-367.501600906 0.0
-366.501600906 0.0
-365.501600906 0.0
-364.501600906 0.0
-363.501600906 0.0
-362.501600906 0.0
-361.501600906 0.0
-360.501600906 0.0
-359.501600906 0.0
-358.501600906 0.0
-357.501600906 0.0
-356.501600906 0.0
-355.501600906 0.0
-354.501600906 0.0
-353.501600906 0.0
-352.501600906 0.0
-351.501600906 0.0
-350.501600906 0.0
-349.501600906 0.0
-348.501600906 0.0
-347.501600906 0.0
-346.501600906 0.0
-345.501600906 0.0
-344.501600906 0.0
-343.501600906 0.0
-342.501600906 0.0
-341.501600906 0.0
-340.501600906 0.0
-339.501600906 0.0
-338.501600906 0.0
-337.501600906 0.0
-336.501600906 0.0
-335.501600906 0.0
-334.501600906 0.0
-333.501600906 0.0
-332.501600906 0.0
-331.501600906 0.0
-330.501600906 0.0
-329.501600906 0.0
-328.501600906 0.0
-327.501600906 0.0
-326.501600906 0.0
-325.501600906 0.0
-324.501600906 0.0
-323.501600906 0.0
-322.501600906 0.0
-321.501600906 0.0
-320.501600906 0.0
-319.501600906 0.0
-318.501600906 0.0
-317.501600906 0.0
-316.501600906 0.0
-315.501600906 0.0
-314.501600906 0.0
-313.501600906 0.0
-312.501600906 0.0
-311.501600906 0.0
-310.501600906 0.0
-309.501600906 0.0
-308.501600906 0.0
-307.501600906 0.0
-306.501600906 0.0
-305.501600906 0.0
-304.501600906 0.0
-303.501600906 0.0
-302.501600906 0.0
-301.501600906 0.0
-300.501600906 0.0
-299.501600906 0.0
-298.501600906 0.0
-297.501600906 0.0
-296.501600906 0.0
-295.501600906 0.0
-294.501600906 0.0
-293.501600906 0.0
-292.501600906 0.0
-291.501600906 0.0
-290.501600906 0.0
-289.501600906 0.0
-288.501600906 0.0
-287.501600906 0.0
-286.501600906 0.0
-285.501600906 0.0
-284.501600906 0.0
-283.501600906 0.0
-282.501600906 0.0
-281.501600906 0.0
-280.501600906 0.0
-279.501600906 0.0
-278.501600906 0.0
-277.501600906 0.0
-276.501600906 0.0
-275.501600906 0.0
-274.501600906 0.0
-273.501600906 0.0
-272.501600906 0.0
-271.501600906 0.0
-270.501600906 0.0
-269.501600906 0.0
-268.501600906 0.0
-267.501600906 0.0
-266.501600906 0.0
-265.501600906 0.0
-264.501600906 0.0
-263.501600906 0.0
-262.501600906 0.0
-261.501600906 0.0
-260.501600906 0.0
-259.501600906 0.0
-258.501600906 0.0
-257.501600906 0.0
-256.501600906 0.0
-255.501600906 0.0
-254.501600906 0.0
-253.501600906 0.0
-252.501600906 0.0
-251.501600906 0.0
-250.501600906 0.0
-249.501600906 0.0
-248.501600906 0.0
-247.501600906 0.0
-246.501600906 0.0
-245.501600906 0.0
-244.501600906 0.0
-243.501600906 0.0
-242.501600906 0.0
-241.501600906 0.0
-240.501600906 0.0
-239.501600906 0.0
-238.501600906 0.0
-237.501600906 0.0
-236.501600906 0.0
-235.501600906 0.0
-234.501600906 0.0
-233.501600906 0.0
-232.501600906 0.0
-231.501600906 0.0
-230.501600906 0.0
-229.501600906 0.0
-228.501600906 0.0
-227.501600906 0.0
-226.501600906 0.0
-225.501600906 0.0
-224.501600906 0.0
-223.501600906 0.0
-222.501600906 0.0
-221.501600906 0.0
-220.501600906 0.0
-219.501600906 0.0
-218.501600906 0.0
-217.501600906 0.0
-216.501600906 0.0
-215.501600906 0.0
-214.501600906 0.0
-213.501600906 0.0
-212.501600906 0.0
-211.501600906 0.0
-210.501600906 0.0
-209.501600906 0.0
-208.501600906 0.0
-207.501600906 0.0
-206.501600906 0.0
-205.501600906 0.0
-204.501600906 0.0
-203.501600906 0.0
-202.501600906 0.0
-201.501600906 0.0
-200.501600906 0.0
-199.501600906 0.0
-198.501600906 0.0
-197.501600906 0.0
-196.501600906 0.0
-195.501600906 0.0
-194.501600906 0.0
-193.501600906 0.0
-192.501600906 0.0
-191.501600906 0.0
-190.501600906 0.0
-189.501600906 0.0
-188.501600906 0.0
-187.501600906 0.0
-186.501600906 0.0
-185.501600906 0.0
-184.501600906 0.0
-183.501600906 0.0
-182.501600906 0.0
-181.501600906 0.0
-180.501600906 0.0
-179.501600906 0.0
-178.501600906 0.0
-177.501600906 0.0
-176.501600906 0.0
-175.501600906 0.0
-174.501600906 0.0
-173.501600906 0.0
-172.501600906 0.0
-171.501600906 0.0
-170.501600906 0.0
-169.501600906 0.0
-168.501600906 0.0
-167.501600906 0.0
-166.501600906 0.0
-165.501600906 0.0
-164.501600906 0.0
-163.501600906 0.0
-162.501600906 0.0
-161.501600906 0.0
-160.501600906 0.0
-159.501600906 0.0
-158.501600906 0.0
-157.501600906 0.0
-156.501600906 0.0
-155.501600906 0.0
-154.501600906 0.0
-153.501600906 0.0
-152.501600906 0.0
-151.501600906 0.0
-150.501600906 0.0
-149.501600906 0.0
-148.501600906 0.0
-147.501600906 0.0
-146.501600906 0.0
-145.501600906 0.0
-144.501600906 0.0
-143.501600906 0.0
-142.501600906 0.0
-141.501600906 0.0
-140.501600906 0.0
-139.501600906 0.0
-138.501600906 0.0
-137.501600906 0.0
-136.501600906 0.0
-135.501600906 0.0
-134.501600906 0.0
-133.501600906 0.0
-132.501600906 0.0
-131.501600906 0.0
-130.501600906 0.0
-129.501600906 0.0
-128.501600906 0.0
-127.501600906 0.0
-126.501600906 0.0
-125.501600906 0.0
-124.501600906 0.0
-123.501600906 0.0
-122.501600906 0.0
-121.501600906 0.0
-120.501600906 0.0
-119.501600906 0.0
-118.501600906 0.0
-117.501600906 0.000000e+00
-117.009014334 0.000000e+00
-116.516427762 0.000000e+00
-116.02384119 0.000000e+00
-115.531254618 0.000000e+00
-115.038668046 0.000000e+00
-114.546081474 0.000000e+00
-114.053494902 0.000000e+00
-113.56090833 0.000000e+00
-113.068321758 0.000000e+00
-112.575735185 0.000000e+00
-112.083148613 0.000000e+00
-111.590562041 0.000000e+00
-111.097975469 0.000000e+00
-110.605388897 0.000000e+00
-110.112802325 0.000000e+00
-109.620215753 0.000000e+00
-109.127629181 0.000000e+00
-108.635042609 0.000000e+00
-108.142456037 0.000000e+00
-107.649869465 0.000000e+00
-107.157282892 0.000000e+00
-106.66469632 0.000000e+00
-106.172109748 0.000000e+00
-105.679523176 0.000000e+00
-105.186936604 0.000000e+00
-104.694350032 0.000000e+00
-104.20176346 0.000000e+00
-103.709176888 0.000000e+00
-103.216590316 0.000000e+00
-102.724003744 0.000000e+00
-102.231417172 0.000000e+00
-101.738830599 0.000000e+00
-101.246244027 0.000000e+00
-100.753657455 0.000000e+00
-100.261070883 0.000000e+00
-99.7684843111 0.000000e+00
-99.275897739 0.000000e+00
-98.7833111669 0.000000e+00
-98.2907245948 0.000000e+00
-97.7981380228 0.000000e+00
-97.3055514507 0.000000e+00
-96.8129648786 0.000000e+00
-96.3203783065 0.000000e+00
-95.8277917344 0.000000e+00
-95.3352051623 0.000000e+00
-94.8426185902 0.000000e+00
-94.3500320181 0.000000e+00
-93.857445446 0.000000e+00
-93.3648588739 0.000000e+00
-92.8722723019 0.000000e+00
-92.3796857298 0.000000e+00
-91.8870991577 0.000000e+00
-91.3945125856 0.000000e+00
-90.9019260135 0.000000e+00
-90.4093394414 0.000000e+00
-89.9167528693 0.000000e+00
-89.4241662972 0.000000e+00
-88.9315797251 0.000000e+00
-88.438993153 0.000000e+00
-87.946406581 0.000000e+00
-87.4538200089 0.000000e+00
-58.3912122556 0.000000e+00
-57.8986256835 0.000000e+00
-57.4060391114 0.000000e+00
-56.9134525393 0.000000e+00
-56.4208659672 0.000000e+00
-55.9282793951 0.000000e+00
-55.435692823 0.000000e+00
-54.9431062509 0.000000e+00
-54.4505196788 0.000000e+00
-53.9579331067 0.000000e+00
-53.4653465347 0.000000e+00
-52.9727599626 0.000000e+00
-52.4801733905 0.000000e+00
-51.9875868184 0.000000e+00
-51.4950002463 0.000000e+00
-51.0024136742 0.000000e+00
-50.5098271021 0.000000e+00
-50.01724053 0.000000e+00
-49.5246539579 0.000000e+00
-49.0320673858 0.000000e+00
-48.5394808138 0.000000e+00
-48.0468942417 0.000000e+00
-47.5543076696 0.000000e+00
-47.0617210975 0.000000e+00
-46.5691345254 0.000000e+00
-46.0765479533 0.000000e+00
-45.5839613812 0.000000e+00
-45.0913748091 0.000000e+00
-44.598788237 0.000000e+00
-44.1062016649 0.000000e+00
-43.6136150929 0.000000e+00
-43.1210285208 0.000000e+00
-42.6284419487 0.000000e+00
-42.1358553766 0.000000e+00
-41.6432688045 0.000000e+00
-41.1506822324 0.000000e+00
-40.6580956603 0.000000e+00
-40.1655090882 0.000000e+00
-39.6729225161 0.000000e+00
-39.180335944 0.000000e+00
-38.687749372 0.000000e+00
-38.1951627999 0.000000e+00
-37.7025762278 0.000000e+00
-37.2099896557 0.000000e+00
-36.7174030836 0.000000e+00
-36.2248165115 0.000000e+00
-35.7322299394 0.000000e+00
-35.2396433673 0.000000e+00
-34.7470567952 0.000000e+00
-34.2544702231 0.000000e+00
-33.7618836511 0.000000e+00
-33.269297079 0.000000e+00
-32.7767105069 0.000000e+00
-32.2841239348 0.000000e+00
-31.7915373627 0.000000e+00
-31.2989507906 0.000000e+00
-30.8063642185 0.000000e+00
-30.3137776464 0.000000e+00
-29.8211910743 0.000000e+00
-29.3286045022 0.000000e+00
-28.8360179302 0.000000e+00
-28.3434313581 0.000000e+00
-27.850844786 0.000000e+00
-27.3582582139 0.000000e+00
-26.8656716418 0.000000e+00
-26.3730850697 0.000000e+00
-25.8804984976 0.000000e+00
-25.3879119255 0.000000e+00
-24.8953253534 0.000000e+00
-24.4027387813 0.000000e+00
-23.9101522093 0.000000e+00
-23.4175656372 0.000000e+00
-22.9249790651 0.000000e+00
-22.432392493 0.000000e+00
-21.9398059209 0.000000e+00
-21.4472193488 0.000000e+00
-20.9546327767 0.000000e+00
-20.4620462046 0.000000e+00
-19.9694596325 0.000000e+00
-19.4768730604 0.000000e+00
-18.9842864884 0.000000e+00
-18.4916999163 0.000000e+00
-17.9991133442 0.000000e+00
-17.5065267721 0.000000e+00
-17.0139402 0.000000e+00
-16.5213536279 0.000000e+00
-16.0287670558 0.000000e+00
-15.5361804837 0.000000e+00
-15.0435939116 0.000000e+00
-14.5510073395 0.000000e+00
-14.0584207674 0.000000e+00
-13.5658341954 0.000000e+00
-13.0732476233 0.000000e+00
-12.5806610512 0.000000e+00
-12.0880744791 0.000000e+00
-11.595487907 0.000000e+00
-11.1029013349 0.000000e+00
-10.6103147628 0.000000e+00
-10.1177281907 0.000000e+00
-9.62514161864 0.000000e+00
-9.13255504655 0.000000e+00
-8.63996847446 0.000000e+00
-8.14738190237 0.000000e+00
-7.65479533028 0.000000e+00
-7.16220875819 0.000000e+00
-6.6696221861 0.000000e+00
-6.17703561401 0.000000e+00
-5.68444904192 0.000000e+00
-5.19186246983 0.000000e+00
-4.69927589774 0.000000e+00
-4.20668932565 0.000000e+00
-3.71410275356 0.000000e+00
-3.22151618147 0.000000e+00
-2.72892960938 0.000000e+00
-2.23634303729 0.000000e+00
-1.7437564652 0.000000e+00
-1.25116989311 0.000000e+00
-0.758583321019 0.000000e+00
-0.265996748929 0.000000e+00
0.226589823161 1.015718e-01
0.719176395251 1.152011e-01
1.21176296734 1.057544e-01
1.70434953943 8.276051e-02
2.19693611152 7.645463e-02
2.68952268361 9.440173e-02
3.1821092557 9.776050e-02
3.67469582779 7.110615e-02
4.16728239988 7.372563e-02
4.65986897197 1.392701e-01
5.15245554406 1.853333e-01
5.64504211615 1.282964e-01
6.13762868824 8.958329e-02
6.63021526033 6.345513e-02
7.12280183242 5.068507e-02
7.61538840451 5.219666e-02
8.1079749766 1.358630e-01
8.60056154869 5.769451e-01
9.09314812078 8.522928e-01
9.58573469287 5.042828e-01
10.078321265 2.065889e-01
10.5709078371 1.134018e-01
11.0634944091 7.105456e-02
11.5560809812 5.286802e-02
12.0486675533 5.889835e-02
12.5412541254 7.952084e-02
13.0338406975 6.202426e-02
13.5264272696 4.809687e-02
14.0190138417 3.294202e-02
14.5116004138 2.193468e-02
15.0041869859 1.503085e-02
15.496773558 1.470458e-02
15.98936013 1.228061e-02
16.4819467021 7.398659e-03
16.9745332742 7.741825e-03
17.4671198463 7.811199e-03
17.9597064184 0.000000e+00
18.4522929905 0.000000e+00
18.9448795626 1.205226e-02
19.4374661347 2.639954e-01
19.9300527068 7.893362e-01
20.4226392789 1.000000e+00
20.9152258509 6.321730e-01
21.407812423 3.613978e-01
21.9003989951 2.774358e-01
22.3929855672 1.971359e-01
22.8855721393 1.456294e-01
23.3781587114 9.680126e-02
23.8707452835 6.665014e-02
24.3633318556 5.593294e-02
24.8559184277 7.573992e-02
25.3485049998 5.884114e-02
25.8410915718 5.377121e-02
26.3336781439 5.448710e-02
26.826264716 6.374785e-02
27.3188512881 1.072484e-01
27.8114378602 1.488175e-01
28.3040244323 1.170155e-01
28.7966110044 7.632200e-02
29.2891975765 5.486570e-02
29.7817841486 4.201966e-02
30.2743707207 3.482919e-02
30.7669572927 2.598717e-02
31.2595438648 6.868138e-02
31.7521304369 9.591972e-02
32.244717009 8.814421e-02
32.7373035811 5.327673e-02
33.2298901532 3.301331e-02
33.7224767253 2.452517e-02
34.2150632974 1.789802e-02
34.7076498695 1.332615e-02
35.2002364416 6.575915e-03
35.6928230136 9.100527e-03
36.1854095857 0.000000e+00
36.6779961578 8.359483e-03
37.1705827299 6.561714e-03
37.663169302 0.000000e+00
38.1557558741 0.000000e+00
38.6483424462 0.000000e+00
39.1409290183 0.000000e+00
39.6335155904 0.000000e+00
40.1261021625 0.000000e+00
40.6186887345 0.000000e+00
41.1112753066 0.000000e+00
41.6038618787 0.000000e+00
42.0964484508 0.000000e+00
42.5890350229 0.000000e+00
43.081621595 0.000000e+00
43.5742081671 0.000000e+00
44.0667947392 0.000000e+00
44.5593813113 0.000000e+00
45.0519678834 0.000000e+00
45.5445544554 0.000000e+00
46.0371410275 0.000000e+00
46.5297275996 0.000000e+00
47.0223141717 0.000000e+00
47.5149007438 0.000000e+00
48.0074873159 0.000000e+00
48.500073888 0.000000e+00
48.9926604601 0.000000e+00
49.4852470322 0.000000e+00
49.9778336043 0.000000e+00
50.4704201763 0.000000e+00
50.9630067484 0.000000e+00
51.4555933205 0.000000e+00
51.9481798926 0.000000e+00
52.4407664647 0.000000e+00
52.9333530368 0.000000e+00
53.4259396089 0.000000e+00
53.918526181 0.000000e+00
54.4111127531 0.000000e+00
54.9036993252 0.000000e+00
55.3962858972 0.000000e+00
55.8888724693 0.000000e+00
56.3814590414 0.000000e+00
56.8740456135 0.000000e+00
57.3666321856 0.000000e+00
57.8592187577 0.000000e+00
58.3518053298 0.000000e+00
58.8443919019 0.000000e+00
59.336978474 0.000000e+00
59.8295650461 0.000000e+00
60.3221516181 0.000000e+00
60.8147381902 0.000000e+00
61.3073247623 0.000000e+00
61.7999113344 0.000000e+00
62.2924979065 0.000000e+00
62.7850844786 0.000000e+00
63.2776710507 0.000000e+00
63.7702576228 0.000000e+00
64.2628441949 0.000000e+00
64.755430767 0.000000e+00
65.248017339 0.000000e+00
65.7406039111 0.000000e+00
66.2331904832 0.000000e+00
66.7257770553 0.000000e+00
67.2183636274 0.000000e+00
67.7109501995 0.000000e+00
68.2035367716 0.000000e+00
68.6961233437 0.000000e+00
69.1887099158 0.000000e+00
69.6812964879 0.000000e+00
70.1738830599 0.000000e+00
70.666469632 0.000000e+00
71.1590562041 0.000000e+00
71.6516427762 0.000000e+00
72.1442293483 0.000000e+00
72.6368159204 0.000000e+00
73.1294024925 0.000000e+00
73.6219890646 0.000000e+00
74.1145756367 0.000000e+00
74.6071622088 0.000000e+00
75.0997487808 0.000000e+00
75.5923353529 0.000000e+00
76.084921925 0.000000e+00
76.5775084971 0.000000e+00
77.0700950692 0.000000e+00
77.5626816413 0.000000e+00
78.0552682134 0.000000e+00
78.5478547855 0.000000e+00
79.0404413576 0.000000e+00
79.5330279297 0.000000e+00
80.0256145017 0.000000e+00
80.5182010738 0.000000e+00
81.0107876459 0.000000e+00
81.503374218 0.000000e+00
81.9959607901 0.000000e+00
82.4885473622 0.000000e+00
82.9811339343 0.000000e+00
83.4737205064 0.000000e+00
83.9663070785 0.000000e+00
84.4588936506 0.000000e+00
84.9514802226 0.000000e+00
85.4440667947 0.000000e+00
85.9366533668 0.000000e+00
86.4292399389 0.000000e+00
86.921826511 0.000000e+00
87.4144130831 0.000000e+00
87.9069996552 0.000000e+00
88.3995862273 0.000000e+00
88.8921727994 0.000000e+00
89.3847593715 0.000000e+00
89.8773459435 0.000000e+00
90.3699325156 0.000000e+00
90.8625190877 0.000000e+00
91.3551056598 0.000000e+00
91.8476922319 0.000000e+00
92.340278804 0.000000e+00
92.8328653761 0.000000e+00
93.3254519482 0.000000e+00
93.8180385203 0.000000e+00
94.3106250924 0.000000e+00
94.8032116645 0.000000e+00
95.2957982365 0.000000e+00
95.7883848086 0.000000e+00
96.2809713807 0.000000e+00
96.7735579528 0.000000e+00
97.2661445249 0.000000e+00
97.758731097 0.000000e+00
98.2513176691 0.000000e+00
98.7439042412 0.000000e+00
99.2364908133 0.000000e+00
99.7290773854 0.000000e+00
100.221663957 0.000000e+00
100.71425053 0.000000e+00
101.206837102 0.000000e+00
101.699423674 0.000000e+00
102.192010246 0.000000e+00
102.684596818 0.000000e+00
103.17718339 0.000000e+00
103.669769962 0.000000e+00
104.162356534 0.000000e+00
104.654943106 0.000000e+00
105.147529678 0.000000e+00
105.64011625 0.000000e+00
106.132702823 0.000000e+00
106.625289395 0.000000e+00
107.117875967 0.000000e+00
107.610462539 0.000000e+00
108.103049111 0.000000e+00
108.595635683 0.000000e+00
109.088222255 0.000000e+00
109.580808827 0.000000e+00
110.073395399 0.000000e+00
110.565981971 0.000000e+00
111.058568543 0.000000e+00
111.551155116 0.000000e+00
112.043741688 0.000000e+00
112.53632826 0.000000e+00
113.028914832 0.000000e+00
113.521501404 0.000000e+00
114.014087976 0.000000e+00
114.506674548 0.000000e+00
114.99926112 0.000000e+00
115.491847692 0.000000e+00
115.984434264 0.000000e+00
116.477020836 0.000000e+00
116.969607409 0.000000e+00
117.462193981 0.000000e+00
117.954780553 0.000000e+00
118.447367125 0.000000e+00
118.939953697 0.000000e+00
119.432540269 0.000000e+00
119.925126841 0.000000e+00
120.417713413 0.000000e+00
120.910299985 0.000000e+00
121.402886557 0.000000e+00
121.895473129 0.000000e+00
122.388059701 0.000000e+00
122.880646274 0.000000e+00
123.373232846 0.000000e+00
123.865819418 0.000000e+00
124.35840599 0.000000e+00
124.850992562 0.000000e+00
125.343579134 0.000000e+00
125.836165706 0.000000e+00
126.328752278 0.000000e+00
126.82133885 0.000000e+00
127.313925422 0.000000e+00
127.806511994 0.000000e+00
128.299098567 0.000000e+00
128.791685139 0.000000e+00
129.284271711 0.000000e+00
129.776858283 0.000000e+00
130.269444855 0.000000e+00
130.762031427 0.000000e+00
131.254617999 0.000000e+00
131.747204571 0.000000e+00
132.239791143 0.000000e+00
132.732377715 0.000000e+00
133.224964287 0.000000e+00
133.71755086 0.000000e+00
134.210137432 0.000000e+00
134.702724004 0.000000e+00
135.195310576 0.000000e+00
135.687897148 0.000000e+00
136.18048372 0.000000e+00
136.673070292 0.000000e+00
137.165656864 0.000000e+00
137.658243436 0.000000e+00
138.150830008 0.000000e+00
138.64341658 0.000000e+00
139.136003153 0.000000e+00
139.628589725 0.000000e+00
140.121176297 0.000000e+00
140.613762869 0.000000e+00
141.106349441 0.000000e+00
141.598936013 0.000000e+00
142.091522585 0.000000e+00
142.584109157 0.000000e+00
143.076695729 0.000000e+00
143.569282301 0.000000e+00
144.061868873 0.000000e+00
144.554455446 0.000000e+00
145.047042018 0.000000e+00
145.53962859 0.000000e+00
146.032215162 0.000000e+00
146.524801734 0.000000e+00
147.017388306 0.000000e+00
147.509974878 0.000000e+00
148.00256145 0.000000e+00
148.495148022 0.000000e+00
148.987734594 0.000000e+00
207.605536673 0.000000e+00
208.098123245 0.000000e+00
208.590709817 0.000000e+00
209.083296389 0.000000e+00
209.575882961 0.000000e+00
210.068469534 0.000000e+00
210.561056106 0.000000e+00
211.053642678 0.000000e+00
211.54622925 0.000000e+00
212.038815822 0.000000e+00
212.531402394 0.000000e+00
213.023988966 0.000000e+00
213.516575538 0.000000e+00
214.00916211 0.000000e+00
214.501748682 0.000000e+00
214.994335254 0.000000e+00
215.486921827 0.000000e+00
215.979508399 0.000000e+00
216.472094971 0.000000e+00
216.964681543 0.000000e+00
217.457268115 0.000000e+00
217.949854687 0.000000e+00
218.442441259 0.000000e+00
218.935027831 0.000000e+00
219.427614403 0.000000e+00
219.920200975 0.000000e+00
220.412787547 0.000000e+00
220.90537412 0.000000e+00
221.397960692 0.000000e+00
221.890547264 0.000000e+00
222.383133836 0.000000e+00
222.875720408 0.000000e+00
223.36830698 0.000000e+00
223.860893552 0.000000e+00
224.353480124 0.000000e+00
224.846066696 0.000000e+00
225.338653268 0.000000e+00
225.83123984 0.000000e+00
226.323826412 0.000000e+00
226.816412985 0.000000e+00
227.308999557 0.000000e+00
227.801586129 0.000000e+00
228.294172701 0.000000e+00
228.786759273 0.000000e+00
229.279345845 0.000000e+00
229.771932417 0.000000e+00
230.264518989 0.000000e+00
230.757105561 0.000000e+00
231.249692133 0.000000e+00
231.742278705 0.000000e+00
232.234865278 0.000000e+00
232.72745185 0.000000e+00
233.220038422 0.000000e+00
233.712624994 0.000000e+00
234.205211566 0.000000e+00
234.697798138 0.000000e+00
235.19038471 0.000000e+00
235.682971282 0.000000e+00
236.175557854 0.000000e+00
236.668144426 0.000000e+00
237.160730998 0.000000e+00
237.653317571 0.000000e+00
238.145904143 0.000000e+00
238.638490715 0.000000e+00
239.131077287 0.000000e+00
239.623663859 0.000000e+00
240.116250431 0.000000e+00
240.608837003 0.000000e+00
241.101423575 0.000000e+00
241.594010147 0.000000e+00
242.086596719 0.000000e+00
242.579183291 0.000000e+00
243.071769864 0.000000e+00
243.564356436 0.000000e+00
244.056943008 0.000000e+00
244.54952958 0.000000e+00
245.042116152 0.000000e+00
245.534702724 0.000000e+00
246.027289296 0.000000e+00
246.519875868 0.000000e+00
247.01246244 0.000000e+00
247.505049012 0.000000e+00
247.997635584 0.000000e+00
248.490222157 0.000000e+00
248.982808729 0.000000e+00
249.475395301 0.000000e+00
249.967981873 0.000000e+00
250.460568445 0.000000e+00
250.953155017 0.000000e+00
251.445741589 0.000000e+00
251.938328161 0.000000e+00
252.430914733 0.000000e+00
252.923501305 0.000000e+00
253.416087877 0.000000e+00
253.90867445 0.000000e+00
254.401261022 0.000000e+00
254.893847594 0.000000e+00
255.386434166 0.000000e+00
255.879020738 0.000000e+00
256.37160731 0.000000e+00
256.864193882 0.000000e+00
257.356780454 0.000000e+00
257.849367026 0.000000e+00
258.341953598 0.000000e+00
258.83454017 0.000000e+00
259.327126743 0.000000e+00
259.819713315 0.000000e+00
260.312299887 0.000000e+00
260.804886459 0.000000e+00
261.297473031 0.000000e+00
261.790059603 0.000000e+00
262.282646175 0.000000e+00
262.775232747 0.000000e+00
263.267819319 0.000000e+00
263.760405891 0.000000e+00
264.252992463 0.000000e+00
264.745579036 0.000000e+00
265.238165608 0.000000e+00
265.73075218 0.000000e+00
266.223338752 0.000000e+00
266.715925324 0.000000e+00
267.208511896 0.000000e+00
325.826313975 0.000000e+00
326.318900547 0.000000e+00
326.811487119 0.000000e+00
327.304073691 0.000000e+00
327.796660263 0.000000e+00
328.289246835 0.000000e+00
328.781833407 0.000000e+00
329.274419979 0.000000e+00
329.767006551 0.000000e+00
330.259593123 0.000000e+00
330.752179696 0.000000e+00
331.244766268 0.000000e+00
331.73735284 0.000000e+00
332.229939412 0.000000e+00
332.722525984 0.000000e+00
333.215112556 0.000000e+00
333.707699128 0.000000e+00
334.2002857 0.000000e+00
334.692872272 0.000000e+00
335.185458844 0.000000e+00
335.678045416 0.000000e+00
336.170631989 0.000000e+00
336.663218561 0.000000e+00
337.155805133 0.000000e+00
337.648391705 0.000000e+00
338.140978277 0.000000e+00
338.633564849 0.000000e+00
339.126151421 0.000000e+00
339.618737993 0.000000e+00
340.111324565 0.000000e+00
340.603911137 0.000000e+00
341.096497709 0.000000e+00
341.589084282 0.000000e+00
342.081670854 0.000000e+00
342.574257426 0.000000e+00
343.066843998 0.000000e+00
343.55943057 0.000000e+00
344.052017142 0.000000e+00
344.544603714 0.000000e+00
345.037190286 0.000000e+00
345.529776858 0.000000e+00
346.02236343 0.000000e+00
346.514950002 0.000000e+00
347.007536575 0.000000e+00
347.500123147 0.000000e+00
347.992709719 0.000000e+00
348.485296291 0.000000e+00
348.977882863 0.000000e+00
349.470469435 0.000000e+00
349.963056007 0.000000e+00
350.455642579 0.000000e+00
350.948229151 0.000000e+00
351.440815723 0.000000e+00
351.933402295 0.000000e+00
352.425988868 0.000000e+00
352.91857544 0.000000e+00
353.411162012 0.000000e+00
353.903748584 0.000000e+00
354.396335156 0.000000e+00
354.888921728 0.000000e+00
355.3815083 0.000000e+00
355.874094872 0.000000e+00
356.874094872 0.0
357.874094872 0.0
358.874094872 0.0
359.874094872 0.0
360.874094872 0.0
361.874094872 0.0
362.874094872 0.0
363.874094872 0.0
364.874094872 0.0
365.874094872 0.0
366.874094872 0.0
367.874094872 0.0
368.874094872 0.0
369.874094872 0.0
370.874094872 0.0
371.874094872 0.0
372.874094872 0.0
373.874094872 0.0
374.874094872 0.0
375.874094872 0.0
376.874094872 0.0
377.874094872 0.0
378.874094872 0.0
379.874094872 0.0
380.874094872 0.0
381.874094872 0.0
382.874094872 0.0
383.874094872 0.0
384.874094872 0.0
385.874094872 0.0
386.874094872 0.0
387.874094872 0.0
388.874094872 0.0
389.874094872 0.0
390.874094872 0.0
391.874094872 0.0
392.874094872 0.0
393.874094872 0.0
394.874094872 0.0
395.874094872 0.0
396.874094872 0.0
397.874094872 0.0
398.874094872 0.0
399.874094872 0.0
400.874094872 0.0
401.874094872 0.0
402.874094872 0.0
403.874094872 0.0
404.874094872 0.0
405.874094872 0.0
406.874094872 0.0
407.874094872 0.0
408.874094872 0.0
409.874094872 0.0
410.874094872 0.0
411.874094872 0.0
412.874094872 0.0
413.874094872 0.0
414.874094872 0.0
415.874094872 0.0
416.874094872 0.0
417.874094872 0.0
418.874094872 0.0
419.874094872 0.0
420.874094872 0.0
421.874094872 0.0
422.874094872 0.0
423.874094872 0.0
424.874094872 0.0
425.874094872 0.0
426.874094872 0.0
427.874094872 0.0
428.874094872 0.0
429.874094872 0.0
430.874094872 0.0
431.874094872 0.0
432.874094872 0.0
433.874094872 0.0
434.874094872 0.0
435.874094872 0.0
436.874094872 0.0
437.874094872 0.0
438.874094872 0.0
439.874094872 0.0
440.874094872 0.0
441.874094872 0.0
442.874094872 0.0
443.874094872 0.0
444.874094872 0.0
445.874094872 0.0
446.874094872 0.0
447.874094872 0.0
448.874094872 0.0
449.874094872 0.0
450.874094872 0.0
451.874094872 0.0
452.874094872 0.0
453.874094872 0.0
454.874094872 0.0
455.874094872 0.0
456.874094872 0.0
457.874094872 0.0
458.874094872 0.0
459.874094872 0.0
460.874094872 0.0
461.874094872 0.0
462.874094872 0.0
463.874094872 0.0
464.874094872 0.0
465.874094872 0.0
466.874094872 0.0
467.874094872 0.0
468.874094872 0.0
469.874094872 0.0
470.874094872 0.0
471.874094872 0.0
472.874094872 0.0
473.874094872 0.0
474.874094872 0.0
475.874094872 0.0
476.874094872 0.0
477.874094872 0.0
478.874094872 0.0
479.874094872 0.0
480.874094872 0.0
481.874094872 0.0
482.874094872 0.0
483.874094872 0.0
484.874094872 0.0
485.874094872 0.0
486.874094872 0.0
487.874094872 0.0
488.874094872 0.0
489.874094872 0.0
490.874094872 0.0
491.874094872 0.0
492.874094872 0.0
493.874094872 0.0
494.874094872 0.0
495.874094872 0.0
496.874094872 0.0
497.874094872 0.0
498.874094872 0.0
499.874094872 0.0
500.874094872 0.0
501.874094872 0.0
502.874094872 0.0
503.874094872 0.0
504.874094872 0.0
505.874094872 0.0
506.874094872 0.0
507.874094872 0.0
508.874094872 0.0
509.874094872 0.0
510.874094872 0.0
511.874094872 0.0
512.874094872 0.0
513.874094872 0.0
514.874094872 0.0
515.874094872 0.0
516.874094872 0.0
517.874094872 0.0
518.874094872 0.0
519.874094872 0.0
520.874094872 0.0
521.874094872 0.0
522.874094872 0.0
523.874094872 0.0
524.874094872 0.0
525.874094872 0.0
526.874094872 0.0
527.874094872 0.0
528.874094872 0.0
529.874094872 0.0
530.874094872 0.0
531.874094872 0.0
532.874094872 0.0
533.874094872 0.0
534.874094872 0.0
535.874094872 0.0
536.874094872 0.0
537.874094872 0.0
538.874094872 0.0
539.874094872 0.0
540.874094872 0.0
541.874094872 0.0
542.874094872 0.0
543.874094872 0.0
544.874094872 0.0
545.874094872 0.0
546.874094872 0.0
547.874094872 0.0
548.874094872 0.0
549.874094872 0.0
550.874094872 0.0
551.874094872 0.0
552.874094872 0.0
553.874094872 0.0
554.874094872 0.0
555.874094872 0.0
556.874094872 0.0
557.874094872 0.0
558.874094872 0.0
559.874094872 0.0
560.874094872 0.0
561.874094872 0.0
562.874094872 0.0
563.874094872 0.0
564.874094872 0.0
565.874094872 0.0
566.874094872 0.0
567.874094872 0.0
568.874094872 0.0
569.874094872 0.0
570.874094872 0.0
571.874094872 0.0
572.874094872 0.0
573.874094872 0.0
574.874094872 0.0
575.874094872 0.0
576.874094872 0.0
577.874094872 0.0
578.874094872 0.0
579.874094872 0.0
580.874094872 0.0
581.874094872 0.0
582.874094872 0.0
583.874094872 0.0
584.874094872 0.0
585.874094872 0.0
586.874094872 0.0
587.874094872 0.0
588.874094872 0.0
589.874094872 0.0
590.874094872 0.0
591.874094872 0.0
592.874094872 0.0
593.874094872 0.0
594.874094872 0.0
595.874094872 0.0
596.874094872 0.0
597.874094872 0.0
598.874094872 0.0
599.874094872 0.0
600.874094872 0.0
601.874094872 0.0
602.874094872 0.0
603.874094872 0.0
604.874094872 0.0
605.874094872 0.0
606.874094872 0.0
607.874094872 0.0
608.874094872 0.0
609.874094872 0.0
610.874094872 0.0
611.874094872 0.0
612.874094872 0.0
613.874094872 0.0
614.874094872 0.0
615.874094872 0.0
616.874094872 0.0
617.874094872 0.0
618.874094872 0.0
619.874094872 0.0
620.874094872 0.0
621.874094872 0.0
622.874094872 0.0
623.874094872 0.0
624.874094872 0.0
625.874094872 0.0
626.874094872 0.0
627.874094872 0.0
628.874094872 0.0
629.874094872 0.0
630.874094872 0.0
631.874094872 0.0
632.874094872 0.0
633.874094872 0.0
634.874094872 0.0
635.874094872 0.0
636.874094872 0.0
637.874094872 0.0
638.874094872 0.0
639.874094872 0.0
640.874094872 0.0
641.874094872 0.0
642.874094872 0.0
643.874094872 0.0
644.874094872 0.0
645.874094872 0.0
646.874094872 0.0
647.874094872 0.0
648.874094872 0.0
649.874094872 0.0
650.874094872 0.0
651.874094872 0.0
652.874094872 0.0
653.874094872 0.0
654.874094872 0.0
655.874094872 0.0
656.874094872 0.0
657.874094872 0.0
658.874094872 0.0
659.874094872 0.0
660.874094872 0.0
661.874094872 0.0
662.874094872 0.0
663.874094872 0.0
664.874094872 0.0
665.874094872 0.0
666.874094872 0.0
667.874094872 0.0
668.874094872 0.0
669.874094872 0.0
670.874094872 0.0
671.874094872 0.0
672.874094872 0.0
673.874094872 0.0
674.874094872 0.0
675.874094872 0.0
676.874094872 0.0
677.874094872 0.0
678.874094872 0.0
679.874094872 0.0
680.874094872 0.0
681.874094872 0.0
682.874094872 0.0
683.874094872 0.0
684.874094872 0.0
685.874094872 0.0
686.874094872 0.0
687.874094872 0.0
688.874094872 0.0
689.874094872 0.0
690.874094872 0.0
691.874094872 0.0
692.874094872 0.0
693.874094872 0.0
694.874094872 0.0
695.874094872 0.0
696.874094872 0.0
697.874094872 0.0
698.874094872 0.0
699.874094872 0.0
700.874094872 0.0
701.874094872 0.0
702.874094872 0.0
703.874094872 0.0
704.874094872 0.0
705.874094872 0.0
706.874094872 0.0
707.874094872 0.0
708.874094872 0.0
709.874094872 0.0
710.874094872 0.0
711.874094872 0.0
712.874094872 0.0
713.874094872 0.0
714.874094872 0.0
715.874094872 0.0
716.874094872 0.0
717.874094872 0.0
718.874094872 0.0
719.874094872 0.0
720.874094872 0.0
721.874094872 0.0
722.874094872 0.0
723.874094872 0.0
724.874094872 0.0
725.874094872 0.0
726.874094872 0.0
727.874094872 0.0
728.874094872 0.0
729.874094872 0.0
730.874094872 0.0
731.874094872 0.0
732.874094872 0.0
733.874094872 0.0
734.874094872 0.0
735.874094872 0.0
736.874094872 0.0
737.874094872 0.0
738.874094872 0.0
739.874094872 0.0
740.874094872 0.0
741.874094872 0.0
742.874094872 0.0
743.874094872 0.0
744.874094872 0.0
745.874094872 0.0
746.874094872 0.0
747.874094872 0.0
748.874094872 0.0
749.874094872 0.0
750.874094872 0.0
751.874094872 0.0
752.874094872 0.0
753.874094872 0.0
754.874094872 0.0
755.874094872 0.0
756.874094872 0.0
757.874094872 0.0
758.874094872 0.0
759.874094872 0.0
760.874094872 0.0
761.874094872 0.0
762.874094872 0.0
763.874094872 0.0
764.874094872 0.0
765.874094872 0.0
766.874094872 0.0
767.874094872 0.0
768.874094872 0.0
769.874094872 0.0
770.874094872 0.0
771.874094872 0.0
772.874094872 0.0
773.874094872 0.0
774.874094872 0.0
775.874094872 0.0
776.874094872 0.0
777.874094872 0.0
778.874094872 0.0
779.874094872 0.0
780.874094872 0.0
781.874094872 0.0
782.874094872 0.0
783.874094872 0.0
784.874094872 0.0
785.874094872 0.0
786.874094872 0.0
787.874094872 0.0
788.874094872 0.0
789.874094872 0.0
790.874094872 0.0
791.874094872 0.0
792.874094872 0.0
793.874094872 0.0
794.874094872 0.0
795.874094872 0.0
796.874094872 0.0
797.874094872 0.0
798.874094872 0.0
799.874094872 0.0
800.874094872 0.0
801.874094872 0.0
802.874094872 0.0
803.874094872 0.0
804.874094872 0.0
805.874094872 0.0
806.874094872 0.0
807.874094872 0.0
808.874094872 0.0
809.874094872 0.0
810.874094872 0.0
811.874094872 0.0
812.874094872 0.0
813.874094872 0.0
814.874094872 0.0
815.874094872 0.0
816.874094872 0.0
817.874094872 0.0
818.874094872 0.0
819.874094872 0.0
820.874094872 0.0
821.874094872 0.0
822.874094872 0.0
823.874094872 0.0
824.874094872 0.0
825.874094872 0.0
826.874094872 0.0
827.874094872 0.0
828.874094872 0.0
829.874094872 0.0
830.874094872 0.0
831.874094872 0.0
832.874094872 0.0
833.874094872 0.0
834.874094872 0.0
835.874094872 0.0
836.874094872 0.0
837.874094872 0.0
838.874094872 0.0
839.874094872 0.0
840.874094872 0.0
841.874094872 0.0
842.874094872 0.0
843.874094872 0.0
844.874094872 0.0
845.874094872 0.0
846.874094872 0.0
847.874094872 0.0
848.874094872 0.0
849.874094872 0.0
850.874094872 0.0
851.874094872 0.0
852.874094872 0.0
853.874094872 0.0
854.874094872 0.0
855.874094872 0.0
