-569.477424993 0.0
-568.477424993 0.0
-567.477424993 0.0
-566.477424993 0.0
-565.477424993 0.0
-564.477424993 0.0
-563.477424993 0.0
-562.477424993 0.0
-561.477424993 0.0
-560.477424993 0.0
-559.477424993 0.0
-558.477424993 0.0
-557.477424993 0.0
-556.477424993 0.0
-555.477424993 0.0
-554.477424993 0.0
-553.477424993 0.0
-552.477424993 0.0
-551.477424993 0.0
-550.477424993 0.0
-549.477424993 0.0
-548.477424993 0.0
-547.477424993 0.0
-546.477424993 0.0
-545.477424993 0.0
-544.477424993 0.0
-543.477424993 0.0
-542.477424993 0.0
-541.477424993 0.0
-540.477424993 0.0
-539.477424993 0.0
-538.477424993 0.0
-537.477424993 0.0
-536.477424993 0.0
-535.477424993 0.0
-534.477424993 0.0
-533.477424993 0.0
-532.477424993 0.0
-531.477424993 0.0
-530.477424993 0.0
-529.477424993 0.0
-528.477424993 0.0
-527.477424993 0.0
-526.477424993 0.0
-525.477424993 0.0
-524.477424993 0.0
-523.477424993 0.0
-522.477424993 0.0
-521.477424993 0.0
-520.477424993 0.0
-519.477424993 0.0
-518.477424993 0.0
-517.477424993 0.0
-516.477424993 0.0
-515.477424993 0.0
-514.477424993 0.0
-513.477424993 0.0
-512.477424993 0.0
-511.477424993 0.0
-510.477424993 0.0
-509.477424993 0.0
-508.477424993 0.0
-507.477424993 0.0
-506.477424993 0.0
-505.477424993 0.0
-504.477424993 0.0
-503.477424993 0.0
-502.477424993 0.0
-501.477424993 0.0
-500.477424993 0.0
-499.477424993 0.0
-498.477424993 0.0
-497.477424993 0.0
-496.477424993 0.0
-495.477424993 0.0
-494.477424993 0.0
-493.477424993 0.0
-492.477424993 0.0
-491.477424993 0.0
-490.477424993 0.0
-489.477424993 0.0
-488.477424993 0.0
-487.477424993 0.0
-486.477424993 0.0
-485.477424993 0.0
-484.477424993 0.0
-483.477424993 0.0
-482.477424993 0.0
-481.477424993 0.0
-480.477424993 0.0
-479.477424993 0.0
-478.477424993 0.0
-477.477424993 0.0
-476.477424993 0.0
-475.477424993 0.0
-474.477424993 0.0
-473.477424993 0.0
-472.477424993 0.0
-471.477424993 0.0
-470.477424993 0.0
-469.477424993 0.0
-468.477424993 0.0
-467.477424993 0.0
-466.477424993 0.0
-465.477424993 0.0
-464.477424993 0.0
-463.477424993 0.0
-462.477424993 0.0
-461.477424993 0.0
-460.477424993 0.0
-459.477424993 0.0
-458.477424993 0.0
-457.477424993 0.0
-456.477424993 0.0
-455.477424993 0.0
-454.477424993 0.0
-453.477424993 0.0
-452.477424993 0.0
-451.477424993 0.0
-450.477424993 0.0
-449.477424993 0.0
-448.477424993 0.0
-447.477424993 0.0
-446.477424993 0.0
-445.477424993 0.0
-444.477424993 0.0
-443.477424993 0.0
-442.477424993 0.0
-441.477424993 0.0
-440.477424993 0.0
-439.477424993 0.0
-438.477424993 0.0
-437.477424993 0.0
-436.477424993 0.0
-435.477424993 0.0
-434.477424993 0.0
-433.477424993 0.0
-432.477424993 0.0
-431.477424993 0.0
-430.477424993 0.0
-429.477424993 0.0
-428.477424993 0.0
-427.477424993 0.0
-426.477424993 0.0
-425.477424993 0.0
-424.477424993 0.0
-423.477424993 0.0
-422.477424993 0.0
-421.477424993 0.0
-420.477424993 0.0
-419.477424993 0.0
-418.477424993 0.0
-417.477424993 0.0
-416.477424993 0.0
-415.477424993 0.0
-414.477424993 0.0
-413.477424993 0.0
-412.477424993 0.0
-411.477424993 0.0
-410.477424993 0.0
-409.477424993 0.0
-408.477424993 0.0
-407.477424993 0.0
-406.477424993 0.0
-405.477424993 0.0
-404.477424993 0.0
-403.477424993 0.0
-402.477424993 0.0
-401.477424993 0.0
-400.477424993 0.0
-399.477424993 0.0
-398.477424993 0.0
-397.477424993 0.0
-396.477424993 0.0
-395.477424993 0.0
-394.477424993 0.0
-393.477424993 0.0
-392.477424993 0.0
-391.477424993 0.0
-390.477424993 0.0
-389.477424993 0.0
-388.477424993 0.0
-387.477424993 0.0
-386.477424993 0.0
-385.477424993 0.0
-384.477424993 0.0
-383.477424993 0.0
-382.477424993 0.0
-381.477424993 0.0
-380.477424993 0.0
-379.477424993 0.0
-378.477424993 0.0
-377.477424993 0.0
-376.477424993 0.0
-375.477424993 0.0
-374.477424993 0.0
-373.477424993 0.0
-372.477424993 0.0
-371.477424993 0.0
-370.477424993 0.0
-369.477424993 0.0
-368.477424993 0.0
-367.477424993 0.0
-366.477424993 0.0
-365.477424993 0.0
-364.477424993 0.0
-363.477424993 0.0
-362.477424993 0.0
-361.477424993 0.0
-360.477424993 0.0
-359.477424993 0.0
-358.477424993 0.0
-357.477424993 0.0
-356.477424993 0.0
-355.477424993 0.0
-354.477424993 0.0
-353.477424993 0.0
-352.477424993 0.0
-351.477424993 0.0
-350.477424993 0.0
-349.477424993 0.0
-348.477424993 0.0
-347.477424993 0.0
-346.477424993 0.0
-345.477424993 0.0
-344.477424993 0.0
-343.477424993 0.0
-342.477424993 0.0
-341.477424993 0.0
-340.477424993 0.0
-339.477424993 0.0
-338.477424993 0.0
-337.477424993 0.0
-336.477424993 0.0
-335.477424993 0.0
-334.477424993 0.0
-333.477424993 0.0
-332.477424993 0.0
-331.477424993 0.0
-330.477424993 0.0
-329.477424993 0.0
-328.477424993 0.0
-327.477424993 0.0
-326.477424993 0.0
-325.477424993 0.0
-324.477424993 0.0
-323.477424993 0.0
-322.477424993 0.0
-321.477424993 0.0
-320.477424993 0.0
-319.477424993 0.0
-318.477424993 0.0
-317.477424993 0.0
-316.477424993 0.0
-315.477424993 0.0
-314.477424993 0.0
-313.477424993 0.0
-312.477424993 0.0
-311.477424993 0.0
-310.477424993 0.0
-309.477424993 0.0
-308.477424993 0.0
-307.477424993 0.0
-306.477424993 0.0
-305.477424993 0.0
-304.477424993 0.0
-303.477424993 0.0
-302.477424993 0.0
-301.477424993 0.0
-300.477424993 0.0
-299.477424993 0.0
-298.477424993 0.0
-297.477424993 0.0
-296.477424993 0.0
-295.477424993 0.0
-294.477424993 0.0
-293.477424993 0.0
-292.477424993 0.0
-291.477424993 0.0
-290.477424993 0.0
-289.477424993 0.0
-288.477424993 0.0
-287.477424993 0.0
-286.477424993 0.0
-285.477424993 0.0
-284.477424993 0.0
-283.477424993 0.0
-282.477424993 0.0
-281.477424993 0.0
-280.477424993 0.0
-279.477424993 0.0
-278.477424993 0.0
-277.477424993 0.0
-276.477424993 0.0
-275.477424993 0.0
-274.477424993 0.0
-273.477424993 0.0
-272.477424993 0.0
-271.477424993 0.0
-270.477424993 0.0
-269.477424993 0.0
-268.477424993 0.0
-267.477424993 0.0
-266.477424993 0.0
-265.477424993 0.0
-264.477424993 0.0
-263.477424993 0.0
-262.477424993 0.0
-261.477424993 0.0
-260.477424993 0.0
-259.477424993 0.0
-258.477424993 0.0
-257.477424993 0.0
-256.477424993 0.0
-255.477424993 0.0
-254.477424993 0.0
-253.477424993 0.0
-252.477424993 0.0
-251.477424993 0.0
-250.477424993 0.0
-249.477424993 0.0
-248.477424993 0.0
-247.477424993 0.0
-246.477424993 0.0
-245.477424993 0.0
-244.477424993 0.0
-243.477424993 0.0
-242.477424993 0.0
-241.477424993 0.0
-240.477424993 0.0
-239.477424993 0.0
-238.477424993 0.0
-237.477424993 0.0
-236.477424993 0.0
-235.477424993 0.0
-234.477424993 0.0
-233.477424993 0.0
-232.477424993 0.0
-231.477424993 0.0
-230.477424993 0.0
-229.477424993 0.0
-228.477424993 0.0
-227.477424993 0.0
-226.477424993 0.0
-225.477424993 0.0
-224.477424993 0.0
-223.477424993 0.0
-222.477424993 0.0
-221.477424993 0.0
-220.477424993 0.0
-219.477424993 0.0
-218.477424993 0.0
-217.477424993 0.0
-216.477424993 0.0
-215.477424993 0.0
-214.477424993 0.0
-213.477424993 0.0
-212.477424993 0.0
-211.477424993 0.0
-210.477424993 0.0
-209.477424993 0.0
-208.477424993 0.0
-207.477424993 0.0
-206.477424993 0.0
-205.477424993 0.0
-204.477424993 0.0
-203.477424993 0.0
-202.477424993 0.0
-201.477424993 0.0
-200.477424993 0.0
-199.477424993 0.0
-198.477424993 0.0
-197.477424993 0.0
-196.477424993 0.0
-195.477424993 0.0
-194.477424993 0.0
-193.477424993 0.0
-192.477424993 0.0
-191.477424993 0.0
-190.477424993 0.0
-189.477424993 0.0
-188.477424993 0.0
-187.477424993 0.0
-186.477424993 0.0
-185.477424993 0.0
-184.477424993 0.0
-183.477424993 0.0
-182.477424993 0.0
-181.477424993 0.0
-180.477424993 0.0
-179.477424993 0.0
-178.477424993 0.0
-177.477424993 0.0
-176.477424993 0.0
-175.477424993 0.0
-174.477424993 0.0
-173.477424993 0.0
-172.477424993 0.0
-171.477424993 0.0
-170.477424993 0.0
-169.477424993 0.0
-168.477424993 0.0
-167.477424993 0.0
-166.477424993 0.0
-165.477424993 0.0
-164.477424993 0.0
-163.477424993 0.0
-162.477424993 0.0
-161.477424993 0.0
-160.477424993 0.0
-159.477424993 0.0
-158.477424993 0.0
-157.477424993 0.0
-156.477424993 0.0
-155.477424993 0.0
-154.477424993 0.0
-153.477424993 0.0
-152.477424993 0.0
-151.477424993 0.0
-150.477424993 0.0
-149.477424993 0.0
-148.477424993 0.0
-147.477424993 0.0
-146.477424993 0.0
-145.477424993 0.0
-144.477424993 0.0
-143.477424993 0.0
-142.477424993 0.0
-141.477424993 0.0
-140.477424993 0.0
-139.477424993 0.0
-138.477424993 0.0
-137.477424993 0.0
-136.477424993 0.0
-135.477424993 0.0
-134.477424993 0.0
-133.477424993 0.0
-132.477424993 0.0
-131.477424993 0.0
-130.477424993 0.0
-129.477424993 0.0
-128.477424993 0.0
-127.477424993 0.0
-126.477424993 0.0
-125.477424993 0.0
-124.477424993 0.0
-123.477424993 0.0
-122.477424993 0.0
-121.477424993 0.0
-120.477424993 0.0
-119.477424993 0.0
-118.477424993 0.0
-117.477424993 0.0
-116.477424993 0.0
-115.477424993 0.0
-114.477424993 0.0
-113.477424993 0.0
-112.477424993 0.0
-111.477424993 0.0
-110.477424993 0.0
-109.477424993 0.0
-108.477424993 0.0
-107.477424993 0.0
-106.477424993 0.0
-105.477424993 0.0
-104.477424993 0.0
-103.477424993 0.0
-102.477424993 0.0
-101.477424993 0.0
-100.477424993 0.0
-99.4774249927 0.0
-98.4774249927 0.0
-97.4774249927 0.0
-96.4774249927 0.0
-95.4774249927 0.0
-94.4774249927 0.0
-93.4774249927 0.0
-92.4774249927 0.0
-91.4774249927 0.0
-90.4774249927 0.0
-89.4774249927 0.0
-88.4774249927 0.0
-87.4774249927 0.0
-86.4774249927 0.0
-85.4774249927 0.0
-84.4774249927 0.0
-83.4774249927 0.0
-82.4774249927 0.0
-81.4774249927 0.0
-80.4774249927 0.0
-79.4774249927 0.0
-78.4774249927 0.0
-77.4774249927 0.0
-76.4774249927 0.0
-75.4774249927 0.0
-74.4774249927 0.0
-73.4774249927 0.0
-72.4774249927 0.0
-71.4774249927 0.0
-70.4774249927 0.0
-69.4774249927 0.000000e+00
-69.1861345762 0.000000e+00
-68.8948441596 0.000000e+00
-68.6035537431 0.000000e+00
-68.3122633265 0.000000e+00
-68.02097291 0.000000e+00
-67.7296824934 0.000000e+00
-67.4383920769 0.000000e+00
-67.1471016604 0.000000e+00
-66.8558112438 0.000000e+00
-66.5645208273 0.000000e+00
-66.2732304107 0.000000e+00
-65.9819399942 0.000000e+00
-65.6906495776 0.000000e+00
-65.3993591611 0.000000e+00
-65.1080687445 0.000000e+00
-64.816778328 0.000000e+00
-64.5254879114 0.000000e+00
-64.2341974949 0.000000e+00
-63.9429070784 0.000000e+00
-63.6516166618 0.000000e+00
-63.3603262453 0.000000e+00
-63.0690358287 0.000000e+00
-62.7777454122 0.000000e+00
-62.4864549956 0.000000e+00
-62.1951645791 0.000000e+00
-61.9038741625 0.000000e+00
-61.612583746 0.000000e+00
-61.3212933294 0.000000e+00
-61.0300029129 0.000000e+00
-60.7387124964 0.000000e+00
-60.4474220798 0.000000e+00
-60.1561316633 0.000000e+00
-59.8648412467 0.000000e+00
-59.5735508302 0.000000e+00
-59.2822604136 0.000000e+00
-58.9909699971 0.000000e+00
-58.6996795805 0.000000e+00
-58.408389164 0.000000e+00
-58.1170987475 0.000000e+00
-57.8258083309 0.000000e+00
-57.5345179144 0.000000e+00
-57.2432274978 0.000000e+00
-56.9519370813 0.000000e+00
-56.6606466647 0.000000e+00
-56.3693562482 0.000000e+00
-56.0780658316 0.000000e+00
-55.7867754151 0.000000e+00
-55.4954849985 0.000000e+00
-55.204194582 0.000000e+00
-54.9129041655 0.000000e+00
-54.6216137489 0.000000e+00
-54.3303233324 0.000000e+00
-54.0390329158 0.000000e+00
-53.7477424993 0.000000e+00
-53.4564520827 0.000000e+00
-53.1651616662 0.000000e+00
-52.8738712496 0.000000e+00
-52.5825808331 0.000000e+00
-52.2912904165 0.000000e+00
-52.0 0.000000e+00
-51.7087095835 0.000000e+00
-51.4174191669 0.000000e+00
-51.1261287504 0.000000e+00
-50.8348383338 0.000000e+00
-50.5435479173 0.000000e+00
-50.2522575007 0.000000e+00
-49.9609670842 0.000000e+00
-49.6696766676 0.000000e+00
-49.3783862511 0.000000e+00
-49.0870958345 0.000000e+00
-48.795805418 0.000000e+00
-48.5045150015 0.000000e+00
-48.2132245849 0.000000e+00
-47.9219341684 0.000000e+00
-47.6306437518 0.000000e+00
-47.3393533353 0.000000e+00
-47.0480629187 0.000000e+00
-46.7567725022 0.000000e+00
-46.4654820856 0.000000e+00
-46.1741916691 0.000000e+00
-45.8829012525 0.000000e+00
-45.591610836 0.000000e+00
-45.3003204195 0.000000e+00
-45.0090300029 0.000000e+00
-44.7177395864 0.000000e+00
-44.4264491698 0.000000e+00
-44.1351587533 0.000000e+00
-43.8438683367 0.000000e+00
-43.5525779202 0.000000e+00
-43.2612875036 0.000000e+00
-42.9699970871 0.000000e+00
-42.6787066706 0.000000e+00
-42.387416254 0.000000e+00
-42.0961258375 0.000000e+00
-41.8048354209 0.000000e+00
-41.5135450044 0.000000e+00
-41.2222545878 0.000000e+00
-40.9309641713 0.000000e+00
-40.6396737547 0.000000e+00
-40.3483833382 0.000000e+00
-40.0570929216 0.000000e+00
-39.7658025051 0.000000e+00
-39.4745120886 0.000000e+00
-39.183221672 0.000000e+00
-38.8919312555 0.000000e+00
-38.6006408389 0.000000e+00
-38.3093504224 0.000000e+00
-38.0180600058 0.000000e+00
-37.7267695893 0.000000e+00
-37.4354791727 0.000000e+00
-37.1441887562 0.000000e+00
-36.8528983396 0.000000e+00
-36.5616079231 0.000000e+00
-36.2703175066 0.000000e+00
-35.97902709 0.000000e+00
-35.6877366735 0.000000e+00
-35.3964462569 0.000000e+00
-35.1051558404 0.000000e+00
-34.8138654238 0.000000e+00
-34.5225750073 0.000000e+00
-34.2312845907 0.000000e+00
-33.9399941742 0.000000e+00
-33.6487037576 0.000000e+00
-33.3574133411 0.000000e+00
-33.0661229246 0.000000e+00
-32.774832508 0.000000e+00
-32.4835420915 0.000000e+00
-32.1922516749 0.000000e+00
-31.9009612584 0.000000e+00
-31.6096708418 0.000000e+00
-31.3183804253 0.000000e+00
-31.0270900087 0.000000e+00
-30.7357995922 0.000000e+00
-30.4445091756 0.000000e+00
-30.1532187591 0.000000e+00
-29.8619283426 0.000000e+00
-29.570637926 0.000000e+00
-29.2793475095 0.000000e+00
-28.9880570929 0.000000e+00
-28.6967666764 0.000000e+00
-28.4054762598 0.000000e+00
-28.1141858433 0.000000e+00
-27.8228954267 0.000000e+00
-27.5316050102 0.000000e+00
-27.2403145936 0.000000e+00
-26.9490241771 0.000000e+00
-26.6577337606 0.000000e+00
-26.366443344 0.000000e+00
-26.0751529275 0.000000e+00
-25.7838625109 0.000000e+00
-25.4925720944 0.000000e+00
-25.2012816778 0.000000e+00
-24.9099912613 0.000000e+00
-24.6187008447 0.000000e+00
-24.3274104282 0.000000e+00
-24.0361200117 0.000000e+00
-23.7448295951 0.000000e+00
-23.4535391786 0.000000e+00
-23.162248762 0.000000e+00
-22.8709583455 0.000000e+00
-22.5796679289 0.000000e+00
-22.2883775124 0.000000e+00
-21.9970870958 0.000000e+00
-21.7057966793 0.000000e+00
-21.4145062627 0.000000e+00
-21.1232158462 0.000000e+00
-20.8319254297 0.000000e+00
-20.5406350131 0.000000e+00
-20.2493445966 0.000000e+00
-19.95805418 0.000000e+00
-19.6667637635 0.000000e+00
-19.3754733469 0.000000e+00
-19.0841829304 0.000000e+00
-18.7928925138 0.000000e+00
-18.5016020973 0.000000e+00
-18.2103116807 0.000000e+00
-17.9190212642 0.000000e+00
-17.6277308477 0.000000e+00
-17.3364404311 0.000000e+00
-17.0451500146 0.000000e+00
-16.753859598 0.000000e+00
-16.4625691815 0.000000e+00
-16.1712787649 0.000000e+00
-15.8799883484 0.000000e+00
-15.5886979318 0.000000e+00
-15.2974075153 0.000000e+00
-15.0061170987 0.000000e+00
-14.7148266822 0.000000e+00
-14.4235362657 0.000000e+00
-14.1322458491 0.000000e+00
-13.8409554326 0.000000e+00
-13.549665016 0.000000e+00
-13.2583745995 0.000000e+00
-12.9670841829 0.000000e+00
-12.6757937664 0.000000e+00
-12.3845033498 0.000000e+00
-12.0932129333 0.000000e+00
-11.8019225167 0.000000e+00
-11.5106321002 0.000000e+00
-11.2193416837 0.000000e+00
-10.9280512671 0.000000e+00
-10.6367608506 0.000000e+00
-10.345470434 0.000000e+00
-10.0541800175 0.000000e+00
-9.76288960093 0.000000e+00
-9.47159918439 0.000000e+00
-9.18030876784 0.000000e+00
-8.8890183513 0.000000e+00
-8.59772793475 0.000000e+00
-8.30643751821 0.000000e+00
-8.01514710166 0.000000e+00
-7.72385668512 0.000000e+00
-7.43256626857 0.000000e+00
-7.14127585202 0.000000e+00
-6.84998543548 0.000000e+00
-6.55869501893 0.000000e+00
-6.26740460239 0.000000e+00
-5.97611418584 0.000000e+00
-5.6848237693 0.000000e+00
-5.39353335275 0.000000e+00
-5.10224293621 0.000000e+00
-4.81095251966 0.000000e+00
-4.51966210312 0.000000e+00
-4.22837168657 0.000000e+00
-3.93708127003 0.000000e+00
-3.64579085348 0.000000e+00
-3.35450043694 0.000000e+00
-3.06321002039 0.000000e+00
-2.77191960385 0.000000e+00
-2.4806291873 0.000000e+00
-2.18933877075 0.000000e+00
-1.89804835421 0.000000e+00
-1.60675793766 0.000000e+00
-1.31546752112 0.000000e+00
-1.02417710457 0.000000e+00
-0.732886688028 0.000000e+00
-0.441596271483 0.000000e+00
-0.150305854937 0.000000e+00
0.140984561608 3.282486e-01
0.432274978153 9.155184e-01
0.723565394699 1.000000e+00
1.01485581124 7.364142e-01
1.30614622779 2.983286e-01
1.59743664433 3.210467e-01
1.88872706088 2.768240e-01
2.18001747742 1.534640e-01
2.47130789397 9.591466e-02
2.76259831052 0.000000e+00
3.05388872706 0.000000e+00
3.34517914361 0.000000e+00
3.63646956015 0.000000e+00
3.9277599767 1.359008e-01
4.21905039324 3.724333e-01
4.51034080979 5.359636e-01
4.80163122633 5.004563e-01
5.09292164288 4.529928e-01
5.38421205942 1.871152e-01
5.67550247597 1.413356e-01
5.96679289251 1.642063e-01
6.25808330906 6.754959e-02
6.5493737256 6.898855e-02
6.84066414215 7.255238e-02
7.1319545587 0.000000e+00
7.42324497524 0.000000e+00
7.71453539179 0.000000e+00
8.00582580833 0.000000e+00
8.29711622488 0.000000e+00
8.58840664142 0.000000e+00
8.87969705797 0.000000e+00
9.17098747451 0.000000e+00
9.46227789106 0.000000e+00
9.7535683076 0.000000e+00
10.0448587241 0.000000e+00
10.3361491407 0.000000e+00
10.6274395572 0.000000e+00
10.9187299738 0.000000e+00
11.2100203903 0.000000e+00
11.5013108069 0.000000e+00
11.7926012234 0.000000e+00
12.08389164 0.000000e+00
12.3751820565 0.000000e+00
12.6664724731 0.000000e+00
12.9577628896 2.318330e-01
13.2490533061 1.740430e-01
13.5403437227 2.229198e-01
13.8316341392 3.213064e-01
14.1229245558 1.699346e-01
14.4142149723 7.170705e-02
14.7055053889 0.000000e+00
14.9967958054 0.000000e+00
15.288086222 0.000000e+00
15.5793766385 0.000000e+00
15.8706670551 0.000000e+00
16.1619574716 0.000000e+00
16.4532478881 0.000000e+00
16.7445383047 0.000000e+00
17.0358287212 0.000000e+00
17.3271191378 0.000000e+00
17.6184095543 0.000000e+00
17.9096999709 0.000000e+00
18.2009903874 0.000000e+00
18.492280804 0.000000e+00
18.7835712205 0.000000e+00
19.0748616371 0.000000e+00
19.3661520536 0.000000e+00
19.6574424701 0.000000e+00
19.9487328867 0.000000e+00
20.2400233032 0.000000e+00
20.5313137198 0.000000e+00
20.8226041363 0.000000e+00
21.1138945529 0.000000e+00
21.4051849694 0.000000e+00
21.696475386 0.000000e+00
21.9877658025 0.000000e+00
22.2790562191 0.000000e+00
22.5703466356 0.000000e+00
22.8616370521 0.000000e+00
23.1529274687 0.000000e+00
23.4442178852 0.000000e+00
23.7355083018 0.000000e+00
24.0267987183 0.000000e+00
24.3180891349 0.000000e+00
24.6093795514 0.000000e+00
24.900669968 0.000000e+00
25.1919603845 0.000000e+00
25.483250801 0.000000e+00
25.7745412176 0.000000e+00
26.0658316341 0.000000e+00
26.3571220507 0.000000e+00
26.6484124672 0.000000e+00
26.9397028838 0.000000e+00
27.2309933003 0.000000e+00
27.5222837169 0.000000e+00
27.8135741334 0.000000e+00
28.10486455 0.000000e+00
28.3961549665 0.000000e+00
28.687445383 0.000000e+00
28.9787357996 0.000000e+00
29.2700262161 0.000000e+00
29.5613166327 0.000000e+00
29.8526070492 0.000000e+00
30.1438974658 0.000000e+00
30.4351878823 0.000000e+00
30.7264782989 0.000000e+00
31.0177687154 0.000000e+00
31.309059132 0.000000e+00
31.6003495485 0.000000e+00
31.891639965 0.000000e+00
32.1829303816 0.000000e+00
32.4742207981 0.000000e+00
32.7655112147 0.000000e+00
33.0568016312 0.000000e+00
33.3480920478 0.000000e+00
33.6393824643 0.000000e+00
33.9306728809 0.000000e+00
34.2219632974 0.000000e+00
34.513253714 0.000000e+00
34.8045441305 0.000000e+00
35.095834547 0.000000e+00
35.3871249636 0.000000e+00
35.6784153801 0.000000e+00
35.9697057967 0.000000e+00
36.2609962132 0.000000e+00
36.5522866298 0.000000e+00
36.8435770463 0.000000e+00
37.1348674629 0.000000e+00
37.4261578794 0.000000e+00
37.717448296 0.000000e+00
38.0087387125 0.000000e+00
38.300029129 0.000000e+00
38.5913195456 0.000000e+00
38.8826099621 0.000000e+00
39.1739003787 0.000000e+00
39.4651907952 0.000000e+00
39.7564812118 0.000000e+00
40.0477716283 0.000000e+00
40.3390620449 0.000000e+00
40.6303524614 0.000000e+00
40.9216428779 0.000000e+00
41.2129332945 0.000000e+00
41.504223711 0.000000e+00
41.7955141276 0.000000e+00
42.0868045441 0.000000e+00
42.3780949607 0.000000e+00
42.6693853772 0.000000e+00
42.9606757938 0.000000e+00
43.2519662103 0.000000e+00
43.5432566269 0.000000e+00
43.8345470434 0.000000e+00
44.1258374599 0.000000e+00
44.4171278765 0.000000e+00
44.708418293 0.000000e+00
44.9997087096 0.000000e+00
45.2909991261 0.000000e+00
45.5822895427 0.000000e+00
45.8735799592 0.000000e+00
46.1648703758 0.000000e+00
46.4561607923 0.000000e+00
46.7474512089 0.000000e+00
47.0387416254 0.000000e+00
47.3300320419 0.000000e+00
47.6213224585 0.000000e+00
47.912612875 0.000000e+00
48.2039032916 0.000000e+00
48.4951937081 0.000000e+00
48.7864841247 0.000000e+00
49.0777745412 0.000000e+00
49.3690649578 0.000000e+00
49.6603553743 0.000000e+00
49.9516457909 0.000000e+00
50.2429362074 0.000000e+00
50.5342266239 0.000000e+00
50.8255170405 0.000000e+00
51.116807457 0.000000e+00
51.4080978736 0.000000e+00
51.6993882901 0.000000e+00
51.9906787067 0.000000e+00
52.2819691232 0.000000e+00
52.5732595398 0.000000e+00
52.8645499563 0.000000e+00
53.1558403729 0.000000e+00
53.4471307894 0.000000e+00
53.7384212059 0.000000e+00
54.0297116225 0.000000e+00
54.321002039 0.000000e+00
54.6122924556 0.000000e+00
54.9035828721 0.000000e+00
55.1948732887 0.000000e+00
55.4861637052 0.000000e+00
55.7774541218 0.000000e+00
56.0687445383 0.000000e+00
56.3600349548 0.000000e+00
56.6513253714 0.000000e+00
56.9426157879 0.000000e+00
57.2339062045 0.000000e+00
57.525196621 0.000000e+00
57.8164870376 0.000000e+00
58.1077774541 0.000000e+00
58.3990678707 0.000000e+00
58.6903582872 0.000000e+00
58.9816487038 0.000000e+00
59.2729391203 0.000000e+00
59.5642295368 0.000000e+00
59.8555199534 0.000000e+00
60.1468103699 0.000000e+00
60.4381007865 0.000000e+00
60.729391203 0.000000e+00
61.0206816196 0.000000e+00
61.3119720361 0.000000e+00
61.6032624527 0.000000e+00
61.8945528692 0.000000e+00
62.1858432858 0.000000e+00
62.4771337023 0.000000e+00
62.7684241188 0.000000e+00
63.0597145354 0.000000e+00
63.3510049519 0.000000e+00
63.6422953685 0.000000e+00
63.933585785 0.000000e+00
64.2248762016 0.000000e+00
64.5161666181 0.000000e+00
64.8074570347 0.000000e+00
65.0987474512 0.000000e+00
65.3900378678 0.000000e+00
65.6813282843 0.000000e+00
65.9726187008 0.000000e+00
66.2639091174 0.000000e+00
66.5551995339 0.000000e+00
66.8464899505 0.000000e+00
67.137780367 0.000000e+00
67.4290707836 0.000000e+00
67.7203612001 0.000000e+00
68.0116516167 0.000000e+00
68.3029420332 0.000000e+00
68.5942324498 0.000000e+00
68.8855228663 0.000000e+00
69.1768132828 0.000000e+00
69.4681036994 0.000000e+00
69.7593941159 0.000000e+00
70.0506845325 0.000000e+00
70.341974949 0.000000e+00
70.6332653656 0.000000e+00
70.9245557821 0.000000e+00
71.2158461987 0.000000e+00
71.5071366152 0.000000e+00
71.7984270318 0.000000e+00
72.0897174483 0.000000e+00
72.3810078648 0.000000e+00
72.6722982814 0.000000e+00
72.9635886979 0.000000e+00
73.2548791145 0.000000e+00
73.546169531 0.000000e+00
73.8374599476 0.000000e+00
74.1287503641 0.000000e+00
74.4200407807 0.000000e+00
74.7113311972 0.000000e+00
75.0026216137 0.000000e+00
75.2939120303 0.000000e+00
75.5852024468 0.000000e+00
75.8764928634 0.000000e+00
76.1677832799 0.000000e+00
76.4590736965 0.000000e+00
76.750364113 0.000000e+00
77.0416545296 0.000000e+00
77.3329449461 0.000000e+00
77.6242353627 0.000000e+00
77.9155257792 0.000000e+00
78.2068161957 0.000000e+00
78.4981066123 0.000000e+00
78.7893970288 0.000000e+00
79.0806874454 0.000000e+00
79.3719778619 0.000000e+00
79.6632682785 0.000000e+00
79.954558695 0.000000e+00
80.2458491116 0.000000e+00
80.5371395281 0.000000e+00
80.8284299447 0.000000e+00
81.1197203612 0.000000e+00
81.4110107777 0.000000e+00
81.7023011943 0.000000e+00
81.9935916108 0.000000e+00
82.2848820274 0.000000e+00
82.5761724439 0.000000e+00
82.8674628605 0.000000e+00
83.158753277 0.000000e+00
83.4500436936 0.000000e+00
83.7413341101 0.000000e+00
84.0326245267 0.000000e+00
84.3239149432 0.000000e+00
84.6152053597 0.000000e+00
84.9064957763 0.000000e+00
85.1977861928 0.000000e+00
85.4890766094 0.000000e+00
85.7803670259 0.000000e+00
86.0716574425 0.000000e+00
86.362947859 0.000000e+00
86.6542382756 0.000000e+00
86.9455286921 0.000000e+00
87.2368191087 0.000000e+00
87.5281095252 0.000000e+00
87.8193999417 0.000000e+00
88.1106903583 0.000000e+00
88.4019807748 0.000000e+00
88.6932711914 0.000000e+00
88.9845616079 0.000000e+00
89.2758520245 0.000000e+00
89.567142441 0.000000e+00
89.8584328576 0.000000e+00
90.1497232741 0.000000e+00
90.4410136906 0.000000e+00
90.7323041072 0.000000e+00
91.0235945237 0.000000e+00
91.3148849403 0.000000e+00
91.6061753568 0.000000e+00
91.8974657734 0.000000e+00
92.1887561899 0.000000e+00
92.4800466065 0.000000e+00
92.771337023 0.000000e+00
93.0626274396 0.000000e+00
93.3539178561 0.000000e+00
93.6452082726 0.000000e+00
93.9364986892 0.000000e+00
94.2277891057 0.000000e+00
94.5190795223 0.000000e+00
94.8103699388 0.000000e+00
95.1016603554 0.000000e+00
95.3929507719 0.000000e+00
95.6842411885 0.000000e+00
95.975531605 0.000000e+00
96.2668220216 0.000000e+00
96.5581124381 0.000000e+00
96.8494028546 0.000000e+00
97.1406932712 0.000000e+00
97.4319836877 0.000000e+00
97.7232741043 0.000000e+00
98.0145645208 0.000000e+00
98.3058549374 0.000000e+00
98.5971453539 0.000000e+00
98.8884357705 0.000000e+00
99.179726187 0.000000e+00
99.4710166036 0.000000e+00
99.7623070201 0.000000e+00
100.053597437 0.000000e+00
100.344887853 0.000000e+00
100.63617827 0.000000e+00
100.927468686 0.000000e+00
101.218759103 0.000000e+00
101.510049519 0.000000e+00
101.801339936 0.000000e+00
102.092630352 0.000000e+00
102.383920769 0.000000e+00
102.675211186 0.000000e+00
102.966501602 0.000000e+00
103.257792019 0.000000e+00
103.549082435 0.000000e+00
103.840372852 0.000000e+00
104.131663268 0.000000e+00
104.422953685 0.000000e+00
104.714244101 0.000000e+00
105.005534518 0.000000e+00
105.296824934 0.000000e+00
105.588115351 0.000000e+00
105.879405768 0.000000e+00
106.170696184 0.000000e+00
106.461986601 0.000000e+00
106.753277017 0.000000e+00
107.044567434 0.000000e+00
107.33585785 0.000000e+00
107.627148267 0.000000e+00
107.918438683 0.000000e+00
108.2097291 0.000000e+00
108.501019516 0.000000e+00
108.792309933 0.000000e+00
109.08360035 0.000000e+00
109.374890766 0.000000e+00
109.666181183 0.000000e+00
109.957471599 0.000000e+00
110.248762016 0.000000e+00
110.540052432 0.000000e+00
110.831342849 0.000000e+00
111.122633265 0.000000e+00
111.413923682 0.000000e+00
111.705214098 0.000000e+00
111.996504515 0.000000e+00
112.287794932 0.000000e+00
112.579085348 0.000000e+00
112.870375765 0.000000e+00
113.161666181 0.000000e+00
113.452956598 0.000000e+00
113.744247014 0.000000e+00
114.035537431 0.000000e+00
114.326827847 0.000000e+00
114.618118264 0.000000e+00
114.90940868 0.000000e+00
115.200699097 0.000000e+00
115.491989514 0.000000e+00
115.78327993 0.000000e+00
116.074570347 0.000000e+00
116.365860763 0.000000e+00
116.65715118 0.000000e+00
116.948441596 0.000000e+00
117.239732013 0.000000e+00
117.531022429 0.000000e+00
117.822312846 0.000000e+00
118.113603262 0.000000e+00
118.404893679 0.000000e+00
118.696184096 0.000000e+00
118.987474512 0.000000e+00
119.278764929 0.000000e+00
119.570055345 0.000000e+00
119.861345762 0.000000e+00
120.152636178 0.000000e+00
120.443926595 0.000000e+00
120.735217011 0.000000e+00
121.026507428 0.000000e+00
121.317797844 0.000000e+00
121.609088261 0.000000e+00
121.900378678 0.000000e+00
122.191669094 0.000000e+00
122.482959511 0.000000e+00
122.774249927 0.000000e+00
123.065540344 0.000000e+00
123.35683076 0.000000e+00
123.648121177 0.000000e+00
123.939411593 0.000000e+00
124.23070201 0.000000e+00
124.521992426 0.000000e+00
124.813282843 0.000000e+00
125.10457326 0.000000e+00
125.395863676 0.000000e+00
125.687154093 0.000000e+00
125.978444509 0.000000e+00
126.269734926 0.000000e+00
126.561025342 0.000000e+00
126.852315759 0.000000e+00
127.143606175 0.000000e+00
127.434896592 0.000000e+00
127.726187008 0.000000e+00
128.017477425 0.000000e+00
128.308767842 0.000000e+00
128.600058258 0.000000e+00
128.891348675 0.000000e+00
129.182639091 0.000000e+00
129.473929508 0.000000e+00
129.765219924 0.000000e+00
130.056510341 0.000000e+00
130.347800757 0.000000e+00
130.639091174 0.000000e+00
130.93038159 0.000000e+00
131.221672007 0.000000e+00
131.512962424 0.000000e+00
131.80425284 0.000000e+00
132.095543257 0.000000e+00
132.386833673 0.000000e+00
132.67812409 0.000000e+00
132.969414506 0.000000e+00
133.260704923 0.000000e+00
133.551995339 0.000000e+00
133.843285756 0.000000e+00
134.134576172 0.000000e+00
134.425866589 0.000000e+00
134.717157006 0.000000e+00
135.008447422 0.000000e+00
135.299737839 0.000000e+00
135.591028255 0.000000e+00
135.882318672 0.000000e+00
136.173609088 0.000000e+00
136.464899505 0.000000e+00
136.756189921 0.000000e+00
137.047480338 0.000000e+00
137.338770754 0.000000e+00
137.630061171 0.000000e+00
137.921351588 0.000000e+00
138.212642004 0.000000e+00
138.503932421 0.000000e+00
138.795222837 0.000000e+00
139.086513254 0.000000e+00
139.37780367 0.000000e+00
139.669094087 0.000000e+00
139.960384503 0.000000e+00
140.25167492 0.000000e+00
140.542965336 0.000000e+00
140.834255753 0.000000e+00
141.12554617 0.000000e+00
141.416836586 0.000000e+00
141.708127003 0.000000e+00
141.999417419 0.000000e+00
142.290707836 0.000000e+00
142.581998252 0.000000e+00
142.873288669 0.000000e+00
143.164579085 0.000000e+00
143.455869502 0.000000e+00
143.747159918 0.000000e+00
144.038450335 0.000000e+00
144.329740752 0.000000e+00
144.621031168 0.000000e+00
144.912321585 0.000000e+00
145.203612001 0.000000e+00
145.494902418 0.000000e+00
145.786192834 0.000000e+00
146.077483251 0.000000e+00
146.368773667 0.000000e+00
146.660064084 0.000000e+00
146.9513545 0.000000e+00
147.242644917 0.000000e+00
147.533935334 0.000000e+00
147.82522575 0.000000e+00
148.116516167 0.000000e+00
148.407806583 0.000000e+00
148.699097 0.000000e+00
148.990387416 0.000000e+00
149.281677833 0.000000e+00
149.572968249 0.000000e+00
149.864258666 0.000000e+00
150.155549082 0.000000e+00
150.446839499 0.000000e+00
150.738129916 0.000000e+00
151.029420332 0.000000e+00
151.320710749 0.000000e+00
151.612001165 0.000000e+00
151.903291582 0.000000e+00
152.194581998 0.000000e+00
152.485872415 0.000000e+00
152.777162831 0.000000e+00
153.068453248 0.000000e+00
153.359743664 0.000000e+00
153.651034081 0.000000e+00
153.942324498 0.000000e+00
154.233614914 0.000000e+00
154.524905331 0.000000e+00
154.816195747 0.000000e+00
155.107486164 0.000000e+00
155.39877658 0.000000e+00
155.690066997 0.000000e+00
155.981357413 0.000000e+00
156.27264783 0.000000e+00
156.563938246 0.000000e+00
156.855228663 0.000000e+00
157.14651908 0.000000e+00
157.437809496 0.000000e+00
157.729099913 0.000000e+00
158.020390329 0.000000e+00
158.311680746 0.000000e+00
158.602971162 0.000000e+00
158.894261579 0.000000e+00
159.185551995 0.000000e+00
159.476842412 0.000000e+00
159.768132828 0.000000e+00
160.059423245 0.000000e+00
160.350713662 0.000000e+00
160.642004078 0.000000e+00
160.933294495 0.000000e+00
161.224584911 0.000000e+00
161.515875328 0.000000e+00
161.807165744 0.000000e+00
162.098456161 0.000000e+00
162.389746577 0.000000e+00
162.681036994 0.000000e+00
162.97232741 0.000000e+00
163.263617827 0.000000e+00
163.554908244 0.000000e+00
163.84619866 0.000000e+00
164.137489077 0.000000e+00
164.428779493 0.000000e+00
164.72006991 0.000000e+00
165.011360326 0.000000e+00
165.302650743 0.000000e+00
165.593941159 0.000000e+00
165.885231576 0.000000e+00
166.176521992 0.000000e+00
166.467812409 0.000000e+00
166.759102826 0.000000e+00
167.050393242 0.000000e+00
167.341683659 0.000000e+00
167.632974075 0.000000e+00
167.924264492 0.000000e+00
168.215554908 0.000000e+00
168.506845325 0.000000e+00
168.798135741 0.000000e+00
169.089426158 0.000000e+00
169.380716574 0.000000e+00
169.672006991 0.000000e+00
169.963297408 0.000000e+00
170.254587824 0.000000e+00
170.545878241 0.000000e+00
170.837168657 0.000000e+00
171.128459074 0.000000e+00
171.41974949 0.000000e+00
171.711039907 0.000000e+00
172.002330323 0.000000e+00
172.29362074 0.000000e+00
172.584911156 0.000000e+00
172.876201573 0.000000e+00
173.16749199 0.000000e+00
173.458782406 0.000000e+00
173.750072823 0.000000e+00
174.041363239 0.000000e+00
174.332653656 0.000000e+00
174.623944072 0.000000e+00
174.915234489 0.000000e+00
175.206524905 0.000000e+00
175.497815322 0.000000e+00
175.789105738 0.000000e+00
176.080396155 0.000000e+00
176.371686572 0.000000e+00
176.662976988 0.000000e+00
176.954267405 0.000000e+00
177.245557821 0.000000e+00
177.536848238 0.000000e+00
177.828138654 0.000000e+00
178.119429071 0.000000e+00
178.410719487 0.000000e+00
178.702009904 0.000000e+00
178.99330032 0.000000e+00
179.284590737 0.000000e+00
179.575881154 0.000000e+00
179.86717157 0.000000e+00
180.158461987 0.000000e+00
180.449752403 0.000000e+00
180.74104282 0.000000e+00
181.032333236 0.000000e+00
181.323623653 0.000000e+00
181.614914069 0.000000e+00
181.906204486 0.000000e+00
182.197494902 0.000000e+00
182.488785319 0.000000e+00
182.780075736 0.000000e+00
183.071366152 0.000000e+00
183.362656569 0.000000e+00
183.653946985 0.000000e+00
183.945237402 0.000000e+00
184.236527818 0.000000e+00
184.527818235 0.000000e+00
184.819108651 0.000000e+00
185.110399068 0.000000e+00
185.401689484 0.000000e+00
185.692979901 0.000000e+00
185.984270318 0.000000e+00
186.275560734 0.000000e+00
186.566851151 0.000000e+00
186.858141567 0.000000e+00
187.149431984 0.000000e+00
187.4407224 0.000000e+00
187.732012817 0.000000e+00
188.023303233 0.000000e+00
188.31459365 0.000000e+00
188.605884066 0.000000e+00
188.897174483 0.000000e+00
189.1884649 0.000000e+00
189.479755316 0.000000e+00
189.771045733 0.000000e+00
190.062336149 0.000000e+00
190.353626566 0.000000e+00
190.644916982 0.000000e+00
190.936207399 0.000000e+00
191.227497815 0.000000e+00
191.518788232 0.000000e+00
191.810078648 0.000000e+00
192.101369065 0.000000e+00
192.392659482 0.000000e+00
192.683949898 0.000000e+00
192.975240315 0.000000e+00
193.266530731 0.000000e+00
193.557821148 0.000000e+00
193.849111564 0.000000e+00
194.140401981 0.000000e+00
194.431692397 0.000000e+00
194.722982814 0.000000e+00
195.01427323 0.000000e+00
195.305563647 0.000000e+00
195.596854064 0.000000e+00
195.88814448 0.000000e+00
196.179434897 0.000000e+00
196.470725313 0.000000e+00
196.76201573 0.000000e+00
197.053306146 0.000000e+00
197.344596563 0.000000e+00
197.635886979 0.000000e+00
197.927177396 0.000000e+00
198.218467812 0.000000e+00
198.509758229 0.000000e+00
198.801048645 0.000000e+00
199.092339062 0.000000e+00
199.383629479 0.000000e+00
199.674919895 0.000000e+00
199.966210312 0.000000e+00
200.257500728 0.000000e+00
200.548791145 0.000000e+00
200.840081561 0.000000e+00
201.131371978 0.000000e+00
201.422662394 0.000000e+00
201.713952811 0.000000e+00
202.005243227 0.000000e+00
202.296533644 0.000000e+00
202.587824061 0.000000e+00
202.879114477 0.000000e+00
203.170404894 0.000000e+00
203.46169531 0.000000e+00
203.752985727 0.000000e+00
204.044276143 0.000000e+00
204.33556656 0.000000e+00
204.626856976 0.000000e+00
204.918147393 0.000000e+00
205.209437809 0.000000e+00
205.500728226 0.000000e+00
205.792018643 0.000000e+00
206.083309059 0.000000e+00
206.374599476 0.000000e+00
206.665889892 0.000000e+00
206.957180309 0.000000e+00
207.248470725 0.000000e+00
207.539761142 0.000000e+00
207.831051558 0.000000e+00
208.122341975 0.000000e+00
208.413632391 0.000000e+00
208.704922808 0.000000e+00
208.996213225 0.000000e+00
209.287503641 0.000000e+00
209.578794058 0.000000e+00
209.870084474 0.000000e+00
210.161374891 0.000000e+00
210.452665307 0.000000e+00
210.743955724 0.000000e+00
211.03524614 0.000000e+00
211.326536557 0.000000e+00
211.617826973 0.000000e+00
211.90911739 0.000000e+00
212.200407807 0.000000e+00
212.491698223 0.000000e+00
212.78298864 0.000000e+00
213.074279056 0.000000e+00
213.365569473 0.000000e+00
213.656859889 0.000000e+00
213.948150306 0.000000e+00
214.239440722 0.000000e+00
214.530731139 0.000000e+00
214.822021555 0.000000e+00
215.113311972 0.000000e+00
215.404602389 0.000000e+00
215.695892805 0.000000e+00
215.987183222 0.000000e+00
216.278473638 0.000000e+00
216.569764055 0.000000e+00
216.861054471 0.000000e+00
217.152344888 0.000000e+00
217.443635304 0.000000e+00
217.734925721 0.000000e+00
218.026216137 0.000000e+00
218.317506554 0.000000e+00
218.608796971 0.000000e+00
218.900087387 0.000000e+00
219.191377804 0.000000e+00
219.48266822 0.000000e+00
219.773958637 0.000000e+00
220.065249053 0.000000e+00
220.35653947 0.000000e+00
220.647829886 0.000000e+00
220.939120303 0.000000e+00
221.230410719 0.000000e+00
221.521701136 0.000000e+00
221.812991553 0.000000e+00
222.104281969 0.000000e+00
222.395572386 0.000000e+00
222.686862802 0.000000e+00
222.978153219 0.000000e+00
223.269443635 0.000000e+00
223.560734052 0.000000e+00
223.852024468 0.000000e+00
224.143314885 0.000000e+00
224.434605301 0.000000e+00
224.725895718 0.000000e+00
225.017186135 0.000000e+00
225.308476551 0.000000e+00
225.599766968 0.000000e+00
225.891057384 0.000000e+00
226.182347801 0.000000e+00
226.473638217 0.000000e+00
226.764928634 0.000000e+00
227.05621905 0.000000e+00
227.347509467 0.000000e+00
227.638799883 0.000000e+00
227.9300903 0.000000e+00
228.221380717 0.000000e+00
228.512671133 0.000000e+00
228.80396155 0.000000e+00
229.095251966 0.000000e+00
229.386542383 0.000000e+00
229.677832799 0.000000e+00
229.969123216 0.000000e+00
230.260413632 0.000000e+00
230.551704049 0.000000e+00
230.842994465 0.000000e+00
231.134284882 0.000000e+00
231.425575299 0.000000e+00
231.716865715 0.000000e+00
232.008156132 0.000000e+00
232.299446548 0.000000e+00
232.590736965 0.000000e+00
232.882027381 0.000000e+00
233.173317798 0.000000e+00
233.464608214 0.000000e+00
233.755898631 0.000000e+00
234.047189047 0.000000e+00
234.338479464 0.000000e+00
234.629769881 0.000000e+00
234.921060297 0.000000e+00
235.212350714 0.000000e+00
235.50364113 0.000000e+00
235.794931547 0.000000e+00
236.086221963 0.000000e+00
236.37751238 0.000000e+00
236.668802796 0.000000e+00
236.960093213 0.000000e+00
237.251383629 0.000000e+00
237.542674046 0.000000e+00
237.833964463 0.000000e+00
238.125254879 0.000000e+00
238.416545296 0.000000e+00
238.707835712 0.000000e+00
238.999126129 0.000000e+00
239.290416545 0.000000e+00
239.581706962 0.000000e+00
239.872997378 0.000000e+00
240.164287795 0.000000e+00
240.455578211 0.000000e+00
240.746868628 0.000000e+00
241.038159045 0.000000e+00
241.329449461 0.000000e+00
241.620739878 0.000000e+00
241.912030294 0.000000e+00
242.203320711 0.000000e+00
242.494611127 0.000000e+00
242.785901544 0.000000e+00
243.07719196 0.000000e+00
243.368482377 0.000000e+00
243.659772793 0.000000e+00
243.95106321 0.000000e+00
244.242353627 0.000000e+00
244.533644043 0.000000e+00
244.82493446 0.000000e+00
245.116224876 0.000000e+00
245.407515293 0.000000e+00
245.698805709 0.000000e+00
245.990096126 0.000000e+00
246.281386542 0.000000e+00
246.572676959 0.000000e+00
246.863967375 0.000000e+00
247.155257792 0.000000e+00
247.446548209 0.000000e+00
247.737838625 0.000000e+00
248.029129042 0.000000e+00
248.320419458 0.000000e+00
248.611709875 0.000000e+00
248.903000291 0.000000e+00
249.194290708 0.000000e+00
249.485581124 0.000000e+00
249.776871541 0.000000e+00
250.068161957 0.000000e+00
250.359452374 0.000000e+00
250.650742791 0.000000e+00
250.942033207 0.000000e+00
251.233323624 0.000000e+00
251.52461404 0.000000e+00
251.815904457 0.000000e+00
252.107194873 0.000000e+00
252.39848529 0.000000e+00
252.689775706 0.000000e+00
252.981066123 0.000000e+00
253.272356539 0.000000e+00
253.563646956 0.000000e+00
253.854937373 0.000000e+00
254.146227789 0.000000e+00
254.437518206 0.000000e+00
254.728808622 0.000000e+00
255.020099039 0.000000e+00
255.311389455 0.000000e+00
255.602679872 0.000000e+00
255.893970288 0.000000e+00
256.185260705 0.000000e+00
256.476551121 0.000000e+00
256.767841538 0.000000e+00
257.059131955 0.000000e+00
257.350422371 0.000000e+00
257.641712788 0.000000e+00
257.933003204 0.000000e+00
258.224293621 0.000000e+00
258.515584037 0.000000e+00
258.806874454 0.000000e+00
259.09816487 0.000000e+00
259.389455287 0.000000e+00
259.680745703 0.000000e+00
259.97203612 0.000000e+00
260.263326537 0.000000e+00
260.554616953 0.000000e+00
260.84590737 0.000000e+00
261.137197786 0.000000e+00
261.428488203 0.000000e+00
261.719778619 0.000000e+00
262.011069036 0.000000e+00
262.302359452 0.000000e+00
262.593649869 0.000000e+00
262.884940285 0.000000e+00
263.176230702 0.000000e+00
263.467521119 0.000000e+00
263.758811535 0.000000e+00
264.050101952 0.000000e+00
264.341392368 0.000000e+00
264.632682785 0.000000e+00
264.923973201 0.000000e+00
265.215263618 0.000000e+00
265.506554034 0.000000e+00
265.797844451 0.000000e+00
266.089134867 0.000000e+00
266.380425284 0.000000e+00
266.671715701 0.000000e+00
266.963006117 0.000000e+00
267.254296534 0.000000e+00
267.54558695 0.000000e+00
267.836877367 0.000000e+00
268.128167783 0.000000e+00
268.4194582 0.000000e+00
268.710748616 0.000000e+00
269.002039033 0.000000e+00
269.293329449 0.000000e+00
269.584619866 0.000000e+00
269.875910283 0.000000e+00
270.167200699 0.000000e+00
270.458491116 0.000000e+00
270.749781532 0.000000e+00
271.041071949 0.000000e+00
271.332362365 0.000000e+00
271.623652782 0.000000e+00
271.914943198 0.000000e+00
272.206233615 0.000000e+00
272.497524031 0.000000e+00
272.788814448 0.000000e+00
273.080104865 0.000000e+00
273.371395281 0.000000e+00
273.662685698 0.000000e+00
273.953976114 0.000000e+00
274.245266531 0.000000e+00
274.536556947 0.000000e+00
274.827847364 0.000000e+00
275.11913778 0.000000e+00
275.410428197 0.000000e+00
275.701718613 0.000000e+00
275.99300903 0.000000e+00
276.284299447 0.000000e+00
276.575589863 0.000000e+00
276.86688028 0.000000e+00
277.158170696 0.000000e+00
277.449461113 0.000000e+00
277.740751529 0.000000e+00
278.032041946 0.000000e+00
278.323332362 0.000000e+00
278.614622779 0.000000e+00
278.905913195 0.000000e+00
279.197203612 0.000000e+00
279.488494029 0.000000e+00
279.779784445 0.000000e+00
280.071074862 0.000000e+00
280.362365278 0.000000e+00
281.362365278 0.0
282.362365278 0.0
283.362365278 0.0
284.362365278 0.0
285.362365278 0.0
286.362365278 0.0
287.362365278 0.0
288.362365278 0.0
289.362365278 0.0
290.362365278 0.0
291.362365278 0.0
292.362365278 0.0
293.362365278 0.0
294.362365278 0.0
295.362365278 0.0
296.362365278 0.0
297.362365278 0.0
298.362365278 0.0
299.362365278 0.0
300.362365278 0.0
301.362365278 0.0
302.362365278 0.0
303.362365278 0.0
304.362365278 0.0
305.362365278 0.0
306.362365278 0.0
307.362365278 0.0
308.362365278 0.0
309.362365278 0.0
310.362365278 0.0
311.362365278 0.0
312.362365278 0.0
313.362365278 0.0
314.362365278 0.0
315.362365278 0.0
316.362365278 0.0
317.362365278 0.0
318.362365278 0.0
319.362365278 0.0
320.362365278 0.0
321.362365278 0.0
322.362365278 0.0
323.362365278 0.0
324.362365278 0.0
325.362365278 0.0
326.362365278 0.0
327.362365278 0.0
328.362365278 0.0
329.362365278 0.0
330.362365278 0.0
331.362365278 0.0
332.362365278 0.0
333.362365278 0.0
334.362365278 0.0
335.362365278 0.0
336.362365278 0.0
337.362365278 0.0
338.362365278 0.0
339.362365278 0.0
340.362365278 0.0
341.362365278 0.0
342.362365278 0.0
343.362365278 0.0
344.362365278 0.0
345.362365278 0.0
346.362365278 0.0
347.362365278 0.0
348.362365278 0.0
349.362365278 0.0
350.362365278 0.0
351.362365278 0.0
352.362365278 0.0
353.362365278 0.0
354.362365278 0.0
355.362365278 0.0
356.362365278 0.0
357.362365278 0.0
358.362365278 0.0
359.362365278 0.0
360.362365278 0.0
361.362365278 0.0
362.362365278 0.0
363.362365278 0.0
364.362365278 0.0
365.362365278 0.0
366.362365278 0.0
367.362365278 0.0
368.362365278 0.0
369.362365278 0.0
370.362365278 0.0
371.362365278 0.0
372.362365278 0.0
373.362365278 0.0
374.362365278 0.0
375.362365278 0.0
376.362365278 0.0
377.362365278 0.0
378.362365278 0.0
379.362365278 0.0
380.362365278 0.0
381.362365278 0.0
382.362365278 0.0
383.362365278 0.0
384.362365278 0.0
385.362365278 0.0
386.362365278 0.0
387.362365278 0.0
388.362365278 0.0
389.362365278 0.0
390.362365278 0.0
391.362365278 0.0
392.362365278 0.0
393.362365278 0.0
394.362365278 0.0
395.362365278 0.0
396.362365278 0.0
397.362365278 0.0
398.362365278 0.0
399.362365278 0.0
400.362365278 0.0
401.362365278 0.0
402.362365278 0.0
403.362365278 0.0
404.362365278 0.0
405.362365278 0.0
406.362365278 0.0
407.362365278 0.0
408.362365278 0.0
409.362365278 0.0
410.362365278 0.0
411.362365278 0.0
412.362365278 0.0
413.362365278 0.0
414.362365278 0.0
415.362365278 0.0
416.362365278 0.0
417.362365278 0.0
418.362365278 0.0
419.362365278 0.0
420.362365278 0.0
421.362365278 0.0
422.362365278 0.0
423.362365278 0.0
424.362365278 0.0
425.362365278 0.0
426.362365278 0.0
427.362365278 0.0
428.362365278 0.0
429.362365278 0.0
430.362365278 0.0
431.362365278 0.0
432.362365278 0.0
433.362365278 0.0
434.362365278 0.0
435.362365278 0.0
436.362365278 0.0
437.362365278 0.0
438.362365278 0.0
439.362365278 0.0
440.362365278 0.0
441.362365278 0.0
442.362365278 0.0
443.362365278 0.0
444.362365278 0.0
445.362365278 0.0
446.362365278 0.0
447.362365278 0.0
448.362365278 0.0
449.362365278 0.0
450.362365278 0.0
451.362365278 0.0
452.362365278 0.0
453.362365278 0.0
454.362365278 0.0
455.362365278 0.0
456.362365278 0.0
457.362365278 0.0
458.362365278 0.0
459.362365278 0.0
460.362365278 0.0
461.362365278 0.0
462.362365278 0.0
463.362365278 0.0
464.362365278 0.0
465.362365278 0.0
466.362365278 0.0
467.362365278 0.0
468.362365278 0.0
469.362365278 0.0
470.362365278 0.0
471.362365278 0.0
472.362365278 0.0
473.362365278 0.0
474.362365278 0.0
475.362365278 0.0
476.362365278 0.0
477.362365278 0.0
478.362365278 0.0
479.362365278 0.0
480.362365278 0.0
481.362365278 0.0
482.362365278 0.0
483.362365278 0.0
484.362365278 0.0
485.362365278 0.0
486.362365278 0.0
487.362365278 0.0
488.362365278 0.0
489.362365278 0.0
490.362365278 0.0
491.362365278 0.0
492.362365278 0.0
493.362365278 0.0
494.362365278 0.0
495.362365278 0.0
496.362365278 0.0
497.362365278 0.0
498.362365278 0.0
499.362365278 0.0
500.362365278 0.0
501.362365278 0.0
502.362365278 0.0
503.362365278 0.0
504.362365278 0.0
505.362365278 0.0
506.362365278 0.0
507.362365278 0.0
508.362365278 0.0
509.362365278 0.0
510.362365278 0.0
511.362365278 0.0
512.362365278 0.0
513.362365278 0.0
514.362365278 0.0
515.362365278 0.0
516.362365278 0.0
517.362365278 0.0
518.362365278 0.0
519.362365278 0.0
520.362365278 0.0
521.362365278 0.0
522.362365278 0.0
523.362365278 0.0
524.362365278 0.0
525.362365278 0.0
526.362365278 0.0
527.362365278 0.0
528.362365278 0.0
529.362365278 0.0
530.362365278 0.0
531.362365278 0.0
532.362365278 0.0
533.362365278 0.0
534.362365278 0.0
535.362365278 0.0
536.362365278 0.0
537.362365278 0.0
538.362365278 0.0
539.362365278 0.0
540.362365278 0.0
541.362365278 0.0
542.362365278 0.0
543.362365278 0.0
544.362365278 0.0
545.362365278 0.0
546.362365278 0.0
547.362365278 0.0
548.362365278 0.0
549.362365278 0.0
550.362365278 0.0
551.362365278 0.0
552.362365278 0.0
553.362365278 0.0
554.362365278 0.0
555.362365278 0.0
556.362365278 0.0
557.362365278 0.0
558.362365278 0.0
559.362365278 0.0
560.362365278 0.0
561.362365278 0.0
562.362365278 0.0
563.362365278 0.0
564.362365278 0.0
565.362365278 0.0
566.362365278 0.0
567.362365278 0.0
568.362365278 0.0
569.362365278 0.0
570.362365278 0.0
571.362365278 0.0
572.362365278 0.0
573.362365278 0.0
574.362365278 0.0
575.362365278 0.0
576.362365278 0.0
577.362365278 0.0
578.362365278 0.0
579.362365278 0.0
580.362365278 0.0
581.362365278 0.0
582.362365278 0.0
583.362365278 0.0
584.362365278 0.0
585.362365278 0.0
586.362365278 0.0
587.362365278 0.0
588.362365278 0.0
589.362365278 0.0
590.362365278 0.0
591.362365278 0.0
592.362365278 0.0
593.362365278 0.0
594.362365278 0.0
595.362365278 0.0
596.362365278 0.0
597.362365278 0.0
598.362365278 0.0
599.362365278 0.0
600.362365278 0.0
601.362365278 0.0
602.362365278 0.0
603.362365278 0.0
604.362365278 0.0
605.362365278 0.0
606.362365278 0.0
607.362365278 0.0
608.362365278 0.0
609.362365278 0.0
610.362365278 0.0
611.362365278 0.0
612.362365278 0.0
613.362365278 0.0
614.362365278 0.0
615.362365278 0.0
616.362365278 0.0
617.362365278 0.0
618.362365278 0.0
619.362365278 0.0
620.362365278 0.0
621.362365278 0.0
622.362365278 0.0
623.362365278 0.0
624.362365278 0.0
625.362365278 0.0
626.362365278 0.0
627.362365278 0.0
628.362365278 0.0
629.362365278 0.0
630.362365278 0.0
631.362365278 0.0
632.362365278 0.0
633.362365278 0.0
634.362365278 0.0
635.362365278 0.0
636.362365278 0.0
637.362365278 0.0
638.362365278 0.0
639.362365278 0.0
640.362365278 0.0
641.362365278 0.0
642.362365278 0.0
643.362365278 0.0
644.362365278 0.0
645.362365278 0.0
646.362365278 0.0
647.362365278 0.0
648.362365278 0.0
649.362365278 0.0
650.362365278 0.0
651.362365278 0.0
652.362365278 0.0
653.362365278 0.0
654.362365278 0.0
655.362365278 0.0
656.362365278 0.0
657.362365278 0.0
658.362365278 0.0
659.362365278 0.0
660.362365278 0.0
661.362365278 0.0
662.362365278 0.0
663.362365278 0.0
664.362365278 0.0
665.362365278 0.0
666.362365278 0.0
667.362365278 0.0
668.362365278 0.0
669.362365278 0.0
670.362365278 0.0
671.362365278 0.0
672.362365278 0.0
673.362365278 0.0
674.362365278 0.0
675.362365278 0.0
676.362365278 0.0
677.362365278 0.0
678.362365278 0.0
679.362365278 0.0
680.362365278 0.0
681.362365278 0.0
682.362365278 0.0
683.362365278 0.0
684.362365278 0.0
685.362365278 0.0
686.362365278 0.0
687.362365278 0.0
688.362365278 0.0
689.362365278 0.0
690.362365278 0.0
691.362365278 0.0
692.362365278 0.0
693.362365278 0.0
694.362365278 0.0
695.362365278 0.0
696.362365278 0.0
697.362365278 0.0
698.362365278 0.0
699.362365278 0.0
700.362365278 0.0
701.362365278 0.0
702.362365278 0.0
703.362365278 0.0
704.362365278 0.0
705.362365278 0.0
706.362365278 0.0
707.362365278 0.0
708.362365278 0.0
709.362365278 0.0
710.362365278 0.0
711.362365278 0.0
712.362365278 0.0
713.362365278 0.0
714.362365278 0.0
715.362365278 0.0
716.362365278 0.0
717.362365278 0.0
718.362365278 0.0
719.362365278 0.0
720.362365278 0.0
721.362365278 0.0
722.362365278 0.0
723.362365278 0.0
724.362365278 0.0
725.362365278 0.0
726.362365278 0.0
727.362365278 0.0
728.362365278 0.0
729.362365278 0.0
730.362365278 0.0
731.362365278 0.0
732.362365278 0.0
733.362365278 0.0
734.362365278 0.0
735.362365278 0.0
736.362365278 0.0
737.362365278 0.0
738.362365278 0.0
739.362365278 0.0
740.362365278 0.0
741.362365278 0.0
742.362365278 0.0
743.362365278 0.0
744.362365278 0.0
745.362365278 0.0
746.362365278 0.0
747.362365278 0.0
748.362365278 0.0
749.362365278 0.0
750.362365278 0.0
751.362365278 0.0
752.362365278 0.0
753.362365278 0.0
754.362365278 0.0
755.362365278 0.0
756.362365278 0.0
757.362365278 0.0
758.362365278 0.0
759.362365278 0.0
760.362365278 0.0
761.362365278 0.0
762.362365278 0.0
763.362365278 0.0
764.362365278 0.0
765.362365278 0.0
766.362365278 0.0
767.362365278 0.0
768.362365278 0.0
769.362365278 0.0
770.362365278 0.0
771.362365278 0.0
772.362365278 0.0
773.362365278 0.0
774.362365278 0.0
775.362365278 0.0
776.362365278 0.0
777.362365278 0.0
778.362365278 0.0
779.362365278 0.0
780.362365278 0.0
