-730.225085438 0.0
-729.225085438 0.0
-728.225085438 0.0
-727.225085438 0.0
-726.225085438 0.0
-725.225085438 0.0
-724.225085438 0.0
-723.225085438 0.0
-722.225085438 0.0
-721.225085438 0.0
-720.225085438 0.0
-719.225085438 0.0
-718.225085438 0.0
-717.225085438 0.0
-716.225085438 0.0
-715.225085438 0.0
-714.225085438 0.0
-713.225085438 0.0
-712.225085438 0.0
-711.225085438 0.0
-710.225085438 0.0
-709.225085438 0.0
-708.225085438 0.0
-707.225085438 0.0
-706.225085438 0.0
-705.225085438 0.0
-704.225085438 0.0
-703.225085438 0.0
-702.225085438 0.0
-701.225085438 0.0
-700.225085438 0.0
-699.225085438 0.0
-698.225085438 0.0
-697.225085438 0.0
-696.225085438 0.0
-695.225085438 0.0
-694.225085438 0.0
-693.225085438 0.0
-692.225085438 0.0
-691.225085438 0.0
-690.225085438 0.0
-689.225085438 0.0
-688.225085438 0.0
-687.225085438 0.0
-686.225085438 0.0
-685.225085438 0.0
-684.225085438 0.0
-683.225085438 0.0
-682.225085438 0.0
-681.225085438 0.0
-680.225085438 0.0
-679.225085438 0.0
-678.225085438 0.0
-677.225085438 0.0
-676.225085438 0.0
-675.225085438 0.0
-674.225085438 0.0
-673.225085438 0.0
-672.225085438 0.0
-671.225085438 0.0
-670.225085438 0.0
-669.225085438 0.0
-668.225085438 0.0
-667.225085438 0.0
-666.225085438 0.0
-665.225085438 0.0
-664.225085438 0.0
-663.225085438 0.0
-662.225085438 0.0
-661.225085438 0.0
-660.225085438 0.0
-659.225085438 0.0
-658.225085438 0.0
-657.225085438 0.0
-656.225085438 0.0
-655.225085438 0.0
-654.225085438 0.0
-653.225085438 0.0
-652.225085438 0.0
-651.225085438 0.0
-650.225085438 0.0
-649.225085438 0.0
-648.225085438 0.0
-647.225085438 0.0
-646.225085438 0.0
-645.225085438 0.0
-644.225085438 0.0
-643.225085438 0.0
-642.225085438 0.0
-641.225085438 0.0
-640.225085438 0.0
-639.225085438 0.0
-638.225085438 0.0
-637.225085438 0.0
-636.225085438 0.0
-635.225085438 0.0
-634.225085438 0.0
-633.225085438 0.0
-632.225085438 0.0
-631.225085438 0.0
-630.225085438 0.0
-629.225085438 0.0
-628.225085438 0.0
-627.225085438 0.0
-626.225085438 0.0
-625.225085438 0.0
-624.225085438 0.0
-623.225085438 0.0
-622.225085438 0.0
-621.225085438 0.0
-620.225085438 0.0
-619.225085438 0.0
-618.225085438 0.0
-617.225085438 0.0
-616.225085438 0.0
-615.225085438 0.0
-614.225085438 0.0
-613.225085438 0.0
-612.225085438 0.0
-611.225085438 0.0
-610.225085438 0.0
-609.225085438 0.0
-608.225085438 0.0
-607.225085438 0.0
-606.225085438 0.0
-605.225085438 0.0
-604.225085438 0.0
-603.225085438 0.0
-602.225085438 0.0
-601.225085438 0.0
-600.225085438 0.0
-599.225085438 0.0
-598.225085438 0.0
-597.225085438 0.0
-596.225085438 0.0
-595.225085438 0.0
-594.225085438 0.0
-593.225085438 0.0
-592.225085438 0.0
-591.225085438 0.0
-590.225085438 0.0
-589.225085438 0.0
-588.225085438 0.0
-587.225085438 0.0
-586.225085438 0.0
-585.225085438 0.0
-584.225085438 0.0
-583.225085438 0.0
-582.225085438 0.0
-581.225085438 0.0
-580.225085438 0.0
-579.225085438 0.0
-578.225085438 0.0
-577.225085438 0.0
-576.225085438 0.0
-575.225085438 0.0
-574.225085438 0.0
-573.225085438 0.0
-572.225085438 0.0
-571.225085438 0.0
-570.225085438 0.0
-569.225085438 0.0
-568.225085438 0.0
-567.225085438 0.0
-566.225085438 0.0
-565.225085438 0.0
-564.225085438 0.0
-563.225085438 0.0
-562.225085438 0.0
-561.225085438 0.0
-560.225085438 0.0
-559.225085438 0.0
-558.225085438 0.0
-557.225085438 0.0
-556.225085438 0.0
-555.225085438 0.0
-554.225085438 0.0
-553.225085438 0.0
-552.225085438 0.0
-551.225085438 0.0
-550.225085438 0.0
-549.225085438 0.0
-548.225085438 0.0
-547.225085438 0.0
-546.225085438 0.0
-545.225085438 0.0
-544.225085438 0.0
-543.225085438 0.0
-542.225085438 0.0
-541.225085438 0.0
-540.225085438 0.0
-539.225085438 0.0
-538.225085438 0.0
-537.225085438 0.0
-536.225085438 0.0
-535.225085438 0.0
-534.225085438 0.0
-533.225085438 0.0
-532.225085438 0.0
-531.225085438 0.0
-530.225085438 0.0
-529.225085438 0.0
-528.225085438 0.0
-527.225085438 0.0
-526.225085438 0.0
-525.225085438 0.0
-524.225085438 0.0
-523.225085438 0.0
-522.225085438 0.0
-521.225085438 0.0
-520.225085438 0.0
-519.225085438 0.0
-518.225085438 0.0
-517.225085438 0.0
-516.225085438 0.0
-515.225085438 0.0
-514.225085438 0.0
-513.225085438 0.0
-512.225085438 0.0
-511.225085438 0.0
-510.225085438 0.0
-509.225085438 0.0
-508.225085438 0.0
-507.225085438 0.0
-506.225085438 0.0
-505.225085438 0.0
-504.225085438 0.0
-503.225085438 0.0
-502.225085438 0.0
-501.225085438 0.0
-500.225085438 0.0
-499.225085438 0.0
-498.225085438 0.0
-497.225085438 0.0
-496.225085438 0.0
-495.225085438 0.0
-494.225085438 0.0
-493.225085438 0.0
-492.225085438 0.0
-491.225085438 0.0
-490.225085438 0.0
-489.225085438 0.0
-488.225085438 0.0
-487.225085438 0.0
-486.225085438 0.0
-485.225085438 0.0
-484.225085438 0.0
-483.225085438 0.0
-482.225085438 0.0
-481.225085438 0.0
-480.225085438 0.0
-479.225085438 0.0
-478.225085438 0.0
-477.225085438 0.0
-476.225085438 0.0
-475.225085438 0.0
-474.225085438 0.0
-473.225085438 0.0
-472.225085438 0.0
-471.225085438 0.0
-470.225085438 0.0
-469.225085438 0.0
-468.225085438 0.0
-467.225085438 0.0
-466.225085438 0.0
-465.225085438 0.0
-464.225085438 0.0
-463.225085438 0.0
-462.225085438 0.0
-461.225085438 0.0
-460.225085438 0.0
-459.225085438 0.0
-458.225085438 0.0
-457.225085438 0.0
-456.225085438 0.0
-455.225085438 0.0
-454.225085438 0.0
-453.225085438 0.0
-452.225085438 0.0
-451.225085438 0.0
-450.225085438 0.0
-449.225085438 0.0
-448.225085438 0.0
-447.225085438 0.0
-446.225085438 0.0
-445.225085438 0.0
-444.225085438 0.0
-443.225085438 0.0
-442.225085438 0.0
-441.225085438 0.0
-440.225085438 0.0
-439.225085438 0.0
-438.225085438 0.0
-437.225085438 0.0
-436.225085438 0.0
-435.225085438 0.0
-434.225085438 0.0
-433.225085438 0.0
-432.225085438 0.0
-431.225085438 0.0
-430.225085438 0.0
-429.225085438 0.0
-428.225085438 0.0
-427.225085438 0.0
-426.225085438 0.0
-425.225085438 0.0
-424.225085438 0.0
-423.225085438 0.0
-422.225085438 0.0
-421.225085438 0.0
-420.225085438 0.0
-419.225085438 0.0
-418.225085438 0.0
-417.225085438 0.0
-416.225085438 0.0
-415.225085438 0.0
-414.225085438 0.0
-413.225085438 0.0
-412.225085438 0.0
-411.225085438 0.0
-410.225085438 0.0
-409.225085438 0.0
-408.225085438 0.0
-407.225085438 0.0
-406.225085438 0.0
-405.225085438 0.0
-404.225085438 0.0
-403.225085438 0.0
-402.225085438 0.0
-401.225085438 0.0
-400.225085438 0.0
-399.225085438 0.0
-398.225085438 0.0
-397.225085438 0.0
-396.225085438 0.0
-395.225085438 0.0
-394.225085438 0.0
-393.225085438 0.0
-392.225085438 0.0
-391.225085438 0.0
-390.225085438 0.0
-389.225085438 0.0
-388.225085438 0.0
-387.225085438 0.0
-386.225085438 0.0
-385.225085438 0.0
-384.225085438 0.0
-383.225085438 0.0
-382.225085438 0.0
-381.225085438 0.0
-380.225085438 0.0
-379.225085438 0.0
-378.225085438 0.0
-377.225085438 0.0
-376.225085438 0.0
-375.225085438 0.0
-374.225085438 0.0
-373.225085438 0.0
-372.225085438 0.0
-371.225085438 0.0
-370.225085438 0.0
-369.225085438 0.0
-368.225085438 0.0
-367.225085438 0.0
-366.225085438 0.0
-365.225085438 0.0
-364.225085438 0.0
-363.225085438 0.0
-362.225085438 0.0
-361.225085438 0.0
-360.225085438 0.0
-359.225085438 0.0
-358.225085438 0.0
-357.225085438 0.0
-356.225085438 0.0
-355.225085438 0.0
-354.225085438 0.0
-353.225085438 0.0
-352.225085438 0.0
-351.225085438 0.0
-350.225085438 0.0
-349.225085438 0.0
-348.225085438 0.0
-347.225085438 0.0
-346.225085438 0.0
-345.225085438 0.0
-344.225085438 0.0
-343.225085438 0.0
-342.225085438 0.0
-341.225085438 0.0
-340.225085438 0.0
-339.225085438 0.0
-338.225085438 0.0
-337.225085438 0.0
-336.225085438 0.0
-335.225085438 0.0
-334.225085438 0.0
-333.225085438 0.0
-332.225085438 0.0
-331.225085438 0.0
-330.225085438 0.0
-329.225085438 0.0
-328.225085438 0.0
-327.225085438 0.0
-326.225085438 0.0
-325.225085438 0.0
-324.225085438 0.0
-323.225085438 0.0
-322.225085438 0.0
-321.225085438 0.0
-320.225085438 0.0
-319.225085438 0.0
-318.225085438 0.0
-317.225085438 0.0
-316.225085438 0.0
-315.225085438 0.0
-314.225085438 0.0
-313.225085438 0.0
-312.225085438 0.0
-311.225085438 0.0
-310.225085438 0.0
-309.225085438 0.0
-308.225085438 0.0
-307.225085438 0.0
-306.225085438 0.0
-305.225085438 0.0
-304.225085438 0.0
-303.225085438 0.0
-302.225085438 0.0
-301.225085438 0.0
-300.225085438 0.0
-299.225085438 0.0
-298.225085438 0.0
-297.225085438 0.0
-296.225085438 0.0
-295.225085438 0.0
-294.225085438 0.0
-293.225085438 0.0
-292.225085438 0.0
-291.225085438 0.0
-290.225085438 0.0
-289.225085438 0.0
-288.225085438 0.0
-287.225085438 0.0
-286.225085438 0.0
-285.225085438 0.0
-284.225085438 0.0
-283.225085438 0.0
-282.225085438 0.0
-281.225085438 0.0
-280.225085438 0.0
-279.225085438 0.0
-278.225085438 0.0
-277.225085438 0.0
-276.225085438 0.0
-275.225085438 0.0
-274.225085438 0.0
-273.225085438 0.0
-272.225085438 0.0
-271.225085438 0.0
-270.225085438 0.0
-269.225085438 0.0
-268.225085438 0.0
-267.225085438 0.0
-266.225085438 0.0
-265.225085438 0.0
-264.225085438 0.0
-263.225085438 0.0
-262.225085438 0.0
-261.225085438 0.0
-260.225085438 0.0
-259.225085438 0.0
-258.225085438 0.0
-257.225085438 0.0
-256.225085438 0.0
-255.225085438 0.0
-254.225085438 0.0
-253.225085438 0.0
-252.225085438 0.0
-251.225085438 0.0
-250.225085438 0.0
-249.225085438 0.0
-248.225085438 0.0
-247.225085438 0.0
-246.225085438 0.0
-245.225085438 0.0
-244.225085438 0.0
-243.225085438 0.0
-242.225085438 0.0
-241.225085438 0.0
-240.225085438 0.0
-239.225085438 0.0
-238.225085438 0.0
-237.225085438 0.0
-236.225085438 0.0
-235.225085438 0.0
-234.225085438 0.0
-233.225085438 0.0
-232.225085438 0.0
-231.225085438 0.0
-230.225085438 0.000000e+00
-229.832266174 0.000000e+00
-229.43944691 0.000000e+00
-229.046627647 0.000000e+00
-228.653808383 0.000000e+00
-228.260989119 0.000000e+00
-227.868169855 0.000000e+00
-227.475350591 0.000000e+00
-227.082531327 0.000000e+00
-226.689712063 0.000000e+00
-226.2968928 0.000000e+00
-225.904073536 0.000000e+00
-225.511254272 0.000000e+00
-225.118435008 0.000000e+00
-224.725615744 0.000000e+00
-224.33279648 0.000000e+00
-223.939977216 0.000000e+00
-223.547157953 0.000000e+00
-223.154338689 0.000000e+00
-222.761519425 0.000000e+00
-222.368700161 0.000000e+00
-221.975880897 0.000000e+00
-221.583061633 0.000000e+00
-221.190242369 0.000000e+00
-220.797423106 0.000000e+00
-220.404603842 0.000000e+00
-220.011784578 0.000000e+00
-219.618965314 0.000000e+00
-219.22614605 0.000000e+00
-218.833326786 0.000000e+00
-218.440507522 0.000000e+00
-218.047688259 0.000000e+00
-217.654868995 0.000000e+00
-217.262049731 0.000000e+00
-216.869230467 0.000000e+00
-216.476411203 0.000000e+00
-216.083591939 0.000000e+00
-215.690772675 0.000000e+00
-215.297953412 0.000000e+00
-214.905134148 0.000000e+00
-214.512314884 0.000000e+00
-214.11949562 0.000000e+00
-213.726676356 0.000000e+00
-213.333857092 0.000000e+00
-212.941037828 0.000000e+00
-212.548218565 0.000000e+00
-212.155399301 0.000000e+00
-211.762580037 0.000000e+00
-211.369760773 0.000000e+00
-210.976941509 0.000000e+00
-210.584122245 0.000000e+00
-210.191302981 0.000000e+00
-209.798483718 0.000000e+00
-209.405664454 0.000000e+00
-209.01284519 0.000000e+00
-208.620025926 0.000000e+00
-208.227206662 0.000000e+00
-207.834387398 0.000000e+00
-207.441568135 0.000000e+00
-207.048748871 0.000000e+00
-206.655929607 0.000000e+00
-206.263110343 0.000000e+00
-205.870291079 0.000000e+00
-205.477471815 0.000000e+00
-205.084652551 0.000000e+00
-204.691833288 0.000000e+00
-204.299014024 0.000000e+00
-203.90619476 0.000000e+00
-203.513375496 0.000000e+00
-203.120556232 0.000000e+00
-202.727736968 0.000000e+00
-202.334917704 0.000000e+00
-201.942098441 0.000000e+00
-201.549279177 0.000000e+00
-201.156459913 0.000000e+00
-200.763640649 0.000000e+00
-200.370821385 0.000000e+00
-199.978002121 0.000000e+00
-199.585182857 0.000000e+00
-199.192363594 0.000000e+00
-198.79954433 0.000000e+00
-198.406725066 0.000000e+00
-198.013905802 0.000000e+00
-197.621086538 0.000000e+00
-197.228267274 0.000000e+00
-196.83544801 0.000000e+00
-196.442628747 0.000000e+00
-196.049809483 0.000000e+00
-195.656990219 0.000000e+00
-195.264170955 0.000000e+00
-194.871351691 0.000000e+00
-194.478532427 0.000000e+00
-194.085713163 0.000000e+00
-193.6928939 0.000000e+00
-193.300074636 0.000000e+00
-192.907255372 0.000000e+00
-192.514436108 0.000000e+00
-192.121616844 0.000000e+00
-191.72879758 0.000000e+00
-191.335978316 0.000000e+00
-190.943159053 0.000000e+00
-190.550339789 0.000000e+00
-190.157520525 0.000000e+00
-189.764701261 0.000000e+00
-189.371881997 0.000000e+00
-188.979062733 0.000000e+00
-188.586243469 0.000000e+00
-188.193424206 0.000000e+00
-187.800604942 0.000000e+00
-187.407785678 0.000000e+00
-187.014966414 0.000000e+00
-186.62214715 0.000000e+00
-186.229327886 0.000000e+00
-185.836508622 0.000000e+00
-185.443689359 0.000000e+00
-185.050870095 0.000000e+00
-184.658050831 0.000000e+00
-184.265231567 0.000000e+00
-183.872412303 0.000000e+00
-183.479593039 0.000000e+00
-93.9168008799 0.000000e+00
-93.5239816161 0.000000e+00
-93.1311623522 0.000000e+00
-92.7383430883 0.000000e+00
-92.3455238245 0.000000e+00
-91.9527045606 0.000000e+00
-91.5598852968 0.000000e+00
-91.1670660329 0.000000e+00
-90.7742467691 0.000000e+00
-90.3814275052 0.000000e+00
-89.9886082413 0.000000e+00
-89.5957889775 0.000000e+00
-89.2029697136 0.000000e+00
-88.8101504498 0.000000e+00
-88.4173311859 0.000000e+00
-88.0245119221 0.000000e+00
-87.6316926582 0.000000e+00
-87.2388733944 0.000000e+00
-86.8460541305 0.000000e+00
-86.4532348666 0.000000e+00
-86.0604156028 0.000000e+00
-85.6675963389 0.000000e+00
-85.2747770751 0.000000e+00
-84.8819578112 0.000000e+00
-84.4891385474 0.000000e+00
-84.0963192835 0.000000e+00
-83.7035000196 0.000000e+00
-83.3106807558 0.000000e+00
-82.9178614919 0.000000e+00
-82.5250422281 0.000000e+00
-82.1322229642 0.000000e+00
-81.7394037004 0.000000e+00
-81.3465844365 0.000000e+00
-80.9537651726 0.000000e+00
-80.5609459088 0.000000e+00
-80.1681266449 0.000000e+00
-79.7753073811 0.000000e+00
-79.3824881172 0.000000e+00
-78.9896688534 0.000000e+00
-78.5968495895 0.000000e+00
-78.2040303256 0.000000e+00
-77.8112110618 0.000000e+00
-77.4183917979 0.000000e+00
-77.0255725341 0.000000e+00
-76.6327532702 0.000000e+00
-76.2399340064 0.000000e+00
-75.8471147425 0.000000e+00
-75.4542954787 0.000000e+00
-75.0614762148 0.000000e+00
-74.6686569509 0.000000e+00
-74.2758376871 0.000000e+00
-73.8830184232 0.000000e+00
-73.4901991594 0.000000e+00
-73.0973798955 0.000000e+00
-72.7045606317 0.000000e+00
-72.3117413678 0.000000e+00
-71.9189221039 0.000000e+00
-71.5261028401 0.000000e+00
-71.1332835762 0.000000e+00
-70.7404643124 0.000000e+00
-70.3476450485 0.000000e+00
-69.9548257847 0.000000e+00
-69.5620065208 0.000000e+00
-69.1691872569 0.000000e+00
-68.7763679931 0.000000e+00
-68.3835487292 0.000000e+00
-67.9907294654 0.000000e+00
-67.5979102015 0.000000e+00
-67.2050909377 0.000000e+00
-66.8122716738 0.000000e+00
-66.4194524099 0.000000e+00
-66.0266331461 0.000000e+00
-65.6338138822 0.000000e+00
-65.2409946184 0.000000e+00
-64.8481753545 0.000000e+00
-64.4553560907 0.000000e+00
-64.0625368268 0.000000e+00
-63.6697175629 0.000000e+00
-63.2768982991 0.000000e+00
-62.8840790352 0.000000e+00
-62.4912597714 0.000000e+00
-62.0984405075 0.000000e+00
-61.7056212437 0.000000e+00
-61.3128019798 0.000000e+00
-60.919982716 0.000000e+00
-60.5271634521 0.000000e+00
-60.1343441882 0.000000e+00
-59.7415249244 0.000000e+00
-59.3487056605 0.000000e+00
-58.9558863967 0.000000e+00
-58.5630671328 0.000000e+00
-58.170247869 0.000000e+00
-57.7774286051 0.000000e+00
-57.3846093412 0.000000e+00
-56.9917900774 0.000000e+00
-56.5989708135 0.000000e+00
-56.2061515497 0.000000e+00
-55.8133322858 0.000000e+00
-55.420513022 0.000000e+00
-55.0276937581 0.000000e+00
-54.6348744942 0.000000e+00
-54.2420552304 0.000000e+00
-53.8492359665 0.000000e+00
-53.4564167027 0.000000e+00
-53.0635974388 0.000000e+00
-52.670778175 0.000000e+00
-52.2779589111 0.000000e+00
-51.8851396472 0.000000e+00
-51.4923203834 0.000000e+00
-51.0995011195 0.000000e+00
-50.7066818557 0.000000e+00
-50.3138625918 0.000000e+00
-49.921043328 0.000000e+00
-49.5282240641 0.000000e+00
-49.1354048003 0.000000e+00
-48.7425855364 0.000000e+00
-48.3497662725 0.000000e+00
-47.9569470087 0.000000e+00
-47.5641277448 0.000000e+00
-47.171308481 0.000000e+00
-46.7784892171 0.000000e+00
-46.3856699533 0.000000e+00
-45.9928506894 0.000000e+00
-45.6000314255 0.000000e+00
-45.2072121617 0.000000e+00
-44.8143928978 0.000000e+00
-44.421573634 0.000000e+00
-44.0287543701 0.000000e+00
-43.6359351063 0.000000e+00
-43.2431158424 0.000000e+00
-42.8502965785 0.000000e+00
-42.4574773147 0.000000e+00
-42.0646580508 0.000000e+00
-41.671838787 0.000000e+00
-41.2790195231 0.000000e+00
-40.8862002593 0.000000e+00
-40.4933809954 0.000000e+00
-40.1005617315 0.000000e+00
-39.7077424677 0.000000e+00
-39.3149232038 0.000000e+00
-38.92210394 0.000000e+00
-38.5292846761 0.000000e+00
-38.1364654123 0.000000e+00
-37.7436461484 0.000000e+00
-37.3508268846 0.000000e+00
-36.9580076207 0.000000e+00
-36.5651883568 0.000000e+00
-36.172369093 0.000000e+00
-35.7795498291 0.000000e+00
-35.3867305653 0.000000e+00
-34.9939113014 0.000000e+00
-34.6010920376 0.000000e+00
-34.2082727737 0.000000e+00
-33.8154535098 0.000000e+00
-33.422634246 0.000000e+00
-33.0298149821 0.000000e+00
-32.6369957183 0.000000e+00
-32.2441764544 0.000000e+00
-31.8513571906 0.000000e+00
-31.4585379267 0.000000e+00
-31.0657186628 0.000000e+00
-30.672899399 0.000000e+00
-30.2800801351 0.000000e+00
-29.8872608713 0.000000e+00
-29.4944416074 0.000000e+00
-29.1016223436 0.000000e+00
-28.7088030797 0.000000e+00
-28.3159838158 0.000000e+00
-27.923164552 0.000000e+00
-27.5303452881 0.000000e+00
-27.1375260243 0.000000e+00
-26.7447067604 0.000000e+00
-26.3518874966 0.000000e+00
-25.9590682327 0.000000e+00
-25.5662489688 0.000000e+00
-25.173429705 0.000000e+00
-24.7806104411 0.000000e+00
-24.3877911773 0.000000e+00
-23.9949719134 0.000000e+00
-23.6021526496 0.000000e+00
-23.2093333857 0.000000e+00
-22.8165141219 0.000000e+00
-22.423694858 0.000000e+00
-22.0308755941 0.000000e+00
-21.6380563303 0.000000e+00
-21.2452370664 0.000000e+00
-20.8524178026 0.000000e+00
-20.4595985387 0.000000e+00
-20.0667792749 0.000000e+00
-19.673960011 0.000000e+00
-19.2811407471 0.000000e+00
-18.8883214833 0.000000e+00
-18.4955022194 0.000000e+00
-18.1026829556 0.000000e+00
-17.7098636917 0.000000e+00
-17.3170444279 0.000000e+00
-16.924225164 0.000000e+00
-16.5314059001 0.000000e+00
-16.1385866363 0.000000e+00
-15.7457673724 0.000000e+00
-15.3529481086 0.000000e+00
-14.9601288447 0.000000e+00
-14.5673095809 0.000000e+00
-14.174490317 0.000000e+00
-13.7816710531 0.000000e+00
-13.3888517893 0.000000e+00
-12.9960325254 0.000000e+00
-12.6032132616 0.000000e+00
-12.2103939977 0.000000e+00
-11.8175747339 0.000000e+00
-11.42475547 0.000000e+00
-11.0319362062 0.000000e+00
-10.6391169423 0.000000e+00
-10.2462976784 0.000000e+00
-9.85347841458 0.000000e+00
-9.46065915072 0.000000e+00
-9.06783988687 0.000000e+00
-8.67502062301 0.000000e+00
-8.28220135915 0.000000e+00
-7.8893820953 0.000000e+00
-7.49656283144 0.000000e+00
-7.10374356758 0.000000e+00
-6.71092430373 0.000000e+00
-6.31810503987 0.000000e+00
-5.92528577601 0.000000e+00
-5.53246651216 0.000000e+00
-5.1396472483 0.000000e+00
-4.74682798444 0.000000e+00
-4.35400872059 0.000000e+00
-3.96118945673 0.000000e+00
-3.56837019287 0.000000e+00
-3.17555092902 0.000000e+00
-2.78273166516 0.000000e+00
-2.3899124013 0.000000e+00
-1.99709313745 0.000000e+00
-1.60427387359 0.000000e+00
-1.21145460973 0.000000e+00
-0.818635345877 0.000000e+00
-0.425816082021 0.000000e+00
-0.032996818164 9.654988e-01
0.359822445693 9.942043e-01
0.752641709549 1.000000e+00
1.14546097341 0.000000e+00
1.53828023726 0.000000e+00
1.93109950112 0.000000e+00
2.32391876498 0.000000e+00
2.71673802883 0.000000e+00
3.10955729269 0.000000e+00
3.50237655655 0.000000e+00
3.8951958204 0.000000e+00
4.28801508426 0.000000e+00
4.68083434812 0.000000e+00
5.07365361197 0.000000e+00
5.46647287583 0.000000e+00
5.85929213969 0.000000e+00
6.25211140354 0.000000e+00
6.6449306674 0.000000e+00
7.03774993126 0.000000e+00
7.43056919511 0.000000e+00
7.82338845897 0.000000e+00
8.21620772283 0.000000e+00
8.60902698668 0.000000e+00
9.00184625054 0.000000e+00
9.3946655144 0.000000e+00
9.78748477825 0.000000e+00
10.1803040421 0.000000e+00
10.573123306 0.000000e+00
10.9659425698 0.000000e+00
11.3587618337 0.000000e+00
11.7515810975 0.000000e+00
12.1444003614 0.000000e+00
12.5372196253 0.000000e+00
12.9300388891 0.000000e+00
13.322858153 0.000000e+00
13.7156774168 0.000000e+00
14.1084966807 0.000000e+00
14.5013159445 0.000000e+00
14.8941352084 0.000000e+00
15.2869544722 0.000000e+00
15.6797737361 0.000000e+00
16.072593 0.000000e+00
16.4654122638 0.000000e+00
16.8582315277 0.000000e+00
17.2510507915 0.000000e+00
17.6438700554 0.000000e+00
18.0366893192 0.000000e+00
18.4295085831 0.000000e+00
18.822327847 0.000000e+00
19.2151471108 0.000000e+00
19.6079663747 0.000000e+00
20.0007856385 0.000000e+00
20.3936049024 0.000000e+00
20.7864241662 0.000000e+00
21.1792434301 0.000000e+00
21.572062694 0.000000e+00
21.9648819578 0.000000e+00
22.3577012217 0.000000e+00
22.7505204855 0.000000e+00
23.1433397494 0.000000e+00
23.5361590132 0.000000e+00
23.9289782771 0.000000e+00
24.321797541 0.000000e+00
24.7146168048 0.000000e+00
25.1074360687 0.000000e+00
25.5002553325 0.000000e+00
25.8930745964 0.000000e+00
26.2858938602 0.000000e+00
26.6787131241 0.000000e+00
27.0715323879 0.000000e+00
27.4643516518 0.000000e+00
27.8571709157 0.000000e+00
28.2499901795 0.000000e+00
28.6428094434 0.000000e+00
29.0356287072 0.000000e+00
29.4284479711 0.000000e+00
29.8212672349 0.000000e+00
30.2140864988 0.000000e+00
30.6069057627 0.000000e+00
30.9997250265 0.000000e+00
31.3925442904 0.000000e+00
31.7853635542 0.000000e+00
32.1781828181 0.000000e+00
32.5710020819 0.000000e+00
32.9638213458 0.000000e+00
33.3566406097 0.000000e+00
33.7494598735 0.000000e+00
34.1422791374 0.000000e+00
34.5350984012 0.000000e+00
34.9279176651 0.000000e+00
35.3207369289 0.000000e+00
35.7135561928 0.000000e+00
36.1063754567 0.000000e+00
36.4991947205 0.000000e+00
36.8920139844 0.000000e+00
37.2848332482 0.000000e+00
37.6776525121 0.000000e+00
38.0704717759 0.000000e+00
38.4632910398 0.000000e+00
38.8561103036 0.000000e+00
39.2489295675 0.000000e+00
39.6417488314 0.000000e+00
40.0345680952 0.000000e+00
40.4273873591 0.000000e+00
40.8202066229 0.000000e+00
41.2130258868 0.000000e+00
41.6058451506 0.000000e+00
41.9986644145 0.000000e+00
42.3914836784 0.000000e+00
42.7843029422 0.000000e+00
43.1771222061 0.000000e+00
43.5699414699 0.000000e+00
43.9627607338 0.000000e+00
44.3555799976 0.000000e+00
44.7483992615 0.000000e+00
45.1412185254 0.000000e+00
45.5340377892 0.000000e+00
45.9268570531 0.000000e+00
46.3196763169 0.000000e+00
46.7124955808 0.000000e+00
47.1053148446 0.000000e+00
47.4981341085 0.000000e+00
47.8909533724 0.000000e+00
48.2837726362 0.000000e+00
48.6765919001 0.000000e+00
49.0694111639 0.000000e+00
49.4622304278 0.000000e+00
49.8550496916 0.000000e+00
50.2478689555 0.000000e+00
50.6406882194 0.000000e+00
51.0335074832 0.000000e+00
51.4263267471 0.000000e+00
51.8191460109 0.000000e+00
52.2119652748 0.000000e+00
52.6047845386 0.000000e+00
52.9976038025 0.000000e+00
53.3904230663 0.000000e+00
53.7832423302 0.000000e+00
54.1760615941 0.000000e+00
54.5688808579 0.000000e+00
54.9617001218 0.000000e+00
55.3545193856 0.000000e+00
55.7473386495 0.000000e+00
56.1401579133 0.000000e+00
56.5329771772 0.000000e+00
56.9257964411 0.000000e+00
57.3186157049 0.000000e+00
57.7114349688 0.000000e+00
58.1042542326 0.000000e+00
58.4970734965 0.000000e+00
58.8898927603 0.000000e+00
59.2827120242 0.000000e+00
59.6755312881 0.000000e+00
60.0683505519 0.000000e+00
60.4611698158 0.000000e+00
60.8539890796 0.000000e+00
61.2468083435 0.000000e+00
61.6396276073 0.000000e+00
62.0324468712 0.000000e+00
62.4252661351 0.000000e+00
62.8180853989 0.000000e+00
63.2109046628 0.000000e+00
63.6037239266 0.000000e+00
63.9965431905 0.000000e+00
64.3893624543 0.000000e+00
64.7821817182 0.000000e+00
65.175000982 0.000000e+00
65.5678202459 0.000000e+00
65.9606395098 0.000000e+00
66.3534587736 0.000000e+00
66.7462780375 0.000000e+00
67.1390973013 0.000000e+00
67.5319165652 0.000000e+00
67.924735829 0.000000e+00
68.3175550929 0.000000e+00
68.7103743568 0.000000e+00
69.1031936206 0.000000e+00
69.4960128845 0.000000e+00
69.8888321483 0.000000e+00
70.2816514122 0.000000e+00
70.674470676 0.000000e+00
71.0672899399 0.000000e+00
71.4601092038 0.000000e+00
71.8529284676 0.000000e+00
72.2457477315 0.000000e+00
72.6385669953 0.000000e+00
73.0313862592 0.000000e+00
73.424205523 0.000000e+00
73.8170247869 0.000000e+00
74.2098440508 0.000000e+00
74.6026633146 0.000000e+00
74.9954825785 0.000000e+00
75.3883018423 0.000000e+00
75.7811211062 0.000000e+00
76.17394037 0.000000e+00
76.5667596339 0.000000e+00
76.9595788977 0.000000e+00
77.3523981616 0.000000e+00
77.7452174255 0.000000e+00
78.1380366893 0.000000e+00
78.5308559532 0.000000e+00
78.923675217 0.000000e+00
79.3164944809 0.000000e+00
79.7093137447 0.000000e+00
80.1021330086 0.000000e+00
80.4949522725 0.000000e+00
80.8877715363 0.000000e+00
81.2805908002 0.000000e+00
81.673410064 0.000000e+00
82.0662293279 0.000000e+00
82.4590485917 0.000000e+00
82.8518678556 0.000000e+00
83.2446871195 0.000000e+00
83.6375063833 0.000000e+00
84.0303256472 0.000000e+00
84.423144911 0.000000e+00
84.8159641749 0.000000e+00
85.2087834387 0.000000e+00
85.6016027026 0.000000e+00
85.9944219665 0.000000e+00
86.3872412303 0.000000e+00
86.7800604942 0.000000e+00
87.172879758 0.000000e+00
87.5656990219 0.000000e+00
87.9585182857 0.000000e+00
88.3513375496 0.000000e+00
88.7441568135 0.000000e+00
89.1369760773 0.000000e+00
89.5297953412 0.000000e+00
89.922614605 0.000000e+00
90.3154338689 0.000000e+00
90.7082531327 0.000000e+00
91.1010723966 0.000000e+00
91.4938916604 0.000000e+00
91.8867109243 0.000000e+00
92.2795301882 0.000000e+00
92.672349452 0.000000e+00
93.0651687159 0.000000e+00
93.4579879797 0.000000e+00
93.8508072436 0.000000e+00
94.2436265074 0.000000e+00
94.6364457713 0.000000e+00
95.0292650352 0.000000e+00
95.422084299 0.000000e+00
95.8149035629 0.000000e+00
96.2077228267 0.000000e+00
96.6005420906 0.000000e+00
96.9933613544 0.000000e+00
97.3861806183 0.000000e+00
97.7789998822 0.000000e+00
98.171819146 0.000000e+00
98.5646384099 0.000000e+00
98.9574576737 0.000000e+00
99.3502769376 0.000000e+00
99.7430962014 0.000000e+00
100.135915465 0.000000e+00
100.528734729 0.000000e+00
100.921553993 0.000000e+00
101.314373257 0.000000e+00
101.707192521 0.000000e+00
102.100011785 0.000000e+00
102.492831048 0.000000e+00
102.885650312 0.000000e+00
103.278469576 0.000000e+00
103.67128884 0.000000e+00
104.064108104 0.000000e+00
104.456927368 0.000000e+00
104.849746632 0.000000e+00
105.242565895 0.000000e+00
105.635385159 0.000000e+00
106.028204423 0.000000e+00
106.421023687 0.000000e+00
106.813842951 0.000000e+00
107.206662215 0.000000e+00
107.599481479 0.000000e+00
107.992300742 0.000000e+00
108.385120006 0.000000e+00
108.77793927 0.000000e+00
109.170758534 0.000000e+00
109.563577798 0.000000e+00
109.956397062 0.000000e+00
110.349216326 0.000000e+00
110.742035589 0.000000e+00
111.134854853 0.000000e+00
111.527674117 0.000000e+00
111.920493381 0.000000e+00
112.313312645 0.000000e+00
112.706131909 0.000000e+00
113.098951173 0.000000e+00
113.491770436 0.000000e+00
113.8845897 0.000000e+00
114.277408964 0.000000e+00
114.670228228 0.000000e+00
115.063047492 0.000000e+00
115.455866756 0.000000e+00
115.84868602 0.000000e+00
116.241505283 0.000000e+00
116.634324547 0.000000e+00
117.027143811 0.000000e+00
117.419963075 0.000000e+00
117.812782339 0.000000e+00
118.205601603 0.000000e+00
118.598420867 0.000000e+00
118.99124013 0.000000e+00
119.384059394 0.000000e+00
119.776878658 0.000000e+00
120.169697922 0.000000e+00
120.562517186 0.000000e+00
120.95533645 0.000000e+00
121.348155714 0.000000e+00
121.740974977 0.000000e+00
122.133794241 0.000000e+00
122.526613505 0.000000e+00
122.919432769 0.000000e+00
123.312252033 0.000000e+00
123.705071297 0.000000e+00
124.097890561 0.000000e+00
124.490709824 0.000000e+00
124.883529088 0.000000e+00
125.276348352 0.000000e+00
125.669167616 0.000000e+00
126.06198688 0.000000e+00
126.454806144 0.000000e+00
126.847625408 0.000000e+00
127.240444671 0.000000e+00
127.633263935 0.000000e+00
128.026083199 0.000000e+00
128.418902463 0.000000e+00
128.811721727 0.000000e+00
129.204540991 0.000000e+00
129.597360255 0.000000e+00
129.990179518 0.000000e+00
130.382998782 0.000000e+00
130.775818046 0.000000e+00
131.16863731 0.000000e+00
131.561456574 0.000000e+00
131.954275838 0.000000e+00
132.347095102 0.000000e+00
132.739914365 0.000000e+00
133.132733629 0.000000e+00
133.525552893 0.000000e+00
133.918372157 0.000000e+00
134.311191421 0.000000e+00
134.704010685 0.000000e+00
135.096829949 0.000000e+00
135.489649212 0.000000e+00
135.882468476 0.000000e+00
136.27528774 0.000000e+00
136.668107004 0.000000e+00
137.060926268 0.000000e+00
137.453745532 0.000000e+00
137.846564796 0.000000e+00
138.239384059 0.000000e+00
138.632203323 0.000000e+00
139.025022587 0.000000e+00
139.417841851 0.000000e+00
139.810661115 0.000000e+00
140.203480379 0.000000e+00
140.596299643 0.000000e+00
140.989118906 0.000000e+00
141.38193817 0.000000e+00
141.774757434 0.000000e+00
142.167576698 0.000000e+00
142.560395962 0.000000e+00
142.953215226 0.000000e+00
143.34603449 0.000000e+00
143.738853753 0.000000e+00
144.131673017 0.000000e+00
144.524492281 0.000000e+00
144.917311545 0.000000e+00
145.310130809 0.000000e+00
145.702950073 0.000000e+00
146.095769337 0.000000e+00
146.4885886 0.000000e+00
146.881407864 0.000000e+00
147.274227128 0.000000e+00
147.667046392 0.000000e+00
148.059865656 0.000000e+00
148.45268492 0.000000e+00
148.845504184 0.000000e+00
149.238323447 0.000000e+00
149.631142711 0.000000e+00
150.023961975 0.000000e+00
150.416781239 0.000000e+00
150.809600503 0.000000e+00
151.202419767 0.000000e+00
151.595239031 0.000000e+00
151.988058294 0.000000e+00
152.380877558 0.000000e+00
152.773696822 0.000000e+00
153.166516086 0.000000e+00
153.55933535 0.000000e+00
153.952154614 0.000000e+00
154.344973878 0.000000e+00
154.737793141 0.000000e+00
155.130612405 0.000000e+00
155.523431669 0.000000e+00
155.916250933 0.000000e+00
156.309070197 0.000000e+00
156.701889461 0.000000e+00
157.094708725 0.000000e+00
157.487527988 0.000000e+00
157.880347252 0.000000e+00
158.273166516 0.000000e+00
158.66598578 0.000000e+00
159.058805044 0.000000e+00
159.451624308 0.000000e+00
159.844443572 0.000000e+00
160.237262835 0.000000e+00
160.630082099 0.000000e+00
161.022901363 0.000000e+00
161.415720627 0.000000e+00
161.808539891 0.000000e+00
162.201359155 0.000000e+00
162.594178419 0.000000e+00
162.986997682 0.000000e+00
163.379816946 0.000000e+00
163.77263621 0.000000e+00
164.165455474 0.000000e+00
164.558274738 0.000000e+00
164.951094002 0.000000e+00
165.343913266 0.000000e+00
165.736732529 0.000000e+00
166.129551793 0.000000e+00
166.522371057 0.000000e+00
166.915190321 0.000000e+00
167.308009585 0.000000e+00
167.700828849 0.000000e+00
168.093648113 0.000000e+00
168.486467376 0.000000e+00
168.87928664 0.000000e+00
169.272105904 0.000000e+00
169.664925168 0.000000e+00
170.057744432 0.000000e+00
170.450563696 0.000000e+00
170.84338296 0.000000e+00
171.236202223 0.000000e+00
171.629021487 0.000000e+00
172.021840751 0.000000e+00
172.414660015 0.000000e+00
172.807479279 0.000000e+00
173.200298543 0.000000e+00
173.593117806 0.000000e+00
173.98593707 0.000000e+00
174.378756334 0.000000e+00
174.771575598 0.000000e+00
175.164394862 0.000000e+00
175.557214126 0.000000e+00
175.95003339 0.000000e+00
176.342852653 0.000000e+00
176.735671917 0.000000e+00
177.128491181 0.000000e+00
177.521310445 0.000000e+00
177.914129709 0.000000e+00
178.306948973 0.000000e+00
178.699768237 0.000000e+00
179.0925875 0.000000e+00
179.485406764 0.000000e+00
179.878226028 0.000000e+00
180.271045292 0.000000e+00
180.663864556 0.000000e+00
181.05668382 0.000000e+00
181.449503084 0.000000e+00
181.842322347 0.000000e+00
182.235141611 0.000000e+00
182.627960875 0.000000e+00
183.020780139 0.000000e+00
183.413599403 0.000000e+00
183.806418667 0.000000e+00
184.199237931 0.000000e+00
184.592057194 0.000000e+00
184.984876458 0.000000e+00
185.377695722 0.000000e+00
185.770514986 0.000000e+00
186.16333425 0.000000e+00
186.556153514 0.000000e+00
186.948972778 0.000000e+00
187.341792041 0.000000e+00
187.734611305 0.000000e+00
188.127430569 0.000000e+00
188.520249833 0.000000e+00
188.913069097 0.000000e+00
189.305888361 0.000000e+00
189.698707625 0.000000e+00
190.091526888 0.000000e+00
190.484346152 0.000000e+00
190.877165416 0.000000e+00
191.26998468 0.000000e+00
191.662803944 0.000000e+00
192.055623208 0.000000e+00
192.448442472 0.000000e+00
192.841261735 0.000000e+00
193.234080999 0.000000e+00
193.626900263 0.000000e+00
194.019719527 0.000000e+00
194.412538791 0.000000e+00
194.805358055 0.000000e+00
195.198177319 0.000000e+00
195.590996582 0.000000e+00
195.983815846 0.000000e+00
196.37663511 0.000000e+00
196.769454374 0.000000e+00
197.162273638 0.000000e+00
197.555092902 0.000000e+00
197.947912166 0.000000e+00
198.340731429 0.000000e+00
198.733550693 0.000000e+00
199.126369957 0.000000e+00
199.519189221 0.000000e+00
199.912008485 0.000000e+00
200.304827749 0.000000e+00
200.697647013 0.000000e+00
201.090466276 0.000000e+00
201.48328554 0.000000e+00
201.876104804 0.000000e+00
202.268924068 0.000000e+00
202.661743332 0.000000e+00
203.054562596 0.000000e+00
203.44738186 0.000000e+00
203.840201123 0.000000e+00
204.233020387 0.000000e+00
204.625839651 0.000000e+00
205.018658915 0.000000e+00
205.411478179 0.000000e+00
205.804297443 0.000000e+00
206.197116707 0.000000e+00
206.58993597 0.000000e+00
206.982755234 0.000000e+00
207.375574498 0.000000e+00
207.768393762 0.000000e+00
208.161213026 0.000000e+00
208.55403229 0.000000e+00
208.946851554 0.000000e+00
209.339670817 0.000000e+00
209.732490081 0.000000e+00
210.125309345 0.000000e+00
210.518128609 0.000000e+00
210.910947873 0.000000e+00
211.303767137 0.000000e+00
211.696586401 0.000000e+00
212.089405664 0.000000e+00
212.482224928 0.000000e+00
212.875044192 0.000000e+00
213.267863456 0.000000e+00
213.66068272 0.000000e+00
214.053501984 0.000000e+00
214.446321248 0.000000e+00
214.839140511 0.000000e+00
215.231959775 0.000000e+00
215.624779039 0.000000e+00
216.017598303 0.000000e+00
216.410417567 0.000000e+00
216.803236831 0.000000e+00
217.196056095 0.000000e+00
217.588875358 0.000000e+00
217.981694622 0.000000e+00
218.374513886 0.000000e+00
218.76733315 0.000000e+00
219.160152414 0.000000e+00
219.552971678 0.000000e+00
219.945790942 0.000000e+00
220.338610205 0.000000e+00
220.731429469 0.000000e+00
221.124248733 0.000000e+00
221.517067997 0.000000e+00
221.909887261 0.000000e+00
222.302706525 0.000000e+00
222.695525789 0.000000e+00
223.088345052 0.000000e+00
223.481164316 0.000000e+00
223.87398358 0.000000e+00
224.266802844 0.000000e+00
224.659622108 0.000000e+00
225.052441372 0.000000e+00
225.445260636 0.000000e+00
225.838079899 0.000000e+00
226.230899163 0.000000e+00
226.623718427 0.000000e+00
227.016537691 0.000000e+00
227.409356955 0.000000e+00
227.802176219 0.000000e+00
228.194995483 0.000000e+00
228.587814746 0.000000e+00
228.98063401 0.000000e+00
229.373453274 0.000000e+00
229.766272538 0.000000e+00
230.159091802 0.000000e+00
230.551911066 0.000000e+00
230.94473033 0.000000e+00
231.337549593 0.000000e+00
231.730368857 0.000000e+00
232.123188121 0.000000e+00
232.516007385 0.000000e+00
232.908826649 0.000000e+00
233.301645913 0.000000e+00
233.694465177 0.000000e+00
234.08728444 0.000000e+00
234.480103704 0.000000e+00
234.872922968 0.000000e+00
235.265742232 0.000000e+00
235.658561496 0.000000e+00
236.05138076 0.000000e+00
236.444200024 0.000000e+00
236.837019287 0.000000e+00
237.229838551 0.000000e+00
237.622657815 0.000000e+00
238.015477079 0.000000e+00
238.408296343 0.000000e+00
238.801115607 0.000000e+00
239.193934871 0.000000e+00
239.586754134 0.000000e+00
239.979573398 0.000000e+00
240.372392662 0.000000e+00
240.765211926 0.000000e+00
241.15803119 0.000000e+00
241.550850454 0.000000e+00
241.943669718 0.000000e+00
242.336488981 0.000000e+00
242.729308245 0.000000e+00
243.122127509 0.000000e+00
243.514946773 0.000000e+00
243.907766037 0.000000e+00
244.300585301 0.000000e+00
244.693404565 0.000000e+00
245.086223828 0.000000e+00
245.479043092 0.000000e+00
245.871862356 0.000000e+00
246.26468162 0.000000e+00
246.657500884 0.000000e+00
247.050320148 0.000000e+00
247.443139412 0.000000e+00
247.835958675 0.000000e+00
248.228777939 0.000000e+00
248.621597203 0.000000e+00
249.014416467 0.000000e+00
249.407235731 0.000000e+00
249.800054995 0.000000e+00
250.192874259 0.000000e+00
250.585693522 0.000000e+00
250.978512786 0.000000e+00
251.37133205 0.000000e+00
251.764151314 0.000000e+00
252.156970578 0.000000e+00
252.549789842 0.000000e+00
252.942609106 0.000000e+00
253.335428369 0.000000e+00
253.728247633 0.000000e+00
254.121066897 0.000000e+00
254.513886161 0.000000e+00
254.906705425 0.000000e+00
255.299524689 0.000000e+00
255.692343953 0.000000e+00
256.085163216 0.000000e+00
256.47798248 0.000000e+00
256.870801744 0.000000e+00
257.263621008 0.000000e+00
257.656440272 0.000000e+00
258.049259536 0.000000e+00
258.4420788 0.000000e+00
258.834898063 0.000000e+00
259.227717327 0.000000e+00
259.620536591 0.000000e+00
260.013355855 0.000000e+00
260.406175119 0.000000e+00
260.798994383 0.000000e+00
261.191813647 0.000000e+00
261.58463291 0.000000e+00
261.977452174 0.000000e+00
262.370271438 0.000000e+00
262.763090702 0.000000e+00
263.155909966 0.000000e+00
263.54872923 0.000000e+00
263.941548494 0.000000e+00
264.334367757 0.000000e+00
264.727187021 0.000000e+00
265.120006285 0.000000e+00
265.512825549 0.000000e+00
265.905644813 0.000000e+00
266.298464077 0.000000e+00
266.691283341 0.000000e+00
267.084102604 0.000000e+00
267.476921868 0.000000e+00
267.869741132 0.000000e+00
268.262560396 0.000000e+00
268.65537966 0.000000e+00
269.048198924 0.000000e+00
269.441018188 0.000000e+00
269.833837451 0.000000e+00
270.226656715 0.000000e+00
270.619475979 0.000000e+00
271.012295243 0.000000e+00
271.405114507 0.000000e+00
271.797933771 0.000000e+00
272.190753035 0.000000e+00
272.583572298 0.000000e+00
272.976391562 0.000000e+00
273.369210826 0.000000e+00
273.76203009 0.000000e+00
274.154849354 0.000000e+00
274.547668618 0.000000e+00
274.940487882 0.000000e+00
275.333307145 0.000000e+00
275.726126409 0.000000e+00
276.118945673 0.000000e+00
276.511764937 0.000000e+00
276.904584201 0.000000e+00
277.297403465 0.000000e+00
277.690222729 0.000000e+00
278.083041992 0.000000e+00
278.475861256 0.000000e+00
278.86868052 0.000000e+00
279.261499784 0.000000e+00
279.654319048 0.000000e+00
280.047138312 0.000000e+00
280.439957576 0.000000e+00
280.832776839 0.000000e+00
281.225596103 0.000000e+00
281.618415367 0.000000e+00
282.011234631 0.000000e+00
282.404053895 0.000000e+00
282.796873159 0.000000e+00
283.189692423 0.000000e+00
283.582511686 0.000000e+00
283.97533095 0.000000e+00
284.368150214 0.000000e+00
284.760969478 0.000000e+00
285.153788742 0.000000e+00
285.546608006 0.000000e+00
285.93942727 0.000000e+00
286.332246533 0.000000e+00
286.725065797 0.000000e+00
287.117885061 0.000000e+00
287.510704325 0.000000e+00
287.903523589 0.000000e+00
288.296342853 0.000000e+00
288.689162117 0.000000e+00
289.08198138 0.000000e+00
289.474800644 0.000000e+00
289.867619908 0.000000e+00
290.260439172 0.000000e+00
290.653258436 0.000000e+00
291.0460777 0.000000e+00
291.438896964 0.000000e+00
291.831716227 0.000000e+00
292.224535491 0.000000e+00
292.617354755 0.000000e+00
293.010174019 0.000000e+00
293.402993283 0.000000e+00
293.795812547 0.000000e+00
294.188631811 0.000000e+00
294.581451074 0.000000e+00
294.974270338 0.000000e+00
295.367089602 0.000000e+00
295.759908866 0.000000e+00
296.15272813 0.000000e+00
296.545547394 0.000000e+00
296.938366658 0.000000e+00
297.331185921 0.000000e+00
297.724005185 0.000000e+00
298.116824449 0.000000e+00
298.509643713 0.000000e+00
298.902462977 0.000000e+00
299.295282241 0.000000e+00
299.688101504 0.000000e+00
300.080920768 0.000000e+00
300.473740032 0.000000e+00
300.866559296 0.000000e+00
301.25937856 0.000000e+00
301.652197824 0.000000e+00
302.045017088 0.000000e+00
302.437836351 0.000000e+00
302.830655615 0.000000e+00
303.223474879 0.000000e+00
303.616294143 0.000000e+00
304.009113407 0.000000e+00
304.401932671 0.000000e+00
304.794751935 0.000000e+00
305.187571198 0.000000e+00
305.580390462 0.000000e+00
305.973209726 0.000000e+00
306.36602899 0.000000e+00
306.758848254 0.000000e+00
307.151667518 0.000000e+00
307.544486782 0.000000e+00
307.937306045 0.000000e+00
308.330125309 0.000000e+00
308.722944573 0.000000e+00
309.115763837 0.000000e+00
309.508583101 0.000000e+00
309.901402365 0.000000e+00
310.294221629 0.000000e+00
310.687040892 0.000000e+00
311.079860156 0.000000e+00
311.47267942 0.000000e+00
311.865498684 0.000000e+00
312.258317948 0.000000e+00
312.651137212 0.000000e+00
313.043956476 0.000000e+00
313.436775739 0.000000e+00
313.829595003 0.000000e+00
314.222414267 0.000000e+00
314.615233531 0.000000e+00
315.008052795 0.000000e+00
315.400872059 0.000000e+00
315.793691323 0.000000e+00
316.186510586 0.000000e+00
316.57932985 0.000000e+00
316.972149114 0.000000e+00
317.364968378 0.000000e+00
317.757787642 0.000000e+00
318.150606906 0.000000e+00
318.54342617 0.000000e+00
318.936245433 0.000000e+00
319.329064697 0.000000e+00
319.721883961 0.000000e+00
320.114703225 0.000000e+00
320.507522489 0.000000e+00
320.900341753 0.000000e+00
321.293161017 0.000000e+00
321.68598028 0.000000e+00
322.078799544 0.000000e+00
322.471618808 0.000000e+00
322.864438072 0.000000e+00
323.257257336 0.000000e+00
323.6500766 0.000000e+00
324.042895864 0.000000e+00
324.435715127 0.000000e+00
324.828534391 0.000000e+00
325.221353655 0.000000e+00
325.614172919 0.000000e+00
326.006992183 0.000000e+00
326.399811447 0.000000e+00
326.792630711 0.000000e+00
327.185449974 0.000000e+00
327.578269238 0.000000e+00
327.971088502 0.000000e+00
328.363907766 0.000000e+00
328.75672703 0.000000e+00
329.149546294 0.000000e+00
329.542365558 0.000000e+00
329.935184821 0.000000e+00
330.328004085 0.000000e+00
330.720823349 0.000000e+00
331.113642613 0.000000e+00
331.506461877 0.000000e+00
331.899281141 0.000000e+00
332.292100405 0.000000e+00
332.684919668 0.000000e+00
333.077738932 0.000000e+00
333.470558196 0.000000e+00
333.86337746 0.000000e+00
334.256196724 0.000000e+00
334.649015988 0.000000e+00
335.041835252 0.000000e+00
335.434654515 0.000000e+00
335.827473779 0.000000e+00
336.220293043 0.000000e+00
336.613112307 0.000000e+00
337.005931571 0.000000e+00
337.398750835 0.000000e+00
337.791570099 0.000000e+00
338.184389362 0.000000e+00
338.577208626 0.000000e+00
338.97002789 0.000000e+00
339.362847154 0.000000e+00
339.755666418 0.000000e+00
340.148485682 0.000000e+00
340.541304946 0.000000e+00
340.934124209 0.000000e+00
341.326943473 0.000000e+00
341.719762737 0.000000e+00
342.112582001 0.000000e+00
342.505401265 0.000000e+00
342.898220529 0.000000e+00
343.291039793 0.000000e+00
343.683859056 0.000000e+00
344.07667832 0.000000e+00
344.469497584 0.000000e+00
344.862316848 0.000000e+00
345.255136112 0.000000e+00
345.647955376 0.000000e+00
346.04077464 0.000000e+00
346.433593903 0.000000e+00
346.826413167 0.000000e+00
347.219232431 0.000000e+00
347.612051695 0.000000e+00
348.004870959 0.000000e+00
348.397690223 0.000000e+00
348.790509487 0.000000e+00
349.18332875 0.000000e+00
349.576148014 0.000000e+00
349.968967278 0.000000e+00
350.361786542 0.000000e+00
350.754605806 0.000000e+00
351.14742507 0.000000e+00
351.540244334 0.000000e+00
351.933063597 0.000000e+00
352.325882861 0.000000e+00
352.718702125 0.000000e+00
353.111521389 0.000000e+00
353.504340653 0.000000e+00
353.897159917 0.000000e+00
354.289979181 0.000000e+00
354.682798444 0.000000e+00
355.075617708 0.000000e+00
355.468436972 0.000000e+00
355.861256236 0.000000e+00
356.2540755 0.000000e+00
356.646894764 0.000000e+00
357.039714028 0.000000e+00
357.432533291 0.000000e+00
357.825352555 0.000000e+00
358.218171819 0.000000e+00
358.610991083 0.000000e+00
359.003810347 0.000000e+00
359.396629611 0.000000e+00
359.789448875 0.000000e+00
360.182268138 0.000000e+00
360.575087402 0.000000e+00
360.967906666 0.000000e+00
361.36072593 0.000000e+00
361.753545194 0.000000e+00
362.146364458 0.000000e+00
362.539183722 0.000000e+00
362.932002985 0.000000e+00
363.324822249 0.000000e+00
363.717641513 0.000000e+00
364.110460777 0.000000e+00
364.503280041 0.000000e+00
364.896099305 0.000000e+00
365.288918569 0.000000e+00
365.681737832 0.000000e+00
366.074557096 0.000000e+00
366.46737636 0.000000e+00
366.860195624 0.000000e+00
367.253014888 0.000000e+00
367.645834152 0.000000e+00
368.038653416 0.000000e+00
368.431472679 0.000000e+00
368.824291943 0.000000e+00
369.217111207 0.000000e+00
369.609930471 0.000000e+00
370.002749735 0.000000e+00
370.395568999 0.000000e+00
370.788388263 0.000000e+00
371.181207526 0.000000e+00
371.57402679 0.000000e+00
371.966846054 0.000000e+00
372.359665318 0.000000e+00
372.752484582 0.000000e+00
373.145303846 0.000000e+00
373.53812311 0.000000e+00
373.930942373 0.000000e+00
374.323761637 0.000000e+00
374.716580901 0.000000e+00
375.109400165 0.000000e+00
375.502219429 0.000000e+00
375.895038693 0.000000e+00
376.287857957 0.000000e+00
376.68067722 0.000000e+00
377.073496484 0.000000e+00
377.466315748 0.000000e+00
377.859135012 0.000000e+00
378.859135012 0.0
379.859135012 0.0
380.859135012 0.0
381.859135012 0.0
382.859135012 0.0
383.859135012 0.0
384.859135012 0.0
385.859135012 0.0
386.859135012 0.0
387.859135012 0.0
388.859135012 0.0
389.859135012 0.0
390.859135012 0.0
391.859135012 0.0
392.859135012 0.0
393.859135012 0.0
394.859135012 0.0
395.859135012 0.0
396.859135012 0.0
397.859135012 0.0
398.859135012 0.0
399.859135012 0.0
400.859135012 0.0
401.859135012 0.0
402.859135012 0.0
403.859135012 0.0
404.859135012 0.0
405.859135012 0.0
406.859135012 0.0
407.859135012 0.0
408.859135012 0.0
409.859135012 0.0
410.859135012 0.0
411.859135012 0.0
412.859135012 0.0
413.859135012 0.0
414.859135012 0.0
415.859135012 0.0
416.859135012 0.0
417.859135012 0.0
418.859135012 0.0
419.859135012 0.0
420.859135012 0.0
421.859135012 0.0
422.859135012 0.0
423.859135012 0.0
424.859135012 0.0
425.859135012 0.0
426.859135012 0.0
427.859135012 0.0
428.859135012 0.0
429.859135012 0.0
430.859135012 0.0
431.859135012 0.0
432.859135012 0.0
433.859135012 0.0
434.859135012 0.0
435.859135012 0.0
436.859135012 0.0
437.859135012 0.0
438.859135012 0.0
439.859135012 0.0
440.859135012 0.0
441.859135012 0.0
442.859135012 0.0
443.859135012 0.0
444.859135012 0.0
445.859135012 0.0
446.859135012 0.0
447.859135012 0.0
448.859135012 0.0
449.859135012 0.0
450.859135012 0.0
451.859135012 0.0
452.859135012 0.0
453.859135012 0.0
454.859135012 0.0
455.859135012 0.0
456.859135012 0.0
457.859135012 0.0
458.859135012 0.0
459.859135012 0.0
460.859135012 0.0
461.859135012 0.0
462.859135012 0.0
463.859135012 0.0
464.859135012 0.0
465.859135012 0.0
466.859135012 0.0
467.859135012 0.0
468.859135012 0.0
469.859135012 0.0
470.859135012 0.0
471.859135012 0.0
472.859135012 0.0
473.859135012 0.0
474.859135012 0.0
475.859135012 0.0
476.859135012 0.0
477.859135012 0.0
478.859135012 0.0
479.859135012 0.0
480.859135012 0.0
481.859135012 0.0
482.859135012 0.0
483.859135012 0.0
484.859135012 0.0
485.859135012 0.0
486.859135012 0.0
487.859135012 0.0
488.859135012 0.0
489.859135012 0.0
490.859135012 0.0
491.859135012 0.0
492.859135012 0.0
493.859135012 0.0
494.859135012 0.0
495.859135012 0.0
496.859135012 0.0
497.859135012 0.0
498.859135012 0.0
499.859135012 0.0
500.859135012 0.0
501.859135012 0.0
502.859135012 0.0
503.859135012 0.0
504.859135012 0.0
505.859135012 0.0
506.859135012 0.0
507.859135012 0.0
508.859135012 0.0
509.859135012 0.0
510.859135012 0.0
511.859135012 0.0
512.859135012 0.0
513.859135012 0.0
514.859135012 0.0
515.859135012 0.0
516.859135012 0.0
517.859135012 0.0
518.859135012 0.0
519.859135012 0.0
520.859135012 0.0
521.859135012 0.0
522.859135012 0.0
523.859135012 0.0
524.859135012 0.0
525.859135012 0.0
526.859135012 0.0
527.859135012 0.0
528.859135012 0.0
529.859135012 0.0
530.859135012 0.0
531.859135012 0.0
532.859135012 0.0
533.859135012 0.0
534.859135012 0.0
535.859135012 0.0
536.859135012 0.0
537.859135012 0.0
538.859135012 0.0
539.859135012 0.0
540.859135012 0.0
541.859135012 0.0
542.859135012 0.0
543.859135012 0.0
544.859135012 0.0
545.859135012 0.0
546.859135012 0.0
547.859135012 0.0
548.859135012 0.0
549.859135012 0.0
550.859135012 0.0
551.859135012 0.0
552.859135012 0.0
553.859135012 0.0
554.859135012 0.0
555.859135012 0.0
556.859135012 0.0
557.859135012 0.0
558.859135012 0.0
559.859135012 0.0
560.859135012 0.0
561.859135012 0.0
562.859135012 0.0
563.859135012 0.0
564.859135012 0.0
565.859135012 0.0
566.859135012 0.0
567.859135012 0.0
568.859135012 0.0
569.859135012 0.0
570.859135012 0.0
571.859135012 0.0
572.859135012 0.0
573.859135012 0.0
574.859135012 0.0
575.859135012 0.0
576.859135012 0.0
577.859135012 0.0
578.859135012 0.0
579.859135012 0.0
580.859135012 0.0
581.859135012 0.0
582.859135012 0.0
583.859135012 0.0
584.859135012 0.0
585.859135012 0.0
586.859135012 0.0
587.859135012 0.0
588.859135012 0.0
589.859135012 0.0
590.859135012 0.0
591.859135012 0.0
592.859135012 0.0
593.859135012 0.0
594.859135012 0.0
595.859135012 0.0
596.859135012 0.0
597.859135012 0.0
598.859135012 0.0
599.859135012 0.0
600.859135012 0.0
601.859135012 0.0
602.859135012 0.0
603.859135012 0.0
604.859135012 0.0
605.859135012 0.0
606.859135012 0.0
607.859135012 0.0
608.859135012 0.0
609.859135012 0.0
610.859135012 0.0
611.859135012 0.0
612.859135012 0.0
613.859135012 0.0
614.859135012 0.0
615.859135012 0.0
616.859135012 0.0
617.859135012 0.0
618.859135012 0.0
619.859135012 0.0
620.859135012 0.0
621.859135012 0.0
622.859135012 0.0
623.859135012 0.0
624.859135012 0.0
625.859135012 0.0
626.859135012 0.0
627.859135012 0.0
628.859135012 0.0
629.859135012 0.0
630.859135012 0.0
631.859135012 0.0
632.859135012 0.0
633.859135012 0.0
634.859135012 0.0
635.859135012 0.0
636.859135012 0.0
637.859135012 0.0
638.859135012 0.0
639.859135012 0.0
640.859135012 0.0
641.859135012 0.0
642.859135012 0.0
643.859135012 0.0
644.859135012 0.0
645.859135012 0.0
646.859135012 0.0
647.859135012 0.0
648.859135012 0.0
649.859135012 0.0
650.859135012 0.0
651.859135012 0.0
652.859135012 0.0
653.859135012 0.0
654.859135012 0.0
655.859135012 0.0
656.859135012 0.0
657.859135012 0.0
658.859135012 0.0
659.859135012 0.0
660.859135012 0.0
661.859135012 0.0
662.859135012 0.0
663.859135012 0.0
664.859135012 0.0
665.859135012 0.0
666.859135012 0.0
667.859135012 0.0
668.859135012 0.0
669.859135012 0.0
670.859135012 0.0
671.859135012 0.0
672.859135012 0.0
673.859135012 0.0
674.859135012 0.0
675.859135012 0.0
676.859135012 0.0
677.859135012 0.0
678.859135012 0.0
679.859135012 0.0
680.859135012 0.0
681.859135012 0.0
682.859135012 0.0
683.859135012 0.0
684.859135012 0.0
685.859135012 0.0
686.859135012 0.0
687.859135012 0.0
688.859135012 0.0
689.859135012 0.0
690.859135012 0.0
691.859135012 0.0
692.859135012 0.0
693.859135012 0.0
694.859135012 0.0
695.859135012 0.0
696.859135012 0.0
697.859135012 0.0
698.859135012 0.0
699.859135012 0.0
700.859135012 0.0
701.859135012 0.0
702.859135012 0.0
703.859135012 0.0
704.859135012 0.0
705.859135012 0.0
706.859135012 0.0
707.859135012 0.0
708.859135012 0.0
709.859135012 0.0
710.859135012 0.0
711.859135012 0.0
712.859135012 0.0
713.859135012 0.0
714.859135012 0.0
715.859135012 0.0
716.859135012 0.0
717.859135012 0.0
718.859135012 0.0
719.859135012 0.0
720.859135012 0.0
721.859135012 0.0
722.859135012 0.0
723.859135012 0.0
724.859135012 0.0
725.859135012 0.0
726.859135012 0.0
727.859135012 0.0
728.859135012 0.0
729.859135012 0.0
730.859135012 0.0
731.859135012 0.0
732.859135012 0.0
733.859135012 0.0
734.859135012 0.0
735.859135012 0.0
736.859135012 0.0
737.859135012 0.0
738.859135012 0.0
739.859135012 0.0
740.859135012 0.0
741.859135012 0.0
742.859135012 0.0
743.859135012 0.0
744.859135012 0.0
745.859135012 0.0
746.859135012 0.0
747.859135012 0.0
748.859135012 0.0
749.859135012 0.0
750.859135012 0.0
751.859135012 0.0
752.859135012 0.0
753.859135012 0.0
754.859135012 0.0
755.859135012 0.0
756.859135012 0.0
757.859135012 0.0
758.859135012 0.0
759.859135012 0.0
760.859135012 0.0
761.859135012 0.0
762.859135012 0.0
763.859135012 0.0
764.859135012 0.0
765.859135012 0.0
766.859135012 0.0
767.859135012 0.0
768.859135012 0.0
769.859135012 0.0
770.859135012 0.0
771.859135012 0.0
772.859135012 0.0
773.859135012 0.0
774.859135012 0.0
775.859135012 0.0
776.859135012 0.0
777.859135012 0.0
778.859135012 0.0
779.859135012 0.0
780.859135012 0.0
781.859135012 0.0
782.859135012 0.0
783.859135012 0.0
784.859135012 0.0
785.859135012 0.0
786.859135012 0.0
787.859135012 0.0
788.859135012 0.0
789.859135012 0.0
790.859135012 0.0
791.859135012 0.0
792.859135012 0.0
793.859135012 0.0
794.859135012 0.0
795.859135012 0.0
796.859135012 0.0
797.859135012 0.0
798.859135012 0.0
799.859135012 0.0
800.859135012 0.0
801.859135012 0.0
802.859135012 0.0
803.859135012 0.0
804.859135012 0.0
805.859135012 0.0
806.859135012 0.0
807.859135012 0.0
808.859135012 0.0
809.859135012 0.0
810.859135012 0.0
811.859135012 0.0
812.859135012 0.0
813.859135012 0.0
814.859135012 0.0
815.859135012 0.0
816.859135012 0.0
817.859135012 0.0
818.859135012 0.0
819.859135012 0.0
820.859135012 0.0
821.859135012 0.0
822.859135012 0.0
823.859135012 0.0
824.859135012 0.0
825.859135012 0.0
826.859135012 0.0
827.859135012 0.0
828.859135012 0.0
829.859135012 0.0
830.859135012 0.0
831.859135012 0.0
832.859135012 0.0
833.859135012 0.0
834.859135012 0.0
835.859135012 0.0
836.859135012 0.0
837.859135012 0.0
838.859135012 0.0
839.859135012 0.0
840.859135012 0.0
841.859135012 0.0
842.859135012 0.0
843.859135012 0.0
844.859135012 0.0
845.859135012 0.0
846.859135012 0.0
847.859135012 0.0
848.859135012 0.0
849.859135012 0.0
850.859135012 0.0
851.859135012 0.0
852.859135012 0.0
853.859135012 0.0
854.859135012 0.0
855.859135012 0.0
856.859135012 0.0
857.859135012 0.0
858.859135012 0.0
859.859135012 0.0
860.859135012 0.0
861.859135012 0.0
862.859135012 0.0
863.859135012 0.0
864.859135012 0.0
865.859135012 0.0
866.859135012 0.0
867.859135012 0.0
868.859135012 0.0
869.859135012 0.0
870.859135012 0.0
871.859135012 0.0
872.859135012 0.0
873.859135012 0.0
874.859135012 0.0
875.859135012 0.0
876.859135012 0.0
877.859135012 0.0
