-736.806895804 0.0
-735.806895804 0.0
-734.806895804 0.0
-733.806895804 0.0
-732.806895804 0.0
-731.806895804 0.0
-730.806895804 0.0
-729.806895804 0.0
-728.806895804 0.0
-727.806895804 0.0
-726.806895804 0.0
-725.806895804 0.0
-724.806895804 0.0
-723.806895804 0.0
-722.806895804 0.0
-721.806895804 0.0
-720.806895804 0.0
-719.806895804 0.0
-718.806895804 0.0
-717.806895804 0.0
-716.806895804 0.0
-715.806895804 0.0
-714.806895804 0.0
-713.806895804 0.0
-712.806895804 0.0
-711.806895804 0.0
-710.806895804 0.0
-709.806895804 0.0
-708.806895804 0.0
-707.806895804 0.0
-706.806895804 0.0
-705.806895804 0.0
-704.806895804 0.0
-703.806895804 0.0
-702.806895804 0.0
-701.806895804 0.0
-700.806895804 0.0
-699.806895804 0.0
-698.806895804 0.0
-697.806895804 0.0
-696.806895804 0.0
-695.806895804 0.0
-694.806895804 0.0
-693.806895804 0.0
-692.806895804 0.0
-691.806895804 0.0
-690.806895804 0.0
-689.806895804 0.0
-688.806895804 0.0
-687.806895804 0.0
-686.806895804 0.0
-685.806895804 0.0
-684.806895804 0.0
-683.806895804 0.0
-682.806895804 0.0
-681.806895804 0.0
-680.806895804 0.0
-679.806895804 0.0
-678.806895804 0.0
-677.806895804 0.0
-676.806895804 0.0
-675.806895804 0.0
-674.806895804 0.0
-673.806895804 0.0
-672.806895804 0.0
-671.806895804 0.0
-670.806895804 0.0
-669.806895804 0.0
-668.806895804 0.0
-667.806895804 0.0
-666.806895804 0.0
-665.806895804 0.0
-664.806895804 0.0
-663.806895804 0.0
-662.806895804 0.0
-661.806895804 0.0
-660.806895804 0.0
-659.806895804 0.0
-658.806895804 0.0
-657.806895804 0.0
-656.806895804 0.0
-655.806895804 0.0
-654.806895804 0.0
-653.806895804 0.0
-652.806895804 0.0
-651.806895804 0.0
-650.806895804 0.0
-649.806895804 0.0
-648.806895804 0.0
-647.806895804 0.0
-646.806895804 0.0
-645.806895804 0.0
-644.806895804 0.0
-643.806895804 0.0
-642.806895804 0.0
-641.806895804 0.0
-640.806895804 0.0
-639.806895804 0.0
-638.806895804 0.0
-637.806895804 0.0
-636.806895804 0.0
-635.806895804 0.0
-634.806895804 0.0
-633.806895804 0.0
-632.806895804 0.0
-631.806895804 0.0
-630.806895804 0.0
-629.806895804 0.0
-628.806895804 0.0
-627.806895804 0.0
-626.806895804 0.0
-625.806895804 0.0
-624.806895804 0.0
-623.806895804 0.0
-622.806895804 0.0
-621.806895804 0.0
-620.806895804 0.0
-619.806895804 0.0
-618.806895804 0.0
-617.806895804 0.0
-616.806895804 0.0
-615.806895804 0.0
-614.806895804 0.0
-613.806895804 0.0
-612.806895804 0.0
-611.806895804 0.0
-610.806895804 0.0
-609.806895804 0.0
-608.806895804 0.0
-607.806895804 0.0
-606.806895804 0.0
-605.806895804 0.0
-604.806895804 0.0
-603.806895804 0.0
-602.806895804 0.0
-601.806895804 0.0
-600.806895804 0.0
-599.806895804 0.0
-598.806895804 0.0
-597.806895804 0.0
-596.806895804 0.0
-595.806895804 0.0
-594.806895804 0.0
-593.806895804 0.0
-592.806895804 0.0
-591.806895804 0.0
-590.806895804 0.0
-589.806895804 0.0
-588.806895804 0.0
-587.806895804 0.0
-586.806895804 0.0
-585.806895804 0.0
-584.806895804 0.0
-583.806895804 0.0
-582.806895804 0.0
-581.806895804 0.0
-580.806895804 0.0
-579.806895804 0.0
-578.806895804 0.0
-577.806895804 0.0
-576.806895804 0.0
-575.806895804 0.0
-574.806895804 0.0
-573.806895804 0.0
-572.806895804 0.0
-571.806895804 0.0
-570.806895804 0.0
-569.806895804 0.0
-568.806895804 0.0
-567.806895804 0.0
-566.806895804 0.0
-565.806895804 0.0
-564.806895804 0.0
-563.806895804 0.0
-562.806895804 0.0
-561.806895804 0.0
-560.806895804 0.0
-559.806895804 0.0
-558.806895804 0.0
-557.806895804 0.0
-556.806895804 0.0
-555.806895804 0.0
-554.806895804 0.0
-553.806895804 0.0
-552.806895804 0.0
-551.806895804 0.0
-550.806895804 0.0
-549.806895804 0.0
-548.806895804 0.0
-547.806895804 0.0
-546.806895804 0.0
-545.806895804 0.0
-544.806895804 0.0
-543.806895804 0.0
-542.806895804 0.0
-541.806895804 0.0
-540.806895804 0.0
-539.806895804 0.0
-538.806895804 0.0
-537.806895804 0.0
-536.806895804 0.0
-535.806895804 0.0
-534.806895804 0.0
-533.806895804 0.0
-532.806895804 0.0
-531.806895804 0.0
-530.806895804 0.0
-529.806895804 0.0
-528.806895804 0.0
-527.806895804 0.0
-526.806895804 0.0
-525.806895804 0.0
-524.806895804 0.0
-523.806895804 0.0
-522.806895804 0.0
-521.806895804 0.0
-520.806895804 0.0
-519.806895804 0.0
-518.806895804 0.0
-517.806895804 0.0
-516.806895804 0.0
-515.806895804 0.0
-514.806895804 0.0
-513.806895804 0.0
-512.806895804 0.0
-511.806895804 0.0
-510.806895804 0.0
-509.806895804 0.0
-508.806895804 0.0
-507.806895804 0.0
-506.806895804 0.0
-505.806895804 0.0
-504.806895804 0.0
-503.806895804 0.0
-502.806895804 0.0
-501.806895804 0.0
-500.806895804 0.0
-499.806895804 0.0
-498.806895804 0.0
-497.806895804 0.0
-496.806895804 0.0
-495.806895804 0.0
-494.806895804 0.0
-493.806895804 0.0
-492.806895804 0.0
-491.806895804 0.0
-490.806895804 0.0
-489.806895804 0.0
-488.806895804 0.0
-487.806895804 0.0
-486.806895804 0.0
-485.806895804 0.0
-484.806895804 0.0
-483.806895804 0.0
-482.806895804 0.0
-481.806895804 0.0
-480.806895804 0.0
-479.806895804 0.0
-478.806895804 0.0
-477.806895804 0.0
-476.806895804 0.0
-475.806895804 0.0
-474.806895804 0.0
-473.806895804 0.0
-472.806895804 0.0
-471.806895804 0.0
-470.806895804 0.0
-469.806895804 0.0
-468.806895804 0.0
-467.806895804 0.0
-466.806895804 0.0
-465.806895804 0.0
-464.806895804 0.0
-463.806895804 0.0
-462.806895804 0.0
-461.806895804 0.0
-460.806895804 0.0
-459.806895804 0.0
-458.806895804 0.0
-457.806895804 0.0
-456.806895804 0.0
-455.806895804 0.0
-454.806895804 0.0
-453.806895804 0.0
-452.806895804 0.0
-451.806895804 0.0
-450.806895804 0.0
-449.806895804 0.0
-448.806895804 0.0
-447.806895804 0.0
-446.806895804 0.0
-445.806895804 0.0
-444.806895804 0.0
-443.806895804 0.0
-442.806895804 0.0
-441.806895804 0.0
-440.806895804 0.0
-439.806895804 0.0
-438.806895804 0.0
-437.806895804 0.0
-436.806895804 0.0
-435.806895804 0.0
-434.806895804 0.0
-433.806895804 0.0
-432.806895804 0.0
-431.806895804 0.0
-430.806895804 0.0
-429.806895804 0.0
-428.806895804 0.0
-427.806895804 0.0
-426.806895804 0.0
-425.806895804 0.0
-424.806895804 0.0
-423.806895804 0.0
-422.806895804 0.0
-421.806895804 0.0
-420.806895804 0.0
-419.806895804 0.0
-418.806895804 0.0
-417.806895804 0.0
-416.806895804 0.0
-415.806895804 0.0
-414.806895804 0.0
-413.806895804 0.0
-412.806895804 0.0
-411.806895804 0.0
-410.806895804 0.0
-409.806895804 0.0
-408.806895804 0.0
-407.806895804 0.0
-406.806895804 0.0
-405.806895804 0.0
-404.806895804 0.0
-403.806895804 0.0
-402.806895804 0.0
-401.806895804 0.0
-400.806895804 0.0
-399.806895804 0.0
-398.806895804 0.0
-397.806895804 0.0
-396.806895804 0.0
-395.806895804 0.0
-394.806895804 0.0
-393.806895804 0.0
-392.806895804 0.0
-391.806895804 0.0
-390.806895804 0.0
-389.806895804 0.0
-388.806895804 0.0
-387.806895804 0.0
-386.806895804 0.0
-385.806895804 0.0
-384.806895804 0.0
-383.806895804 0.0
-382.806895804 0.0
-381.806895804 0.0
-380.806895804 0.0
-379.806895804 0.0
-378.806895804 0.0
-377.806895804 0.0
-376.806895804 0.0
-375.806895804 0.0
-374.806895804 0.0
-373.806895804 0.0
-372.806895804 0.0
-371.806895804 0.0
-370.806895804 0.0
-369.806895804 0.0
-368.806895804 0.0
-367.806895804 0.0
-366.806895804 0.0
-365.806895804 0.0
-364.806895804 0.0
-363.806895804 0.0
-362.806895804 0.0
-361.806895804 0.0
-360.806895804 0.0
-359.806895804 0.0
-358.806895804 0.0
-357.806895804 0.0
-356.806895804 0.0
-355.806895804 0.0
-354.806895804 0.0
-353.806895804 0.0
-352.806895804 0.0
-351.806895804 0.0
-350.806895804 0.0
-349.806895804 0.0
-348.806895804 0.0
-347.806895804 0.0
-346.806895804 0.0
-345.806895804 0.0
-344.806895804 0.0
-343.806895804 0.0
-342.806895804 0.0
-341.806895804 0.0
-340.806895804 0.0
-339.806895804 0.0
-338.806895804 0.0
-337.806895804 0.0
-336.806895804 0.0
-335.806895804 0.0
-334.806895804 0.0
-333.806895804 0.0
-332.806895804 0.0
-331.806895804 0.0
-330.806895804 0.0
-329.806895804 0.0
-328.806895804 0.0
-327.806895804 0.0
-326.806895804 0.0
-325.806895804 0.0
-324.806895804 0.0
-323.806895804 0.0
-322.806895804 0.0
-321.806895804 0.0
-320.806895804 0.0
-319.806895804 0.0
-318.806895804 0.0
-317.806895804 0.0
-316.806895804 0.0
-315.806895804 0.0
-314.806895804 0.0
-313.806895804 0.0
-312.806895804 0.0
-311.806895804 0.0
-310.806895804 0.0
-309.806895804 0.0
-308.806895804 0.0
-307.806895804 0.0
-306.806895804 0.0
-305.806895804 0.0
-304.806895804 0.0
-303.806895804 0.0
-302.806895804 0.0
-301.806895804 0.0
-300.806895804 0.0
-299.806895804 0.0
-298.806895804 0.0
-297.806895804 0.0
-296.806895804 0.0
-295.806895804 0.0
-294.806895804 0.0
-293.806895804 0.0
-292.806895804 0.0
-291.806895804 0.0
-290.806895804 0.0
-289.806895804 0.0
-288.806895804 0.0
-287.806895804 0.0
-286.806895804 0.0
-285.806895804 0.0
-284.806895804 0.0
-283.806895804 0.0
-282.806895804 0.0
-281.806895804 0.0
-280.806895804 0.0
-279.806895804 0.0
-278.806895804 0.0
-277.806895804 0.0
-276.806895804 0.0
-275.806895804 0.0
-274.806895804 0.0
-273.806895804 0.0
-272.806895804 0.0
-271.806895804 0.0
-270.806895804 0.0
-269.806895804 0.0
-268.806895804 0.0
-267.806895804 0.0
-266.806895804 0.0
-265.806895804 0.0
-264.806895804 0.0
-263.806895804 0.0
-262.806895804 0.0
-261.806895804 0.0
-260.806895804 0.0
-259.806895804 0.0
-258.806895804 0.0
-257.806895804 0.0
-256.806895804 0.0
-255.806895804 0.0
-254.806895804 0.0
-253.806895804 0.0
-252.806895804 0.0
-251.806895804 0.0
-250.806895804 0.0
-249.806895804 0.0
-248.806895804 0.0
-247.806895804 0.0
-246.806895804 0.0
-245.806895804 0.0
-244.806895804 0.0
-243.806895804 0.0
-242.806895804 0.0
-241.806895804 0.0
-240.806895804 0.0
-239.806895804 0.0
-238.806895804 0.0
-237.806895804 0.0
-236.806895804 0.000000e+00
-236.535834327 0.000000e+00
-236.26477285 0.000000e+00
-235.993711374 0.000000e+00
-235.722649897 0.000000e+00
-235.45158842 0.000000e+00
-235.180526944 0.000000e+00
-234.909465467 0.000000e+00
-234.63840399 0.000000e+00
-234.367342513 0.000000e+00
-234.096281037 0.000000e+00
-233.82521956 0.000000e+00
-233.554158083 0.000000e+00
-233.283096606 0.000000e+00
-233.01203513 0.000000e+00
-232.740973653 0.000000e+00
-232.469912176 0.000000e+00
-232.198850699 0.000000e+00
-231.927789223 0.000000e+00
-231.656727746 0.000000e+00
-231.385666269 0.000000e+00
-231.114604792 0.000000e+00
-230.843543316 0.000000e+00
-230.572481839 0.000000e+00
-230.301420362 0.000000e+00
-230.030358885 0.000000e+00
-229.759297409 0.000000e+00
-229.488235932 0.000000e+00
-229.217174455 0.000000e+00
-228.946112978 0.000000e+00
-228.675051502 0.000000e+00
-228.403990025 0.000000e+00
-228.132928548 0.000000e+00
-227.861867071 0.000000e+00
-227.590805595 0.000000e+00
-227.319744118 0.000000e+00
-227.048682641 0.000000e+00
-226.777621164 0.000000e+00
-226.506559688 0.000000e+00
-226.235498211 0.000000e+00
-225.964436734 0.000000e+00
-225.693375258 0.000000e+00
-225.422313781 0.000000e+00
-225.151252304 0.000000e+00
-224.880190827 0.000000e+00
-224.609129351 0.000000e+00
-224.338067874 0.000000e+00
-224.067006397 0.000000e+00
-223.79594492 0.000000e+00
-223.524883444 0.000000e+00
-223.253821967 0.000000e+00
-222.98276049 0.000000e+00
-222.711699013 0.000000e+00
-222.440637537 0.000000e+00
-222.16957606 0.000000e+00
-221.898514583 0.000000e+00
-221.627453106 0.000000e+00
-221.35639163 0.000000e+00
-221.085330153 0.000000e+00
-220.814268676 0.000000e+00
-220.543207199 0.000000e+00
-220.272145723 0.000000e+00
-220.001084246 0.000000e+00
-219.730022769 0.000000e+00
-219.458961292 0.000000e+00
-219.187899816 0.000000e+00
-218.916838339 0.000000e+00
-218.645776862 0.000000e+00
-218.374715385 0.000000e+00
-218.103653909 0.000000e+00
-217.832592432 0.000000e+00
-217.561530955 0.000000e+00
-217.290469478 0.000000e+00
-217.019408002 0.000000e+00
-216.748346525 0.000000e+00
-216.477285048 0.000000e+00
-216.206223572 0.000000e+00
-215.935162095 0.000000e+00
-215.664100618 0.000000e+00
-215.393039141 0.000000e+00
-215.121977665 0.000000e+00
-214.850916188 0.000000e+00
-214.579854711 0.000000e+00
-214.308793234 0.000000e+00
-214.037731758 0.000000e+00
-213.766670281 0.000000e+00
-213.495608804 0.000000e+00
-213.224547327 0.000000e+00
-212.953485851 0.000000e+00
-212.682424374 0.000000e+00
-212.411362897 0.000000e+00
-212.14030142 0.000000e+00
-211.869239944 0.000000e+00
-211.598178467 0.000000e+00
-211.32711699 0.000000e+00
-211.056055513 0.000000e+00
-210.784994037 0.000000e+00
-210.51393256 0.000000e+00
-210.242871083 0.000000e+00
-209.971809606 0.000000e+00
-209.70074813 0.000000e+00
-209.429686653 0.000000e+00
-209.158625176 0.000000e+00
-208.887563699 0.000000e+00
-208.616502223 0.000000e+00
-208.345440746 0.000000e+00
-208.074379269 0.000000e+00
-207.803317792 0.000000e+00
-207.532256316 0.000000e+00
-207.261194839 0.000000e+00
-206.990133362 0.000000e+00
-206.719071886 0.000000e+00
-206.448010409 0.000000e+00
-206.176948932 0.000000e+00
-205.905887455 0.000000e+00
-205.634825979 0.000000e+00
-205.363764502 0.000000e+00
-205.092703025 0.000000e+00
-204.821641548 0.000000e+00
-204.550580072 0.000000e+00
-64.6828580722 0.000000e+00
-64.4117965955 0.000000e+00
-64.1407351187 0.000000e+00
-63.869673642 0.000000e+00
-63.5986121652 0.000000e+00
-63.3275506885 0.000000e+00
-63.0564892118 0.000000e+00
-62.785427735 0.000000e+00
-62.5143662583 0.000000e+00
-62.2433047815 0.000000e+00
-61.9722433048 0.000000e+00
-61.701181828 0.000000e+00
-61.4301203513 0.000000e+00
-61.1590588746 0.000000e+00
-60.8879973978 0.000000e+00
-60.6169359211 0.000000e+00
-60.3458744443 0.000000e+00
-60.0748129676 0.000000e+00
-59.8037514908 0.000000e+00
-59.5326900141 0.000000e+00
-59.2616285374 0.000000e+00
-58.9905670606 0.000000e+00
-58.7195055839 0.000000e+00
-58.4484441071 0.000000e+00
-58.1773826304 0.000000e+00
-57.9063211536 0.000000e+00
-57.6352596769 0.000000e+00
-57.3641982002 0.000000e+00
-57.0931367234 0.000000e+00
-56.8220752467 0.000000e+00
-56.5510137699 0.000000e+00
-56.2799522932 0.000000e+00
-56.0088908164 0.000000e+00
-55.7378293397 0.000000e+00
-55.466767863 0.000000e+00
-55.1957063862 0.000000e+00
-54.9246449095 0.000000e+00
-54.6535834327 0.000000e+00
-54.382521956 0.000000e+00
-54.1114604792 0.000000e+00
-53.8403990025 0.000000e+00
-53.5693375258 0.000000e+00
-53.298276049 0.000000e+00
-53.0272145723 0.000000e+00
-52.7561530955 0.000000e+00
-52.4850916188 0.000000e+00
-52.214030142 0.000000e+00
-51.9429686653 0.000000e+00
-51.6719071886 0.000000e+00
-51.4008457118 0.000000e+00
-51.1297842351 0.000000e+00
-50.8587227583 0.000000e+00
-50.5876612816 0.000000e+00
-50.3165998048 0.000000e+00
-50.0455383281 0.000000e+00
-49.7744768513 0.000000e+00
-49.5034153746 0.000000e+00
-49.2323538979 0.000000e+00
-48.9612924211 0.000000e+00
-48.6902309444 0.000000e+00
-48.4191694676 0.000000e+00
-48.1481079909 0.000000e+00
-47.8770465141 0.000000e+00
-47.6059850374 0.000000e+00
-47.3349235607 0.000000e+00
-47.0638620839 0.000000e+00
-46.7928006072 0.000000e+00
-46.5217391304 0.000000e+00
-46.2506776537 0.000000e+00
-45.9796161769 0.000000e+00
-45.7085547002 0.000000e+00
-45.4374932235 0.000000e+00
-45.1664317467 0.000000e+00
-44.89537027 0.000000e+00
-44.6243087932 0.000000e+00
-44.3532473165 0.000000e+00
-44.0821858397 0.000000e+00
-43.811124363 0.000000e+00
-43.5400628863 0.000000e+00
-43.2690014095 0.000000e+00
-42.9979399328 0.000000e+00
-42.726878456 0.000000e+00
-42.4558169793 0.000000e+00
-42.1847555025 0.000000e+00
-41.9136940258 0.000000e+00
-41.6426325491 0.000000e+00
-41.3715710723 0.000000e+00
-41.1005095956 0.000000e+00
-40.8294481188 0.000000e+00
-40.5583866421 0.000000e+00
-40.2873251653 0.000000e+00
-40.0162636886 0.000000e+00
-39.7452022119 0.000000e+00
-39.4741407351 0.000000e+00
-39.2030792584 0.000000e+00
-38.9320177816 0.000000e+00
-38.6609563049 0.000000e+00
-38.3898948281 0.000000e+00
-38.1188333514 0.000000e+00
-37.8477718747 0.000000e+00
-37.5767103979 0.000000e+00
-37.3056489212 0.000000e+00
-37.0345874444 0.000000e+00
-36.7635259677 0.000000e+00
-36.4924644909 0.000000e+00
-36.2214030142 0.000000e+00
-35.9503415375 0.000000e+00
-35.6792800607 0.000000e+00
-35.408218584 0.000000e+00
-35.1371571072 0.000000e+00
-34.8660956305 0.000000e+00
-34.5950341537 0.000000e+00
-34.323972677 0.000000e+00
-34.0529112003 0.000000e+00
-33.7818497235 0.000000e+00
-33.5107882468 0.000000e+00
-33.23972677 0.000000e+00
-32.9686652933 0.000000e+00
-32.6976038165 0.000000e+00
-32.4265423398 0.000000e+00
-32.1554808631 0.000000e+00
-31.8844193863 0.000000e+00
-31.6133579096 0.000000e+00
-31.3422964328 0.000000e+00
-31.0712349561 0.000000e+00
-30.8001734793 0.000000e+00
-30.5291120026 0.000000e+00
-30.2580505259 0.000000e+00
-29.9869890491 0.000000e+00
-29.7159275724 0.000000e+00
-29.4448660956 0.000000e+00
-29.1738046189 0.000000e+00
-28.9027431421 0.000000e+00
-28.6316816654 0.000000e+00
-28.3606201887 0.000000e+00
-28.0895587119 0.000000e+00
-27.8184972352 0.000000e+00
-27.5474357584 0.000000e+00
-27.2763742817 0.000000e+00
-27.0053128049 0.000000e+00
-26.7342513282 0.000000e+00
-26.4631898515 0.000000e+00
-26.1921283747 0.000000e+00
-25.921066898 0.000000e+00
-25.6500054212 0.000000e+00
-25.3789439445 0.000000e+00
-25.1078824677 0.000000e+00
-24.836820991 0.000000e+00
-24.5657595143 0.000000e+00
-24.2946980375 0.000000e+00
-24.0236365608 0.000000e+00
-23.752575084 0.000000e+00
-23.4815136073 0.000000e+00
-23.2104521305 0.000000e+00
-22.9393906538 0.000000e+00
-22.6683291771 0.000000e+00
-22.3972677003 0.000000e+00
-22.1262062236 0.000000e+00
-21.8551447468 0.000000e+00
-21.5840832701 0.000000e+00
-21.3130217933 0.000000e+00
-21.0419603166 0.000000e+00
-20.7708988399 0.000000e+00
-20.4998373631 0.000000e+00
-20.2287758864 0.000000e+00
-19.9577144096 0.000000e+00
-19.6866529329 0.000000e+00
-19.4155914561 0.000000e+00
-19.1445299794 0.000000e+00
-18.8734685027 0.000000e+00
-18.6024070259 0.000000e+00
-18.3313455492 0.000000e+00
-18.0602840724 0.000000e+00
-17.7892225957 0.000000e+00
-17.5181611189 0.000000e+00
-17.2470996422 0.000000e+00
-16.9760381655 0.000000e+00
-16.7049766887 0.000000e+00
-16.433915212 0.000000e+00
-16.1628537352 0.000000e+00
-15.8917922585 0.000000e+00
-15.6207307817 0.000000e+00
-15.349669305 0.000000e+00
-15.0786078283 0.000000e+00
-14.8075463515 0.000000e+00
-14.5364848748 0.000000e+00
-14.265423398 0.000000e+00
-13.9943619213 0.000000e+00
-13.7233004445 0.000000e+00
-13.4522389678 0.000000e+00
-13.1811774911 0.000000e+00
-12.9101160143 0.000000e+00
-12.6390545376 0.000000e+00
-12.3679930608 0.000000e+00
-12.0969315841 0.000000e+00
-11.8258701073 0.000000e+00
-11.5548086306 0.000000e+00
-11.2837471539 0.000000e+00
-11.0126856771 0.000000e+00
-10.7416242004 0.000000e+00
-10.4705627236 0.000000e+00
-10.1995012469 0.000000e+00
-9.92843977014 0.000000e+00
-9.6573782934 0.000000e+00
-9.38631681665 0.000000e+00
-9.11525533991 0.000000e+00
-8.84419386317 0.000000e+00
-8.57313238643 0.000000e+00
-8.30207090968 0.000000e+00
-8.03100943294 0.000000e+00
-7.7599479562 0.000000e+00
-7.48888647945 0.000000e+00
-7.21782500271 0.000000e+00
-6.94676352597 0.000000e+00
-6.67570204922 0.000000e+00
-6.40464057248 0.000000e+00
-6.13357909574 0.000000e+00
-5.862517619 0.000000e+00
-5.59145614225 0.000000e+00
-5.32039466551 0.000000e+00
-5.04933318877 0.000000e+00
-4.77827171202 0.000000e+00
-4.50721023528 0.000000e+00
-4.23614875854 0.000000e+00
-3.9650872818 0.000000e+00
-3.69402580505 0.000000e+00
-3.42296432831 0.000000e+00
-3.15190285157 0.000000e+00
-2.88084137482 0.000000e+00
-2.60977989808 0.000000e+00
-2.33871842134 0.000000e+00
-2.0676569446 0.000000e+00
-1.79659546785 0.000000e+00
-1.52553399111 0.000000e+00
-1.25447251437 0.000000e+00
-0.983411037623 0.000000e+00
-0.71234956088 0.000000e+00
-0.441288084137 0.000000e+00
-0.170226607395 0.000000e+00
0.100834869348 4.214957e-01
0.371896346091 1.000000e+00
0.642957822834 6.365675e-01
0.914019299577 5.315327e-01
1.18508077632 2.671721e-01
1.45614225306 9.126202e-02
1.72720372981 0.000000e+00
1.99826520655 0.000000e+00
2.26932668329 4.914894e-01
2.54038816003 5.360792e-01
2.81144963678 6.607701e-01
3.08251111352 5.124697e-01
3.35357259026 6.563745e-01
3.62463406701 1.933479e-01
3.89569554375 8.521899e-02
4.16675702049 7.926772e-02
4.43781849724 6.178484e-02
4.70887997398 0.000000e+00
4.97994145072 0.000000e+00
5.25100292746 0.000000e+00
5.52206440421 0.000000e+00
5.79312588095 0.000000e+00
6.06418735769 0.000000e+00
6.33524883444 0.000000e+00
6.60631031118 0.000000e+00
6.87737178792 0.000000e+00
7.14843326466 0.000000e+00
7.41949474141 0.000000e+00
7.69055621815 0.000000e+00
7.96161769489 0.000000e+00
8.23267917164 0.000000e+00
8.50374064838 0.000000e+00
8.77480212512 0.000000e+00
9.04586360186 0.000000e+00
9.31692507861 0.000000e+00
9.58798655535 0.000000e+00
9.85904803209 0.000000e+00
10.1301095088 0.000000e+00
10.4011709856 0.000000e+00
10.6722324623 0.000000e+00
10.9432939391 0.000000e+00
11.2143554158 0.000000e+00
11.4854168926 7.991558e-02
11.7564783693 1.024435e-01
12.027539846 9.271248e-02
12.2986013228 1.168150e-01
12.5696627995 2.079469e-01
12.8407242763 2.313396e-01
13.111785753 1.587239e-01
13.3828472298 1.929049e-01
13.6539087065 1.427370e-01
13.9249701832 1.039029e-01
14.19603166 6.911235e-02
14.4670931367 9.783408e-02
14.7381546135 1.775259e-01
15.0092160902 3.142370e-01
15.280277567 3.503055e-01
15.5513390437 2.284287e-01
15.8224005204 1.490713e-01
16.0934619972 1.348083e-01
16.3645234739 1.137208e-01
16.6355849507 9.207779e-02
16.9066464274 5.993694e-02
17.1777079042 0.000000e+00
17.4487693809 6.077893e-02
17.7198308576 0.000000e+00
17.9908923344 0.000000e+00
18.2619538111 7.501328e-02
18.5330152879 0.000000e+00
18.8040767646 0.000000e+00
19.0751382414 0.000000e+00
19.3461997181 0.000000e+00
19.6172611948 0.000000e+00
19.8883226716 0.000000e+00
20.1593841483 0.000000e+00
20.4304456251 0.000000e+00
20.7015071018 0.000000e+00
20.9725685786 0.000000e+00
21.2436300553 0.000000e+00
21.514691532 0.000000e+00
21.7857530088 0.000000e+00
22.0568144855 0.000000e+00
22.3278759623 0.000000e+00
22.598937439 0.000000e+00
22.8699989158 0.000000e+00
23.1410603925 0.000000e+00
23.4121218692 0.000000e+00
23.683183346 0.000000e+00
23.9542448227 0.000000e+00
24.2253062995 0.000000e+00
24.4963677762 0.000000e+00
24.767429253 0.000000e+00
25.0384907297 0.000000e+00
25.3095522064 0.000000e+00
25.5806136832 0.000000e+00
25.8516751599 0.000000e+00
26.1227366367 0.000000e+00
26.3937981134 0.000000e+00
26.6648595902 0.000000e+00
26.9359210669 0.000000e+00
27.2069825436 0.000000e+00
27.4780440204 0.000000e+00
27.7491054971 0.000000e+00
28.0201669739 0.000000e+00
28.2912284506 0.000000e+00
28.5622899274 0.000000e+00
28.8333514041 0.000000e+00
29.1044128808 0.000000e+00
29.3754743576 0.000000e+00
29.6465358343 0.000000e+00
29.9175973111 0.000000e+00
30.1886587878 0.000000e+00
30.4597202646 0.000000e+00
30.7307817413 0.000000e+00
31.001843218 0.000000e+00
31.2729046948 0.000000e+00
31.5439661715 0.000000e+00
31.8150276483 0.000000e+00
32.086089125 0.000000e+00
32.3571506018 0.000000e+00
32.6282120785 0.000000e+00
32.8992735552 0.000000e+00
33.170335032 0.000000e+00
33.4413965087 0.000000e+00
33.7124579855 0.000000e+00
33.9835194622 0.000000e+00
34.254580939 0.000000e+00
34.5256424157 0.000000e+00
34.7967038924 0.000000e+00
35.0677653692 0.000000e+00
35.3388268459 0.000000e+00
35.6098883227 0.000000e+00
35.8809497994 0.000000e+00
36.1520112762 0.000000e+00
36.4230727529 0.000000e+00
36.6941342296 0.000000e+00
36.9651957064 0.000000e+00
37.2362571831 0.000000e+00
37.5073186599 0.000000e+00
37.7783801366 0.000000e+00
38.0494416134 0.000000e+00
38.3205030901 0.000000e+00
38.5915645668 0.000000e+00
38.8626260436 0.000000e+00
39.1336875203 0.000000e+00
39.4047489971 0.000000e+00
39.6758104738 0.000000e+00
39.9468719506 0.000000e+00
40.2179334273 0.000000e+00
40.488994904 0.000000e+00
40.7600563808 0.000000e+00
41.0311178575 0.000000e+00
41.3021793343 0.000000e+00
41.573240811 0.000000e+00
41.8443022878 0.000000e+00
42.1153637645 0.000000e+00
42.3864252412 0.000000e+00
42.657486718 0.000000e+00
42.9285481947 0.000000e+00
43.1996096715 0.000000e+00
43.4706711482 0.000000e+00
43.741732625 0.000000e+00
44.0127941017 0.000000e+00
44.2838555784 0.000000e+00
44.5549170552 0.000000e+00
44.8259785319 0.000000e+00
45.0970400087 0.000000e+00
45.3681014854 0.000000e+00
45.6391629622 0.000000e+00
45.9102244389 0.000000e+00
46.1812859156 0.000000e+00
46.4523473924 0.000000e+00
46.7234088691 0.000000e+00
46.9944703459 0.000000e+00
47.2655318226 0.000000e+00
47.5365932994 0.000000e+00
47.8076547761 0.000000e+00
48.0787162528 0.000000e+00
48.3497777296 0.000000e+00
48.6208392063 0.000000e+00
48.8919006831 0.000000e+00
49.1629621598 0.000000e+00
49.4340236366 0.000000e+00
49.7050851133 0.000000e+00
49.97614659 0.000000e+00
50.2472080668 0.000000e+00
50.5182695435 0.000000e+00
50.7893310203 0.000000e+00
51.060392497 0.000000e+00
51.3314539738 0.000000e+00
51.6025154505 0.000000e+00
51.8735769272 0.000000e+00
52.144638404 0.000000e+00
52.4156998807 0.000000e+00
52.6867613575 0.000000e+00
52.9578228342 0.000000e+00
53.228884311 0.000000e+00
53.4999457877 0.000000e+00
53.7710072644 0.000000e+00
54.0420687412 0.000000e+00
54.3131302179 0.000000e+00
54.5841916947 0.000000e+00
54.8552531714 0.000000e+00
55.1263146482 0.000000e+00
55.3973761249 0.000000e+00
55.6684376016 0.000000e+00
55.9394990784 0.000000e+00
56.2105605551 0.000000e+00
56.4816220319 0.000000e+00
56.7526835086 0.000000e+00
57.0237449854 0.000000e+00
57.2948064621 0.000000e+00
57.5658679388 0.000000e+00
57.8369294156 0.000000e+00
58.1079908923 0.000000e+00
58.3790523691 0.000000e+00
58.6501138458 0.000000e+00
58.9211753226 0.000000e+00
59.1922367993 0.000000e+00
59.463298276 0.000000e+00
59.7343597528 0.000000e+00
60.0054212295 0.000000e+00
60.2764827063 0.000000e+00
60.547544183 0.000000e+00
60.8186056598 0.000000e+00
61.0896671365 0.000000e+00
61.3607286132 0.000000e+00
61.63179009 0.000000e+00
61.9028515667 0.000000e+00
62.1739130435 0.000000e+00
62.4449745202 0.000000e+00
62.716035997 0.000000e+00
62.9870974737 0.000000e+00
63.2581589504 0.000000e+00
63.5292204272 0.000000e+00
63.8002819039 0.000000e+00
64.0713433807 0.000000e+00
64.3424048574 0.000000e+00
64.6134663342 0.000000e+00
64.8845278109 0.000000e+00
65.1555892877 0.000000e+00
65.4266507644 0.000000e+00
65.6977122411 0.000000e+00
65.9687737179 0.000000e+00
66.2398351946 0.000000e+00
66.5108966714 0.000000e+00
66.7819581481 0.000000e+00
67.0530196249 0.000000e+00
67.3240811016 0.000000e+00
67.5951425783 0.000000e+00
67.8662040551 0.000000e+00
68.1372655318 0.000000e+00
68.4083270086 0.000000e+00
68.6793884853 0.000000e+00
68.9504499621 0.000000e+00
69.2215114388 0.000000e+00
69.4925729155 0.000000e+00
69.7636343923 0.000000e+00
70.034695869 0.000000e+00
70.3057573458 0.000000e+00
70.5768188225 0.000000e+00
70.8478802993 0.000000e+00
71.118941776 0.000000e+00
71.3900032527 0.000000e+00
71.6610647295 0.000000e+00
71.9321262062 0.000000e+00
72.203187683 0.000000e+00
72.4742491597 0.000000e+00
72.7453106365 0.000000e+00
73.0163721132 0.000000e+00
73.2874335899 0.000000e+00
73.5584950667 0.000000e+00
73.8295565434 0.000000e+00
74.1006180202 0.000000e+00
74.3716794969 0.000000e+00
74.6427409737 0.000000e+00
74.9138024504 0.000000e+00
75.1848639271 0.000000e+00
75.4559254039 0.000000e+00
75.7269868806 0.000000e+00
75.9980483574 0.000000e+00
76.2691098341 0.000000e+00
76.5401713109 0.000000e+00
76.8112327876 0.000000e+00
77.0822942643 0.000000e+00
77.3533557411 0.000000e+00
77.6244172178 0.000000e+00
77.8954786946 0.000000e+00
78.1665401713 0.000000e+00
78.4376016481 0.000000e+00
78.7086631248 0.000000e+00
78.9797246015 0.000000e+00
79.2507860783 0.000000e+00
79.521847555 0.000000e+00
79.7929090318 0.000000e+00
80.0639705085 0.000000e+00
80.3350319853 0.000000e+00
80.606093462 0.000000e+00
80.8771549387 0.000000e+00
81.1482164155 0.000000e+00
81.4192778922 0.000000e+00
81.690339369 0.000000e+00
81.9614008457 0.000000e+00
82.2324623225 0.000000e+00
82.5035237992 0.000000e+00
82.7745852759 0.000000e+00
83.0456467527 0.000000e+00
83.3167082294 0.000000e+00
83.5877697062 0.000000e+00
83.8588311829 0.000000e+00
84.1298926597 0.000000e+00
84.4009541364 0.000000e+00
84.6720156131 0.000000e+00
84.9430770899 0.000000e+00
85.2141385666 0.000000e+00
85.4852000434 0.000000e+00
85.7562615201 0.000000e+00
86.0273229969 0.000000e+00
86.2983844736 0.000000e+00
86.5694459503 0.000000e+00
86.8405074271 0.000000e+00
87.1115689038 0.000000e+00
87.3826303806 0.000000e+00
87.6536918573 0.000000e+00
87.9247533341 0.000000e+00
88.1958148108 0.000000e+00
88.4668762875 0.000000e+00
88.7379377643 0.000000e+00
89.008999241 0.000000e+00
89.2800607178 0.000000e+00
89.5511221945 0.000000e+00
89.8221836713 0.000000e+00
90.093245148 0.000000e+00
90.3643066247 0.000000e+00
90.6353681015 0.000000e+00
90.9064295782 0.000000e+00
91.177491055 0.000000e+00
91.4485525317 0.000000e+00
91.7196140085 0.000000e+00
91.9906754852 0.000000e+00
92.2617369619 0.000000e+00
92.5327984387 0.000000e+00
92.8038599154 0.000000e+00
93.0749213922 0.000000e+00
93.3459828689 0.000000e+00
93.6170443457 0.000000e+00
93.8881058224 0.000000e+00
94.1591672991 0.000000e+00
94.4302287759 0.000000e+00
94.7012902526 0.000000e+00
94.9723517294 0.000000e+00
95.2434132061 0.000000e+00
95.5144746829 0.000000e+00
95.7855361596 0.000000e+00
96.0565976363 0.000000e+00
96.3276591131 0.000000e+00
96.5987205898 0.000000e+00
96.8697820666 0.000000e+00
97.1408435433 0.000000e+00
97.4119050201 0.000000e+00
97.6829664968 0.000000e+00
97.9540279735 0.000000e+00
98.2250894503 0.000000e+00
98.496150927 0.000000e+00
98.7672124038 0.000000e+00
99.0382738805 0.000000e+00
99.3093353573 0.000000e+00
99.580396834 0.000000e+00
99.8514583107 0.000000e+00
100.122519787 0.000000e+00
100.393581264 0.000000e+00
100.664642741 0.000000e+00
100.935704218 0.000000e+00
101.206765694 0.000000e+00
101.477827171 0.000000e+00
101.748888648 0.000000e+00
102.019950125 0.000000e+00
102.291011601 0.000000e+00
102.562073078 0.000000e+00
102.833134555 0.000000e+00
103.104196032 0.000000e+00
103.375257508 0.000000e+00
103.646318985 0.000000e+00
103.917380462 0.000000e+00
104.188441939 0.000000e+00
104.459503415 0.000000e+00
104.730564892 0.000000e+00
105.001626369 0.000000e+00
105.272687846 0.000000e+00
105.543749322 0.000000e+00
105.814810799 0.000000e+00
106.085872276 0.000000e+00
106.356933753 0.000000e+00
106.627995229 0.000000e+00
106.899056706 0.000000e+00
107.170118183 0.000000e+00
107.44117966 0.000000e+00
107.712241136 0.000000e+00
107.983302613 0.000000e+00
108.25436409 0.000000e+00
108.525425567 0.000000e+00
108.796487043 0.000000e+00
109.06754852 0.000000e+00
109.338609997 0.000000e+00
109.609671473 0.000000e+00
109.88073295 0.000000e+00
110.151794427 0.000000e+00
110.422855904 0.000000e+00
110.69391738 0.000000e+00
110.964978857 0.000000e+00
111.236040334 0.000000e+00
111.507101811 0.000000e+00
111.778163287 0.000000e+00
112.049224764 0.000000e+00
112.320286241 0.000000e+00
112.591347718 0.000000e+00
112.862409194 0.000000e+00
113.133470671 0.000000e+00
113.404532148 0.000000e+00
113.675593625 0.000000e+00
113.946655101 0.000000e+00
114.217716578 0.000000e+00
114.488778055 0.000000e+00
114.759839532 0.000000e+00
115.030901008 0.000000e+00
115.301962485 0.000000e+00
115.573023962 0.000000e+00
115.844085439 0.000000e+00
116.115146915 0.000000e+00
116.386208392 0.000000e+00
116.657269869 0.000000e+00
116.928331346 0.000000e+00
117.199392822 0.000000e+00
117.470454299 0.000000e+00
117.741515776 0.000000e+00
118.012577253 0.000000e+00
118.283638729 0.000000e+00
118.554700206 0.000000e+00
118.825761683 0.000000e+00
119.096823159 0.000000e+00
119.367884636 0.000000e+00
119.638946113 0.000000e+00
119.91000759 0.000000e+00
120.181069066 0.000000e+00
120.452130543 0.000000e+00
120.72319202 0.000000e+00
120.994253497 0.000000e+00
121.265314973 0.000000e+00
121.53637645 0.000000e+00
121.807437927 0.000000e+00
122.078499404 0.000000e+00
122.34956088 0.000000e+00
122.620622357 0.000000e+00
122.891683834 0.000000e+00
123.162745311 0.000000e+00
123.433806787 0.000000e+00
123.704868264 0.000000e+00
123.975929741 0.000000e+00
124.246991218 0.000000e+00
124.518052694 0.000000e+00
124.789114171 0.000000e+00
125.060175648 0.000000e+00
125.331237125 0.000000e+00
125.602298601 0.000000e+00
125.873360078 0.000000e+00
126.144421555 0.000000e+00
126.415483032 0.000000e+00
126.686544508 0.000000e+00
126.957605985 0.000000e+00
127.228667462 0.000000e+00
127.499728939 0.000000e+00
127.770790415 0.000000e+00
128.041851892 0.000000e+00
128.312913369 0.000000e+00
128.583974845 0.000000e+00
128.855036322 0.000000e+00
129.126097799 0.000000e+00
129.397159276 0.000000e+00
129.668220752 0.000000e+00
129.939282229 0.000000e+00
130.210343706 0.000000e+00
130.481405183 0.000000e+00
130.752466659 0.000000e+00
131.752466659 0.0
132.752466659 0.0
133.752466659 0.0
134.752466659 0.0
135.752466659 0.0
136.752466659 0.0
137.752466659 0.0
138.752466659 0.0
139.752466659 0.0
140.752466659 0.0
141.752466659 0.0
142.752466659 0.0
143.752466659 0.0
144.752466659 0.0
145.752466659 0.0
146.752466659 0.0
147.752466659 0.0
148.752466659 0.0
149.752466659 0.0
150.752466659 0.0
151.752466659 0.0
152.752466659 0.0
153.752466659 0.0
154.752466659 0.0
155.752466659 0.0
156.752466659 0.0
157.752466659 0.0
158.752466659 0.0
159.752466659 0.0
160.752466659 0.0
161.752466659 0.0
162.752466659 0.0
163.752466659 0.0
164.752466659 0.0
165.752466659 0.0
166.752466659 0.0
167.752466659 0.0
168.752466659 0.0
169.752466659 0.0
170.752466659 0.0
171.752466659 0.0
172.752466659 0.0
173.752466659 0.0
174.752466659 0.0
175.752466659 0.0
176.752466659 0.0
177.752466659 0.0
178.752466659 0.0
179.752466659 0.0
180.752466659 0.0
181.752466659 0.0
182.752466659 0.0
183.752466659 0.0
184.752466659 0.0
185.752466659 0.0
186.752466659 0.0
187.752466659 0.0
188.752466659 0.0
189.752466659 0.0
190.752466659 0.0
191.752466659 0.0
192.752466659 0.0
193.752466659 0.0
194.752466659 0.0
195.752466659 0.0
196.752466659 0.0
197.752466659 0.0
198.752466659 0.0
199.752466659 0.0
200.752466659 0.0
201.752466659 0.0
202.752466659 0.0
203.752466659 0.0
204.752466659 0.0
205.752466659 0.0
206.752466659 0.0
207.752466659 0.0
208.752466659 0.0
209.752466659 0.0
210.752466659 0.0
211.752466659 0.0
212.752466659 0.0
213.752466659 0.0
214.752466659 0.0
215.752466659 0.0
216.752466659 0.0
217.752466659 0.0
218.752466659 0.0
219.752466659 0.0
220.752466659 0.0
221.752466659 0.0
222.752466659 0.0
223.752466659 0.0
224.752466659 0.0
225.752466659 0.0
226.752466659 0.0
227.752466659 0.0
228.752466659 0.0
229.752466659 0.0
230.752466659 0.0
231.752466659 0.0
232.752466659 0.0
233.752466659 0.0
234.752466659 0.0
235.752466659 0.0
236.752466659 0.0
237.752466659 0.0
238.752466659 0.0
239.752466659 0.0
240.752466659 0.0
241.752466659 0.0
242.752466659 0.0
243.752466659 0.0
244.752466659 0.0
245.752466659 0.0
246.752466659 0.0
247.752466659 0.0
248.752466659 0.0
249.752466659 0.0
250.752466659 0.0
251.752466659 0.0
252.752466659 0.0
253.752466659 0.0
254.752466659 0.0
255.752466659 0.0
256.752466659 0.0
257.752466659 0.0
258.752466659 0.0
259.752466659 0.0
260.752466659 0.0
261.752466659 0.0
262.752466659 0.0
263.752466659 0.0
264.752466659 0.0
265.752466659 0.0
266.752466659 0.0
267.752466659 0.0
268.752466659 0.0
269.752466659 0.0
270.752466659 0.0
271.752466659 0.0
272.752466659 0.0
273.752466659 0.0
274.752466659 0.0
275.752466659 0.0
276.752466659 0.0
277.752466659 0.0
278.752466659 0.0
279.752466659 0.0
280.752466659 0.0
281.752466659 0.0
282.752466659 0.0
283.752466659 0.0
284.752466659 0.0
285.752466659 0.0
286.752466659 0.0
287.752466659 0.0
288.752466659 0.0
289.752466659 0.0
290.752466659 0.0
291.752466659 0.0
292.752466659 0.0
293.752466659 0.0
294.752466659 0.0
295.752466659 0.0
296.752466659 0.0
297.752466659 0.0
298.752466659 0.0
299.752466659 0.0
300.752466659 0.0
301.752466659 0.0
302.752466659 0.0
303.752466659 0.0
304.752466659 0.0
305.752466659 0.0
306.752466659 0.0
307.752466659 0.0
308.752466659 0.0
309.752466659 0.0
310.752466659 0.0
311.752466659 0.0
312.752466659 0.0
313.752466659 0.0
314.752466659 0.0
315.752466659 0.0
316.752466659 0.0
317.752466659 0.0
318.752466659 0.0
319.752466659 0.0
320.752466659 0.0
321.752466659 0.0
322.752466659 0.0
323.752466659 0.0
324.752466659 0.0
325.752466659 0.0
326.752466659 0.0
327.752466659 0.0
328.752466659 0.0
329.752466659 0.0
330.752466659 0.0
331.752466659 0.0
332.752466659 0.0
333.752466659 0.0
334.752466659 0.0
335.752466659 0.0
336.752466659 0.0
337.752466659 0.0
338.752466659 0.0
339.752466659 0.0
340.752466659 0.0
341.752466659 0.0
342.752466659 0.0
343.752466659 0.0
344.752466659 0.0
345.752466659 0.0
346.752466659 0.0
347.752466659 0.0
348.752466659 0.0
349.752466659 0.0
350.752466659 0.0
351.752466659 0.0
352.752466659 0.0
353.752466659 0.0
354.752466659 0.0
355.752466659 0.0
356.752466659 0.0
357.752466659 0.0
358.752466659 0.0
359.752466659 0.0
360.752466659 0.0
361.752466659 0.0
362.752466659 0.0
363.752466659 0.0
364.752466659 0.0
365.752466659 0.0
366.752466659 0.0
367.752466659 0.0
368.752466659 0.0
369.752466659 0.0
370.752466659 0.0
371.752466659 0.0
372.752466659 0.0
373.752466659 0.0
374.752466659 0.0
375.752466659 0.0
376.752466659 0.0
377.752466659 0.0
378.752466659 0.0
379.752466659 0.0
380.752466659 0.0
381.752466659 0.0
382.752466659 0.0
383.752466659 0.0
384.752466659 0.0
385.752466659 0.0
386.752466659 0.0
387.752466659 0.0
388.752466659 0.0
389.752466659 0.0
390.752466659 0.0
391.752466659 0.0
392.752466659 0.0
393.752466659 0.0
394.752466659 0.0
395.752466659 0.0
396.752466659 0.0
397.752466659 0.0
398.752466659 0.0
399.752466659 0.0
400.752466659 0.0
401.752466659 0.0
402.752466659 0.0
403.752466659 0.0
404.752466659 0.0
405.752466659 0.0
406.752466659 0.0
407.752466659 0.0
408.752466659 0.0
409.752466659 0.0
410.752466659 0.0
411.752466659 0.0
412.752466659 0.0
413.752466659 0.0
414.752466659 0.0
415.752466659 0.0
416.752466659 0.0
417.752466659 0.0
418.752466659 0.0
419.752466659 0.0
420.752466659 0.0
421.752466659 0.0
422.752466659 0.0
423.752466659 0.0
424.752466659 0.0
425.752466659 0.0
426.752466659 0.0
427.752466659 0.0
428.752466659 0.0
429.752466659 0.0
430.752466659 0.0
431.752466659 0.0
432.752466659 0.0
433.752466659 0.0
434.752466659 0.0
435.752466659 0.0
436.752466659 0.0
437.752466659 0.0
438.752466659 0.0
439.752466659 0.0
440.752466659 0.0
441.752466659 0.0
442.752466659 0.0
443.752466659 0.0
444.752466659 0.0
445.752466659 0.0
446.752466659 0.0
447.752466659 0.0
448.752466659 0.0
449.752466659 0.0
450.752466659 0.0
451.752466659 0.0
452.752466659 0.0
453.752466659 0.0
454.752466659 0.0
455.752466659 0.0
456.752466659 0.0
457.752466659 0.0
458.752466659 0.0
459.752466659 0.0
460.752466659 0.0
461.752466659 0.0
462.752466659 0.0
463.752466659 0.0
464.752466659 0.0
465.752466659 0.0
466.752466659 0.0
467.752466659 0.0
468.752466659 0.0
469.752466659 0.0
470.752466659 0.0
471.752466659 0.0
472.752466659 0.0
473.752466659 0.0
474.752466659 0.0
475.752466659 0.0
476.752466659 0.0
477.752466659 0.0
478.752466659 0.0
479.752466659 0.0
480.752466659 0.0
481.752466659 0.0
482.752466659 0.0
483.752466659 0.0
484.752466659 0.0
485.752466659 0.0
486.752466659 0.0
487.752466659 0.0
488.752466659 0.0
489.752466659 0.0
490.752466659 0.0
491.752466659 0.0
492.752466659 0.0
493.752466659 0.0
494.752466659 0.0
495.752466659 0.0
496.752466659 0.0
497.752466659 0.0
498.752466659 0.0
499.752466659 0.0
500.752466659 0.0
501.752466659 0.0
502.752466659 0.0
503.752466659 0.0
504.752466659 0.0
505.752466659 0.0
506.752466659 0.0
507.752466659 0.0
508.752466659 0.0
509.752466659 0.0
510.752466659 0.0
511.752466659 0.0
512.752466659 0.0
513.752466659 0.0
514.752466659 0.0
515.752466659 0.0
516.752466659 0.0
517.752466659 0.0
518.752466659 0.0
519.752466659 0.0
520.752466659 0.0
521.752466659 0.0
522.752466659 0.0
523.752466659 0.0
524.752466659 0.0
525.752466659 0.0
526.752466659 0.0
527.752466659 0.0
528.752466659 0.0
529.752466659 0.0
530.752466659 0.0
531.752466659 0.0
532.752466659 0.0
533.752466659 0.0
534.752466659 0.0
535.752466659 0.0
536.752466659 0.0
537.752466659 0.0
538.752466659 0.0
539.752466659 0.0
540.752466659 0.0
541.752466659 0.0
542.752466659 0.0
543.752466659 0.0
544.752466659 0.0
545.752466659 0.0
546.752466659 0.0
547.752466659 0.0
548.752466659 0.0
549.752466659 0.0
550.752466659 0.0
551.752466659 0.0
552.752466659 0.0
553.752466659 0.0
554.752466659 0.0
555.752466659 0.0
556.752466659 0.0
557.752466659 0.0
558.752466659 0.0
559.752466659 0.0
560.752466659 0.0
561.752466659 0.0
562.752466659 0.0
563.752466659 0.0
564.752466659 0.0
565.752466659 0.0
566.752466659 0.0
567.752466659 0.0
568.752466659 0.0
569.752466659 0.0
570.752466659 0.0
571.752466659 0.0
572.752466659 0.0
573.752466659 0.0
574.752466659 0.0
575.752466659 0.0
576.752466659 0.0
577.752466659 0.0
578.752466659 0.0
579.752466659 0.0
580.752466659 0.0
581.752466659 0.0
582.752466659 0.0
583.752466659 0.0
584.752466659 0.0
585.752466659 0.0
586.752466659 0.0
587.752466659 0.0
588.752466659 0.0
589.752466659 0.0
590.752466659 0.0
591.752466659 0.0
592.752466659 0.0
593.752466659 0.0
594.752466659 0.0
595.752466659 0.0
596.752466659 0.0
597.752466659 0.0
598.752466659 0.0
599.752466659 0.0
600.752466659 0.0
601.752466659 0.0
602.752466659 0.0
603.752466659 0.0
604.752466659 0.0
605.752466659 0.0
606.752466659 0.0
607.752466659 0.0
608.752466659 0.0
609.752466659 0.0
610.752466659 0.0
611.752466659 0.0
612.752466659 0.0
613.752466659 0.0
614.752466659 0.0
615.752466659 0.0
616.752466659 0.0
617.752466659 0.0
618.752466659 0.0
619.752466659 0.0
620.752466659 0.0
621.752466659 0.0
622.752466659 0.0
623.752466659 0.0
624.752466659 0.0
625.752466659 0.0
626.752466659 0.0
627.752466659 0.0
628.752466659 0.0
629.752466659 0.0
630.752466659 0.0
