-598.671962269 0.0
-597.671962269 0.0
-596.671962269 0.0
-595.671962269 0.0
-594.671962269 0.0
-593.671962269 0.0
-592.671962269 0.0
-591.671962269 0.0
-590.671962269 0.0
-589.671962269 0.0
-588.671962269 0.0
-587.671962269 0.0
-586.671962269 0.0
-585.671962269 0.0
-584.671962269 0.0
-583.671962269 0.0
-582.671962269 0.0
-581.671962269 0.0
-580.671962269 0.0
-579.671962269 0.0
-578.671962269 0.0
-577.671962269 0.0
-576.671962269 0.0
-575.671962269 0.0
-574.671962269 0.0
-573.671962269 0.0
-572.671962269 0.0
-571.671962269 0.0
-570.671962269 0.0
-569.671962269 0.0
-568.671962269 0.0
-567.671962269 0.0
-566.671962269 0.0
-565.671962269 0.0
-564.671962269 0.0
-563.671962269 0.0
-562.671962269 0.0
-561.671962269 0.0
-560.671962269 0.0
-559.671962269 0.0
-558.671962269 0.0
-557.671962269 0.0
-556.671962269 0.0
-555.671962269 0.0
-554.671962269 0.0
-553.671962269 0.0
-552.671962269 0.0
-551.671962269 0.0
-550.671962269 0.0
-549.671962269 0.0
-548.671962269 0.0
-547.671962269 0.0
-546.671962269 0.0
-545.671962269 0.0
-544.671962269 0.0
-543.671962269 0.0
-542.671962269 0.0
-541.671962269 0.0
-540.671962269 0.0
-539.671962269 0.0
-538.671962269 0.0
-537.671962269 0.0
-536.671962269 0.0
-535.671962269 0.0
-534.671962269 0.0
-533.671962269 0.0
-532.671962269 0.0
-531.671962269 0.0
-530.671962269 0.0
-529.671962269 0.0
-528.671962269 0.0
-527.671962269 0.0
-526.671962269 0.0
-525.671962269 0.0
-524.671962269 0.0
-523.671962269 0.0
-522.671962269 0.0
-521.671962269 0.0
-520.671962269 0.0
-519.671962269 0.0
-518.671962269 0.0
-517.671962269 0.0
-516.671962269 0.0
-515.671962269 0.0
-514.671962269 0.0
-513.671962269 0.0
-512.671962269 0.0
-511.671962269 0.0
-510.671962269 0.0
-509.671962269 0.0
-508.671962269 0.0
-507.671962269 0.0
-506.671962269 0.0
-505.671962269 0.0
-504.671962269 0.0
-503.671962269 0.0
-502.671962269 0.0
-501.671962269 0.0
-500.671962269 0.0
-499.671962269 0.0
-498.671962269 0.0
-497.671962269 0.0
-496.671962269 0.0
-495.671962269 0.0
-494.671962269 0.0
-493.671962269 0.0
-492.671962269 0.0
-491.671962269 0.0
-490.671962269 0.0
-489.671962269 0.0
-488.671962269 0.0
-487.671962269 0.0
-486.671962269 0.0
-485.671962269 0.0
-484.671962269 0.0
-483.671962269 0.0
-482.671962269 0.0
-481.671962269 0.0
-480.671962269 0.0
-479.671962269 0.0
-478.671962269 0.0
-477.671962269 0.0
-476.671962269 0.0
-475.671962269 0.0
-474.671962269 0.0
-473.671962269 0.0
-472.671962269 0.0
-471.671962269 0.0
-470.671962269 0.0
-469.671962269 0.0
-468.671962269 0.0
-467.671962269 0.0
-466.671962269 0.0
-465.671962269 0.0
-464.671962269 0.0
-463.671962269 0.0
-462.671962269 0.0
-461.671962269 0.0
-460.671962269 0.0
-459.671962269 0.0
-458.671962269 0.0
-457.671962269 0.0
-456.671962269 0.0
-455.671962269 0.0
-454.671962269 0.0
-453.671962269 0.0
-452.671962269 0.0
-451.671962269 0.0
-450.671962269 0.0
-449.671962269 0.0
-448.671962269 0.0
-447.671962269 0.0
-446.671962269 0.0
-445.671962269 0.0
-444.671962269 0.0
-443.671962269 0.0
-442.671962269 0.0
-441.671962269 0.0
-440.671962269 0.0
-439.671962269 0.0
-438.671962269 0.0
-437.671962269 0.0
-436.671962269 0.0
-435.671962269 0.0
-434.671962269 0.0
-433.671962269 0.0
-432.671962269 0.0
-431.671962269 0.0
-430.671962269 0.0
-429.671962269 0.0
-428.671962269 0.0
-427.671962269 0.0
-426.671962269 0.0
-425.671962269 0.0
-424.671962269 0.0
-423.671962269 0.0
-422.671962269 0.0
-421.671962269 0.0
-420.671962269 0.0
-419.671962269 0.0
-418.671962269 0.0
-417.671962269 0.0
-416.671962269 0.0
-415.671962269 0.0
-414.671962269 0.0
-413.671962269 0.0
-412.671962269 0.0
-411.671962269 0.0
-410.671962269 0.0
-409.671962269 0.0
-408.671962269 0.0
-407.671962269 0.0
-406.671962269 0.0
-405.671962269 0.0
-404.671962269 0.0
-403.671962269 0.0
-402.671962269 0.0
-401.671962269 0.0
-400.671962269 0.0
-399.671962269 0.0
-398.671962269 0.0
-397.671962269 0.0
-396.671962269 0.0
-395.671962269 0.0
-394.671962269 0.0
-393.671962269 0.0
-392.671962269 0.0
-391.671962269 0.0
-390.671962269 0.0
-389.671962269 0.0
-388.671962269 0.0
-387.671962269 0.0
-386.671962269 0.0
-385.671962269 0.0
-384.671962269 0.0
-383.671962269 0.0
-382.671962269 0.0
-381.671962269 0.0
-380.671962269 0.0
-379.671962269 0.0
-378.671962269 0.0
-377.671962269 0.0
-376.671962269 0.0
-375.671962269 0.0
-374.671962269 0.0
-373.671962269 0.0
-372.671962269 0.0
-371.671962269 0.0
-370.671962269 0.0
-369.671962269 0.0
-368.671962269 0.0
-367.671962269 0.0
-366.671962269 0.0
-365.671962269 0.0
-364.671962269 0.0
-363.671962269 0.0
-362.671962269 0.0
-361.671962269 0.0
-360.671962269 0.0
-359.671962269 0.0
-358.671962269 0.0
-357.671962269 0.0
-356.671962269 0.0
-355.671962269 0.0
-354.671962269 0.0
-353.671962269 0.0
-352.671962269 0.0
-351.671962269 0.0
-350.671962269 0.0
-349.671962269 0.0
-348.671962269 0.0
-347.671962269 0.0
-346.671962269 0.0
-345.671962269 0.0
-344.671962269 0.0
-343.671962269 0.0
-342.671962269 0.0
-341.671962269 0.0
-340.671962269 0.0
-339.671962269 0.0
-338.671962269 0.0
-337.671962269 0.0
-336.671962269 0.0
-335.671962269 0.0
-334.671962269 0.0
-333.671962269 0.0
-332.671962269 0.0
-331.671962269 0.0
-330.671962269 0.0
-329.671962269 0.0
-328.671962269 0.0
-327.671962269 0.0
-326.671962269 0.0
-325.671962269 0.0
-324.671962269 0.0
-323.671962269 0.0
-322.671962269 0.0
-321.671962269 0.0
-320.671962269 0.0
-319.671962269 0.0
-318.671962269 0.0
-317.671962269 0.0
-316.671962269 0.0
-315.671962269 0.0
-314.671962269 0.0
-313.671962269 0.0
-312.671962269 0.0
-311.671962269 0.0
-310.671962269 0.0
-309.671962269 0.0
-308.671962269 0.0
-307.671962269 0.0
-306.671962269 0.0
-305.671962269 0.0
-304.671962269 0.0
-303.671962269 0.0
-302.671962269 0.0
-301.671962269 0.0
-300.671962269 0.0
-299.671962269 0.0
-298.671962269 0.0
-297.671962269 0.0
-296.671962269 0.0
-295.671962269 0.0
-294.671962269 0.0
-293.671962269 0.0
-292.671962269 0.0
-291.671962269 0.0
-290.671962269 0.0
-289.671962269 0.0
-288.671962269 0.0
-287.671962269 0.0
-286.671962269 0.0
-285.671962269 0.0
-284.671962269 0.0
-283.671962269 0.0
-282.671962269 0.0
-281.671962269 0.0
-280.671962269 0.0
-279.671962269 0.0
-278.671962269 0.0
-277.671962269 0.0
-276.671962269 0.0
-275.671962269 0.0
-274.671962269 0.0
-273.671962269 0.0
-272.671962269 0.0
-271.671962269 0.0
-270.671962269 0.0
-269.671962269 0.0
-268.671962269 0.0
-267.671962269 0.0
-266.671962269 0.0
-265.671962269 0.0
-264.671962269 0.0
-263.671962269 0.0
-262.671962269 0.0
-261.671962269 0.0
-260.671962269 0.0
-259.671962269 0.0
-258.671962269 0.0
-257.671962269 0.0
-256.671962269 0.0
-255.671962269 0.0
-254.671962269 0.0
-253.671962269 0.0
-252.671962269 0.0
-251.671962269 0.0
-250.671962269 0.0
-249.671962269 0.0
-248.671962269 0.0
-247.671962269 0.0
-246.671962269 0.0
-245.671962269 0.0
-244.671962269 0.0
-243.671962269 0.0
-242.671962269 0.0
-241.671962269 0.0
-240.671962269 0.0
-239.671962269 0.0
-238.671962269 0.0
-237.671962269 0.0
-236.671962269 0.0
-235.671962269 0.0
-234.671962269 0.0
-233.671962269 0.0
-232.671962269 0.0
-231.671962269 0.0
-230.671962269 0.0
-229.671962269 0.0
-228.671962269 0.0
-227.671962269 0.0
-226.671962269 0.0
-225.671962269 0.0
-224.671962269 0.0
-223.671962269 0.0
-222.671962269 0.0
-221.671962269 0.0
-220.671962269 0.0
-219.671962269 0.0
-218.671962269 0.0
-217.671962269 0.0
-216.671962269 0.0
-215.671962269 0.0
-214.671962269 0.0
-213.671962269 0.0
-212.671962269 0.0
-211.671962269 0.0
-210.671962269 0.0
-209.671962269 0.0
-208.671962269 0.0
-207.671962269 0.0
-206.671962269 0.0
-205.671962269 0.0
-204.671962269 0.0
-203.671962269 0.0
-202.671962269 0.0
-201.671962269 0.0
-200.671962269 0.0
-199.671962269 0.0
-198.671962269 0.0
-197.671962269 0.0
-196.671962269 0.0
-195.671962269 0.0
-194.671962269 0.0
-193.671962269 0.0
-192.671962269 0.0
-191.671962269 0.0
-190.671962269 0.0
-189.671962269 0.0
-188.671962269 0.0
-187.671962269 0.0
-186.671962269 0.0
-185.671962269 0.0
-184.671962269 0.0
-183.671962269 0.0
-182.671962269 0.0
-181.671962269 0.0
-180.671962269 0.0
-179.671962269 0.0
-178.671962269 0.0
-177.671962269 0.0
-176.671962269 0.0
-175.671962269 0.0
-174.671962269 0.0
-173.671962269 0.0
-172.671962269 0.0
-171.671962269 0.0
-170.671962269 0.0
-169.671962269 0.0
-168.671962269 0.0
-167.671962269 0.0
-166.671962269 0.0
-165.671962269 0.0
-164.671962269 0.0
-163.671962269 0.0
-162.671962269 0.0
-161.671962269 0.0
-160.671962269 0.0
-159.671962269 0.0
-158.671962269 0.0
-157.671962269 0.0
-156.671962269 0.0
-155.671962269 0.0
-154.671962269 0.0
-153.671962269 0.0
-152.671962269 0.0
-151.671962269 0.0
-150.671962269 0.0
-149.671962269 0.0
-148.671962269 0.0
-147.671962269 0.0
-146.671962269 0.0
-145.671962269 0.0
-144.671962269 0.0
-143.671962269 0.0
-142.671962269 0.0
-141.671962269 0.0
-140.671962269 0.0
-139.671962269 0.0
-138.671962269 0.0
-137.671962269 0.0
-136.671962269 0.0
-135.671962269 0.0
-134.671962269 0.0
-133.671962269 0.0
-132.671962269 0.0
-131.671962269 0.0
-130.671962269 0.0
-129.671962269 0.0
-128.671962269 0.0
-127.671962269 0.0
-126.671962269 0.0
-125.671962269 0.0
-124.671962269 0.0
-123.671962269 0.0
-122.671962269 0.0
-121.671962269 0.0
-120.671962269 0.0
-119.671962269 0.0
-118.671962269 0.0
-117.671962269 0.0
-116.671962269 0.0
-115.671962269 0.0
-114.671962269 0.0
-113.671962269 0.0
-112.671962269 0.0
-111.671962269 0.0
-110.671962269 0.0
-109.671962269 0.0
-108.671962269 0.0
-107.671962269 0.0
-106.671962269 0.0
-105.671962269 0.0
-104.671962269 0.0
-103.671962269 0.0
-102.671962269 0.0
-101.671962269 0.0
-100.671962269 0.0
-99.6719622688 0.0
-98.6719622688 0.000000e+00
-98.2582433495 0.000000e+00
-97.8445244301 0.000000e+00
-97.4308055107 0.000000e+00
-97.0170865914 0.000000e+00
-96.603367672 0.000000e+00
-96.1896487526 0.000000e+00
-95.7759298333 0.000000e+00
-95.3622109139 0.000000e+00
-94.9484919945 0.000000e+00
-94.5347730752 0.000000e+00
-94.1210541558 0.000000e+00
-93.7073352364 0.000000e+00
-93.2936163171 0.000000e+00
-92.8798973977 0.000000e+00
-92.4661784783 0.000000e+00
-92.052459559 0.000000e+00
-91.6387406396 0.000000e+00
-91.2250217202 0.000000e+00
-90.8113028009 0.000000e+00
-90.3975838815 0.000000e+00
-89.9838649621 0.000000e+00
-89.5701460428 0.000000e+00
-89.1564271234 0.000000e+00
-88.742708204 0.000000e+00
-88.3289892847 0.000000e+00
-87.9152703653 0.000000e+00
-87.5015514459 0.000000e+00
-87.0878325266 0.000000e+00
-86.6741136072 0.000000e+00
-86.2603946878 0.000000e+00
-85.8466757685 0.000000e+00
-85.4329568491 0.000000e+00
-85.0192379298 0.000000e+00
-84.6055190104 0.000000e+00
-84.191800091 0.000000e+00
-83.7780811717 0.000000e+00
-83.3643622523 0.000000e+00
-82.9506433329 0.000000e+00
-82.5369244136 0.000000e+00
-82.1232054942 0.000000e+00
-81.7094865748 0.000000e+00
-81.2957676555 0.000000e+00
-80.8820487361 0.000000e+00
-80.4683298167 0.000000e+00
-80.0546108974 0.000000e+00
-79.640891978 0.000000e+00
-79.2271730586 0.000000e+00
-78.8134541393 0.000000e+00
-78.3997352199 0.000000e+00
-77.9860163005 0.000000e+00
-77.5722973812 0.000000e+00
-77.1585784618 0.000000e+00
-76.7448595424 0.000000e+00
-76.3311406231 0.000000e+00
-75.9174217037 0.000000e+00
-75.5037027843 0.000000e+00
-75.089983865 0.000000e+00
-74.6762649456 0.000000e+00
-74.2625460262 0.000000e+00
-73.8488271069 0.000000e+00
-73.4351081875 0.000000e+00
-73.0213892681 0.000000e+00
-72.6076703488 0.000000e+00
-72.1939514294 0.000000e+00
-71.78023251 0.000000e+00
-71.3665135907 0.000000e+00
-70.9527946713 0.000000e+00
-70.5390757519 0.000000e+00
-70.1253568326 0.000000e+00
-69.7116379132 0.000000e+00
-69.2979189938 0.000000e+00
-68.8842000745 0.000000e+00
-68.4704811551 0.000000e+00
-68.0567622357 0.000000e+00
-67.6430433164 0.000000e+00
-67.229324397 0.000000e+00
-66.8156054776 0.000000e+00
-66.4018865583 0.000000e+00
-65.9881676389 0.000000e+00
-65.5744487195 0.000000e+00
-65.1607298002 0.000000e+00
-64.7470108808 0.000000e+00
-64.3332919614 0.000000e+00
-63.9195730421 0.000000e+00
-63.5058541227 0.000000e+00
-63.0921352033 0.000000e+00
-62.678416284 0.000000e+00
-62.2646973646 0.000000e+00
-61.8509784452 0.000000e+00
-61.4372595259 0.000000e+00
-61.0235406065 0.000000e+00
-60.6098216871 0.000000e+00
-60.1961027678 0.000000e+00
-59.7823838484 0.000000e+00
-59.368664929 0.000000e+00
-58.9549460097 0.000000e+00
-58.5412270903 0.000000e+00
-58.1275081709 0.000000e+00
-57.7137892516 0.000000e+00
-57.3000703322 0.000000e+00
-56.8863514129 0.000000e+00
-56.4726324935 0.000000e+00
-56.0589135741 0.000000e+00
-55.6451946548 0.000000e+00
-55.2314757354 0.000000e+00
-54.817756816 0.000000e+00
-54.4040378967 0.000000e+00
-53.9903189773 0.000000e+00
-53.5766000579 0.000000e+00
-53.1628811386 0.000000e+00
-52.7491622192 0.000000e+00
-52.3354432998 0.000000e+00
-51.9217243805 0.000000e+00
-51.5080054611 0.000000e+00
-51.0942865417 0.000000e+00
-50.6805676224 0.000000e+00
-50.266848703 0.000000e+00
-49.8531297836 0.000000e+00
-49.4394108643 0.000000e+00
-49.0256919449 0.000000e+00
-48.6119730255 0.000000e+00
-48.1982541062 0.000000e+00
-47.7845351868 0.000000e+00
-47.3708162674 0.000000e+00
-46.9570973481 0.000000e+00
-46.5433784287 0.000000e+00
-46.1296595093 0.000000e+00
-45.71594059 0.000000e+00
-45.3022216706 0.000000e+00
-44.8885027512 0.000000e+00
-44.4747838319 0.000000e+00
-44.0610649125 0.000000e+00
-43.6473459931 0.000000e+00
-43.2336270738 0.000000e+00
-42.8199081544 0.000000e+00
-42.406189235 0.000000e+00
-41.9924703157 0.000000e+00
-41.5787513963 0.000000e+00
-41.1650324769 0.000000e+00
-40.7513135576 0.000000e+00
-40.3375946382 0.000000e+00
-39.9238757188 0.000000e+00
-39.5101567995 0.000000e+00
-39.0964378801 0.000000e+00
-38.6827189607 0.000000e+00
-38.2690000414 0.000000e+00
-37.855281122 0.000000e+00
-37.4415622026 0.000000e+00
-37.0278432833 0.000000e+00
-36.6141243639 0.000000e+00
-36.2004054445 0.000000e+00
-35.7866865252 0.000000e+00
-35.3729676058 0.000000e+00
-34.9592486864 0.000000e+00
-34.5455297671 0.000000e+00
-34.1318108477 0.000000e+00
-33.7180919283 0.000000e+00
-33.304373009 0.000000e+00
-32.8906540896 0.000000e+00
-32.4769351702 0.000000e+00
-32.0632162509 0.000000e+00
-31.6494973315 0.000000e+00
-31.2357784121 0.000000e+00
-30.8220594928 0.000000e+00
-30.4083405734 0.000000e+00
-29.994621654 0.000000e+00
-29.5809027347 0.000000e+00
-29.1671838153 0.000000e+00
-28.7534648959 0.000000e+00
-28.3397459766 0.000000e+00
-27.9260270572 0.000000e+00
-27.5123081379 0.000000e+00
-27.0985892185 0.000000e+00
-26.6848702991 0.000000e+00
-26.2711513798 0.000000e+00
-25.8574324604 0.000000e+00
-25.443713541 0.000000e+00
-25.0299946217 0.000000e+00
-24.6162757023 0.000000e+00
-24.2025567829 0.000000e+00
-23.7888378636 0.000000e+00
-23.3751189442 0.000000e+00
-22.9614000248 0.000000e+00
-22.5476811055 0.000000e+00
-22.1339621861 0.000000e+00
-21.7202432667 0.000000e+00
-21.3065243474 0.000000e+00
-20.892805428 0.000000e+00
-20.4790865086 0.000000e+00
-20.0653675893 0.000000e+00
-19.6516486699 0.000000e+00
-19.2379297505 0.000000e+00
-18.8242108312 0.000000e+00
-18.4104919118 0.000000e+00
-17.9967729924 0.000000e+00
-17.5830540731 0.000000e+00
-17.1693351537 0.000000e+00
-16.7556162343 0.000000e+00
-16.341897315 0.000000e+00
-15.9281783956 0.000000e+00
-15.5144594762 0.000000e+00
-15.1007405569 0.000000e+00
-14.6870216375 0.000000e+00
-14.2733027181 0.000000e+00
-13.8595837988 0.000000e+00
-13.4458648794 0.000000e+00
-13.03214596 0.000000e+00
-12.6184270407 0.000000e+00
-12.2047081213 0.000000e+00
-11.7909892019 0.000000e+00
-11.3772702826 0.000000e+00
-10.9635513632 0.000000e+00
-10.5498324438 0.000000e+00
-10.1361135245 0.000000e+00
-9.72239460511 0.000000e+00
-9.30867568574 0.000000e+00
-8.89495676637 0.000000e+00
-8.48123784701 0.000000e+00
-8.06751892764 0.000000e+00
-7.65380000827 0.000000e+00
-7.24008108891 0.000000e+00
-6.82636216954 0.000000e+00
-6.41264325018 0.000000e+00
-5.99892433081 0.000000e+00
-5.58520541144 0.000000e+00
-5.17148649208 0.000000e+00
-4.75776757271 0.000000e+00
-4.34404865334 0.000000e+00
-3.93032973398 0.000000e+00
-3.51661081461 0.000000e+00
-3.10289189525 0.000000e+00
-2.68917297588 0.000000e+00
-2.27545405651 0.000000e+00
-1.86173513715 5.974689e-01
-1.44801621778 0.000000e+00
-1.03429729842 1.000000e+00
-0.620578379049 0.000000e+00
-0.206859459683 0.000000e+00
0.206859459683 0.000000e+00
0.620578379049 0.000000e+00
1.03429729842 0.000000e+00
1.44801621778 0.000000e+00
1.86173513715 0.000000e+00
2.27545405651 5.556404e-01
2.68917297588 5.950886e-01
3.10289189525 0.000000e+00
3.51661081461 0.000000e+00
3.93032973398 0.000000e+00
4.34404865334 8.118107e-01
4.75776757271 5.961002e-01
5.17148649208 6.355130e-01
5.58520541144 5.719106e-01
5.99892433081 6.016328e-01
6.41264325018 5.593509e-01
6.82636216954 0.000000e+00
7.24008108891 0.000000e+00
7.65380000827 5.904256e-01
8.06751892764 0.000000e+00
8.48123784701 0.000000e+00
8.89495676637 0.000000e+00
9.30867568574 5.236243e-01
9.72239460511 0.000000e+00
10.1361135245 0.000000e+00
10.5498324438 0.000000e+00
10.9635513632 0.000000e+00
11.3772702826 0.000000e+00
11.7909892019 0.000000e+00
12.2047081213 0.000000e+00
12.6184270407 0.000000e+00
13.03214596 0.000000e+00
13.4458648794 5.070111e-01
13.8595837988 0.000000e+00
14.2733027181 0.000000e+00
14.6870216375 0.000000e+00
15.1007405569 0.000000e+00
15.5144594762 0.000000e+00
15.9281783956 5.718892e-01
16.341897315 0.000000e+00
16.7556162343 0.000000e+00
17.1693351537 0.000000e+00
17.5830540731 0.000000e+00
17.9967729924 0.000000e+00
18.4104919118 0.000000e+00
18.8242108312 0.000000e+00
19.2379297505 0.000000e+00
19.6516486699 0.000000e+00
20.0653675893 0.000000e+00
20.4790865086 0.000000e+00
20.892805428 0.000000e+00
21.3065243474 0.000000e+00
21.7202432667 0.000000e+00
22.1339621861 0.000000e+00
22.5476811055 5.812362e-01
22.9614000248 0.000000e+00
23.3751189442 0.000000e+00
23.7888378636 0.000000e+00
24.2025567829 0.000000e+00
24.6162757023 0.000000e+00
25.0299946217 0.000000e+00
25.443713541 0.000000e+00
25.8574324604 0.000000e+00
26.2711513798 0.000000e+00
26.6848702991 0.000000e+00
27.0985892185 0.000000e+00
27.5123081379 0.000000e+00
27.9260270572 0.000000e+00
28.3397459766 0.000000e+00
28.7534648959 0.000000e+00
29.1671838153 0.000000e+00
29.5809027347 0.000000e+00
29.994621654 0.000000e+00
30.4083405734 0.000000e+00
30.8220594928 0.000000e+00
31.2357784121 0.000000e+00
31.6494973315 0.000000e+00
32.0632162509 0.000000e+00
32.4769351702 0.000000e+00
32.8906540896 0.000000e+00
33.304373009 0.000000e+00
33.7180919283 0.000000e+00
34.1318108477 0.000000e+00
34.5455297671 0.000000e+00
34.9592486864 0.000000e+00
35.3729676058 0.000000e+00
35.7866865252 0.000000e+00
36.2004054445 0.000000e+00
36.6141243639 0.000000e+00
37.0278432833 0.000000e+00
37.4415622026 0.000000e+00
37.855281122 0.000000e+00
38.2690000414 0.000000e+00
38.6827189607 0.000000e+00
39.0964378801 0.000000e+00
39.5101567995 0.000000e+00
39.9238757188 0.000000e+00
40.3375946382 0.000000e+00
40.7513135576 0.000000e+00
41.1650324769 0.000000e+00
41.5787513963 0.000000e+00
41.9924703157 0.000000e+00
42.406189235 0.000000e+00
42.8199081544 0.000000e+00
43.2336270738 0.000000e+00
43.6473459931 0.000000e+00
44.0610649125 0.000000e+00
44.4747838319 0.000000e+00
44.8885027512 0.000000e+00
45.3022216706 0.000000e+00
45.71594059 0.000000e+00
46.1296595093 0.000000e+00
46.5433784287 0.000000e+00
46.9570973481 0.000000e+00
47.3708162674 0.000000e+00
47.7845351868 0.000000e+00
48.1982541062 0.000000e+00
48.6119730255 0.000000e+00
49.0256919449 0.000000e+00
49.4394108643 0.000000e+00
49.8531297836 0.000000e+00
50.266848703 0.000000e+00
50.6805676224 0.000000e+00
51.0942865417 0.000000e+00
51.5080054611 0.000000e+00
51.9217243805 0.000000e+00
52.3354432998 0.000000e+00
52.7491622192 0.000000e+00
53.1628811386 0.000000e+00
53.5766000579 0.000000e+00
53.9903189773 0.000000e+00
54.4040378967 0.000000e+00
54.817756816 0.000000e+00
55.2314757354 0.000000e+00
55.6451946548 0.000000e+00
56.0589135741 0.000000e+00
56.4726324935 0.000000e+00
56.8863514129 0.000000e+00
57.3000703322 0.000000e+00
57.7137892516 0.000000e+00
58.1275081709 0.000000e+00
58.5412270903 0.000000e+00
58.9549460097 0.000000e+00
59.368664929 0.000000e+00
59.7823838484 0.000000e+00
60.1961027678 0.000000e+00
60.6098216871 0.000000e+00
61.0235406065 0.000000e+00
61.4372595259 0.000000e+00
61.8509784452 0.000000e+00
62.2646973646 0.000000e+00
62.678416284 0.000000e+00
63.0921352033 0.000000e+00
63.5058541227 0.000000e+00
63.9195730421 0.000000e+00
64.3332919614 0.000000e+00
64.7470108808 0.000000e+00
65.1607298002 0.000000e+00
65.5744487195 0.000000e+00
65.9881676389 0.000000e+00
66.4018865583 0.000000e+00
66.8156054776 0.000000e+00
67.229324397 0.000000e+00
67.6430433164 0.000000e+00
68.0567622357 0.000000e+00
68.4704811551 0.000000e+00
68.8842000745 0.000000e+00
69.2979189938 0.000000e+00
69.7116379132 0.000000e+00
70.1253568326 0.000000e+00
70.5390757519 0.000000e+00
70.9527946713 0.000000e+00
71.3665135907 0.000000e+00
71.78023251 0.000000e+00
72.1939514294 0.000000e+00
72.6076703488 0.000000e+00
73.0213892681 0.000000e+00
73.4351081875 0.000000e+00
73.8488271069 0.000000e+00
74.2625460262 0.000000e+00
74.6762649456 0.000000e+00
75.089983865 0.000000e+00
75.5037027843 0.000000e+00
75.9174217037 0.000000e+00
76.3311406231 0.000000e+00
76.7448595424 0.000000e+00
77.1585784618 0.000000e+00
77.5722973812 0.000000e+00
77.9860163005 0.000000e+00
78.3997352199 0.000000e+00
78.8134541393 0.000000e+00
79.2271730586 0.000000e+00
79.640891978 0.000000e+00
80.0546108974 0.000000e+00
80.4683298167 0.000000e+00
80.8820487361 0.000000e+00
81.2957676555 0.000000e+00
81.7094865748 0.000000e+00
82.1232054942 0.000000e+00
82.5369244136 0.000000e+00
82.9506433329 0.000000e+00
83.3643622523 0.000000e+00
83.7780811717 0.000000e+00
84.191800091 0.000000e+00
84.6055190104 0.000000e+00
85.0192379298 0.000000e+00
85.4329568491 0.000000e+00
85.8466757685 0.000000e+00
86.2603946878 0.000000e+00
86.6741136072 0.000000e+00
87.0878325266 0.000000e+00
87.5015514459 0.000000e+00
87.9152703653 0.000000e+00
88.3289892847 0.000000e+00
88.742708204 0.000000e+00
89.1564271234 0.000000e+00
89.5701460428 0.000000e+00
89.9838649621 0.000000e+00
90.3975838815 0.000000e+00
90.8113028009 0.000000e+00
91.2250217202 0.000000e+00
91.6387406396 0.000000e+00
92.052459559 0.000000e+00
92.4661784783 0.000000e+00
92.8798973977 0.000000e+00
93.2936163171 0.000000e+00
93.7073352364 0.000000e+00
94.1210541558 0.000000e+00
94.5347730752 0.000000e+00
94.9484919945 0.000000e+00
95.3622109139 0.000000e+00
95.7759298333 0.000000e+00
96.1896487526 0.000000e+00
96.603367672 0.000000e+00
97.0170865914 0.000000e+00
97.4308055107 0.000000e+00
97.8445244301 0.000000e+00
98.2582433495 0.000000e+00
98.6719622688 0.000000e+00
99.0856811882 0.000000e+00
99.4994001076 0.000000e+00
99.9131190269 0.000000e+00
100.326837946 0.000000e+00
100.740556866 0.000000e+00
101.154275785 0.000000e+00
101.567994704 0.000000e+00
101.981713624 0.000000e+00
102.395432543 0.000000e+00
102.809151462 0.000000e+00
103.222870382 0.000000e+00
103.636589301 0.000000e+00
104.050308221 0.000000e+00
104.46402714 0.000000e+00
104.877746059 0.000000e+00
105.291464979 0.000000e+00
105.705183898 0.000000e+00
106.118902817 0.000000e+00
106.532621737 0.000000e+00
106.946340656 0.000000e+00
107.360059576 0.000000e+00
107.773778495 0.000000e+00
108.187497414 0.000000e+00
108.601216334 0.000000e+00
109.014935253 0.000000e+00
109.428654172 0.000000e+00
109.842373092 0.000000e+00
110.256092011 0.000000e+00
110.66981093 0.000000e+00
111.08352985 0.000000e+00
111.497248769 0.000000e+00
111.910967689 0.000000e+00
112.324686608 0.000000e+00
112.738405527 0.000000e+00
113.152124447 0.000000e+00
113.565843366 0.000000e+00
113.979562285 0.000000e+00
114.393281205 0.000000e+00
114.807000124 0.000000e+00
115.220719043 0.000000e+00
115.634437963 0.000000e+00
116.048156882 0.000000e+00
116.461875802 0.000000e+00
116.875594721 0.000000e+00
117.28931364 0.000000e+00
117.70303256 0.000000e+00
118.116751479 0.000000e+00
118.530470398 0.000000e+00
118.944189318 0.000000e+00
119.357908237 0.000000e+00
119.771627157 0.000000e+00
120.185346076 0.000000e+00
120.599064995 0.000000e+00
121.012783915 0.000000e+00
121.426502834 0.000000e+00
121.840221753 0.000000e+00
122.253940673 0.000000e+00
122.667659592 0.000000e+00
123.081378511 0.000000e+00
123.495097431 0.000000e+00
123.90881635 0.000000e+00
124.32253527 0.000000e+00
124.736254189 0.000000e+00
125.149973108 0.000000e+00
125.563692028 0.000000e+00
125.977410947 0.000000e+00
126.391129866 0.000000e+00
126.804848786 0.000000e+00
127.218567705 0.000000e+00
127.632286624 0.000000e+00
128.046005544 0.000000e+00
128.459724463 0.000000e+00
128.873443383 0.000000e+00
129.287162302 0.000000e+00
129.700881221 0.000000e+00
130.114600141 0.000000e+00
130.52831906 0.000000e+00
130.942037979 0.000000e+00
131.355756899 0.000000e+00
131.769475818 0.000000e+00
132.183194737 0.000000e+00
132.596913657 0.000000e+00
133.010632576 0.000000e+00
133.424351496 0.000000e+00
133.838070415 0.000000e+00
134.251789334 0.000000e+00
134.665508254 0.000000e+00
135.079227173 0.000000e+00
135.492946092 0.000000e+00
135.906665012 0.000000e+00
136.320383931 0.000000e+00
136.734102851 0.000000e+00
137.14782177 0.000000e+00
137.561540689 0.000000e+00
137.975259609 0.000000e+00
138.388978528 0.000000e+00
138.802697447 0.000000e+00
139.216416367 0.000000e+00
139.630135286 0.000000e+00
140.043854205 0.000000e+00
140.457573125 0.000000e+00
140.871292044 0.000000e+00
141.285010964 0.000000e+00
141.698729883 0.000000e+00
142.112448802 0.000000e+00
142.526167722 0.000000e+00
142.939886641 0.000000e+00
143.35360556 0.000000e+00
143.76732448 0.000000e+00
144.181043399 0.000000e+00
144.594762318 0.000000e+00
145.008481238 0.000000e+00
145.422200157 0.000000e+00
145.835919077 0.000000e+00
146.249637996 0.000000e+00
146.663356915 0.000000e+00
147.077075835 0.000000e+00
147.490794754 0.000000e+00
147.904513673 0.000000e+00
148.318232593 0.000000e+00
148.731951512 0.000000e+00
149.145670432 0.000000e+00
149.559389351 0.000000e+00
149.97310827 0.000000e+00
150.38682719 0.000000e+00
150.800546109 0.000000e+00
151.214265028 0.000000e+00
151.627983948 0.000000e+00
152.041702867 0.000000e+00
152.455421786 0.000000e+00
152.869140706 0.000000e+00
153.282859625 0.000000e+00
153.696578545 0.000000e+00
154.110297464 0.000000e+00
154.524016383 0.000000e+00
154.937735303 0.000000e+00
155.351454222 0.000000e+00
155.765173141 0.000000e+00
156.178892061 0.000000e+00
156.59261098 0.000000e+00
157.006329899 0.000000e+00
157.420048819 0.000000e+00
157.833767738 0.000000e+00
158.247486658 0.000000e+00
158.661205577 0.000000e+00
159.074924496 0.000000e+00
159.488643416 0.000000e+00
159.902362335 0.000000e+00
160.316081254 0.000000e+00
160.729800174 0.000000e+00
161.143519093 0.000000e+00
161.557238012 0.000000e+00
161.970956932 0.000000e+00
162.384675851 0.000000e+00
162.798394771 0.000000e+00
163.21211369 0.000000e+00
163.625832609 0.000000e+00
164.039551529 0.000000e+00
164.453270448 0.000000e+00
164.866989367 0.000000e+00
165.280708287 0.000000e+00
165.694427206 0.000000e+00
166.108146126 0.000000e+00
166.521865045 0.000000e+00
166.935583964 0.000000e+00
167.349302884 0.000000e+00
167.763021803 0.000000e+00
168.176740722 0.000000e+00
168.590459642 0.000000e+00
169.004178561 0.000000e+00
169.41789748 0.000000e+00
169.8316164 0.000000e+00
170.245335319 0.000000e+00
170.659054239 0.000000e+00
171.072773158 0.000000e+00
171.486492077 0.000000e+00
171.900210997 0.000000e+00
172.313929916 0.000000e+00
172.727648835 0.000000e+00
173.141367755 0.000000e+00
173.555086674 0.000000e+00
173.968805593 0.000000e+00
174.382524513 0.000000e+00
174.796243432 0.000000e+00
175.209962352 0.000000e+00
175.623681271 0.000000e+00
176.03740019 0.000000e+00
176.45111911 0.000000e+00
176.864838029 0.000000e+00
177.278556948 0.000000e+00
177.692275868 0.000000e+00
178.105994787 0.000000e+00
178.519713707 0.000000e+00
178.933432626 0.000000e+00
179.347151545 0.000000e+00
179.760870465 0.000000e+00
180.174589384 0.000000e+00
180.588308303 0.000000e+00
181.002027223 0.000000e+00
181.415746142 0.000000e+00
181.829465061 0.000000e+00
182.243183981 0.000000e+00
182.6569029 0.000000e+00
183.07062182 0.000000e+00
183.484340739 0.000000e+00
183.898059658 0.000000e+00
184.311778578 0.000000e+00
184.725497497 0.000000e+00
185.139216416 0.000000e+00
185.552935336 0.000000e+00
185.966654255 0.000000e+00
186.380373174 0.000000e+00
186.794092094 0.000000e+00
187.207811013 0.000000e+00
187.621529933 0.000000e+00
188.035248852 0.000000e+00
188.448967771 0.000000e+00
188.862686691 0.000000e+00
189.27640561 0.000000e+00
189.690124529 0.000000e+00
190.103843449 0.000000e+00
190.517562368 0.000000e+00
190.931281287 0.000000e+00
191.345000207 0.000000e+00
191.758719126 0.000000e+00
192.172438046 0.000000e+00
192.586156965 0.000000e+00
192.999875884 0.000000e+00
193.413594804 0.000000e+00
193.827313723 0.000000e+00
194.241032642 0.000000e+00
194.654751562 0.000000e+00
195.068470481 0.000000e+00
195.482189401 0.000000e+00
195.89590832 0.000000e+00
196.309627239 0.000000e+00
196.723346159 0.000000e+00
197.137065078 0.000000e+00
197.550783997 0.000000e+00
197.964502917 0.000000e+00
198.378221836 0.000000e+00
198.791940755 0.000000e+00
199.205659675 0.000000e+00
199.619378594 0.000000e+00
200.033097514 0.000000e+00
200.446816433 0.000000e+00
200.860535352 0.000000e+00
201.274254272 0.000000e+00
201.687973191 0.000000e+00
202.10169211 0.000000e+00
202.51541103 0.000000e+00
202.929129949 0.000000e+00
203.342848868 0.000000e+00
203.756567788 0.000000e+00
204.170286707 0.000000e+00
204.584005627 0.000000e+00
204.997724546 0.000000e+00
205.411443465 0.000000e+00
205.825162385 0.000000e+00
206.238881304 0.000000e+00
206.652600223 0.000000e+00
207.066319143 0.000000e+00
207.480038062 0.000000e+00
207.893756982 0.000000e+00
208.307475901 0.000000e+00
208.72119482 0.000000e+00
209.13491374 0.000000e+00
209.548632659 0.000000e+00
209.962351578 0.000000e+00
210.376070498 0.000000e+00
210.789789417 0.000000e+00
211.203508336 0.000000e+00
211.617227256 0.000000e+00
212.030946175 0.000000e+00
212.444665095 0.000000e+00
212.858384014 0.000000e+00
213.272102933 0.000000e+00
213.685821853 0.000000e+00
214.099540772 0.000000e+00
214.513259691 0.000000e+00
214.926978611 0.000000e+00
215.34069753 0.000000e+00
215.754416449 0.000000e+00
216.168135369 0.000000e+00
216.581854288 0.000000e+00
216.995573208 0.000000e+00
217.409292127 0.000000e+00
217.823011046 0.000000e+00
218.236729966 0.000000e+00
218.650448885 0.000000e+00
219.064167804 0.000000e+00
219.477886724 0.000000e+00
219.891605643 0.000000e+00
220.305324562 0.000000e+00
220.719043482 0.000000e+00
221.132762401 0.000000e+00
221.546481321 0.000000e+00
221.96020024 0.000000e+00
222.373919159 0.000000e+00
222.787638079 0.000000e+00
223.201356998 0.000000e+00
223.615075917 0.000000e+00
224.028794837 0.000000e+00
224.442513756 0.000000e+00
224.856232676 0.000000e+00
225.269951595 0.000000e+00
225.683670514 0.000000e+00
226.097389434 0.000000e+00
226.511108353 0.000000e+00
226.924827272 0.000000e+00
227.338546192 0.000000e+00
227.752265111 0.000000e+00
228.16598403 0.000000e+00
228.57970295 0.000000e+00
228.993421869 0.000000e+00
229.407140789 0.000000e+00
229.820859708 0.000000e+00
230.234578627 0.000000e+00
230.648297547 0.000000e+00
231.062016466 0.000000e+00
231.475735385 0.000000e+00
231.889454305 0.000000e+00
232.303173224 0.000000e+00
232.716892143 0.000000e+00
233.130611063 0.000000e+00
233.544329982 0.000000e+00
233.958048902 0.000000e+00
234.371767821 0.000000e+00
234.78548674 0.000000e+00
235.19920566 0.000000e+00
235.612924579 0.000000e+00
236.026643498 0.000000e+00
236.440362418 0.000000e+00
236.854081337 0.000000e+00
237.267800257 0.000000e+00
237.681519176 0.000000e+00
238.095238095 0.000000e+00
238.508957015 0.000000e+00
238.922675934 0.000000e+00
239.336394853 0.000000e+00
239.750113773 0.000000e+00
240.163832692 0.000000e+00
240.577551611 0.000000e+00
240.991270531 0.000000e+00
241.40498945 0.000000e+00
241.81870837 0.000000e+00
242.232427289 0.000000e+00
242.646146208 0.000000e+00
243.059865128 0.000000e+00
243.473584047 0.000000e+00
243.887302966 0.000000e+00
244.301021886 0.000000e+00
244.714740805 0.000000e+00
245.128459724 0.000000e+00
245.542178644 0.000000e+00
245.955897563 0.000000e+00
246.369616483 0.000000e+00
246.783335402 0.000000e+00
247.197054321 0.000000e+00
247.610773241 0.000000e+00
248.02449216 0.000000e+00
248.438211079 0.000000e+00
248.851929999 0.000000e+00
249.265648918 0.000000e+00
249.679367837 0.000000e+00
250.093086757 0.000000e+00
250.506805676 0.000000e+00
250.920524596 0.000000e+00
251.334243515 0.000000e+00
251.747962434 0.000000e+00
252.161681354 0.000000e+00
252.575400273 0.000000e+00
252.989119192 0.000000e+00
253.402838112 0.000000e+00
253.816557031 0.000000e+00
254.230275951 0.000000e+00
254.64399487 0.000000e+00
255.057713789 0.000000e+00
255.471432709 0.000000e+00
255.885151628 0.000000e+00
256.298870547 0.000000e+00
256.712589467 0.000000e+00
257.126308386 0.000000e+00
257.540027305 0.000000e+00
257.953746225 0.000000e+00
258.367465144 0.000000e+00
258.781184064 0.000000e+00
259.194902983 0.000000e+00
259.608621902 0.000000e+00
260.022340822 0.000000e+00
260.436059741 0.000000e+00
260.84977866 0.000000e+00
261.26349758 0.000000e+00
261.677216499 0.000000e+00
262.090935418 0.000000e+00
262.504654338 0.000000e+00
262.918373257 0.000000e+00
263.332092177 0.000000e+00
263.745811096 0.000000e+00
264.159530015 0.000000e+00
264.573248935 0.000000e+00
264.986967854 0.000000e+00
265.400686773 0.000000e+00
265.814405693 0.000000e+00
266.228124612 0.000000e+00
266.641843532 0.000000e+00
267.055562451 0.000000e+00
267.46928137 0.000000e+00
267.88300029 0.000000e+00
268.296719209 0.000000e+00
268.710438128 0.000000e+00
269.124157048 0.000000e+00
269.537875967 0.000000e+00
269.951594886 0.000000e+00
270.365313806 0.000000e+00
270.779032725 0.000000e+00
271.192751645 0.000000e+00
271.606470564 0.000000e+00
272.020189483 0.000000e+00
272.433908403 0.000000e+00
272.847627322 0.000000e+00
273.261346241 0.000000e+00
273.675065161 0.000000e+00
274.08878408 0.000000e+00
274.502502999 0.000000e+00
274.916221919 0.000000e+00
275.329940838 0.000000e+00
275.743659758 0.000000e+00
276.157378677 0.000000e+00
276.571097596 0.000000e+00
276.984816516 0.000000e+00
277.398535435 0.000000e+00
277.812254354 0.000000e+00
278.225973274 0.000000e+00
278.639692193 0.000000e+00
279.053411112 0.000000e+00
279.467130032 0.000000e+00
279.880848951 0.000000e+00
280.294567871 0.000000e+00
280.70828679 0.000000e+00
281.122005709 0.000000e+00
281.535724629 0.000000e+00
281.949443548 0.000000e+00
282.363162467 0.000000e+00
282.776881387 0.000000e+00
283.190600306 0.000000e+00
283.604319226 0.000000e+00
284.018038145 0.000000e+00
284.431757064 0.000000e+00
284.845475984 0.000000e+00
285.259194903 0.000000e+00
285.672913822 0.000000e+00
286.086632742 0.000000e+00
286.500351661 0.000000e+00
286.91407058 0.000000e+00
287.3277895 0.000000e+00
287.741508419 0.000000e+00
288.155227339 0.000000e+00
288.568946258 0.000000e+00
288.982665177 0.000000e+00
289.396384097 0.000000e+00
289.810103016 0.000000e+00
290.223821935 0.000000e+00
290.637540855 0.000000e+00
291.051259774 0.000000e+00
291.464978693 0.000000e+00
291.878697613 0.000000e+00
292.292416532 0.000000e+00
292.706135452 0.000000e+00
293.119854371 0.000000e+00
293.53357329 0.000000e+00
293.94729221 0.000000e+00
294.361011129 0.000000e+00
294.774730048 0.000000e+00
295.188448968 0.000000e+00
295.602167887 0.000000e+00
296.015886807 0.000000e+00
296.429605726 0.000000e+00
296.843324645 0.000000e+00
297.257043565 0.000000e+00
297.670762484 0.000000e+00
298.084481403 0.000000e+00
298.498200323 0.000000e+00
298.911919242 0.000000e+00
299.325638161 0.000000e+00
299.739357081 0.000000e+00
300.153076 0.000000e+00
300.56679492 0.000000e+00
300.980513839 0.000000e+00
301.394232758 0.000000e+00
301.807951678 0.000000e+00
302.221670597 0.000000e+00
302.635389516 0.000000e+00
303.049108436 0.000000e+00
303.462827355 0.000000e+00
303.876546274 0.000000e+00
304.290265194 0.000000e+00
304.703984113 0.000000e+00
305.117703033 0.000000e+00
305.531421952 0.000000e+00
305.945140871 0.000000e+00
306.358859791 0.000000e+00
306.77257871 0.000000e+00
307.186297629 0.000000e+00
307.600016549 0.000000e+00
308.013735468 0.000000e+00
308.427454387 0.000000e+00
308.841173307 0.000000e+00
309.254892226 0.000000e+00
309.668611146 0.000000e+00
310.082330065 0.000000e+00
310.496048984 0.000000e+00
310.909767904 0.000000e+00
311.323486823 0.000000e+00
311.737205742 0.000000e+00
312.150924662 0.000000e+00
312.564643581 0.000000e+00
312.978362501 0.000000e+00
313.39208142 0.000000e+00
313.805800339 0.000000e+00
314.219519259 0.000000e+00
314.633238178 0.000000e+00
315.046957097 0.000000e+00
315.460676017 0.000000e+00
315.874394936 0.000000e+00
316.288113855 0.000000e+00
316.701832775 0.000000e+00
317.115551694 0.000000e+00
317.529270614 0.000000e+00
317.942989533 0.000000e+00
318.356708452 0.000000e+00
318.770427372 0.000000e+00
319.184146291 0.000000e+00
319.59786521 0.000000e+00
320.01158413 0.000000e+00
320.425303049 0.000000e+00
320.839021968 0.000000e+00
321.252740888 0.000000e+00
321.666459807 0.000000e+00
322.080178727 0.000000e+00
322.493897646 0.000000e+00
322.907616565 0.000000e+00
323.321335485 0.000000e+00
323.735054404 0.000000e+00
324.148773323 0.000000e+00
324.562492243 0.000000e+00
324.976211162 0.000000e+00
325.389930082 0.000000e+00
325.803649001 0.000000e+00
326.21736792 0.000000e+00
326.63108684 0.000000e+00
327.044805759 0.000000e+00
327.458524678 0.000000e+00
327.872243598 0.000000e+00
328.285962517 0.000000e+00
328.699681436 0.000000e+00
329.113400356 0.000000e+00
329.527119275 0.000000e+00
329.940838195 0.000000e+00
330.354557114 0.000000e+00
330.768276033 0.000000e+00
331.181994953 0.000000e+00
331.595713872 0.000000e+00
332.009432791 0.000000e+00
332.423151711 0.000000e+00
332.83687063 0.000000e+00
333.250589549 0.000000e+00
333.664308469 0.000000e+00
334.078027388 0.000000e+00
334.491746308 0.000000e+00
334.905465227 0.000000e+00
335.319184146 0.000000e+00
335.732903066 0.000000e+00
336.146621985 0.000000e+00
336.560340904 0.000000e+00
336.974059824 0.000000e+00
337.387778743 0.000000e+00
337.801497662 0.000000e+00
338.215216582 0.000000e+00
338.628935501 0.000000e+00
339.042654421 0.000000e+00
339.45637334 0.000000e+00
339.870092259 0.000000e+00
340.283811179 0.000000e+00
340.697530098 0.000000e+00
341.111249017 0.000000e+00
341.524967937 0.000000e+00
341.938686856 0.000000e+00
342.352405776 0.000000e+00
342.766124695 0.000000e+00
343.179843614 0.000000e+00
343.593562534 0.000000e+00
344.007281453 0.000000e+00
344.421000372 0.000000e+00
344.834719292 0.000000e+00
345.248438211 0.000000e+00
345.66215713 0.000000e+00
346.07587605 0.000000e+00
346.489594969 0.000000e+00
346.903313889 0.000000e+00
347.317032808 0.000000e+00
347.730751727 0.000000e+00
348.144470647 0.000000e+00
348.558189566 0.000000e+00
348.971908485 0.000000e+00
349.385627405 0.000000e+00
349.799346324 0.000000e+00
350.213065243 0.000000e+00
350.626784163 0.000000e+00
351.040503082 0.000000e+00
351.454222002 0.000000e+00
351.867940921 0.000000e+00
352.28165984 0.000000e+00
352.69537876 0.000000e+00
353.109097679 0.000000e+00
353.522816598 0.000000e+00
353.936535518 0.000000e+00
354.350254437 0.000000e+00
354.763973357 0.000000e+00
355.177692276 0.000000e+00
355.591411195 0.000000e+00
356.005130115 0.000000e+00
356.418849034 0.000000e+00
356.832567953 0.000000e+00
357.246286873 0.000000e+00
357.660005792 0.000000e+00
358.073724711 0.000000e+00
358.487443631 0.000000e+00
358.90116255 0.000000e+00
359.31488147 0.000000e+00
359.728600389 0.000000e+00
360.142319308 0.000000e+00
360.556038228 0.000000e+00
360.969757147 0.000000e+00
361.383476066 0.000000e+00
361.797194986 0.000000e+00
362.210913905 0.000000e+00
362.624632824 0.000000e+00
363.038351744 0.000000e+00
363.452070663 0.000000e+00
363.865789583 0.000000e+00
364.279508502 0.000000e+00
364.693227421 0.000000e+00
365.106946341 0.000000e+00
365.52066526 0.000000e+00
365.934384179 0.000000e+00
366.348103099 0.000000e+00
366.761822018 0.000000e+00
367.175540937 0.000000e+00
367.589259857 0.000000e+00
368.002978776 0.000000e+00
368.416697696 0.000000e+00
368.830416615 0.000000e+00
369.244135534 0.000000e+00
369.657854454 0.000000e+00
370.071573373 0.000000e+00
370.485292292 0.000000e+00
370.899011212 0.000000e+00
371.312730131 0.000000e+00
371.726449051 0.000000e+00
372.14016797 0.000000e+00
372.553886889 0.000000e+00
372.967605809 0.000000e+00
373.381324728 0.000000e+00
373.795043647 0.000000e+00
374.208762567 0.000000e+00
374.622481486 0.000000e+00
375.036200405 0.000000e+00
375.449919325 0.000000e+00
375.863638244 0.000000e+00
376.277357164 0.000000e+00
376.691076083 0.000000e+00
377.104795002 0.000000e+00
377.518513922 0.000000e+00
377.932232841 0.000000e+00
378.34595176 0.000000e+00
378.75967068 0.000000e+00
379.173389599 0.000000e+00
379.587108518 0.000000e+00
380.000827438 0.000000e+00
380.414546357 0.000000e+00
380.828265277 0.000000e+00
381.241984196 0.000000e+00
381.655703115 0.000000e+00
382.069422035 0.000000e+00
382.483140954 0.000000e+00
382.896859873 0.000000e+00
383.310578793 0.000000e+00
383.724297712 0.000000e+00
384.138016632 0.000000e+00
384.551735551 0.000000e+00
384.96545447 0.000000e+00
385.37917339 0.000000e+00
385.792892309 0.000000e+00
386.206611228 0.000000e+00
386.620330148 0.000000e+00
387.034049067 0.000000e+00
387.447767986 0.000000e+00
387.861486906 0.000000e+00
388.275205825 0.000000e+00
388.688924745 0.000000e+00
389.102643664 0.000000e+00
389.516362583 0.000000e+00
389.930081503 0.000000e+00
390.343800422 0.000000e+00
390.757519341 0.000000e+00
391.171238261 0.000000e+00
391.58495718 0.000000e+00
391.998676099 0.000000e+00
392.412395019 0.000000e+00
392.826113938 0.000000e+00
393.239832858 0.000000e+00
393.653551777 0.000000e+00
394.067270696 0.000000e+00
394.480989616 0.000000e+00
394.894708535 0.000000e+00
395.308427454 0.000000e+00
395.722146374 0.000000e+00
396.135865293 0.000000e+00
396.549584212 0.000000e+00
396.963303132 0.000000e+00
397.377022051 0.000000e+00
397.790740971 0.000000e+00
398.20445989 0.000000e+00
399.20445989 0.0
400.20445989 0.0
401.20445989 0.0
402.20445989 0.0
403.20445989 0.0
404.20445989 0.0
405.20445989 0.0
406.20445989 0.0
407.20445989 0.0
408.20445989 0.0
409.20445989 0.0
410.20445989 0.0
411.20445989 0.0
412.20445989 0.0
413.20445989 0.0
414.20445989 0.0
415.20445989 0.0
416.20445989 0.0
417.20445989 0.0
418.20445989 0.0
419.20445989 0.0
420.20445989 0.0
421.20445989 0.0
422.20445989 0.0
423.20445989 0.0
424.20445989 0.0
425.20445989 0.0
426.20445989 0.0
427.20445989 0.0
428.20445989 0.0
429.20445989 0.0
430.20445989 0.0
431.20445989 0.0
432.20445989 0.0
433.20445989 0.0
434.20445989 0.0
435.20445989 0.0
436.20445989 0.0
437.20445989 0.0
438.20445989 0.0
439.20445989 0.0
440.20445989 0.0
441.20445989 0.0
442.20445989 0.0
443.20445989 0.0
444.20445989 0.0
445.20445989 0.0
446.20445989 0.0
447.20445989 0.0
448.20445989 0.0
449.20445989 0.0
450.20445989 0.0
451.20445989 0.0
452.20445989 0.0
453.20445989 0.0
454.20445989 0.0
455.20445989 0.0
456.20445989 0.0
457.20445989 0.0
458.20445989 0.0
459.20445989 0.0
460.20445989 0.0
461.20445989 0.0
462.20445989 0.0
463.20445989 0.0
464.20445989 0.0
465.20445989 0.0
466.20445989 0.0
467.20445989 0.0
468.20445989 0.0
469.20445989 0.0
470.20445989 0.0
471.20445989 0.0
472.20445989 0.0
473.20445989 0.0
474.20445989 0.0
475.20445989 0.0
476.20445989 0.0
477.20445989 0.0
478.20445989 0.0
479.20445989 0.0
480.20445989 0.0
481.20445989 0.0
482.20445989 0.0
483.20445989 0.0
484.20445989 0.0
485.20445989 0.0
486.20445989 0.0
487.20445989 0.0
488.20445989 0.0
489.20445989 0.0
490.20445989 0.0
491.20445989 0.0
492.20445989 0.0
493.20445989 0.0
494.20445989 0.0
495.20445989 0.0
496.20445989 0.0
497.20445989 0.0
498.20445989 0.0
499.20445989 0.0
500.20445989 0.0
501.20445989 0.0
502.20445989 0.0
503.20445989 0.0
504.20445989 0.0
505.20445989 0.0
506.20445989 0.0
507.20445989 0.0
508.20445989 0.0
509.20445989 0.0
510.20445989 0.0
511.20445989 0.0
512.20445989 0.0
513.20445989 0.0
514.20445989 0.0
515.20445989 0.0
516.20445989 0.0
517.20445989 0.0
518.20445989 0.0
519.20445989 0.0
520.20445989 0.0
521.20445989 0.0
522.20445989 0.0
523.20445989 0.0
524.20445989 0.0
525.20445989 0.0
526.20445989 0.0
527.20445989 0.0
528.20445989 0.0
529.20445989 0.0
530.20445989 0.0
531.20445989 0.0
532.20445989 0.0
533.20445989 0.0
534.20445989 0.0
535.20445989 0.0
536.20445989 0.0
537.20445989 0.0
538.20445989 0.0
539.20445989 0.0
540.20445989 0.0
541.20445989 0.0
542.20445989 0.0
543.20445989 0.0
544.20445989 0.0
545.20445989 0.0
546.20445989 0.0
547.20445989 0.0
548.20445989 0.0
549.20445989 0.0
550.20445989 0.0
551.20445989 0.0
552.20445989 0.0
553.20445989 0.0
554.20445989 0.0
555.20445989 0.0
556.20445989 0.0
557.20445989 0.0
558.20445989 0.0
559.20445989 0.0
560.20445989 0.0
561.20445989 0.0
562.20445989 0.0
563.20445989 0.0
564.20445989 0.0
565.20445989 0.0
566.20445989 0.0
567.20445989 0.0
568.20445989 0.0
569.20445989 0.0
570.20445989 0.0
571.20445989 0.0
572.20445989 0.0
573.20445989 0.0
574.20445989 0.0
575.20445989 0.0
576.20445989 0.0
577.20445989 0.0
578.20445989 0.0
579.20445989 0.0
580.20445989 0.0
581.20445989 0.0
582.20445989 0.0
583.20445989 0.0
584.20445989 0.0
585.20445989 0.0
586.20445989 0.0
587.20445989 0.0
588.20445989 0.0
589.20445989 0.0
590.20445989 0.0
591.20445989 0.0
592.20445989 0.0
593.20445989 0.0
594.20445989 0.0
595.20445989 0.0
596.20445989 0.0
597.20445989 0.0
598.20445989 0.0
599.20445989 0.0
600.20445989 0.0
601.20445989 0.0
602.20445989 0.0
603.20445989 0.0
604.20445989 0.0
605.20445989 0.0
606.20445989 0.0
607.20445989 0.0
608.20445989 0.0
609.20445989 0.0
610.20445989 0.0
611.20445989 0.0
612.20445989 0.0
613.20445989 0.0
614.20445989 0.0
615.20445989 0.0
616.20445989 0.0
617.20445989 0.0
618.20445989 0.0
619.20445989 0.0
620.20445989 0.0
621.20445989 0.0
622.20445989 0.0
623.20445989 0.0
624.20445989 0.0
625.20445989 0.0
626.20445989 0.0
627.20445989 0.0
628.20445989 0.0
629.20445989 0.0
630.20445989 0.0
631.20445989 0.0
632.20445989 0.0
633.20445989 0.0
634.20445989 0.0
635.20445989 0.0
636.20445989 0.0
637.20445989 0.0
638.20445989 0.0
639.20445989 0.0
640.20445989 0.0
641.20445989 0.0
642.20445989 0.0
643.20445989 0.0
644.20445989 0.0
645.20445989 0.0
646.20445989 0.0
647.20445989 0.0
648.20445989 0.0
649.20445989 0.0
650.20445989 0.0
651.20445989 0.0
652.20445989 0.0
653.20445989 0.0
654.20445989 0.0
655.20445989 0.0
656.20445989 0.0
657.20445989 0.0
658.20445989 0.0
659.20445989 0.0
660.20445989 0.0
661.20445989 0.0
662.20445989 0.0
663.20445989 0.0
664.20445989 0.0
665.20445989 0.0
666.20445989 0.0
667.20445989 0.0
668.20445989 0.0
669.20445989 0.0
670.20445989 0.0
671.20445989 0.0
672.20445989 0.0
673.20445989 0.0
674.20445989 0.0
675.20445989 0.0
676.20445989 0.0
677.20445989 0.0
678.20445989 0.0
679.20445989 0.0
680.20445989 0.0
681.20445989 0.0
682.20445989 0.0
683.20445989 0.0
684.20445989 0.0
685.20445989 0.0
686.20445989 0.0
687.20445989 0.0
688.20445989 0.0
689.20445989 0.0
690.20445989 0.0
691.20445989 0.0
692.20445989 0.0
693.20445989 0.0
694.20445989 0.0
695.20445989 0.0
696.20445989 0.0
697.20445989 0.0
698.20445989 0.0
699.20445989 0.0
700.20445989 0.0
701.20445989 0.0
702.20445989 0.0
703.20445989 0.0
704.20445989 0.0
705.20445989 0.0
706.20445989 0.0
707.20445989 0.0
708.20445989 0.0
709.20445989 0.0
710.20445989 0.0
711.20445989 0.0
712.20445989 0.0
713.20445989 0.0
714.20445989 0.0
715.20445989 0.0
716.20445989 0.0
717.20445989 0.0
718.20445989 0.0
719.20445989 0.0
720.20445989 0.0
721.20445989 0.0
722.20445989 0.0
723.20445989 0.0
724.20445989 0.0
725.20445989 0.0
726.20445989 0.0
727.20445989 0.0
728.20445989 0.0
729.20445989 0.0
730.20445989 0.0
731.20445989 0.0
732.20445989 0.0
733.20445989 0.0
734.20445989 0.0
735.20445989 0.0
736.20445989 0.0
737.20445989 0.0
738.20445989 0.0
739.20445989 0.0
740.20445989 0.0
741.20445989 0.0
742.20445989 0.0
743.20445989 0.0
744.20445989 0.0
745.20445989 0.0
746.20445989 0.0
747.20445989 0.0
748.20445989 0.0
749.20445989 0.0
750.20445989 0.0
751.20445989 0.0
752.20445989 0.0
753.20445989 0.0
754.20445989 0.0
755.20445989 0.0
756.20445989 0.0
757.20445989 0.0
758.20445989 0.0
759.20445989 0.0
760.20445989 0.0
761.20445989 0.0
762.20445989 0.0
763.20445989 0.0
764.20445989 0.0
765.20445989 0.0
766.20445989 0.0
767.20445989 0.0
768.20445989 0.0
769.20445989 0.0
770.20445989 0.0
771.20445989 0.0
772.20445989 0.0
773.20445989 0.0
774.20445989 0.0
775.20445989 0.0
776.20445989 0.0
777.20445989 0.0
778.20445989 0.0
779.20445989 0.0
780.20445989 0.0
781.20445989 0.0
782.20445989 0.0
783.20445989 0.0
784.20445989 0.0
785.20445989 0.0
786.20445989 0.0
787.20445989 0.0
788.20445989 0.0
789.20445989 0.0
790.20445989 0.0
791.20445989 0.0
792.20445989 0.0
793.20445989 0.0
794.20445989 0.0
795.20445989 0.0
796.20445989 0.0
797.20445989 0.0
798.20445989 0.0
799.20445989 0.0
800.20445989 0.0
801.20445989 0.0
802.20445989 0.0
803.20445989 0.0
804.20445989 0.0
805.20445989 0.0
806.20445989 0.0
807.20445989 0.0
808.20445989 0.0
809.20445989 0.0
810.20445989 0.0
811.20445989 0.0
812.20445989 0.0
813.20445989 0.0
814.20445989 0.0
815.20445989 0.0
816.20445989 0.0
817.20445989 0.0
818.20445989 0.0
819.20445989 0.0
820.20445989 0.0
821.20445989 0.0
822.20445989 0.0
823.20445989 0.0
824.20445989 0.0
825.20445989 0.0
826.20445989 0.0
827.20445989 0.0
828.20445989 0.0
829.20445989 0.0
830.20445989 0.0
831.20445989 0.0
832.20445989 0.0
833.20445989 0.0
834.20445989 0.0
835.20445989 0.0
836.20445989 0.0
837.20445989 0.0
838.20445989 0.0
839.20445989 0.0
840.20445989 0.0
841.20445989 0.0
842.20445989 0.0
843.20445989 0.0
844.20445989 0.0
845.20445989 0.0
846.20445989 0.0
847.20445989 0.0
848.20445989 0.0
849.20445989 0.0
850.20445989 0.0
851.20445989 0.0
852.20445989 0.0
853.20445989 0.0
854.20445989 0.0
855.20445989 0.0
856.20445989 0.0
857.20445989 0.0
858.20445989 0.0
859.20445989 0.0
860.20445989 0.0
861.20445989 0.0
862.20445989 0.0
863.20445989 0.0
864.20445989 0.0
865.20445989 0.0
866.20445989 0.0
867.20445989 0.0
868.20445989 0.0
869.20445989 0.0
870.20445989 0.0
871.20445989 0.0
872.20445989 0.0
873.20445989 0.0
874.20445989 0.0
875.20445989 0.0
876.20445989 0.0
877.20445989 0.0
878.20445989 0.0
879.20445989 0.0
880.20445989 0.0
881.20445989 0.0
882.20445989 0.0
883.20445989 0.0
884.20445989 0.0
885.20445989 0.0
886.20445989 0.0
887.20445989 0.0
888.20445989 0.0
889.20445989 0.0
890.20445989 0.0
891.20445989 0.0
892.20445989 0.0
893.20445989 0.0
894.20445989 0.0
895.20445989 0.0
896.20445989 0.0
897.20445989 0.0
898.20445989 0.0
