-815.880297464 0.0
-814.880297464 0.0
-813.880297464 0.0
-812.880297464 0.0
-811.880297464 0.0
-810.880297464 0.0
-809.880297464 0.0
-808.880297464 0.0
-807.880297464 0.0
-806.880297464 0.0
-805.880297464 0.0
-804.880297464 0.0
-803.880297464 0.0
-802.880297464 0.0
-801.880297464 0.0
-800.880297464 0.0
-799.880297464 0.0
-798.880297464 0.0
-797.880297464 0.0
-796.880297464 0.0
-795.880297464 0.0
-794.880297464 0.0
-793.880297464 0.0
-792.880297464 0.0
-791.880297464 0.0
-790.880297464 0.0
-789.880297464 0.0
-788.880297464 0.0
-787.880297464 0.0
-786.880297464 0.0
-785.880297464 0.0
-784.880297464 0.0
-783.880297464 0.0
-782.880297464 0.0
-781.880297464 0.0
-780.880297464 0.0
-779.880297464 0.0
-778.880297464 0.0
-777.880297464 0.0
-776.880297464 0.0
-775.880297464 0.0
-774.880297464 0.0
-773.880297464 0.0
-772.880297464 0.0
-771.880297464 0.0
-770.880297464 0.0
-769.880297464 0.0
-768.880297464 0.0
-767.880297464 0.0
-766.880297464 0.0
-765.880297464 0.0
-764.880297464 0.0
-763.880297464 0.0
-762.880297464 0.0
-761.880297464 0.0
-760.880297464 0.0
-759.880297464 0.0
-758.880297464 0.0
-757.880297464 0.0
-756.880297464 0.0
-755.880297464 0.0
-754.880297464 0.0
-753.880297464 0.0
-752.880297464 0.0
-751.880297464 0.0
-750.880297464 0.0
-749.880297464 0.0
-748.880297464 0.0
-747.880297464 0.0
-746.880297464 0.0
-745.880297464 0.0
-744.880297464 0.0
-743.880297464 0.0
-742.880297464 0.0
-741.880297464 0.0
-740.880297464 0.0
-739.880297464 0.0
-738.880297464 0.0
-737.880297464 0.0
-736.880297464 0.0
-735.880297464 0.0
-734.880297464 0.0
-733.880297464 0.0
-732.880297464 0.0
-731.880297464 0.0
-730.880297464 0.0
-729.880297464 0.0
-728.880297464 0.0
-727.880297464 0.0
-726.880297464 0.0
-725.880297464 0.0
-724.880297464 0.0
-723.880297464 0.0
-722.880297464 0.0
-721.880297464 0.0
-720.880297464 0.0
-719.880297464 0.0
-718.880297464 0.0
-717.880297464 0.0
-716.880297464 0.0
-715.880297464 0.0
-714.880297464 0.0
-713.880297464 0.0
-712.880297464 0.0
-711.880297464 0.0
-710.880297464 0.0
-709.880297464 0.0
-708.880297464 0.0
-707.880297464 0.0
-706.880297464 0.0
-705.880297464 0.0
-704.880297464 0.0
-703.880297464 0.0
-702.880297464 0.0
-701.880297464 0.0
-700.880297464 0.0
-699.880297464 0.0
-698.880297464 0.0
-697.880297464 0.0
-696.880297464 0.0
-695.880297464 0.0
-694.880297464 0.0
-693.880297464 0.0
-692.880297464 0.0
-691.880297464 0.0
-690.880297464 0.0
-689.880297464 0.0
-688.880297464 0.0
-687.880297464 0.0
-686.880297464 0.0
-685.880297464 0.0
-684.880297464 0.0
-683.880297464 0.0
-682.880297464 0.0
-681.880297464 0.0
-680.880297464 0.0
-679.880297464 0.0
-678.880297464 0.0
-677.880297464 0.0
-676.880297464 0.0
-675.880297464 0.0
-674.880297464 0.0
-673.880297464 0.0
-672.880297464 0.0
-671.880297464 0.0
-670.880297464 0.0
-669.880297464 0.0
-668.880297464 0.0
-667.880297464 0.0
-666.880297464 0.0
-665.880297464 0.0
-664.880297464 0.0
-663.880297464 0.0
-662.880297464 0.0
-661.880297464 0.0
-660.880297464 0.0
-659.880297464 0.0
-658.880297464 0.0
-657.880297464 0.0
-656.880297464 0.0
-655.880297464 0.0
-654.880297464 0.0
-653.880297464 0.0
-652.880297464 0.0
-651.880297464 0.0
-650.880297464 0.0
-649.880297464 0.0
-648.880297464 0.0
-647.880297464 0.0
-646.880297464 0.0
-645.880297464 0.0
-644.880297464 0.0
-643.880297464 0.0
-642.880297464 0.0
-641.880297464 0.0
-640.880297464 0.0
-639.880297464 0.0
-638.880297464 0.0
-637.880297464 0.0
-636.880297464 0.0
-635.880297464 0.0
-634.880297464 0.0
-633.880297464 0.0
-632.880297464 0.0
-631.880297464 0.0
-630.880297464 0.0
-629.880297464 0.0
-628.880297464 0.0
-627.880297464 0.0
-626.880297464 0.0
-625.880297464 0.0
-624.880297464 0.0
-623.880297464 0.0
-622.880297464 0.0
-621.880297464 0.0
-620.880297464 0.0
-619.880297464 0.0
-618.880297464 0.0
-617.880297464 0.0
-616.880297464 0.0
-615.880297464 0.0
-614.880297464 0.0
-613.880297464 0.0
-612.880297464 0.0
-611.880297464 0.0
-610.880297464 0.0
-609.880297464 0.0
-608.880297464 0.0
-607.880297464 0.0
-606.880297464 0.0
-605.880297464 0.0
-604.880297464 0.0
-603.880297464 0.0
-602.880297464 0.0
-601.880297464 0.0
-600.880297464 0.0
-599.880297464 0.0
-598.880297464 0.0
-597.880297464 0.0
-596.880297464 0.0
-595.880297464 0.0
-594.880297464 0.0
-593.880297464 0.0
-592.880297464 0.0
-591.880297464 0.0
-590.880297464 0.0
-589.880297464 0.0
-588.880297464 0.0
-587.880297464 0.0
-586.880297464 0.0
-585.880297464 0.0
-584.880297464 0.0
-583.880297464 0.0
-582.880297464 0.0
-581.880297464 0.0
-580.880297464 0.0
-579.880297464 0.0
-578.880297464 0.0
-577.880297464 0.0
-576.880297464 0.0
-575.880297464 0.0
-574.880297464 0.0
-573.880297464 0.0
-572.880297464 0.0
-571.880297464 0.0
-570.880297464 0.0
-569.880297464 0.0
-568.880297464 0.0
-567.880297464 0.0
-566.880297464 0.0
-565.880297464 0.0
-564.880297464 0.0
-563.880297464 0.0
-562.880297464 0.0
-561.880297464 0.0
-560.880297464 0.0
-559.880297464 0.0
-558.880297464 0.0
-557.880297464 0.0
-556.880297464 0.0
-555.880297464 0.0
-554.880297464 0.0
-553.880297464 0.0
-552.880297464 0.0
-551.880297464 0.0
-550.880297464 0.0
-549.880297464 0.0
-548.880297464 0.0
-547.880297464 0.0
-546.880297464 0.0
-545.880297464 0.0
-544.880297464 0.0
-543.880297464 0.0
-542.880297464 0.0
-541.880297464 0.0
-540.880297464 0.0
-539.880297464 0.0
-538.880297464 0.0
-537.880297464 0.0
-536.880297464 0.0
-535.880297464 0.0
-534.880297464 0.0
-533.880297464 0.0
-532.880297464 0.0
-531.880297464 0.0
-530.880297464 0.0
-529.880297464 0.0
-528.880297464 0.0
-527.880297464 0.0
-526.880297464 0.0
-525.880297464 0.0
-524.880297464 0.0
-523.880297464 0.0
-522.880297464 0.0
-521.880297464 0.0
-520.880297464 0.0
-519.880297464 0.0
-518.880297464 0.0
-517.880297464 0.0
-516.880297464 0.0
-515.880297464 0.0
-514.880297464 0.0
-513.880297464 0.0
-512.880297464 0.0
-511.880297464 0.0
-510.880297464 0.0
-509.880297464 0.0
-508.880297464 0.0
-507.880297464 0.0
-506.880297464 0.0
-505.880297464 0.0
-504.880297464 0.0
-503.880297464 0.0
-502.880297464 0.0
-501.880297464 0.0
-500.880297464 0.0
-499.880297464 0.0
-498.880297464 0.0
-497.880297464 0.0
-496.880297464 0.0
-495.880297464 0.0
-494.880297464 0.0
-493.880297464 0.0
-492.880297464 0.0
-491.880297464 0.0
-490.880297464 0.0
-489.880297464 0.0
-488.880297464 0.0
-487.880297464 0.0
-486.880297464 0.0
-485.880297464 0.0
-484.880297464 0.0
-483.880297464 0.0
-482.880297464 0.0
-481.880297464 0.0
-480.880297464 0.0
-479.880297464 0.0
-478.880297464 0.0
-477.880297464 0.0
-476.880297464 0.0
-475.880297464 0.0
-474.880297464 0.0
-473.880297464 0.0
-472.880297464 0.0
-471.880297464 0.0
-470.880297464 0.0
-469.880297464 0.0
-468.880297464 0.0
-467.880297464 0.0
-466.880297464 0.0
-465.880297464 0.0
-464.880297464 0.0
-463.880297464 0.0
-462.880297464 0.0
-461.880297464 0.0
-460.880297464 0.0
-459.880297464 0.0
-458.880297464 0.0
-457.880297464 0.0
-456.880297464 0.0
-455.880297464 0.0
-454.880297464 0.0
-453.880297464 0.0
-452.880297464 0.0
-451.880297464 0.0
-450.880297464 0.0
-449.880297464 0.0
-448.880297464 0.0
-447.880297464 0.0
-446.880297464 0.0
-445.880297464 0.0
-444.880297464 0.0
-443.880297464 0.0
-442.880297464 0.0
-441.880297464 0.0
-440.880297464 0.0
-439.880297464 0.0
-438.880297464 0.0
-437.880297464 0.0
-436.880297464 0.0
-435.880297464 0.0
-434.880297464 0.0
-433.880297464 0.0
-432.880297464 0.0
-431.880297464 0.0
-430.880297464 0.0
-429.880297464 0.0
-428.880297464 0.0
-427.880297464 0.0
-426.880297464 0.0
-425.880297464 0.0
-424.880297464 0.0
-423.880297464 0.0
-422.880297464 0.0
-421.880297464 0.0
-420.880297464 0.0
-419.880297464 0.0
-418.880297464 0.0
-417.880297464 0.0
-416.880297464 0.0
-415.880297464 0.0
-414.880297464 0.0
-413.880297464 0.0
-412.880297464 0.0
-411.880297464 0.0
-410.880297464 0.0
-409.880297464 0.0
-408.880297464 0.0
-407.880297464 0.0
-406.880297464 0.0
-405.880297464 0.0
-404.880297464 0.0
-403.880297464 0.0
-402.880297464 0.0
-401.880297464 0.0
-400.880297464 0.0
-399.880297464 0.0
-398.880297464 0.0
-397.880297464 0.0
-396.880297464 0.0
-395.880297464 0.0
-394.880297464 0.0
-393.880297464 0.0
-392.880297464 0.0
-391.880297464 0.0
-390.880297464 0.0
-389.880297464 0.0
-388.880297464 0.0
-387.880297464 0.0
-386.880297464 0.0
-385.880297464 0.0
-384.880297464 0.0
-383.880297464 0.0
-382.880297464 0.0
-381.880297464 0.0
-380.880297464 0.0
-379.880297464 0.0
-378.880297464 0.0
-377.880297464 0.0
-376.880297464 0.0
-375.880297464 0.0
-374.880297464 0.0
-373.880297464 0.0
-372.880297464 0.0
-371.880297464 0.0
-370.880297464 0.0
-369.880297464 0.0
-368.880297464 0.0
-367.880297464 0.0
-366.880297464 0.0
-365.880297464 0.0
-364.880297464 0.0
-363.880297464 0.0
-362.880297464 0.0
-361.880297464 0.0
-360.880297464 0.0
-359.880297464 0.0
-358.880297464 0.0
-357.880297464 0.0
-356.880297464 0.0
-355.880297464 0.0
-354.880297464 0.0
-353.880297464 0.0
-352.880297464 0.0
-351.880297464 0.0
-350.880297464 0.0
-349.880297464 0.0
-348.880297464 0.0
-347.880297464 0.0
-346.880297464 0.0
-345.880297464 0.0
-344.880297464 0.0
-343.880297464 0.0
-342.880297464 0.0
-341.880297464 0.0
-340.880297464 0.0
-339.880297464 0.0
-338.880297464 0.0
-337.880297464 0.0
-336.880297464 0.0
-335.880297464 0.0
-334.880297464 0.0
-333.880297464 0.0
-332.880297464 0.0
-331.880297464 0.0
-330.880297464 0.0
-329.880297464 0.0
-328.880297464 0.0
-327.880297464 0.0
-326.880297464 0.0
-325.880297464 0.0
-324.880297464 0.0
-323.880297464 0.0
-322.880297464 0.0
-321.880297464 0.0
-320.880297464 0.0
-319.880297464 0.0
-318.880297464 0.0
-317.880297464 0.0
-316.880297464 0.0
-315.880297464 0.000000e+00
-315.432308933 0.000000e+00
-314.984320401 0.000000e+00
-314.53633187 0.000000e+00
-314.088343338 0.000000e+00
-313.640354807 0.000000e+00
-313.192366275 0.000000e+00
-312.744377744 0.000000e+00
-312.296389212 0.000000e+00
-311.848400681 0.000000e+00
-311.400412149 0.000000e+00
-310.952423618 0.000000e+00
-310.504435086 0.000000e+00
-310.056446555 0.000000e+00
-309.608458023 0.000000e+00
-309.160469492 0.000000e+00
-308.71248096 0.000000e+00
-308.264492429 0.000000e+00
-307.816503898 0.000000e+00
-307.368515366 0.000000e+00
-306.920526835 0.000000e+00
-306.472538303 0.000000e+00
-306.024549772 0.000000e+00
-305.57656124 0.000000e+00
-305.128572709 0.000000e+00
-304.680584177 0.000000e+00
-304.232595646 0.000000e+00
-303.784607114 0.000000e+00
-303.336618583 0.000000e+00
-302.888630051 0.000000e+00
-302.44064152 0.000000e+00
-301.992652988 0.000000e+00
-301.544664457 0.000000e+00
-301.096675925 0.000000e+00
-300.648687394 0.000000e+00
-300.200698862 0.000000e+00
-299.752710331 0.000000e+00
-299.304721799 0.000000e+00
-298.856733268 0.000000e+00
-298.408744736 0.000000e+00
-297.960756205 0.000000e+00
-297.512767673 0.000000e+00
-297.064779142 0.000000e+00
-296.61679061 0.000000e+00
-296.168802079 0.000000e+00
-295.720813547 0.000000e+00
-295.272825016 0.000000e+00
-294.824836484 0.000000e+00
-294.376847953 0.000000e+00
-293.928859421 0.000000e+00
-293.48087089 0.000000e+00
-293.032882358 0.000000e+00
-292.584893827 0.000000e+00
-292.136905295 0.000000e+00
-291.688916764 0.000000e+00
-291.240928232 0.000000e+00
-290.792939701 0.000000e+00
-290.344951169 0.000000e+00
-289.896962638 0.000000e+00
-289.448974106 0.000000e+00
-289.000985575 0.000000e+00
-288.552997043 0.000000e+00
-288.105008512 0.000000e+00
-287.65701998 0.000000e+00
-287.209031449 0.000000e+00
-286.761042917 0.000000e+00
-286.313054386 0.000000e+00
-285.865065854 0.000000e+00
-285.417077323 0.000000e+00
-284.969088791 0.000000e+00
-284.52110026 0.000000e+00
-284.073111728 0.000000e+00
-283.625123197 0.000000e+00
-283.177134665 0.000000e+00
-282.729146134 0.000000e+00
-282.281157602 0.000000e+00
-281.833169071 0.000000e+00
-281.385180539 0.000000e+00
-280.937192008 0.000000e+00
-280.489203476 0.000000e+00
-280.041214945 0.000000e+00
-279.593226413 0.000000e+00
-279.145237882 0.000000e+00
-278.69724935 0.000000e+00
-278.249260819 0.000000e+00
-277.801272287 0.000000e+00
-277.353283756 0.000000e+00
-276.905295224 0.000000e+00
-276.457306693 0.000000e+00
-276.009318161 0.000000e+00
-275.56132963 0.000000e+00
-275.113341098 0.000000e+00
-274.665352567 0.000000e+00
-274.217364035 0.000000e+00
-273.769375504 0.000000e+00
-273.321386972 0.000000e+00
-272.873398441 0.000000e+00
-272.42540991 0.000000e+00
-271.977421378 0.000000e+00
-271.529432847 0.000000e+00
-271.081444315 0.000000e+00
-270.633455784 0.000000e+00
-270.185467252 0.000000e+00
-269.737478721 0.000000e+00
-269.289490189 0.000000e+00
-268.841501658 0.000000e+00
-268.393513126 0.000000e+00
-267.945524595 0.000000e+00
-267.497536063 0.000000e+00
-267.049547532 0.000000e+00
-266.601559 0.000000e+00
-266.153570469 0.000000e+00
-265.705581937 0.000000e+00
-265.257593406 0.000000e+00
-264.809604874 0.000000e+00
-264.361616343 0.000000e+00
-263.913627811 0.000000e+00
-263.46563928 0.000000e+00
-263.017650748 0.000000e+00
-262.569662217 0.000000e+00
-107.117641788 0.000000e+00
-106.669653257 0.000000e+00
-106.221664725 0.000000e+00
-105.773676194 0.000000e+00
-105.325687662 0.000000e+00
-104.877699131 0.000000e+00
-104.429710599 0.000000e+00
-103.981722068 0.000000e+00
-103.533733536 0.000000e+00
-103.085745005 0.000000e+00
-102.637756473 0.000000e+00
-102.189767942 0.000000e+00
-101.74177941 0.000000e+00
-101.293790879 0.000000e+00
-100.845802347 0.000000e+00
-100.397813816 0.000000e+00
-99.9498252845 0.000000e+00
-99.501836753 0.000000e+00
-99.0538482215 0.000000e+00
-98.60585969 0.000000e+00
-98.1578711585 0.000000e+00
-97.709882627 0.000000e+00
-97.2618940955 0.000000e+00
-96.813905564 0.000000e+00
-96.3659170325 0.000000e+00
-95.917928501 0.000000e+00
-95.4699399695 0.000000e+00
-95.021951438 0.000000e+00
-94.5739629065 0.000000e+00
-94.1259743751 0.000000e+00
-93.6779858436 0.000000e+00
-93.2299973121 0.000000e+00
-92.7820087806 0.000000e+00
-92.3340202491 0.000000e+00
-91.8860317176 0.000000e+00
-91.4380431861 0.000000e+00
-90.9900546546 0.000000e+00
-90.5420661231 0.000000e+00
-90.0940775916 0.000000e+00
-89.6460890601 0.000000e+00
-89.1981005286 0.000000e+00
-88.7501119971 0.000000e+00
-88.3021234656 0.000000e+00
-87.8541349341 0.000000e+00
-87.4061464027 0.000000e+00
-86.9581578712 0.000000e+00
-86.5101693397 0.000000e+00
-86.0621808082 0.000000e+00
-85.6141922767 0.000000e+00
-85.1662037452 0.000000e+00
-84.7182152137 0.000000e+00
-84.2702266822 0.000000e+00
-83.8222381507 0.000000e+00
-83.3742496192 0.000000e+00
-82.9262610877 0.000000e+00
-82.4782725562 0.000000e+00
-82.0302840247 0.000000e+00
-81.5822954932 0.000000e+00
-81.1343069617 0.000000e+00
-80.6863184302 0.000000e+00
-80.2383298988 0.000000e+00
-79.7903413673 0.000000e+00
-79.3423528358 0.000000e+00
-78.8943643043 0.000000e+00
-78.4463757728 0.000000e+00
-77.9983872413 0.000000e+00
-77.5503987098 0.000000e+00
-77.1024101783 0.000000e+00
-76.6544216468 0.000000e+00
-76.2064331153 0.000000e+00
-75.7584445838 0.000000e+00
-75.3104560523 0.000000e+00
-74.8624675208 0.000000e+00
-74.4144789893 0.000000e+00
-73.9664904578 0.000000e+00
-73.5185019264 0.000000e+00
-73.0705133949 0.000000e+00
-72.6225248634 0.000000e+00
-72.1745363319 0.000000e+00
-71.7265478004 0.000000e+00
-71.2785592689 0.000000e+00
-70.8305707374 0.000000e+00
-70.3825822059 0.000000e+00
-69.9345936744 0.000000e+00
-69.4866051429 0.000000e+00
-69.0386166114 0.000000e+00
-68.5906280799 0.000000e+00
-68.1426395484 0.000000e+00
-67.6946510169 0.000000e+00
-67.2466624854 0.000000e+00
-66.7986739539 0.000000e+00
-66.3506854225 0.000000e+00
-65.902696891 0.000000e+00
-65.4547083595 0.000000e+00
-65.006719828 0.000000e+00
-64.5587312965 0.000000e+00
-64.110742765 0.000000e+00
-63.6627542335 0.000000e+00
-63.214765702 0.000000e+00
-62.7667771705 0.000000e+00
-62.318788639 0.000000e+00
-61.8708001075 0.000000e+00
-61.422811576 0.000000e+00
-60.9748230445 0.000000e+00
-60.526834513 0.000000e+00
-60.0788459815 0.000000e+00
-59.63085745 0.000000e+00
-59.1828689186 0.000000e+00
-58.7348803871 0.000000e+00
-58.2868918556 0.000000e+00
-57.8389033241 0.000000e+00
-57.3909147926 0.000000e+00
-56.9429262611 0.000000e+00
-56.4949377296 0.000000e+00
-56.0469491981 0.000000e+00
-55.5989606666 0.000000e+00
-55.1509721351 0.000000e+00
-54.7029836036 0.000000e+00
-54.2549950721 0.000000e+00
-53.8070065406 0.000000e+00
-53.3590180091 0.000000e+00
-52.9110294776 0.000000e+00
-52.4630409462 0.000000e+00
-52.0150524147 0.000000e+00
-51.5670638832 0.000000e+00
-51.1190753517 0.000000e+00
-50.6710868202 0.000000e+00
-50.2230982887 0.000000e+00
-49.7751097572 0.000000e+00
-49.3271212257 0.000000e+00
-48.8791326942 0.000000e+00
-48.4311441627 0.000000e+00
-47.9831556312 0.000000e+00
-47.5351670997 0.000000e+00
-47.0871785682 0.000000e+00
-46.6391900367 0.000000e+00
-46.1912015052 0.000000e+00
-45.7432129737 0.000000e+00
-45.2952244423 0.000000e+00
-44.8472359108 0.000000e+00
-44.3992473793 0.000000e+00
-43.9512588478 0.000000e+00
-43.5032703163 0.000000e+00
-43.0552817848 0.000000e+00
-42.6072932533 0.000000e+00
-42.1593047218 0.000000e+00
-41.7113161903 0.000000e+00
-41.2633276588 0.000000e+00
-40.8153391273 0.000000e+00
-40.3673505958 0.000000e+00
-39.9193620643 0.000000e+00
-39.4713735328 0.000000e+00
-39.0233850013 0.000000e+00
-38.5753964699 0.000000e+00
-38.1274079384 0.000000e+00
-37.6794194069 0.000000e+00
-37.2314308754 0.000000e+00
-36.7834423439 0.000000e+00
-36.3354538124 0.000000e+00
-35.8874652809 0.000000e+00
-35.4394767494 0.000000e+00
-34.9914882179 0.000000e+00
-34.5434996864 0.000000e+00
-34.0955111549 0.000000e+00
-33.6475226234 0.000000e+00
-33.1995340919 0.000000e+00
-32.7515455604 0.000000e+00
-32.3035570289 0.000000e+00
-31.8555684974 0.000000e+00
-31.407579966 0.000000e+00
-30.9595914345 0.000000e+00
-30.511602903 0.000000e+00
-30.0636143715 0.000000e+00
-29.61562584 0.000000e+00
-29.1676373085 0.000000e+00
-28.719648777 0.000000e+00
-28.2716602455 0.000000e+00
-27.823671714 0.000000e+00
-27.3756831825 0.000000e+00
-26.927694651 0.000000e+00
-26.4797061195 0.000000e+00
-26.031717588 0.000000e+00
-25.5837290565 0.000000e+00
-25.135740525 0.000000e+00
-24.6877519935 0.000000e+00
-24.2397634621 0.000000e+00
-23.7917749306 0.000000e+00
-23.3437863991 0.000000e+00
-22.8957978676 0.000000e+00
-22.4478093361 0.000000e+00
-21.9998208046 0.000000e+00
-21.5518322731 0.000000e+00
-21.1038437416 0.000000e+00
-20.6558552101 0.000000e+00
-20.2078666786 0.000000e+00
-19.7598781471 0.000000e+00
-19.3118896156 0.000000e+00
-18.8639010841 0.000000e+00
-18.4159125526 0.000000e+00
-17.9679240211 0.000000e+00
-17.5199354897 0.000000e+00
-17.0719469582 0.000000e+00
-16.6239584267 0.000000e+00
-16.1759698952 0.000000e+00
-15.7279813637 0.000000e+00
-15.2799928322 0.000000e+00
-14.8320043007 0.000000e+00
-14.3840157692 0.000000e+00
-13.9360272377 0.000000e+00
-13.4880387062 0.000000e+00
-13.0400501747 0.000000e+00
-12.5920616432 0.000000e+00
-12.1440731117 0.000000e+00
-11.6960845802 0.000000e+00
-11.2480960487 0.000000e+00
-10.8001075172 0.000000e+00
-10.3521189858 0.000000e+00
-9.90413045426 0.000000e+00
-9.45614192277 0.000000e+00
-9.00815339127 0.000000e+00
-8.56016485978 0.000000e+00
-8.11217632829 0.000000e+00
-7.66418779679 0.000000e+00
-7.2161992653 0.000000e+00
-6.76821073381 0.000000e+00
-6.32022220231 0.000000e+00
-5.87223367082 0.000000e+00
-5.42424513932 0.000000e+00
-4.97625660783 0.000000e+00
-4.52826807634 0.000000e+00
-4.08027954484 0.000000e+00
-3.63229101335 0.000000e+00
-3.18430248186 0.000000e+00
-2.73631395036 0.000000e+00
-2.28832541887 0.000000e+00
-1.84033688738 0.000000e+00
-1.39234835588 0.000000e+00
-0.944359824388 0.000000e+00
-0.496371292895 8.627957e-01
-0.0483827614013 7.656446e-01
0.399605770092 1.000000e+00
0.847594301586 7.808619e-01
1.29558283308 3.303187e-01
1.74357136457 0.000000e+00
2.19155989607 0.000000e+00
2.63954842756 0.000000e+00
3.08753695905 0.000000e+00
3.53552549055 0.000000e+00
3.98351402204 0.000000e+00
4.43150255353 0.000000e+00
4.87949108503 0.000000e+00
5.32747961652 0.000000e+00
5.77546814802 2.728539e-01
6.22345667951 0.000000e+00
6.671445211 0.000000e+00
7.1194337425 0.000000e+00
7.56742227399 0.000000e+00
8.01541080548 0.000000e+00
8.46339933698 0.000000e+00
8.91138786847 0.000000e+00
9.35937639996 0.000000e+00
9.80736493146 0.000000e+00
10.255353463 3.683941e-01
10.7033419944 7.650465e-01
11.1513305259 6.888054e-01
11.5993190574 4.069825e-01
12.0473075889 3.044283e-01
12.4952961204 3.168110e-01
12.9432846519 3.555848e-01
13.3912731834 0.000000e+00
13.8392617149 0.000000e+00
14.2872502464 0.000000e+00
14.7352387779 0.000000e+00
15.1832273094 0.000000e+00
15.6312158409 0.000000e+00
16.0792043724 0.000000e+00
16.5271929039 0.000000e+00
16.9751814354 0.000000e+00
17.4231699668 0.000000e+00
17.8711584983 0.000000e+00
18.3191470298 0.000000e+00
18.7671355613 0.000000e+00
19.2151240928 0.000000e+00
19.6631126243 0.000000e+00
20.1111011558 0.000000e+00
20.5590896873 0.000000e+00
21.0070782188 0.000000e+00
21.4550667503 0.000000e+00
21.9030552818 0.000000e+00
22.3510438133 0.000000e+00
22.7990323448 0.000000e+00
23.2470208763 0.000000e+00
23.6950094078 0.000000e+00
24.1429979393 0.000000e+00
24.5909864707 0.000000e+00
25.0389750022 0.000000e+00
25.4869635337 0.000000e+00
25.9349520652 0.000000e+00
26.3829405967 0.000000e+00
26.8309291282 0.000000e+00
27.2789176597 0.000000e+00
27.7269061912 0.000000e+00
28.1748947227 0.000000e+00
28.6228832542 0.000000e+00
29.0708717857 0.000000e+00
29.5188603172 0.000000e+00
29.9668488487 0.000000e+00
30.4148373802 0.000000e+00
30.8628259117 0.000000e+00
31.3108144432 0.000000e+00
31.7588029746 0.000000e+00
32.2067915061 0.000000e+00
32.6547800376 0.000000e+00
33.1027685691 0.000000e+00
33.5507571006 0.000000e+00
33.9987456321 0.000000e+00
34.4467341636 0.000000e+00
34.8947226951 0.000000e+00
35.3427112266 0.000000e+00
35.7906997581 0.000000e+00
36.2386882896 0.000000e+00
36.6866768211 0.000000e+00
37.1346653526 0.000000e+00
37.5826538841 0.000000e+00
38.0306424156 0.000000e+00
38.478630947 0.000000e+00
38.9266194785 0.000000e+00
39.37460801 0.000000e+00
39.8225965415 0.000000e+00
40.270585073 0.000000e+00
40.7185736045 0.000000e+00
41.166562136 0.000000e+00
41.6145506675 0.000000e+00
42.062539199 0.000000e+00
42.5105277305 0.000000e+00
42.958516262 0.000000e+00
43.4065047935 0.000000e+00
43.854493325 0.000000e+00
44.3024818565 0.000000e+00
44.750470388 0.000000e+00
45.1984589195 0.000000e+00
45.6464474509 0.000000e+00
46.0944359824 0.000000e+00
46.5424245139 0.000000e+00
46.9904130454 0.000000e+00
47.4384015769 0.000000e+00
47.8863901084 0.000000e+00
48.3343786399 0.000000e+00
48.7823671714 0.000000e+00
49.2303557029 0.000000e+00
49.6783442344 0.000000e+00
50.1263327659 0.000000e+00
50.5743212974 0.000000e+00
51.0223098289 0.000000e+00
51.4702983604 0.000000e+00
51.9182868919 0.000000e+00
52.3662754233 0.000000e+00
52.8142639548 0.000000e+00
53.2622524863 0.000000e+00
53.7102410178 0.000000e+00
54.1582295493 0.000000e+00
54.6062180808 0.000000e+00
55.0542066123 0.000000e+00
55.5021951438 0.000000e+00
55.9501836753 0.000000e+00
56.3981722068 0.000000e+00
56.8461607383 0.000000e+00
57.2941492698 0.000000e+00
57.7421378013 0.000000e+00
58.1901263328 0.000000e+00
58.6381148643 0.000000e+00
59.0861033958 0.000000e+00
59.5340919272 0.000000e+00
59.9820804587 0.000000e+00
60.4300689902 0.000000e+00
60.8780575217 0.000000e+00
61.3260460532 0.000000e+00
61.7740345847 0.000000e+00
62.2220231162 0.000000e+00
62.6700116477 0.000000e+00
63.1180001792 0.000000e+00
63.5659887107 0.000000e+00
64.0139772422 0.000000e+00
64.4619657737 0.000000e+00
64.9099543052 0.000000e+00
65.3579428367 0.000000e+00
65.8059313682 0.000000e+00
66.2539198997 0.000000e+00
66.7019084311 0.000000e+00
67.1498969626 0.000000e+00
67.5978854941 0.000000e+00
68.0458740256 0.000000e+00
68.4938625571 0.000000e+00
68.9418510886 0.000000e+00
69.3898396201 0.000000e+00
69.8378281516 0.000000e+00
70.2858166831 0.000000e+00
70.7338052146 0.000000e+00
71.1817937461 0.000000e+00
71.6297822776 0.000000e+00
72.0777708091 0.000000e+00
72.5257593406 0.000000e+00
72.9737478721 0.000000e+00
73.4217364035 0.000000e+00
73.869724935 0.000000e+00
74.3177134665 0.000000e+00
74.765701998 0.000000e+00
75.2136905295 0.000000e+00
75.661679061 0.000000e+00
76.1096675925 0.000000e+00
76.557656124 0.000000e+00
77.0056446555 0.000000e+00
77.453633187 0.000000e+00
77.9016217185 0.000000e+00
78.34961025 0.000000e+00
78.7975987815 0.000000e+00
79.245587313 0.000000e+00
79.6935758445 0.000000e+00
80.141564376 0.000000e+00
80.5895529074 0.000000e+00
81.0375414389 0.000000e+00
81.4855299704 0.000000e+00
81.9335185019 0.000000e+00
82.3815070334 0.000000e+00
82.8294955649 0.000000e+00
83.2774840964 0.000000e+00
83.7254726279 0.000000e+00
84.1734611594 0.000000e+00
84.6214496909 0.000000e+00
85.0694382224 0.000000e+00
85.5174267539 0.000000e+00
85.9654152854 0.000000e+00
86.4134038169 0.000000e+00
86.8613923484 0.000000e+00
87.3093808798 0.000000e+00
87.7573694113 0.000000e+00
88.2053579428 0.000000e+00
88.6533464743 0.000000e+00
89.1013350058 0.000000e+00
89.5493235373 0.000000e+00
89.9973120688 0.000000e+00
90.4453006003 0.000000e+00
90.8932891318 0.000000e+00
91.3412776633 0.000000e+00
91.7892661948 0.000000e+00
92.2372547263 0.000000e+00
92.6852432578 0.000000e+00
93.1332317893 0.000000e+00
93.5812203208 0.000000e+00
94.0292088523 0.000000e+00
94.4771973837 0.000000e+00
94.9251859152 0.000000e+00
95.3731744467 0.000000e+00
95.8211629782 0.000000e+00
96.2691515097 0.000000e+00
96.7171400412 0.000000e+00
97.1651285727 0.000000e+00
97.6131171042 0.000000e+00
98.0611056357 0.000000e+00
98.5090941672 0.000000e+00
98.9570826987 0.000000e+00
99.4050712302 0.000000e+00
99.8530597617 0.000000e+00
100.301048293 0.000000e+00
100.749036825 0.000000e+00
101.197025356 0.000000e+00
101.645013888 0.000000e+00
102.093002419 0.000000e+00
102.540990951 0.000000e+00
102.988979482 0.000000e+00
103.436968014 0.000000e+00
103.884956545 0.000000e+00
104.332945077 0.000000e+00
104.780933608 0.000000e+00
105.22892214 0.000000e+00
105.676910671 0.000000e+00
106.124899203 0.000000e+00
106.572887734 0.000000e+00
107.020876266 0.000000e+00
107.468864797 0.000000e+00
107.916853329 0.000000e+00
108.36484186 0.000000e+00
108.812830392 0.000000e+00
109.260818923 0.000000e+00
109.708807455 0.000000e+00
110.156795986 0.000000e+00
110.604784518 0.000000e+00
111.052773049 0.000000e+00
111.500761581 0.000000e+00
111.948750112 0.000000e+00
112.396738643 0.000000e+00
112.844727175 0.000000e+00
113.292715706 0.000000e+00
113.740704238 0.000000e+00
114.188692769 0.000000e+00
114.636681301 0.000000e+00
115.084669832 0.000000e+00
115.532658364 0.000000e+00
115.980646895 0.000000e+00
116.428635427 0.000000e+00
116.876623958 0.000000e+00
117.32461249 0.000000e+00
117.772601021 0.000000e+00
118.220589553 0.000000e+00
118.668578084 0.000000e+00
119.116566616 0.000000e+00
119.564555147 0.000000e+00
120.012543679 0.000000e+00
120.46053221 0.000000e+00
120.908520742 0.000000e+00
121.356509273 0.000000e+00
121.804497805 0.000000e+00
122.252486336 0.000000e+00
122.700474868 0.000000e+00
123.148463399 0.000000e+00
123.596451931 0.000000e+00
124.044440462 0.000000e+00
124.492428994 0.000000e+00
124.940417525 0.000000e+00
125.388406057 0.000000e+00
125.836394588 0.000000e+00
126.28438312 0.000000e+00
126.732371651 0.000000e+00
127.180360183 0.000000e+00
127.628348714 0.000000e+00
128.076337246 0.000000e+00
128.524325777 0.000000e+00
128.972314309 0.000000e+00
129.42030284 0.000000e+00
129.868291372 0.000000e+00
130.316279903 0.000000e+00
130.764268435 0.000000e+00
131.212256966 0.000000e+00
131.660245498 0.000000e+00
132.108234029 0.000000e+00
132.556222561 0.000000e+00
133.004211092 0.000000e+00
133.452199624 0.000000e+00
133.900188155 0.000000e+00
134.348176687 0.000000e+00
134.796165218 0.000000e+00
135.24415375 0.000000e+00
135.692142281 0.000000e+00
136.140130813 0.000000e+00
136.588119344 0.000000e+00
137.036107876 0.000000e+00
137.484096407 0.000000e+00
137.932084939 0.000000e+00
138.38007347 0.000000e+00
138.828062002 0.000000e+00
139.276050533 0.000000e+00
139.724039065 0.000000e+00
140.172027596 0.000000e+00
140.620016128 0.000000e+00
141.068004659 0.000000e+00
141.515993191 0.000000e+00
141.963981722 0.000000e+00
142.411970254 0.000000e+00
142.859958785 0.000000e+00
143.307947317 0.000000e+00
143.755935848 0.000000e+00
144.20392438 0.000000e+00
144.651912911 0.000000e+00
145.099901443 0.000000e+00
145.547889974 0.000000e+00
145.995878506 0.000000e+00
146.443867037 0.000000e+00
146.891855568 0.000000e+00
147.3398441 0.000000e+00
147.787832631 0.000000e+00
148.235821163 0.000000e+00
148.683809694 0.000000e+00
149.131798226 0.000000e+00
149.579786757 0.000000e+00
150.027775289 0.000000e+00
150.47576382 0.000000e+00
150.923752352 0.000000e+00
151.371740883 0.000000e+00
151.819729415 0.000000e+00
152.267717946 0.000000e+00
152.715706478 0.000000e+00
153.163695009 0.000000e+00
153.611683541 0.000000e+00
154.059672072 0.000000e+00
154.507660604 0.000000e+00
154.955649135 0.000000e+00
155.403637667 0.000000e+00
155.851626198 0.000000e+00
156.29961473 0.000000e+00
156.747603261 0.000000e+00
157.195591793 0.000000e+00
157.643580324 0.000000e+00
158.091568856 0.000000e+00
158.539557387 0.000000e+00
158.987545919 0.000000e+00
159.43553445 0.000000e+00
159.883522982 0.000000e+00
160.331511513 0.000000e+00
160.779500045 0.000000e+00
161.227488576 0.000000e+00
161.675477108 0.000000e+00
162.123465639 0.000000e+00
162.571454171 0.000000e+00
163.019442702 0.000000e+00
163.467431234 0.000000e+00
163.915419765 0.000000e+00
164.363408297 0.000000e+00
164.811396828 0.000000e+00
165.25938536 0.000000e+00
165.707373891 0.000000e+00
166.155362423 0.000000e+00
166.603350954 0.000000e+00
167.051339486 0.000000e+00
167.499328017 0.000000e+00
167.947316549 0.000000e+00
168.39530508 0.000000e+00
168.843293612 0.000000e+00
169.291282143 0.000000e+00
169.739270675 0.000000e+00
170.187259206 0.000000e+00
170.635247738 0.000000e+00
171.083236269 0.000000e+00
171.531224801 0.000000e+00
171.979213332 0.000000e+00
172.427201864 0.000000e+00
172.875190395 0.000000e+00
173.323178927 0.000000e+00
173.771167458 0.000000e+00
174.21915599 0.000000e+00
174.667144521 0.000000e+00
175.115133053 0.000000e+00
175.563121584 0.000000e+00
176.011110116 0.000000e+00
176.459098647 0.000000e+00
176.907087179 0.000000e+00
177.35507571 0.000000e+00
177.803064242 0.000000e+00
178.251052773 0.000000e+00
178.699041305 0.000000e+00
179.147029836 0.000000e+00
179.595018368 0.000000e+00
180.043006899 0.000000e+00
180.490995431 0.000000e+00
180.938983962 0.000000e+00
181.386972494 0.000000e+00
181.834961025 0.000000e+00
182.282949556 0.000000e+00
182.730938088 0.000000e+00
183.178926619 0.000000e+00
183.626915151 0.000000e+00
184.074903682 0.000000e+00
184.522892214 0.000000e+00
184.970880745 0.000000e+00
185.418869277 0.000000e+00
185.866857808 0.000000e+00
186.31484634 0.000000e+00
186.762834871 0.000000e+00
187.210823403 0.000000e+00
187.658811934 0.000000e+00
188.106800466 0.000000e+00
188.554788997 0.000000e+00
189.002777529 0.000000e+00
189.45076606 0.000000e+00
189.898754592 0.000000e+00
190.346743123 0.000000e+00
190.794731655 0.000000e+00
191.242720186 0.000000e+00
191.690708718 0.000000e+00
192.138697249 0.000000e+00
192.586685781 0.000000e+00
193.034674312 0.000000e+00
193.482662844 0.000000e+00
193.930651375 0.000000e+00
194.378639907 0.000000e+00
194.826628438 0.000000e+00
195.27461697 0.000000e+00
195.722605501 0.000000e+00
196.170594033 0.000000e+00
196.618582564 0.000000e+00
197.066571096 0.000000e+00
197.514559627 0.000000e+00
197.962548159 0.000000e+00
198.41053669 0.000000e+00
198.858525222 0.000000e+00
199.306513753 0.000000e+00
199.754502285 0.000000e+00
200.202490816 0.000000e+00
200.650479348 0.000000e+00
201.098467879 0.000000e+00
201.546456411 0.000000e+00
201.994444942 0.000000e+00
202.442433474 0.000000e+00
202.890422005 0.000000e+00
203.338410537 0.000000e+00
203.786399068 0.000000e+00
204.2343876 0.000000e+00
204.682376131 0.000000e+00
205.130364663 0.000000e+00
205.578353194 0.000000e+00
206.026341726 0.000000e+00
206.474330257 0.000000e+00
206.922318789 0.000000e+00
207.37030732 0.000000e+00
207.818295852 0.000000e+00
208.266284383 0.000000e+00
208.714272915 0.000000e+00
209.162261446 0.000000e+00
209.610249978 0.000000e+00
210.058238509 0.000000e+00
210.506227041 0.000000e+00
210.954215572 0.000000e+00
211.402204104 0.000000e+00
211.850192635 0.000000e+00
212.298181167 0.000000e+00
212.746169698 0.000000e+00
213.19415823 0.000000e+00
213.642146761 0.000000e+00
214.090135293 0.000000e+00
214.538123824 0.000000e+00
214.986112356 0.000000e+00
215.434100887 0.000000e+00
215.882089419 0.000000e+00
216.33007795 0.000000e+00
216.778066481 0.000000e+00
217.226055013 0.000000e+00
217.674043544 0.000000e+00
218.122032076 0.000000e+00
218.570020607 0.000000e+00
219.018009139 0.000000e+00
219.46599767 0.000000e+00
219.913986202 0.000000e+00
220.361974733 0.000000e+00
220.809963265 0.000000e+00
221.257951796 0.000000e+00
221.705940328 0.000000e+00
222.153928859 0.000000e+00
222.601917391 0.000000e+00
223.049905922 0.000000e+00
223.497894454 0.000000e+00
223.945882985 0.000000e+00
224.393871517 0.000000e+00
224.841860048 0.000000e+00
225.28984858 0.000000e+00
225.737837111 0.000000e+00
226.185825643 0.000000e+00
226.633814174 0.000000e+00
227.081802706 0.000000e+00
227.529791237 0.000000e+00
227.977779769 0.000000e+00
228.4257683 0.000000e+00
228.873756832 0.000000e+00
229.321745363 0.000000e+00
229.769733895 0.000000e+00
230.217722426 0.000000e+00
230.665710958 0.000000e+00
231.113699489 0.000000e+00
231.561688021 0.000000e+00
232.009676552 0.000000e+00
232.457665084 0.000000e+00
232.905653615 0.000000e+00
233.353642147 0.000000e+00
233.801630678 0.000000e+00
234.24961921 0.000000e+00
234.697607741 0.000000e+00
235.145596273 0.000000e+00
235.593584804 0.000000e+00
236.041573336 0.000000e+00
236.489561867 0.000000e+00
236.937550399 0.000000e+00
237.38553893 0.000000e+00
237.833527462 0.000000e+00
238.281515993 0.000000e+00
238.729504525 0.000000e+00
239.177493056 0.000000e+00
239.625481588 0.000000e+00
240.073470119 0.000000e+00
240.521458651 0.000000e+00
240.969447182 0.000000e+00
241.417435714 0.000000e+00
241.865424245 0.000000e+00
242.313412777 0.000000e+00
242.761401308 0.000000e+00
243.20938984 0.000000e+00
243.657378371 0.000000e+00
244.105366903 0.000000e+00
244.553355434 0.000000e+00
245.001343966 0.000000e+00
245.449332497 0.000000e+00
245.897321029 0.000000e+00
246.34530956 0.000000e+00
246.793298092 0.000000e+00
247.241286623 0.000000e+00
247.689275155 0.000000e+00
248.137263686 0.000000e+00
248.585252218 0.000000e+00
249.033240749 0.000000e+00
249.481229281 0.000000e+00
249.929217812 0.000000e+00
250.377206344 0.000000e+00
250.825194875 0.000000e+00
251.273183407 0.000000e+00
251.721171938 0.000000e+00
252.169160469 0.000000e+00
252.617149001 0.000000e+00
253.065137532 0.000000e+00
253.513126064 0.000000e+00
253.961114595 0.000000e+00
254.409103127 0.000000e+00
254.857091658 0.000000e+00
255.30508019 0.000000e+00
255.753068721 0.000000e+00
256.201057253 0.000000e+00
256.649045784 0.000000e+00
257.097034316 0.000000e+00
257.545022847 0.000000e+00
257.993011379 0.000000e+00
258.44099991 0.000000e+00
258.888988442 0.000000e+00
259.336976973 0.000000e+00
259.784965505 0.000000e+00
260.232954036 0.000000e+00
260.680942568 0.000000e+00
261.128931099 0.000000e+00
261.576919631 0.000000e+00
262.024908162 0.000000e+00
262.472896694 0.000000e+00
262.920885225 0.000000e+00
263.368873757 0.000000e+00
263.816862288 0.000000e+00
264.26485082 0.000000e+00
264.712839351 0.000000e+00
265.160827883 0.000000e+00
265.608816414 0.000000e+00
266.056804946 0.000000e+00
266.504793477 0.000000e+00
266.952782009 0.000000e+00
267.40077054 0.000000e+00
267.848759072 0.000000e+00
268.296747603 0.000000e+00
268.744736135 0.000000e+00
269.192724666 0.000000e+00
269.640713198 0.000000e+00
270.088701729 0.000000e+00
270.536690261 0.000000e+00
270.984678792 0.000000e+00
271.432667324 0.000000e+00
271.880655855 0.000000e+00
272.328644387 0.000000e+00
272.776632918 0.000000e+00
273.22462145 0.000000e+00
273.672609981 0.000000e+00
274.120598513 0.000000e+00
274.568587044 0.000000e+00
275.016575576 0.000000e+00
275.464564107 0.000000e+00
275.912552639 0.000000e+00
276.36054117 0.000000e+00
276.808529702 0.000000e+00
277.256518233 0.000000e+00
277.704506765 0.000000e+00
278.152495296 0.000000e+00
278.600483828 0.000000e+00
279.048472359 0.000000e+00
279.496460891 0.000000e+00
279.944449422 0.000000e+00
280.392437954 0.000000e+00
280.840426485 0.000000e+00
281.288415017 0.000000e+00
281.736403548 0.000000e+00
282.18439208 0.000000e+00
282.632380611 0.000000e+00
283.080369143 0.000000e+00
283.528357674 0.000000e+00
283.976346206 0.000000e+00
284.424334737 0.000000e+00
284.872323269 0.000000e+00
285.3203118 0.000000e+00
285.768300332 0.000000e+00
286.216288863 0.000000e+00
286.664277394 0.000000e+00
287.112265926 0.000000e+00
287.560254457 0.000000e+00
288.008242989 0.000000e+00
288.45623152 0.000000e+00
288.904220052 0.000000e+00
289.352208583 0.000000e+00
289.800197115 0.000000e+00
290.248185646 0.000000e+00
290.696174178 0.000000e+00
291.144162709 0.000000e+00
291.592151241 0.000000e+00
292.040139772 0.000000e+00
292.488128304 0.000000e+00
292.936116835 0.000000e+00
293.384105367 0.000000e+00
293.832093898 0.000000e+00
294.28008243 0.000000e+00
294.728070961 0.000000e+00
295.176059493 0.000000e+00
295.624048024 0.000000e+00
296.072036556 0.000000e+00
296.520025087 0.000000e+00
296.968013619 0.000000e+00
297.41600215 0.000000e+00
297.863990682 0.000000e+00
298.311979213 0.000000e+00
298.759967745 0.000000e+00
299.207956276 0.000000e+00
299.655944808 0.000000e+00
300.103933339 0.000000e+00
300.551921871 0.000000e+00
300.999910402 0.000000e+00
301.447898934 0.000000e+00
301.895887465 0.000000e+00
302.343875997 0.000000e+00
302.791864528 0.000000e+00
303.23985306 0.000000e+00
303.687841591 0.000000e+00
304.135830123 0.000000e+00
304.583818654 0.000000e+00
305.031807186 0.000000e+00
305.479795717 0.000000e+00
305.927784249 0.000000e+00
306.37577278 0.000000e+00
306.823761312 0.000000e+00
307.271749843 0.000000e+00
307.719738375 0.000000e+00
308.167726906 0.000000e+00
308.615715438 0.000000e+00
309.063703969 0.000000e+00
309.511692501 0.000000e+00
309.959681032 0.000000e+00
310.407669564 0.000000e+00
310.855658095 0.000000e+00
311.303646627 0.000000e+00
311.751635158 0.000000e+00
312.19962369 0.000000e+00
312.647612221 0.000000e+00
313.095600753 0.000000e+00
313.543589284 0.000000e+00
313.991577816 0.000000e+00
314.439566347 0.000000e+00
314.887554879 0.000000e+00
315.33554341 0.000000e+00
315.783531942 0.000000e+00
316.231520473 0.000000e+00
316.679509005 0.000000e+00
317.127497536 0.000000e+00
317.575486068 0.000000e+00
318.023474599 0.000000e+00
318.471463131 0.000000e+00
318.919451662 0.000000e+00
319.367440194 0.000000e+00
319.815428725 0.000000e+00
320.263417257 0.000000e+00
320.711405788 0.000000e+00
321.15939432 0.000000e+00
321.607382851 0.000000e+00
322.055371382 0.000000e+00
322.503359914 0.000000e+00
322.951348445 0.000000e+00
323.399336977 0.000000e+00
323.847325508 0.000000e+00
324.29531404 0.000000e+00
324.743302571 0.000000e+00
325.191291103 0.000000e+00
325.639279634 0.000000e+00
326.087268166 0.000000e+00
326.535256697 0.000000e+00
326.983245229 0.000000e+00
327.43123376 0.000000e+00
327.879222292 0.000000e+00
328.327210823 0.000000e+00
328.775199355 0.000000e+00
329.223187886 0.000000e+00
329.671176418 0.000000e+00
330.119164949 0.000000e+00
330.567153481 0.000000e+00
331.015142012 0.000000e+00
331.463130544 0.000000e+00
331.911119075 0.000000e+00
332.359107607 0.000000e+00
332.807096138 0.000000e+00
333.25508467 0.000000e+00
333.703073201 0.000000e+00
334.151061733 0.000000e+00
334.599050264 0.000000e+00
335.047038796 0.000000e+00
335.495027327 0.000000e+00
335.943015859 0.000000e+00
336.39100439 0.000000e+00
336.838992922 0.000000e+00
337.286981453 0.000000e+00
337.734969985 0.000000e+00
338.182958516 0.000000e+00
338.630947048 0.000000e+00
339.078935579 0.000000e+00
339.526924111 0.000000e+00
339.974912642 0.000000e+00
340.422901174 0.000000e+00
340.870889705 0.000000e+00
341.318878237 0.000000e+00
341.766866768 0.000000e+00
342.2148553 0.000000e+00
342.662843831 0.000000e+00
343.110832363 0.000000e+00
343.558820894 0.000000e+00
344.006809426 0.000000e+00
344.454797957 0.000000e+00
344.902786489 0.000000e+00
345.35077502 0.000000e+00
345.798763552 0.000000e+00
346.246752083 0.000000e+00
346.694740615 0.000000e+00
347.142729146 0.000000e+00
347.590717678 0.000000e+00
348.038706209 0.000000e+00
348.486694741 0.000000e+00
348.934683272 0.000000e+00
349.382671804 0.000000e+00
349.830660335 0.000000e+00
350.278648867 0.000000e+00
350.726637398 0.000000e+00
351.17462593 0.000000e+00
351.622614461 0.000000e+00
352.070602993 0.000000e+00
352.518591524 0.000000e+00
352.966580056 0.000000e+00
353.414568587 0.000000e+00
353.862557119 0.000000e+00
354.31054565 0.000000e+00
354.758534182 0.000000e+00
355.206522713 0.000000e+00
355.654511245 0.000000e+00
356.102499776 0.000000e+00
356.550488307 0.000000e+00
356.998476839 0.000000e+00
357.44646537 0.000000e+00
357.894453902 0.000000e+00
358.342442433 0.000000e+00
358.790430965 0.000000e+00
359.238419496 0.000000e+00
359.686408028 0.000000e+00
360.134396559 0.000000e+00
360.582385091 0.000000e+00
361.030373622 0.000000e+00
361.478362154 0.000000e+00
361.926350685 0.000000e+00
362.374339217 0.000000e+00
362.822327748 0.000000e+00
363.27031628 0.000000e+00
363.718304811 0.000000e+00
364.166293343 0.000000e+00
364.614281874 0.000000e+00
365.062270406 0.000000e+00
365.510258937 0.000000e+00
365.958247469 0.000000e+00
366.406236 0.000000e+00
366.854224532 0.000000e+00
367.302213063 0.000000e+00
367.750201595 0.000000e+00
368.198190126 0.000000e+00
368.646178658 0.000000e+00
369.094167189 0.000000e+00
369.542155721 0.000000e+00
369.990144252 0.000000e+00
370.438132784 0.000000e+00
370.886121315 0.000000e+00
371.334109847 0.000000e+00
371.782098378 0.000000e+00
372.23008691 0.000000e+00
372.678075441 0.000000e+00
373.126063973 0.000000e+00
373.574052504 0.000000e+00
374.022041036 0.000000e+00
374.470029567 0.000000e+00
374.918018099 0.000000e+00
375.36600663 0.000000e+00
375.813995162 0.000000e+00
376.261983693 0.000000e+00
376.709972225 0.000000e+00
377.157960756 0.000000e+00
377.605949288 0.000000e+00
378.053937819 0.000000e+00
378.501926351 0.000000e+00
378.949914882 0.000000e+00
379.397903414 0.000000e+00
379.845891945 0.000000e+00
380.293880477 0.000000e+00
380.741869008 0.000000e+00
381.18985754 0.000000e+00
381.637846071 0.000000e+00
382.085834603 0.000000e+00
382.533823134 0.000000e+00
382.981811666 0.000000e+00
383.429800197 0.000000e+00
383.877788729 0.000000e+00
384.32577726 0.000000e+00
384.773765792 0.000000e+00
385.221754323 0.000000e+00
385.669742855 0.000000e+00
386.117731386 0.000000e+00
386.565719918 0.000000e+00
387.013708449 0.000000e+00
387.461696981 0.000000e+00
387.909685512 0.000000e+00
388.357674044 0.000000e+00
388.805662575 0.000000e+00
389.253651107 0.000000e+00
389.701639638 0.000000e+00
390.14962817 0.000000e+00
390.597616701 0.000000e+00
391.045605233 0.000000e+00
391.493593764 0.000000e+00
391.941582295 0.000000e+00
392.389570827 0.000000e+00
392.837559358 0.000000e+00
393.28554789 0.000000e+00
393.733536421 0.000000e+00
394.181524953 0.000000e+00
394.629513484 0.000000e+00
395.077502016 0.000000e+00
395.525490547 0.000000e+00
395.973479079 0.000000e+00
396.42146761 0.000000e+00
396.869456142 0.000000e+00
397.317444673 0.000000e+00
397.765433205 0.000000e+00
398.213421736 0.000000e+00
398.661410268 0.000000e+00
399.109398799 0.000000e+00
399.557387331 0.000000e+00
400.005375862 0.000000e+00
400.453364394 0.000000e+00
400.901352925 0.000000e+00
401.349341457 0.000000e+00
401.797329988 0.000000e+00
402.24531852 0.000000e+00
402.693307051 0.000000e+00
403.141295583 0.000000e+00
403.589284114 0.000000e+00
404.037272646 0.000000e+00
404.485261177 0.000000e+00
404.933249709 0.000000e+00
405.38123824 0.000000e+00
405.829226772 0.000000e+00
406.277215303 0.000000e+00
406.725203835 0.000000e+00
407.173192366 0.000000e+00
407.621180898 0.000000e+00
408.069169429 0.000000e+00
408.517157961 0.000000e+00
408.965146492 0.000000e+00
409.413135024 0.000000e+00
409.861123555 0.000000e+00
410.309112087 0.000000e+00
410.757100618 0.000000e+00
411.20508915 0.000000e+00
411.653077681 0.000000e+00
412.101066213 0.000000e+00
412.549054744 0.000000e+00
412.997043276 0.000000e+00
413.445031807 0.000000e+00
413.893020339 0.000000e+00
414.34100887 0.000000e+00
414.788997402 0.000000e+00
415.236985933 0.000000e+00
415.684974465 0.000000e+00
416.132962996 0.000000e+00
416.580951528 0.000000e+00
417.028940059 0.000000e+00
417.476928591 0.000000e+00
417.924917122 0.000000e+00
418.372905654 0.000000e+00
418.820894185 0.000000e+00
419.268882717 0.000000e+00
419.716871248 0.000000e+00
420.16485978 0.000000e+00
420.612848311 0.000000e+00
421.060836843 0.000000e+00
421.508825374 0.000000e+00
421.956813906 0.000000e+00
422.404802437 0.000000e+00
422.852790969 0.000000e+00
423.3007795 0.000000e+00
423.748768032 0.000000e+00
424.196756563 0.000000e+00
424.644745095 0.000000e+00
425.092733626 0.000000e+00
425.540722158 0.000000e+00
425.988710689 0.000000e+00
426.436699221 0.000000e+00
426.884687752 0.000000e+00
427.332676283 0.000000e+00
427.780664815 0.000000e+00
428.228653346 0.000000e+00
428.676641878 0.000000e+00
429.124630409 0.000000e+00
429.572618941 0.000000e+00
430.020607472 0.000000e+00
430.468596004 0.000000e+00
430.916584535 0.000000e+00
431.364573067 0.000000e+00
431.812561598 0.000000e+00
432.26055013 0.000000e+00
432.708538661 0.000000e+00
433.156527193 0.000000e+00
433.604515724 0.000000e+00
434.052504256 0.000000e+00
434.500492787 0.000000e+00
434.948481319 0.000000e+00
435.39646985 0.000000e+00
435.844458382 0.000000e+00
436.844458382 0.0
437.844458382 0.0
438.844458382 0.0
439.844458382 0.0
440.844458382 0.0
441.844458382 0.0
442.844458382 0.0
443.844458382 0.0
444.844458382 0.0
445.844458382 0.0
446.844458382 0.0
447.844458382 0.0
448.844458382 0.0
449.844458382 0.0
450.844458382 0.0
451.844458382 0.0
452.844458382 0.0
453.844458382 0.0
454.844458382 0.0
455.844458382 0.0
456.844458382 0.0
457.844458382 0.0
458.844458382 0.0
459.844458382 0.0
460.844458382 0.0
461.844458382 0.0
462.844458382 0.0
463.844458382 0.0
464.844458382 0.0
465.844458382 0.0
466.844458382 0.0
467.844458382 0.0
468.844458382 0.0
469.844458382 0.0
470.844458382 0.0
471.844458382 0.0
472.844458382 0.0
473.844458382 0.0
474.844458382 0.0
475.844458382 0.0
476.844458382 0.0
477.844458382 0.0
478.844458382 0.0
479.844458382 0.0
480.844458382 0.0
481.844458382 0.0
482.844458382 0.0
483.844458382 0.0
484.844458382 0.0
485.844458382 0.0
486.844458382 0.0
487.844458382 0.0
488.844458382 0.0
489.844458382 0.0
490.844458382 0.0
491.844458382 0.0
492.844458382 0.0
493.844458382 0.0
494.844458382 0.0
495.844458382 0.0
496.844458382 0.0
497.844458382 0.0
498.844458382 0.0
499.844458382 0.0
500.844458382 0.0
501.844458382 0.0
502.844458382 0.0
503.844458382 0.0
504.844458382 0.0
505.844458382 0.0
506.844458382 0.0
507.844458382 0.0
508.844458382 0.0
509.844458382 0.0
510.844458382 0.0
511.844458382 0.0
512.844458382 0.0
513.844458382 0.0
514.844458382 0.0
515.844458382 0.0
516.844458382 0.0
517.844458382 0.0
518.844458382 0.0
519.844458382 0.0
520.844458382 0.0
521.844458382 0.0
522.844458382 0.0
523.844458382 0.0
524.844458382 0.0
525.844458382 0.0
526.844458382 0.0
527.844458382 0.0
528.844458382 0.0
529.844458382 0.0
530.844458382 0.0
531.844458382 0.0
532.844458382 0.0
533.844458382 0.0
534.844458382 0.0
535.844458382 0.0
536.844458382 0.0
537.844458382 0.0
538.844458382 0.0
539.844458382 0.0
540.844458382 0.0
541.844458382 0.0
542.844458382 0.0
543.844458382 0.0
544.844458382 0.0
545.844458382 0.0
546.844458382 0.0
547.844458382 0.0
548.844458382 0.0
549.844458382 0.0
550.844458382 0.0
551.844458382 0.0
552.844458382 0.0
553.844458382 0.0
554.844458382 0.0
555.844458382 0.0
556.844458382 0.0
557.844458382 0.0
558.844458382 0.0
559.844458382 0.0
560.844458382 0.0
561.844458382 0.0
562.844458382 0.0
563.844458382 0.0
564.844458382 0.0
565.844458382 0.0
566.844458382 0.0
567.844458382 0.0
568.844458382 0.0
569.844458382 0.0
570.844458382 0.0
571.844458382 0.0
572.844458382 0.0
573.844458382 0.0
574.844458382 0.0
575.844458382 0.0
576.844458382 0.0
577.844458382 0.0
578.844458382 0.0
579.844458382 0.0
580.844458382 0.0
581.844458382 0.0
582.844458382 0.0
583.844458382 0.0
584.844458382 0.0
585.844458382 0.0
586.844458382 0.0
587.844458382 0.0
588.844458382 0.0
589.844458382 0.0
590.844458382 0.0
591.844458382 0.0
592.844458382 0.0
593.844458382 0.0
594.844458382 0.0
595.844458382 0.0
596.844458382 0.0
597.844458382 0.0
598.844458382 0.0
599.844458382 0.0
600.844458382 0.0
601.844458382 0.0
602.844458382 0.0
603.844458382 0.0
604.844458382 0.0
605.844458382 0.0
606.844458382 0.0
607.844458382 0.0
608.844458382 0.0
609.844458382 0.0
610.844458382 0.0
611.844458382 0.0
612.844458382 0.0
613.844458382 0.0
614.844458382 0.0
615.844458382 0.0
616.844458382 0.0
617.844458382 0.0
618.844458382 0.0
619.844458382 0.0
620.844458382 0.0
621.844458382 0.0
622.844458382 0.0
623.844458382 0.0
624.844458382 0.0
625.844458382 0.0
626.844458382 0.0
627.844458382 0.0
628.844458382 0.0
629.844458382 0.0
630.844458382 0.0
631.844458382 0.0
632.844458382 0.0
633.844458382 0.0
634.844458382 0.0
635.844458382 0.0
636.844458382 0.0
637.844458382 0.0
638.844458382 0.0
639.844458382 0.0
640.844458382 0.0
641.844458382 0.0
642.844458382 0.0
643.844458382 0.0
644.844458382 0.0
645.844458382 0.0
646.844458382 0.0
647.844458382 0.0
648.844458382 0.0
649.844458382 0.0
650.844458382 0.0
651.844458382 0.0
652.844458382 0.0
653.844458382 0.0
654.844458382 0.0
655.844458382 0.0
656.844458382 0.0
657.844458382 0.0
658.844458382 0.0
659.844458382 0.0
660.844458382 0.0
661.844458382 0.0
662.844458382 0.0
663.844458382 0.0
664.844458382 0.0
665.844458382 0.0
666.844458382 0.0
667.844458382 0.0
668.844458382 0.0
669.844458382 0.0
670.844458382 0.0
671.844458382 0.0
672.844458382 0.0
673.844458382 0.0
674.844458382 0.0
675.844458382 0.0
676.844458382 0.0
677.844458382 0.0
678.844458382 0.0
679.844458382 0.0
680.844458382 0.0
681.844458382 0.0
682.844458382 0.0
683.844458382 0.0
684.844458382 0.0
685.844458382 0.0
686.844458382 0.0
687.844458382 0.0
688.844458382 0.0
689.844458382 0.0
690.844458382 0.0
691.844458382 0.0
692.844458382 0.0
693.844458382 0.0
694.844458382 0.0
695.844458382 0.0
696.844458382 0.0
697.844458382 0.0
698.844458382 0.0
699.844458382 0.0
700.844458382 0.0
701.844458382 0.0
702.844458382 0.0
703.844458382 0.0
704.844458382 0.0
705.844458382 0.0
706.844458382 0.0
707.844458382 0.0
708.844458382 0.0
709.844458382 0.0
710.844458382 0.0
711.844458382 0.0
712.844458382 0.0
713.844458382 0.0
714.844458382 0.0
715.844458382 0.0
716.844458382 0.0
717.844458382 0.0
718.844458382 0.0
719.844458382 0.0
720.844458382 0.0
721.844458382 0.0
722.844458382 0.0
723.844458382 0.0
724.844458382 0.0
725.844458382 0.0
726.844458382 0.0
727.844458382 0.0
728.844458382 0.0
729.844458382 0.0
730.844458382 0.0
731.844458382 0.0
732.844458382 0.0
733.844458382 0.0
734.844458382 0.0
735.844458382 0.0
736.844458382 0.0
737.844458382 0.0
738.844458382 0.0
739.844458382 0.0
740.844458382 0.0
741.844458382 0.0
742.844458382 0.0
743.844458382 0.0
744.844458382 0.0
745.844458382 0.0
746.844458382 0.0
747.844458382 0.0
748.844458382 0.0
749.844458382 0.0
750.844458382 0.0
751.844458382 0.0
752.844458382 0.0
753.844458382 0.0
754.844458382 0.0
755.844458382 0.0
756.844458382 0.0
757.844458382 0.0
758.844458382 0.0
759.844458382 0.0
760.844458382 0.0
761.844458382 0.0
762.844458382 0.0
763.844458382 0.0
764.844458382 0.0
765.844458382 0.0
766.844458382 0.0
767.844458382 0.0
768.844458382 0.0
769.844458382 0.0
770.844458382 0.0
771.844458382 0.0
772.844458382 0.0
773.844458382 0.0
774.844458382 0.0
775.844458382 0.0
776.844458382 0.0
777.844458382 0.0
778.844458382 0.0
779.844458382 0.0
780.844458382 0.0
781.844458382 0.0
782.844458382 0.0
783.844458382 0.0
784.844458382 0.0
785.844458382 0.0
786.844458382 0.0
787.844458382 0.0
788.844458382 0.0
789.844458382 0.0
790.844458382 0.0
791.844458382 0.0
792.844458382 0.0
793.844458382 0.0
794.844458382 0.0
795.844458382 0.0
796.844458382 0.0
797.844458382 0.0
798.844458382 0.0
799.844458382 0.0
800.844458382 0.0
801.844458382 0.0
802.844458382 0.0
803.844458382 0.0
804.844458382 0.0
805.844458382 0.0
806.844458382 0.0
807.844458382 0.0
808.844458382 0.0
809.844458382 0.0
810.844458382 0.0
811.844458382 0.0
812.844458382 0.0
813.844458382 0.0
814.844458382 0.0
815.844458382 0.0
816.844458382 0.0
817.844458382 0.0
818.844458382 0.0
819.844458382 0.0
820.844458382 0.0
821.844458382 0.0
822.844458382 0.0
823.844458382 0.0
824.844458382 0.0
825.844458382 0.0
826.844458382 0.0
827.844458382 0.0
828.844458382 0.0
829.844458382 0.0
830.844458382 0.0
831.844458382 0.0
832.844458382 0.0
833.844458382 0.0
834.844458382 0.0
835.844458382 0.0
836.844458382 0.0
837.844458382 0.0
838.844458382 0.0
839.844458382 0.0
840.844458382 0.0
841.844458382 0.0
842.844458382 0.0
843.844458382 0.0
844.844458382 0.0
845.844458382 0.0
846.844458382 0.0
847.844458382 0.0
848.844458382 0.0
849.844458382 0.0
850.844458382 0.0
851.844458382 0.0
852.844458382 0.0
853.844458382 0.0
854.844458382 0.0
855.844458382 0.0
856.844458382 0.0
857.844458382 0.0
858.844458382 0.0
859.844458382 0.0
860.844458382 0.0
861.844458382 0.0
862.844458382 0.0
863.844458382 0.0
864.844458382 0.0
865.844458382 0.0
866.844458382 0.0
867.844458382 0.0
868.844458382 0.0
869.844458382 0.0
870.844458382 0.0
871.844458382 0.0
872.844458382 0.0
873.844458382 0.0
874.844458382 0.0
875.844458382 0.0
876.844458382 0.0
877.844458382 0.0
878.844458382 0.0
879.844458382 0.0
880.844458382 0.0
881.844458382 0.0
882.844458382 0.0
883.844458382 0.0
884.844458382 0.0
885.844458382 0.0
886.844458382 0.0
887.844458382 0.0
888.844458382 0.0
889.844458382 0.0
890.844458382 0.0
891.844458382 0.0
892.844458382 0.0
893.844458382 0.0
894.844458382 0.0
895.844458382 0.0
896.844458382 0.0
897.844458382 0.0
898.844458382 0.0
899.844458382 0.0
900.844458382 0.0
901.844458382 0.0
902.844458382 0.0
903.844458382 0.0
904.844458382 0.0
905.844458382 0.0
906.844458382 0.0
907.844458382 0.0
908.844458382 0.0
909.844458382 0.0
910.844458382 0.0
911.844458382 0.0
912.844458382 0.0
913.844458382 0.0
914.844458382 0.0
915.844458382 0.0
916.844458382 0.0
917.844458382 0.0
918.844458382 0.0
919.844458382 0.0
920.844458382 0.0
921.844458382 0.0
922.844458382 0.0
923.844458382 0.0
924.844458382 0.0
925.844458382 0.0
926.844458382 0.0
927.844458382 0.0
928.844458382 0.0
929.844458382 0.0
930.844458382 0.0
931.844458382 0.0
932.844458382 0.0
933.844458382 0.0
934.844458382 0.0
935.844458382 0.0
