-575.547532467 0.0
-574.547532467 0.0
-573.547532467 0.0
-572.547532467 0.0
-571.547532467 0.0
-570.547532467 0.0
-569.547532467 0.0
-568.547532467 0.0
-567.547532467 0.0
-566.547532467 0.0
-565.547532467 0.0
-564.547532467 0.0
-563.547532467 0.0
-562.547532467 0.0
-561.547532467 0.0
-560.547532467 0.0
-559.547532467 0.0
-558.547532467 0.0
-557.547532467 0.0
-556.547532467 0.0
-555.547532467 0.0
-554.547532467 0.0
-553.547532467 0.0
-552.547532467 0.0
-551.547532467 0.0
-550.547532467 0.0
-549.547532467 0.0
-548.547532467 0.0
-547.547532467 0.0
-546.547532467 0.0
-545.547532467 0.0
-544.547532467 0.0
-543.547532467 0.0
-542.547532467 0.0
-541.547532467 0.0
-540.547532467 0.0
-539.547532467 0.0
-538.547532467 0.0
-537.547532467 0.0
-536.547532467 0.0
-535.547532467 0.0
-534.547532467 0.0
-533.547532467 0.0
-532.547532467 0.0
-531.547532467 0.0
-530.547532467 0.0
-529.547532467 0.0
-528.547532467 0.0
-527.547532467 0.0
-526.547532467 0.0
-525.547532467 0.0
-524.547532467 0.0
-523.547532467 0.0
-522.547532467 0.0
-521.547532467 0.0
-520.547532467 0.0
-519.547532467 0.0
-518.547532467 0.0
-517.547532467 0.0
-516.547532467 0.0
-515.547532467 0.0
-514.547532467 0.0
-513.547532467 0.0
-512.547532467 0.0
-511.547532467 0.0
-510.547532467 0.0
-509.547532467 0.0
-508.547532467 0.0
-507.547532467 0.0
-506.547532467 0.0
-505.547532467 0.0
-504.547532467 0.0
-503.547532467 0.0
-502.547532467 0.0
-501.547532467 0.0
-500.547532467 0.0
-499.547532467 0.0
-498.547532467 0.0
-497.547532467 0.0
-496.547532467 0.0
-495.547532467 0.0
-494.547532467 0.0
-493.547532467 0.0
-492.547532467 0.0
-491.547532467 0.0
-490.547532467 0.0
-489.547532467 0.0
-488.547532467 0.0
-487.547532467 0.0
-486.547532467 0.0
-485.547532467 0.0
-484.547532467 0.0
-483.547532467 0.0
-482.547532467 0.0
-481.547532467 0.0
-480.547532467 0.0
-479.547532467 0.0
-478.547532467 0.0
-477.547532467 0.0
-476.547532467 0.0
-475.547532467 0.0
-474.547532467 0.0
-473.547532467 0.0
-472.547532467 0.0
-471.547532467 0.0
-470.547532467 0.0
-469.547532467 0.0
-468.547532467 0.0
-467.547532467 0.0
-466.547532467 0.0
-465.547532467 0.0
-464.547532467 0.0
-463.547532467 0.0
-462.547532467 0.0
-461.547532467 0.0
-460.547532467 0.0
-459.547532467 0.0
-458.547532467 0.0
-457.547532467 0.0
-456.547532467 0.0
-455.547532467 0.0
-454.547532467 0.0
-453.547532467 0.0
-452.547532467 0.0
-451.547532467 0.0
-450.547532467 0.0
-449.547532467 0.0
-448.547532467 0.0
-447.547532467 0.0
-446.547532467 0.0
-445.547532467 0.0
-444.547532467 0.0
-443.547532467 0.0
-442.547532467 0.0
-441.547532467 0.0
-440.547532467 0.0
-439.547532467 0.0
-438.547532467 0.0
-437.547532467 0.0
-436.547532467 0.0
-435.547532467 0.0
-434.547532467 0.0
-433.547532467 0.0
-432.547532467 0.0
-431.547532467 0.0
-430.547532467 0.0
-429.547532467 0.0
-428.547532467 0.0
-427.547532467 0.0
-426.547532467 0.0
-425.547532467 0.0
-424.547532467 0.0
-423.547532467 0.0
-422.547532467 0.0
-421.547532467 0.0
-420.547532467 0.0
-419.547532467 0.0
-418.547532467 0.0
-417.547532467 0.0
-416.547532467 0.0
-415.547532467 0.0
-414.547532467 0.0
-413.547532467 0.0
-412.547532467 0.0
-411.547532467 0.0
-410.547532467 0.0
-409.547532467 0.0
-408.547532467 0.0
-407.547532467 0.0
-406.547532467 0.0
-405.547532467 0.0
-404.547532467 0.0
-403.547532467 0.0
-402.547532467 0.0
-401.547532467 0.0
-400.547532467 0.0
-399.547532467 0.0
-398.547532467 0.0
-397.547532467 0.0
-396.547532467 0.0
-395.547532467 0.0
-394.547532467 0.0
-393.547532467 0.0
-392.547532467 0.0
-391.547532467 0.0
-390.547532467 0.0
-389.547532467 0.0
-388.547532467 0.0
-387.547532467 0.0
-386.547532467 0.0
-385.547532467 0.0
-384.547532467 0.0
-383.547532467 0.0
-382.547532467 0.0
-381.547532467 0.0
-380.547532467 0.0
-379.547532467 0.0
-378.547532467 0.0
-377.547532467 0.0
-376.547532467 0.0
-375.547532467 0.0
-374.547532467 0.0
-373.547532467 0.0
-372.547532467 0.0
-371.547532467 0.0
-370.547532467 0.0
-369.547532467 0.0
-368.547532467 0.0
-367.547532467 0.0
-366.547532467 0.0
-365.547532467 0.0
-364.547532467 0.0
-363.547532467 0.0
-362.547532467 0.0
-361.547532467 0.0
-360.547532467 0.0
-359.547532467 0.0
-358.547532467 0.0
-357.547532467 0.0
-356.547532467 0.0
-355.547532467 0.0
-354.547532467 0.0
-353.547532467 0.0
-352.547532467 0.0
-351.547532467 0.0
-350.547532467 0.0
-349.547532467 0.0
-348.547532467 0.0
-347.547532467 0.0
-346.547532467 0.0
-345.547532467 0.0
-344.547532467 0.0
-343.547532467 0.0
-342.547532467 0.0
-341.547532467 0.0
-340.547532467 0.0
-339.547532467 0.0
-338.547532467 0.0
-337.547532467 0.0
-336.547532467 0.0
-335.547532467 0.0
-334.547532467 0.0
-333.547532467 0.0
-332.547532467 0.0
-331.547532467 0.0
-330.547532467 0.0
-329.547532467 0.0
-328.547532467 0.0
-327.547532467 0.0
-326.547532467 0.0
-325.547532467 0.0
-324.547532467 0.0
-323.547532467 0.0
-322.547532467 0.0
-321.547532467 0.0
-320.547532467 0.0
-319.547532467 0.0
-318.547532467 0.0
-317.547532467 0.0
-316.547532467 0.0
-315.547532467 0.0
-314.547532467 0.0
-313.547532467 0.0
-312.547532467 0.0
-311.547532467 0.0
-310.547532467 0.0
-309.547532467 0.0
-308.547532467 0.0
-307.547532467 0.0
-306.547532467 0.0
-305.547532467 0.0
-304.547532467 0.0
-303.547532467 0.0
-302.547532467 0.0
-301.547532467 0.0
-300.547532467 0.0
-299.547532467 0.0
-298.547532467 0.0
-297.547532467 0.0
-296.547532467 0.0
-295.547532467 0.0
-294.547532467 0.0
-293.547532467 0.0
-292.547532467 0.0
-291.547532467 0.0
-290.547532467 0.0
-289.547532467 0.0
-288.547532467 0.0
-287.547532467 0.0
-286.547532467 0.0
-285.547532467 0.0
-284.547532467 0.0
-283.547532467 0.0
-282.547532467 0.0
-281.547532467 0.0
-280.547532467 0.0
-279.547532467 0.0
-278.547532467 0.0
-277.547532467 0.0
-276.547532467 0.0
-275.547532467 0.0
-274.547532467 0.0
-273.547532467 0.0
-272.547532467 0.0
-271.547532467 0.0
-270.547532467 0.0
-269.547532467 0.0
-268.547532467 0.0
-267.547532467 0.0
-266.547532467 0.0
-265.547532467 0.0
-264.547532467 0.0
-263.547532467 0.0
-262.547532467 0.0
-261.547532467 0.0
-260.547532467 0.0
-259.547532467 0.0
-258.547532467 0.0
-257.547532467 0.0
-256.547532467 0.0
-255.547532467 0.0
-254.547532467 0.0
-253.547532467 0.0
-252.547532467 0.0
-251.547532467 0.0
-250.547532467 0.0
-249.547532467 0.0
-248.547532467 0.0
-247.547532467 0.0
-246.547532467 0.0
-245.547532467 0.0
-244.547532467 0.0
-243.547532467 0.0
-242.547532467 0.0
-241.547532467 0.0
-240.547532467 0.0
-239.547532467 0.0
-238.547532467 0.0
-237.547532467 0.0
-236.547532467 0.0
-235.547532467 0.0
-234.547532467 0.0
-233.547532467 0.0
-232.547532467 0.0
-231.547532467 0.0
-230.547532467 0.0
-229.547532467 0.0
-228.547532467 0.0
-227.547532467 0.0
-226.547532467 0.0
-225.547532467 0.0
-224.547532467 0.0
-223.547532467 0.0
-222.547532467 0.0
-221.547532467 0.0
-220.547532467 0.0
-219.547532467 0.0
-218.547532467 0.0
-217.547532467 0.0
-216.547532467 0.0
-215.547532467 0.0
-214.547532467 0.0
-213.547532467 0.0
-212.547532467 0.0
-211.547532467 0.0
-210.547532467 0.0
-209.547532467 0.0
-208.547532467 0.0
-207.547532467 0.0
-206.547532467 0.0
-205.547532467 0.0
-204.547532467 0.0
-203.547532467 0.0
-202.547532467 0.0
-201.547532467 0.0
-200.547532467 0.0
-199.547532467 0.0
-198.547532467 0.0
-197.547532467 0.0
-196.547532467 0.0
-195.547532467 0.0
-194.547532467 0.0
-193.547532467 0.0
-192.547532467 0.0
-191.547532467 0.0
-190.547532467 0.0
-189.547532467 0.0
-188.547532467 0.0
-187.547532467 0.0
-186.547532467 0.0
-185.547532467 0.0
-184.547532467 0.0
-183.547532467 0.0
-182.547532467 0.0
-181.547532467 0.0
-180.547532467 0.0
-179.547532467 0.0
-178.547532467 0.0
-177.547532467 0.0
-176.547532467 0.0
-175.547532467 0.0
-174.547532467 0.0
-173.547532467 0.0
-172.547532467 0.0
-171.547532467 0.0
-170.547532467 0.0
-169.547532467 0.0
-168.547532467 0.0
-167.547532467 0.0
-166.547532467 0.0
-165.547532467 0.0
-164.547532467 0.0
-163.547532467 0.0
-162.547532467 0.0
-161.547532467 0.0
-160.547532467 0.0
-159.547532467 0.0
-158.547532467 0.0
-157.547532467 0.0
-156.547532467 0.0
-155.547532467 0.0
-154.547532467 0.0
-153.547532467 0.0
-152.547532467 0.0
-151.547532467 0.0
-150.547532467 0.0
-149.547532467 0.0
-148.547532467 0.0
-147.547532467 0.0
-146.547532467 0.0
-145.547532467 0.0
-144.547532467 0.0
-143.547532467 0.0
-142.547532467 0.0
-141.547532467 0.0
-140.547532467 0.0
-139.547532467 0.0
-138.547532467 0.0
-137.547532467 0.0
-136.547532467 0.0
-135.547532467 0.0
-134.547532467 0.0
-133.547532467 0.0
-132.547532467 0.0
-131.547532467 0.0
-130.547532467 0.0
-129.547532467 0.0
-128.547532467 0.0
-127.547532467 0.0
-126.547532467 0.0
-125.547532467 0.0
-124.547532467 0.0
-123.547532467 0.0
-122.547532467 0.0
-121.547532467 0.0
-120.547532467 0.0
-119.547532467 0.0
-118.547532467 0.0
-117.547532467 0.0
-116.547532467 0.0
-115.547532467 0.0
-114.547532467 0.0
-113.547532467 0.0
-112.547532467 0.0
-111.547532467 0.0
-110.547532467 0.0
-109.547532467 0.0
-108.547532467 0.0
-107.547532467 0.0
-106.547532467 0.0
-105.547532467 0.0
-104.547532467 0.0
-103.547532467 0.0
-102.547532467 0.0
-101.547532467 0.0
-100.547532467 0.0
-99.5475324675 0.0
-98.5475324675 0.0
-97.5475324675 0.0
-96.5475324675 0.0
-95.5475324675 0.0
-94.5475324675 0.0
-93.5475324675 0.0
-92.5475324675 0.0
-91.5475324675 0.0
-90.5475324675 0.0
-89.5475324675 0.0
-88.5475324675 0.0
-87.5475324675 0.0
-86.5475324675 0.0
-85.5475324675 0.0
-84.5475324675 0.0
-83.5475324675 0.0
-82.5475324675 0.0
-81.5475324675 0.0
-80.5475324675 0.0
-79.5475324675 0.0
-78.5475324675 0.0
-77.5475324675 0.0
-76.5475324675 0.0
-75.5475324675 0.000000e+00
-75.4176623377 0.000000e+00
-75.2877922078 0.000000e+00
-75.1579220779 0.000000e+00
-75.0280519481 0.000000e+00
-74.8981818182 0.000000e+00
-74.7683116883 0.000000e+00
-74.6384415584 0.000000e+00
-74.5085714286 0.000000e+00
-74.3787012987 0.000000e+00
-74.2488311688 0.000000e+00
-74.118961039 0.000000e+00
-73.9890909091 0.000000e+00
-73.8592207792 0.000000e+00
-73.7293506494 0.000000e+00
-73.5994805195 0.000000e+00
-73.4696103896 0.000000e+00
-73.3397402597 0.000000e+00
-73.2098701299 0.000000e+00
-73.08 0.000000e+00
-72.9501298701 0.000000e+00
-72.8202597403 0.000000e+00
-72.6903896104 0.000000e+00
-72.5605194805 0.000000e+00
-72.4306493506 0.000000e+00
-72.3007792208 0.000000e+00
-72.1709090909 0.000000e+00
-72.041038961 0.000000e+00
-71.9111688312 0.000000e+00
-71.7812987013 0.000000e+00
-71.6514285714 0.000000e+00
-71.5215584416 0.000000e+00
-71.3916883117 0.000000e+00
-71.2618181818 0.000000e+00
-71.1319480519 0.000000e+00
-71.0020779221 0.000000e+00
-70.8722077922 0.000000e+00
-70.7423376623 0.000000e+00
-70.6124675325 0.000000e+00
-70.4825974026 0.000000e+00
-70.3527272727 0.000000e+00
-70.2228571429 0.000000e+00
-70.092987013 0.000000e+00
-69.9631168831 0.000000e+00
-69.8332467532 0.000000e+00
-69.7033766234 0.000000e+00
-69.5735064935 0.000000e+00
-69.4436363636 0.000000e+00
-69.3137662338 0.000000e+00
-69.1838961039 0.000000e+00
-69.054025974 0.000000e+00
-68.9241558442 0.000000e+00
-68.7942857143 0.000000e+00
-68.6644155844 0.000000e+00
-68.5345454545 0.000000e+00
-68.4046753247 0.000000e+00
-68.2748051948 0.000000e+00
-68.1449350649 0.000000e+00
-68.0150649351 0.000000e+00
-67.8851948052 0.000000e+00
-67.7553246753 0.000000e+00
-67.6254545455 0.000000e+00
-67.4955844156 0.000000e+00
-67.3657142857 0.000000e+00
-67.2358441558 0.000000e+00
-67.105974026 0.000000e+00
-66.9761038961 0.000000e+00
-66.8462337662 0.000000e+00
-66.7163636364 0.000000e+00
-66.5864935065 0.000000e+00
-66.4566233766 0.000000e+00
-66.3267532468 0.000000e+00
-66.1968831169 0.000000e+00
-66.067012987 0.000000e+00
-65.9371428571 0.000000e+00
-65.8072727273 0.000000e+00
-65.6774025974 0.000000e+00
-65.5475324675 0.000000e+00
-65.4176623377 0.000000e+00
-65.2877922078 0.000000e+00
-65.1579220779 0.000000e+00
-65.0280519481 0.000000e+00
-64.8981818182 0.000000e+00
-64.7683116883 0.000000e+00
-64.6384415584 0.000000e+00
-64.5085714286 0.000000e+00
-64.3787012987 0.000000e+00
-64.2488311688 0.000000e+00
-64.118961039 0.000000e+00
-63.9890909091 0.000000e+00
-63.8592207792 0.000000e+00
-63.7293506494 0.000000e+00
-63.5994805195 0.000000e+00
-63.4696103896 0.000000e+00
-63.3397402597 0.000000e+00
-63.2098701299 0.000000e+00
-63.08 0.000000e+00
-62.9501298701 0.000000e+00
-62.8202597403 0.000000e+00
-62.6903896104 0.000000e+00
-62.5605194805 0.000000e+00
-62.4306493506 0.000000e+00
-62.3007792208 0.000000e+00
-62.1709090909 0.000000e+00
-62.041038961 0.000000e+00
-61.9111688312 0.000000e+00
-61.7812987013 0.000000e+00
-61.6514285714 0.000000e+00
-61.5215584416 0.000000e+00
-61.3916883117 0.000000e+00
-61.2618181818 0.000000e+00
-61.1319480519 0.000000e+00
-61.0020779221 0.000000e+00
-60.8722077922 0.000000e+00
-60.7423376623 0.000000e+00
-60.6124675325 0.000000e+00
-60.4825974026 0.000000e+00
-60.3527272727 0.000000e+00
-60.2228571429 0.000000e+00
-60.092987013 0.000000e+00
-31.0020779221 0.000000e+00
-30.8722077922 0.000000e+00
-30.7423376623 0.000000e+00
-30.6124675325 0.000000e+00
-30.4825974026 0.000000e+00
-30.3527272727 0.000000e+00
-30.2228571429 0.000000e+00
-30.092987013 0.000000e+00
-29.9631168831 0.000000e+00
-29.8332467532 0.000000e+00
-29.7033766234 0.000000e+00
-29.5735064935 0.000000e+00
-29.4436363636 0.000000e+00
-29.3137662338 0.000000e+00
-29.1838961039 0.000000e+00
-29.054025974 0.000000e+00
-28.9241558442 0.000000e+00
-28.7942857143 0.000000e+00
-28.6644155844 0.000000e+00
-28.5345454545 0.000000e+00
-28.4046753247 0.000000e+00
-28.2748051948 0.000000e+00
-28.1449350649 0.000000e+00
-28.0150649351 0.000000e+00
-27.8851948052 0.000000e+00
-27.7553246753 0.000000e+00
-27.6254545455 0.000000e+00
-27.4955844156 0.000000e+00
-27.3657142857 0.000000e+00
-27.2358441558 0.000000e+00
-27.105974026 0.000000e+00
-26.9761038961 0.000000e+00
-26.8462337662 0.000000e+00
-26.7163636364 0.000000e+00
-26.5864935065 0.000000e+00
-26.4566233766 0.000000e+00
-26.3267532468 0.000000e+00
-26.1968831169 0.000000e+00
-26.067012987 0.000000e+00
-25.9371428571 0.000000e+00
-25.8072727273 0.000000e+00
-25.6774025974 0.000000e+00
-25.5475324675 0.000000e+00
-25.4176623377 0.000000e+00
-25.2877922078 0.000000e+00
-25.1579220779 0.000000e+00
-25.0280519481 0.000000e+00
-24.8981818182 0.000000e+00
-24.7683116883 0.000000e+00
-24.6384415584 0.000000e+00
-24.5085714286 0.000000e+00
-24.3787012987 0.000000e+00
-24.2488311688 0.000000e+00
-24.118961039 0.000000e+00
-23.9890909091 0.000000e+00
-23.8592207792 0.000000e+00
-23.7293506494 0.000000e+00
-23.5994805195 0.000000e+00
-23.4696103896 0.000000e+00
-23.3397402597 0.000000e+00
-23.2098701299 0.000000e+00
-23.08 0.000000e+00
-22.9501298701 0.000000e+00
-22.8202597403 0.000000e+00
-22.6903896104 0.000000e+00
-22.5605194805 0.000000e+00
-22.4306493506 0.000000e+00
-22.3007792208 0.000000e+00
-22.1709090909 0.000000e+00
-22.041038961 0.000000e+00
-21.9111688312 0.000000e+00
-21.7812987013 0.000000e+00
-21.6514285714 0.000000e+00
-21.5215584416 0.000000e+00
-21.3916883117 0.000000e+00
-21.2618181818 0.000000e+00
-21.1319480519 0.000000e+00
-21.0020779221 0.000000e+00
-20.8722077922 0.000000e+00
-20.7423376623 0.000000e+00
-20.6124675325 0.000000e+00
-20.4825974026 0.000000e+00
-20.3527272727 0.000000e+00
-20.2228571429 0.000000e+00
-20.092987013 0.000000e+00
-19.9631168831 0.000000e+00
-19.8332467532 0.000000e+00
-19.7033766234 0.000000e+00
-19.5735064935 0.000000e+00
-19.4436363636 0.000000e+00
-19.3137662338 0.000000e+00
-19.1838961039 0.000000e+00
-19.054025974 0.000000e+00
-18.9241558442 0.000000e+00
-18.7942857143 0.000000e+00
-18.6644155844 0.000000e+00
-18.5345454545 0.000000e+00
-18.4046753247 0.000000e+00
-18.2748051948 0.000000e+00
-18.1449350649 0.000000e+00
-18.0150649351 0.000000e+00
-17.8851948052 0.000000e+00
-17.7553246753 0.000000e+00
-17.6254545455 0.000000e+00
-17.4955844156 0.000000e+00
-17.3657142857 0.000000e+00
-17.2358441558 0.000000e+00
-17.105974026 0.000000e+00
-16.9761038961 0.000000e+00
-16.8462337662 0.000000e+00
-16.7163636364 0.000000e+00
-16.5864935065 0.000000e+00
-16.4566233766 0.000000e+00
-16.3267532468 0.000000e+00
-16.1968831169 0.000000e+00
-16.067012987 0.000000e+00
-15.9371428571 0.000000e+00
-15.8072727273 0.000000e+00
-15.6774025974 0.000000e+00
-15.5475324675 0.000000e+00
-15.4176623377 0.000000e+00
-15.2877922078 0.000000e+00
-15.1579220779 0.000000e+00
-15.0280519481 0.000000e+00
-14.8981818182 0.000000e+00
-14.7683116883 0.000000e+00
-14.6384415584 0.000000e+00
-14.5085714286 0.000000e+00
-14.3787012987 0.000000e+00
-14.2488311688 0.000000e+00
-14.118961039 0.000000e+00
-13.9890909091 0.000000e+00
-13.8592207792 0.000000e+00
-13.7293506494 0.000000e+00
-13.5994805195 0.000000e+00
-13.4696103896 0.000000e+00
-13.3397402597 0.000000e+00
-13.2098701299 0.000000e+00
-13.08 0.000000e+00
-12.9501298701 0.000000e+00
-12.8202597403 0.000000e+00
-12.6903896104 0.000000e+00
-12.5605194805 0.000000e+00
-12.4306493506 0.000000e+00
-12.3007792208 0.000000e+00
-12.1709090909 0.000000e+00
-12.041038961 0.000000e+00
-11.9111688312 0.000000e+00
-11.7812987013 0.000000e+00
-11.6514285714 0.000000e+00
-11.5215584416 0.000000e+00
-11.3916883117 0.000000e+00
-11.2618181818 0.000000e+00
-11.1319480519 0.000000e+00
-11.0020779221 0.000000e+00
-10.8722077922 0.000000e+00
-10.7423376623 0.000000e+00
-10.6124675325 0.000000e+00
-10.4825974026 0.000000e+00
-10.3527272727 0.000000e+00
-10.2228571429 0.000000e+00
-10.092987013 0.000000e+00
-9.96311688312 0.000000e+00
-9.83324675325 0.000000e+00
-9.70337662338 0.000000e+00
-9.57350649351 0.000000e+00
-9.44363636364 0.000000e+00
-9.31376623377 0.000000e+00
-9.1838961039 0.000000e+00
-9.05402597403 0.000000e+00
-8.92415584416 0.000000e+00
-8.79428571429 0.000000e+00
-8.66441558442 0.000000e+00
-8.53454545455 0.000000e+00
-8.40467532468 0.000000e+00
-8.27480519481 0.000000e+00
-8.14493506494 0.000000e+00
-8.01506493506 0.000000e+00
-7.88519480519 0.000000e+00
-7.75532467532 0.000000e+00
-7.62545454545 0.000000e+00
-7.49558441558 0.000000e+00
-7.36571428571 0.000000e+00
-7.23584415584 0.000000e+00
-7.10597402597 0.000000e+00
-6.9761038961 0.000000e+00
-6.84623376623 0.000000e+00
-6.71636363636 0.000000e+00
-6.58649350649 0.000000e+00
-6.45662337662 0.000000e+00
-6.32675324675 0.000000e+00
-6.19688311688 0.000000e+00
-6.06701298701 0.000000e+00
-5.93714285714 0.000000e+00
-5.80727272727 0.000000e+00
-5.6774025974 0.000000e+00
-5.54753246753 0.000000e+00
-5.41766233766 0.000000e+00
-5.28779220779 0.000000e+00
-5.15792207792 0.000000e+00
-5.02805194805 0.000000e+00
-4.89818181818 0.000000e+00
-4.76831168831 0.000000e+00
-4.63844155844 0.000000e+00
-4.50857142857 0.000000e+00
-4.3787012987 0.000000e+00
-4.24883116883 0.000000e+00
-4.11896103896 0.000000e+00
-3.98909090909 0.000000e+00
-3.85922077922 0.000000e+00
-3.72935064935 0.000000e+00
-3.59948051948 0.000000e+00
-3.46961038961 0.000000e+00
-3.33974025974 0.000000e+00
-3.20987012987 0.000000e+00
-3.08 0.000000e+00
-2.95012987013 0.000000e+00
-2.82025974026 0.000000e+00
-2.69038961039 0.000000e+00
-2.56051948052 0.000000e+00
-2.43064935065 0.000000e+00
-2.30077922078 0.000000e+00
-2.17090909091 0.000000e+00
-2.04103896104 0.000000e+00
-1.91116883117 0.000000e+00
-1.7812987013 0.000000e+00
-1.65142857143 0.000000e+00
-1.52155844156 0.000000e+00
-1.39168831169 0.000000e+00
-1.26181818182 0.000000e+00
-1.13194805195 0.000000e+00
-1.00207792208 0.000000e+00
-0.872207792208 0.000000e+00
-0.742337662338 0.000000e+00
-0.612467532468 0.000000e+00
-0.482597402597 3.340563e-01
-0.352727272727 6.102672e-01
-0.222857142857 7.582988e-01
-0.092987012987 4.301499e-01
0.0368831168831 1.000000e+00
0.166753246753 7.401411e-01
0.296623376623 3.754135e-01
0.426493506494 3.499775e-01
0.556363636364 6.430499e-01
0.686233766234 0.000000e+00
0.816103896104 0.000000e+00
0.945974025974 0.000000e+00
1.07584415584 0.000000e+00
1.20571428571 0.000000e+00
1.33558441558 0.000000e+00
1.46545454545 0.000000e+00
1.59532467532 0.000000e+00
1.72519480519 0.000000e+00
1.85506493506 0.000000e+00
1.98493506494 0.000000e+00
2.11480519481 0.000000e+00
2.24467532468 0.000000e+00
2.37454545455 0.000000e+00
2.50441558442 0.000000e+00
2.63428571429 0.000000e+00
2.76415584416 0.000000e+00
2.89402597403 0.000000e+00
3.0238961039 0.000000e+00
3.15376623377 0.000000e+00
3.28363636364 0.000000e+00
3.41350649351 0.000000e+00
3.54337662338 0.000000e+00
3.67324675325 0.000000e+00
3.80311688312 0.000000e+00
3.93298701299 0.000000e+00
4.06285714286 0.000000e+00
4.19272727273 0.000000e+00
4.3225974026 0.000000e+00
4.45246753247 0.000000e+00
4.58233766234 0.000000e+00
4.71220779221 0.000000e+00
4.84207792208 0.000000e+00
4.97194805195 0.000000e+00
5.10181818182 0.000000e+00
5.23168831169 0.000000e+00
5.36155844156 0.000000e+00
5.49142857143 0.000000e+00
5.6212987013 0.000000e+00
5.75116883117 0.000000e+00
5.88103896104 0.000000e+00
6.01090909091 0.000000e+00
6.14077922078 0.000000e+00
6.27064935065 0.000000e+00
6.40051948052 0.000000e+00
6.53038961039 0.000000e+00
6.66025974026 0.000000e+00
6.79012987013 0.000000e+00
6.92 0.000000e+00
7.04987012987 0.000000e+00
7.17974025974 0.000000e+00
7.30961038961 0.000000e+00
7.43948051948 0.000000e+00
7.56935064935 0.000000e+00
7.69922077922 0.000000e+00
7.82909090909 0.000000e+00
7.95896103896 0.000000e+00
8.08883116883 0.000000e+00
8.2187012987 0.000000e+00
8.34857142857 0.000000e+00
8.47844155844 0.000000e+00
8.60831168831 0.000000e+00
8.73818181818 0.000000e+00
8.86805194805 0.000000e+00
8.99792207792 0.000000e+00
9.12779220779 0.000000e+00
9.25766233766 0.000000e+00
9.38753246753 0.000000e+00
9.5174025974 0.000000e+00
9.64727272727 0.000000e+00
9.77714285714 0.000000e+00
9.90701298701 0.000000e+00
10.0368831169 0.000000e+00
10.1667532468 0.000000e+00
10.2966233766 0.000000e+00
10.4264935065 0.000000e+00
10.5563636364 0.000000e+00
10.6862337662 0.000000e+00
10.8161038961 0.000000e+00
10.945974026 0.000000e+00
11.0758441558 0.000000e+00
11.2057142857 0.000000e+00
11.3355844156 0.000000e+00
11.4654545455 0.000000e+00
11.5953246753 0.000000e+00
11.7251948052 0.000000e+00
11.8550649351 0.000000e+00
11.9849350649 0.000000e+00
12.1148051948 0.000000e+00
12.2446753247 0.000000e+00
12.3745454545 0.000000e+00
12.5044155844 0.000000e+00
12.6342857143 0.000000e+00
12.7641558442 0.000000e+00
12.894025974 0.000000e+00
13.0238961039 0.000000e+00
13.1537662338 0.000000e+00
13.2836363636 0.000000e+00
13.4135064935 0.000000e+00
13.5433766234 0.000000e+00
13.6732467532 0.000000e+00
13.8031168831 0.000000e+00
13.932987013 0.000000e+00
14.0628571429 0.000000e+00
14.1927272727 0.000000e+00
14.3225974026 0.000000e+00
14.4524675325 0.000000e+00
14.5823376623 0.000000e+00
14.7122077922 0.000000e+00
14.8420779221 0.000000e+00
14.9719480519 0.000000e+00
15.1018181818 0.000000e+00
15.2316883117 0.000000e+00
15.3615584416 0.000000e+00
15.4914285714 0.000000e+00
15.6212987013 0.000000e+00
15.7511688312 0.000000e+00
15.881038961 0.000000e+00
16.0109090909 0.000000e+00
16.1407792208 0.000000e+00
16.2706493506 0.000000e+00
16.4005194805 0.000000e+00
16.5303896104 0.000000e+00
16.6602597403 0.000000e+00
16.7901298701 0.000000e+00
16.92 0.000000e+00
17.0498701299 0.000000e+00
17.1797402597 0.000000e+00
17.3096103896 0.000000e+00
17.4394805195 0.000000e+00
17.5693506494 0.000000e+00
17.6992207792 0.000000e+00
17.8290909091 0.000000e+00
17.958961039 0.000000e+00
18.0888311688 0.000000e+00
18.2187012987 0.000000e+00
18.3485714286 0.000000e+00
18.4784415584 0.000000e+00
18.6083116883 0.000000e+00
18.7381818182 0.000000e+00
18.8680519481 0.000000e+00
18.9979220779 0.000000e+00
19.1277922078 0.000000e+00
19.2576623377 0.000000e+00
19.3875324675 0.000000e+00
19.5174025974 0.000000e+00
19.6472727273 0.000000e+00
19.7771428571 0.000000e+00
19.907012987 0.000000e+00
20.0368831169 0.000000e+00
20.1667532468 0.000000e+00
20.2966233766 0.000000e+00
20.4264935065 0.000000e+00
20.5563636364 0.000000e+00
20.6862337662 0.000000e+00
20.8161038961 0.000000e+00
20.945974026 0.000000e+00
21.0758441558 0.000000e+00
21.2057142857 0.000000e+00
21.3355844156 0.000000e+00
21.4654545455 0.000000e+00
21.5953246753 0.000000e+00
21.7251948052 0.000000e+00
21.8550649351 0.000000e+00
21.9849350649 0.000000e+00
22.1148051948 0.000000e+00
22.2446753247 0.000000e+00
22.3745454545 0.000000e+00
22.5044155844 0.000000e+00
22.6342857143 0.000000e+00
22.7641558442 0.000000e+00
22.894025974 0.000000e+00
23.0238961039 0.000000e+00
23.1537662338 0.000000e+00
23.2836363636 0.000000e+00
23.4135064935 0.000000e+00
23.5433766234 0.000000e+00
23.6732467532 0.000000e+00
23.8031168831 0.000000e+00
23.932987013 0.000000e+00
24.0628571429 0.000000e+00
24.1927272727 0.000000e+00
24.3225974026 0.000000e+00
24.4524675325 0.000000e+00
24.5823376623 0.000000e+00
24.7122077922 0.000000e+00
24.8420779221 0.000000e+00
24.9719480519 0.000000e+00
25.1018181818 0.000000e+00
25.2316883117 0.000000e+00
25.3615584416 0.000000e+00
25.4914285714 0.000000e+00
25.6212987013 0.000000e+00
25.7511688312 0.000000e+00
25.881038961 0.000000e+00
26.0109090909 0.000000e+00
26.1407792208 0.000000e+00
26.2706493506 0.000000e+00
26.4005194805 0.000000e+00
26.5303896104 0.000000e+00
26.6602597403 0.000000e+00
26.7901298701 0.000000e+00
26.92 0.000000e+00
27.0498701299 0.000000e+00
27.1797402597 0.000000e+00
27.3096103896 0.000000e+00
27.4394805195 0.000000e+00
27.5693506494 0.000000e+00
27.6992207792 0.000000e+00
27.8290909091 0.000000e+00
27.958961039 0.000000e+00
28.0888311688 0.000000e+00
28.2187012987 0.000000e+00
28.3485714286 0.000000e+00
28.4784415584 0.000000e+00
28.6083116883 0.000000e+00
28.7381818182 0.000000e+00
28.8680519481 0.000000e+00
28.9979220779 0.000000e+00
29.1277922078 0.000000e+00
29.2576623377 0.000000e+00
29.3875324675 0.000000e+00
29.5174025974 0.000000e+00
29.6472727273 0.000000e+00
29.7771428571 0.000000e+00
29.907012987 0.000000e+00
30.0368831169 0.000000e+00
30.1667532468 0.000000e+00
30.2966233766 0.000000e+00
30.4264935065 0.000000e+00
30.5563636364 0.000000e+00
30.6862337662 0.000000e+00
30.8161038961 0.000000e+00
30.945974026 0.000000e+00
31.0758441558 0.000000e+00
31.2057142857 0.000000e+00
31.3355844156 0.000000e+00
31.4654545455 0.000000e+00
31.5953246753 0.000000e+00
31.7251948052 0.000000e+00
31.8550649351 0.000000e+00
31.9849350649 0.000000e+00
32.1148051948 0.000000e+00
32.2446753247 0.000000e+00
32.3745454545 0.000000e+00
32.5044155844 0.000000e+00
32.6342857143 0.000000e+00
32.7641558442 0.000000e+00
32.894025974 0.000000e+00
33.0238961039 0.000000e+00
33.1537662338 0.000000e+00
33.2836363636 0.000000e+00
33.4135064935 0.000000e+00
33.5433766234 0.000000e+00
33.6732467532 0.000000e+00
33.8031168831 0.000000e+00
33.932987013 0.000000e+00
34.0628571429 0.000000e+00
34.1927272727 0.000000e+00
34.3225974026 0.000000e+00
34.4524675325 0.000000e+00
34.5823376623 0.000000e+00
34.7122077922 0.000000e+00
34.8420779221 0.000000e+00
34.9719480519 0.000000e+00
35.1018181818 0.000000e+00
35.2316883117 0.000000e+00
35.3615584416 0.000000e+00
35.4914285714 0.000000e+00
35.6212987013 0.000000e+00
35.7511688312 0.000000e+00
35.881038961 0.000000e+00
36.0109090909 0.000000e+00
36.1407792208 0.000000e+00
36.2706493506 0.000000e+00
36.4005194805 0.000000e+00
36.5303896104 0.000000e+00
36.6602597403 0.000000e+00
36.7901298701 0.000000e+00
36.92 0.000000e+00
37.0498701299 0.000000e+00
37.1797402597 0.000000e+00
37.3096103896 0.000000e+00
37.4394805195 0.000000e+00
37.5693506494 0.000000e+00
37.6992207792 0.000000e+00
37.8290909091 0.000000e+00
37.958961039 0.000000e+00
38.0888311688 0.000000e+00
38.2187012987 0.000000e+00
38.3485714286 0.000000e+00
38.4784415584 0.000000e+00
38.6083116883 0.000000e+00
38.7381818182 0.000000e+00
38.8680519481 0.000000e+00
38.9979220779 0.000000e+00
39.1277922078 0.000000e+00
39.2576623377 0.000000e+00
39.3875324675 0.000000e+00
39.5174025974 0.000000e+00
39.6472727273 0.000000e+00
39.7771428571 0.000000e+00
39.907012987 0.000000e+00
40.0368831169 0.000000e+00
40.1667532468 0.000000e+00
40.2966233766 0.000000e+00
40.4264935065 0.000000e+00
40.5563636364 0.000000e+00
40.6862337662 0.000000e+00
40.8161038961 0.000000e+00
40.945974026 0.000000e+00
41.0758441558 0.000000e+00
41.2057142857 0.000000e+00
41.3355844156 0.000000e+00
41.4654545455 0.000000e+00
41.5953246753 0.000000e+00
41.7251948052 0.000000e+00
41.8550649351 0.000000e+00
41.9849350649 0.000000e+00
42.1148051948 0.000000e+00
42.2446753247 0.000000e+00
42.3745454545 0.000000e+00
42.5044155844 0.000000e+00
42.6342857143 0.000000e+00
42.7641558442 0.000000e+00
42.894025974 0.000000e+00
43.0238961039 0.000000e+00
43.1537662338 0.000000e+00
43.2836363636 0.000000e+00
43.4135064935 0.000000e+00
43.5433766234 0.000000e+00
43.6732467532 0.000000e+00
43.8031168831 0.000000e+00
43.932987013 0.000000e+00
44.0628571429 0.000000e+00
44.1927272727 0.000000e+00
44.3225974026 0.000000e+00
44.4524675325 0.000000e+00
44.5823376623 0.000000e+00
44.7122077922 0.000000e+00
44.8420779221 0.000000e+00
44.9719480519 0.000000e+00
45.1018181818 0.000000e+00
45.2316883117 0.000000e+00
45.3615584416 0.000000e+00
45.4914285714 0.000000e+00
45.6212987013 0.000000e+00
45.7511688312 0.000000e+00
45.881038961 0.000000e+00
46.0109090909 0.000000e+00
46.1407792208 0.000000e+00
46.2706493506 0.000000e+00
46.4005194805 0.000000e+00
46.5303896104 0.000000e+00
46.6602597403 0.000000e+00
46.7901298701 0.000000e+00
46.92 0.000000e+00
47.0498701299 0.000000e+00
47.1797402597 0.000000e+00
47.3096103896 0.000000e+00
47.4394805195 0.000000e+00
47.5693506494 0.000000e+00
47.6992207792 0.000000e+00
47.8290909091 0.000000e+00
47.958961039 0.000000e+00
48.0888311688 0.000000e+00
48.2187012987 0.000000e+00
48.3485714286 0.000000e+00
48.4784415584 0.000000e+00
48.6083116883 0.000000e+00
48.7381818182 0.000000e+00
48.8680519481 0.000000e+00
48.9979220779 0.000000e+00
49.1277922078 0.000000e+00
49.2576623377 0.000000e+00
49.3875324675 0.000000e+00
49.5174025974 0.000000e+00
49.6472727273 0.000000e+00
49.7771428571 0.000000e+00
49.907012987 0.000000e+00
50.0368831169 0.000000e+00
50.1667532468 0.000000e+00
50.2966233766 0.000000e+00
50.4264935065 0.000000e+00
50.5563636364 0.000000e+00
50.6862337662 0.000000e+00
50.8161038961 0.000000e+00
50.945974026 0.000000e+00
51.0758441558 0.000000e+00
51.2057142857 0.000000e+00
51.3355844156 0.000000e+00
51.4654545455 0.000000e+00
51.5953246753 0.000000e+00
51.7251948052 0.000000e+00
51.8550649351 0.000000e+00
51.9849350649 0.000000e+00
52.1148051948 0.000000e+00
52.2446753247 0.000000e+00
52.3745454545 0.000000e+00
52.5044155844 0.000000e+00
52.6342857143 0.000000e+00
52.7641558442 0.000000e+00
52.894025974 0.000000e+00
53.0238961039 0.000000e+00
53.1537662338 0.000000e+00
53.2836363636 0.000000e+00
53.4135064935 0.000000e+00
53.5433766234 0.000000e+00
53.6732467532 0.000000e+00
53.8031168831 0.000000e+00
53.932987013 0.000000e+00
54.0628571429 0.000000e+00
54.1927272727 0.000000e+00
54.3225974026 0.000000e+00
54.4524675325 0.000000e+00
54.5823376623 0.000000e+00
54.7122077922 0.000000e+00
54.8420779221 0.000000e+00
54.9719480519 0.000000e+00
55.1018181818 0.000000e+00
55.2316883117 0.000000e+00
55.3615584416 0.000000e+00
55.4914285714 0.000000e+00
55.6212987013 0.000000e+00
55.7511688312 0.000000e+00
55.881038961 0.000000e+00
56.0109090909 0.000000e+00
56.1407792208 0.000000e+00
56.2706493506 0.000000e+00
56.4005194805 0.000000e+00
56.5303896104 0.000000e+00
56.6602597403 0.000000e+00
56.7901298701 0.000000e+00
56.92 0.000000e+00
57.0498701299 0.000000e+00
57.1797402597 0.000000e+00
57.3096103896 0.000000e+00
57.4394805195 0.000000e+00
57.5693506494 0.000000e+00
57.6992207792 0.000000e+00
57.8290909091 0.000000e+00
57.958961039 0.000000e+00
58.0888311688 0.000000e+00
58.2187012987 0.000000e+00
58.3485714286 0.000000e+00
58.4784415584 0.000000e+00
58.6083116883 0.000000e+00
58.7381818182 0.000000e+00
58.8680519481 0.000000e+00
58.9979220779 0.000000e+00
59.1277922078 0.000000e+00
59.2576623377 0.000000e+00
59.3875324675 0.000000e+00
59.5174025974 0.000000e+00
59.6472727273 0.000000e+00
59.7771428571 0.000000e+00
59.907012987 0.000000e+00
60.0368831169 0.000000e+00
60.1667532468 0.000000e+00
60.2966233766 0.000000e+00
60.4264935065 0.000000e+00
60.5563636364 0.000000e+00
60.6862337662 0.000000e+00
60.8161038961 0.000000e+00
60.945974026 0.000000e+00
61.0758441558 0.000000e+00
61.2057142857 0.000000e+00
61.3355844156 0.000000e+00
61.4654545455 0.000000e+00
61.5953246753 0.000000e+00
61.7251948052 0.000000e+00
61.8550649351 0.000000e+00
61.9849350649 0.000000e+00
62.1148051948 0.000000e+00
62.2446753247 0.000000e+00
62.3745454545 0.000000e+00
62.5044155844 0.000000e+00
62.6342857143 0.000000e+00
62.7641558442 0.000000e+00
62.894025974 0.000000e+00
63.0238961039 0.000000e+00
63.1537662338 0.000000e+00
63.2836363636 0.000000e+00
63.4135064935 0.000000e+00
63.5433766234 0.000000e+00
63.6732467532 0.000000e+00
63.8031168831 0.000000e+00
63.932987013 0.000000e+00
64.0628571429 0.000000e+00
64.1927272727 0.000000e+00
64.3225974026 0.000000e+00
64.4524675325 0.000000e+00
64.5823376623 0.000000e+00
64.7122077922 0.000000e+00
64.8420779221 0.000000e+00
64.9719480519 0.000000e+00
65.1018181818 0.000000e+00
65.2316883117 0.000000e+00
65.3615584416 0.000000e+00
65.4914285714 0.000000e+00
65.6212987013 0.000000e+00
65.7511688312 0.000000e+00
65.881038961 0.000000e+00
66.0109090909 0.000000e+00
66.1407792208 0.000000e+00
66.2706493506 0.000000e+00
66.4005194805 0.000000e+00
66.5303896104 0.000000e+00
66.6602597403 0.000000e+00
66.7901298701 0.000000e+00
66.92 0.000000e+00
67.0498701299 0.000000e+00
67.1797402597 0.000000e+00
67.3096103896 0.000000e+00
67.4394805195 0.000000e+00
67.5693506494 0.000000e+00
67.6992207792 0.000000e+00
67.8290909091 0.000000e+00
67.958961039 0.000000e+00
68.0888311688 0.000000e+00
68.2187012987 0.000000e+00
68.3485714286 0.000000e+00
68.4784415584 0.000000e+00
68.6083116883 0.000000e+00
68.7381818182 0.000000e+00
68.8680519481 0.000000e+00
68.9979220779 0.000000e+00
69.1277922078 0.000000e+00
69.2576623377 0.000000e+00
69.3875324675 0.000000e+00
69.5174025974 0.000000e+00
69.6472727273 0.000000e+00
69.7771428571 0.000000e+00
69.907012987 0.000000e+00
70.0368831169 0.000000e+00
70.1667532468 0.000000e+00
70.2966233766 0.000000e+00
70.4264935065 0.000000e+00
70.5563636364 0.000000e+00
70.6862337662 0.000000e+00
70.8161038961 0.000000e+00
70.945974026 0.000000e+00
71.0758441558 0.000000e+00
71.2057142857 0.000000e+00
71.3355844156 0.000000e+00
71.4654545455 0.000000e+00
71.5953246753 0.000000e+00
71.7251948052 0.000000e+00
71.8550649351 0.000000e+00
71.9849350649 0.000000e+00
72.1148051948 0.000000e+00
72.2446753247 0.000000e+00
72.3745454545 0.000000e+00
72.5044155844 0.000000e+00
72.6342857143 0.000000e+00
72.7641558442 0.000000e+00
72.894025974 0.000000e+00
73.0238961039 0.000000e+00
73.1537662338 0.000000e+00
73.2836363636 0.000000e+00
73.4135064935 0.000000e+00
73.5433766234 0.000000e+00
73.6732467532 0.000000e+00
73.8031168831 0.000000e+00
73.932987013 0.000000e+00
74.0628571429 0.000000e+00
74.1927272727 0.000000e+00
74.3225974026 0.000000e+00
74.4524675325 0.000000e+00
74.5823376623 0.000000e+00
74.7122077922 0.000000e+00
74.8420779221 0.000000e+00
74.9719480519 0.000000e+00
75.1018181818 0.000000e+00
75.2316883117 0.000000e+00
75.3615584416 0.000000e+00
75.4914285714 0.000000e+00
75.6212987013 0.000000e+00
75.7511688312 0.000000e+00
75.881038961 0.000000e+00
76.0109090909 0.000000e+00
76.1407792208 0.000000e+00
76.2706493506 0.000000e+00
76.4005194805 0.000000e+00
76.5303896104 0.000000e+00
76.6602597403 0.000000e+00
76.7901298701 0.000000e+00
76.92 0.000000e+00
77.0498701299 0.000000e+00
77.1797402597 0.000000e+00
77.3096103896 0.000000e+00
77.4394805195 0.000000e+00
77.5693506494 0.000000e+00
77.6992207792 0.000000e+00
77.8290909091 0.000000e+00
77.958961039 0.000000e+00
78.0888311688 0.000000e+00
78.2187012987 0.000000e+00
78.3485714286 0.000000e+00
78.4784415584 0.000000e+00
78.6083116883 0.000000e+00
78.7381818182 0.000000e+00
78.8680519481 0.000000e+00
78.9979220779 0.000000e+00
79.1277922078 0.000000e+00
79.2576623377 0.000000e+00
79.3875324675 0.000000e+00
79.5174025974 0.000000e+00
79.6472727273 0.000000e+00
79.7771428571 0.000000e+00
79.907012987 0.000000e+00
80.0368831169 0.000000e+00
80.1667532468 0.000000e+00
80.2966233766 0.000000e+00
80.4264935065 0.000000e+00
80.5563636364 0.000000e+00
80.6862337662 0.000000e+00
80.8161038961 0.000000e+00
80.945974026 0.000000e+00
81.0758441558 0.000000e+00
81.2057142857 0.000000e+00
81.3355844156 0.000000e+00
81.4654545455 0.000000e+00
81.5953246753 0.000000e+00
81.7251948052 0.000000e+00
81.8550649351 0.000000e+00
81.9849350649 0.000000e+00
82.1148051948 0.000000e+00
82.2446753247 0.000000e+00
82.3745454545 0.000000e+00
82.5044155844 0.000000e+00
82.6342857143 0.000000e+00
82.7641558442 0.000000e+00
82.894025974 0.000000e+00
83.0238961039 0.000000e+00
83.1537662338 0.000000e+00
83.2836363636 0.000000e+00
83.4135064935 0.000000e+00
83.5433766234 0.000000e+00
83.6732467532 0.000000e+00
83.8031168831 0.000000e+00
83.932987013 0.000000e+00
84.0628571429 0.000000e+00
84.1927272727 0.000000e+00
84.3225974026 0.000000e+00
84.4524675325 0.000000e+00
84.5823376623 0.000000e+00
84.7122077922 0.000000e+00
84.8420779221 0.000000e+00
84.9719480519 0.000000e+00
85.1018181818 0.000000e+00
85.2316883117 0.000000e+00
85.3615584416 0.000000e+00
85.4914285714 0.000000e+00
85.6212987013 0.000000e+00
85.7511688312 0.000000e+00
85.881038961 0.000000e+00
86.0109090909 0.000000e+00
86.1407792208 0.000000e+00
86.2706493506 0.000000e+00
86.4005194805 0.000000e+00
86.5303896104 0.000000e+00
86.6602597403 0.000000e+00
86.7901298701 0.000000e+00
86.92 0.000000e+00
87.0498701299 0.000000e+00
87.1797402597 0.000000e+00
87.3096103896 0.000000e+00
87.4394805195 0.000000e+00
87.5693506494 0.000000e+00
87.6992207792 0.000000e+00
87.8290909091 0.000000e+00
87.958961039 0.000000e+00
88.0888311688 0.000000e+00
88.2187012987 0.000000e+00
88.3485714286 0.000000e+00
88.4784415584 0.000000e+00
88.6083116883 0.000000e+00
88.7381818182 0.000000e+00
88.8680519481 0.000000e+00
88.9979220779 0.000000e+00
89.1277922078 0.000000e+00
89.2576623377 0.000000e+00
89.3875324675 0.000000e+00
89.5174025974 0.000000e+00
89.6472727273 0.000000e+00
89.7771428571 0.000000e+00
89.907012987 0.000000e+00
90.0368831169 0.000000e+00
90.1667532468 0.000000e+00
90.2966233766 0.000000e+00
90.4264935065 0.000000e+00
90.5563636364 0.000000e+00
90.6862337662 0.000000e+00
90.8161038961 0.000000e+00
90.945974026 0.000000e+00
91.0758441558 0.000000e+00
91.2057142857 0.000000e+00
91.3355844156 0.000000e+00
91.4654545455 0.000000e+00
91.5953246753 0.000000e+00
91.7251948052 0.000000e+00
91.8550649351 0.000000e+00
91.9849350649 0.000000e+00
92.1148051948 0.000000e+00
92.2446753247 0.000000e+00
92.3745454545 0.000000e+00
92.5044155844 0.000000e+00
92.6342857143 0.000000e+00
92.7641558442 0.000000e+00
92.894025974 0.000000e+00
93.0238961039 0.000000e+00
93.1537662338 0.000000e+00
93.2836363636 0.000000e+00
93.4135064935 0.000000e+00
93.5433766234 0.000000e+00
93.6732467532 0.000000e+00
93.8031168831 0.000000e+00
93.932987013 0.000000e+00
94.0628571429 0.000000e+00
94.1927272727 0.000000e+00
94.3225974026 0.000000e+00
94.4524675325 0.000000e+00
94.5823376623 0.000000e+00
94.7122077922 0.000000e+00
94.8420779221 0.000000e+00
94.9719480519 0.000000e+00
95.1018181818 0.000000e+00
95.2316883117 0.000000e+00
95.3615584416 0.000000e+00
95.4914285714 0.000000e+00
95.6212987013 0.000000e+00
95.7511688312 0.000000e+00
95.881038961 0.000000e+00
96.0109090909 0.000000e+00
96.1407792208 0.000000e+00
96.2706493506 0.000000e+00
96.4005194805 0.000000e+00
96.5303896104 0.000000e+00
96.6602597403 0.000000e+00
96.7901298701 0.000000e+00
96.92 0.000000e+00
97.0498701299 0.000000e+00
97.1797402597 0.000000e+00
97.3096103896 0.000000e+00
97.4394805195 0.000000e+00
97.5693506494 0.000000e+00
97.6992207792 0.000000e+00
97.8290909091 0.000000e+00
97.958961039 0.000000e+00
98.0888311688 0.000000e+00
98.2187012987 0.000000e+00
98.3485714286 0.000000e+00
98.4784415584 0.000000e+00
98.6083116883 0.000000e+00
98.7381818182 0.000000e+00
98.8680519481 0.000000e+00
98.9979220779 0.000000e+00
99.1277922078 0.000000e+00
99.2576623377 0.000000e+00
99.3875324675 0.000000e+00
99.5174025974 0.000000e+00
99.6472727273 0.000000e+00
99.7771428571 0.000000e+00
99.907012987 0.000000e+00
100.036883117 0.000000e+00
100.166753247 0.000000e+00
100.296623377 0.000000e+00
100.426493506 0.000000e+00
100.556363636 0.000000e+00
100.686233766 0.000000e+00
100.816103896 0.000000e+00
100.945974026 0.000000e+00
101.075844156 0.000000e+00
101.205714286 0.000000e+00
101.335584416 0.000000e+00
101.465454545 0.000000e+00
101.595324675 0.000000e+00
101.725194805 0.000000e+00
101.855064935 0.000000e+00
101.984935065 0.000000e+00
102.114805195 0.000000e+00
102.244675325 0.000000e+00
102.374545455 0.000000e+00
102.504415584 0.000000e+00
102.634285714 0.000000e+00
102.764155844 0.000000e+00
102.894025974 0.000000e+00
103.023896104 0.000000e+00
103.153766234 0.000000e+00
103.283636364 0.000000e+00
103.413506494 0.000000e+00
103.543376623 0.000000e+00
103.673246753 0.000000e+00
103.803116883 0.000000e+00
103.932987013 0.000000e+00
104.062857143 0.000000e+00
104.192727273 0.000000e+00
104.322597403 0.000000e+00
104.452467532 0.000000e+00
104.582337662 0.000000e+00
104.712207792 0.000000e+00
104.842077922 0.000000e+00
104.971948052 0.000000e+00
105.101818182 0.000000e+00
105.231688312 0.000000e+00
105.361558442 0.000000e+00
105.491428571 0.000000e+00
105.621298701 0.000000e+00
105.751168831 0.000000e+00
105.881038961 0.000000e+00
106.010909091 0.000000e+00
106.140779221 0.000000e+00
106.270649351 0.000000e+00
106.400519481 0.000000e+00
106.53038961 0.000000e+00
106.66025974 0.000000e+00
106.79012987 0.000000e+00
106.92 0.000000e+00
107.04987013 0.000000e+00
107.17974026 0.000000e+00
107.30961039 0.000000e+00
107.439480519 0.000000e+00
107.569350649 0.000000e+00
107.699220779 0.000000e+00
107.829090909 0.000000e+00
107.958961039 0.000000e+00
108.088831169 0.000000e+00
108.218701299 0.000000e+00
108.348571429 0.000000e+00
108.478441558 0.000000e+00
108.608311688 0.000000e+00
108.738181818 0.000000e+00
108.868051948 0.000000e+00
108.997922078 0.000000e+00
109.127792208 0.000000e+00
109.257662338 0.000000e+00
109.387532468 0.000000e+00
109.517402597 0.000000e+00
109.647272727 0.000000e+00
109.777142857 0.000000e+00
109.907012987 0.000000e+00
110.036883117 0.000000e+00
110.166753247 0.000000e+00
110.296623377 0.000000e+00
110.426493506 0.000000e+00
110.556363636 0.000000e+00
110.686233766 0.000000e+00
110.816103896 0.000000e+00
110.945974026 0.000000e+00
111.075844156 0.000000e+00
111.205714286 0.000000e+00
111.335584416 0.000000e+00
111.465454545 0.000000e+00
111.595324675 0.000000e+00
111.725194805 0.000000e+00
111.855064935 0.000000e+00
111.984935065 0.000000e+00
112.114805195 0.000000e+00
112.244675325 0.000000e+00
112.374545455 0.000000e+00
112.504415584 0.000000e+00
112.634285714 0.000000e+00
112.764155844 0.000000e+00
112.894025974 0.000000e+00
113.023896104 0.000000e+00
113.153766234 0.000000e+00
113.283636364 0.000000e+00
113.413506494 0.000000e+00
113.543376623 0.000000e+00
113.673246753 0.000000e+00
113.803116883 0.000000e+00
113.932987013 0.000000e+00
114.062857143 0.000000e+00
114.192727273 0.000000e+00
114.322597403 0.000000e+00
114.452467532 0.000000e+00
114.582337662 0.000000e+00
114.712207792 0.000000e+00
114.842077922 0.000000e+00
114.971948052 0.000000e+00
115.101818182 0.000000e+00
115.231688312 0.000000e+00
115.361558442 0.000000e+00
115.491428571 0.000000e+00
115.621298701 0.000000e+00
115.751168831 0.000000e+00
115.881038961 0.000000e+00
116.010909091 0.000000e+00
116.140779221 0.000000e+00
116.270649351 0.000000e+00
116.400519481 0.000000e+00
116.53038961 0.000000e+00
116.66025974 0.000000e+00
116.79012987 0.000000e+00
116.92 0.000000e+00
117.04987013 0.000000e+00
117.17974026 0.000000e+00
117.30961039 0.000000e+00
117.439480519 0.000000e+00
117.569350649 0.000000e+00
117.699220779 0.000000e+00
117.829090909 0.000000e+00
117.958961039 0.000000e+00
118.088831169 0.000000e+00
118.218701299 0.000000e+00
118.348571429 0.000000e+00
118.478441558 0.000000e+00
118.608311688 0.000000e+00
118.738181818 0.000000e+00
118.868051948 0.000000e+00
118.997922078 0.000000e+00
119.127792208 0.000000e+00
119.257662338 0.000000e+00
119.387532468 0.000000e+00
119.517402597 0.000000e+00
119.647272727 0.000000e+00
119.777142857 0.000000e+00
119.907012987 0.000000e+00
120.036883117 0.000000e+00
120.166753247 0.000000e+00
120.296623377 0.000000e+00
120.426493506 0.000000e+00
120.556363636 0.000000e+00
120.686233766 0.000000e+00
120.816103896 0.000000e+00
120.945974026 0.000000e+00
121.075844156 0.000000e+00
121.205714286 0.000000e+00
121.335584416 0.000000e+00
121.465454545 0.000000e+00
121.595324675 0.000000e+00
121.725194805 0.000000e+00
121.855064935 0.000000e+00
121.984935065 0.000000e+00
122.114805195 0.000000e+00
122.244675325 0.000000e+00
122.374545455 0.000000e+00
122.504415584 0.000000e+00
122.634285714 0.000000e+00
122.764155844 0.000000e+00
122.894025974 0.000000e+00
123.023896104 0.000000e+00
123.153766234 0.000000e+00
123.283636364 0.000000e+00
123.413506494 0.000000e+00
123.543376623 0.000000e+00
123.673246753 0.000000e+00
123.803116883 0.000000e+00
123.932987013 0.000000e+00
124.062857143 0.000000e+00
124.192727273 0.000000e+00
124.322597403 0.000000e+00
124.452467532 0.000000e+00
124.582337662 0.000000e+00
124.712207792 0.000000e+00
124.842077922 0.000000e+00
124.971948052 0.000000e+00
125.971948052 0.0
126.971948052 0.0
127.971948052 0.0
128.971948052 0.0
129.971948052 0.0
130.971948052 0.0
131.971948052 0.0
132.971948052 0.0
133.971948052 0.0
134.971948052 0.0
135.971948052 0.0
136.971948052 0.0
137.971948052 0.0
138.971948052 0.0
139.971948052 0.0
140.971948052 0.0
141.971948052 0.0
142.971948052 0.0
143.971948052 0.0
144.971948052 0.0
145.971948052 0.0
146.971948052 0.0
147.971948052 0.0
148.971948052 0.0
149.971948052 0.0
150.971948052 0.0
151.971948052 0.0
152.971948052 0.0
153.971948052 0.0
154.971948052 0.0
155.971948052 0.0
156.971948052 0.0
157.971948052 0.0
158.971948052 0.0
159.971948052 0.0
160.971948052 0.0
161.971948052 0.0
162.971948052 0.0
163.971948052 0.0
164.971948052 0.0
165.971948052 0.0
166.971948052 0.0
167.971948052 0.0
168.971948052 0.0
169.971948052 0.0
170.971948052 0.0
171.971948052 0.0
172.971948052 0.0
173.971948052 0.0
174.971948052 0.0
175.971948052 0.0
176.971948052 0.0
177.971948052 0.0
178.971948052 0.0
179.971948052 0.0
180.971948052 0.0
181.971948052 0.0
182.971948052 0.0
183.971948052 0.0
184.971948052 0.0
185.971948052 0.0
186.971948052 0.0
187.971948052 0.0
188.971948052 0.0
189.971948052 0.0
190.971948052 0.0
191.971948052 0.0
192.971948052 0.0
193.971948052 0.0
194.971948052 0.0
195.971948052 0.0
196.971948052 0.0
197.971948052 0.0
198.971948052 0.0
199.971948052 0.0
200.971948052 0.0
201.971948052 0.0
202.971948052 0.0
203.971948052 0.0
204.971948052 0.0
205.971948052 0.0
206.971948052 0.0
207.971948052 0.0
208.971948052 0.0
209.971948052 0.0
210.971948052 0.0
211.971948052 0.0
212.971948052 0.0
213.971948052 0.0
214.971948052 0.0
215.971948052 0.0
216.971948052 0.0
217.971948052 0.0
218.971948052 0.0
219.971948052 0.0
220.971948052 0.0
221.971948052 0.0
222.971948052 0.0
223.971948052 0.0
224.971948052 0.0
225.971948052 0.0
226.971948052 0.0
227.971948052 0.0
228.971948052 0.0
229.971948052 0.0
230.971948052 0.0
231.971948052 0.0
232.971948052 0.0
233.971948052 0.0
234.971948052 0.0
235.971948052 0.0
236.971948052 0.0
237.971948052 0.0
238.971948052 0.0
239.971948052 0.0
240.971948052 0.0
241.971948052 0.0
242.971948052 0.0
243.971948052 0.0
244.971948052 0.0
245.971948052 0.0
246.971948052 0.0
247.971948052 0.0
248.971948052 0.0
249.971948052 0.0
250.971948052 0.0
251.971948052 0.0
252.971948052 0.0
253.971948052 0.0
254.971948052 0.0
255.971948052 0.0
256.971948052 0.0
257.971948052 0.0
258.971948052 0.0
259.971948052 0.0
260.971948052 0.0
261.971948052 0.0
262.971948052 0.0
263.971948052 0.0
264.971948052 0.0
265.971948052 0.0
266.971948052 0.0
267.971948052 0.0
268.971948052 0.0
269.971948052 0.0
270.971948052 0.0
271.971948052 0.0
272.971948052 0.0
273.971948052 0.0
274.971948052 0.0
275.971948052 0.0
276.971948052 0.0
277.971948052 0.0
278.971948052 0.0
279.971948052 0.0
280.971948052 0.0
281.971948052 0.0
282.971948052 0.0
283.971948052 0.0
284.971948052 0.0
285.971948052 0.0
286.971948052 0.0
287.971948052 0.0
288.971948052 0.0
289.971948052 0.0
290.971948052 0.0
291.971948052 0.0
292.971948052 0.0
293.971948052 0.0
294.971948052 0.0
295.971948052 0.0
296.971948052 0.0
297.971948052 0.0
298.971948052 0.0
299.971948052 0.0
300.971948052 0.0
301.971948052 0.0
302.971948052 0.0
303.971948052 0.0
304.971948052 0.0
305.971948052 0.0
306.971948052 0.0
307.971948052 0.0
308.971948052 0.0
309.971948052 0.0
310.971948052 0.0
311.971948052 0.0
312.971948052 0.0
313.971948052 0.0
314.971948052 0.0
315.971948052 0.0
316.971948052 0.0
317.971948052 0.0
318.971948052 0.0
319.971948052 0.0
320.971948052 0.0
321.971948052 0.0
322.971948052 0.0
323.971948052 0.0
324.971948052 0.0
325.971948052 0.0
326.971948052 0.0
327.971948052 0.0
328.971948052 0.0
329.971948052 0.0
330.971948052 0.0
331.971948052 0.0
332.971948052 0.0
333.971948052 0.0
334.971948052 0.0
335.971948052 0.0
336.971948052 0.0
337.971948052 0.0
338.971948052 0.0
339.971948052 0.0
340.971948052 0.0
341.971948052 0.0
342.971948052 0.0
343.971948052 0.0
344.971948052 0.0
345.971948052 0.0
346.971948052 0.0
347.971948052 0.0
348.971948052 0.0
349.971948052 0.0
350.971948052 0.0
351.971948052 0.0
352.971948052 0.0
353.971948052 0.0
354.971948052 0.0
355.971948052 0.0
356.971948052 0.0
357.971948052 0.0
358.971948052 0.0
359.971948052 0.0
360.971948052 0.0
361.971948052 0.0
362.971948052 0.0
363.971948052 0.0
364.971948052 0.0
365.971948052 0.0
366.971948052 0.0
367.971948052 0.0
368.971948052 0.0
369.971948052 0.0
370.971948052 0.0
371.971948052 0.0
372.971948052 0.0
373.971948052 0.0
374.971948052 0.0
375.971948052 0.0
376.971948052 0.0
377.971948052 0.0
378.971948052 0.0
379.971948052 0.0
380.971948052 0.0
381.971948052 0.0
382.971948052 0.0
383.971948052 0.0
384.971948052 0.0
385.971948052 0.0
386.971948052 0.0
387.971948052 0.0
388.971948052 0.0
389.971948052 0.0
390.971948052 0.0
391.971948052 0.0
392.971948052 0.0
393.971948052 0.0
394.971948052 0.0
395.971948052 0.0
396.971948052 0.0
397.971948052 0.0
398.971948052 0.0
399.971948052 0.0
400.971948052 0.0
401.971948052 0.0
402.971948052 0.0
403.971948052 0.0
404.971948052 0.0
405.971948052 0.0
406.971948052 0.0
407.971948052 0.0
408.971948052 0.0
409.971948052 0.0
410.971948052 0.0
411.971948052 0.0
412.971948052 0.0
413.971948052 0.0
414.971948052 0.0
415.971948052 0.0
416.971948052 0.0
417.971948052 0.0
418.971948052 0.0
419.971948052 0.0
420.971948052 0.0
421.971948052 0.0
422.971948052 0.0
423.971948052 0.0
424.971948052 0.0
425.971948052 0.0
426.971948052 0.0
427.971948052 0.0
428.971948052 0.0
429.971948052 0.0
430.971948052 0.0
431.971948052 0.0
432.971948052 0.0
433.971948052 0.0
434.971948052 0.0
435.971948052 0.0
436.971948052 0.0
437.971948052 0.0
438.971948052 0.0
439.971948052 0.0
440.971948052 0.0
441.971948052 0.0
442.971948052 0.0
443.971948052 0.0
444.971948052 0.0
445.971948052 0.0
446.971948052 0.0
447.971948052 0.0
448.971948052 0.0
449.971948052 0.0
450.971948052 0.0
451.971948052 0.0
452.971948052 0.0
453.971948052 0.0
454.971948052 0.0
455.971948052 0.0
456.971948052 0.0
457.971948052 0.0
458.971948052 0.0
459.971948052 0.0
460.971948052 0.0
461.971948052 0.0
462.971948052 0.0
463.971948052 0.0
464.971948052 0.0
465.971948052 0.0
466.971948052 0.0
467.971948052 0.0
468.971948052 0.0
469.971948052 0.0
470.971948052 0.0
471.971948052 0.0
472.971948052 0.0
473.971948052 0.0
474.971948052 0.0
475.971948052 0.0
476.971948052 0.0
477.971948052 0.0
478.971948052 0.0
479.971948052 0.0
480.971948052 0.0
481.971948052 0.0
482.971948052 0.0
483.971948052 0.0
484.971948052 0.0
485.971948052 0.0
486.971948052 0.0
487.971948052 0.0
488.971948052 0.0
489.971948052 0.0
490.971948052 0.0
491.971948052 0.0
492.971948052 0.0
493.971948052 0.0
494.971948052 0.0
495.971948052 0.0
496.971948052 0.0
497.971948052 0.0
498.971948052 0.0
499.971948052 0.0
500.971948052 0.0
501.971948052 0.0
502.971948052 0.0
503.971948052 0.0
504.971948052 0.0
505.971948052 0.0
506.971948052 0.0
507.971948052 0.0
508.971948052 0.0
509.971948052 0.0
510.971948052 0.0
511.971948052 0.0
512.971948052 0.0
513.971948052 0.0
514.971948052 0.0
515.971948052 0.0
516.971948052 0.0
517.971948052 0.0
518.971948052 0.0
519.971948052 0.0
520.971948052 0.0
521.971948052 0.0
522.971948052 0.0
523.971948052 0.0
524.971948052 0.0
525.971948052 0.0
526.971948052 0.0
527.971948052 0.0
528.971948052 0.0
529.971948052 0.0
530.971948052 0.0
531.971948052 0.0
532.971948052 0.0
533.971948052 0.0
534.971948052 0.0
535.971948052 0.0
536.971948052 0.0
537.971948052 0.0
538.971948052 0.0
539.971948052 0.0
540.971948052 0.0
541.971948052 0.0
542.971948052 0.0
543.971948052 0.0
544.971948052 0.0
545.971948052 0.0
546.971948052 0.0
547.971948052 0.0
548.971948052 0.0
549.971948052 0.0
550.971948052 0.0
551.971948052 0.0
552.971948052 0.0
553.971948052 0.0
554.971948052 0.0
555.971948052 0.0
556.971948052 0.0
557.971948052 0.0
558.971948052 0.0
559.971948052 0.0
560.971948052 0.0
561.971948052 0.0
562.971948052 0.0
563.971948052 0.0
564.971948052 0.0
565.971948052 0.0
566.971948052 0.0
567.971948052 0.0
568.971948052 0.0
569.971948052 0.0
570.971948052 0.0
571.971948052 0.0
572.971948052 0.0
573.971948052 0.0
574.971948052 0.0
575.971948052 0.0
576.971948052 0.0
577.971948052 0.0
578.971948052 0.0
579.971948052 0.0
580.971948052 0.0
581.971948052 0.0
582.971948052 0.0
583.971948052 0.0
584.971948052 0.0
585.971948052 0.0
586.971948052 0.0
587.971948052 0.0
588.971948052 0.0
589.971948052 0.0
590.971948052 0.0
591.971948052 0.0
592.971948052 0.0
593.971948052 0.0
594.971948052 0.0
595.971948052 0.0
596.971948052 0.0
597.971948052 0.0
598.971948052 0.0
599.971948052 0.0
600.971948052 0.0
601.971948052 0.0
602.971948052 0.0
603.971948052 0.0
604.971948052 0.0
605.971948052 0.0
606.971948052 0.0
607.971948052 0.0
608.971948052 0.0
609.971948052 0.0
610.971948052 0.0
611.971948052 0.0
612.971948052 0.0
613.971948052 0.0
614.971948052 0.0
615.971948052 0.0
616.971948052 0.0
617.971948052 0.0
618.971948052 0.0
619.971948052 0.0
620.971948052 0.0
621.971948052 0.0
622.971948052 0.0
623.971948052 0.0
624.971948052 0.0
