-656.524354364 0.0
-655.524354364 0.0
-654.524354364 0.0
-653.524354364 0.0
-652.524354364 0.0
-651.524354364 0.0
-650.524354364 0.0
-649.524354364 0.0
-648.524354364 0.0
-647.524354364 0.0
-646.524354364 0.0
-645.524354364 0.0
-644.524354364 0.0
-643.524354364 0.0
-642.524354364 0.0
-641.524354364 0.0
-640.524354364 0.0
-639.524354364 0.0
-638.524354364 0.0
-637.524354364 0.0
-636.524354364 0.0
-635.524354364 0.0
-634.524354364 0.0
-633.524354364 0.0
-632.524354364 0.0
-631.524354364 0.0
-630.524354364 0.0
-629.524354364 0.0
-628.524354364 0.0
-627.524354364 0.0
-626.524354364 0.0
-625.524354364 0.0
-624.524354364 0.0
-623.524354364 0.0
-622.524354364 0.0
-621.524354364 0.0
-620.524354364 0.0
-619.524354364 0.0
-618.524354364 0.0
-617.524354364 0.0
-616.524354364 0.0
-615.524354364 0.0
-614.524354364 0.0
-613.524354364 0.0
-612.524354364 0.0
-611.524354364 0.0
-610.524354364 0.0
-609.524354364 0.0
-608.524354364 0.0
-607.524354364 0.0
-606.524354364 0.0
-605.524354364 0.0
-604.524354364 0.0
-603.524354364 0.0
-602.524354364 0.0
-601.524354364 0.0
-600.524354364 0.0
-599.524354364 0.0
-598.524354364 0.0
-597.524354364 0.0
-596.524354364 0.0
-595.524354364 0.0
-594.524354364 0.0
-593.524354364 0.0
-592.524354364 0.0
-591.524354364 0.0
-590.524354364 0.0
-589.524354364 0.0
-588.524354364 0.0
-587.524354364 0.0
-586.524354364 0.0
-585.524354364 0.0
-584.524354364 0.0
-583.524354364 0.0
-582.524354364 0.0
-581.524354364 0.0
-580.524354364 0.0
-579.524354364 0.0
-578.524354364 0.0
-577.524354364 0.0
-576.524354364 0.0
-575.524354364 0.0
-574.524354364 0.0
-573.524354364 0.0
-572.524354364 0.0
-571.524354364 0.0
-570.524354364 0.0
-569.524354364 0.0
-568.524354364 0.0
-567.524354364 0.0
-566.524354364 0.0
-565.524354364 0.0
-564.524354364 0.0
-563.524354364 0.0
-562.524354364 0.0
-561.524354364 0.0
-560.524354364 0.0
-559.524354364 0.0
-558.524354364 0.0
-557.524354364 0.0
-556.524354364 0.0
-555.524354364 0.0
-554.524354364 0.0
-553.524354364 0.0
-552.524354364 0.0
-551.524354364 0.0
-550.524354364 0.0
-549.524354364 0.0
-548.524354364 0.0
-547.524354364 0.0
-546.524354364 0.0
-545.524354364 0.0
-544.524354364 0.0
-543.524354364 0.0
-542.524354364 0.0
-541.524354364 0.0
-540.524354364 0.0
-539.524354364 0.0
-538.524354364 0.0
-537.524354364 0.0
-536.524354364 0.0
-535.524354364 0.0
-534.524354364 0.0
-533.524354364 0.0
-532.524354364 0.0
-531.524354364 0.0
-530.524354364 0.0
-529.524354364 0.0
-528.524354364 0.0
-527.524354364 0.0
-526.524354364 0.0
-525.524354364 0.0
-524.524354364 0.0
-523.524354364 0.0
-522.524354364 0.0
-521.524354364 0.0
-520.524354364 0.0
-519.524354364 0.0
-518.524354364 0.0
-517.524354364 0.0
-516.524354364 0.0
-515.524354364 0.0
-514.524354364 0.0
-513.524354364 0.0
-512.524354364 0.0
-511.524354364 0.0
-510.524354364 0.0
-509.524354364 0.0
-508.524354364 0.0
-507.524354364 0.0
-506.524354364 0.0
-505.524354364 0.0
-504.524354364 0.0
-503.524354364 0.0
-502.524354364 0.0
-501.524354364 0.0
-500.524354364 0.0
-499.524354364 0.0
-498.524354364 0.0
-497.524354364 0.0
-496.524354364 0.0
-495.524354364 0.0
-494.524354364 0.0
-493.524354364 0.0
-492.524354364 0.0
-491.524354364 0.0
-490.524354364 0.0
-489.524354364 0.0
-488.524354364 0.0
-487.524354364 0.0
-486.524354364 0.0
-485.524354364 0.0
-484.524354364 0.0
-483.524354364 0.0
-482.524354364 0.0
-481.524354364 0.0
-480.524354364 0.0
-479.524354364 0.0
-478.524354364 0.0
-477.524354364 0.0
-476.524354364 0.0
-475.524354364 0.0
-474.524354364 0.0
-473.524354364 0.0
-472.524354364 0.0
-471.524354364 0.0
-470.524354364 0.0
-469.524354364 0.0
-468.524354364 0.0
-467.524354364 0.0
-466.524354364 0.0
-465.524354364 0.0
-464.524354364 0.0
-463.524354364 0.0
-462.524354364 0.0
-461.524354364 0.0
-460.524354364 0.0
-459.524354364 0.0
-458.524354364 0.0
-457.524354364 0.0
-456.524354364 0.0
-455.524354364 0.0
-454.524354364 0.0
-453.524354364 0.0
-452.524354364 0.0
-451.524354364 0.0
-450.524354364 0.0
-449.524354364 0.0
-448.524354364 0.0
-447.524354364 0.0
-446.524354364 0.0
-445.524354364 0.0
-444.524354364 0.0
-443.524354364 0.0
-442.524354364 0.0
-441.524354364 0.0
-440.524354364 0.0
-439.524354364 0.0
-438.524354364 0.0
-437.524354364 0.0
-436.524354364 0.0
-435.524354364 0.0
-434.524354364 0.0
-433.524354364 0.0
-432.524354364 0.0
-431.524354364 0.0
-430.524354364 0.0
-429.524354364 0.0
-428.524354364 0.0
-427.524354364 0.0
-426.524354364 0.0
-425.524354364 0.0
-424.524354364 0.0
-423.524354364 0.0
-422.524354364 0.0
-421.524354364 0.0
-420.524354364 0.0
-419.524354364 0.0
-418.524354364 0.0
-417.524354364 0.0
-416.524354364 0.0
-415.524354364 0.0
-414.524354364 0.0
-413.524354364 0.0
-412.524354364 0.0
-411.524354364 0.0
-410.524354364 0.0
-409.524354364 0.0
-408.524354364 0.0
-407.524354364 0.0
-406.524354364 0.0
-405.524354364 0.0
-404.524354364 0.0
-403.524354364 0.0
-402.524354364 0.0
-401.524354364 0.0
-400.524354364 0.0
-399.524354364 0.0
-398.524354364 0.0
-397.524354364 0.0
-396.524354364 0.0
-395.524354364 0.0
-394.524354364 0.0
-393.524354364 0.0
-392.524354364 0.0
-391.524354364 0.0
-390.524354364 0.0
-389.524354364 0.0
-388.524354364 0.0
-387.524354364 0.0
-386.524354364 0.0
-385.524354364 0.0
-384.524354364 0.0
-383.524354364 0.0
-382.524354364 0.0
-381.524354364 0.0
-380.524354364 0.0
-379.524354364 0.0
-378.524354364 0.0
-377.524354364 0.0
-376.524354364 0.0
-375.524354364 0.0
-374.524354364 0.0
-373.524354364 0.0
-372.524354364 0.0
-371.524354364 0.0
-370.524354364 0.0
-369.524354364 0.0
-368.524354364 0.0
-367.524354364 0.0
-366.524354364 0.0
-365.524354364 0.0
-364.524354364 0.0
-363.524354364 0.0
-362.524354364 0.0
-361.524354364 0.0
-360.524354364 0.0
-359.524354364 0.0
-358.524354364 0.0
-357.524354364 0.0
-356.524354364 0.0
-355.524354364 0.0
-354.524354364 0.0
-353.524354364 0.0
-352.524354364 0.0
-351.524354364 0.0
-350.524354364 0.0
-349.524354364 0.0
-348.524354364 0.0
-347.524354364 0.0
-346.524354364 0.0
-345.524354364 0.0
-344.524354364 0.0
-343.524354364 0.0
-342.524354364 0.0
-341.524354364 0.0
-340.524354364 0.0
-339.524354364 0.0
-338.524354364 0.0
-337.524354364 0.0
-336.524354364 0.0
-335.524354364 0.0
-334.524354364 0.0
-333.524354364 0.0
-332.524354364 0.0
-331.524354364 0.0
-330.524354364 0.0
-329.524354364 0.0
-328.524354364 0.0
-327.524354364 0.0
-326.524354364 0.0
-325.524354364 0.0
-324.524354364 0.0
-323.524354364 0.0
-322.524354364 0.0
-321.524354364 0.0
-320.524354364 0.0
-319.524354364 0.0
-318.524354364 0.0
-317.524354364 0.0
-316.524354364 0.0
-315.524354364 0.0
-314.524354364 0.0
-313.524354364 0.0
-312.524354364 0.0
-311.524354364 0.0
-310.524354364 0.0
-309.524354364 0.0
-308.524354364 0.0
-307.524354364 0.0
-306.524354364 0.0
-305.524354364 0.0
-304.524354364 0.0
-303.524354364 0.0
-302.524354364 0.0
-301.524354364 0.0
-300.524354364 0.0
-299.524354364 0.0
-298.524354364 0.0
-297.524354364 0.0
-296.524354364 0.0
-295.524354364 0.0
-294.524354364 0.0
-293.524354364 0.0
-292.524354364 0.0
-291.524354364 0.0
-290.524354364 0.0
-289.524354364 0.0
-288.524354364 0.0
-287.524354364 0.0
-286.524354364 0.0
-285.524354364 0.0
-284.524354364 0.0
-283.524354364 0.0
-282.524354364 0.0
-281.524354364 0.0
-280.524354364 0.0
-279.524354364 0.0
-278.524354364 0.0
-277.524354364 0.0
-276.524354364 0.0
-275.524354364 0.0
-274.524354364 0.0
-273.524354364 0.0
-272.524354364 0.0
-271.524354364 0.0
-270.524354364 0.0
-269.524354364 0.0
-268.524354364 0.0
-267.524354364 0.0
-266.524354364 0.0
-265.524354364 0.0
-264.524354364 0.0
-263.524354364 0.0
-262.524354364 0.0
-261.524354364 0.0
-260.524354364 0.0
-259.524354364 0.0
-258.524354364 0.0
-257.524354364 0.0
-256.524354364 0.0
-255.524354364 0.0
-254.524354364 0.0
-253.524354364 0.0
-252.524354364 0.0
-251.524354364 0.0
-250.524354364 0.0
-249.524354364 0.0
-248.524354364 0.0
-247.524354364 0.0
-246.524354364 0.0
-245.524354364 0.0
-244.524354364 0.0
-243.524354364 0.0
-242.524354364 0.0
-241.524354364 0.0
-240.524354364 0.0
-239.524354364 0.0
-238.524354364 0.0
-237.524354364 0.0
-236.524354364 0.0
-235.524354364 0.0
-234.524354364 0.0
-233.524354364 0.0
-232.524354364 0.0
-231.524354364 0.0
-230.524354364 0.0
-229.524354364 0.0
-228.524354364 0.0
-227.524354364 0.0
-226.524354364 0.0
-225.524354364 0.0
-224.524354364 0.0
-223.524354364 0.0
-222.524354364 0.0
-221.524354364 0.0
-220.524354364 0.0
-219.524354364 0.0
-218.524354364 0.0
-217.524354364 0.0
-216.524354364 0.0
-215.524354364 0.0
-214.524354364 0.0
-213.524354364 0.0
-212.524354364 0.0
-211.524354364 0.0
-210.524354364 0.0
-209.524354364 0.0
-208.524354364 0.0
-207.524354364 0.0
-206.524354364 0.0
-205.524354364 0.0
-204.524354364 0.0
-203.524354364 0.0
-202.524354364 0.0
-201.524354364 0.0
-200.524354364 0.0
-199.524354364 0.0
-198.524354364 0.0
-197.524354364 0.0
-196.524354364 0.0
-195.524354364 0.0
-194.524354364 0.0
-193.524354364 0.0
-192.524354364 0.0
-191.524354364 0.0
-190.524354364 0.0
-189.524354364 0.0
-188.524354364 0.0
-187.524354364 0.0
-186.524354364 0.0
-185.524354364 0.0
-184.524354364 0.0
-183.524354364 0.0
-182.524354364 0.0
-181.524354364 0.0
-180.524354364 0.0
-179.524354364 0.0
-178.524354364 0.0
-177.524354364 0.0
-176.524354364 0.0
-175.524354364 0.0
-174.524354364 0.0
-173.524354364 0.0
-172.524354364 0.0
-171.524354364 0.0
-170.524354364 0.0
-169.524354364 0.0
-168.524354364 0.0
-167.524354364 0.0
-166.524354364 0.0
-165.524354364 0.0
-164.524354364 0.0
-163.524354364 0.0
-162.524354364 0.0
-161.524354364 0.0
-160.524354364 0.0
-159.524354364 0.0
-158.524354364 0.0
-157.524354364 0.0
-156.524354364 0.000000e+00
-155.87054593 0.000000e+00
-155.216737496 0.000000e+00
-154.562929062 0.000000e+00
-153.909120628 0.000000e+00
-153.255312194 0.000000e+00
-152.601503759 0.000000e+00
-151.947695325 0.000000e+00
-151.293886891 0.000000e+00
-150.640078457 0.000000e+00
-149.986270023 0.000000e+00
-149.332461589 0.000000e+00
-148.678653155 0.000000e+00
-148.02484472 0.000000e+00
-147.371036286 0.000000e+00
-146.717227852 0.000000e+00
-146.063419418 0.000000e+00
-145.409610984 0.000000e+00
-144.75580255 0.000000e+00
-144.101994116 0.000000e+00
-143.448185682 0.000000e+00
-142.794377247 0.000000e+00
-142.140568813 0.000000e+00
-141.486760379 0.000000e+00
-140.832951945 0.000000e+00
-140.179143511 0.000000e+00
-139.525335077 0.000000e+00
-138.871526643 0.000000e+00
-138.217718209 0.000000e+00
-137.563909774 0.000000e+00
-136.91010134 0.000000e+00
-136.256292906 0.000000e+00
-135.602484472 0.000000e+00
-134.948676038 0.000000e+00
-134.294867604 0.000000e+00
-133.64105917 0.000000e+00
-132.987250736 0.000000e+00
-132.333442301 0.000000e+00
-131.679633867 0.000000e+00
-131.025825433 0.000000e+00
-130.372016999 0.000000e+00
-129.064400131 0.000000e+00
-128.410591697 0.000000e+00
-127.756783263 0.000000e+00
-127.102974828 0.000000e+00
-126.449166394 0.000000e+00
-125.79535796 0.000000e+00
-125.141549526 0.000000e+00
-124.487741092 0.000000e+00
-123.833932658 0.000000e+00
-123.180124224 0.000000e+00
-122.526315789 0.000000e+00
-121.872507355 0.000000e+00
-121.218698921 0.000000e+00
-120.564890487 0.000000e+00
-119.911082053 0.000000e+00
-119.257273619 0.000000e+00
-118.603465185 0.000000e+00
-117.949656751 0.000000e+00
-117.295848316 0.000000e+00
-116.642039882 0.000000e+00
-115.988231448 0.000000e+00
-115.334423014 0.000000e+00
-114.68061458 0.000000e+00
-114.026806146 0.000000e+00
-113.372997712 0.000000e+00
-112.719189278 0.000000e+00
-112.065380843 0.000000e+00
-111.411572409 0.000000e+00
-110.757763975 0.000000e+00
-110.103955541 0.000000e+00
-109.450147107 0.000000e+00
-108.796338673 0.000000e+00
-108.142530239 0.000000e+00
-107.488721805 0.000000e+00
-106.83491337 0.000000e+00
-106.181104936 0.000000e+00
-105.527296502 0.000000e+00
-104.873488068 0.000000e+00
-104.219679634 0.000000e+00
-103.5658712 0.000000e+00
-102.912062766 0.000000e+00
-102.258254331 0.000000e+00
-101.604445897 0.000000e+00
-100.950637463 0.000000e+00
-100.296829029 0.000000e+00
-99.643020595 0.000000e+00
-98.9892121608 0.000000e+00
-98.3354037267 0.000000e+00
-97.6815952926 0.000000e+00
-97.0277868585 0.000000e+00
-96.3739784243 0.000000e+00
-95.7201699902 0.000000e+00
-95.0663615561 0.000000e+00
-94.4125531219 0.000000e+00
-93.7587446878 0.000000e+00
-93.1049362537 0.000000e+00
-92.4511278195 0.000000e+00
-91.7973193854 0.000000e+00
-91.1435109513 0.000000e+00
-90.4897025172 0.000000e+00
-89.835894083 0.000000e+00
-89.1820856489 0.000000e+00
-88.5282772148 0.000000e+00
-87.8744687806 0.000000e+00
-87.2206603465 0.000000e+00
-86.5668519124 0.000000e+00
-85.9130434783 0.000000e+00
-85.2592350441 0.000000e+00
-84.60542661 0.000000e+00
-83.9516181759 0.000000e+00
-83.2978097417 0.000000e+00
-82.6440013076 0.000000e+00
-81.9901928735 0.000000e+00
-81.3363844394 0.000000e+00
-80.6825760052 0.000000e+00
-80.0287675711 0.000000e+00
-79.374959137 0.000000e+00
-78.7211507028 0.000000e+00
-78.0673422687 0.000000e+00
-77.4135338346 0.000000e+00
-76.7597254005 0.000000e+00
-76.1059169663 0.000000e+00
-75.4521085322 0.000000e+00
-74.7983000981 0.000000e+00
-74.1444916639 0.000000e+00
-73.4906832298 0.000000e+00
-72.8368747957 0.000000e+00
-72.1830663616 0.000000e+00
-71.5292579274 0.000000e+00
-70.8754494933 0.000000e+00
-70.2216410592 0.000000e+00
-69.567832625 0.000000e+00
-68.9140241909 0.000000e+00
-68.2602157568 0.000000e+00
-67.6064073227 0.000000e+00
-66.9525988885 0.000000e+00
-66.2987904544 0.000000e+00
-65.6449820203 0.000000e+00
-64.9911735861 0.000000e+00
-64.337365152 0.000000e+00
-63.6835567179 0.000000e+00
-63.0297482838 0.000000e+00
-62.3759398496 0.000000e+00
-61.7221314155 0.000000e+00
-61.0683229814 0.000000e+00
-60.4145145472 0.000000e+00
-59.7607061131 0.000000e+00
-59.106897679 0.000000e+00
-58.4530892449 0.000000e+00
-57.7992808107 0.000000e+00
-57.1454723766 0.000000e+00
-56.4916639425 0.000000e+00
-55.8378555083 0.000000e+00
-55.1840470742 0.000000e+00
-54.5302386401 0.000000e+00
-53.8764302059 0.000000e+00
-53.2226217718 0.000000e+00
-52.5688133377 0.000000e+00
-51.9150049036 0.000000e+00
-51.2611964694 0.000000e+00
-50.6073880353 0.000000e+00
-49.9535796012 0.000000e+00
-49.299771167 0.000000e+00
-48.6459627329 0.000000e+00
-47.9921542988 0.000000e+00
-47.3383458647 0.000000e+00
-46.6845374305 0.000000e+00
-46.0307289964 0.000000e+00
-45.3769205623 0.000000e+00
-44.7231121281 0.000000e+00
-44.069303694 0.000000e+00
-43.4154952599 0.000000e+00
-42.7616868258 0.000000e+00
-42.1078783916 0.000000e+00
-41.4540699575 0.000000e+00
-40.8002615234 0.000000e+00
-40.1464530892 0.000000e+00
-39.4926446551 0.000000e+00
-38.838836221 0.000000e+00
-38.1850277869 0.000000e+00
-37.5312193527 0.000000e+00
-36.8774109186 0.000000e+00
-36.2236024845 0.000000e+00
-35.5697940503 0.000000e+00
-34.9159856162 0.000000e+00
-34.2621771821 0.000000e+00
-33.608368748 0.000000e+00
-32.9545603138 0.000000e+00
-32.3007518797 0.000000e+00
-31.6469434456 0.000000e+00
-30.9931350114 0.000000e+00
-30.3393265773 0.000000e+00
-29.6855181432 0.000000e+00
-29.0317097091 0.000000e+00
-28.3779012749 0.000000e+00
-27.7240928408 0.000000e+00
-27.0702844067 0.000000e+00
-26.4164759725 0.000000e+00
-25.7626675384 0.000000e+00
-25.1088591043 0.000000e+00
-24.4550506702 0.000000e+00
-23.801242236 0.000000e+00
-23.1474338019 0.000000e+00
-22.4936253678 0.000000e+00
-21.8398169336 0.000000e+00
-21.1860084995 0.000000e+00
-20.5322000654 0.000000e+00
-19.8783916313 0.000000e+00
-19.2245831971 0.000000e+00
-18.570774763 0.000000e+00
-17.9169663289 0.000000e+00
-17.2631578947 0.000000e+00
-16.6093494606 0.000000e+00
-15.9555410265 0.000000e+00
-15.3017325924 0.000000e+00
-14.6479241582 0.000000e+00
-13.9941157241 0.000000e+00
-13.34030729 0.000000e+00
-12.6864988558 0.000000e+00
-12.0326904217 0.000000e+00
-11.3788819876 0.000000e+00
-10.7250735534 0.000000e+00
-10.0712651193 0.000000e+00
-9.41745668519 0.000000e+00
-8.76364825106 0.000000e+00
-8.10983981693 0.000000e+00
-7.4560313828 0.000000e+00
-6.80222294868 0.000000e+00
-6.14841451455 0.000000e+00
-5.49460608042 0.000000e+00
-4.84079764629 0.000000e+00
-4.18698921216 0.000000e+00
-3.53318077803 0.000000e+00
-2.8793723439 0.000000e+00
-2.22556390977 0.000000e+00
-1.57175547565 0.000000e+00
-0.917947041517 2.549394e-01
-0.264138607388 0.000000e+00
0.389669826741 8.637023e-01
1.04347826087 1.000000e+00
1.697286695 7.943441e-01
2.35109512913 6.596639e-01
3.00490356326 4.998265e-01
3.65871199738 2.853965e-01
4.31252043151 0.000000e+00
4.96632886564 0.000000e+00
5.62013729977 0.000000e+00
6.2739457339 0.000000e+00
6.92775416803 0.000000e+00
7.58156260216 0.000000e+00
8.23537103629 0.000000e+00
8.88917947042 0.000000e+00
9.54298790454 0.000000e+00
10.1967963387 0.000000e+00
10.8506047728 0.000000e+00
11.5044132069 0.000000e+00
12.1582216411 0.000000e+00
12.8120300752 0.000000e+00
13.4658385093 0.000000e+00
14.1196469434 0.000000e+00
14.7734553776 0.000000e+00
15.4272638117 0.000000e+00
16.0810722458 0.000000e+00
16.73488068 0.000000e+00
17.3886891141 0.000000e+00
18.0424975482 0.000000e+00
18.6963059823 0.000000e+00
19.3501144165 0.000000e+00
20.0039228506 0.000000e+00
20.6577312847 0.000000e+00
21.3115397189 0.000000e+00
21.965348153 0.000000e+00
22.6191565871 0.000000e+00
23.2729650212 0.000000e+00
23.9267734554 0.000000e+00
24.5805818895 0.000000e+00
25.2343903236 0.000000e+00
25.8881987578 0.000000e+00
26.5420071919 0.000000e+00
27.195815626 0.000000e+00
27.8496240602 0.000000e+00
28.5034324943 0.000000e+00
29.1572409284 0.000000e+00
29.8110493625 0.000000e+00
30.4648577967 0.000000e+00
31.1186662308 0.000000e+00
31.7724746649 0.000000e+00
32.4262830991 0.000000e+00
33.0800915332 0.000000e+00
33.7338999673 0.000000e+00
34.3877084014 0.000000e+00
35.0415168356 0.000000e+00
35.6953252697 0.000000e+00
36.3491337038 0.000000e+00
37.002942138 0.000000e+00
37.6567505721 0.000000e+00
38.3105590062 0.000000e+00
38.9643674403 0.000000e+00
39.6181758745 0.000000e+00
40.2719843086 0.000000e+00
40.9257927427 0.000000e+00
41.5796011769 0.000000e+00
42.233409611 0.000000e+00
42.8872180451 0.000000e+00
43.5410264792 0.000000e+00
44.1948349134 0.000000e+00
44.8486433475 0.000000e+00
45.5024517816 0.000000e+00
46.1562602158 0.000000e+00
46.8100686499 0.000000e+00
47.463877084 0.000000e+00
48.1176855181 0.000000e+00
48.7714939523 0.000000e+00
49.4253023864 0.000000e+00
50.0791108205 0.000000e+00
50.7329192547 0.000000e+00
51.3867276888 0.000000e+00
52.0405361229 0.000000e+00
52.694344557 0.000000e+00
53.3481529912 0.000000e+00
54.0019614253 0.000000e+00
54.6557698594 0.000000e+00
55.3095782936 0.000000e+00
55.9633867277 0.000000e+00
56.6171951618 0.000000e+00
57.2710035959 0.000000e+00
57.9248120301 0.000000e+00
58.5786204642 0.000000e+00
59.2324288983 0.000000e+00
59.8862373325 0.000000e+00
60.5400457666 0.000000e+00
61.1938542007 0.000000e+00
61.8476626348 0.000000e+00
62.501471069 0.000000e+00
63.1552795031 0.000000e+00
63.8090879372 0.000000e+00
64.4628963714 0.000000e+00
65.1167048055 0.000000e+00
65.7705132396 0.000000e+00
66.4243216737 0.000000e+00
67.0781301079 0.000000e+00
67.731938542 0.000000e+00
68.3857469761 0.000000e+00
69.0395554103 0.000000e+00
69.6933638444 0.000000e+00
70.3471722785 0.000000e+00
71.0009807127 0.000000e+00
71.6547891468 0.000000e+00
72.3085975809 0.000000e+00
72.962406015 0.000000e+00
73.6162144492 0.000000e+00
74.2700228833 0.000000e+00
74.9238313174 0.000000e+00
75.5776397516 0.000000e+00
76.2314481857 0.000000e+00
76.8852566198 0.000000e+00
77.5390650539 0.000000e+00
78.1928734881 0.000000e+00
78.8466819222 0.000000e+00
79.5004903563 0.000000e+00
80.1542987905 0.000000e+00
80.8081072246 0.000000e+00
81.4619156587 0.000000e+00
82.1157240928 0.000000e+00
82.769532527 0.000000e+00
83.4233409611 0.000000e+00
84.0771493952 0.000000e+00
84.7309578294 0.000000e+00
85.3847662635 0.000000e+00
86.0385746976 0.000000e+00
86.6923831317 0.000000e+00
87.3461915659 0.000000e+00
88.0 0.000000e+00
88.6538084341 0.000000e+00
89.3076168683 0.000000e+00
89.9614253024 0.000000e+00
90.6152337365 0.000000e+00
91.2690421706 0.000000e+00
91.9228506048 0.000000e+00
92.5766590389 0.000000e+00
93.230467473 0.000000e+00
93.8842759072 0.000000e+00
94.5380843413 0.000000e+00
95.1918927754 0.000000e+00
95.8457012095 0.000000e+00
96.4995096437 0.000000e+00
97.1533180778 0.000000e+00
97.8071265119 0.000000e+00
98.4609349461 0.000000e+00
99.1147433802 0.000000e+00
99.7685518143 0.000000e+00
100.422360248 0.000000e+00
101.076168683 0.000000e+00
101.729977117 0.000000e+00
102.383785551 0.000000e+00
103.037593985 0.000000e+00
103.691402419 0.000000e+00
104.345210853 0.000000e+00
104.999019287 0.000000e+00
105.652827721 0.000000e+00
106.306636156 0.000000e+00
106.96044459 0.000000e+00
107.614253024 0.000000e+00
108.268061458 0.000000e+00
108.921869892 0.000000e+00
109.575678326 0.000000e+00
110.22948676 0.000000e+00
110.883295195 0.000000e+00
111.537103629 0.000000e+00
112.190912063 0.000000e+00
112.844720497 0.000000e+00
113.498528931 0.000000e+00
114.152337365 0.000000e+00
114.806145799 0.000000e+00
115.459954233 0.000000e+00
116.113762668 0.000000e+00
116.767571102 0.000000e+00
117.421379536 0.000000e+00
118.07518797 0.000000e+00
118.728996404 0.000000e+00
119.382804838 0.000000e+00
120.036613272 0.000000e+00
120.690421706 0.000000e+00
121.344230141 0.000000e+00
121.998038575 0.000000e+00
122.651847009 0.000000e+00
123.305655443 0.000000e+00
123.959463877 0.000000e+00
124.613272311 0.000000e+00
125.267080745 0.000000e+00
125.920889179 0.000000e+00
126.574697614 0.000000e+00
127.228506048 0.000000e+00
127.882314482 0.000000e+00
128.536122916 0.000000e+00
129.18993135 0.000000e+00
129.843739784 0.000000e+00
130.497548218 0.000000e+00
131.151356653 0.000000e+00
131.805165087 0.000000e+00
132.458973521 0.000000e+00
133.112781955 0.000000e+00
133.766590389 0.000000e+00
134.420398823 0.000000e+00
135.074207257 0.000000e+00
135.728015691 0.000000e+00
136.381824126 0.000000e+00
137.03563256 0.000000e+00
137.689440994 0.000000e+00
138.343249428 0.000000e+00
138.997057862 0.000000e+00
139.650866296 0.000000e+00
140.30467473 0.000000e+00
140.958483164 0.000000e+00
141.612291599 0.000000e+00
142.266100033 0.000000e+00
142.919908467 0.000000e+00
143.573716901 0.000000e+00
144.227525335 0.000000e+00
144.881333769 0.000000e+00
145.535142203 0.000000e+00
146.188950637 0.000000e+00
146.842759072 0.000000e+00
147.496567506 0.000000e+00
148.15037594 0.000000e+00
148.804184374 0.000000e+00
149.457992808 0.000000e+00
150.111801242 0.000000e+00
150.765609676 0.000000e+00
151.41941811 0.000000e+00
152.073226545 0.000000e+00
152.727034979 0.000000e+00
153.380843413 0.000000e+00
154.034651847 0.000000e+00
154.688460281 0.000000e+00
155.342268715 0.000000e+00
155.996077149 0.000000e+00
156.649885584 0.000000e+00
157.303694018 0.000000e+00
157.957502452 0.000000e+00
158.611310886 0.000000e+00
159.26511932 0.000000e+00
159.918927754 0.000000e+00
160.572736188 0.000000e+00
161.226544622 0.000000e+00
161.880353057 0.000000e+00
162.534161491 0.000000e+00
163.187969925 0.000000e+00
163.841778359 0.000000e+00
164.495586793 0.000000e+00
165.149395227 0.000000e+00
165.803203661 0.000000e+00
166.457012095 0.000000e+00
167.11082053 0.000000e+00
167.764628964 0.000000e+00
168.418437398 0.000000e+00
169.072245832 0.000000e+00
169.726054266 0.000000e+00
170.3798627 0.000000e+00
171.033671134 0.000000e+00
171.687479568 0.000000e+00
172.341288003 0.000000e+00
172.995096437 0.000000e+00
173.648904871 0.000000e+00
174.302713305 0.000000e+00
174.956521739 0.000000e+00
175.610330173 0.000000e+00
176.264138607 0.000000e+00
176.917947042 0.000000e+00
177.571755476 0.000000e+00
178.22556391 0.000000e+00
178.879372344 0.000000e+00
179.533180778 0.000000e+00
180.186989212 0.000000e+00
180.840797646 0.000000e+00
181.49460608 0.000000e+00
182.148414515 0.000000e+00
182.802222949 0.000000e+00
183.456031383 0.000000e+00
184.109839817 0.000000e+00
184.763648251 0.000000e+00
185.417456685 0.000000e+00
186.071265119 0.000000e+00
186.725073553 0.000000e+00
187.378881988 0.000000e+00
188.032690422 0.000000e+00
188.686498856 0.000000e+00
189.34030729 0.000000e+00
189.994115724 0.000000e+00
190.647924158 0.000000e+00
191.301732592 0.000000e+00
191.955541026 0.000000e+00
192.609349461 0.000000e+00
193.263157895 0.000000e+00
193.916966329 0.000000e+00
194.570774763 0.000000e+00
195.224583197 0.000000e+00
195.878391631 0.000000e+00
196.532200065 0.000000e+00
197.1860085 0.000000e+00
197.839816934 0.000000e+00
198.493625368 0.000000e+00
199.147433802 0.000000e+00
199.801242236 0.000000e+00
200.45505067 0.000000e+00
201.108859104 0.000000e+00
201.762667538 0.000000e+00
202.416475973 0.000000e+00
203.070284407 0.000000e+00
203.724092841 0.000000e+00
204.377901275 0.000000e+00
205.031709709 0.000000e+00
205.685518143 0.000000e+00
206.339326577 0.000000e+00
206.993135011 0.000000e+00
207.646943446 0.000000e+00
208.30075188 0.000000e+00
208.954560314 0.000000e+00
209.608368748 0.000000e+00
210.262177182 0.000000e+00
210.915985616 0.000000e+00
211.56979405 0.000000e+00
212.223602484 0.000000e+00
212.877410919 0.000000e+00
213.531219353 0.000000e+00
214.185027787 0.000000e+00
214.838836221 0.000000e+00
215.492644655 0.000000e+00
216.146453089 0.000000e+00
216.800261523 0.000000e+00
217.454069958 0.000000e+00
218.107878392 0.000000e+00
218.761686826 0.000000e+00
219.41549526 0.000000e+00
220.069303694 0.000000e+00
220.723112128 0.000000e+00
221.376920562 0.000000e+00
222.030728996 0.000000e+00
222.684537431 0.000000e+00
223.338345865 0.000000e+00
223.992154299 0.000000e+00
224.645962733 0.000000e+00
225.299771167 0.000000e+00
225.953579601 0.000000e+00
226.607388035 0.000000e+00
227.261196469 0.000000e+00
227.915004904 0.000000e+00
228.568813338 0.000000e+00
229.222621772 0.000000e+00
229.876430206 0.000000e+00
230.53023864 0.000000e+00
231.184047074 0.000000e+00
231.837855508 0.000000e+00
232.491663942 0.000000e+00
233.145472377 0.000000e+00
233.799280811 0.000000e+00
234.453089245 0.000000e+00
235.106897679 0.000000e+00
235.760706113 0.000000e+00
236.414514547 0.000000e+00
237.068322981 0.000000e+00
237.722131415 0.000000e+00
238.37593985 0.000000e+00
239.029748284 0.000000e+00
239.683556718 0.000000e+00
240.337365152 0.000000e+00
240.991173586 0.000000e+00
241.64498202 0.000000e+00
242.298790454 0.000000e+00
242.952598889 0.000000e+00
243.606407323 0.000000e+00
244.260215757 0.000000e+00
244.914024191 0.000000e+00
245.567832625 0.000000e+00
246.221641059 0.000000e+00
246.875449493 0.000000e+00
247.529257927 0.000000e+00
248.183066362 0.000000e+00
248.836874796 0.000000e+00
249.49068323 0.000000e+00
250.144491664 0.000000e+00
250.798300098 0.000000e+00
251.452108532 0.000000e+00
252.105916966 0.000000e+00
252.7597254 0.000000e+00
253.413533835 0.000000e+00
254.067342269 0.000000e+00
254.721150703 0.000000e+00
255.374959137 0.000000e+00
256.028767571 0.000000e+00
256.682576005 0.000000e+00
257.336384439 0.000000e+00
257.990192873 0.000000e+00
258.644001308 0.000000e+00
259.297809742 0.000000e+00
259.951618176 0.000000e+00
260.60542661 0.000000e+00
261.259235044 0.000000e+00
261.913043478 0.000000e+00
262.566851912 0.000000e+00
263.220660347 0.000000e+00
263.874468781 0.000000e+00
264.528277215 0.000000e+00
265.182085649 0.000000e+00
265.835894083 0.000000e+00
266.489702517 0.000000e+00
267.143510951 0.000000e+00
267.797319385 0.000000e+00
268.45112782 0.000000e+00
269.104936254 0.000000e+00
269.758744688 0.000000e+00
270.412553122 0.000000e+00
271.066361556 0.000000e+00
271.72016999 0.000000e+00
272.373978424 0.000000e+00
273.027786858 0.000000e+00
273.681595293 0.000000e+00
274.335403727 0.000000e+00
274.989212161 0.000000e+00
275.643020595 0.000000e+00
276.296829029 0.000000e+00
276.950637463 0.000000e+00
277.604445897 0.000000e+00
278.258254331 0.000000e+00
278.912062766 0.000000e+00
279.5658712 0.000000e+00
280.219679634 0.000000e+00
280.873488068 0.000000e+00
281.527296502 0.000000e+00
282.181104936 0.000000e+00
282.83491337 0.000000e+00
283.488721805 0.000000e+00
284.142530239 0.000000e+00
284.796338673 0.000000e+00
285.450147107 0.000000e+00
286.103955541 0.000000e+00
286.757763975 0.000000e+00
287.411572409 0.000000e+00
288.065380843 0.000000e+00
288.719189278 0.000000e+00
289.372997712 0.000000e+00
290.026806146 0.000000e+00
290.68061458 0.000000e+00
291.334423014 0.000000e+00
291.988231448 0.000000e+00
292.642039882 0.000000e+00
293.295848316 0.000000e+00
293.949656751 0.000000e+00
294.603465185 0.000000e+00
295.257273619 0.000000e+00
295.911082053 0.000000e+00
296.564890487 0.000000e+00
297.218698921 0.000000e+00
297.872507355 0.000000e+00
298.526315789 0.000000e+00
299.180124224 0.000000e+00
299.833932658 0.000000e+00
300.487741092 0.000000e+00
301.141549526 0.000000e+00
301.79535796 0.000000e+00
302.449166394 0.000000e+00
303.102974828 0.000000e+00
303.756783263 0.000000e+00
304.410591697 0.000000e+00
305.064400131 0.000000e+00
305.718208565 0.000000e+00
306.372016999 0.000000e+00
307.025825433 0.000000e+00
307.679633867 0.000000e+00
308.333442301 0.000000e+00
308.987250736 0.000000e+00
309.64105917 0.000000e+00
310.294867604 0.000000e+00
310.948676038 0.000000e+00
311.602484472 0.000000e+00
312.256292906 0.000000e+00
312.91010134 0.000000e+00
313.563909774 0.000000e+00
314.217718209 0.000000e+00
314.871526643 0.000000e+00
315.525335077 0.000000e+00
316.179143511 0.000000e+00
316.832951945 0.000000e+00
317.486760379 0.000000e+00
318.140568813 0.000000e+00
318.794377247 0.000000e+00
319.448185682 0.000000e+00
320.101994116 0.000000e+00
320.75580255 0.000000e+00
321.409610984 0.000000e+00
322.063419418 0.000000e+00
322.717227852 0.000000e+00
323.371036286 0.000000e+00
324.02484472 0.000000e+00
324.678653155 0.000000e+00
325.332461589 0.000000e+00
325.986270023 0.000000e+00
326.640078457 0.000000e+00
327.293886891 0.000000e+00
327.947695325 0.000000e+00
328.601503759 0.000000e+00
329.255312194 0.000000e+00
329.909120628 0.000000e+00
330.562929062 0.000000e+00
331.216737496 0.000000e+00
331.87054593 0.000000e+00
332.524354364 0.000000e+00
333.178162798 0.000000e+00
333.831971232 0.000000e+00
334.485779667 0.000000e+00
335.139588101 0.000000e+00
335.793396535 0.000000e+00
336.447204969 0.000000e+00
337.101013403 0.000000e+00
337.754821837 0.000000e+00
338.408630271 0.000000e+00
339.062438705 0.000000e+00
339.71624714 0.000000e+00
340.370055574 0.000000e+00
341.023864008 0.000000e+00
341.677672442 0.000000e+00
342.331480876 0.000000e+00
342.98528931 0.000000e+00
343.639097744 0.000000e+00
344.292906178 0.000000e+00
344.946714613 0.000000e+00
345.600523047 0.000000e+00
346.254331481 0.000000e+00
346.908139915 0.000000e+00
347.561948349 0.000000e+00
348.215756783 0.000000e+00
348.869565217 0.000000e+00
349.523373652 0.000000e+00
350.177182086 0.000000e+00
350.83099052 0.000000e+00
351.484798954 0.000000e+00
352.138607388 0.000000e+00
352.792415822 0.000000e+00
353.446224256 0.000000e+00
354.10003269 0.000000e+00
354.753841125 0.000000e+00
355.407649559 0.000000e+00
356.061457993 0.000000e+00
356.715266427 0.000000e+00
357.369074861 0.000000e+00
358.022883295 0.000000e+00
358.676691729 0.000000e+00
359.330500163 0.000000e+00
359.984308598 0.000000e+00
360.638117032 0.000000e+00
361.291925466 0.000000e+00
361.9457339 0.000000e+00
362.599542334 0.000000e+00
363.253350768 0.000000e+00
363.907159202 0.000000e+00
364.560967636 0.000000e+00
365.214776071 0.000000e+00
365.868584505 0.000000e+00
366.522392939 0.000000e+00
367.176201373 0.000000e+00
367.830009807 0.000000e+00
368.483818241 0.000000e+00
369.137626675 0.000000e+00
369.79143511 0.000000e+00
370.445243544 0.000000e+00
371.099051978 0.000000e+00
371.752860412 0.000000e+00
372.406668846 0.000000e+00
373.06047728 0.000000e+00
373.714285714 0.000000e+00
374.368094148 0.000000e+00
375.021902583 0.000000e+00
375.675711017 0.000000e+00
376.329519451 0.000000e+00
376.983327885 0.000000e+00
377.637136319 0.000000e+00
378.290944753 0.000000e+00
378.944753187 0.000000e+00
379.598561621 0.000000e+00
380.252370056 0.000000e+00
380.90617849 0.000000e+00
381.559986924 0.000000e+00
382.213795358 0.000000e+00
382.867603792 0.000000e+00
383.521412226 0.000000e+00
384.17522066 0.000000e+00
384.829029094 0.000000e+00
385.482837529 0.000000e+00
386.136645963 0.000000e+00
386.790454397 0.000000e+00
387.444262831 0.000000e+00
388.098071265 0.000000e+00
388.751879699 0.000000e+00
389.405688133 0.000000e+00
390.059496568 0.000000e+00
390.713305002 0.000000e+00
391.367113436 0.000000e+00
392.02092187 0.000000e+00
392.674730304 0.000000e+00
393.328538738 0.000000e+00
393.982347172 0.000000e+00
394.636155606 0.000000e+00
395.289964041 0.000000e+00
395.943772475 0.000000e+00
396.597580909 0.000000e+00
397.251389343 0.000000e+00
397.905197777 0.000000e+00
398.559006211 0.000000e+00
399.212814645 0.000000e+00
399.866623079 0.000000e+00
400.520431514 0.000000e+00
401.174239948 0.000000e+00
401.828048382 0.000000e+00
402.481856816 0.000000e+00
403.13566525 0.000000e+00
403.789473684 0.000000e+00
404.443282118 0.000000e+00
405.097090552 0.000000e+00
405.750898987 0.000000e+00
406.404707421 0.000000e+00
407.058515855 0.000000e+00
407.712324289 0.000000e+00
408.366132723 0.000000e+00
409.019941157 0.000000e+00
409.673749591 0.000000e+00
410.327558025 0.000000e+00
410.98136646 0.000000e+00
411.635174894 0.000000e+00
412.288983328 0.000000e+00
412.942791762 0.000000e+00
413.596600196 0.000000e+00
414.25040863 0.000000e+00
414.904217064 0.000000e+00
415.558025499 0.000000e+00
416.211833933 0.000000e+00
416.865642367 0.000000e+00
417.519450801 0.000000e+00
418.173259235 0.000000e+00
418.827067669 0.000000e+00
419.480876103 0.000000e+00
420.134684537 0.000000e+00
420.788492972 0.000000e+00
421.442301406 0.000000e+00
422.09610984 0.000000e+00
422.749918274 0.000000e+00
423.403726708 0.000000e+00
424.057535142 0.000000e+00
424.711343576 0.000000e+00
425.36515201 0.000000e+00
426.018960445 0.000000e+00
426.672768879 0.000000e+00
427.326577313 0.000000e+00
427.980385747 0.000000e+00
428.634194181 0.000000e+00
429.288002615 0.000000e+00
429.941811049 0.000000e+00
430.595619483 0.000000e+00
431.249427918 0.000000e+00
431.903236352 0.000000e+00
432.557044786 0.000000e+00
433.21085322 0.000000e+00
433.864661654 0.000000e+00
434.518470088 0.000000e+00
435.172278522 0.000000e+00
435.826086957 0.000000e+00
436.479895391 0.000000e+00
437.133703825 0.000000e+00
437.787512259 0.000000e+00
438.441320693 0.000000e+00
439.095129127 0.000000e+00
439.748937561 0.000000e+00
440.402745995 0.000000e+00
441.05655443 0.000000e+00
441.710362864 0.000000e+00
442.364171298 0.000000e+00
443.017979732 0.000000e+00
443.671788166 0.000000e+00
444.3255966 0.000000e+00
444.979405034 0.000000e+00
445.633213468 0.000000e+00
446.287021903 0.000000e+00
446.940830337 0.000000e+00
447.594638771 0.000000e+00
448.248447205 0.000000e+00
448.902255639 0.000000e+00
449.556064073 0.000000e+00
450.209872507 0.000000e+00
450.863680941 0.000000e+00
451.517489376 0.000000e+00
452.17129781 0.000000e+00
452.825106244 0.000000e+00
453.478914678 0.000000e+00
454.132723112 0.000000e+00
454.786531546 0.000000e+00
455.44033998 0.000000e+00
456.094148415 0.000000e+00
456.747956849 0.000000e+00
457.401765283 0.000000e+00
458.055573717 0.000000e+00
458.709382151 0.000000e+00
459.363190585 0.000000e+00
460.016999019 0.000000e+00
460.670807453 0.000000e+00
461.324615888 0.000000e+00
461.978424322 0.000000e+00
462.632232756 0.000000e+00
463.28604119 0.000000e+00
463.939849624 0.000000e+00
464.593658058 0.000000e+00
465.247466492 0.000000e+00
465.901274926 0.000000e+00
466.555083361 0.000000e+00
467.208891795 0.000000e+00
467.862700229 0.000000e+00
468.516508663 0.000000e+00
469.170317097 0.000000e+00
469.824125531 0.000000e+00
470.477933965 0.000000e+00
471.131742399 0.000000e+00
471.785550834 0.000000e+00
472.439359268 0.000000e+00
473.093167702 0.000000e+00
473.746976136 0.000000e+00
474.40078457 0.000000e+00
475.054593004 0.000000e+00
475.708401438 0.000000e+00
476.362209873 0.000000e+00
477.016018307 0.000000e+00
477.669826741 0.000000e+00
478.323635175 0.000000e+00
478.977443609 0.000000e+00
479.631252043 0.000000e+00
480.285060477 0.000000e+00
480.938868911 0.000000e+00
481.592677346 0.000000e+00
482.24648578 0.000000e+00
482.900294214 0.000000e+00
483.554102648 0.000000e+00
484.207911082 0.000000e+00
484.861719516 0.000000e+00
485.51552795 0.000000e+00
486.169336384 0.000000e+00
486.823144819 0.000000e+00
487.476953253 0.000000e+00
488.130761687 0.000000e+00
488.784570121 0.000000e+00
489.438378555 0.000000e+00
490.092186989 0.000000e+00
490.745995423 0.000000e+00
491.399803857 0.000000e+00
492.053612292 0.000000e+00
492.707420726 0.000000e+00
493.36122916 0.000000e+00
494.015037594 0.000000e+00
494.668846028 0.000000e+00
495.322654462 0.000000e+00
495.976462896 0.000000e+00
496.630271331 0.000000e+00
497.284079765 0.000000e+00
497.937888199 0.000000e+00
498.591696633 0.000000e+00
499.245505067 0.000000e+00
499.899313501 0.000000e+00
500.553121935 0.000000e+00
501.206930369 0.000000e+00
501.860738804 0.000000e+00
502.514547238 0.000000e+00
503.168355672 0.000000e+00
503.822164106 0.000000e+00
504.47597254 0.000000e+00
505.129780974 0.000000e+00
505.783589408 0.000000e+00
506.437397842 0.000000e+00
507.091206277 0.000000e+00
507.745014711 0.000000e+00
508.398823145 0.000000e+00
509.052631579 0.000000e+00
509.706440013 0.000000e+00
510.360248447 0.000000e+00
511.014056881 0.000000e+00
511.667865315 0.000000e+00
512.32167375 0.000000e+00
512.975482184 0.000000e+00
513.629290618 0.000000e+00
514.283099052 0.000000e+00
514.936907486 0.000000e+00
515.59071592 0.000000e+00
516.244524354 0.000000e+00
516.898332788 0.000000e+00
517.552141223 0.000000e+00
518.205949657 0.000000e+00
518.859758091 0.000000e+00
519.513566525 0.000000e+00
520.167374959 0.000000e+00
520.821183393 0.000000e+00
521.474991827 0.000000e+00
522.128800262 0.000000e+00
522.782608696 0.000000e+00
523.43641713 0.000000e+00
524.090225564 0.000000e+00
524.744033998 0.000000e+00
525.397842432 0.000000e+00
526.051650866 0.000000e+00
526.7054593 0.000000e+00
527.359267735 0.000000e+00
528.013076169 0.000000e+00
528.666884603 0.000000e+00
529.320693037 0.000000e+00
529.974501471 0.000000e+00
530.628309905 0.000000e+00
531.282118339 0.000000e+00
531.935926773 0.000000e+00
532.589735208 0.000000e+00
533.243543642 0.000000e+00
533.897352076 0.000000e+00
534.55116051 0.000000e+00
535.204968944 0.000000e+00
535.858777378 0.000000e+00
536.512585812 0.000000e+00
537.166394246 0.000000e+00
537.820202681 0.000000e+00
538.474011115 0.000000e+00
539.127819549 0.000000e+00
539.781627983 0.000000e+00
540.435436417 0.000000e+00
541.089244851 0.000000e+00
541.743053285 0.000000e+00
542.39686172 0.000000e+00
543.050670154 0.000000e+00
543.704478588 0.000000e+00
544.358287022 0.000000e+00
545.012095456 0.000000e+00
545.66590389 0.000000e+00
546.319712324 0.000000e+00
546.973520758 0.000000e+00
547.627329193 0.000000e+00
548.281137627 0.000000e+00
548.934946061 0.000000e+00
549.588754495 0.000000e+00
550.242562929 0.000000e+00
550.896371363 0.000000e+00
551.550179797 0.000000e+00
552.203988231 0.000000e+00
552.857796666 0.000000e+00
553.5116051 0.000000e+00
554.165413534 0.000000e+00
554.819221968 0.000000e+00
555.473030402 0.000000e+00
556.126838836 0.000000e+00
556.78064727 0.000000e+00
557.434455704 0.000000e+00
558.088264139 0.000000e+00
558.742072573 0.000000e+00
559.395881007 0.000000e+00
560.049689441 0.000000e+00
560.703497875 0.000000e+00
561.357306309 0.000000e+00
562.011114743 0.000000e+00
562.664923178 0.000000e+00
563.318731612 0.000000e+00
563.972540046 0.000000e+00
564.62634848 0.000000e+00
565.280156914 0.000000e+00
565.933965348 0.000000e+00
566.587773782 0.000000e+00
567.241582216 0.000000e+00
567.895390651 0.000000e+00
568.549199085 0.000000e+00
569.203007519 0.000000e+00
569.856815953 0.000000e+00
570.510624387 0.000000e+00
571.164432821 0.000000e+00
571.818241255 0.000000e+00
572.472049689 0.000000e+00
573.125858124 0.000000e+00
573.779666558 0.000000e+00
574.433474992 0.000000e+00
575.087283426 0.000000e+00
575.74109186 0.000000e+00
576.394900294 0.000000e+00
577.048708728 0.000000e+00
577.702517162 0.000000e+00
578.356325597 0.000000e+00
579.010134031 0.000000e+00
579.663942465 0.000000e+00
580.317750899 0.000000e+00
580.971559333 0.000000e+00
581.625367767 0.000000e+00
582.279176201 0.000000e+00
582.932984636 0.000000e+00
583.58679307 0.000000e+00
584.240601504 0.000000e+00
584.894409938 0.000000e+00
585.548218372 0.000000e+00
586.202026806 0.000000e+00
586.85583524 0.000000e+00
587.509643674 0.000000e+00
588.163452109 0.000000e+00
588.817260543 0.000000e+00
589.471068977 0.000000e+00
590.124877411 0.000000e+00
590.778685845 0.000000e+00
591.432494279 0.000000e+00
592.086302713 0.000000e+00
592.740111147 0.000000e+00
593.393919582 0.000000e+00
594.047728016 0.000000e+00
594.70153645 0.000000e+00
595.355344884 0.000000e+00
596.009153318 0.000000e+00
596.662961752 0.000000e+00
597.316770186 0.000000e+00
597.97057862 0.000000e+00
598.624387055 0.000000e+00
599.278195489 0.000000e+00
599.932003923 0.000000e+00
600.585812357 0.000000e+00
601.239620791 0.000000e+00
601.893429225 0.000000e+00
602.547237659 0.000000e+00
603.201046093 0.000000e+00
603.854854528 0.000000e+00
604.508662962 0.000000e+00
605.162471396 0.000000e+00
605.81627983 0.000000e+00
606.470088264 0.000000e+00
607.123896698 0.000000e+00
607.777705132 0.000000e+00
608.431513567 0.000000e+00
609.085322001 0.000000e+00
609.739130435 0.000000e+00
610.392938869 0.000000e+00
611.046747303 0.000000e+00
611.700555737 0.000000e+00
612.354364171 0.000000e+00
613.008172605 0.000000e+00
613.66198104 0.000000e+00
614.315789474 0.000000e+00
614.969597908 0.000000e+00
615.623406342 0.000000e+00
616.277214776 0.000000e+00
616.93102321 0.000000e+00
617.584831644 0.000000e+00
618.238640078 0.000000e+00
618.892448513 0.000000e+00
619.546256947 0.000000e+00
620.200065381 0.000000e+00
620.853873815 0.000000e+00
621.507682249 0.000000e+00
622.161490683 0.000000e+00
622.815299117 0.000000e+00
623.469107551 0.000000e+00
624.122915986 0.000000e+00
624.77672442 0.000000e+00
625.430532854 0.000000e+00
626.084341288 0.000000e+00
626.738149722 0.000000e+00
627.391958156 0.000000e+00
628.04576659 0.000000e+00
628.699575025 0.000000e+00
629.699575025 0.0
630.699575025 0.0
631.699575025 0.0
632.699575025 0.0
633.699575025 0.0
634.699575025 0.0
635.699575025 0.0
636.699575025 0.0
637.699575025 0.0
638.699575025 0.0
639.699575025 0.0
640.699575025 0.0
641.699575025 0.0
642.699575025 0.0
643.699575025 0.0
644.699575025 0.0
645.699575025 0.0
646.699575025 0.0
647.699575025 0.0
648.699575025 0.0
649.699575025 0.0
650.699575025 0.0
651.699575025 0.0
652.699575025 0.0
653.699575025 0.0
654.699575025 0.0
655.699575025 0.0
656.699575025 0.0
657.699575025 0.0
658.699575025 0.0
659.699575025 0.0
660.699575025 0.0
661.699575025 0.0
662.699575025 0.0
663.699575025 0.0
664.699575025 0.0
665.699575025 0.0
666.699575025 0.0
667.699575025 0.0
668.699575025 0.0
669.699575025 0.0
670.699575025 0.0
671.699575025 0.0
672.699575025 0.0
673.699575025 0.0
674.699575025 0.0
675.699575025 0.0
676.699575025 0.0
677.699575025 0.0
678.699575025 0.0
679.699575025 0.0
680.699575025 0.0
681.699575025 0.0
682.699575025 0.0
683.699575025 0.0
684.699575025 0.0
685.699575025 0.0
686.699575025 0.0
687.699575025 0.0
688.699575025 0.0
689.699575025 0.0
690.699575025 0.0
691.699575025 0.0
692.699575025 0.0
693.699575025 0.0
694.699575025 0.0
695.699575025 0.0
696.699575025 0.0
697.699575025 0.0
698.699575025 0.0
699.699575025 0.0
700.699575025 0.0
701.699575025 0.0
702.699575025 0.0
703.699575025 0.0
704.699575025 0.0
705.699575025 0.0
706.699575025 0.0
707.699575025 0.0
708.699575025 0.0
709.699575025 0.0
710.699575025 0.0
711.699575025 0.0
712.699575025 0.0
713.699575025 0.0
714.699575025 0.0
715.699575025 0.0
716.699575025 0.0
717.699575025 0.0
718.699575025 0.0
719.699575025 0.0
720.699575025 0.0
721.699575025 0.0
722.699575025 0.0
723.699575025 0.0
724.699575025 0.0
725.699575025 0.0
726.699575025 0.0
727.699575025 0.0
728.699575025 0.0
729.699575025 0.0
730.699575025 0.0
731.699575025 0.0
732.699575025 0.0
733.699575025 0.0
734.699575025 0.0
735.699575025 0.0
736.699575025 0.0
737.699575025 0.0
738.699575025 0.0
739.699575025 0.0
740.699575025 0.0
741.699575025 0.0
742.699575025 0.0
743.699575025 0.0
744.699575025 0.0
745.699575025 0.0
746.699575025 0.0
747.699575025 0.0
748.699575025 0.0
749.699575025 0.0
750.699575025 0.0
751.699575025 0.0
752.699575025 0.0
753.699575025 0.0
754.699575025 0.0
755.699575025 0.0
756.699575025 0.0
757.699575025 0.0
758.699575025 0.0
759.699575025 0.0
760.699575025 0.0
761.699575025 0.0
762.699575025 0.0
763.699575025 0.0
764.699575025 0.0
765.699575025 0.0
766.699575025 0.0
767.699575025 0.0
768.699575025 0.0
769.699575025 0.0
770.699575025 0.0
771.699575025 0.0
772.699575025 0.0
773.699575025 0.0
774.699575025 0.0
775.699575025 0.0
776.699575025 0.0
777.699575025 0.0
778.699575025 0.0
779.699575025 0.0
780.699575025 0.0
781.699575025 0.0
782.699575025 0.0
783.699575025 0.0
784.699575025 0.0
785.699575025 0.0
786.699575025 0.0
787.699575025 0.0
788.699575025 0.0
789.699575025 0.0
790.699575025 0.0
791.699575025 0.0
792.699575025 0.0
793.699575025 0.0
794.699575025 0.0
795.699575025 0.0
796.699575025 0.0
797.699575025 0.0
798.699575025 0.0
799.699575025 0.0
800.699575025 0.0
801.699575025 0.0
802.699575025 0.0
803.699575025 0.0
804.699575025 0.0
805.699575025 0.0
806.699575025 0.0
807.699575025 0.0
808.699575025 0.0
809.699575025 0.0
810.699575025 0.0
811.699575025 0.0
812.699575025 0.0
813.699575025 0.0
814.699575025 0.0
815.699575025 0.0
816.699575025 0.0
817.699575025 0.0
818.699575025 0.0
819.699575025 0.0
820.699575025 0.0
821.699575025 0.0
822.699575025 0.0
823.699575025 0.0
824.699575025 0.0
825.699575025 0.0
826.699575025 0.0
827.699575025 0.0
828.699575025 0.0
829.699575025 0.0
830.699575025 0.0
831.699575025 0.0
832.699575025 0.0
833.699575025 0.0
834.699575025 0.0
835.699575025 0.0
836.699575025 0.0
837.699575025 0.0
838.699575025 0.0
839.699575025 0.0
840.699575025 0.0
841.699575025 0.0
842.699575025 0.0
843.699575025 0.0
844.699575025 0.0
845.699575025 0.0
846.699575025 0.0
847.699575025 0.0
848.699575025 0.0
849.699575025 0.0
850.699575025 0.0
851.699575025 0.0
852.699575025 0.0
853.699575025 0.0
854.699575025 0.0
855.699575025 0.0
856.699575025 0.0
857.699575025 0.0
858.699575025 0.0
859.699575025 0.0
860.699575025 0.0
861.699575025 0.0
862.699575025 0.0
863.699575025 0.0
864.699575025 0.0
865.699575025 0.0
866.699575025 0.0
867.699575025 0.0
868.699575025 0.0
869.699575025 0.0
870.699575025 0.0
871.699575025 0.0
872.699575025 0.0
873.699575025 0.0
874.699575025 0.0
875.699575025 0.0
876.699575025 0.0
877.699575025 0.0
878.699575025 0.0
879.699575025 0.0
880.699575025 0.0
881.699575025 0.0
882.699575025 0.0
883.699575025 0.0
884.699575025 0.0
885.699575025 0.0
886.699575025 0.0
887.699575025 0.0
888.699575025 0.0
889.699575025 0.0
890.699575025 0.0
891.699575025 0.0
892.699575025 0.0
893.699575025 0.0
894.699575025 0.0
895.699575025 0.0
896.699575025 0.0
897.699575025 0.0
898.699575025 0.0
899.699575025 0.0
900.699575025 0.0
901.699575025 0.0
902.699575025 0.0
903.699575025 0.0
904.699575025 0.0
905.699575025 0.0
906.699575025 0.0
907.699575025 0.0
908.699575025 0.0
909.699575025 0.0
910.699575025 0.0
911.699575025 0.0
912.699575025 0.0
913.699575025 0.0
914.699575025 0.0
915.699575025 0.0
916.699575025 0.0
917.699575025 0.0
918.699575025 0.0
919.699575025 0.0
920.699575025 0.0
921.699575025 0.0
922.699575025 0.0
923.699575025 0.0
924.699575025 0.0
925.699575025 0.0
926.699575025 0.0
927.699575025 0.0
928.699575025 0.0
929.699575025 0.0
930.699575025 0.0
931.699575025 0.0
932.699575025 0.0
933.699575025 0.0
934.699575025 0.0
935.699575025 0.0
936.699575025 0.0
937.699575025 0.0
938.699575025 0.0
939.699575025 0.0
940.699575025 0.0
941.699575025 0.0
942.699575025 0.0
943.699575025 0.0
944.699575025 0.0
945.699575025 0.0
946.699575025 0.0
947.699575025 0.0
948.699575025 0.0
949.699575025 0.0
950.699575025 0.0
951.699575025 0.0
952.699575025 0.0
953.699575025 0.0
954.699575025 0.0
955.699575025 0.0
956.699575025 0.0
957.699575025 0.0
958.699575025 0.0
959.699575025 0.0
960.699575025 0.0
961.699575025 0.0
962.699575025 0.0
963.699575025 0.0
964.699575025 0.0
965.699575025 0.0
966.699575025 0.0
967.699575025 0.0
968.699575025 0.0
969.699575025 0.0
970.699575025 0.0
971.699575025 0.0
972.699575025 0.0
973.699575025 0.0
974.699575025 0.0
975.699575025 0.0
976.699575025 0.0
977.699575025 0.0
978.699575025 0.0
979.699575025 0.0
980.699575025 0.0
981.699575025 0.0
982.699575025 0.0
983.699575025 0.0
984.699575025 0.0
985.699575025 0.0
986.699575025 0.0
987.699575025 0.0
988.699575025 0.0
989.699575025 0.0
990.699575025 0.0
991.699575025 0.0
992.699575025 0.0
993.699575025 0.0
994.699575025 0.0
995.699575025 0.0
996.699575025 0.0
997.699575025 0.0
998.699575025 0.0
999.699575025 0.0
1000.69957502 0.0
1001.69957502 0.0
1002.69957502 0.0
1003.69957502 0.0
1004.69957502 0.0
1005.69957502 0.0
1006.69957502 0.0
1007.69957502 0.0
1008.69957502 0.0
1009.69957502 0.0
1010.69957502 0.0
1011.69957502 0.0
1012.69957502 0.0
1013.69957502 0.0
1014.69957502 0.0
1015.69957502 0.0
1016.69957502 0.0
1017.69957502 0.0
1018.69957502 0.0
1019.69957502 0.0
1020.69957502 0.0
1021.69957502 0.0
1022.69957502 0.0
1023.69957502 0.0
1024.69957502 0.0
1025.69957502 0.0
1026.69957502 0.0
1027.69957502 0.0
1028.69957502 0.0
1029.69957502 0.0
1030.69957502 0.0
1031.69957502 0.0
1032.69957502 0.0
1033.69957502 0.0
1034.69957502 0.0
1035.69957502 0.0
1036.69957502 0.0
1037.69957502 0.0
1038.69957502 0.0
1039.69957502 0.0
1040.69957502 0.0
1041.69957502 0.0
1042.69957502 0.0
1043.69957502 0.0
1044.69957502 0.0
1045.69957502 0.0
1046.69957502 0.0
1047.69957502 0.0
1048.69957502 0.0
1049.69957502 0.0
1050.69957502 0.0
1051.69957502 0.0
1052.69957502 0.0
1053.69957502 0.0
1054.69957502 0.0
1055.69957502 0.0
1056.69957502 0.0
1057.69957502 0.0
1058.69957502 0.0
1059.69957502 0.0
1060.69957502 0.0
1061.69957502 0.0
1062.69957502 0.0
1063.69957502 0.0
1064.69957502 0.0
1065.69957502 0.0
1066.69957502 0.0
1067.69957502 0.0
1068.69957502 0.0
1069.69957502 0.0
1070.69957502 0.0
1071.69957502 0.0
1072.69957502 0.0
1073.69957502 0.0
1074.69957502 0.0
1075.69957502 0.0
1076.69957502 0.0
1077.69957502 0.0
1078.69957502 0.0
1079.69957502 0.0
1080.69957502 0.0
1081.69957502 0.0
1082.69957502 0.0
1083.69957502 0.0
1084.69957502 0.0
1085.69957502 0.0
1086.69957502 0.0
1087.69957502 0.0
1088.69957502 0.0
1089.69957502 0.0
1090.69957502 0.0
1091.69957502 0.0
1092.69957502 0.0
1093.69957502 0.0
1094.69957502 0.0
1095.69957502 0.0
1096.69957502 0.0
1097.69957502 0.0
1098.69957502 0.0
1099.69957502 0.0
1100.69957502 0.0
1101.69957502 0.0
1102.69957502 0.0
1103.69957502 0.0
1104.69957502 0.0
1105.69957502 0.0
1106.69957502 0.0
1107.69957502 0.0
1108.69957502 0.0
1109.69957502 0.0
1110.69957502 0.0
1111.69957502 0.0
1112.69957502 0.0
1113.69957502 0.0
1114.69957502 0.0
1115.69957502 0.0
1116.69957502 0.0
1117.69957502 0.0
1118.69957502 0.0
1119.69957502 0.0
1120.69957502 0.0
1121.69957502 0.0
1122.69957502 0.0
1123.69957502 0.0
1124.69957502 0.0
1125.69957502 0.0
1126.69957502 0.0
1127.69957502 0.0
1128.69957502 0.0
