-620.796368888 0.0
-619.796368888 0.0
-618.796368888 0.0
-617.796368888 0.0
-616.796368888 0.0
-615.796368888 0.0
-614.796368888 0.0
-613.796368888 0.0
-612.796368888 0.0
-611.796368888 0.0
-610.796368888 0.0
-609.796368888 0.0
-608.796368888 0.0
-607.796368888 0.0
-606.796368888 0.0
-605.796368888 0.0
-604.796368888 0.0
-603.796368888 0.0
-602.796368888 0.0
-601.796368888 0.0
-600.796368888 0.0
-599.796368888 0.0
-598.796368888 0.0
-597.796368888 0.0
-596.796368888 0.0
-595.796368888 0.0
-594.796368888 0.0
-593.796368888 0.0
-592.796368888 0.0
-591.796368888 0.0
-590.796368888 0.0
-589.796368888 0.0
-588.796368888 0.0
-587.796368888 0.0
-586.796368888 0.0
-585.796368888 0.0
-584.796368888 0.0
-583.796368888 0.0
-582.796368888 0.0
-581.796368888 0.0
-580.796368888 0.0
-579.796368888 0.0
-578.796368888 0.0
-577.796368888 0.0
-576.796368888 0.0
-575.796368888 0.0
-574.796368888 0.0
-573.796368888 0.0
-572.796368888 0.0
-571.796368888 0.0
-570.796368888 0.0
-569.796368888 0.0
-568.796368888 0.0
-567.796368888 0.0
-566.796368888 0.0
-565.796368888 0.0
-564.796368888 0.0
-563.796368888 0.0
-562.796368888 0.0
-561.796368888 0.0
-560.796368888 0.0
-559.796368888 0.0
-558.796368888 0.0
-557.796368888 0.0
-556.796368888 0.0
-555.796368888 0.0
-554.796368888 0.0
-553.796368888 0.0
-552.796368888 0.0
-551.796368888 0.0
-550.796368888 0.0
-549.796368888 0.0
-548.796368888 0.0
-547.796368888 0.0
-546.796368888 0.0
-545.796368888 0.0
-544.796368888 0.0
-543.796368888 0.0
-542.796368888 0.0
-541.796368888 0.0
-540.796368888 0.0
-539.796368888 0.0
-538.796368888 0.0
-537.796368888 0.0
-536.796368888 0.0
-535.796368888 0.0
-534.796368888 0.0
-533.796368888 0.0
-532.796368888 0.0
-531.796368888 0.0
-530.796368888 0.0
-529.796368888 0.0
-528.796368888 0.0
-527.796368888 0.0
-526.796368888 0.0
-525.796368888 0.0
-524.796368888 0.0
-523.796368888 0.0
-522.796368888 0.0
-521.796368888 0.0
-520.796368888 0.0
-519.796368888 0.0
-518.796368888 0.0
-517.796368888 0.0
-516.796368888 0.0
-515.796368888 0.0
-514.796368888 0.0
-513.796368888 0.0
-512.796368888 0.0
-511.796368888 0.0
-510.796368888 0.0
-509.796368888 0.0
-508.796368888 0.0
-507.796368888 0.0
-506.796368888 0.0
-505.796368888 0.0
-504.796368888 0.0
-503.796368888 0.0
-502.796368888 0.0
-501.796368888 0.0
-500.796368888 0.0
-499.796368888 0.0
-498.796368888 0.0
-497.796368888 0.0
-496.796368888 0.0
-495.796368888 0.0
-494.796368888 0.0
-493.796368888 0.0
-492.796368888 0.0
-491.796368888 0.0
-490.796368888 0.0
-489.796368888 0.0
-488.796368888 0.0
-487.796368888 0.0
-486.796368888 0.0
-485.796368888 0.0
-484.796368888 0.0
-483.796368888 0.0
-482.796368888 0.0
-481.796368888 0.0
-480.796368888 0.0
-479.796368888 0.0
-478.796368888 0.0
-477.796368888 0.0
-476.796368888 0.0
-475.796368888 0.0
-474.796368888 0.0
-473.796368888 0.0
-472.796368888 0.0
-471.796368888 0.0
-470.796368888 0.0
-469.796368888 0.0
-468.796368888 0.0
-467.796368888 0.0
-466.796368888 0.0
-465.796368888 0.0
-464.796368888 0.0
-463.796368888 0.0
-462.796368888 0.0
-461.796368888 0.0
-460.796368888 0.0
-459.796368888 0.0
-458.796368888 0.0
-457.796368888 0.0
-456.796368888 0.0
-455.796368888 0.0
-454.796368888 0.0
-453.796368888 0.0
-452.796368888 0.0
-451.796368888 0.0
-450.796368888 0.0
-449.796368888 0.0
-448.796368888 0.0
-447.796368888 0.0
-446.796368888 0.0
-445.796368888 0.0
-444.796368888 0.0
-443.796368888 0.0
-442.796368888 0.0
-441.796368888 0.0
-440.796368888 0.0
-439.796368888 0.0
-438.796368888 0.0
-437.796368888 0.0
-436.796368888 0.0
-435.796368888 0.0
-434.796368888 0.0
-433.796368888 0.0
-432.796368888 0.0
-431.796368888 0.0
-430.796368888 0.0
-429.796368888 0.0
-428.796368888 0.0
-427.796368888 0.0
-426.796368888 0.0
-425.796368888 0.0
-424.796368888 0.0
-423.796368888 0.0
-422.796368888 0.0
-421.796368888 0.0
-420.796368888 0.0
-419.796368888 0.0
-418.796368888 0.0
-417.796368888 0.0
-416.796368888 0.0
-415.796368888 0.0
-414.796368888 0.0
-413.796368888 0.0
-412.796368888 0.0
-411.796368888 0.0
-410.796368888 0.0
-409.796368888 0.0
-408.796368888 0.0
-407.796368888 0.0
-406.796368888 0.0
-405.796368888 0.0
-404.796368888 0.0
-403.796368888 0.0
-402.796368888 0.0
-401.796368888 0.0
-400.796368888 0.0
-399.796368888 0.0
-398.796368888 0.0
-397.796368888 0.0
-396.796368888 0.0
-395.796368888 0.0
-394.796368888 0.0
-393.796368888 0.0
-392.796368888 0.0
-391.796368888 0.0
-390.796368888 0.0
-389.796368888 0.0
-388.796368888 0.0
-387.796368888 0.0
-386.796368888 0.0
-385.796368888 0.0
-384.796368888 0.0
-383.796368888 0.0
-382.796368888 0.0
-381.796368888 0.0
-380.796368888 0.0
-379.796368888 0.0
-378.796368888 0.0
-377.796368888 0.0
-376.796368888 0.0
-375.796368888 0.0
-374.796368888 0.0
-373.796368888 0.0
-372.796368888 0.0
-371.796368888 0.0
-370.796368888 0.0
-369.796368888 0.0
-368.796368888 0.0
-367.796368888 0.0
-366.796368888 0.0
-365.796368888 0.0
-364.796368888 0.0
-363.796368888 0.0
-362.796368888 0.0
-361.796368888 0.0
-360.796368888 0.0
-359.796368888 0.0
-358.796368888 0.0
-357.796368888 0.0
-356.796368888 0.0
-355.796368888 0.0
-354.796368888 0.0
-353.796368888 0.0
-352.796368888 0.0
-351.796368888 0.0
-350.796368888 0.0
-349.796368888 0.0
-348.796368888 0.0
-347.796368888 0.0
-346.796368888 0.0
-345.796368888 0.0
-344.796368888 0.0
-343.796368888 0.0
-342.796368888 0.0
-341.796368888 0.0
-340.796368888 0.0
-339.796368888 0.0
-338.796368888 0.0
-337.796368888 0.0
-336.796368888 0.0
-335.796368888 0.0
-334.796368888 0.0
-333.796368888 0.0
-332.796368888 0.0
-331.796368888 0.0
-330.796368888 0.0
-329.796368888 0.0
-328.796368888 0.0
-327.796368888 0.0
-326.796368888 0.0
-325.796368888 0.0
-324.796368888 0.0
-323.796368888 0.0
-322.796368888 0.0
-321.796368888 0.0
-320.796368888 0.0
-319.796368888 0.0
-318.796368888 0.0
-317.796368888 0.0
-316.796368888 0.0
-315.796368888 0.0
-314.796368888 0.0
-313.796368888 0.0
-312.796368888 0.0
-311.796368888 0.0
-310.796368888 0.0
-309.796368888 0.0
-308.796368888 0.0
-307.796368888 0.0
-306.796368888 0.0
-305.796368888 0.0
-304.796368888 0.0
-303.796368888 0.0
-302.796368888 0.0
-301.796368888 0.0
-300.796368888 0.0
-299.796368888 0.0
-298.796368888 0.0
-297.796368888 0.0
-296.796368888 0.0
-295.796368888 0.0
-294.796368888 0.0
-293.796368888 0.0
-292.796368888 0.0
-291.796368888 0.0
-290.796368888 0.0
-289.796368888 0.0
-288.796368888 0.0
-287.796368888 0.0
-286.796368888 0.0
-285.796368888 0.0
-284.796368888 0.0
-283.796368888 0.0
-282.796368888 0.0
-281.796368888 0.0
-280.796368888 0.0
-279.796368888 0.0
-278.796368888 0.0
-277.796368888 0.0
-276.796368888 0.0
-275.796368888 0.0
-274.796368888 0.0
-273.796368888 0.0
-272.796368888 0.0
-271.796368888 0.0
-270.796368888 0.0
-269.796368888 0.0
-268.796368888 0.0
-267.796368888 0.0
-266.796368888 0.0
-265.796368888 0.0
-264.796368888 0.0
-263.796368888 0.0
-262.796368888 0.0
-261.796368888 0.0
-260.796368888 0.0
-259.796368888 0.0
-258.796368888 0.0
-257.796368888 0.0
-256.796368888 0.0
-255.796368888 0.0
-254.796368888 0.0
-253.796368888 0.0
-252.796368888 0.0
-251.796368888 0.0
-250.796368888 0.0
-249.796368888 0.0
-248.796368888 0.0
-247.796368888 0.0
-246.796368888 0.0
-245.796368888 0.0
-244.796368888 0.0
-243.796368888 0.0
-242.796368888 0.0
-241.796368888 0.0
-240.796368888 0.0
-239.796368888 0.0
-238.796368888 0.0
-237.796368888 0.0
-236.796368888 0.0
-235.796368888 0.0
-234.796368888 0.0
-233.796368888 0.0
-232.796368888 0.0
-231.796368888 0.0
-230.796368888 0.0
-229.796368888 0.0
-228.796368888 0.0
-227.796368888 0.0
-226.796368888 0.0
-225.796368888 0.0
-224.796368888 0.0
-223.796368888 0.0
-222.796368888 0.0
-221.796368888 0.0
-220.796368888 0.0
-219.796368888 0.0
-218.796368888 0.0
-217.796368888 0.0
-216.796368888 0.0
-215.796368888 0.0
-214.796368888 0.0
-213.796368888 0.0
-212.796368888 0.0
-211.796368888 0.0
-210.796368888 0.0
-209.796368888 0.0
-208.796368888 0.0
-207.796368888 0.0
-206.796368888 0.0
-205.796368888 0.0
-204.796368888 0.0
-203.796368888 0.0
-202.796368888 0.0
-201.796368888 0.0
-200.796368888 0.0
-199.796368888 0.0
-198.796368888 0.0
-197.796368888 0.0
-196.796368888 0.0
-195.796368888 0.0
-194.796368888 0.0
-193.796368888 0.0
-192.796368888 0.0
-191.796368888 0.0
-190.796368888 0.0
-189.796368888 0.0
-188.796368888 0.0
-187.796368888 0.0
-186.796368888 0.0
-185.796368888 0.0
-184.796368888 0.0
-183.796368888 0.0
-182.796368888 0.0
-181.796368888 0.0
-180.796368888 0.0
-179.796368888 0.0
-178.796368888 0.0
-177.796368888 0.0
-176.796368888 0.0
-175.796368888 0.0
-174.796368888 0.0
-173.796368888 0.0
-172.796368888 0.0
-171.796368888 0.0
-170.796368888 0.0
-169.796368888 0.0
-168.796368888 0.0
-167.796368888 0.0
-166.796368888 0.0
-165.796368888 0.0
-164.796368888 0.0
-163.796368888 0.0
-162.796368888 0.0
-161.796368888 0.0
-160.796368888 0.0
-159.796368888 0.0
-158.796368888 0.0
-157.796368888 0.0
-156.796368888 0.0
-155.796368888 0.0
-154.796368888 0.0
-153.796368888 0.0
-152.796368888 0.0
-151.796368888 0.0
-150.796368888 0.0
-149.796368888 0.0
-148.796368888 0.0
-147.796368888 0.0
-146.796368888 0.0
-145.796368888 0.0
-144.796368888 0.0
-143.796368888 0.0
-142.796368888 0.0
-141.796368888 0.0
-140.796368888 0.0
-139.796368888 0.0
-138.796368888 0.0
-137.796368888 0.0
-136.796368888 0.0
-135.796368888 0.0
-134.796368888 0.0
-133.796368888 0.0
-132.796368888 0.0
-131.796368888 0.0
-130.796368888 0.0
-129.796368888 0.0
-128.796368888 0.0
-127.796368888 0.0
-126.796368888 0.0
-125.796368888 0.0
-124.796368888 0.0
-123.796368888 0.0
-122.796368888 0.0
-121.796368888 0.0
-120.796368888 0.000000e+00
-120.590055705 0.000000e+00
-120.383742521 0.000000e+00
-120.177429338 0.000000e+00
-119.971116154 0.000000e+00
-119.764802971 0.000000e+00
-119.558489787 0.000000e+00
-119.352176604 0.000000e+00
-119.145863421 0.000000e+00
-118.939550237 0.000000e+00
-118.733237054 0.000000e+00
-118.52692387 0.000000e+00
-118.320610687 0.000000e+00
-118.114297504 0.000000e+00
-117.90798432 0.000000e+00
-117.701671137 0.000000e+00
-117.495357953 0.000000e+00
-117.28904477 0.000000e+00
-117.082731587 0.000000e+00
-116.876418403 0.000000e+00
-116.67010522 0.000000e+00
-116.463792036 0.000000e+00
-116.257478853 0.000000e+00
-116.051165669 0.000000e+00
-115.844852486 0.000000e+00
-115.638539303 0.000000e+00
-115.432226119 0.000000e+00
-115.225912936 0.000000e+00
-115.019599752 0.000000e+00
-114.813286569 0.000000e+00
-114.606973386 0.000000e+00
-114.400660202 0.000000e+00
-114.194347019 0.000000e+00
-113.988033835 0.000000e+00
-113.781720652 0.000000e+00
-113.575407469 0.000000e+00
-113.369094285 0.000000e+00
-113.162781102 0.000000e+00
-112.956467918 0.000000e+00
-112.750154735 0.000000e+00
-112.543841551 0.000000e+00
-112.337528368 0.000000e+00
-112.131215185 0.000000e+00
-111.924902001 0.000000e+00
-111.718588818 0.000000e+00
-111.512275634 0.000000e+00
-111.305962451 0.000000e+00
-111.099649268 0.000000e+00
-110.893336084 0.000000e+00
-110.687022901 0.000000e+00
-110.480709717 0.000000e+00
-110.274396534 0.000000e+00
-110.068083351 0.000000e+00
-109.861770167 0.000000e+00
-109.655456984 0.000000e+00
-109.4491438 0.000000e+00
-109.242830617 0.000000e+00
-109.036517433 0.000000e+00
-108.83020425 0.000000e+00
-108.623891067 0.000000e+00
-108.417577883 0.000000e+00
-108.2112647 0.000000e+00
-108.004951516 0.000000e+00
-107.798638333 0.000000e+00
-107.59232515 0.000000e+00
-107.386011966 0.000000e+00
-107.179698783 0.000000e+00
-106.973385599 0.000000e+00
-106.767072416 0.000000e+00
-106.560759233 0.000000e+00
-106.354446049 0.000000e+00
-106.148132866 0.000000e+00
-105.941819682 0.000000e+00
-105.735506499 0.000000e+00
-105.529193315 0.000000e+00
-105.322880132 0.000000e+00
-105.116566949 0.000000e+00
-104.910253765 0.000000e+00
-104.703940582 0.000000e+00
-104.497627398 0.000000e+00
-104.291314215 0.000000e+00
-104.085001032 0.000000e+00
-103.878687848 0.000000e+00
-103.672374665 0.000000e+00
-103.466061481 0.000000e+00
-103.259748298 0.000000e+00
-103.053435115 0.000000e+00
-102.847121931 0.000000e+00
-102.640808748 0.000000e+00
-102.434495564 0.000000e+00
-102.228182381 0.000000e+00
-102.021869197 0.000000e+00
-101.815556014 0.000000e+00
-101.609242831 0.000000e+00
-101.402929647 0.000000e+00
-101.196616464 0.000000e+00
-100.99030328 0.000000e+00
-100.783990097 0.000000e+00
-100.577676914 0.000000e+00
-100.37136373 0.000000e+00
-100.165050547 0.000000e+00
-99.9587373633 0.000000e+00
-99.7524241799 0.000000e+00
-99.5461109965 0.000000e+00
-99.3397978131 0.000000e+00
-99.1334846297 0.000000e+00
-98.9271714463 0.000000e+00
-98.7208582628 0.000000e+00
-98.5145450794 0.000000e+00
-98.308231896 0.000000e+00
-98.1019187126 0.000000e+00
-97.8956055292 0.000000e+00
-97.6892923458 0.000000e+00
-97.4829791624 0.000000e+00
-97.276665979 0.000000e+00
-97.0703527955 0.000000e+00
-96.8640396121 0.000000e+00
-96.6577264287 0.000000e+00
-96.4514132453 0.000000e+00
-96.2451000619 0.000000e+00
-49.2056942439 0.000000e+00
-48.9993810604 0.000000e+00
-48.793067877 0.000000e+00
-48.5867546936 0.000000e+00
-48.3804415102 0.000000e+00
-48.1741283268 0.000000e+00
-47.9678151434 0.000000e+00
-47.76150196 0.000000e+00
-47.5551887766 0.000000e+00
-47.3488755932 0.000000e+00
-47.1425624097 0.000000e+00
-46.9362492263 0.000000e+00
-46.7299360429 0.000000e+00
-46.5236228595 0.000000e+00
-46.3173096761 0.000000e+00
-46.1109964927 0.000000e+00
-45.9046833093 0.000000e+00
-45.6983701259 0.000000e+00
-45.4920569424 0.000000e+00
-45.285743759 0.000000e+00
-45.0794305756 0.000000e+00
-44.8731173922 0.000000e+00
-44.6668042088 0.000000e+00
-44.4604910254 0.000000e+00
-44.254177842 0.000000e+00
-44.0478646586 0.000000e+00
-43.8415514751 0.000000e+00
-43.6352382917 0.000000e+00
-43.4289251083 0.000000e+00
-43.2226119249 0.000000e+00
-43.0162987415 0.000000e+00
-42.8099855581 0.000000e+00
-42.6036723747 0.000000e+00
-42.3973591913 0.000000e+00
-42.1910460078 0.000000e+00
-41.9847328244 0.000000e+00
-41.778419641 0.000000e+00
-41.5721064576 0.000000e+00
-41.3657932742 0.000000e+00
-41.1594800908 0.000000e+00
-40.9531669074 0.000000e+00
-40.746853724 0.000000e+00
-40.5405405405 0.000000e+00
-40.3342273571 0.000000e+00
-40.1279141737 0.000000e+00
-39.9216009903 0.000000e+00
-39.7152878069 0.000000e+00
-39.5089746235 0.000000e+00
-39.3026614401 0.000000e+00
-39.0963482567 0.000000e+00
-38.8900350732 0.000000e+00
-38.6837218898 0.000000e+00
-38.4774087064 0.000000e+00
-38.271095523 0.000000e+00
-38.0647823396 0.000000e+00
-37.8584691562 0.000000e+00
-37.6521559728 0.000000e+00
-37.4458427894 0.000000e+00
-37.2395296059 0.000000e+00
-37.0332164225 0.000000e+00
-36.8269032391 0.000000e+00
-36.6205900557 0.000000e+00
-36.4142768723 0.000000e+00
-36.2079636889 0.000000e+00
-36.0016505055 0.000000e+00
-35.7953373221 0.000000e+00
-35.5890241386 0.000000e+00
-35.3827109552 0.000000e+00
-35.1763977718 0.000000e+00
-34.9700845884 0.000000e+00
-34.763771405 0.000000e+00
-34.5574582216 0.000000e+00
-34.3511450382 0.000000e+00
-34.1448318548 0.000000e+00
-33.9385186713 0.000000e+00
-33.7322054879 0.000000e+00
-33.5258923045 0.000000e+00
-33.3195791211 0.000000e+00
-33.1132659377 0.000000e+00
-32.9069527543 0.000000e+00
-32.7006395709 0.000000e+00
-32.4943263875 0.000000e+00
-32.288013204 0.000000e+00
-32.0817000206 0.000000e+00
-31.8753868372 0.000000e+00
-31.6690736538 0.000000e+00
-31.4627604704 0.000000e+00
-31.256447287 0.000000e+00
-31.0501341036 0.000000e+00
-30.8438209202 0.000000e+00
-30.6375077367 0.000000e+00
-30.4311945533 0.000000e+00
-30.2248813699 0.000000e+00
-30.0185681865 0.000000e+00
-29.8122550031 0.000000e+00
-29.6059418197 0.000000e+00
-29.3996286363 0.000000e+00
-29.1933154529 0.000000e+00
-28.9870022694 0.000000e+00
-28.780689086 0.000000e+00
-28.5743759026 0.000000e+00
-28.3680627192 0.000000e+00
-28.1617495358 0.000000e+00
-27.9554363524 0.000000e+00
-27.749123169 0.000000e+00
-27.5428099856 0.000000e+00
-27.3364968021 0.000000e+00
-27.1301836187 0.000000e+00
-26.9238704353 0.000000e+00
-26.7175572519 0.000000e+00
-26.5112440685 0.000000e+00
-26.3049308851 0.000000e+00
-26.0986177017 0.000000e+00
-25.8923045183 0.000000e+00
-25.6859913348 0.000000e+00
-25.4796781514 0.000000e+00
-25.273364968 0.000000e+00
-25.0670517846 0.000000e+00
-24.8607386012 0.000000e+00
-24.6544254178 0.000000e+00
-24.4481122344 0.000000e+00
-24.241799051 0.000000e+00
-24.0354858675 0.000000e+00
-23.8291726841 0.000000e+00
-23.6228595007 0.000000e+00
-23.4165463173 0.000000e+00
-23.2102331339 0.000000e+00
-23.0039199505 0.000000e+00
-22.7976067671 0.000000e+00
-22.5912935837 0.000000e+00
-22.3849804002 0.000000e+00
-22.1786672168 0.000000e+00
-21.9723540334 0.000000e+00
-21.76604085 0.000000e+00
-21.5597276666 0.000000e+00
-21.3534144832 0.000000e+00
-21.1471012998 0.000000e+00
-20.9407881164 0.000000e+00
-20.7344749329 0.000000e+00
-20.5281617495 0.000000e+00
-20.3218485661 0.000000e+00
-20.1155353827 0.000000e+00
-19.9092221993 0.000000e+00
-19.7029090159 0.000000e+00
-19.4965958325 0.000000e+00
-19.2902826491 0.000000e+00
-19.0839694656 0.000000e+00
-18.8776562822 0.000000e+00
-18.6713430988 0.000000e+00
-18.4650299154 0.000000e+00
-18.258716732 0.000000e+00
-18.0524035486 0.000000e+00
-17.8460903652 0.000000e+00
-17.6397771818 0.000000e+00
-17.4334639983 0.000000e+00
-17.2271508149 0.000000e+00
-17.0208376315 0.000000e+00
-16.8145244481 0.000000e+00
-16.6082112647 0.000000e+00
-16.4018980813 0.000000e+00
-16.1955848979 0.000000e+00
-15.9892717145 0.000000e+00
-15.7829585311 0.000000e+00
-15.5766453476 0.000000e+00
-15.3703321642 0.000000e+00
-15.1640189808 0.000000e+00
-14.9577057974 0.000000e+00
-14.751392614 0.000000e+00
-14.5450794306 0.000000e+00
-14.3387662472 0.000000e+00
-14.1324530638 0.000000e+00
-13.9261398803 0.000000e+00
-13.7198266969 0.000000e+00
-13.5135135135 0.000000e+00
-13.3072003301 0.000000e+00
-13.1008871467 0.000000e+00
-12.8945739633 0.000000e+00
-12.6882607799 0.000000e+00
-12.4819475965 0.000000e+00
-12.275634413 0.000000e+00
-12.0693212296 0.000000e+00
-11.8630080462 0.000000e+00
-11.6566948628 0.000000e+00
-11.4503816794 0.000000e+00
-11.244068496 0.000000e+00
-11.0377553126 0.000000e+00
-10.8314421292 0.000000e+00
-10.6251289457 0.000000e+00
-10.4188157623 0.000000e+00
-10.2125025789 0.000000e+00
-10.0061893955 0.000000e+00
-9.79987621209 0.000000e+00
-9.59356302868 0.000000e+00
-9.38724984527 0.000000e+00
-9.18093666185 0.000000e+00
-8.97462347844 0.000000e+00
-8.76831029503 0.000000e+00
-8.56199711162 0.000000e+00
-8.3556839282 0.000000e+00
-8.14937074479 0.000000e+00
-7.94305756138 0.000000e+00
-7.73674437797 0.000000e+00
-7.53043119455 0.000000e+00
-7.32411801114 0.000000e+00
-7.11780482773 0.000000e+00
-6.91149164432 0.000000e+00
-6.7051784609 0.000000e+00
-6.49886527749 0.000000e+00
-6.29255209408 0.000000e+00
-6.08623891067 0.000000e+00
-5.87992572725 0.000000e+00
-5.67361254384 0.000000e+00
-5.46729936043 0.000000e+00
-5.26098617702 0.000000e+00
-5.0546729936 0.000000e+00
-4.84835981019 0.000000e+00
-4.64204662678 8.583904e-01
-4.43573344337 0.000000e+00
-4.22942025995 0.000000e+00
-4.02310707654 0.000000e+00
-3.81679389313 0.000000e+00
-3.61048070972 0.000000e+00
-3.4041675263 0.000000e+00
-3.19785434289 0.000000e+00
-2.99154115948 0.000000e+00
-2.78522797607 0.000000e+00
-2.57891479266 0.000000e+00
-2.37260160924 0.000000e+00
-2.16628842583 0.000000e+00
-1.95997524242 0.000000e+00
-1.75366205901 0.000000e+00
-1.54734887559 0.000000e+00
-1.34103569218 0.000000e+00
-1.13472250877 0.000000e+00
-0.928409325356 0.000000e+00
-0.722096141943 0.000000e+00
-0.515782958531 0.000000e+00
-0.309469775119 0.000000e+00
-0.103156591706 0.000000e+00
0.103156591706 0.000000e+00
0.309469775119 0.000000e+00
0.515782958531 0.000000e+00
0.722096141943 0.000000e+00
0.928409325356 0.000000e+00
1.13472250877 0.000000e+00
1.34103569218 0.000000e+00
1.54734887559 0.000000e+00
1.75366205901 0.000000e+00
1.95997524242 0.000000e+00
2.16628842583 8.752902e-01
2.37260160924 0.000000e+00
2.57891479266 0.000000e+00
2.78522797607 0.000000e+00
2.99154115948 0.000000e+00
3.19785434289 0.000000e+00
3.4041675263 0.000000e+00
3.61048070972 0.000000e+00
3.81679389313 0.000000e+00
4.02310707654 0.000000e+00
4.22942025995 0.000000e+00
4.43573344337 0.000000e+00
4.64204662678 0.000000e+00
4.84835981019 9.433775e-01
5.0546729936 0.000000e+00
5.26098617702 0.000000e+00
5.46729936043 0.000000e+00
5.67361254384 0.000000e+00
5.87992572725 0.000000e+00
6.08623891067 0.000000e+00
6.29255209408 0.000000e+00
6.49886527749 0.000000e+00
6.7051784609 0.000000e+00
6.91149164432 0.000000e+00
7.11780482773 0.000000e+00
7.32411801114 0.000000e+00
7.53043119455 0.000000e+00
7.73674437797 0.000000e+00
7.94305756138 0.000000e+00
8.14937074479 0.000000e+00
8.3556839282 0.000000e+00
8.56199711162 0.000000e+00
8.76831029503 0.000000e+00
8.97462347844 0.000000e+00
9.18093666185 0.000000e+00
9.38724984527 0.000000e+00
9.59356302868 0.000000e+00
9.79987621209 0.000000e+00
10.0061893955 0.000000e+00
10.2125025789 0.000000e+00
10.4188157623 0.000000e+00
10.6251289457 0.000000e+00
10.8314421292 9.353160e-01
11.0377553126 0.000000e+00
11.244068496 0.000000e+00
11.4503816794 0.000000e+00
11.6566948628 0.000000e+00
11.8630080462 0.000000e+00
12.0693212296 0.000000e+00
12.275634413 0.000000e+00
12.4819475965 0.000000e+00
12.6882607799 0.000000e+00
12.8945739633 0.000000e+00
13.1008871467 0.000000e+00
13.3072003301 0.000000e+00
13.5135135135 1.000000e+00
13.7198266969 0.000000e+00
13.9261398803 0.000000e+00
14.1324530638 9.285137e-01
14.3387662472 0.000000e+00
14.5450794306 0.000000e+00
14.751392614 0.000000e+00
14.9577057974 0.000000e+00
15.1640189808 0.000000e+00
15.3703321642 0.000000e+00
15.5766453476 0.000000e+00
15.7829585311 0.000000e+00
15.9892717145 0.000000e+00
16.1955848979 0.000000e+00
16.4018980813 0.000000e+00
16.6082112647 0.000000e+00
16.8145244481 0.000000e+00
17.0208376315 0.000000e+00
17.2271508149 0.000000e+00
17.4334639983 0.000000e+00
17.6397771818 0.000000e+00
17.8460903652 0.000000e+00
18.0524035486 0.000000e+00
18.258716732 0.000000e+00
18.4650299154 0.000000e+00
18.6713430988 0.000000e+00
18.8776562822 0.000000e+00
19.0839694656 0.000000e+00
19.2902826491 0.000000e+00
19.4965958325 0.000000e+00
19.7029090159 0.000000e+00
19.9092221993 0.000000e+00
20.1155353827 0.000000e+00
20.3218485661 0.000000e+00
20.5281617495 0.000000e+00
20.7344749329 0.000000e+00
20.9407881164 0.000000e+00
21.1471012998 0.000000e+00
21.3534144832 0.000000e+00
21.5597276666 0.000000e+00
21.76604085 0.000000e+00
21.9723540334 0.000000e+00
22.1786672168 0.000000e+00
22.3849804002 0.000000e+00
22.5912935837 0.000000e+00
22.7976067671 0.000000e+00
23.0039199505 0.000000e+00
23.2102331339 0.000000e+00
23.4165463173 0.000000e+00
23.6228595007 0.000000e+00
23.8291726841 0.000000e+00
24.0354858675 0.000000e+00
24.241799051 0.000000e+00
24.4481122344 0.000000e+00
24.6544254178 0.000000e+00
24.8607386012 0.000000e+00
25.0670517846 0.000000e+00
25.273364968 0.000000e+00
25.4796781514 0.000000e+00
25.6859913348 0.000000e+00
25.8923045183 0.000000e+00
26.0986177017 0.000000e+00
26.3049308851 0.000000e+00
26.5112440685 0.000000e+00
26.7175572519 0.000000e+00
26.9238704353 0.000000e+00
27.1301836187 0.000000e+00
27.3364968021 0.000000e+00
27.5428099856 0.000000e+00
27.749123169 0.000000e+00
27.9554363524 0.000000e+00
28.1617495358 0.000000e+00
28.3680627192 0.000000e+00
28.5743759026 0.000000e+00
28.780689086 0.000000e+00
28.9870022694 0.000000e+00
29.1933154529 0.000000e+00
29.3996286363 0.000000e+00
29.6059418197 0.000000e+00
29.8122550031 0.000000e+00
30.0185681865 0.000000e+00
30.2248813699 0.000000e+00
30.4311945533 0.000000e+00
30.6375077367 0.000000e+00
30.8438209202 0.000000e+00
31.0501341036 0.000000e+00
31.256447287 0.000000e+00
31.4627604704 0.000000e+00
31.6690736538 0.000000e+00
31.8753868372 0.000000e+00
32.0817000206 0.000000e+00
32.288013204 0.000000e+00
32.4943263875 0.000000e+00
32.7006395709 0.000000e+00
32.9069527543 0.000000e+00
33.1132659377 0.000000e+00
33.3195791211 0.000000e+00
33.5258923045 0.000000e+00
33.7322054879 0.000000e+00
33.9385186713 0.000000e+00
34.1448318548 0.000000e+00
34.3511450382 0.000000e+00
34.5574582216 0.000000e+00
34.763771405 0.000000e+00
34.9700845884 0.000000e+00
35.1763977718 0.000000e+00
35.3827109552 0.000000e+00
35.5890241386 0.000000e+00
35.7953373221 0.000000e+00
36.0016505055 0.000000e+00
36.2079636889 0.000000e+00
36.4142768723 0.000000e+00
36.6205900557 0.000000e+00
36.8269032391 0.000000e+00
37.0332164225 0.000000e+00
37.2395296059 0.000000e+00
37.4458427894 0.000000e+00
37.6521559728 0.000000e+00
37.8584691562 0.000000e+00
38.0647823396 0.000000e+00
38.271095523 0.000000e+00
38.4774087064 0.000000e+00
38.6837218898 0.000000e+00
38.8900350732 0.000000e+00
39.0963482567 0.000000e+00
39.3026614401 0.000000e+00
39.5089746235 0.000000e+00
39.7152878069 0.000000e+00
39.9216009903 0.000000e+00
40.1279141737 0.000000e+00
40.3342273571 0.000000e+00
40.5405405405 0.000000e+00
40.746853724 0.000000e+00
40.9531669074 0.000000e+00
41.1594800908 0.000000e+00
41.3657932742 0.000000e+00
41.5721064576 0.000000e+00
41.778419641 0.000000e+00
41.9847328244 0.000000e+00
42.1910460078 0.000000e+00
42.3973591913 0.000000e+00
42.6036723747 0.000000e+00
42.8099855581 0.000000e+00
43.0162987415 0.000000e+00
43.2226119249 0.000000e+00
43.4289251083 0.000000e+00
43.6352382917 0.000000e+00
43.8415514751 0.000000e+00
44.0478646586 0.000000e+00
44.254177842 0.000000e+00
44.4604910254 0.000000e+00
44.6668042088 0.000000e+00
44.8731173922 0.000000e+00
45.0794305756 0.000000e+00
45.285743759 0.000000e+00
45.4920569424 0.000000e+00
45.6983701259 0.000000e+00
45.9046833093 0.000000e+00
46.1109964927 0.000000e+00
46.3173096761 0.000000e+00
46.5236228595 0.000000e+00
46.7299360429 0.000000e+00
46.9362492263 0.000000e+00
47.1425624097 0.000000e+00
47.3488755932 0.000000e+00
47.5551887766 0.000000e+00
47.76150196 0.000000e+00
47.9678151434 0.000000e+00
48.1741283268 0.000000e+00
48.3804415102 0.000000e+00
48.5867546936 0.000000e+00
48.793067877 0.000000e+00
48.9993810604 0.000000e+00
49.2056942439 0.000000e+00
49.4120074273 0.000000e+00
49.6183206107 0.000000e+00
49.8246337941 0.000000e+00
50.0309469775 0.000000e+00
50.2372601609 8.740475e-01
50.4435733443 0.000000e+00
50.6498865277 0.000000e+00
50.8561997112 0.000000e+00
51.0625128946 0.000000e+00
51.268826078 0.000000e+00
51.4751392614 0.000000e+00
51.6814524448 0.000000e+00
51.8877656282 0.000000e+00
52.0940788116 0.000000e+00
52.300391995 0.000000e+00
52.5067051785 0.000000e+00
52.7130183619 0.000000e+00
52.9193315453 0.000000e+00
53.1256447287 0.000000e+00
53.3319579121 0.000000e+00
53.5382710955 0.000000e+00
53.7445842789 0.000000e+00
53.9508974623 0.000000e+00
54.1572106458 0.000000e+00
54.3635238292 0.000000e+00
54.5698370126 0.000000e+00
54.776150196 0.000000e+00
54.9824633794 0.000000e+00
55.1887765628 0.000000e+00
55.3950897462 0.000000e+00
55.6014029296 0.000000e+00
55.8077161131 0.000000e+00
56.0140292965 0.000000e+00
56.2203424799 0.000000e+00
56.4266556633 0.000000e+00
56.6329688467 0.000000e+00
56.8392820301 0.000000e+00
57.0455952135 0.000000e+00
57.2519083969 0.000000e+00
57.4582215804 0.000000e+00
57.6645347638 0.000000e+00
57.8708479472 0.000000e+00
58.0771611306 0.000000e+00
58.283474314 0.000000e+00
58.4897874974 0.000000e+00
58.6961006808 0.000000e+00
58.9024138642 0.000000e+00
59.1087270477 0.000000e+00
59.3150402311 0.000000e+00
59.5213534145 0.000000e+00
59.7276665979 0.000000e+00
59.9339797813 0.000000e+00
60.1402929647 0.000000e+00
60.3466061481 0.000000e+00
60.5529193315 0.000000e+00
60.759232515 0.000000e+00
60.9655456984 0.000000e+00
61.1718588818 0.000000e+00
61.3781720652 0.000000e+00
61.5844852486 0.000000e+00
61.790798432 0.000000e+00
61.9971116154 0.000000e+00
62.2034247988 0.000000e+00
62.4097379823 0.000000e+00
62.6160511657 0.000000e+00
62.8223643491 0.000000e+00
63.0286775325 0.000000e+00
63.2349907159 0.000000e+00
63.4413038993 0.000000e+00
63.6476170827 0.000000e+00
63.8539302661 0.000000e+00
64.0602434496 0.000000e+00
64.266556633 0.000000e+00
64.4728698164 0.000000e+00
64.6791829998 0.000000e+00
64.8854961832 0.000000e+00
65.0918093666 0.000000e+00
65.29812255 0.000000e+00
65.5044357334 0.000000e+00
65.7107489169 0.000000e+00
65.9170621003 0.000000e+00
66.1233752837 0.000000e+00
66.3296884671 0.000000e+00
66.5360016505 0.000000e+00
66.7423148339 0.000000e+00
66.9486280173 0.000000e+00
67.1549412007 0.000000e+00
67.3612543842 0.000000e+00
67.5675675676 0.000000e+00
67.773880751 0.000000e+00
67.9801939344 0.000000e+00
68.1865071178 0.000000e+00
68.3928203012 0.000000e+00
68.5991334846 0.000000e+00
68.805446668 0.000000e+00
69.0117598515 0.000000e+00
69.2180730349 0.000000e+00
69.4243862183 0.000000e+00
69.6306994017 0.000000e+00
69.8370125851 0.000000e+00
70.0433257685 0.000000e+00
70.2496389519 0.000000e+00
70.4559521353 0.000000e+00
70.6622653188 0.000000e+00
70.8685785022 0.000000e+00
71.0748916856 0.000000e+00
71.281204869 0.000000e+00
71.4875180524 0.000000e+00
71.6938312358 0.000000e+00
71.9001444192 0.000000e+00
72.1064576026 0.000000e+00
72.3127707861 0.000000e+00
72.5190839695 0.000000e+00
72.7253971529 0.000000e+00
72.9317103363 0.000000e+00
73.1380235197 0.000000e+00
73.3443367031 0.000000e+00
73.5506498865 0.000000e+00
73.7569630699 0.000000e+00
73.9632762534 0.000000e+00
74.1695894368 0.000000e+00
74.3759026202 0.000000e+00
74.5822158036 0.000000e+00
74.788528987 0.000000e+00
74.9948421704 0.000000e+00
75.2011553538 0.000000e+00
75.4074685372 0.000000e+00
75.6137817207 0.000000e+00
75.8200949041 0.000000e+00
76.0264080875 0.000000e+00
76.2327212709 0.000000e+00
76.4390344543 0.000000e+00
76.6453476377 0.000000e+00
76.8516608211 0.000000e+00
77.0579740045 0.000000e+00
77.264287188 0.000000e+00
77.4706003714 0.000000e+00
77.6769135548 0.000000e+00
77.8832267382 0.000000e+00
78.0895399216 0.000000e+00
78.295853105 0.000000e+00
78.5021662884 0.000000e+00
78.7084794718 0.000000e+00
78.9147926553 0.000000e+00
79.1211058387 0.000000e+00
79.3274190221 0.000000e+00
79.5337322055 0.000000e+00
79.7400453889 0.000000e+00
79.9463585723 0.000000e+00
80.1526717557 0.000000e+00
80.3589849391 0.000000e+00
80.5652981226 0.000000e+00
80.771611306 0.000000e+00
80.9779244894 0.000000e+00
81.1842376728 0.000000e+00
81.3905508562 0.000000e+00
81.5968640396 0.000000e+00
81.803177223 0.000000e+00
82.0094904064 0.000000e+00
82.2158035898 0.000000e+00
82.4221167733 0.000000e+00
82.6284299567 0.000000e+00
82.8347431401 0.000000e+00
83.0410563235 0.000000e+00
83.2473695069 0.000000e+00
83.4536826903 0.000000e+00
83.6599958737 0.000000e+00
83.8663090571 0.000000e+00
84.0726222406 0.000000e+00
84.278935424 0.000000e+00
84.4852486074 0.000000e+00
84.6915617908 0.000000e+00
84.8978749742 0.000000e+00
85.1041881576 0.000000e+00
85.310501341 0.000000e+00
85.5168145244 0.000000e+00
85.7231277079 0.000000e+00
85.9294408913 0.000000e+00
86.1357540747 0.000000e+00
86.3420672581 0.000000e+00
86.5483804415 0.000000e+00
86.7546936249 0.000000e+00
86.9610068083 0.000000e+00
87.1673199917 0.000000e+00
87.3736331752 0.000000e+00
87.5799463586 0.000000e+00
87.786259542 0.000000e+00
87.9925727254 0.000000e+00
88.1988859088 0.000000e+00
88.4051990922 0.000000e+00
88.6115122756 0.000000e+00
88.817825459 0.000000e+00
89.0241386425 0.000000e+00
89.2304518259 0.000000e+00
89.4367650093 0.000000e+00
89.6430781927 0.000000e+00
89.8493913761 0.000000e+00
90.0557045595 0.000000e+00
90.2620177429 0.000000e+00
90.4683309263 0.000000e+00
90.6746441098 0.000000e+00
90.8809572932 0.000000e+00
91.0872704766 0.000000e+00
91.29358366 0.000000e+00
91.4998968434 0.000000e+00
91.7062100268 0.000000e+00
91.9125232102 0.000000e+00
92.1188363936 0.000000e+00
92.3251495771 0.000000e+00
92.5314627605 0.000000e+00
92.7377759439 0.000000e+00
92.9440891273 0.000000e+00
93.1504023107 0.000000e+00
93.3567154941 0.000000e+00
93.5630286775 0.000000e+00
93.7693418609 0.000000e+00
93.9756550444 0.000000e+00
94.1819682278 0.000000e+00
94.3882814112 0.000000e+00
94.5945945946 0.000000e+00
94.800907778 0.000000e+00
95.0072209614 0.000000e+00
95.2135341448 0.000000e+00
95.4198473282 0.000000e+00
95.6261605117 0.000000e+00
95.8324736951 0.000000e+00
96.0387868785 0.000000e+00
96.2451000619 0.000000e+00
96.4514132453 0.000000e+00
96.6577264287 0.000000e+00
96.8640396121 0.000000e+00
97.0703527955 0.000000e+00
97.276665979 0.000000e+00
97.4829791624 0.000000e+00
97.6892923458 0.000000e+00
97.8956055292 0.000000e+00
98.1019187126 0.000000e+00
98.308231896 0.000000e+00
98.5145450794 0.000000e+00
98.7208582628 0.000000e+00
98.9271714463 0.000000e+00
99.1334846297 0.000000e+00
99.3397978131 0.000000e+00
99.5461109965 0.000000e+00
99.7524241799 0.000000e+00
99.9587373633 0.000000e+00
100.165050547 0.000000e+00
100.37136373 0.000000e+00
100.577676914 0.000000e+00
100.783990097 0.000000e+00
100.99030328 0.000000e+00
101.196616464 0.000000e+00
101.402929647 0.000000e+00
101.609242831 0.000000e+00
101.815556014 0.000000e+00
102.021869197 0.000000e+00
102.228182381 0.000000e+00
102.434495564 0.000000e+00
102.640808748 0.000000e+00
102.847121931 0.000000e+00
103.053435115 0.000000e+00
103.259748298 0.000000e+00
103.466061481 0.000000e+00
103.672374665 0.000000e+00
103.878687848 0.000000e+00
104.085001032 0.000000e+00
104.291314215 0.000000e+00
104.497627398 0.000000e+00
104.703940582 0.000000e+00
104.910253765 0.000000e+00
105.116566949 0.000000e+00
105.322880132 0.000000e+00
105.529193315 0.000000e+00
105.735506499 0.000000e+00
105.941819682 0.000000e+00
106.148132866 0.000000e+00
106.354446049 0.000000e+00
106.560759233 0.000000e+00
106.767072416 0.000000e+00
106.973385599 0.000000e+00
107.179698783 0.000000e+00
107.386011966 0.000000e+00
107.59232515 0.000000e+00
107.798638333 0.000000e+00
108.004951516 0.000000e+00
108.2112647 0.000000e+00
108.417577883 0.000000e+00
108.623891067 0.000000e+00
108.83020425 0.000000e+00
109.036517433 0.000000e+00
109.242830617 0.000000e+00
109.4491438 0.000000e+00
109.655456984 0.000000e+00
109.861770167 0.000000e+00
110.068083351 0.000000e+00
110.274396534 0.000000e+00
110.480709717 0.000000e+00
110.687022901 0.000000e+00
110.893336084 0.000000e+00
111.099649268 0.000000e+00
111.305962451 0.000000e+00
111.512275634 0.000000e+00
111.718588818 0.000000e+00
111.924902001 0.000000e+00
112.131215185 0.000000e+00
112.337528368 0.000000e+00
112.543841551 0.000000e+00
112.750154735 0.000000e+00
112.956467918 0.000000e+00
113.162781102 0.000000e+00
113.369094285 0.000000e+00
113.575407469 0.000000e+00
113.781720652 0.000000e+00
113.988033835 0.000000e+00
114.194347019 0.000000e+00
114.400660202 0.000000e+00
114.606973386 0.000000e+00
114.813286569 0.000000e+00
115.019599752 0.000000e+00
115.225912936 0.000000e+00
115.432226119 0.000000e+00
115.638539303 0.000000e+00
115.844852486 0.000000e+00
116.051165669 0.000000e+00
116.257478853 0.000000e+00
116.463792036 0.000000e+00
116.67010522 0.000000e+00
116.876418403 0.000000e+00
117.082731587 0.000000e+00
117.28904477 0.000000e+00
117.495357953 0.000000e+00
117.701671137 0.000000e+00
117.90798432 0.000000e+00
118.114297504 0.000000e+00
118.320610687 0.000000e+00
118.52692387 0.000000e+00
118.733237054 0.000000e+00
118.939550237 0.000000e+00
119.145863421 0.000000e+00
119.352176604 0.000000e+00
119.558489787 0.000000e+00
119.764802971 0.000000e+00
119.971116154 0.000000e+00
120.177429338 0.000000e+00
120.383742521 0.000000e+00
120.590055705 0.000000e+00
120.796368888 0.000000e+00
121.002682071 0.000000e+00
121.208995255 0.000000e+00
121.415308438 0.000000e+00
121.621621622 0.000000e+00
121.827934805 0.000000e+00
122.034247988 0.000000e+00
122.240561172 0.000000e+00
122.446874355 0.000000e+00
122.653187539 0.000000e+00
122.859500722 0.000000e+00
123.065813906 0.000000e+00
123.272127089 0.000000e+00
123.478440272 0.000000e+00
123.684753456 0.000000e+00
123.891066639 0.000000e+00
124.097379823 0.000000e+00
124.303693006 0.000000e+00
124.510006189 0.000000e+00
124.716319373 0.000000e+00
124.922632556 0.000000e+00
125.12894574 0.000000e+00
125.335258923 0.000000e+00
125.541572106 0.000000e+00
125.74788529 0.000000e+00
125.954198473 0.000000e+00
126.160511657 0.000000e+00
126.36682484 0.000000e+00
126.573138024 0.000000e+00
126.779451207 0.000000e+00
126.98576439 0.000000e+00
127.192077574 0.000000e+00
127.398390757 0.000000e+00
127.604703941 0.000000e+00
127.811017124 0.000000e+00
128.017330307 0.000000e+00
128.223643491 0.000000e+00
128.429956674 0.000000e+00
128.636269858 0.000000e+00
128.842583041 0.000000e+00
129.048896224 0.000000e+00
129.255209408 0.000000e+00
129.461522591 0.000000e+00
129.667835775 0.000000e+00
129.874148958 0.000000e+00
130.080462142 0.000000e+00
130.286775325 0.000000e+00
130.493088508 0.000000e+00
130.699401692 0.000000e+00
130.905714875 0.000000e+00
131.112028059 0.000000e+00
131.318341242 0.000000e+00
131.524654425 0.000000e+00
131.730967609 0.000000e+00
131.937280792 0.000000e+00
132.143593976 0.000000e+00
132.349907159 0.000000e+00
132.556220342 0.000000e+00
132.762533526 0.000000e+00
132.968846709 0.000000e+00
133.175159893 0.000000e+00
133.381473076 0.000000e+00
133.58778626 0.000000e+00
133.794099443 0.000000e+00
134.000412626 0.000000e+00
134.20672581 0.000000e+00
134.413038993 0.000000e+00
134.619352177 0.000000e+00
134.82566536 0.000000e+00
135.031978543 0.000000e+00
135.238291727 0.000000e+00
135.44460491 0.000000e+00
135.650918094 0.000000e+00
135.857231277 0.000000e+00
136.06354446 0.000000e+00
136.269857644 0.000000e+00
136.476170827 0.000000e+00
136.682484011 0.000000e+00
136.888797194 0.000000e+00
137.095110378 0.000000e+00
137.301423561 0.000000e+00
137.507736744 0.000000e+00
137.714049928 0.000000e+00
137.920363111 0.000000e+00
138.126676295 0.000000e+00
138.332989478 0.000000e+00
138.539302661 0.000000e+00
138.745615845 0.000000e+00
138.951929028 0.000000e+00
139.158242212 0.000000e+00
139.364555395 0.000000e+00
139.570868579 0.000000e+00
139.777181762 0.000000e+00
139.983494945 0.000000e+00
140.189808129 0.000000e+00
140.396121312 0.000000e+00
140.602434496 0.000000e+00
140.808747679 0.000000e+00
141.015060862 0.000000e+00
141.221374046 0.000000e+00
141.427687229 0.000000e+00
141.634000413 0.000000e+00
141.840313596 0.000000e+00
142.046626779 0.000000e+00
142.252939963 0.000000e+00
142.459253146 0.000000e+00
142.66556633 0.000000e+00
142.871879513 0.000000e+00
143.078192697 0.000000e+00
143.28450588 0.000000e+00
143.490819063 0.000000e+00
143.697132247 0.000000e+00
143.90344543 0.000000e+00
144.109758614 0.000000e+00
144.316071797 0.000000e+00
144.52238498 0.000000e+00
144.728698164 0.000000e+00
144.935011347 0.000000e+00
145.141324531 0.000000e+00
145.347637714 0.000000e+00
145.553950897 0.000000e+00
145.760264081 0.000000e+00
145.966577264 0.000000e+00
146.172890448 0.000000e+00
146.379203631 0.000000e+00
146.585516815 0.000000e+00
146.791829998 0.000000e+00
146.998143181 0.000000e+00
147.204456365 0.000000e+00
147.410769548 0.000000e+00
147.617082732 0.000000e+00
147.823395915 0.000000e+00
148.029709098 0.000000e+00
148.236022282 0.000000e+00
148.442335465 0.000000e+00
148.648648649 0.000000e+00
148.854961832 0.000000e+00
149.061275015 0.000000e+00
149.267588199 0.000000e+00
149.473901382 0.000000e+00
149.680214566 0.000000e+00
149.886527749 0.000000e+00
150.092840933 0.000000e+00
150.299154116 0.000000e+00
150.505467299 0.000000e+00
150.711780483 0.000000e+00
150.918093666 0.000000e+00
151.12440685 0.000000e+00
151.330720033 0.000000e+00
151.537033216 0.000000e+00
151.7433464 0.000000e+00
151.949659583 0.000000e+00
152.155972767 0.000000e+00
152.36228595 0.000000e+00
152.568599133 0.000000e+00
152.774912317 0.000000e+00
152.9812255 0.000000e+00
153.187538684 0.000000e+00
153.393851867 0.000000e+00
153.600165051 0.000000e+00
153.806478234 0.000000e+00
154.012791417 0.000000e+00
154.219104601 0.000000e+00
154.425417784 0.000000e+00
154.631730968 0.000000e+00
154.838044151 0.000000e+00
155.044357334 0.000000e+00
155.250670518 0.000000e+00
155.456983701 0.000000e+00
155.663296885 0.000000e+00
155.869610068 0.000000e+00
156.075923251 0.000000e+00
156.282236435 0.000000e+00
156.488549618 0.000000e+00
156.694862802 0.000000e+00
156.901175985 0.000000e+00
157.107489169 0.000000e+00
157.313802352 0.000000e+00
157.520115535 0.000000e+00
157.726428719 0.000000e+00
157.932741902 0.000000e+00
158.139055086 0.000000e+00
158.345368269 0.000000e+00
158.551681452 0.000000e+00
158.757994636 0.000000e+00
158.964307819 0.000000e+00
159.170621003 0.000000e+00
159.376934186 0.000000e+00
159.58324737 0.000000e+00
159.789560553 0.000000e+00
159.995873736 0.000000e+00
160.20218692 0.000000e+00
160.408500103 0.000000e+00
160.614813287 0.000000e+00
160.82112647 0.000000e+00
161.027439653 0.000000e+00
161.233752837 0.000000e+00
161.44006602 0.000000e+00
161.646379204 0.000000e+00
161.852692387 0.000000e+00
162.05900557 0.000000e+00
162.265318754 0.000000e+00
162.471631937 0.000000e+00
162.677945121 0.000000e+00
162.884258304 0.000000e+00
163.090571488 0.000000e+00
163.296884671 0.000000e+00
163.503197854 0.000000e+00
163.709511038 0.000000e+00
163.915824221 0.000000e+00
164.122137405 0.000000e+00
164.328450588 0.000000e+00
164.534763771 0.000000e+00
164.741076955 0.000000e+00
164.947390138 0.000000e+00
165.153703322 0.000000e+00
165.360016505 0.000000e+00
165.566329688 0.000000e+00
165.772642872 0.000000e+00
165.978956055 0.000000e+00
166.185269239 0.000000e+00
166.391582422 0.000000e+00
166.597895606 0.000000e+00
166.804208789 0.000000e+00
167.010521972 0.000000e+00
167.216835156 0.000000e+00
167.423148339 0.000000e+00
167.629461523 0.000000e+00
167.835774706 0.000000e+00
168.042087889 0.000000e+00
168.248401073 0.000000e+00
168.454714256 0.000000e+00
168.66102744 0.000000e+00
168.867340623 0.000000e+00
169.073653806 0.000000e+00
169.27996699 0.000000e+00
169.486280173 0.000000e+00
169.692593357 0.000000e+00
169.89890654 0.000000e+00
170.105219724 0.000000e+00
170.311532907 0.000000e+00
170.51784609 0.000000e+00
170.724159274 0.000000e+00
170.930472457 0.000000e+00
171.136785641 0.000000e+00
171.343098824 0.000000e+00
171.549412007 0.000000e+00
171.755725191 0.000000e+00
171.962038374 0.000000e+00
172.168351558 0.000000e+00
172.374664741 0.000000e+00
172.580977924 0.000000e+00
172.787291108 0.000000e+00
172.993604291 0.000000e+00
173.199917475 0.000000e+00
173.406230658 0.000000e+00
173.612543842 0.000000e+00
173.818857025 0.000000e+00
174.025170208 0.000000e+00
174.231483392 0.000000e+00
174.437796575 0.000000e+00
174.644109759 0.000000e+00
174.850422942 0.000000e+00
175.056736125 0.000000e+00
175.263049309 0.000000e+00
175.469362492 0.000000e+00
175.675675676 0.000000e+00
175.881988859 0.000000e+00
176.088302043 0.000000e+00
176.294615226 0.000000e+00
176.500928409 0.000000e+00
176.707241593 0.000000e+00
176.913554776 0.000000e+00
177.11986796 0.000000e+00
177.326181143 0.000000e+00
177.532494326 0.000000e+00
177.73880751 0.000000e+00
177.945120693 0.000000e+00
178.151433877 0.000000e+00
178.35774706 0.000000e+00
178.564060243 0.000000e+00
178.770373427 0.000000e+00
178.97668661 0.000000e+00
179.182999794 0.000000e+00
179.389312977 0.000000e+00
179.595626161 0.000000e+00
179.801939344 0.000000e+00
180.008252527 0.000000e+00
180.214565711 0.000000e+00
180.420878894 0.000000e+00
180.627192078 0.000000e+00
180.833505261 0.000000e+00
181.039818444 0.000000e+00
181.246131628 0.000000e+00
181.452444811 0.000000e+00
181.658757995 0.000000e+00
181.865071178 0.000000e+00
182.071384361 0.000000e+00
182.277697545 0.000000e+00
182.484010728 0.000000e+00
182.690323912 0.000000e+00
182.896637095 0.000000e+00
183.102950279 0.000000e+00
183.309263462 0.000000e+00
183.515576645 0.000000e+00
183.721889829 0.000000e+00
183.928203012 0.000000e+00
184.134516196 0.000000e+00
184.340829379 0.000000e+00
184.547142562 0.000000e+00
184.753455746 0.000000e+00
184.959768929 0.000000e+00
185.166082113 0.000000e+00
185.372395296 0.000000e+00
185.578708479 0.000000e+00
185.785021663 0.000000e+00
185.991334846 0.000000e+00
186.19764803 0.000000e+00
186.403961213 0.000000e+00
186.610274397 0.000000e+00
186.81658758 0.000000e+00
187.022900763 0.000000e+00
187.229213947 0.000000e+00
187.43552713 0.000000e+00
187.641840314 0.000000e+00
187.848153497 0.000000e+00
188.05446668 0.000000e+00
188.260779864 0.000000e+00
188.467093047 0.000000e+00
188.673406231 0.000000e+00
188.879719414 0.000000e+00
189.086032597 0.000000e+00
189.292345781 0.000000e+00
189.498658964 0.000000e+00
189.704972148 0.000000e+00
189.911285331 0.000000e+00
190.117598515 0.000000e+00
190.323911698 0.000000e+00
190.530224881 0.000000e+00
190.736538065 0.000000e+00
190.942851248 0.000000e+00
191.149164432 0.000000e+00
191.355477615 0.000000e+00
191.561790798 0.000000e+00
191.768103982 0.000000e+00
191.974417165 0.000000e+00
192.180730349 0.000000e+00
192.387043532 0.000000e+00
192.593356715 0.000000e+00
192.799669899 0.000000e+00
193.005983082 0.000000e+00
193.212296266 0.000000e+00
193.418609449 0.000000e+00
193.624922633 0.000000e+00
193.831235816 0.000000e+00
194.037548999 0.000000e+00
194.243862183 0.000000e+00
194.450175366 0.000000e+00
194.65648855 0.000000e+00
194.862801733 0.000000e+00
195.069114916 0.000000e+00
195.2754281 0.000000e+00
195.481741283 0.000000e+00
195.688054467 0.000000e+00
195.89436765 0.000000e+00
196.100680834 0.000000e+00
196.306994017 0.000000e+00
196.5133072 0.000000e+00
196.719620384 0.000000e+00
196.925933567 0.000000e+00
197.132246751 0.000000e+00
197.338559934 0.000000e+00
197.544873117 0.000000e+00
197.751186301 0.000000e+00
197.957499484 0.000000e+00
198.163812668 0.000000e+00
198.370125851 0.000000e+00
198.576439034 0.000000e+00
198.782752218 0.000000e+00
198.989065401 0.000000e+00
199.195378585 0.000000e+00
199.401691768 0.000000e+00
199.608004952 0.000000e+00
199.814318135 0.000000e+00
200.020631318 0.000000e+00
200.226944502 0.000000e+00
200.433257685 0.000000e+00
200.639570869 0.000000e+00
200.845884052 0.000000e+00
201.052197235 0.000000e+00
201.258510419 0.000000e+00
201.464823602 0.000000e+00
201.671136786 0.000000e+00
201.877449969 0.000000e+00
202.083763152 0.000000e+00
202.290076336 0.000000e+00
202.496389519 0.000000e+00
202.702702703 0.000000e+00
203.702702703 0.0
204.702702703 0.0
205.702702703 0.0
206.702702703 0.0
207.702702703 0.0
208.702702703 0.0
209.702702703 0.0
210.702702703 0.0
211.702702703 0.0
212.702702703 0.0
213.702702703 0.0
214.702702703 0.0
215.702702703 0.0
216.702702703 0.0
217.702702703 0.0
218.702702703 0.0
219.702702703 0.0
220.702702703 0.0
221.702702703 0.0
222.702702703 0.0
223.702702703 0.0
224.702702703 0.0
225.702702703 0.0
226.702702703 0.0
227.702702703 0.0
228.702702703 0.0
229.702702703 0.0
230.702702703 0.0
231.702702703 0.0
232.702702703 0.0
233.702702703 0.0
234.702702703 0.0
235.702702703 0.0
236.702702703 0.0
237.702702703 0.0
238.702702703 0.0
239.702702703 0.0
240.702702703 0.0
241.702702703 0.0
242.702702703 0.0
243.702702703 0.0
244.702702703 0.0
245.702702703 0.0
246.702702703 0.0
247.702702703 0.0
248.702702703 0.0
249.702702703 0.0
250.702702703 0.0
251.702702703 0.0
252.702702703 0.0
253.702702703 0.0
254.702702703 0.0
255.702702703 0.0
256.702702703 0.0
257.702702703 0.0
258.702702703 0.0
259.702702703 0.0
260.702702703 0.0
261.702702703 0.0
262.702702703 0.0
263.702702703 0.0
264.702702703 0.0
265.702702703 0.0
266.702702703 0.0
267.702702703 0.0
268.702702703 0.0
269.702702703 0.0
270.702702703 0.0
271.702702703 0.0
272.702702703 0.0
273.702702703 0.0
274.702702703 0.0
275.702702703 0.0
276.702702703 0.0
277.702702703 0.0
278.702702703 0.0
279.702702703 0.0
280.702702703 0.0
281.702702703 0.0
282.702702703 0.0
283.702702703 0.0
284.702702703 0.0
285.702702703 0.0
286.702702703 0.0
287.702702703 0.0
288.702702703 0.0
289.702702703 0.0
290.702702703 0.0
291.702702703 0.0
292.702702703 0.0
293.702702703 0.0
294.702702703 0.0
295.702702703 0.0
296.702702703 0.0
297.702702703 0.0
298.702702703 0.0
299.702702703 0.0
300.702702703 0.0
301.702702703 0.0
302.702702703 0.0
303.702702703 0.0
304.702702703 0.0
305.702702703 0.0
306.702702703 0.0
307.702702703 0.0
308.702702703 0.0
309.702702703 0.0
310.702702703 0.0
311.702702703 0.0
312.702702703 0.0
313.702702703 0.0
314.702702703 0.0
315.702702703 0.0
316.702702703 0.0
317.702702703 0.0
318.702702703 0.0
319.702702703 0.0
320.702702703 0.0
321.702702703 0.0
322.702702703 0.0
323.702702703 0.0
324.702702703 0.0
325.702702703 0.0
326.702702703 0.0
327.702702703 0.0
328.702702703 0.0
329.702702703 0.0
330.702702703 0.0
331.702702703 0.0
332.702702703 0.0
333.702702703 0.0
334.702702703 0.0
335.702702703 0.0
336.702702703 0.0
337.702702703 0.0
338.702702703 0.0
339.702702703 0.0
340.702702703 0.0
341.702702703 0.0
342.702702703 0.0
343.702702703 0.0
344.702702703 0.0
345.702702703 0.0
346.702702703 0.0
347.702702703 0.0
348.702702703 0.0
349.702702703 0.0
350.702702703 0.0
351.702702703 0.0
352.702702703 0.0
353.702702703 0.0
354.702702703 0.0
355.702702703 0.0
356.702702703 0.0
357.702702703 0.0
358.702702703 0.0
359.702702703 0.0
360.702702703 0.0
361.702702703 0.0
362.702702703 0.0
363.702702703 0.0
364.702702703 0.0
365.702702703 0.0
366.702702703 0.0
367.702702703 0.0
368.702702703 0.0
369.702702703 0.0
370.702702703 0.0
371.702702703 0.0
372.702702703 0.0
373.702702703 0.0
374.702702703 0.0
375.702702703 0.0
376.702702703 0.0
377.702702703 0.0
378.702702703 0.0
379.702702703 0.0
380.702702703 0.0
381.702702703 0.0
382.702702703 0.0
383.702702703 0.0
384.702702703 0.0
385.702702703 0.0
386.702702703 0.0
387.702702703 0.0
388.702702703 0.0
389.702702703 0.0
390.702702703 0.0
391.702702703 0.0
392.702702703 0.0
393.702702703 0.0
394.702702703 0.0
395.702702703 0.0
396.702702703 0.0
397.702702703 0.0
398.702702703 0.0
399.702702703 0.0
400.702702703 0.0
401.702702703 0.0
402.702702703 0.0
403.702702703 0.0
404.702702703 0.0
405.702702703 0.0
406.702702703 0.0
407.702702703 0.0
408.702702703 0.0
409.702702703 0.0
410.702702703 0.0
411.702702703 0.0
412.702702703 0.0
413.702702703 0.0
414.702702703 0.0
415.702702703 0.0
416.702702703 0.0
417.702702703 0.0
418.702702703 0.0
419.702702703 0.0
420.702702703 0.0
421.702702703 0.0
422.702702703 0.0
423.702702703 0.0
424.702702703 0.0
425.702702703 0.0
426.702702703 0.0
427.702702703 0.0
428.702702703 0.0
429.702702703 0.0
430.702702703 0.0
431.702702703 0.0
432.702702703 0.0
433.702702703 0.0
434.702702703 0.0
435.702702703 0.0
436.702702703 0.0
437.702702703 0.0
438.702702703 0.0
439.702702703 0.0
440.702702703 0.0
441.702702703 0.0
442.702702703 0.0
443.702702703 0.0
444.702702703 0.0
445.702702703 0.0
446.702702703 0.0
447.702702703 0.0
448.702702703 0.0
449.702702703 0.0
450.702702703 0.0
451.702702703 0.0
452.702702703 0.0
453.702702703 0.0
454.702702703 0.0
455.702702703 0.0
456.702702703 0.0
457.702702703 0.0
458.702702703 0.0
459.702702703 0.0
460.702702703 0.0
461.702702703 0.0
462.702702703 0.0
463.702702703 0.0
464.702702703 0.0
465.702702703 0.0
466.702702703 0.0
467.702702703 0.0
468.702702703 0.0
469.702702703 0.0
470.702702703 0.0
471.702702703 0.0
472.702702703 0.0
473.702702703 0.0
474.702702703 0.0
475.702702703 0.0
476.702702703 0.0
477.702702703 0.0
478.702702703 0.0
479.702702703 0.0
480.702702703 0.0
481.702702703 0.0
482.702702703 0.0
483.702702703 0.0
484.702702703 0.0
485.702702703 0.0
486.702702703 0.0
487.702702703 0.0
488.702702703 0.0
489.702702703 0.0
490.702702703 0.0
491.702702703 0.0
492.702702703 0.0
493.702702703 0.0
494.702702703 0.0
495.702702703 0.0
496.702702703 0.0
497.702702703 0.0
498.702702703 0.0
499.702702703 0.0
500.702702703 0.0
501.702702703 0.0
502.702702703 0.0
503.702702703 0.0
504.702702703 0.0
505.702702703 0.0
506.702702703 0.0
507.702702703 0.0
508.702702703 0.0
509.702702703 0.0
510.702702703 0.0
511.702702703 0.0
512.702702703 0.0
513.702702703 0.0
514.702702703 0.0
515.702702703 0.0
516.702702703 0.0
517.702702703 0.0
518.702702703 0.0
519.702702703 0.0
520.702702703 0.0
521.702702703 0.0
522.702702703 0.0
523.702702703 0.0
524.702702703 0.0
525.702702703 0.0
526.702702703 0.0
527.702702703 0.0
528.702702703 0.0
529.702702703 0.0
530.702702703 0.0
531.702702703 0.0
532.702702703 0.0
533.702702703 0.0
534.702702703 0.0
535.702702703 0.0
536.702702703 0.0
537.702702703 0.0
538.702702703 0.0
539.702702703 0.0
540.702702703 0.0
541.702702703 0.0
542.702702703 0.0
543.702702703 0.0
544.702702703 0.0
545.702702703 0.0
546.702702703 0.0
547.702702703 0.0
548.702702703 0.0
549.702702703 0.0
550.702702703 0.0
551.702702703 0.0
552.702702703 0.0
553.702702703 0.0
554.702702703 0.0
555.702702703 0.0
556.702702703 0.0
557.702702703 0.0
558.702702703 0.0
559.702702703 0.0
560.702702703 0.0
561.702702703 0.0
562.702702703 0.0
563.702702703 0.0
564.702702703 0.0
565.702702703 0.0
566.702702703 0.0
567.702702703 0.0
568.702702703 0.0
569.702702703 0.0
570.702702703 0.0
571.702702703 0.0
572.702702703 0.0
573.702702703 0.0
574.702702703 0.0
575.702702703 0.0
576.702702703 0.0
577.702702703 0.0
578.702702703 0.0
579.702702703 0.0
580.702702703 0.0
581.702702703 0.0
582.702702703 0.0
583.702702703 0.0
584.702702703 0.0
585.702702703 0.0
586.702702703 0.0
587.702702703 0.0
588.702702703 0.0
589.702702703 0.0
590.702702703 0.0
591.702702703 0.0
592.702702703 0.0
593.702702703 0.0
594.702702703 0.0
595.702702703 0.0
596.702702703 0.0
597.702702703 0.0
598.702702703 0.0
599.702702703 0.0
600.702702703 0.0
601.702702703 0.0
602.702702703 0.0
603.702702703 0.0
604.702702703 0.0
605.702702703 0.0
606.702702703 0.0
607.702702703 0.0
608.702702703 0.0
609.702702703 0.0
610.702702703 0.0
611.702702703 0.0
612.702702703 0.0
613.702702703 0.0
614.702702703 0.0
615.702702703 0.0
616.702702703 0.0
617.702702703 0.0
618.702702703 0.0
619.702702703 0.0
620.702702703 0.0
621.702702703 0.0
622.702702703 0.0
623.702702703 0.0
624.702702703 0.0
625.702702703 0.0
626.702702703 0.0
627.702702703 0.0
628.702702703 0.0
629.702702703 0.0
630.702702703 0.0
631.702702703 0.0
632.702702703 0.0
633.702702703 0.0
634.702702703 0.0
635.702702703 0.0
636.702702703 0.0
637.702702703 0.0
638.702702703 0.0
639.702702703 0.0
640.702702703 0.0
641.702702703 0.0
642.702702703 0.0
643.702702703 0.0
644.702702703 0.0
645.702702703 0.0
646.702702703 0.0
647.702702703 0.0
648.702702703 0.0
649.702702703 0.0
650.702702703 0.0
651.702702703 0.0
652.702702703 0.0
653.702702703 0.0
654.702702703 0.0
655.702702703 0.0
656.702702703 0.0
657.702702703 0.0
658.702702703 0.0
659.702702703 0.0
660.702702703 0.0
661.702702703 0.0
662.702702703 0.0
663.702702703 0.0
664.702702703 0.0
665.702702703 0.0
666.702702703 0.0
667.702702703 0.0
668.702702703 0.0
669.702702703 0.0
670.702702703 0.0
671.702702703 0.0
672.702702703 0.0
673.702702703 0.0
674.702702703 0.0
675.702702703 0.0
676.702702703 0.0
677.702702703 0.0
678.702702703 0.0
679.702702703 0.0
680.702702703 0.0
681.702702703 0.0
682.702702703 0.0
683.702702703 0.0
684.702702703 0.0
685.702702703 0.0
686.702702703 0.0
687.702702703 0.0
688.702702703 0.0
689.702702703 0.0
690.702702703 0.0
691.702702703 0.0
692.702702703 0.0
693.702702703 0.0
694.702702703 0.0
695.702702703 0.0
696.702702703 0.0
697.702702703 0.0
698.702702703 0.0
699.702702703 0.0
700.702702703 0.0
701.702702703 0.0
702.702702703 0.0
