-593.736945426 0.0
-592.736945426 0.0
-591.736945426 0.0
-590.736945426 0.0
-589.736945426 0.0
-588.736945426 0.0
-587.736945426 0.0
-586.736945426 0.0
-585.736945426 0.0
-584.736945426 0.0
-583.736945426 0.0
-582.736945426 0.0
-581.736945426 0.0
-580.736945426 0.0
-579.736945426 0.0
-578.736945426 0.0
-577.736945426 0.0
-576.736945426 0.0
-575.736945426 0.0
-574.736945426 0.0
-573.736945426 0.0
-572.736945426 0.0
-571.736945426 0.0
-570.736945426 0.0
-569.736945426 0.0
-568.736945426 0.0
-567.736945426 0.0
-566.736945426 0.0
-565.736945426 0.0
-564.736945426 0.0
-563.736945426 0.0
-562.736945426 0.0
-561.736945426 0.0
-560.736945426 0.0
-559.736945426 0.0
-558.736945426 0.0
-557.736945426 0.0
-556.736945426 0.0
-555.736945426 0.0
-554.736945426 0.0
-553.736945426 0.0
-552.736945426 0.0
-551.736945426 0.0
-550.736945426 0.0
-549.736945426 0.0
-548.736945426 0.0
-547.736945426 0.0
-546.736945426 0.0
-545.736945426 0.0
-544.736945426 0.0
-543.736945426 0.0
-542.736945426 0.0
-541.736945426 0.0
-540.736945426 0.0
-539.736945426 0.0
-538.736945426 0.0
-537.736945426 0.0
-536.736945426 0.0
-535.736945426 0.0
-534.736945426 0.0
-533.736945426 0.0
-532.736945426 0.0
-531.736945426 0.0
-530.736945426 0.0
-529.736945426 0.0
-528.736945426 0.0
-527.736945426 0.0
-526.736945426 0.0
-525.736945426 0.0
-524.736945426 0.0
-523.736945426 0.0
-522.736945426 0.0
-521.736945426 0.0
-520.736945426 0.0
-519.736945426 0.0
-518.736945426 0.0
-517.736945426 0.0
-516.736945426 0.0
-515.736945426 0.0
-514.736945426 0.0
-513.736945426 0.0
-512.736945426 0.0
-511.736945426 0.0
-510.736945426 0.0
-509.736945426 0.0
-508.736945426 0.0
-507.736945426 0.0
-506.736945426 0.0
-505.736945426 0.0
-504.736945426 0.0
-503.736945426 0.0
-502.736945426 0.0
-501.736945426 0.0
-500.736945426 0.0
-499.736945426 0.0
-498.736945426 0.0
-497.736945426 0.0
-496.736945426 0.0
-495.736945426 0.0
-494.736945426 0.0
-493.736945426 0.0
-492.736945426 0.0
-491.736945426 0.0
-490.736945426 0.0
-489.736945426 0.0
-488.736945426 0.0
-487.736945426 0.0
-486.736945426 0.0
-485.736945426 0.0
-484.736945426 0.0
-483.736945426 0.0
-482.736945426 0.0
-481.736945426 0.0
-480.736945426 0.0
-479.736945426 0.0
-478.736945426 0.0
-477.736945426 0.0
-476.736945426 0.0
-475.736945426 0.0
-474.736945426 0.0
-473.736945426 0.0
-472.736945426 0.0
-471.736945426 0.0
-470.736945426 0.0
-469.736945426 0.0
-468.736945426 0.0
-467.736945426 0.0
-466.736945426 0.0
-465.736945426 0.0
-464.736945426 0.0
-463.736945426 0.0
-462.736945426 0.0
-461.736945426 0.0
-460.736945426 0.0
-459.736945426 0.0
-458.736945426 0.0
-457.736945426 0.0
-456.736945426 0.0
-455.736945426 0.0
-454.736945426 0.0
-453.736945426 0.0
-452.736945426 0.0
-451.736945426 0.0
-450.736945426 0.0
-449.736945426 0.0
-448.736945426 0.0
-447.736945426 0.0
-446.736945426 0.0
-445.736945426 0.0
-444.736945426 0.0
-443.736945426 0.0
-442.736945426 0.0
-441.736945426 0.0
-440.736945426 0.0
-439.736945426 0.0
-438.736945426 0.0
-437.736945426 0.0
-436.736945426 0.0
-435.736945426 0.0
-434.736945426 0.0
-433.736945426 0.0
-432.736945426 0.0
-431.736945426 0.0
-430.736945426 0.0
-429.736945426 0.0
-428.736945426 0.0
-427.736945426 0.0
-426.736945426 0.0
-425.736945426 0.0
-424.736945426 0.0
-423.736945426 0.0
-422.736945426 0.0
-421.736945426 0.0
-420.736945426 0.0
-419.736945426 0.0
-418.736945426 0.0
-417.736945426 0.0
-416.736945426 0.0
-415.736945426 0.0
-414.736945426 0.0
-413.736945426 0.0
-412.736945426 0.0
-411.736945426 0.0
-410.736945426 0.0
-409.736945426 0.0
-408.736945426 0.0
-407.736945426 0.0
-406.736945426 0.0
-405.736945426 0.0
-404.736945426 0.0
-403.736945426 0.0
-402.736945426 0.0
-401.736945426 0.0
-400.736945426 0.0
-399.736945426 0.0
-398.736945426 0.0
-397.736945426 0.0
-396.736945426 0.0
-395.736945426 0.0
-394.736945426 0.0
-393.736945426 0.0
-392.736945426 0.0
-391.736945426 0.0
-390.736945426 0.0
-389.736945426 0.0
-388.736945426 0.0
-387.736945426 0.0
-386.736945426 0.0
-385.736945426 0.0
-384.736945426 0.0
-383.736945426 0.0
-382.736945426 0.0
-381.736945426 0.0
-380.736945426 0.0
-379.736945426 0.0
-378.736945426 0.0
-377.736945426 0.0
-376.736945426 0.0
-375.736945426 0.0
-374.736945426 0.0
-373.736945426 0.0
-372.736945426 0.0
-371.736945426 0.0
-370.736945426 0.0
-369.736945426 0.0
-368.736945426 0.0
-367.736945426 0.0
-366.736945426 0.0
-365.736945426 0.0
-364.736945426 0.0
-363.736945426 0.0
-362.736945426 0.0
-361.736945426 0.0
-360.736945426 0.0
-359.736945426 0.0
-358.736945426 0.0
-357.736945426 0.0
-356.736945426 0.0
-355.736945426 0.0
-354.736945426 0.0
-353.736945426 0.0
-352.736945426 0.0
-351.736945426 0.0
-350.736945426 0.0
-349.736945426 0.0
-348.736945426 0.0
-347.736945426 0.0
-346.736945426 0.0
-345.736945426 0.0
-344.736945426 0.0
-343.736945426 0.0
-342.736945426 0.0
-341.736945426 0.0
-340.736945426 0.0
-339.736945426 0.0
-338.736945426 0.0
-337.736945426 0.0
-336.736945426 0.0
-335.736945426 0.0
-334.736945426 0.0
-333.736945426 0.0
-332.736945426 0.0
-331.736945426 0.0
-330.736945426 0.0
-329.736945426 0.0
-328.736945426 0.0
-327.736945426 0.0
-326.736945426 0.0
-325.736945426 0.0
-324.736945426 0.0
-323.736945426 0.0
-322.736945426 0.0
-321.736945426 0.0
-320.736945426 0.0
-319.736945426 0.0
-318.736945426 0.0
-317.736945426 0.0
-316.736945426 0.0
-315.736945426 0.0
-314.736945426 0.0
-313.736945426 0.0
-312.736945426 0.0
-311.736945426 0.0
-310.736945426 0.0
-309.736945426 0.0
-308.736945426 0.0
-307.736945426 0.0
-306.736945426 0.0
-305.736945426 0.0
-304.736945426 0.0
-303.736945426 0.0
-302.736945426 0.0
-301.736945426 0.0
-300.736945426 0.0
-299.736945426 0.0
-298.736945426 0.0
-297.736945426 0.0
-296.736945426 0.0
-295.736945426 0.0
-294.736945426 0.0
-293.736945426 0.0
-292.736945426 0.0
-291.736945426 0.0
-290.736945426 0.0
-289.736945426 0.0
-288.736945426 0.0
-287.736945426 0.0
-286.736945426 0.0
-285.736945426 0.0
-284.736945426 0.0
-283.736945426 0.0
-282.736945426 0.0
-281.736945426 0.0
-280.736945426 0.0
-279.736945426 0.0
-278.736945426 0.0
-277.736945426 0.0
-276.736945426 0.0
-275.736945426 0.0
-274.736945426 0.0
-273.736945426 0.0
-272.736945426 0.0
-271.736945426 0.0
-270.736945426 0.0
-269.736945426 0.0
-268.736945426 0.0
-267.736945426 0.0
-266.736945426 0.0
-265.736945426 0.0
-264.736945426 0.0
-263.736945426 0.0
-262.736945426 0.0
-261.736945426 0.0
-260.736945426 0.0
-259.736945426 0.0
-258.736945426 0.0
-257.736945426 0.0
-256.736945426 0.0
-255.736945426 0.0
-254.736945426 0.0
-253.736945426 0.0
-252.736945426 0.0
-251.736945426 0.0
-250.736945426 0.0
-249.736945426 0.0
-248.736945426 0.0
-247.736945426 0.0
-246.736945426 0.0
-245.736945426 0.0
-244.736945426 0.0
-243.736945426 0.0
-242.736945426 0.0
-241.736945426 0.0
-240.736945426 0.0
-239.736945426 0.0
-238.736945426 0.0
-237.736945426 0.0
-236.736945426 0.0
-235.736945426 0.0
-234.736945426 0.0
-233.736945426 0.0
-232.736945426 0.0
-231.736945426 0.0
-230.736945426 0.0
-229.736945426 0.0
-228.736945426 0.0
-227.736945426 0.0
-226.736945426 0.0
-225.736945426 0.0
-224.736945426 0.0
-223.736945426 0.0
-222.736945426 0.0
-221.736945426 0.0
-220.736945426 0.0
-219.736945426 0.0
-218.736945426 0.0
-217.736945426 0.0
-216.736945426 0.0
-215.736945426 0.0
-214.736945426 0.0
-213.736945426 0.0
-212.736945426 0.0
-211.736945426 0.0
-210.736945426 0.0
-209.736945426 0.0
-208.736945426 0.0
-207.736945426 0.0
-206.736945426 0.0
-205.736945426 0.0
-204.736945426 0.0
-203.736945426 0.0
-202.736945426 0.0
-201.736945426 0.0
-200.736945426 0.0
-199.736945426 0.0
-198.736945426 0.0
-197.736945426 0.0
-196.736945426 0.0
-195.736945426 0.0
-194.736945426 0.0
-193.736945426 0.0
-192.736945426 0.0
-191.736945426 0.0
-190.736945426 0.0
-189.736945426 0.0
-188.736945426 0.0
-187.736945426 0.0
-186.736945426 0.0
-185.736945426 0.0
-184.736945426 0.0
-183.736945426 0.0
-182.736945426 0.0
-181.736945426 0.0
-180.736945426 0.0
-179.736945426 0.0
-178.736945426 0.0
-177.736945426 0.0
-176.736945426 0.0
-175.736945426 0.0
-174.736945426 0.0
-173.736945426 0.0
-172.736945426 0.0
-171.736945426 0.0
-170.736945426 0.0
-169.736945426 0.0
-168.736945426 0.0
-167.736945426 0.0
-166.736945426 0.0
-165.736945426 0.0
-164.736945426 0.0
-163.736945426 0.0
-162.736945426 0.0
-161.736945426 0.0
-160.736945426 0.0
-159.736945426 0.0
-158.736945426 0.0
-157.736945426 0.0
-156.736945426 0.0
-155.736945426 0.0
-154.736945426 0.0
-153.736945426 0.0
-152.736945426 0.0
-151.736945426 0.0
-150.736945426 0.0
-149.736945426 0.0
-148.736945426 0.0
-147.736945426 0.0
-146.736945426 0.0
-145.736945426 0.0
-144.736945426 0.0
-143.736945426 0.0
-142.736945426 0.0
-141.736945426 0.0
-140.736945426 0.0
-139.736945426 0.0
-138.736945426 0.0
-137.736945426 0.0
-136.736945426 0.0
-135.736945426 0.0
-134.736945426 0.0
-133.736945426 0.0
-132.736945426 0.0
-131.736945426 0.0
-130.736945426 0.0
-129.736945426 0.0
-128.736945426 0.0
-127.736945426 0.0
-126.736945426 0.0
-125.736945426 0.0
-124.736945426 0.0
-123.736945426 0.0
-122.736945426 0.0
-121.736945426 0.0
-120.736945426 0.0
-119.736945426 0.0
-118.736945426 0.0
-117.736945426 0.0
-116.736945426 0.0
-115.736945426 0.0
-114.736945426 0.0
-113.736945426 0.0
-112.736945426 0.0
-111.736945426 0.0
-110.736945426 0.0
-109.736945426 0.0
-108.736945426 0.0
-107.736945426 0.0
-106.736945426 0.0
-105.736945426 0.0
-104.736945426 0.0
-103.736945426 0.0
-102.736945426 0.0
-101.736945426 0.0
-100.736945426 0.0
-99.736945426 0.0
-98.736945426 0.0
-97.736945426 0.0
-96.736945426 0.0
-95.736945426 0.0
-94.736945426 0.0
-93.736945426 0.000000e+00
-93.3443266588 0.000000e+00
-92.9517078916 0.000000e+00
-92.5590891245 0.000000e+00
-92.1664703573 0.000000e+00
-91.7738515901 0.000000e+00
-91.3812328229 0.000000e+00
-90.9886140558 0.000000e+00
-90.5959952886 0.000000e+00
-90.2033765214 0.000000e+00
-89.8107577542 0.000000e+00
-89.418138987 0.000000e+00
-89.0255202199 0.000000e+00
-88.6329014527 0.000000e+00
-88.2402826855 0.000000e+00
-87.8476639183 0.000000e+00
-87.4550451512 0.000000e+00
-87.062426384 0.000000e+00
-86.6698076168 0.000000e+00
-86.2771888496 0.000000e+00
-85.8845700824 0.000000e+00
-85.4919513153 0.000000e+00
-85.0993325481 0.000000e+00
-84.7067137809 0.000000e+00
-84.3140950137 0.000000e+00
-83.9214762466 0.000000e+00
-83.5288574794 0.000000e+00
-83.1362387122 0.000000e+00
-82.743619945 0.000000e+00
-82.3510011779 0.000000e+00
-81.9583824107 0.000000e+00
-81.5657636435 0.000000e+00
-81.1731448763 0.000000e+00
-80.7805261091 0.000000e+00
-80.387907342 0.000000e+00
-79.9952885748 0.000000e+00
-79.6026698076 0.000000e+00
-79.2100510404 0.000000e+00
-78.8174322733 0.000000e+00
-78.4248135061 0.000000e+00
-78.0321947389 0.000000e+00
-77.6395759717 0.000000e+00
-77.2469572046 0.000000e+00
-76.8543384374 0.000000e+00
-76.4617196702 0.000000e+00
-76.069100903 0.000000e+00
-75.6764821358 0.000000e+00
-75.2838633687 0.000000e+00
-74.8912446015 0.000000e+00
-74.4986258343 0.000000e+00
-74.1060070671 0.000000e+00
-73.7133883 0.000000e+00
-73.3207695328 0.000000e+00
-72.9281507656 0.000000e+00
-72.5355319984 0.000000e+00
-72.1429132313 0.000000e+00
-71.7502944641 0.000000e+00
-71.3576756969 0.000000e+00
-70.9650569297 0.000000e+00
-70.5724381625 0.000000e+00
-70.1798193954 0.000000e+00
-69.7872006282 0.000000e+00
-69.394581861 0.000000e+00
-69.0019630938 0.000000e+00
-68.6093443267 0.000000e+00
-68.2167255595 0.000000e+00
-67.8241067923 0.000000e+00
-67.4314880251 0.000000e+00
-67.038869258 0.000000e+00
-66.6462504908 0.000000e+00
-66.2536317236 0.000000e+00
-65.8610129564 0.000000e+00
-65.4683941892 0.000000e+00
-65.0757754221 0.000000e+00
-64.6831566549 0.000000e+00
-64.2905378877 0.000000e+00
-63.8979191205 0.000000e+00
-63.5053003534 0.000000e+00
-63.1126815862 0.000000e+00
-62.720062819 0.000000e+00
-62.3274440518 0.000000e+00
-61.9348252846 0.000000e+00
-61.5422065175 0.000000e+00
-61.1495877503 0.000000e+00
-60.7569689831 0.000000e+00
-60.3643502159 0.000000e+00
-59.9717314488 0.000000e+00
-59.5791126816 0.000000e+00
-59.1864939144 0.000000e+00
-58.7938751472 0.000000e+00
-58.4012563801 0.000000e+00
-58.0086376129 0.000000e+00
-57.6160188457 0.000000e+00
-57.2234000785 0.000000e+00
-56.8307813113 0.000000e+00
-56.4381625442 0.000000e+00
-56.045543777 0.000000e+00
-55.6529250098 0.000000e+00
-55.2603062426 0.000000e+00
-54.8676874755 0.000000e+00
-54.4750687083 0.000000e+00
-54.0824499411 0.000000e+00
-53.6898311739 0.000000e+00
-53.2972124068 0.000000e+00
-52.9045936396 0.000000e+00
-52.5119748724 0.000000e+00
-52.1193561052 0.000000e+00
-51.726737338 0.000000e+00
-51.3341185709 0.000000e+00
-50.9414998037 0.000000e+00
-50.5488810365 0.000000e+00
-50.1562622693 0.000000e+00
-49.7636435022 0.000000e+00
-49.371024735 0.000000e+00
-48.9784059678 0.000000e+00
-48.5857872006 0.000000e+00
-48.1931684335 0.000000e+00
-47.8005496663 0.000000e+00
-47.4079308991 0.000000e+00
-47.0153121319 0.000000e+00
-46.6226933647 0.000000e+00
-46.2300745976 0.000000e+00
-45.8374558304 0.000000e+00
-45.4448370632 0.000000e+00
-45.052218296 0.000000e+00
-44.6595995289 0.000000e+00
-44.2669807617 0.000000e+00
-43.8743619945 0.000000e+00
-43.4817432273 0.000000e+00
-43.0891244601 0.000000e+00
-42.696505693 0.000000e+00
-42.3038869258 0.000000e+00
-41.9112681586 0.000000e+00
-41.5186493914 0.000000e+00
-41.1260306243 0.000000e+00
-40.7334118571 0.000000e+00
-40.3407930899 0.000000e+00
-39.9481743227 0.000000e+00
-39.5555555556 0.000000e+00
-39.1629367884 0.000000e+00
-38.7703180212 0.000000e+00
-38.377699254 0.000000e+00
-37.9850804868 0.000000e+00
-37.5924617197 0.000000e+00
-37.1998429525 0.000000e+00
-36.8072241853 0.000000e+00
-36.4146054181 0.000000e+00
-36.021986651 0.000000e+00
-35.6293678838 0.000000e+00
-35.2367491166 0.000000e+00
-34.8441303494 0.000000e+00
-34.4515115823 0.000000e+00
-34.0588928151 0.000000e+00
-33.6662740479 0.000000e+00
-33.2736552807 0.000000e+00
-32.8810365135 0.000000e+00
-32.4884177464 0.000000e+00
-32.0957989792 0.000000e+00
-31.703180212 0.000000e+00
-31.3105614448 0.000000e+00
-30.9179426777 0.000000e+00
-30.5253239105 0.000000e+00
-30.1327051433 0.000000e+00
-29.7400863761 0.000000e+00
-29.347467609 0.000000e+00
-28.9548488418 0.000000e+00
-28.5622300746 0.000000e+00
-28.1696113074 0.000000e+00
-27.7769925402 0.000000e+00
-27.3843737731 0.000000e+00
-26.9917550059 0.000000e+00
-26.5991362387 0.000000e+00
-26.2065174715 0.000000e+00
-25.8138987044 0.000000e+00
-25.4212799372 0.000000e+00
-25.02866117 0.000000e+00
-24.6360424028 0.000000e+00
-24.2434236356 0.000000e+00
-23.8508048685 0.000000e+00
-23.4581861013 0.000000e+00
-23.0655673341 0.000000e+00
-22.6729485669 0.000000e+00
-22.2803297998 0.000000e+00
-21.8877110326 0.000000e+00
-21.4950922654 0.000000e+00
-21.1024734982 0.000000e+00
-20.7098547311 0.000000e+00
-20.3172359639 0.000000e+00
-19.9246171967 0.000000e+00
-19.5319984295 0.000000e+00
-19.1393796623 0.000000e+00
-18.7467608952 0.000000e+00
-18.354142128 0.000000e+00
-17.9615233608 0.000000e+00
-17.5689045936 0.000000e+00
-17.1762858265 0.000000e+00
-16.7836670593 0.000000e+00
-16.3910482921 0.000000e+00
-15.9984295249 0.000000e+00
-15.6058107578 0.000000e+00
-15.2131919906 0.000000e+00
-14.8205732234 0.000000e+00
-14.4279544562 0.000000e+00
-14.035335689 0.000000e+00
-13.6427169219 0.000000e+00
-13.2500981547 0.000000e+00
-12.8574793875 0.000000e+00
-12.4648606203 0.000000e+00
-12.0722418532 0.000000e+00
-11.679623086 0.000000e+00
-11.2870043188 0.000000e+00
-10.8943855516 0.000000e+00
-10.5017667845 0.000000e+00
-10.1091480173 0.000000e+00
-9.7165292501 0.000000e+00
-9.32391048292 0.000000e+00
-8.93129171574 0.000000e+00
-8.53867294857 0.000000e+00
-8.14605418139 0.000000e+00
-7.75343541421 0.000000e+00
-7.36081664704 0.000000e+00
-6.96819787986 0.000000e+00
-6.57557911268 0.000000e+00
-6.1829603455 0.000000e+00
-5.79034157833 0.000000e+00
-5.39772281115 2.695419e-01
-5.00510404397 3.020697e-01
-4.6124852768 2.540817e-01
-4.21986650962 2.757365e-01
-3.82724774244 4.446491e-01
-3.43462897527 5.837739e-01
-3.04201020809 9.068907e-01
-2.64939144091 7.306907e-01
-2.25677267373 7.692104e-01
-1.86415390656 5.493156e-01
-1.47153513938 4.502035e-01
-1.0789163722 3.789026e-01
-0.686297605026 5.148438e-01
-0.293678837848 7.495563e-01
0.0989399293286 7.824727e-01
0.491558696506 8.746391e-01
0.884177463683 1.000000e+00
1.27679623086 4.630155e-01
1.66941499804 6.029226e-01
2.06203376521 2.880429e-01
2.45465253239 3.374330e-01
2.84727129957 4.901046e-01
3.23989006675 2.836586e-01
3.63250883392 4.435491e-01
4.0251276011 2.374484e-01
4.41774636828 0.000000e+00
4.81036513545 0.000000e+00
5.20298390263 0.000000e+00
5.59560266981 4.722437e-01
5.98822143698 1.913941e-01
6.38084020416 2.835000e-01
6.77345897134 1.833644e-01
7.16607773852 1.990134e-01
7.55869650569 0.000000e+00
7.95131527287 0.000000e+00
8.34393404005 0.000000e+00
8.73655280722 0.000000e+00
9.1291715744 0.000000e+00
9.52179034158 0.000000e+00
9.91440910876 0.000000e+00
10.3070278759 0.000000e+00
10.6996466431 0.000000e+00
11.0922654103 0.000000e+00
11.4848841775 0.000000e+00
11.8775029446 0.000000e+00
12.2701217118 0.000000e+00
12.662740479 0.000000e+00
13.0553592462 0.000000e+00
13.4479780133 0.000000e+00
13.8405967805 0.000000e+00
14.2332155477 0.000000e+00
14.6258343149 0.000000e+00
15.0184530821 0.000000e+00
15.4110718492 0.000000e+00
15.8036906164 0.000000e+00
16.1963093836 0.000000e+00
16.5889281508 0.000000e+00
16.9815469179 0.000000e+00
17.3741656851 0.000000e+00
17.7667844523 0.000000e+00
18.1594032195 0.000000e+00
18.5520219867 0.000000e+00
18.9446407538 0.000000e+00
19.337259521 0.000000e+00
19.7298782882 0.000000e+00
20.1224970554 0.000000e+00
20.5151158225 0.000000e+00
20.9077345897 0.000000e+00
21.3003533569 0.000000e+00
21.6929721241 0.000000e+00
22.0855908912 0.000000e+00
22.4782096584 0.000000e+00
22.8708284256 0.000000e+00
23.2634471928 0.000000e+00
23.65606596 0.000000e+00
24.0486847271 0.000000e+00
24.4413034943 0.000000e+00
24.8339222615 0.000000e+00
25.2265410287 0.000000e+00
25.6191597958 0.000000e+00
26.011778563 0.000000e+00
26.4043973302 0.000000e+00
26.7970160974 0.000000e+00
27.1896348645 0.000000e+00
27.5822536317 0.000000e+00
27.9748723989 0.000000e+00
28.3674911661 0.000000e+00
28.7601099333 0.000000e+00
29.1527287004 0.000000e+00
29.5453474676 0.000000e+00
29.9379662348 0.000000e+00
30.330585002 0.000000e+00
30.7232037691 0.000000e+00
31.1158225363 0.000000e+00
31.5084413035 0.000000e+00
31.9010600707 0.000000e+00
32.2936788378 0.000000e+00
32.686297605 0.000000e+00
33.0789163722 0.000000e+00
33.4715351394 0.000000e+00
33.8641539066 0.000000e+00
34.2567726737 0.000000e+00
34.6493914409 0.000000e+00
35.0420102081 0.000000e+00
35.4346289753 0.000000e+00
35.8272477424 0.000000e+00
36.2198665096 0.000000e+00
36.6124852768 0.000000e+00
37.005104044 0.000000e+00
37.3977228112 0.000000e+00
37.7903415783 0.000000e+00
38.1829603455 0.000000e+00
38.5755791127 0.000000e+00
38.9681978799 0.000000e+00
39.360816647 0.000000e+00
39.7534354142 0.000000e+00
40.1460541814 0.000000e+00
40.5386729486 0.000000e+00
40.9312917157 0.000000e+00
41.3239104829 0.000000e+00
41.7165292501 0.000000e+00
42.1091480173 0.000000e+00
42.5017667845 0.000000e+00
42.8943855516 0.000000e+00
43.2870043188 0.000000e+00
43.679623086 0.000000e+00
44.0722418532 0.000000e+00
44.4648606203 0.000000e+00
44.8574793875 0.000000e+00
45.2500981547 0.000000e+00
45.6427169219 0.000000e+00
46.035335689 0.000000e+00
46.4279544562 0.000000e+00
46.8205732234 0.000000e+00
47.2131919906 0.000000e+00
47.6058107578 0.000000e+00
47.9984295249 0.000000e+00
48.3910482921 0.000000e+00
48.7836670593 0.000000e+00
49.1762858265 0.000000e+00
49.5689045936 0.000000e+00
49.9615233608 0.000000e+00
50.354142128 0.000000e+00
50.7467608952 0.000000e+00
51.1393796623 0.000000e+00
51.5319984295 0.000000e+00
51.9246171967 0.000000e+00
52.3172359639 0.000000e+00
52.7098547311 0.000000e+00
53.1024734982 0.000000e+00
53.4950922654 0.000000e+00
53.8877110326 0.000000e+00
54.2803297998 0.000000e+00
54.6729485669 0.000000e+00
55.0655673341 0.000000e+00
55.4581861013 0.000000e+00
55.8508048685 0.000000e+00
56.2434236356 0.000000e+00
56.6360424028 0.000000e+00
57.02866117 0.000000e+00
57.4212799372 0.000000e+00
57.8138987044 0.000000e+00
58.2065174715 0.000000e+00
58.5991362387 0.000000e+00
58.9917550059 0.000000e+00
59.3843737731 0.000000e+00
59.7769925402 0.000000e+00
60.1696113074 0.000000e+00
60.5622300746 0.000000e+00
60.9548488418 0.000000e+00
61.347467609 0.000000e+00
61.7400863761 0.000000e+00
62.1327051433 0.000000e+00
62.5253239105 0.000000e+00
62.9179426777 0.000000e+00
63.3105614448 0.000000e+00
63.703180212 0.000000e+00
64.0957989792 0.000000e+00
64.4884177464 0.000000e+00
64.8810365135 0.000000e+00
65.2736552807 0.000000e+00
65.6662740479 0.000000e+00
66.0588928151 0.000000e+00
66.4515115823 0.000000e+00
66.8441303494 0.000000e+00
67.2367491166 0.000000e+00
67.6293678838 0.000000e+00
68.021986651 0.000000e+00
68.4146054181 0.000000e+00
68.8072241853 0.000000e+00
69.1998429525 0.000000e+00
69.5924617197 0.000000e+00
69.9850804868 0.000000e+00
70.377699254 0.000000e+00
70.7703180212 0.000000e+00
71.1629367884 0.000000e+00
71.5555555556 0.000000e+00
71.9481743227 0.000000e+00
72.3407930899 0.000000e+00
72.7334118571 0.000000e+00
73.1260306243 0.000000e+00
73.5186493914 0.000000e+00
73.9112681586 0.000000e+00
74.3038869258 0.000000e+00
74.696505693 0.000000e+00
75.0891244601 0.000000e+00
75.4817432273 0.000000e+00
75.8743619945 0.000000e+00
76.2669807617 0.000000e+00
76.6595995289 0.000000e+00
77.052218296 0.000000e+00
77.4448370632 0.000000e+00
77.8374558304 0.000000e+00
78.2300745976 0.000000e+00
78.6226933647 0.000000e+00
79.0153121319 0.000000e+00
79.4079308991 0.000000e+00
79.8005496663 0.000000e+00
80.1931684335 0.000000e+00
80.5857872006 0.000000e+00
80.9784059678 0.000000e+00
81.371024735 0.000000e+00
81.7636435022 0.000000e+00
82.1562622693 0.000000e+00
82.5488810365 0.000000e+00
82.9414998037 0.000000e+00
83.3341185709 0.000000e+00
83.726737338 0.000000e+00
84.1193561052 0.000000e+00
84.5119748724 0.000000e+00
84.9045936396 0.000000e+00
85.2972124068 0.000000e+00
85.6898311739 0.000000e+00
86.0824499411 0.000000e+00
86.4750687083 0.000000e+00
86.8676874755 0.000000e+00
87.2603062426 0.000000e+00
87.6529250098 0.000000e+00
88.045543777 0.000000e+00
88.4381625442 0.000000e+00
88.8307813113 0.000000e+00
89.2234000785 0.000000e+00
89.6160188457 0.000000e+00
90.0086376129 0.000000e+00
90.4012563801 0.000000e+00
90.7938751472 0.000000e+00
91.1864939144 0.000000e+00
91.5791126816 0.000000e+00
91.9717314488 0.000000e+00
92.3643502159 0.000000e+00
92.7569689831 0.000000e+00
93.1495877503 0.000000e+00
93.5422065175 0.000000e+00
93.9348252846 0.000000e+00
94.3274440518 0.000000e+00
94.720062819 0.000000e+00
95.1126815862 0.000000e+00
95.5053003534 0.000000e+00
95.8979191205 0.000000e+00
96.2905378877 0.000000e+00
96.6831566549 0.000000e+00
97.0757754221 0.000000e+00
97.4683941892 0.000000e+00
97.8610129564 0.000000e+00
98.2536317236 0.000000e+00
98.6462504908 0.000000e+00
99.038869258 0.000000e+00
99.4314880251 0.000000e+00
99.8241067923 0.000000e+00
100.216725559 0.000000e+00
100.609344327 0.000000e+00
101.001963094 0.000000e+00
101.394581861 0.000000e+00
101.787200628 0.000000e+00
102.179819395 0.000000e+00
102.572438163 0.000000e+00
102.96505693 0.000000e+00
103.357675697 0.000000e+00
103.750294464 0.000000e+00
104.142913231 0.000000e+00
104.535531998 0.000000e+00
104.928150766 0.000000e+00
105.320769533 0.000000e+00
105.7133883 0.000000e+00
106.106007067 0.000000e+00
106.498625834 0.000000e+00
106.891244601 0.000000e+00
107.283863369 0.000000e+00
107.676482136 0.000000e+00
108.069100903 0.000000e+00
108.46171967 0.000000e+00
108.854338437 0.000000e+00
109.246957205 0.000000e+00
109.639575972 0.000000e+00
110.032194739 0.000000e+00
110.424813506 0.000000e+00
110.817432273 0.000000e+00
111.21005104 0.000000e+00
111.602669808 0.000000e+00
111.995288575 0.000000e+00
112.387907342 0.000000e+00
112.780526109 0.000000e+00
113.173144876 0.000000e+00
113.565763644 0.000000e+00
113.958382411 0.000000e+00
114.351001178 0.000000e+00
114.743619945 0.000000e+00
115.136238712 0.000000e+00
115.528857479 0.000000e+00
115.921476247 0.000000e+00
116.314095014 0.000000e+00
116.706713781 0.000000e+00
117.099332548 0.000000e+00
117.491951315 0.000000e+00
117.884570082 0.000000e+00
118.27718885 0.000000e+00
118.669807617 0.000000e+00
119.062426384 0.000000e+00
119.455045151 0.000000e+00
119.847663918 0.000000e+00
120.240282686 0.000000e+00
120.632901453 0.000000e+00
121.02552022 0.000000e+00
121.418138987 0.000000e+00
121.810757754 0.000000e+00
122.203376521 0.000000e+00
122.595995289 0.000000e+00
122.988614056 0.000000e+00
123.381232823 0.000000e+00
123.77385159 0.000000e+00
124.166470357 0.000000e+00
124.559089124 0.000000e+00
124.951707892 0.000000e+00
125.344326659 0.000000e+00
125.736945426 0.000000e+00
126.129564193 0.000000e+00
126.52218296 0.000000e+00
126.914801728 0.000000e+00
127.307420495 0.000000e+00
127.700039262 0.000000e+00
128.092658029 0.000000e+00
128.485276796 0.000000e+00
128.877895563 0.000000e+00
129.270514331 0.000000e+00
129.663133098 0.000000e+00
130.055751865 0.000000e+00
130.448370632 0.000000e+00
130.840989399 0.000000e+00
131.233608166 0.000000e+00
131.626226934 0.000000e+00
132.018845701 0.000000e+00
132.411464468 0.000000e+00
132.804083235 0.000000e+00
133.196702002 0.000000e+00
133.58932077 0.000000e+00
133.981939537 0.000000e+00
134.374558304 0.000000e+00
134.767177071 0.000000e+00
135.159795838 0.000000e+00
135.552414605 0.000000e+00
135.945033373 0.000000e+00
136.33765214 0.000000e+00
136.730270907 0.000000e+00
137.122889674 0.000000e+00
137.515508441 0.000000e+00
137.908127208 0.000000e+00
138.300745976 0.000000e+00
138.693364743 0.000000e+00
139.08598351 0.000000e+00
139.478602277 0.000000e+00
139.871221044 0.000000e+00
140.263839812 0.000000e+00
140.656458579 0.000000e+00
141.049077346 0.000000e+00
141.441696113 0.000000e+00
141.83431488 0.000000e+00
142.226933647 0.000000e+00
142.619552415 0.000000e+00
143.012171182 0.000000e+00
143.404789949 0.000000e+00
143.797408716 0.000000e+00
144.190027483 0.000000e+00
144.58264625 0.000000e+00
144.975265018 0.000000e+00
145.367883785 0.000000e+00
145.760502552 0.000000e+00
146.153121319 0.000000e+00
146.545740086 0.000000e+00
146.938358854 0.000000e+00
147.330977621 0.000000e+00
147.723596388 0.000000e+00
148.116215155 0.000000e+00
148.508833922 0.000000e+00
148.901452689 0.000000e+00
149.294071457 0.000000e+00
149.686690224 0.000000e+00
150.079308991 0.000000e+00
150.471927758 0.000000e+00
150.864546525 0.000000e+00
151.257165293 0.000000e+00
151.64978406 0.000000e+00
152.042402827 0.000000e+00
152.435021594 0.000000e+00
152.827640361 0.000000e+00
153.220259128 0.000000e+00
153.612877896 0.000000e+00
154.005496663 0.000000e+00
154.39811543 0.000000e+00
154.790734197 0.000000e+00
155.183352964 0.000000e+00
155.575971731 0.000000e+00
155.968590499 0.000000e+00
156.361209266 0.000000e+00
156.753828033 0.000000e+00
157.1464468 0.000000e+00
157.539065567 0.000000e+00
157.931684335 0.000000e+00
158.324303102 0.000000e+00
158.716921869 0.000000e+00
159.109540636 0.000000e+00
159.502159403 0.000000e+00
159.89477817 0.000000e+00
160.287396938 0.000000e+00
160.680015705 0.000000e+00
161.072634472 0.000000e+00
161.465253239 0.000000e+00
161.857872006 0.000000e+00
162.250490773 0.000000e+00
162.643109541 0.000000e+00
163.035728308 0.000000e+00
163.428347075 0.000000e+00
163.820965842 0.000000e+00
164.213584609 0.000000e+00
164.606203377 0.000000e+00
164.998822144 0.000000e+00
165.391440911 0.000000e+00
165.784059678 0.000000e+00
166.176678445 0.000000e+00
166.569297212 0.000000e+00
166.96191598 0.000000e+00
167.354534747 0.000000e+00
167.747153514 0.000000e+00
168.139772281 0.000000e+00
168.532391048 0.000000e+00
168.925009815 0.000000e+00
169.317628583 0.000000e+00
169.71024735 0.000000e+00
170.102866117 0.000000e+00
170.495484884 0.000000e+00
170.888103651 0.000000e+00
171.280722419 0.000000e+00
171.673341186 0.000000e+00
172.065959953 0.000000e+00
172.45857872 0.000000e+00
172.851197487 0.000000e+00
173.243816254 0.000000e+00
173.636435022 0.000000e+00
174.029053789 0.000000e+00
174.421672556 0.000000e+00
174.814291323 0.000000e+00
175.20691009 0.000000e+00
175.599528857 0.000000e+00
175.992147625 0.000000e+00
176.384766392 0.000000e+00
176.777385159 0.000000e+00
177.170003926 0.000000e+00
177.562622693 0.000000e+00
177.955241461 0.000000e+00
178.347860228 0.000000e+00
178.740478995 0.000000e+00
179.133097762 0.000000e+00
179.525716529 0.000000e+00
179.918335296 0.000000e+00
180.310954064 0.000000e+00
180.703572831 0.000000e+00
181.096191598 0.000000e+00
181.488810365 0.000000e+00
181.881429132 0.000000e+00
182.274047899 0.000000e+00
182.666666667 0.000000e+00
183.059285434 0.000000e+00
183.451904201 0.000000e+00
183.844522968 0.000000e+00
184.237141735 0.000000e+00
184.629760503 0.000000e+00
185.02237927 0.000000e+00
185.414998037 0.000000e+00
185.807616804 0.000000e+00
186.200235571 0.000000e+00
186.592854338 0.000000e+00
186.985473106 0.000000e+00
187.378091873 0.000000e+00
187.77071064 0.000000e+00
188.163329407 0.000000e+00
188.555948174 0.000000e+00
188.948566941 0.000000e+00
189.341185709 0.000000e+00
189.733804476 0.000000e+00
190.126423243 0.000000e+00
190.51904201 0.000000e+00
190.911660777 0.000000e+00
191.304279545 0.000000e+00
191.696898312 0.000000e+00
192.089517079 0.000000e+00
192.482135846 0.000000e+00
192.874754613 0.000000e+00
193.26737338 0.000000e+00
193.659992148 0.000000e+00
194.052610915 0.000000e+00
194.445229682 0.000000e+00
194.837848449 0.000000e+00
195.230467216 0.000000e+00
195.623085984 0.000000e+00
196.015704751 0.000000e+00
196.408323518 0.000000e+00
196.800942285 0.000000e+00
197.193561052 0.000000e+00
197.586179819 0.000000e+00
197.978798587 0.000000e+00
198.371417354 0.000000e+00
198.764036121 0.000000e+00
199.156654888 0.000000e+00
199.549273655 0.000000e+00
199.941892422 0.000000e+00
200.33451119 0.000000e+00
200.727129957 0.000000e+00
201.119748724 0.000000e+00
201.512367491 0.000000e+00
201.904986258 0.000000e+00
202.297605026 0.000000e+00
202.690223793 0.000000e+00
203.08284256 0.000000e+00
203.475461327 0.000000e+00
203.868080094 0.000000e+00
204.260698861 0.000000e+00
204.653317629 0.000000e+00
205.045936396 0.000000e+00
205.438555163 0.000000e+00
205.83117393 0.000000e+00
206.223792697 0.000000e+00
206.616411464 0.000000e+00
207.009030232 0.000000e+00
207.401648999 0.000000e+00
207.794267766 0.000000e+00
208.186886533 0.000000e+00
208.5795053 0.000000e+00
208.972124068 0.000000e+00
209.364742835 0.000000e+00
209.757361602 0.000000e+00
210.149980369 0.000000e+00
210.542599136 0.000000e+00
210.935217903 0.000000e+00
211.327836671 0.000000e+00
211.720455438 0.000000e+00
212.113074205 0.000000e+00
212.505692972 0.000000e+00
212.898311739 0.000000e+00
213.290930506 0.000000e+00
213.683549274 0.000000e+00
214.076168041 0.000000e+00
214.468786808 0.000000e+00
214.861405575 0.000000e+00
215.254024342 0.000000e+00
215.64664311 0.000000e+00
216.039261877 0.000000e+00
216.431880644 0.000000e+00
216.824499411 0.000000e+00
217.217118178 0.000000e+00
217.609736945 0.000000e+00
218.002355713 0.000000e+00
218.39497448 0.000000e+00
218.787593247 0.000000e+00
219.180212014 0.000000e+00
219.572830781 0.000000e+00
219.965449548 0.000000e+00
220.358068316 0.000000e+00
220.750687083 0.000000e+00
221.14330585 0.000000e+00
221.535924617 0.000000e+00
221.928543384 0.000000e+00
222.321162152 0.000000e+00
222.713780919 0.000000e+00
223.106399686 0.000000e+00
223.499018453 0.000000e+00
223.89163722 0.000000e+00
224.284255987 0.000000e+00
224.676874755 0.000000e+00
225.069493522 0.000000e+00
225.462112289 0.000000e+00
225.854731056 0.000000e+00
226.247349823 0.000000e+00
226.63996859 0.000000e+00
227.032587358 0.000000e+00
227.425206125 0.000000e+00
227.817824892 0.000000e+00
228.210443659 0.000000e+00
228.603062426 0.000000e+00
228.995681194 0.000000e+00
229.388299961 0.000000e+00
229.780918728 0.000000e+00
230.173537495 0.000000e+00
230.566156262 0.000000e+00
230.958775029 0.000000e+00
231.351393797 0.000000e+00
231.744012564 0.000000e+00
232.136631331 0.000000e+00
232.529250098 0.000000e+00
232.921868865 0.000000e+00
233.314487633 0.000000e+00
233.7071064 0.000000e+00
234.099725167 0.000000e+00
234.492343934 0.000000e+00
234.884962701 0.000000e+00
235.277581468 0.000000e+00
235.670200236 0.000000e+00
236.062819003 0.000000e+00
236.45543777 0.000000e+00
236.848056537 0.000000e+00
237.240675304 0.000000e+00
237.633294071 0.000000e+00
238.025912839 0.000000e+00
238.418531606 0.000000e+00
238.811150373 0.000000e+00
239.20376914 0.000000e+00
239.596387907 0.000000e+00
239.989006675 0.000000e+00
240.381625442 0.000000e+00
240.774244209 0.000000e+00
241.166862976 0.000000e+00
241.559481743 0.000000e+00
241.95210051 0.000000e+00
242.344719278 0.000000e+00
242.737338045 0.000000e+00
243.129956812 0.000000e+00
243.522575579 0.000000e+00
243.915194346 0.000000e+00
244.307813113 0.000000e+00
244.700431881 0.000000e+00
245.093050648 0.000000e+00
245.485669415 0.000000e+00
245.878288182 0.000000e+00
246.270906949 0.000000e+00
246.663525717 0.000000e+00
247.056144484 0.000000e+00
247.448763251 0.000000e+00
247.841382018 0.000000e+00
248.234000785 0.000000e+00
248.626619552 0.000000e+00
249.01923832 0.000000e+00
249.411857087 0.000000e+00
249.804475854 0.000000e+00
250.197094621 0.000000e+00
250.589713388 0.000000e+00
250.982332155 0.000000e+00
251.374950923 0.000000e+00
251.76756969 0.000000e+00
252.160188457 0.000000e+00
252.552807224 0.000000e+00
252.945425991 0.000000e+00
253.338044759 0.000000e+00
253.730663526 0.000000e+00
254.123282293 0.000000e+00
254.51590106 0.000000e+00
254.908519827 0.000000e+00
255.301138594 0.000000e+00
255.693757362 0.000000e+00
256.086376129 0.000000e+00
256.478994896 0.000000e+00
256.871613663 0.000000e+00
257.26423243 0.000000e+00
257.656851197 0.000000e+00
258.049469965 0.000000e+00
258.442088732 0.000000e+00
258.834707499 0.000000e+00
259.227326266 0.000000e+00
259.619945033 0.000000e+00
260.012563801 0.000000e+00
260.405182568 0.000000e+00
260.797801335 0.000000e+00
261.190420102 0.000000e+00
261.583038869 0.000000e+00
261.975657636 0.000000e+00
262.368276404 0.000000e+00
262.760895171 0.000000e+00
263.153513938 0.000000e+00
263.546132705 0.000000e+00
263.938751472 0.000000e+00
264.331370239 0.000000e+00
264.723989007 0.000000e+00
265.116607774 0.000000e+00
265.509226541 0.000000e+00
265.901845308 0.000000e+00
266.294464075 0.000000e+00
266.687082843 0.000000e+00
267.07970161 0.000000e+00
267.472320377 0.000000e+00
267.864939144 0.000000e+00
268.257557911 0.000000e+00
268.650176678 0.000000e+00
269.042795446 0.000000e+00
269.435414213 0.000000e+00
269.82803298 0.000000e+00
270.220651747 0.000000e+00
270.613270514 0.000000e+00
271.005889282 0.000000e+00
271.398508049 0.000000e+00
271.791126816 0.000000e+00
272.183745583 0.000000e+00
272.57636435 0.000000e+00
272.968983117 0.000000e+00
273.361601885 0.000000e+00
273.754220652 0.000000e+00
274.146839419 0.000000e+00
274.539458186 0.000000e+00
274.932076953 0.000000e+00
275.32469572 0.000000e+00
275.717314488 0.000000e+00
276.109933255 0.000000e+00
276.502552022 0.000000e+00
276.895170789 0.000000e+00
277.287789556 0.000000e+00
277.680408324 0.000000e+00
278.073027091 0.000000e+00
278.465645858 0.000000e+00
278.858264625 0.000000e+00
279.250883392 0.000000e+00
279.643502159 0.000000e+00
280.036120927 0.000000e+00
280.428739694 0.000000e+00
280.821358461 0.000000e+00
281.213977228 0.000000e+00
281.606595995 0.000000e+00
281.999214762 0.000000e+00
282.39183353 0.000000e+00
282.784452297 0.000000e+00
283.177071064 0.000000e+00
283.569689831 0.000000e+00
283.962308598 0.000000e+00
284.354927366 0.000000e+00
284.747546133 0.000000e+00
285.1401649 0.000000e+00
285.532783667 0.000000e+00
285.925402434 0.000000e+00
286.318021201 0.000000e+00
286.710639969 0.000000e+00
287.103258736 0.000000e+00
287.495877503 0.000000e+00
287.88849627 0.000000e+00
288.281115037 0.000000e+00
288.673733804 0.000000e+00
289.066352572 0.000000e+00
289.458971339 0.000000e+00
289.851590106 0.000000e+00
290.244208873 0.000000e+00
290.63682764 0.000000e+00
291.029446408 0.000000e+00
291.422065175 0.000000e+00
291.814683942 0.000000e+00
292.207302709 0.000000e+00
292.599921476 0.000000e+00
292.992540243 0.000000e+00
293.385159011 0.000000e+00
293.777777778 0.000000e+00
294.170396545 0.000000e+00
294.563015312 0.000000e+00
294.955634079 0.000000e+00
295.348252846 0.000000e+00
295.740871614 0.000000e+00
296.133490381 0.000000e+00
296.526109148 0.000000e+00
296.918727915 0.000000e+00
297.311346682 0.000000e+00
297.70396545 0.000000e+00
298.096584217 0.000000e+00
298.489202984 0.000000e+00
298.881821751 0.000000e+00
299.274440518 0.000000e+00
299.667059285 0.000000e+00
300.059678053 0.000000e+00
300.45229682 0.000000e+00
300.844915587 0.000000e+00
301.237534354 0.000000e+00
301.630153121 0.000000e+00
302.022771888 0.000000e+00
302.415390656 0.000000e+00
302.808009423 0.000000e+00
303.20062819 0.000000e+00
303.593246957 0.000000e+00
303.985865724 0.000000e+00
304.378484492 0.000000e+00
304.771103259 0.000000e+00
305.163722026 0.000000e+00
305.556340793 0.000000e+00
305.94895956 0.000000e+00
306.341578327 0.000000e+00
306.734197095 0.000000e+00
307.126815862 0.000000e+00
307.519434629 0.000000e+00
307.912053396 0.000000e+00
308.304672163 0.000000e+00
308.697290931 0.000000e+00
309.089909698 0.000000e+00
309.482528465 0.000000e+00
309.875147232 0.000000e+00
310.267765999 0.000000e+00
310.660384766 0.000000e+00
311.053003534 0.000000e+00
311.445622301 0.000000e+00
311.838241068 0.000000e+00
312.230859835 0.000000e+00
312.623478602 0.000000e+00
313.016097369 0.000000e+00
313.408716137 0.000000e+00
313.801334904 0.000000e+00
314.193953671 0.000000e+00
314.586572438 0.000000e+00
314.979191205 0.000000e+00
315.371809973 0.000000e+00
315.76442874 0.000000e+00
316.157047507 0.000000e+00
316.549666274 0.000000e+00
316.942285041 0.000000e+00
317.334903808 0.000000e+00
317.727522576 0.000000e+00
318.120141343 0.000000e+00
318.51276011 0.000000e+00
318.905378877 0.000000e+00
319.297997644 0.000000e+00
319.690616411 0.000000e+00
320.083235179 0.000000e+00
320.475853946 0.000000e+00
320.868472713 0.000000e+00
321.26109148 0.000000e+00
321.653710247 0.000000e+00
322.046329015 0.000000e+00
322.438947782 0.000000e+00
322.831566549 0.000000e+00
323.224185316 0.000000e+00
323.616804083 0.000000e+00
324.00942285 0.000000e+00
324.402041618 0.000000e+00
324.794660385 0.000000e+00
325.187279152 0.000000e+00
325.579897919 0.000000e+00
325.972516686 0.000000e+00
326.365135453 0.000000e+00
326.757754221 0.000000e+00
327.150372988 0.000000e+00
327.542991755 0.000000e+00
327.935610522 0.000000e+00
328.328229289 0.000000e+00
328.720848057 0.000000e+00
329.113466824 0.000000e+00
329.506085591 0.000000e+00
329.898704358 0.000000e+00
330.291323125 0.000000e+00
330.683941892 0.000000e+00
331.07656066 0.000000e+00
331.469179427 0.000000e+00
331.861798194 0.000000e+00
332.254416961 0.000000e+00
332.647035728 0.000000e+00
333.039654495 0.000000e+00
333.432273263 0.000000e+00
333.82489203 0.000000e+00
334.217510797 0.000000e+00
334.610129564 0.000000e+00
335.002748331 0.000000e+00
335.395367099 0.000000e+00
335.787985866 0.000000e+00
336.180604633 0.000000e+00
336.5732234 0.000000e+00
336.965842167 0.000000e+00
337.358460934 0.000000e+00
337.751079702 0.000000e+00
338.143698469 0.000000e+00
338.536317236 0.000000e+00
338.928936003 0.000000e+00
339.32155477 0.000000e+00
339.714173537 0.000000e+00
340.106792305 0.000000e+00
340.499411072 0.000000e+00
340.892029839 0.000000e+00
341.284648606 0.000000e+00
341.677267373 0.000000e+00
342.069886141 0.000000e+00
342.462504908 0.000000e+00
342.855123675 0.000000e+00
343.247742442 0.000000e+00
343.640361209 0.000000e+00
344.032979976 0.000000e+00
344.425598744 0.000000e+00
344.818217511 0.000000e+00
345.210836278 0.000000e+00
345.603455045 0.000000e+00
345.996073812 0.000000e+00
346.38869258 0.000000e+00
346.781311347 0.000000e+00
347.173930114 0.000000e+00
347.566548881 0.000000e+00
347.959167648 0.000000e+00
348.351786415 0.000000e+00
348.744405183 0.000000e+00
349.13702395 0.000000e+00
349.529642717 0.000000e+00
349.922261484 0.000000e+00
350.314880251 0.000000e+00
350.707499018 0.000000e+00
351.100117786 0.000000e+00
351.492736553 0.000000e+00
351.88535532 0.000000e+00
352.277974087 0.000000e+00
352.670592854 0.000000e+00
353.063211622 0.000000e+00
353.455830389 0.000000e+00
353.848449156 0.000000e+00
354.241067923 0.000000e+00
354.63368669 0.000000e+00
355.026305457 0.000000e+00
355.418924225 0.000000e+00
355.811542992 0.000000e+00
356.204161759 0.000000e+00
356.596780526 0.000000e+00
356.989399293 0.000000e+00
357.38201806 0.000000e+00
357.774636828 0.000000e+00
358.167255595 0.000000e+00
358.559874362 0.000000e+00
358.952493129 0.000000e+00
359.345111896 0.000000e+00
359.737730664 0.000000e+00
360.130349431 0.000000e+00
360.522968198 0.000000e+00
360.915586965 0.000000e+00
361.308205732 0.000000e+00
361.700824499 0.000000e+00
362.093443267 0.000000e+00
362.486062034 0.000000e+00
362.878680801 0.000000e+00
363.271299568 0.000000e+00
363.663918335 0.000000e+00
364.056537102 0.000000e+00
364.44915587 0.000000e+00
364.841774637 0.000000e+00
365.234393404 0.000000e+00
365.627012171 0.000000e+00
366.019630938 0.000000e+00
366.412249706 0.000000e+00
366.804868473 0.000000e+00
367.19748724 0.000000e+00
367.590106007 0.000000e+00
367.982724774 0.000000e+00
368.375343541 0.000000e+00
368.767962309 0.000000e+00
369.160581076 0.000000e+00
369.553199843 0.000000e+00
369.94581861 0.000000e+00
370.338437377 0.000000e+00
370.731056144 0.000000e+00
371.123674912 0.000000e+00
371.516293679 0.000000e+00
371.908912446 0.000000e+00
372.301531213 0.000000e+00
372.69414998 0.000000e+00
373.086768748 0.000000e+00
373.479387515 0.000000e+00
373.872006282 0.000000e+00
374.264625049 0.000000e+00
374.657243816 0.000000e+00
375.049862583 0.000000e+00
375.442481351 0.000000e+00
375.835100118 0.000000e+00
376.227718885 0.000000e+00
376.620337652 0.000000e+00
377.012956419 0.000000e+00
377.405575186 0.000000e+00
377.798193954 0.000000e+00
378.798193954 0.0
379.798193954 0.0
380.798193954 0.0
381.798193954 0.0
382.798193954 0.0
383.798193954 0.0
384.798193954 0.0
385.798193954 0.0
386.798193954 0.0
387.798193954 0.0
388.798193954 0.0
389.798193954 0.0
390.798193954 0.0
391.798193954 0.0
392.798193954 0.0
393.798193954 0.0
394.798193954 0.0
395.798193954 0.0
396.798193954 0.0
397.798193954 0.0
398.798193954 0.0
399.798193954 0.0
400.798193954 0.0
401.798193954 0.0
402.798193954 0.0
403.798193954 0.0
404.798193954 0.0
405.798193954 0.0
406.798193954 0.0
407.798193954 0.0
408.798193954 0.0
409.798193954 0.0
410.798193954 0.0
411.798193954 0.0
412.798193954 0.0
413.798193954 0.0
414.798193954 0.0
415.798193954 0.0
416.798193954 0.0
417.798193954 0.0
418.798193954 0.0
419.798193954 0.0
420.798193954 0.0
421.798193954 0.0
422.798193954 0.0
423.798193954 0.0
424.798193954 0.0
425.798193954 0.0
426.798193954 0.0
427.798193954 0.0
428.798193954 0.0
429.798193954 0.0
430.798193954 0.0
431.798193954 0.0
432.798193954 0.0
433.798193954 0.0
434.798193954 0.0
435.798193954 0.0
436.798193954 0.0
437.798193954 0.0
438.798193954 0.0
439.798193954 0.0
440.798193954 0.0
441.798193954 0.0
442.798193954 0.0
443.798193954 0.0
444.798193954 0.0
445.798193954 0.0
446.798193954 0.0
447.798193954 0.0
448.798193954 0.0
449.798193954 0.0
450.798193954 0.0
451.798193954 0.0
452.798193954 0.0
453.798193954 0.0
454.798193954 0.0
455.798193954 0.0
456.798193954 0.0
457.798193954 0.0
458.798193954 0.0
459.798193954 0.0
460.798193954 0.0
461.798193954 0.0
462.798193954 0.0
463.798193954 0.0
464.798193954 0.0
465.798193954 0.0
466.798193954 0.0
467.798193954 0.0
468.798193954 0.0
469.798193954 0.0
470.798193954 0.0
471.798193954 0.0
472.798193954 0.0
473.798193954 0.0
474.798193954 0.0
475.798193954 0.0
476.798193954 0.0
477.798193954 0.0
478.798193954 0.0
479.798193954 0.0
480.798193954 0.0
481.798193954 0.0
482.798193954 0.0
483.798193954 0.0
484.798193954 0.0
485.798193954 0.0
486.798193954 0.0
487.798193954 0.0
488.798193954 0.0
489.798193954 0.0
490.798193954 0.0
491.798193954 0.0
492.798193954 0.0
493.798193954 0.0
494.798193954 0.0
495.798193954 0.0
496.798193954 0.0
497.798193954 0.0
498.798193954 0.0
499.798193954 0.0
500.798193954 0.0
501.798193954 0.0
502.798193954 0.0
503.798193954 0.0
504.798193954 0.0
505.798193954 0.0
506.798193954 0.0
507.798193954 0.0
508.798193954 0.0
509.798193954 0.0
510.798193954 0.0
511.798193954 0.0
512.798193954 0.0
513.798193954 0.0
514.798193954 0.0
515.798193954 0.0
516.798193954 0.0
517.798193954 0.0
518.798193954 0.0
519.798193954 0.0
520.798193954 0.0
521.798193954 0.0
522.798193954 0.0
523.798193954 0.0
524.798193954 0.0
525.798193954 0.0
526.798193954 0.0
527.798193954 0.0
528.798193954 0.0
529.798193954 0.0
530.798193954 0.0
531.798193954 0.0
532.798193954 0.0
533.798193954 0.0
534.798193954 0.0
535.798193954 0.0
536.798193954 0.0
537.798193954 0.0
538.798193954 0.0
539.798193954 0.0
540.798193954 0.0
541.798193954 0.0
542.798193954 0.0
543.798193954 0.0
544.798193954 0.0
545.798193954 0.0
546.798193954 0.0
547.798193954 0.0
548.798193954 0.0
549.798193954 0.0
550.798193954 0.0
551.798193954 0.0
552.798193954 0.0
553.798193954 0.0
554.798193954 0.0
555.798193954 0.0
556.798193954 0.0
557.798193954 0.0
558.798193954 0.0
559.798193954 0.0
560.798193954 0.0
561.798193954 0.0
562.798193954 0.0
563.798193954 0.0
564.798193954 0.0
565.798193954 0.0
566.798193954 0.0
567.798193954 0.0
568.798193954 0.0
569.798193954 0.0
570.798193954 0.0
571.798193954 0.0
572.798193954 0.0
573.798193954 0.0
574.798193954 0.0
575.798193954 0.0
576.798193954 0.0
577.798193954 0.0
578.798193954 0.0
579.798193954 0.0
580.798193954 0.0
581.798193954 0.0
582.798193954 0.0
583.798193954 0.0
584.798193954 0.0
585.798193954 0.0
586.798193954 0.0
587.798193954 0.0
588.798193954 0.0
589.798193954 0.0
590.798193954 0.0
591.798193954 0.0
592.798193954 0.0
593.798193954 0.0
594.798193954 0.0
595.798193954 0.0
596.798193954 0.0
597.798193954 0.0
598.798193954 0.0
599.798193954 0.0
600.798193954 0.0
601.798193954 0.0
602.798193954 0.0
603.798193954 0.0
604.798193954 0.0
605.798193954 0.0
606.798193954 0.0
607.798193954 0.0
608.798193954 0.0
609.798193954 0.0
610.798193954 0.0
611.798193954 0.0
612.798193954 0.0
613.798193954 0.0
614.798193954 0.0
615.798193954 0.0
616.798193954 0.0
617.798193954 0.0
618.798193954 0.0
619.798193954 0.0
620.798193954 0.0
621.798193954 0.0
622.798193954 0.0
623.798193954 0.0
624.798193954 0.0
625.798193954 0.0
626.798193954 0.0
627.798193954 0.0
628.798193954 0.0
629.798193954 0.0
630.798193954 0.0
631.798193954 0.0
632.798193954 0.0
633.798193954 0.0
634.798193954 0.0
635.798193954 0.0
636.798193954 0.0
637.798193954 0.0
638.798193954 0.0
639.798193954 0.0
640.798193954 0.0
641.798193954 0.0
642.798193954 0.0
643.798193954 0.0
644.798193954 0.0
645.798193954 0.0
646.798193954 0.0
647.798193954 0.0
648.798193954 0.0
649.798193954 0.0
650.798193954 0.0
651.798193954 0.0
652.798193954 0.0
653.798193954 0.0
654.798193954 0.0
655.798193954 0.0
656.798193954 0.0
657.798193954 0.0
658.798193954 0.0
659.798193954 0.0
660.798193954 0.0
661.798193954 0.0
662.798193954 0.0
663.798193954 0.0
664.798193954 0.0
665.798193954 0.0
666.798193954 0.0
667.798193954 0.0
668.798193954 0.0
669.798193954 0.0
670.798193954 0.0
671.798193954 0.0
672.798193954 0.0
673.798193954 0.0
674.798193954 0.0
675.798193954 0.0
676.798193954 0.0
677.798193954 0.0
678.798193954 0.0
679.798193954 0.0
680.798193954 0.0
681.798193954 0.0
682.798193954 0.0
683.798193954 0.0
684.798193954 0.0
685.798193954 0.0
686.798193954 0.0
687.798193954 0.0
688.798193954 0.0
689.798193954 0.0
690.798193954 0.0
691.798193954 0.0
692.798193954 0.0
693.798193954 0.0
694.798193954 0.0
695.798193954 0.0
696.798193954 0.0
697.798193954 0.0
698.798193954 0.0
699.798193954 0.0
700.798193954 0.0
701.798193954 0.0
702.798193954 0.0
703.798193954 0.0
704.798193954 0.0
705.798193954 0.0
706.798193954 0.0
707.798193954 0.0
708.798193954 0.0
709.798193954 0.0
710.798193954 0.0
711.798193954 0.0
712.798193954 0.0
713.798193954 0.0
714.798193954 0.0
715.798193954 0.0
716.798193954 0.0
717.798193954 0.0
718.798193954 0.0
719.798193954 0.0
720.798193954 0.0
721.798193954 0.0
722.798193954 0.0
723.798193954 0.0
724.798193954 0.0
725.798193954 0.0
726.798193954 0.0
727.798193954 0.0
728.798193954 0.0
729.798193954 0.0
730.798193954 0.0
731.798193954 0.0
732.798193954 0.0
733.798193954 0.0
734.798193954 0.0
735.798193954 0.0
736.798193954 0.0
737.798193954 0.0
738.798193954 0.0
739.798193954 0.0
740.798193954 0.0
741.798193954 0.0
742.798193954 0.0
743.798193954 0.0
744.798193954 0.0
745.798193954 0.0
746.798193954 0.0
747.798193954 0.0
748.798193954 0.0
749.798193954 0.0
750.798193954 0.0
751.798193954 0.0
752.798193954 0.0
753.798193954 0.0
754.798193954 0.0
755.798193954 0.0
756.798193954 0.0
757.798193954 0.0
758.798193954 0.0
759.798193954 0.0
760.798193954 0.0
761.798193954 0.0
762.798193954 0.0
763.798193954 0.0
764.798193954 0.0
765.798193954 0.0
766.798193954 0.0
767.798193954 0.0
768.798193954 0.0
769.798193954 0.0
770.798193954 0.0
771.798193954 0.0
772.798193954 0.0
773.798193954 0.0
774.798193954 0.0
775.798193954 0.0
776.798193954 0.0
777.798193954 0.0
778.798193954 0.0
779.798193954 0.0
780.798193954 0.0
781.798193954 0.0
782.798193954 0.0
783.798193954 0.0
784.798193954 0.0
785.798193954 0.0
786.798193954 0.0
787.798193954 0.0
788.798193954 0.0
789.798193954 0.0
790.798193954 0.0
791.798193954 0.0
792.798193954 0.0
793.798193954 0.0
794.798193954 0.0
795.798193954 0.0
796.798193954 0.0
797.798193954 0.0
798.798193954 0.0
799.798193954 0.0
800.798193954 0.0
801.798193954 0.0
802.798193954 0.0
803.798193954 0.0
804.798193954 0.0
805.798193954 0.0
806.798193954 0.0
807.798193954 0.0
808.798193954 0.0
809.798193954 0.0
810.798193954 0.0
811.798193954 0.0
812.798193954 0.0
813.798193954 0.0
814.798193954 0.0
815.798193954 0.0
816.798193954 0.0
817.798193954 0.0
818.798193954 0.0
819.798193954 0.0
820.798193954 0.0
821.798193954 0.0
822.798193954 0.0
823.798193954 0.0
824.798193954 0.0
825.798193954 0.0
826.798193954 0.0
827.798193954 0.0
828.798193954 0.0
829.798193954 0.0
830.798193954 0.0
831.798193954 0.0
832.798193954 0.0
833.798193954 0.0
834.798193954 0.0
835.798193954 0.0
836.798193954 0.0
837.798193954 0.0
838.798193954 0.0
839.798193954 0.0
840.798193954 0.0
841.798193954 0.0
842.798193954 0.0
843.798193954 0.0
844.798193954 0.0
845.798193954 0.0
846.798193954 0.0
847.798193954 0.0
848.798193954 0.0
849.798193954 0.0
850.798193954 0.0
851.798193954 0.0
852.798193954 0.0
853.798193954 0.0
854.798193954 0.0
855.798193954 0.0
856.798193954 0.0
857.798193954 0.0
858.798193954 0.0
859.798193954 0.0
860.798193954 0.0
861.798193954 0.0
862.798193954 0.0
863.798193954 0.0
864.798193954 0.0
865.798193954 0.0
866.798193954 0.0
867.798193954 0.0
868.798193954 0.0
869.798193954 0.0
870.798193954 0.0
871.798193954 0.0
872.798193954 0.0
873.798193954 0.0
874.798193954 0.0
875.798193954 0.0
876.798193954 0.0
877.798193954 0.0
