-591.792944785 0.0
-590.792944785 0.0
-589.792944785 0.0
-588.792944785 0.0
-587.792944785 0.0
-586.792944785 0.0
-585.792944785 0.0
-584.792944785 0.0
-583.792944785 0.0
-582.792944785 0.0
-581.792944785 0.0
-580.792944785 0.0
-579.792944785 0.0
-578.792944785 0.0
-577.792944785 0.0
-576.792944785 0.0
-575.792944785 0.0
-574.792944785 0.0
-573.792944785 0.0
-572.792944785 0.0
-571.792944785 0.0
-570.792944785 0.0
-569.792944785 0.0
-568.792944785 0.0
-567.792944785 0.0
-566.792944785 0.0
-565.792944785 0.0
-564.792944785 0.0
-563.792944785 0.0
-562.792944785 0.0
-561.792944785 0.0
-560.792944785 0.0
-559.792944785 0.0
-558.792944785 0.0
-557.792944785 0.0
-556.792944785 0.0
-555.792944785 0.0
-554.792944785 0.0
-553.792944785 0.0
-552.792944785 0.0
-551.792944785 0.0
-550.792944785 0.0
-549.792944785 0.0
-548.792944785 0.0
-547.792944785 0.0
-546.792944785 0.0
-545.792944785 0.0
-544.792944785 0.0
-543.792944785 0.0
-542.792944785 0.0
-541.792944785 0.0
-540.792944785 0.0
-539.792944785 0.0
-538.792944785 0.0
-537.792944785 0.0
-536.792944785 0.0
-535.792944785 0.0
-534.792944785 0.0
-533.792944785 0.0
-532.792944785 0.0
-531.792944785 0.0
-530.792944785 0.0
-529.792944785 0.0
-528.792944785 0.0
-527.792944785 0.0
-526.792944785 0.0
-525.792944785 0.0
-524.792944785 0.0
-523.792944785 0.0
-522.792944785 0.0
-521.792944785 0.0
-520.792944785 0.0
-519.792944785 0.0
-518.792944785 0.0
-517.792944785 0.0
-516.792944785 0.0
-515.792944785 0.0
-514.792944785 0.0
-513.792944785 0.0
-512.792944785 0.0
-511.792944785 0.0
-510.792944785 0.0
-509.792944785 0.0
-508.792944785 0.0
-507.792944785 0.0
-506.792944785 0.0
-505.792944785 0.0
-504.792944785 0.0
-503.792944785 0.0
-502.792944785 0.0
-501.792944785 0.0
-500.792944785 0.0
-499.792944785 0.0
-498.792944785 0.0
-497.792944785 0.0
-496.792944785 0.0
-495.792944785 0.0
-494.792944785 0.0
-493.792944785 0.0
-492.792944785 0.0
-491.792944785 0.0
-490.792944785 0.0
-489.792944785 0.0
-488.792944785 0.0
-487.792944785 0.0
-486.792944785 0.0
-485.792944785 0.0
-484.792944785 0.0
-483.792944785 0.0
-482.792944785 0.0
-481.792944785 0.0
-480.792944785 0.0
-479.792944785 0.0
-478.792944785 0.0
-477.792944785 0.0
-476.792944785 0.0
-475.792944785 0.0
-474.792944785 0.0
-473.792944785 0.0
-472.792944785 0.0
-471.792944785 0.0
-470.792944785 0.0
-469.792944785 0.0
-468.792944785 0.0
-467.792944785 0.0
-466.792944785 0.0
-465.792944785 0.0
-464.792944785 0.0
-463.792944785 0.0
-462.792944785 0.0
-461.792944785 0.0
-460.792944785 0.0
-459.792944785 0.0
-458.792944785 0.0
-457.792944785 0.0
-456.792944785 0.0
-455.792944785 0.0
-454.792944785 0.0
-453.792944785 0.0
-452.792944785 0.0
-451.792944785 0.0
-450.792944785 0.0
-449.792944785 0.0
-448.792944785 0.0
-447.792944785 0.0
-446.792944785 0.0
-445.792944785 0.0
-444.792944785 0.0
-443.792944785 0.0
-442.792944785 0.0
-441.792944785 0.0
-440.792944785 0.0
-439.792944785 0.0
-438.792944785 0.0
-437.792944785 0.0
-436.792944785 0.0
-435.792944785 0.0
-434.792944785 0.0
-433.792944785 0.0
-432.792944785 0.0
-431.792944785 0.0
-430.792944785 0.0
-429.792944785 0.0
-428.792944785 0.0
-427.792944785 0.0
-426.792944785 0.0
-425.792944785 0.0
-424.792944785 0.0
-423.792944785 0.0
-422.792944785 0.0
-421.792944785 0.0
-420.792944785 0.0
-419.792944785 0.0
-418.792944785 0.0
-417.792944785 0.0
-416.792944785 0.0
-415.792944785 0.0
-414.792944785 0.0
-413.792944785 0.0
-412.792944785 0.0
-411.792944785 0.0
-410.792944785 0.0
-409.792944785 0.0
-408.792944785 0.0
-407.792944785 0.0
-406.792944785 0.0
-405.792944785 0.0
-404.792944785 0.0
-403.792944785 0.0
-402.792944785 0.0
-401.792944785 0.0
-400.792944785 0.0
-399.792944785 0.0
-398.792944785 0.0
-397.792944785 0.0
-396.792944785 0.0
-395.792944785 0.0
-394.792944785 0.0
-393.792944785 0.0
-392.792944785 0.0
-391.792944785 0.0
-390.792944785 0.0
-389.792944785 0.0
-388.792944785 0.0
-387.792944785 0.0
-386.792944785 0.0
-385.792944785 0.0
-384.792944785 0.0
-383.792944785 0.0
-382.792944785 0.0
-381.792944785 0.0
-380.792944785 0.0
-379.792944785 0.0
-378.792944785 0.0
-377.792944785 0.0
-376.792944785 0.0
-375.792944785 0.0
-374.792944785 0.0
-373.792944785 0.0
-372.792944785 0.0
-371.792944785 0.0
-370.792944785 0.0
-369.792944785 0.0
-368.792944785 0.0
-367.792944785 0.0
-366.792944785 0.0
-365.792944785 0.0
-364.792944785 0.0
-363.792944785 0.0
-362.792944785 0.0
-361.792944785 0.0
-360.792944785 0.0
-359.792944785 0.0
-358.792944785 0.0
-357.792944785 0.0
-356.792944785 0.0
-355.792944785 0.0
-354.792944785 0.0
-353.792944785 0.0
-352.792944785 0.0
-351.792944785 0.0
-350.792944785 0.0
-349.792944785 0.0
-348.792944785 0.0
-347.792944785 0.0
-346.792944785 0.0
-345.792944785 0.0
-344.792944785 0.0
-343.792944785 0.0
-342.792944785 0.0
-341.792944785 0.0
-340.792944785 0.0
-339.792944785 0.0
-338.792944785 0.0
-337.792944785 0.0
-336.792944785 0.0
-335.792944785 0.0
-334.792944785 0.0
-333.792944785 0.0
-332.792944785 0.0
-331.792944785 0.0
-330.792944785 0.0
-329.792944785 0.0
-328.792944785 0.0
-327.792944785 0.0
-326.792944785 0.0
-325.792944785 0.0
-324.792944785 0.0
-323.792944785 0.0
-322.792944785 0.0
-321.792944785 0.0
-320.792944785 0.0
-319.792944785 0.0
-318.792944785 0.0
-317.792944785 0.0
-316.792944785 0.0
-315.792944785 0.0
-314.792944785 0.0
-313.792944785 0.0
-312.792944785 0.0
-311.792944785 0.0
-310.792944785 0.0
-309.792944785 0.0
-308.792944785 0.0
-307.792944785 0.0
-306.792944785 0.0
-305.792944785 0.0
-304.792944785 0.0
-303.792944785 0.0
-302.792944785 0.0
-301.792944785 0.0
-300.792944785 0.0
-299.792944785 0.0
-298.792944785 0.0
-297.792944785 0.0
-296.792944785 0.0
-295.792944785 0.0
-294.792944785 0.0
-293.792944785 0.0
-292.792944785 0.0
-291.792944785 0.0
-290.792944785 0.0
-289.792944785 0.0
-288.792944785 0.0
-287.792944785 0.0
-286.792944785 0.0
-285.792944785 0.0
-284.792944785 0.0
-283.792944785 0.0
-282.792944785 0.0
-281.792944785 0.0
-280.792944785 0.0
-279.792944785 0.0
-278.792944785 0.0
-277.792944785 0.0
-276.792944785 0.0
-275.792944785 0.0
-274.792944785 0.0
-273.792944785 0.0
-272.792944785 0.0
-271.792944785 0.0
-270.792944785 0.0
-269.792944785 0.0
-268.792944785 0.0
-267.792944785 0.0
-266.792944785 0.0
-265.792944785 0.0
-264.792944785 0.0
-263.792944785 0.0
-262.792944785 0.0
-261.792944785 0.0
-260.792944785 0.0
-259.792944785 0.0
-258.792944785 0.0
-257.792944785 0.0
-256.792944785 0.0
-255.792944785 0.0
-254.792944785 0.0
-253.792944785 0.0
-252.792944785 0.0
-251.792944785 0.0
-250.792944785 0.0
-249.792944785 0.0
-248.792944785 0.0
-247.792944785 0.0
-246.792944785 0.0
-245.792944785 0.0
-244.792944785 0.0
-243.792944785 0.0
-242.792944785 0.0
-241.792944785 0.0
-240.792944785 0.0
-239.792944785 0.0
-238.792944785 0.0
-237.792944785 0.0
-236.792944785 0.0
-235.792944785 0.0
-234.792944785 0.0
-233.792944785 0.0
-232.792944785 0.0
-231.792944785 0.0
-230.792944785 0.0
-229.792944785 0.0
-228.792944785 0.0
-227.792944785 0.0
-226.792944785 0.0
-225.792944785 0.0
-224.792944785 0.0
-223.792944785 0.0
-222.792944785 0.0
-221.792944785 0.0
-220.792944785 0.0
-219.792944785 0.0
-218.792944785 0.0
-217.792944785 0.0
-216.792944785 0.0
-215.792944785 0.0
-214.792944785 0.0
-213.792944785 0.0
-212.792944785 0.0
-211.792944785 0.0
-210.792944785 0.0
-209.792944785 0.0
-208.792944785 0.0
-207.792944785 0.0
-206.792944785 0.0
-205.792944785 0.0
-204.792944785 0.0
-203.792944785 0.0
-202.792944785 0.0
-201.792944785 0.0
-200.792944785 0.0
-199.792944785 0.0
-198.792944785 0.0
-197.792944785 0.0
-196.792944785 0.0
-195.792944785 0.0
-194.792944785 0.0
-193.792944785 0.0
-192.792944785 0.0
-191.792944785 0.0
-190.792944785 0.0
-189.792944785 0.0
-188.792944785 0.0
-187.792944785 0.0
-186.792944785 0.0
-185.792944785 0.0
-184.792944785 0.0
-183.792944785 0.0
-182.792944785 0.0
-181.792944785 0.0
-180.792944785 0.0
-179.792944785 0.0
-178.792944785 0.0
-177.792944785 0.0
-176.792944785 0.0
-175.792944785 0.0
-174.792944785 0.0
-173.792944785 0.0
-172.792944785 0.0
-171.792944785 0.0
-170.792944785 0.0
-169.792944785 0.0
-168.792944785 0.0
-167.792944785 0.0
-166.792944785 0.0
-165.792944785 0.0
-164.792944785 0.0
-163.792944785 0.0
-162.792944785 0.0
-161.792944785 0.0
-160.792944785 0.0
-159.792944785 0.0
-158.792944785 0.0
-157.792944785 0.0
-156.792944785 0.0
-155.792944785 0.0
-154.792944785 0.0
-153.792944785 0.0
-152.792944785 0.0
-151.792944785 0.0
-150.792944785 0.0
-149.792944785 0.0
-148.792944785 0.0
-147.792944785 0.0
-146.792944785 0.0
-145.792944785 0.0
-144.792944785 0.0
-143.792944785 0.0
-142.792944785 0.0
-141.792944785 0.0
-140.792944785 0.0
-139.792944785 0.0
-138.792944785 0.0
-137.792944785 0.0
-136.792944785 0.0
-135.792944785 0.0
-134.792944785 0.0
-133.792944785 0.0
-132.792944785 0.0
-131.792944785 0.0
-130.792944785 0.0
-129.792944785 0.0
-128.792944785 0.0
-127.792944785 0.0
-126.792944785 0.0
-125.792944785 0.0
-124.792944785 0.0
-123.792944785 0.0
-122.792944785 0.0
-121.792944785 0.0
-120.792944785 0.0
-119.792944785 0.0
-118.792944785 0.0
-117.792944785 0.0
-116.792944785 0.0
-115.792944785 0.0
-114.792944785 0.0
-113.792944785 0.0
-112.792944785 0.0
-111.792944785 0.0
-110.792944785 0.0
-109.792944785 0.0
-108.792944785 0.0
-107.792944785 0.0
-106.792944785 0.0
-105.792944785 0.0
-104.792944785 0.0
-103.792944785 0.0
-102.792944785 0.0
-101.792944785 0.0
-100.792944785 0.0
-99.7929447853 0.0
-98.7929447853 0.0
-97.7929447853 0.0
-96.7929447853 0.0
-95.7929447853 0.0
-94.7929447853 0.0
-93.7929447853 0.0
-92.7929447853 0.0
-91.7929447853 0.000000e+00
-91.4095092025 0.000000e+00
-91.0260736196 0.000000e+00
-90.6426380368 0.000000e+00
-90.259202454 0.000000e+00
-89.8757668712 0.000000e+00
-89.4923312883 0.000000e+00
-89.1088957055 0.000000e+00
-88.7254601227 0.000000e+00
-88.3420245399 0.000000e+00
-87.9585889571 0.000000e+00
-87.5751533742 0.000000e+00
-87.1917177914 0.000000e+00
-86.8082822086 0.000000e+00
-86.4248466258 0.000000e+00
-86.0414110429 0.000000e+00
-85.6579754601 0.000000e+00
-85.2745398773 0.000000e+00
-84.8911042945 0.000000e+00
-84.5076687117 0.000000e+00
-84.1242331288 0.000000e+00
-83.740797546 0.000000e+00
-83.3573619632 0.000000e+00
-82.9739263804 0.000000e+00
-82.5904907975 0.000000e+00
-82.2070552147 0.000000e+00
-81.8236196319 0.000000e+00
-81.4401840491 0.000000e+00
-81.0567484663 0.000000e+00
-80.6733128834 0.000000e+00
-80.2898773006 0.000000e+00
-79.9064417178 0.000000e+00
-79.523006135 0.000000e+00
-79.1395705521 0.000000e+00
-78.7561349693 0.000000e+00
-78.3726993865 0.000000e+00
-77.9892638037 0.000000e+00
-77.6058282209 0.000000e+00
-77.222392638 0.000000e+00
-76.8389570552 0.000000e+00
-76.4555214724 0.000000e+00
-76.0720858896 0.000000e+00
-75.6886503067 0.000000e+00
-75.3052147239 0.000000e+00
-74.9217791411 0.000000e+00
-74.5383435583 0.000000e+00
-74.1549079755 0.000000e+00
-73.7714723926 0.000000e+00
-73.3880368098 0.000000e+00
-73.004601227 0.000000e+00
-72.6211656442 0.000000e+00
-72.2377300613 0.000000e+00
-71.8542944785 0.000000e+00
-71.4708588957 0.000000e+00
-71.0874233129 0.000000e+00
-70.7039877301 0.000000e+00
-70.3205521472 0.000000e+00
-69.9371165644 0.000000e+00
-69.5536809816 0.000000e+00
-69.1702453988 0.000000e+00
-68.786809816 0.000000e+00
-68.4033742331 0.000000e+00
-68.0199386503 0.000000e+00
-67.6365030675 0.000000e+00
-67.2530674847 0.000000e+00
-66.8696319018 0.000000e+00
-66.486196319 0.000000e+00
-66.1027607362 0.000000e+00
-65.7193251534 0.000000e+00
-65.3358895706 0.000000e+00
-64.9524539877 0.000000e+00
-64.5690184049 0.000000e+00
-64.1855828221 0.000000e+00
-63.8021472393 0.000000e+00
-63.4187116564 0.000000e+00
-63.0352760736 0.000000e+00
-62.6518404908 0.000000e+00
-62.268404908 0.000000e+00
-61.8849693252 0.000000e+00
-61.5015337423 0.000000e+00
-61.1180981595 0.000000e+00
-60.7346625767 0.000000e+00
-60.3512269939 0.000000e+00
-59.967791411 0.000000e+00
-59.5843558282 0.000000e+00
-59.2009202454 0.000000e+00
-58.8174846626 0.000000e+00
-58.4340490798 0.000000e+00
-58.0506134969 0.000000e+00
-57.6671779141 0.000000e+00
-57.2837423313 0.000000e+00
-56.9003067485 0.000000e+00
-56.5168711656 0.000000e+00
-56.1334355828 0.000000e+00
-55.75 0.000000e+00
-55.3665644172 0.000000e+00
-54.9831288344 0.000000e+00
-54.5996932515 0.000000e+00
-54.2162576687 0.000000e+00
-53.8328220859 0.000000e+00
-53.4493865031 0.000000e+00
-53.0659509202 0.000000e+00
-52.6825153374 0.000000e+00
-52.2990797546 0.000000e+00
-51.9156441718 0.000000e+00
-51.532208589 0.000000e+00
-51.1487730061 0.000000e+00
-50.7653374233 0.000000e+00
-50.3819018405 0.000000e+00
-49.9984662577 0.000000e+00
-49.6150306748 0.000000e+00
-49.231595092 0.000000e+00
-48.8481595092 0.000000e+00
-48.4647239264 0.000000e+00
-48.0812883436 0.000000e+00
-47.6978527607 0.000000e+00
-47.3144171779 0.000000e+00
-46.9309815951 0.000000e+00
-46.5475460123 0.000000e+00
-46.1641104294 0.000000e+00
-45.7806748466 0.000000e+00
-45.3972392638 0.000000e+00
-45.013803681 0.000000e+00
-44.6303680982 0.000000e+00
-44.2469325153 0.000000e+00
-43.8634969325 0.000000e+00
-43.4800613497 0.000000e+00
-43.0966257669 0.000000e+00
-42.713190184 0.000000e+00
-42.3297546012 0.000000e+00
-41.9463190184 0.000000e+00
-41.5628834356 0.000000e+00
-41.1794478528 0.000000e+00
-40.7960122699 0.000000e+00
-40.4125766871 0.000000e+00
-40.0291411043 0.000000e+00
-39.6457055215 0.000000e+00
-39.2622699387 0.000000e+00
-38.8788343558 0.000000e+00
-38.495398773 0.000000e+00
-38.1119631902 0.000000e+00
-37.7285276074 0.000000e+00
-37.3450920245 0.000000e+00
-36.9616564417 0.000000e+00
-36.5782208589 0.000000e+00
-36.1947852761 0.000000e+00
-35.8113496933 0.000000e+00
-35.4279141104 0.000000e+00
-35.0444785276 0.000000e+00
-34.6610429448 0.000000e+00
-34.277607362 0.000000e+00
-33.8941717791 0.000000e+00
-33.5107361963 0.000000e+00
-33.1273006135 0.000000e+00
-32.7438650307 0.000000e+00
-32.3604294479 0.000000e+00
-31.976993865 0.000000e+00
-31.5935582822 0.000000e+00
-31.2101226994 0.000000e+00
-30.8266871166 0.000000e+00
-30.4432515337 0.000000e+00
-30.0598159509 0.000000e+00
-29.6763803681 0.000000e+00
-29.2929447853 0.000000e+00
-28.9095092025 0.000000e+00
-28.5260736196 0.000000e+00
-28.1426380368 0.000000e+00
-27.759202454 0.000000e+00
-27.3757668712 0.000000e+00
-26.9923312883 0.000000e+00
-26.6088957055 0.000000e+00
-26.2254601227 0.000000e+00
-25.8420245399 0.000000e+00
-25.4585889571 0.000000e+00
-25.0751533742 0.000000e+00
-24.6917177914 0.000000e+00
-24.3082822086 0.000000e+00
-23.9248466258 0.000000e+00
-23.5414110429 0.000000e+00
-23.1579754601 0.000000e+00
-22.7745398773 0.000000e+00
-22.3911042945 0.000000e+00
-22.0076687117 0.000000e+00
-21.6242331288 0.000000e+00
-21.240797546 0.000000e+00
-20.8573619632 0.000000e+00
-20.4739263804 0.000000e+00
-20.0904907975 0.000000e+00
-19.7070552147 0.000000e+00
-19.3236196319 0.000000e+00
-18.9401840491 0.000000e+00
-18.5567484663 0.000000e+00
-18.1733128834 0.000000e+00
-17.7898773006 0.000000e+00
-17.4064417178 0.000000e+00
-17.023006135 0.000000e+00
-16.6395705521 0.000000e+00
-16.2561349693 0.000000e+00
-15.8726993865 0.000000e+00
-15.4892638037 0.000000e+00
-15.1058282209 0.000000e+00
-14.722392638 0.000000e+00
-14.3389570552 0.000000e+00
-13.9555214724 0.000000e+00
-13.5720858896 0.000000e+00
-13.1886503067 0.000000e+00
-12.8052147239 0.000000e+00
-12.4217791411 0.000000e+00
-12.0383435583 0.000000e+00
-11.6549079755 0.000000e+00
-11.2714723926 0.000000e+00
-10.8880368098 0.000000e+00
-10.504601227 0.000000e+00
-10.1211656442 0.000000e+00
-9.73773006135 0.000000e+00
-9.35429447853 0.000000e+00
-8.97085889571 0.000000e+00
-8.58742331288 0.000000e+00
-8.20398773006 0.000000e+00
-7.82055214724 0.000000e+00
-7.43711656442 0.000000e+00
-7.0536809816 0.000000e+00
-6.67024539877 0.000000e+00
-6.28680981595 0.000000e+00
-5.90337423313 0.000000e+00
-5.51993865031 0.000000e+00
-5.13650306748 0.000000e+00
-4.75306748466 0.000000e+00
-4.36963190184 0.000000e+00
-3.98619631902 0.000000e+00
-3.6027607362 0.000000e+00
-3.21932515337 0.000000e+00
-2.83588957055 0.000000e+00
-2.45245398773 0.000000e+00
-2.06901840491 3.146904e-01
-1.68558282209 3.934172e-01
-1.30214723926 3.066077e-01
-0.918711656442 4.424432e-01
-0.53527607362 6.356686e-01
-0.151840490798 7.382576e-01
0.231595092025 1.000000e+00
0.615030674847 6.908870e-01
0.998466257669 6.209247e-01
1.38190184049 3.426808e-01
1.76533742331 0.000000e+00
2.14877300613 4.006732e-01
2.53220858896 3.219741e-01
2.91564417178 0.000000e+00
3.2990797546 0.000000e+00
3.68251533742 3.643111e-01
4.06595092025 2.977474e-01
4.44938650307 3.735246e-01
4.83282208589 0.000000e+00
5.21625766871 0.000000e+00
5.59969325153 0.000000e+00
5.98312883436 0.000000e+00
6.36656441718 0.000000e+00
6.75 0.000000e+00
7.13343558282 3.186514e-01
7.51687116564 0.000000e+00
7.90030674847 4.188398e-01
8.28374233129 3.701391e-01
8.66717791411 5.682677e-01
9.05061349693 3.484815e-01
9.43404907975 6.591150e-01
9.81748466258 4.510387e-01
10.2009202454 4.851613e-01
10.5843558282 0.000000e+00
10.967791411 3.849073e-01
11.3512269939 6.111159e-01
11.7346625767 6.782521e-01
12.1180981595 7.512700e-01
12.5015337423 6.473588e-01
12.8849693252 7.386535e-01
13.268404908 7.894314e-01
13.6518404908 7.461202e-01
14.0352760736 8.178138e-01
14.4187116564 7.282794e-01
14.8021472393 5.382148e-01
15.1855828221 8.466944e-01
15.5690184049 5.199430e-01
15.9524539877 8.145433e-01
16.3358895706 6.851553e-01
16.7193251534 3.574853e-01
17.1027607362 7.217518e-01
17.486196319 6.888855e-01
17.8696319018 6.680060e-01
18.2530674847 5.211261e-01
18.6365030675 5.128459e-01
19.0199386503 7.916658e-01
19.4033742331 7.978239e-01
19.786809816 6.291137e-01
20.1702453988 4.235349e-01
20.5536809816 3.171853e-01
20.9371165644 1.947845e-01
21.3205521472 0.000000e+00
21.7039877301 1.317921e-01
22.0874233129 2.442164e-01
22.4708588957 2.231609e-01
22.8542944785 2.952677e-01
23.2377300613 1.440340e-01
23.6211656442 0.000000e+00
24.004601227 0.000000e+00
24.3880368098 0.000000e+00
24.7714723926 0.000000e+00
25.1549079755 0.000000e+00
25.5383435583 0.000000e+00
25.9217791411 0.000000e+00
26.3052147239 0.000000e+00
26.6886503067 0.000000e+00
27.0720858896 0.000000e+00
27.4555214724 0.000000e+00
27.8389570552 0.000000e+00
28.222392638 0.000000e+00
28.6058282209 0.000000e+00
28.9892638037 0.000000e+00
29.3726993865 0.000000e+00
29.7561349693 0.000000e+00
30.1395705521 0.000000e+00
30.523006135 0.000000e+00
30.9064417178 0.000000e+00
31.2898773006 0.000000e+00
31.6733128834 0.000000e+00
32.0567484663 0.000000e+00
32.4401840491 0.000000e+00
32.8236196319 0.000000e+00
33.2070552147 0.000000e+00
33.5904907975 0.000000e+00
33.9739263804 0.000000e+00
34.3573619632 0.000000e+00
34.740797546 0.000000e+00
35.1242331288 0.000000e+00
35.5076687117 0.000000e+00
35.8911042945 0.000000e+00
36.2745398773 0.000000e+00
36.6579754601 0.000000e+00
37.0414110429 0.000000e+00
37.4248466258 0.000000e+00
37.8082822086 0.000000e+00
38.1917177914 0.000000e+00
38.5751533742 0.000000e+00
38.9585889571 0.000000e+00
39.3420245399 0.000000e+00
39.7254601227 0.000000e+00
40.1088957055 0.000000e+00
40.4923312883 0.000000e+00
40.8757668712 0.000000e+00
41.259202454 0.000000e+00
41.6426380368 0.000000e+00
42.0260736196 0.000000e+00
42.4095092025 0.000000e+00
42.7929447853 0.000000e+00
43.1763803681 0.000000e+00
43.5598159509 0.000000e+00
43.9432515337 0.000000e+00
44.3266871166 0.000000e+00
44.7101226994 0.000000e+00
45.0935582822 0.000000e+00
45.476993865 0.000000e+00
45.8604294479 0.000000e+00
46.2438650307 0.000000e+00
46.6273006135 0.000000e+00
47.0107361963 0.000000e+00
47.3941717791 0.000000e+00
47.777607362 0.000000e+00
48.1610429448 0.000000e+00
48.5444785276 0.000000e+00
48.9279141104 0.000000e+00
49.3113496933 0.000000e+00
49.6947852761 0.000000e+00
50.0782208589 0.000000e+00
50.4616564417 0.000000e+00
50.8450920245 0.000000e+00
51.2285276074 0.000000e+00
51.6119631902 0.000000e+00
51.995398773 0.000000e+00
52.3788343558 0.000000e+00
52.7622699387 0.000000e+00
53.1457055215 0.000000e+00
53.5291411043 0.000000e+00
53.9125766871 0.000000e+00
54.2960122699 0.000000e+00
54.6794478528 0.000000e+00
55.0628834356 0.000000e+00
55.4463190184 0.000000e+00
55.8297546012 0.000000e+00
56.213190184 0.000000e+00
56.5966257669 0.000000e+00
56.9800613497 0.000000e+00
57.3634969325 0.000000e+00
57.7469325153 0.000000e+00
58.1303680982 0.000000e+00
58.513803681 0.000000e+00
58.8972392638 0.000000e+00
59.2806748466 0.000000e+00
59.6641104294 0.000000e+00
60.0475460123 0.000000e+00
60.4309815951 0.000000e+00
60.8144171779 0.000000e+00
61.1978527607 0.000000e+00
61.5812883436 0.000000e+00
61.9647239264 0.000000e+00
62.3481595092 0.000000e+00
62.731595092 0.000000e+00
63.1150306748 0.000000e+00
63.4984662577 0.000000e+00
63.8819018405 0.000000e+00
64.2653374233 0.000000e+00
64.6487730061 0.000000e+00
65.032208589 0.000000e+00
65.4156441718 0.000000e+00
65.7990797546 0.000000e+00
66.1825153374 0.000000e+00
66.5659509202 0.000000e+00
66.9493865031 0.000000e+00
67.3328220859 0.000000e+00
67.7162576687 0.000000e+00
68.0996932515 0.000000e+00
68.4831288344 0.000000e+00
68.8665644172 0.000000e+00
69.25 0.000000e+00
69.6334355828 0.000000e+00
70.0168711656 0.000000e+00
70.4003067485 0.000000e+00
70.7837423313 0.000000e+00
71.1671779141 0.000000e+00
71.5506134969 0.000000e+00
71.9340490798 0.000000e+00
72.3174846626 0.000000e+00
72.7009202454 0.000000e+00
73.0843558282 0.000000e+00
73.467791411 0.000000e+00
73.8512269939 0.000000e+00
74.2346625767 0.000000e+00
74.6180981595 0.000000e+00
75.0015337423 0.000000e+00
75.3849693252 0.000000e+00
75.768404908 0.000000e+00
76.1518404908 0.000000e+00
76.5352760736 0.000000e+00
76.9187116564 0.000000e+00
77.3021472393 0.000000e+00
77.6855828221 0.000000e+00
78.0690184049 0.000000e+00
78.4524539877 0.000000e+00
78.8358895706 0.000000e+00
79.2193251534 0.000000e+00
79.6027607362 0.000000e+00
79.986196319 0.000000e+00
80.3696319018 0.000000e+00
80.7530674847 0.000000e+00
81.1365030675 0.000000e+00
81.5199386503 0.000000e+00
81.9033742331 0.000000e+00
82.286809816 0.000000e+00
82.6702453988 0.000000e+00
83.0536809816 0.000000e+00
83.4371165644 0.000000e+00
83.8205521472 0.000000e+00
84.2039877301 0.000000e+00
84.5874233129 0.000000e+00
84.9708588957 0.000000e+00
85.3542944785 0.000000e+00
85.7377300613 0.000000e+00
86.1211656442 0.000000e+00
86.504601227 0.000000e+00
86.8880368098 0.000000e+00
87.2714723926 0.000000e+00
87.6549079755 0.000000e+00
88.0383435583 0.000000e+00
88.4217791411 0.000000e+00
88.8052147239 0.000000e+00
89.1886503067 0.000000e+00
89.5720858896 0.000000e+00
89.9555214724 0.000000e+00
90.3389570552 0.000000e+00
90.722392638 0.000000e+00
91.1058282209 0.000000e+00
91.4892638037 0.000000e+00
91.8726993865 0.000000e+00
92.2561349693 0.000000e+00
92.6395705521 0.000000e+00
93.023006135 0.000000e+00
93.4064417178 0.000000e+00
93.7898773006 0.000000e+00
94.1733128834 0.000000e+00
94.5567484663 0.000000e+00
94.9401840491 0.000000e+00
95.3236196319 0.000000e+00
95.7070552147 0.000000e+00
96.0904907975 0.000000e+00
96.4739263804 0.000000e+00
96.8573619632 0.000000e+00
97.240797546 0.000000e+00
97.6242331288 0.000000e+00
98.0076687117 0.000000e+00
98.3911042945 0.000000e+00
98.7745398773 0.000000e+00
99.1579754601 0.000000e+00
99.5414110429 0.000000e+00
99.9248466258 0.000000e+00
100.308282209 0.000000e+00
100.691717791 0.000000e+00
101.075153374 0.000000e+00
101.458588957 0.000000e+00
101.84202454 0.000000e+00
102.225460123 0.000000e+00
102.608895706 0.000000e+00
102.992331288 0.000000e+00
103.375766871 0.000000e+00
103.759202454 0.000000e+00
104.142638037 0.000000e+00
104.52607362 0.000000e+00
104.909509202 0.000000e+00
105.292944785 0.000000e+00
105.676380368 0.000000e+00
106.059815951 0.000000e+00
106.443251534 0.000000e+00
106.826687117 0.000000e+00
107.210122699 0.000000e+00
107.593558282 0.000000e+00
107.976993865 0.000000e+00
108.360429448 0.000000e+00
108.743865031 0.000000e+00
109.127300613 0.000000e+00
109.510736196 0.000000e+00
109.894171779 0.000000e+00
110.277607362 0.000000e+00
110.661042945 0.000000e+00
111.044478528 0.000000e+00
111.42791411 0.000000e+00
111.811349693 0.000000e+00
112.194785276 0.000000e+00
112.578220859 0.000000e+00
112.961656442 0.000000e+00
113.345092025 0.000000e+00
113.728527607 0.000000e+00
114.11196319 0.000000e+00
114.495398773 0.000000e+00
114.878834356 0.000000e+00
115.262269939 0.000000e+00
115.645705521 0.000000e+00
116.029141104 0.000000e+00
116.412576687 0.000000e+00
116.79601227 0.000000e+00
117.179447853 0.000000e+00
117.562883436 0.000000e+00
117.946319018 0.000000e+00
118.329754601 0.000000e+00
118.713190184 0.000000e+00
119.096625767 0.000000e+00
119.48006135 0.000000e+00
119.863496933 0.000000e+00
120.246932515 0.000000e+00
120.630368098 0.000000e+00
121.013803681 0.000000e+00
121.397239264 0.000000e+00
121.780674847 0.000000e+00
122.164110429 0.000000e+00
122.547546012 0.000000e+00
122.930981595 0.000000e+00
123.314417178 0.000000e+00
123.697852761 0.000000e+00
124.081288344 0.000000e+00
124.464723926 0.000000e+00
124.848159509 0.000000e+00
125.231595092 0.000000e+00
125.615030675 0.000000e+00
125.998466258 0.000000e+00
126.38190184 0.000000e+00
126.765337423 0.000000e+00
127.148773006 0.000000e+00
127.532208589 0.000000e+00
127.915644172 0.000000e+00
128.299079755 0.000000e+00
128.682515337 0.000000e+00
129.06595092 0.000000e+00
129.449386503 0.000000e+00
129.832822086 0.000000e+00
130.216257669 0.000000e+00
130.599693252 0.000000e+00
130.983128834 0.000000e+00
131.366564417 0.000000e+00
131.75 0.000000e+00
132.133435583 0.000000e+00
132.516871166 0.000000e+00
132.900306748 0.000000e+00
133.283742331 0.000000e+00
133.667177914 0.000000e+00
134.050613497 0.000000e+00
134.43404908 0.000000e+00
134.817484663 0.000000e+00
135.200920245 0.000000e+00
135.584355828 0.000000e+00
135.967791411 0.000000e+00
136.351226994 0.000000e+00
136.734662577 0.000000e+00
137.11809816 0.000000e+00
137.501533742 0.000000e+00
137.884969325 0.000000e+00
138.268404908 0.000000e+00
138.651840491 0.000000e+00
139.035276074 0.000000e+00
139.418711656 0.000000e+00
139.802147239 0.000000e+00
140.185582822 0.000000e+00
140.569018405 0.000000e+00
140.952453988 0.000000e+00
141.335889571 0.000000e+00
141.719325153 0.000000e+00
142.102760736 0.000000e+00
142.486196319 0.000000e+00
142.869631902 0.000000e+00
143.253067485 0.000000e+00
143.636503067 0.000000e+00
144.01993865 0.000000e+00
144.403374233 0.000000e+00
144.786809816 0.000000e+00
145.170245399 0.000000e+00
145.553680982 0.000000e+00
145.937116564 0.000000e+00
146.320552147 0.000000e+00
146.70398773 0.000000e+00
147.087423313 0.000000e+00
147.470858896 0.000000e+00
147.854294479 0.000000e+00
148.237730061 0.000000e+00
148.621165644 0.000000e+00
149.004601227 0.000000e+00
149.38803681 0.000000e+00
149.771472393 0.000000e+00
150.154907975 0.000000e+00
150.538343558 0.000000e+00
150.921779141 0.000000e+00
151.305214724 0.000000e+00
151.688650307 0.000000e+00
152.07208589 0.000000e+00
152.455521472 0.000000e+00
152.838957055 0.000000e+00
153.222392638 0.000000e+00
153.605828221 0.000000e+00
153.989263804 0.000000e+00
154.372699387 0.000000e+00
154.756134969 0.000000e+00
155.139570552 0.000000e+00
155.523006135 0.000000e+00
155.906441718 0.000000e+00
156.289877301 0.000000e+00
156.673312883 0.000000e+00
157.056748466 0.000000e+00
157.440184049 0.000000e+00
157.823619632 0.000000e+00
158.207055215 0.000000e+00
158.590490798 0.000000e+00
158.97392638 0.000000e+00
159.357361963 0.000000e+00
159.740797546 0.000000e+00
160.124233129 0.000000e+00
160.507668712 0.000000e+00
160.891104294 0.000000e+00
161.274539877 0.000000e+00
161.65797546 0.000000e+00
162.041411043 0.000000e+00
162.424846626 0.000000e+00
162.808282209 0.000000e+00
163.191717791 0.000000e+00
163.575153374 0.000000e+00
163.958588957 0.000000e+00
164.34202454 0.000000e+00
164.725460123 0.000000e+00
165.108895706 0.000000e+00
165.492331288 0.000000e+00
165.875766871 0.000000e+00
166.259202454 0.000000e+00
166.642638037 0.000000e+00
167.02607362 0.000000e+00
167.409509202 0.000000e+00
167.792944785 0.000000e+00
168.176380368 0.000000e+00
168.559815951 0.000000e+00
168.943251534 0.000000e+00
169.326687117 0.000000e+00
169.710122699 0.000000e+00
170.093558282 0.000000e+00
170.476993865 0.000000e+00
170.860429448 0.000000e+00
171.243865031 0.000000e+00
171.627300613 0.000000e+00
172.010736196 0.000000e+00
172.394171779 0.000000e+00
172.777607362 0.000000e+00
173.161042945 0.000000e+00
173.544478528 0.000000e+00
173.92791411 0.000000e+00
174.311349693 0.000000e+00
174.694785276 0.000000e+00
175.078220859 0.000000e+00
175.461656442 0.000000e+00
175.845092025 0.000000e+00
176.228527607 0.000000e+00
176.61196319 0.000000e+00
176.995398773 0.000000e+00
177.378834356 0.000000e+00
177.762269939 0.000000e+00
178.145705521 0.000000e+00
178.529141104 0.000000e+00
178.912576687 0.000000e+00
179.29601227 0.000000e+00
179.679447853 0.000000e+00
180.062883436 0.000000e+00
180.446319018 0.000000e+00
180.829754601 0.000000e+00
181.213190184 0.000000e+00
181.596625767 0.000000e+00
181.98006135 0.000000e+00
182.363496933 0.000000e+00
182.746932515 0.000000e+00
183.130368098 0.000000e+00
183.513803681 0.000000e+00
183.897239264 0.000000e+00
184.280674847 0.000000e+00
184.664110429 0.000000e+00
185.047546012 0.000000e+00
185.430981595 0.000000e+00
185.814417178 0.000000e+00
186.197852761 0.000000e+00
186.581288344 0.000000e+00
186.964723926 0.000000e+00
187.348159509 0.000000e+00
187.731595092 0.000000e+00
188.115030675 0.000000e+00
188.498466258 0.000000e+00
188.88190184 0.000000e+00
189.265337423 0.000000e+00
189.648773006 0.000000e+00
190.032208589 0.000000e+00
190.415644172 0.000000e+00
190.799079755 0.000000e+00
191.182515337 0.000000e+00
191.56595092 0.000000e+00
191.949386503 0.000000e+00
192.332822086 0.000000e+00
192.716257669 0.000000e+00
193.099693252 0.000000e+00
193.483128834 0.000000e+00
193.866564417 0.000000e+00
194.25 0.000000e+00
194.633435583 0.000000e+00
195.016871166 0.000000e+00
195.400306748 0.000000e+00
195.783742331 0.000000e+00
196.167177914 0.000000e+00
196.550613497 0.000000e+00
196.93404908 0.000000e+00
197.317484663 0.000000e+00
197.700920245 0.000000e+00
198.084355828 0.000000e+00
198.467791411 0.000000e+00
198.851226994 0.000000e+00
199.234662577 0.000000e+00
199.61809816 0.000000e+00
200.001533742 0.000000e+00
200.384969325 0.000000e+00
200.768404908 0.000000e+00
201.151840491 0.000000e+00
201.535276074 0.000000e+00
201.918711656 0.000000e+00
202.302147239 0.000000e+00
202.685582822 0.000000e+00
203.069018405 0.000000e+00
203.452453988 0.000000e+00
203.835889571 0.000000e+00
204.219325153 0.000000e+00
204.602760736 0.000000e+00
204.986196319 0.000000e+00
205.369631902 0.000000e+00
205.753067485 0.000000e+00
206.136503067 0.000000e+00
206.51993865 0.000000e+00
206.903374233 0.000000e+00
207.286809816 0.000000e+00
207.670245399 0.000000e+00
208.053680982 0.000000e+00
208.437116564 0.000000e+00
208.820552147 0.000000e+00
209.20398773 0.000000e+00
209.587423313 0.000000e+00
209.970858896 0.000000e+00
210.354294479 0.000000e+00
210.737730061 0.000000e+00
211.121165644 0.000000e+00
211.504601227 0.000000e+00
211.88803681 0.000000e+00
212.271472393 0.000000e+00
212.654907975 0.000000e+00
213.038343558 0.000000e+00
213.421779141 0.000000e+00
213.805214724 0.000000e+00
214.188650307 0.000000e+00
214.57208589 0.000000e+00
214.955521472 0.000000e+00
215.338957055 0.000000e+00
215.722392638 0.000000e+00
216.105828221 0.000000e+00
216.489263804 0.000000e+00
216.872699387 0.000000e+00
217.256134969 0.000000e+00
217.639570552 0.000000e+00
218.023006135 0.000000e+00
218.406441718 0.000000e+00
218.789877301 0.000000e+00
219.173312883 0.000000e+00
219.556748466 0.000000e+00
219.940184049 0.000000e+00
220.323619632 0.000000e+00
220.707055215 0.000000e+00
221.090490798 0.000000e+00
221.47392638 0.000000e+00
221.857361963 0.000000e+00
222.240797546 0.000000e+00
222.624233129 0.000000e+00
223.007668712 0.000000e+00
223.391104294 0.000000e+00
223.774539877 0.000000e+00
224.15797546 0.000000e+00
224.541411043 0.000000e+00
224.924846626 0.000000e+00
225.308282209 0.000000e+00
225.691717791 0.000000e+00
226.075153374 0.000000e+00
226.458588957 0.000000e+00
226.84202454 0.000000e+00
227.225460123 0.000000e+00
227.608895706 0.000000e+00
227.992331288 0.000000e+00
228.375766871 0.000000e+00
228.759202454 0.000000e+00
229.142638037 0.000000e+00
229.52607362 0.000000e+00
229.909509202 0.000000e+00
230.292944785 0.000000e+00
230.676380368 0.000000e+00
231.059815951 0.000000e+00
231.443251534 0.000000e+00
231.826687117 0.000000e+00
232.210122699 0.000000e+00
232.593558282 0.000000e+00
232.976993865 0.000000e+00
233.360429448 0.000000e+00
233.743865031 0.000000e+00
234.127300613 0.000000e+00
234.510736196 0.000000e+00
234.894171779 0.000000e+00
235.277607362 0.000000e+00
235.661042945 0.000000e+00
236.044478528 0.000000e+00
236.42791411 0.000000e+00
236.811349693 0.000000e+00
237.194785276 0.000000e+00
237.578220859 0.000000e+00
237.961656442 0.000000e+00
238.345092025 0.000000e+00
238.728527607 0.000000e+00
239.11196319 0.000000e+00
239.495398773 0.000000e+00
239.878834356 0.000000e+00
240.262269939 0.000000e+00
240.645705521 0.000000e+00
241.029141104 0.000000e+00
241.412576687 0.000000e+00
241.79601227 0.000000e+00
242.179447853 0.000000e+00
242.562883436 0.000000e+00
242.946319018 0.000000e+00
243.329754601 0.000000e+00
243.713190184 0.000000e+00
244.096625767 0.000000e+00
244.48006135 0.000000e+00
244.863496933 0.000000e+00
245.246932515 0.000000e+00
245.630368098 0.000000e+00
246.013803681 0.000000e+00
246.397239264 0.000000e+00
246.780674847 0.000000e+00
247.164110429 0.000000e+00
247.547546012 0.000000e+00
247.930981595 0.000000e+00
248.314417178 0.000000e+00
248.697852761 0.000000e+00
249.081288344 0.000000e+00
249.464723926 0.000000e+00
249.848159509 0.000000e+00
250.231595092 0.000000e+00
250.615030675 0.000000e+00
250.998466258 0.000000e+00
251.38190184 0.000000e+00
251.765337423 0.000000e+00
252.148773006 0.000000e+00
252.532208589 0.000000e+00
252.915644172 0.000000e+00
253.299079755 0.000000e+00
253.682515337 0.000000e+00
254.06595092 0.000000e+00
254.449386503 0.000000e+00
254.832822086 0.000000e+00
255.216257669 0.000000e+00
255.599693252 0.000000e+00
255.983128834 0.000000e+00
256.366564417 0.000000e+00
256.75 0.000000e+00
257.133435583 0.000000e+00
257.516871166 0.000000e+00
257.900306748 0.000000e+00
258.283742331 0.000000e+00
258.667177914 0.000000e+00
259.050613497 0.000000e+00
259.43404908 0.000000e+00
259.817484663 0.000000e+00
260.200920245 0.000000e+00
260.584355828 0.000000e+00
260.967791411 0.000000e+00
261.351226994 0.000000e+00
261.734662577 0.000000e+00
262.11809816 0.000000e+00
262.501533742 0.000000e+00
262.884969325 0.000000e+00
263.268404908 0.000000e+00
263.651840491 0.000000e+00
264.035276074 0.000000e+00
264.418711656 0.000000e+00
264.802147239 0.000000e+00
265.185582822 0.000000e+00
265.569018405 0.000000e+00
265.952453988 0.000000e+00
266.335889571 0.000000e+00
266.719325153 0.000000e+00
267.102760736 0.000000e+00
267.486196319 0.000000e+00
267.869631902 0.000000e+00
268.253067485 0.000000e+00
268.636503067 0.000000e+00
269.01993865 0.000000e+00
269.403374233 0.000000e+00
269.786809816 0.000000e+00
270.170245399 0.000000e+00
270.553680982 0.000000e+00
270.937116564 0.000000e+00
271.320552147 0.000000e+00
271.70398773 0.000000e+00
272.087423313 0.000000e+00
272.470858896 0.000000e+00
272.854294479 0.000000e+00
273.237730061 0.000000e+00
273.621165644 0.000000e+00
274.004601227 0.000000e+00
274.38803681 0.000000e+00
274.771472393 0.000000e+00
275.154907975 0.000000e+00
275.538343558 0.000000e+00
275.921779141 0.000000e+00
276.305214724 0.000000e+00
276.688650307 0.000000e+00
277.07208589 0.000000e+00
277.455521472 0.000000e+00
277.838957055 0.000000e+00
278.222392638 0.000000e+00
278.605828221 0.000000e+00
278.989263804 0.000000e+00
279.372699387 0.000000e+00
279.756134969 0.000000e+00
280.139570552 0.000000e+00
280.523006135 0.000000e+00
280.906441718 0.000000e+00
281.289877301 0.000000e+00
281.673312883 0.000000e+00
282.056748466 0.000000e+00
282.440184049 0.000000e+00
282.823619632 0.000000e+00
283.207055215 0.000000e+00
283.590490798 0.000000e+00
283.97392638 0.000000e+00
284.357361963 0.000000e+00
284.740797546 0.000000e+00
285.124233129 0.000000e+00
285.507668712 0.000000e+00
285.891104294 0.000000e+00
286.274539877 0.000000e+00
286.65797546 0.000000e+00
287.041411043 0.000000e+00
287.424846626 0.000000e+00
287.808282209 0.000000e+00
288.191717791 0.000000e+00
288.575153374 0.000000e+00
288.958588957 0.000000e+00
289.34202454 0.000000e+00
289.725460123 0.000000e+00
290.108895706 0.000000e+00
290.492331288 0.000000e+00
290.875766871 0.000000e+00
291.259202454 0.000000e+00
291.642638037 0.000000e+00
292.02607362 0.000000e+00
292.409509202 0.000000e+00
292.792944785 0.000000e+00
293.176380368 0.000000e+00
293.559815951 0.000000e+00
293.943251534 0.000000e+00
294.326687117 0.000000e+00
294.710122699 0.000000e+00
295.093558282 0.000000e+00
295.476993865 0.000000e+00
295.860429448 0.000000e+00
296.243865031 0.000000e+00
296.627300613 0.000000e+00
297.010736196 0.000000e+00
297.394171779 0.000000e+00
297.777607362 0.000000e+00
298.161042945 0.000000e+00
298.544478528 0.000000e+00
298.92791411 0.000000e+00
299.311349693 0.000000e+00
299.694785276 0.000000e+00
300.078220859 0.000000e+00
300.461656442 0.000000e+00
300.845092025 0.000000e+00
301.228527607 0.000000e+00
301.61196319 0.000000e+00
301.995398773 0.000000e+00
302.378834356 0.000000e+00
302.762269939 0.000000e+00
303.145705521 0.000000e+00
303.529141104 0.000000e+00
303.912576687 0.000000e+00
304.29601227 0.000000e+00
304.679447853 0.000000e+00
305.062883436 0.000000e+00
305.446319018 0.000000e+00
305.829754601 0.000000e+00
306.213190184 0.000000e+00
306.596625767 0.000000e+00
306.98006135 0.000000e+00
307.363496933 0.000000e+00
307.746932515 0.000000e+00
308.130368098 0.000000e+00
308.513803681 0.000000e+00
308.897239264 0.000000e+00
309.280674847 0.000000e+00
309.664110429 0.000000e+00
310.047546012 0.000000e+00
310.430981595 0.000000e+00
310.814417178 0.000000e+00
311.197852761 0.000000e+00
311.581288344 0.000000e+00
311.964723926 0.000000e+00
312.348159509 0.000000e+00
312.731595092 0.000000e+00
313.115030675 0.000000e+00
313.498466258 0.000000e+00
313.88190184 0.000000e+00
314.265337423 0.000000e+00
314.648773006 0.000000e+00
315.032208589 0.000000e+00
315.415644172 0.000000e+00
315.799079755 0.000000e+00
316.182515337 0.000000e+00
316.56595092 0.000000e+00
316.949386503 0.000000e+00
317.332822086 0.000000e+00
317.716257669 0.000000e+00
318.099693252 0.000000e+00
318.483128834 0.000000e+00
318.866564417 0.000000e+00
319.25 0.000000e+00
319.633435583 0.000000e+00
320.016871166 0.000000e+00
320.400306748 0.000000e+00
320.783742331 0.000000e+00
321.167177914 0.000000e+00
321.550613497 0.000000e+00
321.93404908 0.000000e+00
322.317484663 0.000000e+00
322.700920245 0.000000e+00
323.084355828 0.000000e+00
323.467791411 0.000000e+00
323.851226994 0.000000e+00
324.234662577 0.000000e+00
324.61809816 0.000000e+00
325.001533742 0.000000e+00
325.384969325 0.000000e+00
325.768404908 0.000000e+00
326.151840491 0.000000e+00
326.535276074 0.000000e+00
326.918711656 0.000000e+00
327.302147239 0.000000e+00
327.685582822 0.000000e+00
328.069018405 0.000000e+00
328.452453988 0.000000e+00
328.835889571 0.000000e+00
329.219325153 0.000000e+00
329.602760736 0.000000e+00
329.986196319 0.000000e+00
330.369631902 0.000000e+00
330.753067485 0.000000e+00
331.136503067 0.000000e+00
331.51993865 0.000000e+00
331.903374233 0.000000e+00
332.286809816 0.000000e+00
332.670245399 0.000000e+00
333.053680982 0.000000e+00
333.437116564 0.000000e+00
333.820552147 0.000000e+00
334.20398773 0.000000e+00
334.587423313 0.000000e+00
334.970858896 0.000000e+00
335.354294479 0.000000e+00
335.737730061 0.000000e+00
336.121165644 0.000000e+00
336.504601227 0.000000e+00
336.88803681 0.000000e+00
337.271472393 0.000000e+00
337.654907975 0.000000e+00
338.038343558 0.000000e+00
338.421779141 0.000000e+00
338.805214724 0.000000e+00
339.188650307 0.000000e+00
339.57208589 0.000000e+00
339.955521472 0.000000e+00
340.338957055 0.000000e+00
340.722392638 0.000000e+00
341.105828221 0.000000e+00
341.489263804 0.000000e+00
341.872699387 0.000000e+00
342.256134969 0.000000e+00
342.639570552 0.000000e+00
343.023006135 0.000000e+00
343.406441718 0.000000e+00
343.789877301 0.000000e+00
344.173312883 0.000000e+00
344.556748466 0.000000e+00
344.940184049 0.000000e+00
345.323619632 0.000000e+00
345.707055215 0.000000e+00
346.090490798 0.000000e+00
346.47392638 0.000000e+00
346.857361963 0.000000e+00
347.240797546 0.000000e+00
347.624233129 0.000000e+00
348.007668712 0.000000e+00
348.391104294 0.000000e+00
348.774539877 0.000000e+00
349.15797546 0.000000e+00
349.541411043 0.000000e+00
349.924846626 0.000000e+00
350.308282209 0.000000e+00
350.691717791 0.000000e+00
351.075153374 0.000000e+00
351.458588957 0.000000e+00
351.84202454 0.000000e+00
352.225460123 0.000000e+00
352.608895706 0.000000e+00
352.992331288 0.000000e+00
353.375766871 0.000000e+00
353.759202454 0.000000e+00
354.142638037 0.000000e+00
354.52607362 0.000000e+00
354.909509202 0.000000e+00
355.292944785 0.000000e+00
355.676380368 0.000000e+00
356.059815951 0.000000e+00
356.443251534 0.000000e+00
356.826687117 0.000000e+00
357.210122699 0.000000e+00
357.593558282 0.000000e+00
357.976993865 0.000000e+00
358.360429448 0.000000e+00
358.743865031 0.000000e+00
359.127300613 0.000000e+00
359.510736196 0.000000e+00
359.894171779 0.000000e+00
360.277607362 0.000000e+00
360.661042945 0.000000e+00
361.044478528 0.000000e+00
361.42791411 0.000000e+00
361.811349693 0.000000e+00
362.194785276 0.000000e+00
362.578220859 0.000000e+00
362.961656442 0.000000e+00
363.345092025 0.000000e+00
363.728527607 0.000000e+00
364.11196319 0.000000e+00
364.495398773 0.000000e+00
364.878834356 0.000000e+00
365.262269939 0.000000e+00
365.645705521 0.000000e+00
366.029141104 0.000000e+00
366.412576687 0.000000e+00
366.79601227 0.000000e+00
367.179447853 0.000000e+00
367.562883436 0.000000e+00
367.946319018 0.000000e+00
368.329754601 0.000000e+00
368.713190184 0.000000e+00
369.713190184 0.0
370.713190184 0.0
371.713190184 0.0
372.713190184 0.0
373.713190184 0.0
374.713190184 0.0
375.713190184 0.0
376.713190184 0.0
377.713190184 0.0
378.713190184 0.0
379.713190184 0.0
380.713190184 0.0
381.713190184 0.0
382.713190184 0.0
383.713190184 0.0
384.713190184 0.0
385.713190184 0.0
386.713190184 0.0
387.713190184 0.0
388.713190184 0.0
389.713190184 0.0
390.713190184 0.0
391.713190184 0.0
392.713190184 0.0
393.713190184 0.0
394.713190184 0.0
395.713190184 0.0
396.713190184 0.0
397.713190184 0.0
398.713190184 0.0
399.713190184 0.0
400.713190184 0.0
401.713190184 0.0
402.713190184 0.0
403.713190184 0.0
404.713190184 0.0
405.713190184 0.0
406.713190184 0.0
407.713190184 0.0
408.713190184 0.0
409.713190184 0.0
410.713190184 0.0
411.713190184 0.0
412.713190184 0.0
413.713190184 0.0
414.713190184 0.0
415.713190184 0.0
416.713190184 0.0
417.713190184 0.0
418.713190184 0.0
419.713190184 0.0
420.713190184 0.0
421.713190184 0.0
422.713190184 0.0
423.713190184 0.0
424.713190184 0.0
425.713190184 0.0
426.713190184 0.0
427.713190184 0.0
428.713190184 0.0
429.713190184 0.0
430.713190184 0.0
431.713190184 0.0
432.713190184 0.0
433.713190184 0.0
434.713190184 0.0
435.713190184 0.0
436.713190184 0.0
437.713190184 0.0
438.713190184 0.0
439.713190184 0.0
440.713190184 0.0
441.713190184 0.0
442.713190184 0.0
443.713190184 0.0
444.713190184 0.0
445.713190184 0.0
446.713190184 0.0
447.713190184 0.0
448.713190184 0.0
449.713190184 0.0
450.713190184 0.0
451.713190184 0.0
452.713190184 0.0
453.713190184 0.0
454.713190184 0.0
455.713190184 0.0
456.713190184 0.0
457.713190184 0.0
458.713190184 0.0
459.713190184 0.0
460.713190184 0.0
461.713190184 0.0
462.713190184 0.0
463.713190184 0.0
464.713190184 0.0
465.713190184 0.0
466.713190184 0.0
467.713190184 0.0
468.713190184 0.0
469.713190184 0.0
470.713190184 0.0
471.713190184 0.0
472.713190184 0.0
473.713190184 0.0
474.713190184 0.0
475.713190184 0.0
476.713190184 0.0
477.713190184 0.0
478.713190184 0.0
479.713190184 0.0
480.713190184 0.0
481.713190184 0.0
482.713190184 0.0
483.713190184 0.0
484.713190184 0.0
485.713190184 0.0
486.713190184 0.0
487.713190184 0.0
488.713190184 0.0
489.713190184 0.0
490.713190184 0.0
491.713190184 0.0
492.713190184 0.0
493.713190184 0.0
494.713190184 0.0
495.713190184 0.0
496.713190184 0.0
497.713190184 0.0
498.713190184 0.0
499.713190184 0.0
500.713190184 0.0
501.713190184 0.0
502.713190184 0.0
503.713190184 0.0
504.713190184 0.0
505.713190184 0.0
506.713190184 0.0
507.713190184 0.0
508.713190184 0.0
509.713190184 0.0
510.713190184 0.0
511.713190184 0.0
512.713190184 0.0
513.713190184 0.0
514.713190184 0.0
515.713190184 0.0
516.713190184 0.0
517.713190184 0.0
518.713190184 0.0
519.713190184 0.0
520.713190184 0.0
521.713190184 0.0
522.713190184 0.0
523.713190184 0.0
524.713190184 0.0
525.713190184 0.0
526.713190184 0.0
527.713190184 0.0
528.713190184 0.0
529.713190184 0.0
530.713190184 0.0
531.713190184 0.0
532.713190184 0.0
533.713190184 0.0
534.713190184 0.0
535.713190184 0.0
536.713190184 0.0
537.713190184 0.0
538.713190184 0.0
539.713190184 0.0
540.713190184 0.0
541.713190184 0.0
542.713190184 0.0
543.713190184 0.0
544.713190184 0.0
545.713190184 0.0
546.713190184 0.0
547.713190184 0.0
548.713190184 0.0
549.713190184 0.0
550.713190184 0.0
551.713190184 0.0
552.713190184 0.0
553.713190184 0.0
554.713190184 0.0
555.713190184 0.0
556.713190184 0.0
557.713190184 0.0
558.713190184 0.0
559.713190184 0.0
560.713190184 0.0
561.713190184 0.0
562.713190184 0.0
563.713190184 0.0
564.713190184 0.0
565.713190184 0.0
566.713190184 0.0
567.713190184 0.0
568.713190184 0.0
569.713190184 0.0
570.713190184 0.0
571.713190184 0.0
572.713190184 0.0
573.713190184 0.0
574.713190184 0.0
575.713190184 0.0
576.713190184 0.0
577.713190184 0.0
578.713190184 0.0
579.713190184 0.0
580.713190184 0.0
581.713190184 0.0
582.713190184 0.0
583.713190184 0.0
584.713190184 0.0
585.713190184 0.0
586.713190184 0.0
587.713190184 0.0
588.713190184 0.0
589.713190184 0.0
590.713190184 0.0
591.713190184 0.0
592.713190184 0.0
593.713190184 0.0
594.713190184 0.0
595.713190184 0.0
596.713190184 0.0
597.713190184 0.0
598.713190184 0.0
599.713190184 0.0
600.713190184 0.0
601.713190184 0.0
602.713190184 0.0
603.713190184 0.0
604.713190184 0.0
605.713190184 0.0
606.713190184 0.0
607.713190184 0.0
608.713190184 0.0
609.713190184 0.0
610.713190184 0.0
611.713190184 0.0
612.713190184 0.0
613.713190184 0.0
614.713190184 0.0
615.713190184 0.0
616.713190184 0.0
617.713190184 0.0
618.713190184 0.0
619.713190184 0.0
620.713190184 0.0
621.713190184 0.0
622.713190184 0.0
623.713190184 0.0
624.713190184 0.0
625.713190184 0.0
626.713190184 0.0
627.713190184 0.0
628.713190184 0.0
629.713190184 0.0
630.713190184 0.0
631.713190184 0.0
632.713190184 0.0
633.713190184 0.0
634.713190184 0.0
635.713190184 0.0
636.713190184 0.0
637.713190184 0.0
638.713190184 0.0
639.713190184 0.0
640.713190184 0.0
641.713190184 0.0
642.713190184 0.0
643.713190184 0.0
644.713190184 0.0
645.713190184 0.0
646.713190184 0.0
647.713190184 0.0
648.713190184 0.0
649.713190184 0.0
650.713190184 0.0
651.713190184 0.0
652.713190184 0.0
653.713190184 0.0
654.713190184 0.0
655.713190184 0.0
656.713190184 0.0
657.713190184 0.0
658.713190184 0.0
659.713190184 0.0
660.713190184 0.0
661.713190184 0.0
662.713190184 0.0
663.713190184 0.0
664.713190184 0.0
665.713190184 0.0
666.713190184 0.0
667.713190184 0.0
668.713190184 0.0
669.713190184 0.0
670.713190184 0.0
671.713190184 0.0
672.713190184 0.0
673.713190184 0.0
674.713190184 0.0
675.713190184 0.0
676.713190184 0.0
677.713190184 0.0
678.713190184 0.0
679.713190184 0.0
680.713190184 0.0
681.713190184 0.0
682.713190184 0.0
683.713190184 0.0
684.713190184 0.0
685.713190184 0.0
686.713190184 0.0
687.713190184 0.0
688.713190184 0.0
689.713190184 0.0
690.713190184 0.0
691.713190184 0.0
692.713190184 0.0
693.713190184 0.0
694.713190184 0.0
695.713190184 0.0
696.713190184 0.0
697.713190184 0.0
698.713190184 0.0
699.713190184 0.0
700.713190184 0.0
701.713190184 0.0
702.713190184 0.0
703.713190184 0.0
704.713190184 0.0
705.713190184 0.0
706.713190184 0.0
707.713190184 0.0
708.713190184 0.0
709.713190184 0.0
710.713190184 0.0
711.713190184 0.0
712.713190184 0.0
713.713190184 0.0
714.713190184 0.0
715.713190184 0.0
716.713190184 0.0
717.713190184 0.0
718.713190184 0.0
719.713190184 0.0
720.713190184 0.0
721.713190184 0.0
722.713190184 0.0
723.713190184 0.0
724.713190184 0.0
725.713190184 0.0
726.713190184 0.0
727.713190184 0.0
728.713190184 0.0
729.713190184 0.0
730.713190184 0.0
731.713190184 0.0
732.713190184 0.0
733.713190184 0.0
734.713190184 0.0
735.713190184 0.0
736.713190184 0.0
737.713190184 0.0
738.713190184 0.0
739.713190184 0.0
740.713190184 0.0
741.713190184 0.0
742.713190184 0.0
743.713190184 0.0
744.713190184 0.0
745.713190184 0.0
746.713190184 0.0
747.713190184 0.0
748.713190184 0.0
749.713190184 0.0
750.713190184 0.0
751.713190184 0.0
752.713190184 0.0
753.713190184 0.0
754.713190184 0.0
755.713190184 0.0
756.713190184 0.0
757.713190184 0.0
758.713190184 0.0
759.713190184 0.0
760.713190184 0.0
761.713190184 0.0
762.713190184 0.0
763.713190184 0.0
764.713190184 0.0
765.713190184 0.0
766.713190184 0.0
767.713190184 0.0
768.713190184 0.0
769.713190184 0.0
770.713190184 0.0
771.713190184 0.0
772.713190184 0.0
773.713190184 0.0
774.713190184 0.0
775.713190184 0.0
776.713190184 0.0
777.713190184 0.0
778.713190184 0.0
779.713190184 0.0
780.713190184 0.0
781.713190184 0.0
782.713190184 0.0
783.713190184 0.0
784.713190184 0.0
785.713190184 0.0
786.713190184 0.0
787.713190184 0.0
788.713190184 0.0
789.713190184 0.0
790.713190184 0.0
791.713190184 0.0
792.713190184 0.0
793.713190184 0.0
794.713190184 0.0
795.713190184 0.0
796.713190184 0.0
797.713190184 0.0
798.713190184 0.0
799.713190184 0.0
800.713190184 0.0
801.713190184 0.0
802.713190184 0.0
803.713190184 0.0
804.713190184 0.0
805.713190184 0.0
806.713190184 0.0
807.713190184 0.0
808.713190184 0.0
809.713190184 0.0
810.713190184 0.0
811.713190184 0.0
812.713190184 0.0
813.713190184 0.0
814.713190184 0.0
815.713190184 0.0
816.713190184 0.0
817.713190184 0.0
818.713190184 0.0
819.713190184 0.0
820.713190184 0.0
821.713190184 0.0
822.713190184 0.0
823.713190184 0.0
824.713190184 0.0
825.713190184 0.0
826.713190184 0.0
827.713190184 0.0
828.713190184 0.0
829.713190184 0.0
830.713190184 0.0
831.713190184 0.0
832.713190184 0.0
833.713190184 0.0
834.713190184 0.0
835.713190184 0.0
836.713190184 0.0
837.713190184 0.0
838.713190184 0.0
839.713190184 0.0
840.713190184 0.0
841.713190184 0.0
842.713190184 0.0
843.713190184 0.0
844.713190184 0.0
845.713190184 0.0
846.713190184 0.0
847.713190184 0.0
848.713190184 0.0
849.713190184 0.0
850.713190184 0.0
851.713190184 0.0
852.713190184 0.0
853.713190184 0.0
854.713190184 0.0
855.713190184 0.0
856.713190184 0.0
857.713190184 0.0
858.713190184 0.0
859.713190184 0.0
860.713190184 0.0
861.713190184 0.0
862.713190184 0.0
863.713190184 0.0
864.713190184 0.0
865.713190184 0.0
866.713190184 0.0
867.713190184 0.0
868.713190184 0.0
