-565.793103448 0.0
-564.793103448 0.0
-563.793103448 0.0
-562.793103448 0.0
-561.793103448 0.0
-560.793103448 0.0
-559.793103448 0.0
-558.793103448 0.0
-557.793103448 0.0
-556.793103448 0.0
-555.793103448 0.0
-554.793103448 0.0
-553.793103448 0.0
-552.793103448 0.0
-551.793103448 0.0
-550.793103448 0.0
-549.793103448 0.0
-548.793103448 0.0
-547.793103448 0.0
-546.793103448 0.0
-545.793103448 0.0
-544.793103448 0.0
-543.793103448 0.0
-542.793103448 0.0
-541.793103448 0.0
-540.793103448 0.0
-539.793103448 0.0
-538.793103448 0.0
-537.793103448 0.0
-536.793103448 0.0
-535.793103448 0.0
-534.793103448 0.0
-533.793103448 0.0
-532.793103448 0.0
-531.793103448 0.0
-530.793103448 0.0
-529.793103448 0.0
-528.793103448 0.0
-527.793103448 0.0
-526.793103448 0.0
-525.793103448 0.0
-524.793103448 0.0
-523.793103448 0.0
-522.793103448 0.0
-521.793103448 0.0
-520.793103448 0.0
-519.793103448 0.0
-518.793103448 0.0
-517.793103448 0.0
-516.793103448 0.0
-515.793103448 0.0
-514.793103448 0.0
-513.793103448 0.0
-512.793103448 0.0
-511.793103448 0.0
-510.793103448 0.0
-509.793103448 0.0
-508.793103448 0.0
-507.793103448 0.0
-506.793103448 0.0
-505.793103448 0.0
-504.793103448 0.0
-503.793103448 0.0
-502.793103448 0.0
-501.793103448 0.0
-500.793103448 0.0
-499.793103448 0.0
-498.793103448 0.0
-497.793103448 0.0
-496.793103448 0.0
-495.793103448 0.0
-494.793103448 0.0
-493.793103448 0.0
-492.793103448 0.0
-491.793103448 0.0
-490.793103448 0.0
-489.793103448 0.0
-488.793103448 0.0
-487.793103448 0.0
-486.793103448 0.0
-485.793103448 0.0
-484.793103448 0.0
-483.793103448 0.0
-482.793103448 0.0
-481.793103448 0.0
-480.793103448 0.0
-479.793103448 0.0
-478.793103448 0.0
-477.793103448 0.0
-476.793103448 0.0
-475.793103448 0.0
-474.793103448 0.0
-473.793103448 0.0
-472.793103448 0.0
-471.793103448 0.0
-470.793103448 0.0
-469.793103448 0.0
-468.793103448 0.0
-467.793103448 0.0
-466.793103448 0.0
-465.793103448 0.0
-464.793103448 0.0
-463.793103448 0.0
-462.793103448 0.0
-461.793103448 0.0
-460.793103448 0.0
-459.793103448 0.0
-458.793103448 0.0
-457.793103448 0.0
-456.793103448 0.0
-455.793103448 0.0
-454.793103448 0.0
-453.793103448 0.0
-452.793103448 0.0
-451.793103448 0.0
-450.793103448 0.0
-449.793103448 0.0
-448.793103448 0.0
-447.793103448 0.0
-446.793103448 0.0
-445.793103448 0.0
-444.793103448 0.0
-443.793103448 0.0
-442.793103448 0.0
-441.793103448 0.0
-440.793103448 0.0
-439.793103448 0.0
-438.793103448 0.0
-437.793103448 0.0
-436.793103448 0.0
-435.793103448 0.0
-434.793103448 0.0
-433.793103448 0.0
-432.793103448 0.0
-431.793103448 0.0
-430.793103448 0.0
-429.793103448 0.0
-428.793103448 0.0
-427.793103448 0.0
-426.793103448 0.0
-425.793103448 0.0
-424.793103448 0.0
-423.793103448 0.0
-422.793103448 0.0
-421.793103448 0.0
-420.793103448 0.0
-419.793103448 0.0
-418.793103448 0.0
-417.793103448 0.0
-416.793103448 0.0
-415.793103448 0.0
-414.793103448 0.0
-413.793103448 0.0
-412.793103448 0.0
-411.793103448 0.0
-410.793103448 0.0
-409.793103448 0.0
-408.793103448 0.0
-407.793103448 0.0
-406.793103448 0.0
-405.793103448 0.0
-404.793103448 0.0
-403.793103448 0.0
-402.793103448 0.0
-401.793103448 0.0
-400.793103448 0.0
-399.793103448 0.0
-398.793103448 0.0
-397.793103448 0.0
-396.793103448 0.0
-395.793103448 0.0
-394.793103448 0.0
-393.793103448 0.0
-392.793103448 0.0
-391.793103448 0.0
-390.793103448 0.0
-389.793103448 0.0
-388.793103448 0.0
-387.793103448 0.0
-386.793103448 0.0
-385.793103448 0.0
-384.793103448 0.0
-383.793103448 0.0
-382.793103448 0.0
-381.793103448 0.0
-380.793103448 0.0
-379.793103448 0.0
-378.793103448 0.0
-377.793103448 0.0
-376.793103448 0.0
-375.793103448 0.0
-374.793103448 0.0
-373.793103448 0.0
-372.793103448 0.0
-371.793103448 0.0
-370.793103448 0.0
-369.793103448 0.0
-368.793103448 0.0
-367.793103448 0.0
-366.793103448 0.0
-365.793103448 0.0
-364.793103448 0.0
-363.793103448 0.0
-362.793103448 0.0
-361.793103448 0.0
-360.793103448 0.0
-359.793103448 0.0
-358.793103448 0.0
-357.793103448 0.0
-356.793103448 0.0
-355.793103448 0.0
-354.793103448 0.0
-353.793103448 0.0
-352.793103448 0.0
-351.793103448 0.0
-350.793103448 0.0
-349.793103448 0.0
-348.793103448 0.0
-347.793103448 0.0
-346.793103448 0.0
-345.793103448 0.0
-344.793103448 0.0
-343.793103448 0.0
-342.793103448 0.0
-341.793103448 0.0
-340.793103448 0.0
-339.793103448 0.0
-338.793103448 0.0
-337.793103448 0.0
-336.793103448 0.0
-335.793103448 0.0
-334.793103448 0.0
-333.793103448 0.0
-332.793103448 0.0
-331.793103448 0.0
-330.793103448 0.0
-329.793103448 0.0
-328.793103448 0.0
-327.793103448 0.0
-326.793103448 0.0
-325.793103448 0.0
-324.793103448 0.0
-323.793103448 0.0
-322.793103448 0.0
-321.793103448 0.0
-320.793103448 0.0
-319.793103448 0.0
-318.793103448 0.0
-317.793103448 0.0
-316.793103448 0.0
-315.793103448 0.0
-314.793103448 0.0
-313.793103448 0.0
-312.793103448 0.0
-311.793103448 0.0
-310.793103448 0.0
-309.793103448 0.0
-308.793103448 0.0
-307.793103448 0.0
-306.793103448 0.0
-305.793103448 0.0
-304.793103448 0.0
-303.793103448 0.0
-302.793103448 0.0
-301.793103448 0.0
-300.793103448 0.0
-299.793103448 0.0
-298.793103448 0.0
-297.793103448 0.0
-296.793103448 0.0
-295.793103448 0.0
-294.793103448 0.0
-293.793103448 0.0
-292.793103448 0.0
-291.793103448 0.0
-290.793103448 0.0
-289.793103448 0.0
-288.793103448 0.0
-287.793103448 0.0
-286.793103448 0.0
-285.793103448 0.0
-284.793103448 0.0
-283.793103448 0.0
-282.793103448 0.0
-281.793103448 0.0
-280.793103448 0.0
-279.793103448 0.0
-278.793103448 0.0
-277.793103448 0.0
-276.793103448 0.0
-275.793103448 0.0
-274.793103448 0.0
-273.793103448 0.0
-272.793103448 0.0
-271.793103448 0.0
-270.793103448 0.0
-269.793103448 0.0
-268.793103448 0.0
-267.793103448 0.0
-266.793103448 0.0
-265.793103448 0.0
-264.793103448 0.0
-263.793103448 0.0
-262.793103448 0.0
-261.793103448 0.0
-260.793103448 0.0
-259.793103448 0.0
-258.793103448 0.0
-257.793103448 0.0
-256.793103448 0.0
-255.793103448 0.0
-254.793103448 0.0
-253.793103448 0.0
-252.793103448 0.0
-251.793103448 0.0
-250.793103448 0.0
-249.793103448 0.0
-248.793103448 0.0
-247.793103448 0.0
-246.793103448 0.0
-245.793103448 0.0
-244.793103448 0.0
-243.793103448 0.0
-242.793103448 0.0
-241.793103448 0.0
-240.793103448 0.0
-239.793103448 0.0
-238.793103448 0.0
-237.793103448 0.0
-236.793103448 0.0
-235.793103448 0.0
-234.793103448 0.0
-233.793103448 0.0
-232.793103448 0.0
-231.793103448 0.0
-230.793103448 0.0
-229.793103448 0.0
-228.793103448 0.0
-227.793103448 0.0
-226.793103448 0.0
-225.793103448 0.0
-224.793103448 0.0
-223.793103448 0.0
-222.793103448 0.0
-221.793103448 0.0
-220.793103448 0.0
-219.793103448 0.0
-218.793103448 0.0
-217.793103448 0.0
-216.793103448 0.0
-215.793103448 0.0
-214.793103448 0.0
-213.793103448 0.0
-212.793103448 0.0
-211.793103448 0.0
-210.793103448 0.0
-209.793103448 0.0
-208.793103448 0.0
-207.793103448 0.0
-206.793103448 0.0
-205.793103448 0.0
-204.793103448 0.0
-203.793103448 0.0
-202.793103448 0.0
-201.793103448 0.0
-200.793103448 0.0
-199.793103448 0.0
-198.793103448 0.0
-197.793103448 0.0
-196.793103448 0.0
-195.793103448 0.0
-194.793103448 0.0
-193.793103448 0.0
-192.793103448 0.0
-191.793103448 0.0
-190.793103448 0.0
-189.793103448 0.0
-188.793103448 0.0
-187.793103448 0.0
-186.793103448 0.0
-185.793103448 0.0
-184.793103448 0.0
-183.793103448 0.0
-182.793103448 0.0
-181.793103448 0.0
-180.793103448 0.0
-179.793103448 0.0
-178.793103448 0.0
-177.793103448 0.0
-176.793103448 0.0
-175.793103448 0.0
-174.793103448 0.0
-173.793103448 0.0
-172.793103448 0.0
-171.793103448 0.0
-170.793103448 0.0
-169.793103448 0.0
-168.793103448 0.0
-167.793103448 0.0
-166.793103448 0.0
-165.793103448 0.0
-164.793103448 0.0
-163.793103448 0.0
-162.793103448 0.0
-161.793103448 0.0
-160.793103448 0.0
-159.793103448 0.0
-158.793103448 0.0
-157.793103448 0.0
-156.793103448 0.0
-155.793103448 0.0
-154.793103448 0.0
-153.793103448 0.0
-152.793103448 0.0
-151.793103448 0.0
-150.793103448 0.0
-149.793103448 0.0
-148.793103448 0.0
-147.793103448 0.0
-146.793103448 0.0
-145.793103448 0.0
-144.793103448 0.0
-143.793103448 0.0
-142.793103448 0.0
-141.793103448 0.0
-140.793103448 0.0
-139.793103448 0.0
-138.793103448 0.0
-137.793103448 0.0
-136.793103448 0.0
-135.793103448 0.0
-134.793103448 0.0
-133.793103448 0.0
-132.793103448 0.0
-131.793103448 0.0
-130.793103448 0.0
-129.793103448 0.0
-128.793103448 0.0
-127.793103448 0.0
-126.793103448 0.0
-125.793103448 0.0
-124.793103448 0.0
-123.793103448 0.0
-122.793103448 0.0
-121.793103448 0.0
-120.793103448 0.0
-119.793103448 0.0
-118.793103448 0.0
-117.793103448 0.0
-116.793103448 0.0
-115.793103448 0.0
-114.793103448 0.0
-113.793103448 0.0
-112.793103448 0.0
-111.793103448 0.0
-110.793103448 0.0
-109.793103448 0.0
-108.793103448 0.0
-107.793103448 0.0
-106.793103448 0.0
-105.793103448 0.0
-104.793103448 0.0
-103.793103448 0.0
-102.793103448 0.0
-101.793103448 0.0
-100.793103448 0.0
-99.7931034483 0.0
-98.7931034483 0.0
-97.7931034483 0.0
-96.7931034483 0.0
-95.7931034483 0.0
-94.7931034483 0.0
-93.7931034483 0.0
-92.7931034483 0.0
-91.7931034483 0.0
-90.7931034483 0.0
-89.7931034483 0.0
-88.7931034483 0.0
-87.7931034483 0.0
-86.7931034483 0.0
-85.7931034483 0.0
-84.7931034483 0.0
-83.7931034483 0.0
-82.7931034483 0.0
-81.7931034483 0.0
-80.7931034483 0.0
-79.7931034483 0.0
-78.7931034483 0.0
-77.7931034483 0.0
-76.7931034483 0.0
-75.7931034483 0.0
-74.7931034483 0.0
-73.7931034483 0.0
-72.7931034483 0.0
-71.7931034483 0.0
-70.7931034483 0.0
-69.7931034483 0.0
-68.7931034483 0.0
-67.7931034483 0.0
-66.7931034483 0.0
-65.7931034483 0.000000e+00
-65.5172413793 0.000000e+00
-65.2413793103 0.000000e+00
-64.9655172414 0.000000e+00
-64.6896551724 0.000000e+00
-64.4137931034 0.000000e+00
-64.1379310345 0.000000e+00
-63.8620689655 0.000000e+00
-63.5862068966 0.000000e+00
-63.3103448276 0.000000e+00
-63.0344827586 0.000000e+00
-62.7586206897 0.000000e+00
-62.4827586207 0.000000e+00
-62.2068965517 0.000000e+00
-61.9310344828 0.000000e+00
-61.6551724138 0.000000e+00
-61.3793103448 0.000000e+00
-61.1034482759 0.000000e+00
-60.8275862069 0.000000e+00
-60.5517241379 0.000000e+00
-60.275862069 0.000000e+00
-60.0 0.000000e+00
-59.724137931 0.000000e+00
-59.4482758621 0.000000e+00
-59.1724137931 0.000000e+00
-58.8965517241 0.000000e+00
-58.6206896552 0.000000e+00
-58.3448275862 0.000000e+00
-58.0689655172 0.000000e+00
-57.7931034483 0.000000e+00
-57.5172413793 0.000000e+00
-57.2413793103 0.000000e+00
-56.9655172414 0.000000e+00
-56.6896551724 0.000000e+00
-56.4137931034 0.000000e+00
-56.1379310345 0.000000e+00
-55.8620689655 0.000000e+00
-55.5862068966 0.000000e+00
-55.3103448276 0.000000e+00
-55.0344827586 0.000000e+00
-54.7586206897 0.000000e+00
-54.4827586207 0.000000e+00
-54.2068965517 0.000000e+00
-53.9310344828 0.000000e+00
-53.6551724138 0.000000e+00
-53.3793103448 0.000000e+00
-53.1034482759 0.000000e+00
-52.8275862069 0.000000e+00
-52.5517241379 0.000000e+00
-52.275862069 0.000000e+00
-52.0 0.000000e+00
-51.724137931 0.000000e+00
-51.4482758621 0.000000e+00
-51.1724137931 0.000000e+00
-50.8965517241 0.000000e+00
-50.6206896552 0.000000e+00
-50.3448275862 0.000000e+00
-50.0689655172 0.000000e+00
-49.7931034483 0.000000e+00
-49.5172413793 0.000000e+00
-49.2413793103 0.000000e+00
-48.9655172414 0.000000e+00
-48.6896551724 0.000000e+00
-48.4137931034 0.000000e+00
-48.1379310345 0.000000e+00
-47.8620689655 0.000000e+00
-47.5862068966 0.000000e+00
-47.3103448276 0.000000e+00
-47.0344827586 0.000000e+00
-46.7586206897 0.000000e+00
-46.4827586207 0.000000e+00
-46.2068965517 0.000000e+00
-45.9310344828 0.000000e+00
-45.6551724138 0.000000e+00
-45.3793103448 0.000000e+00
-45.1034482759 0.000000e+00
-44.8275862069 0.000000e+00
-44.5517241379 0.000000e+00
-44.275862069 0.000000e+00
-44.0 0.000000e+00
-43.724137931 0.000000e+00
-43.4482758621 0.000000e+00
-43.1724137931 0.000000e+00
-42.8965517241 0.000000e+00
-42.6206896552 0.000000e+00
-42.3448275862 0.000000e+00
-42.0689655172 0.000000e+00
-41.7931034483 0.000000e+00
-41.5172413793 0.000000e+00
-41.2413793103 0.000000e+00
-40.9655172414 0.000000e+00
-40.6896551724 0.000000e+00
-40.4137931034 0.000000e+00
-40.1379310345 0.000000e+00
-39.8620689655 0.000000e+00
-39.5862068966 0.000000e+00
-39.3103448276 0.000000e+00
-39.0344827586 0.000000e+00
-38.7586206897 0.000000e+00
-38.4827586207 0.000000e+00
-38.2068965517 0.000000e+00
-37.9310344828 0.000000e+00
-37.6551724138 0.000000e+00
-37.3793103448 0.000000e+00
-37.1034482759 0.000000e+00
-36.8275862069 0.000000e+00
-36.5517241379 0.000000e+00
-36.275862069 0.000000e+00
-36.0 0.000000e+00
-35.724137931 0.000000e+00
-35.4482758621 0.000000e+00
-35.1724137931 0.000000e+00
-34.8965517241 0.000000e+00
-34.6206896552 0.000000e+00
-34.3448275862 0.000000e+00
-34.0689655172 0.000000e+00
-33.7931034483 0.000000e+00
-33.5172413793 0.000000e+00
-33.2413793103 0.000000e+00
-32.9655172414 0.000000e+00
-32.6896551724 0.000000e+00
-32.4137931034 0.000000e+00
-32.1379310345 0.000000e+00
-31.8620689655 0.000000e+00
-31.5862068966 0.000000e+00
-31.3103448276 0.000000e+00
-31.0344827586 0.000000e+00
-30.7586206897 0.000000e+00
-30.4827586207 0.000000e+00
-30.2068965517 0.000000e+00
-29.9310344828 0.000000e+00
-29.6551724138 0.000000e+00
-29.3793103448 0.000000e+00
-29.1034482759 0.000000e+00
-28.8275862069 0.000000e+00
-28.5517241379 0.000000e+00
-28.275862069 0.000000e+00
-28.0 0.000000e+00
-27.724137931 0.000000e+00
-27.4482758621 0.000000e+00
-27.1724137931 0.000000e+00
-26.8965517241 0.000000e+00
-26.6206896552 0.000000e+00
-26.3448275862 0.000000e+00
-26.0689655172 0.000000e+00
-25.7931034483 0.000000e+00
-25.5172413793 0.000000e+00
-25.2413793103 0.000000e+00
-24.9655172414 0.000000e+00
-24.6896551724 0.000000e+00
-24.4137931034 0.000000e+00
-24.1379310345 0.000000e+00
-23.8620689655 0.000000e+00
-23.5862068966 0.000000e+00
-23.3103448276 0.000000e+00
-23.0344827586 0.000000e+00
-22.7586206897 0.000000e+00
-22.4827586207 0.000000e+00
-22.2068965517 0.000000e+00
-21.9310344828 0.000000e+00
-21.6551724138 0.000000e+00
-21.3793103448 0.000000e+00
-21.1034482759 0.000000e+00
-20.8275862069 0.000000e+00
-20.5517241379 0.000000e+00
-20.275862069 0.000000e+00
-20.0 0.000000e+00
-19.724137931 0.000000e+00
-19.4482758621 0.000000e+00
-19.1724137931 0.000000e+00
-18.8965517241 0.000000e+00
-18.6206896552 0.000000e+00
-18.3448275862 0.000000e+00
-18.0689655172 0.000000e+00
-17.7931034483 0.000000e+00
-17.5172413793 0.000000e+00
-17.2413793103 0.000000e+00
-16.9655172414 0.000000e+00
-16.6896551724 0.000000e+00
-16.4137931034 0.000000e+00
-16.1379310345 0.000000e+00
-15.8620689655 0.000000e+00
-15.5862068966 0.000000e+00
-15.3103448276 0.000000e+00
-15.0344827586 0.000000e+00
-14.7586206897 0.000000e+00
-14.4827586207 0.000000e+00
-14.2068965517 0.000000e+00
-13.9310344828 0.000000e+00
-13.6551724138 0.000000e+00
-13.3793103448 0.000000e+00
-13.1034482759 0.000000e+00
-12.8275862069 0.000000e+00
-12.5517241379 0.000000e+00
-12.275862069 0.000000e+00
-12.0 0.000000e+00
-11.724137931 0.000000e+00
-11.4482758621 0.000000e+00
-11.1724137931 0.000000e+00
-10.8965517241 0.000000e+00
-10.6206896552 0.000000e+00
-10.3448275862 0.000000e+00
-10.0689655172 1.000000e+00
-9.79310344828 0.000000e+00
-9.51724137931 0.000000e+00
-9.24137931034 0.000000e+00
-8.96551724138 0.000000e+00
-8.68965517241 5.714670e-01
-8.41379310345 0.000000e+00
-8.13793103448 0.000000e+00
-7.86206896552 6.712437e-01
-7.58620689655 0.000000e+00
-7.31034482759 6.397256e-01
-7.03448275862 0.000000e+00
-6.75862068966 5.255557e-01
-6.48275862069 4.675153e-01
-6.20689655172 0.000000e+00
-5.93103448276 0.000000e+00
-5.65517241379 0.000000e+00
-5.37931034483 4.420026e-01
-5.10344827586 0.000000e+00
-4.8275862069 4.616115e-01
-4.55172413793 4.535613e-01
-4.27586206897 3.963994e-01
-4.0 4.258018e-01
-3.72413793103 0.000000e+00
-3.44827586207 0.000000e+00
-3.1724137931 0.000000e+00
-2.89655172414 0.000000e+00
-2.62068965517 4.380903e-01
-2.34482758621 0.000000e+00
-2.06896551724 0.000000e+00
-1.79310344828 0.000000e+00
-1.51724137931 0.000000e+00
-1.24137931034 0.000000e+00
-0.965517241379 0.000000e+00
-0.689655172414 0.000000e+00
-0.413793103448 0.000000e+00
-0.137931034483 3.868909e-01
0.137931034483 0.000000e+00
0.413793103448 0.000000e+00
0.689655172414 0.000000e+00
0.965517241379 0.000000e+00
1.24137931034 0.000000e+00
1.51724137931 0.000000e+00
1.79310344828 0.000000e+00
2.06896551724 3.899260e-01
2.34482758621 0.000000e+00
2.62068965517 0.000000e+00
2.89655172414 0.000000e+00
3.1724137931 0.000000e+00
3.44827586207 0.000000e+00
3.72413793103 0.000000e+00
4.0 0.000000e+00
4.27586206897 0.000000e+00
4.55172413793 0.000000e+00
4.8275862069 0.000000e+00
5.10344827586 0.000000e+00
5.37931034483 0.000000e+00
5.65517241379 0.000000e+00
5.93103448276 0.000000e+00
6.20689655172 0.000000e+00
6.48275862069 0.000000e+00
6.75862068966 0.000000e+00
7.03448275862 0.000000e+00
7.31034482759 0.000000e+00
7.58620689655 0.000000e+00
7.86206896552 0.000000e+00
8.13793103448 0.000000e+00
8.41379310345 0.000000e+00
8.68965517241 0.000000e+00
8.96551724138 0.000000e+00
9.24137931034 0.000000e+00
9.51724137931 0.000000e+00
9.79310344828 0.000000e+00
10.0689655172 0.000000e+00
10.3448275862 0.000000e+00
10.6206896552 0.000000e+00
10.8965517241 0.000000e+00
11.1724137931 0.000000e+00
11.4482758621 0.000000e+00
11.724137931 0.000000e+00
12.0 0.000000e+00
12.275862069 0.000000e+00
12.5517241379 0.000000e+00
12.8275862069 0.000000e+00
13.1034482759 0.000000e+00
13.3793103448 0.000000e+00
13.6551724138 0.000000e+00
13.9310344828 0.000000e+00
14.2068965517 0.000000e+00
14.4827586207 0.000000e+00
14.7586206897 0.000000e+00
15.0344827586 0.000000e+00
15.3103448276 0.000000e+00
15.5862068966 0.000000e+00
15.8620689655 0.000000e+00
16.1379310345 0.000000e+00
16.4137931034 0.000000e+00
16.6896551724 0.000000e+00
16.9655172414 0.000000e+00
17.2413793103 0.000000e+00
17.5172413793 0.000000e+00
17.7931034483 0.000000e+00
18.0689655172 0.000000e+00
18.3448275862 0.000000e+00
18.6206896552 0.000000e+00
18.8965517241 0.000000e+00
19.1724137931 0.000000e+00
19.4482758621 0.000000e+00
19.724137931 0.000000e+00
20.0 0.000000e+00
20.275862069 0.000000e+00
20.5517241379 0.000000e+00
20.8275862069 0.000000e+00
21.1034482759 0.000000e+00
21.3793103448 0.000000e+00
21.6551724138 0.000000e+00
21.9310344828 0.000000e+00
22.2068965517 0.000000e+00
22.4827586207 0.000000e+00
22.7586206897 0.000000e+00
23.0344827586 0.000000e+00
23.3103448276 0.000000e+00
23.5862068966 0.000000e+00
23.8620689655 0.000000e+00
24.1379310345 0.000000e+00
24.4137931034 0.000000e+00
24.6896551724 0.000000e+00
24.9655172414 0.000000e+00
25.2413793103 0.000000e+00
25.5172413793 0.000000e+00
25.7931034483 0.000000e+00
26.0689655172 0.000000e+00
26.3448275862 0.000000e+00
26.6206896552 0.000000e+00
26.8965517241 0.000000e+00
27.1724137931 0.000000e+00
27.4482758621 0.000000e+00
27.724137931 0.000000e+00
28.0 0.000000e+00
28.275862069 0.000000e+00
28.5517241379 0.000000e+00
28.8275862069 0.000000e+00
29.1034482759 0.000000e+00
29.3793103448 0.000000e+00
29.6551724138 0.000000e+00
29.9310344828 0.000000e+00
30.2068965517 0.000000e+00
30.4827586207 0.000000e+00
30.7586206897 0.000000e+00
31.0344827586 0.000000e+00
31.3103448276 0.000000e+00
31.5862068966 0.000000e+00
31.8620689655 0.000000e+00
32.1379310345 0.000000e+00
32.4137931034 0.000000e+00
32.6896551724 0.000000e+00
32.9655172414 0.000000e+00
33.2413793103 0.000000e+00
33.5172413793 0.000000e+00
33.7931034483 0.000000e+00
34.0689655172 0.000000e+00
34.3448275862 0.000000e+00
34.6206896552 0.000000e+00
34.8965517241 0.000000e+00
35.1724137931 0.000000e+00
35.4482758621 0.000000e+00
35.724137931 0.000000e+00
36.0 0.000000e+00
36.275862069 0.000000e+00
36.5517241379 0.000000e+00
36.8275862069 0.000000e+00
37.1034482759 0.000000e+00
37.3793103448 0.000000e+00
37.6551724138 0.000000e+00
37.9310344828 0.000000e+00
38.2068965517 0.000000e+00
38.4827586207 0.000000e+00
38.7586206897 0.000000e+00
39.0344827586 0.000000e+00
39.3103448276 0.000000e+00
39.5862068966 0.000000e+00
39.8620689655 0.000000e+00
40.1379310345 0.000000e+00
40.4137931034 0.000000e+00
40.6896551724 0.000000e+00
40.9655172414 0.000000e+00
41.2413793103 0.000000e+00
41.5172413793 0.000000e+00
41.7931034483 0.000000e+00
42.0689655172 0.000000e+00
42.3448275862 0.000000e+00
42.6206896552 0.000000e+00
42.8965517241 0.000000e+00
43.1724137931 0.000000e+00
43.4482758621 0.000000e+00
43.724137931 0.000000e+00
44.0 0.000000e+00
44.275862069 0.000000e+00
44.5517241379 0.000000e+00
44.8275862069 0.000000e+00
45.1034482759 0.000000e+00
45.3793103448 0.000000e+00
45.6551724138 0.000000e+00
45.9310344828 0.000000e+00
46.2068965517 0.000000e+00
46.4827586207 0.000000e+00
46.7586206897 0.000000e+00
47.0344827586 0.000000e+00
47.3103448276 0.000000e+00
47.5862068966 0.000000e+00
47.8620689655 0.000000e+00
48.1379310345 0.000000e+00
48.4137931034 0.000000e+00
48.6896551724 0.000000e+00
48.9655172414 0.000000e+00
49.2413793103 0.000000e+00
49.5172413793 0.000000e+00
49.7931034483 0.000000e+00
50.0689655172 0.000000e+00
50.3448275862 0.000000e+00
50.6206896552 0.000000e+00
50.8965517241 0.000000e+00
51.1724137931 0.000000e+00
51.4482758621 0.000000e+00
51.724137931 0.000000e+00
52.0 0.000000e+00
52.275862069 0.000000e+00
52.5517241379 0.000000e+00
52.8275862069 0.000000e+00
53.1034482759 0.000000e+00
53.3793103448 0.000000e+00
53.6551724138 0.000000e+00
53.9310344828 0.000000e+00
54.2068965517 0.000000e+00
54.4827586207 0.000000e+00
54.7586206897 0.000000e+00
55.0344827586 0.000000e+00
55.3103448276 0.000000e+00
55.5862068966 0.000000e+00
55.8620689655 0.000000e+00
56.1379310345 0.000000e+00
56.4137931034 0.000000e+00
56.6896551724 0.000000e+00
56.9655172414 0.000000e+00
57.2413793103 0.000000e+00
57.5172413793 0.000000e+00
57.7931034483 0.000000e+00
58.0689655172 0.000000e+00
58.3448275862 0.000000e+00
58.6206896552 0.000000e+00
58.8965517241 0.000000e+00
59.1724137931 0.000000e+00
59.4482758621 0.000000e+00
59.724137931 0.000000e+00
60.0 0.000000e+00
60.275862069 0.000000e+00
60.5517241379 0.000000e+00
60.8275862069 0.000000e+00
61.1034482759 0.000000e+00
61.3793103448 0.000000e+00
61.6551724138 0.000000e+00
61.9310344828 0.000000e+00
62.2068965517 0.000000e+00
62.4827586207 0.000000e+00
62.7586206897 0.000000e+00
63.0344827586 0.000000e+00
63.3103448276 0.000000e+00
63.5862068966 0.000000e+00
63.8620689655 0.000000e+00
64.1379310345 0.000000e+00
64.4137931034 0.000000e+00
64.6896551724 0.000000e+00
64.9655172414 0.000000e+00
65.2413793103 0.000000e+00
65.5172413793 0.000000e+00
65.7931034483 0.000000e+00
66.0689655172 0.000000e+00
66.3448275862 0.000000e+00
66.6206896552 0.000000e+00
66.8965517241 0.000000e+00
67.1724137931 0.000000e+00
67.4482758621 0.000000e+00
67.724137931 0.000000e+00
68.0 0.000000e+00
68.275862069 0.000000e+00
68.5517241379 0.000000e+00
68.8275862069 0.000000e+00
69.1034482759 0.000000e+00
69.3793103448 0.000000e+00
69.6551724138 0.000000e+00
69.9310344828 0.000000e+00
70.2068965517 0.000000e+00
70.4827586207 0.000000e+00
70.7586206897 0.000000e+00
71.0344827586 0.000000e+00
71.3103448276 0.000000e+00
71.5862068966 0.000000e+00
71.8620689655 0.000000e+00
72.1379310345 0.000000e+00
72.4137931034 0.000000e+00
72.6896551724 0.000000e+00
72.9655172414 0.000000e+00
73.2413793103 0.000000e+00
73.5172413793 0.000000e+00
73.7931034483 0.000000e+00
74.0689655172 0.000000e+00
74.3448275862 0.000000e+00
74.6206896552 0.000000e+00
74.8965517241 0.000000e+00
75.1724137931 0.000000e+00
75.4482758621 0.000000e+00
75.724137931 0.000000e+00
76.0 0.000000e+00
76.275862069 0.000000e+00
76.5517241379 0.000000e+00
76.8275862069 0.000000e+00
77.1034482759 0.000000e+00
77.3793103448 0.000000e+00
77.6551724138 0.000000e+00
77.9310344828 0.000000e+00
78.2068965517 0.000000e+00
78.4827586207 0.000000e+00
78.7586206897 0.000000e+00
79.0344827586 0.000000e+00
79.3103448276 0.000000e+00
79.5862068966 0.000000e+00
79.8620689655 0.000000e+00
80.1379310345 0.000000e+00
80.4137931034 0.000000e+00
80.6896551724 0.000000e+00
80.9655172414 0.000000e+00
81.2413793103 0.000000e+00
81.5172413793 0.000000e+00
81.7931034483 0.000000e+00
82.0689655172 0.000000e+00
82.3448275862 0.000000e+00
82.6206896552 0.000000e+00
82.8965517241 0.000000e+00
83.1724137931 0.000000e+00
83.4482758621 0.000000e+00
83.724137931 0.000000e+00
84.0 0.000000e+00
84.275862069 0.000000e+00
84.5517241379 0.000000e+00
84.8275862069 0.000000e+00
85.1034482759 0.000000e+00
85.3793103448 0.000000e+00
85.6551724138 0.000000e+00
85.9310344828 0.000000e+00
86.2068965517 0.000000e+00
86.4827586207 0.000000e+00
86.7586206897 0.000000e+00
87.0344827586 0.000000e+00
87.3103448276 0.000000e+00
87.5862068966 0.000000e+00
87.8620689655 0.000000e+00
88.1379310345 0.000000e+00
88.4137931034 0.000000e+00
88.6896551724 0.000000e+00
88.9655172414 0.000000e+00
89.2413793103 0.000000e+00
89.5172413793 0.000000e+00
89.7931034483 0.000000e+00
90.0689655172 0.000000e+00
90.3448275862 0.000000e+00
90.6206896552 0.000000e+00
90.8965517241 0.000000e+00
91.1724137931 0.000000e+00
91.4482758621 0.000000e+00
91.724137931 0.000000e+00
92.0 0.000000e+00
92.275862069 0.000000e+00
92.5517241379 0.000000e+00
92.8275862069 0.000000e+00
93.1034482759 0.000000e+00
93.3793103448 0.000000e+00
93.6551724138 0.000000e+00
93.9310344828 0.000000e+00
94.2068965517 0.000000e+00
94.4827586207 0.000000e+00
94.7586206897 0.000000e+00
95.0344827586 0.000000e+00
95.3103448276 0.000000e+00
95.5862068966 0.000000e+00
95.8620689655 0.000000e+00
96.1379310345 0.000000e+00
96.4137931034 0.000000e+00
96.6896551724 0.000000e+00
96.9655172414 0.000000e+00
97.2413793103 0.000000e+00
97.5172413793 0.000000e+00
97.7931034483 0.000000e+00
98.0689655172 0.000000e+00
98.3448275862 0.000000e+00
98.6206896552 0.000000e+00
98.8965517241 0.000000e+00
99.1724137931 0.000000e+00
99.4482758621 0.000000e+00
99.724137931 0.000000e+00
100.0 0.000000e+00
100.275862069 0.000000e+00
100.551724138 0.000000e+00
100.827586207 0.000000e+00
101.103448276 0.000000e+00
101.379310345 0.000000e+00
101.655172414 0.000000e+00
101.931034483 0.000000e+00
102.206896552 0.000000e+00
102.482758621 0.000000e+00
102.75862069 0.000000e+00
103.034482759 0.000000e+00
103.310344828 0.000000e+00
103.586206897 0.000000e+00
103.862068966 0.000000e+00
104.137931034 0.000000e+00
104.413793103 0.000000e+00
104.689655172 0.000000e+00
104.965517241 0.000000e+00
105.24137931 0.000000e+00
105.517241379 0.000000e+00
105.793103448 0.000000e+00
106.068965517 0.000000e+00
106.344827586 0.000000e+00
106.620689655 0.000000e+00
106.896551724 0.000000e+00
107.172413793 0.000000e+00
107.448275862 0.000000e+00
107.724137931 0.000000e+00
108.0 0.000000e+00
108.275862069 0.000000e+00
108.551724138 0.000000e+00
108.827586207 0.000000e+00
109.103448276 0.000000e+00
109.379310345 0.000000e+00
109.655172414 0.000000e+00
109.931034483 0.000000e+00
110.206896552 0.000000e+00
110.482758621 0.000000e+00
110.75862069 0.000000e+00
111.034482759 0.000000e+00
111.310344828 0.000000e+00
111.586206897 0.000000e+00
111.862068966 0.000000e+00
112.137931034 0.000000e+00
112.413793103 0.000000e+00
112.689655172 0.000000e+00
112.965517241 0.000000e+00
113.24137931 0.000000e+00
113.517241379 0.000000e+00
113.793103448 0.000000e+00
114.068965517 0.000000e+00
114.344827586 0.000000e+00
114.620689655 0.000000e+00
114.896551724 0.000000e+00
115.172413793 0.000000e+00
115.448275862 0.000000e+00
115.724137931 0.000000e+00
116.0 0.000000e+00
116.275862069 0.000000e+00
116.551724138 0.000000e+00
116.827586207 0.000000e+00
117.103448276 0.000000e+00
117.379310345 0.000000e+00
117.655172414 0.000000e+00
117.931034483 0.000000e+00
118.206896552 0.000000e+00
118.482758621 0.000000e+00
118.75862069 0.000000e+00
119.034482759 0.000000e+00
119.310344828 0.000000e+00
119.586206897 0.000000e+00
119.862068966 0.000000e+00
120.137931034 0.000000e+00
120.413793103 0.000000e+00
120.689655172 0.000000e+00
120.965517241 0.000000e+00
121.24137931 0.000000e+00
121.517241379 0.000000e+00
121.793103448 0.000000e+00
122.068965517 0.000000e+00
122.344827586 0.000000e+00
122.620689655 0.000000e+00
122.896551724 0.000000e+00
123.172413793 0.000000e+00
123.448275862 0.000000e+00
123.724137931 0.000000e+00
124.0 0.000000e+00
124.275862069 0.000000e+00
124.551724138 0.000000e+00
124.827586207 0.000000e+00
125.103448276 0.000000e+00
125.379310345 0.000000e+00
125.655172414 0.000000e+00
125.931034483 0.000000e+00
126.206896552 0.000000e+00
126.482758621 0.000000e+00
126.75862069 0.000000e+00
127.034482759 0.000000e+00
127.310344828 0.000000e+00
127.586206897 0.000000e+00
127.862068966 0.000000e+00
128.137931034 0.000000e+00
128.413793103 0.000000e+00
128.689655172 0.000000e+00
128.965517241 0.000000e+00
129.24137931 0.000000e+00
129.517241379 0.000000e+00
129.793103448 0.000000e+00
130.068965517 0.000000e+00
130.344827586 0.000000e+00
130.620689655 0.000000e+00
130.896551724 0.000000e+00
131.172413793 0.000000e+00
131.448275862 0.000000e+00
131.724137931 0.000000e+00
132.0 0.000000e+00
132.275862069 0.000000e+00
132.551724138 0.000000e+00
132.827586207 0.000000e+00
133.103448276 0.000000e+00
133.379310345 0.000000e+00
133.655172414 0.000000e+00
133.931034483 0.000000e+00
134.206896552 0.000000e+00
134.482758621 0.000000e+00
134.75862069 0.000000e+00
135.034482759 0.000000e+00
135.310344828 0.000000e+00
135.586206897 0.000000e+00
135.862068966 0.000000e+00
136.137931034 0.000000e+00
136.413793103 0.000000e+00
136.689655172 0.000000e+00
136.965517241 0.000000e+00
137.24137931 0.000000e+00
137.517241379 0.000000e+00
137.793103448 0.000000e+00
138.068965517 0.000000e+00
138.344827586 0.000000e+00
138.620689655 0.000000e+00
138.896551724 0.000000e+00
139.172413793 0.000000e+00
139.448275862 0.000000e+00
139.724137931 0.000000e+00
140.0 0.000000e+00
140.275862069 0.000000e+00
140.551724138 0.000000e+00
140.827586207 0.000000e+00
141.103448276 0.000000e+00
141.379310345 0.000000e+00
141.655172414 0.000000e+00
141.931034483 0.000000e+00
142.206896552 0.000000e+00
142.482758621 0.000000e+00
142.75862069 0.000000e+00
143.034482759 0.000000e+00
143.310344828 0.000000e+00
143.586206897 0.000000e+00
143.862068966 0.000000e+00
144.137931034 0.000000e+00
144.413793103 0.000000e+00
144.689655172 0.000000e+00
144.965517241 0.000000e+00
145.24137931 0.000000e+00
145.517241379 0.000000e+00
145.793103448 0.000000e+00
146.068965517 0.000000e+00
146.344827586 0.000000e+00
146.620689655 0.000000e+00
146.896551724 0.000000e+00
147.172413793 0.000000e+00
147.448275862 0.000000e+00
147.724137931 0.000000e+00
148.0 0.000000e+00
148.275862069 0.000000e+00
148.551724138 0.000000e+00
148.827586207 0.000000e+00
149.103448276 0.000000e+00
149.379310345 0.000000e+00
149.655172414 0.000000e+00
149.931034483 0.000000e+00
150.206896552 0.000000e+00
150.482758621 0.000000e+00
150.75862069 0.000000e+00
151.034482759 0.000000e+00
151.310344828 0.000000e+00
151.586206897 0.000000e+00
151.862068966 0.000000e+00
152.137931034 0.000000e+00
152.413793103 0.000000e+00
152.689655172 0.000000e+00
152.965517241 0.000000e+00
153.24137931 0.000000e+00
153.517241379 0.000000e+00
153.793103448 0.000000e+00
154.068965517 0.000000e+00
154.344827586 0.000000e+00
154.620689655 0.000000e+00
154.896551724 0.000000e+00
155.172413793 0.000000e+00
155.448275862 0.000000e+00
155.724137931 0.000000e+00
156.0 0.000000e+00
156.275862069 0.000000e+00
156.551724138 0.000000e+00
156.827586207 0.000000e+00
157.103448276 0.000000e+00
157.379310345 0.000000e+00
157.655172414 0.000000e+00
157.931034483 0.000000e+00
158.206896552 0.000000e+00
158.482758621 0.000000e+00
158.75862069 0.000000e+00
159.034482759 0.000000e+00
159.310344828 0.000000e+00
159.586206897 0.000000e+00
159.862068966 0.000000e+00
160.137931034 0.000000e+00
160.413793103 0.000000e+00
160.689655172 0.000000e+00
160.965517241 0.000000e+00
161.24137931 0.000000e+00
161.517241379 0.000000e+00
161.793103448 0.000000e+00
162.068965517 0.000000e+00
162.344827586 0.000000e+00
162.620689655 0.000000e+00
162.896551724 0.000000e+00
163.172413793 0.000000e+00
163.448275862 0.000000e+00
163.724137931 0.000000e+00
164.0 0.000000e+00
164.275862069 0.000000e+00
164.551724138 0.000000e+00
164.827586207 0.000000e+00
165.103448276 0.000000e+00
165.379310345 0.000000e+00
165.655172414 0.000000e+00
165.931034483 0.000000e+00
166.206896552 0.000000e+00
166.482758621 0.000000e+00
166.75862069 0.000000e+00
167.034482759 0.000000e+00
167.310344828 0.000000e+00
167.586206897 0.000000e+00
167.862068966 0.000000e+00
168.137931034 0.000000e+00
168.413793103 0.000000e+00
168.689655172 0.000000e+00
168.965517241 0.000000e+00
169.24137931 0.000000e+00
169.517241379 0.000000e+00
169.793103448 0.000000e+00
170.068965517 0.000000e+00
170.344827586 0.000000e+00
170.620689655 0.000000e+00
170.896551724 0.000000e+00
171.172413793 0.000000e+00
171.448275862 0.000000e+00
171.724137931 0.000000e+00
172.0 0.000000e+00
172.275862069 0.000000e+00
172.551724138 0.000000e+00
172.827586207 0.000000e+00
173.103448276 0.000000e+00
173.379310345 0.000000e+00
173.655172414 0.000000e+00
173.931034483 0.000000e+00
174.206896552 0.000000e+00
174.482758621 0.000000e+00
174.75862069 0.000000e+00
175.034482759 0.000000e+00
175.310344828 0.000000e+00
175.586206897 0.000000e+00
175.862068966 0.000000e+00
176.137931034 0.000000e+00
176.413793103 0.000000e+00
176.689655172 0.000000e+00
176.965517241 0.000000e+00
177.24137931 0.000000e+00
177.517241379 0.000000e+00
177.793103448 0.000000e+00
178.068965517 0.000000e+00
178.344827586 0.000000e+00
178.620689655 0.000000e+00
178.896551724 0.000000e+00
179.172413793 0.000000e+00
179.448275862 0.000000e+00
179.724137931 0.000000e+00
180.0 0.000000e+00
180.275862069 0.000000e+00
180.551724138 0.000000e+00
180.827586207 0.000000e+00
181.103448276 0.000000e+00
181.379310345 0.000000e+00
181.655172414 0.000000e+00
181.931034483 0.000000e+00
182.206896552 0.000000e+00
182.482758621 0.000000e+00
182.75862069 0.000000e+00
183.034482759 0.000000e+00
183.310344828 0.000000e+00
183.586206897 0.000000e+00
183.862068966 0.000000e+00
184.137931034 0.000000e+00
184.413793103 0.000000e+00
184.689655172 0.000000e+00
184.965517241 0.000000e+00
185.24137931 0.000000e+00
185.517241379 0.000000e+00
185.793103448 0.000000e+00
186.068965517 0.000000e+00
186.344827586 0.000000e+00
186.620689655 0.000000e+00
186.896551724 0.000000e+00
187.172413793 0.000000e+00
187.448275862 0.000000e+00
187.724137931 0.000000e+00
188.0 0.000000e+00
188.275862069 0.000000e+00
188.551724138 0.000000e+00
188.827586207 0.000000e+00
189.103448276 0.000000e+00
189.379310345 0.000000e+00
189.655172414 0.000000e+00
189.931034483 0.000000e+00
190.206896552 0.000000e+00
190.482758621 0.000000e+00
190.75862069 0.000000e+00
191.034482759 0.000000e+00
191.310344828 0.000000e+00
191.586206897 0.000000e+00
191.862068966 0.000000e+00
192.137931034 0.000000e+00
192.413793103 0.000000e+00
192.689655172 0.000000e+00
192.965517241 0.000000e+00
193.24137931 0.000000e+00
193.517241379 0.000000e+00
193.793103448 0.000000e+00
194.068965517 0.000000e+00
194.344827586 0.000000e+00
194.620689655 0.000000e+00
194.896551724 0.000000e+00
195.172413793 0.000000e+00
195.448275862 0.000000e+00
195.724137931 0.000000e+00
196.0 0.000000e+00
196.275862069 0.000000e+00
196.551724138 0.000000e+00
196.827586207 0.000000e+00
197.103448276 0.000000e+00
197.379310345 0.000000e+00
197.655172414 0.000000e+00
197.931034483 0.000000e+00
198.206896552 0.000000e+00
198.482758621 0.000000e+00
198.75862069 0.000000e+00
199.034482759 0.000000e+00
199.310344828 0.000000e+00
199.586206897 0.000000e+00
199.862068966 0.000000e+00
200.137931034 0.000000e+00
200.413793103 0.000000e+00
200.689655172 0.000000e+00
200.965517241 0.000000e+00
201.24137931 0.000000e+00
201.517241379 0.000000e+00
201.793103448 0.000000e+00
202.068965517 0.000000e+00
202.344827586 0.000000e+00
202.620689655 0.000000e+00
202.896551724 0.000000e+00
203.172413793 0.000000e+00
203.448275862 0.000000e+00
203.724137931 0.000000e+00
204.0 0.000000e+00
204.275862069 0.000000e+00
204.551724138 0.000000e+00
204.827586207 0.000000e+00
205.103448276 0.000000e+00
205.379310345 0.000000e+00
205.655172414 0.000000e+00
205.931034483 0.000000e+00
206.206896552 0.000000e+00
206.482758621 0.000000e+00
206.75862069 0.000000e+00
207.034482759 0.000000e+00
207.310344828 0.000000e+00
207.586206897 0.000000e+00
207.862068966 0.000000e+00
208.137931034 0.000000e+00
208.413793103 0.000000e+00
208.689655172 0.000000e+00
208.965517241 0.000000e+00
209.24137931 0.000000e+00
209.517241379 0.000000e+00
209.793103448 0.000000e+00
210.068965517 0.000000e+00
210.344827586 0.000000e+00
210.620689655 0.000000e+00
210.896551724 0.000000e+00
211.172413793 0.000000e+00
211.448275862 0.000000e+00
211.724137931 0.000000e+00
212.0 0.000000e+00
212.275862069 0.000000e+00
212.551724138 0.000000e+00
212.827586207 0.000000e+00
213.103448276 0.000000e+00
213.379310345 0.000000e+00
213.655172414 0.000000e+00
213.931034483 0.000000e+00
214.206896552 0.000000e+00
214.482758621 0.000000e+00
214.75862069 0.000000e+00
215.034482759 0.000000e+00
215.310344828 0.000000e+00
215.586206897 0.000000e+00
215.862068966 0.000000e+00
216.137931034 0.000000e+00
216.413793103 0.000000e+00
216.689655172 0.000000e+00
216.965517241 0.000000e+00
217.24137931 0.000000e+00
217.517241379 0.000000e+00
217.793103448 0.000000e+00
218.068965517 0.000000e+00
218.344827586 0.000000e+00
218.620689655 0.000000e+00
218.896551724 0.000000e+00
219.172413793 0.000000e+00
219.448275862 0.000000e+00
219.724137931 0.000000e+00
220.0 0.000000e+00
220.275862069 0.000000e+00
220.551724138 0.000000e+00
220.827586207 0.000000e+00
221.103448276 0.000000e+00
221.379310345 0.000000e+00
221.655172414 0.000000e+00
221.931034483 0.000000e+00
222.206896552 0.000000e+00
222.482758621 0.000000e+00
222.75862069 0.000000e+00
223.034482759 0.000000e+00
223.310344828 0.000000e+00
223.586206897 0.000000e+00
223.862068966 0.000000e+00
224.137931034 0.000000e+00
224.413793103 0.000000e+00
224.689655172 0.000000e+00
224.965517241 0.000000e+00
225.24137931 0.000000e+00
225.517241379 0.000000e+00
225.793103448 0.000000e+00
226.068965517 0.000000e+00
226.344827586 0.000000e+00
226.620689655 0.000000e+00
226.896551724 0.000000e+00
227.172413793 0.000000e+00
227.448275862 0.000000e+00
227.724137931 0.000000e+00
228.0 0.000000e+00
228.275862069 0.000000e+00
228.551724138 0.000000e+00
228.827586207 0.000000e+00
229.103448276 0.000000e+00
229.379310345 0.000000e+00
229.655172414 0.000000e+00
229.931034483 0.000000e+00
230.206896552 0.000000e+00
230.482758621 0.000000e+00
230.75862069 0.000000e+00
231.034482759 0.000000e+00
231.310344828 0.000000e+00
231.586206897 0.000000e+00
231.862068966 0.000000e+00
232.137931034 0.000000e+00
232.413793103 0.000000e+00
232.689655172 0.000000e+00
232.965517241 0.000000e+00
233.24137931 0.000000e+00
233.517241379 0.000000e+00
233.793103448 0.000000e+00
234.068965517 0.000000e+00
234.344827586 0.000000e+00
234.620689655 0.000000e+00
234.896551724 0.000000e+00
235.172413793 0.000000e+00
235.448275862 0.000000e+00
235.724137931 0.000000e+00
236.0 0.000000e+00
236.275862069 0.000000e+00
236.551724138 0.000000e+00
236.827586207 0.000000e+00
237.103448276 0.000000e+00
237.379310345 0.000000e+00
237.655172414 0.000000e+00
237.931034483 0.000000e+00
238.206896552 0.000000e+00
238.482758621 0.000000e+00
238.75862069 0.000000e+00
239.034482759 0.000000e+00
239.310344828 0.000000e+00
239.586206897 0.000000e+00
239.862068966 0.000000e+00
240.137931034 0.000000e+00
240.413793103 0.000000e+00
240.689655172 0.000000e+00
240.965517241 0.000000e+00
241.24137931 0.000000e+00
241.517241379 0.000000e+00
241.793103448 0.000000e+00
242.068965517 0.000000e+00
242.344827586 0.000000e+00
242.620689655 0.000000e+00
242.896551724 0.000000e+00
243.172413793 0.000000e+00
243.448275862 0.000000e+00
243.724137931 0.000000e+00
244.0 0.000000e+00
244.275862069 0.000000e+00
244.551724138 0.000000e+00
244.827586207 0.000000e+00
245.103448276 0.000000e+00
245.379310345 0.000000e+00
245.655172414 0.000000e+00
245.931034483 0.000000e+00
246.206896552 0.000000e+00
246.482758621 0.000000e+00
246.75862069 0.000000e+00
247.034482759 0.000000e+00
247.310344828 0.000000e+00
247.586206897 0.000000e+00
247.862068966 0.000000e+00
248.137931034 0.000000e+00
248.413793103 0.000000e+00
248.689655172 0.000000e+00
248.965517241 0.000000e+00
249.24137931 0.000000e+00
249.517241379 0.000000e+00
249.793103448 0.000000e+00
250.068965517 0.000000e+00
250.344827586 0.000000e+00
250.620689655 0.000000e+00
250.896551724 0.000000e+00
251.172413793 0.000000e+00
251.448275862 0.000000e+00
251.724137931 0.000000e+00
252.0 0.000000e+00
252.275862069 0.000000e+00
252.551724138 0.000000e+00
252.827586207 0.000000e+00
253.103448276 0.000000e+00
253.379310345 0.000000e+00
253.655172414 0.000000e+00
253.931034483 0.000000e+00
254.206896552 0.000000e+00
254.482758621 0.000000e+00
254.75862069 0.000000e+00
255.034482759 0.000000e+00
255.310344828 0.000000e+00
255.586206897 0.000000e+00
255.862068966 0.000000e+00
256.137931034 0.000000e+00
256.413793103 0.000000e+00
256.689655172 0.000000e+00
256.965517241 0.000000e+00
257.24137931 0.000000e+00
257.517241379 0.000000e+00
257.793103448 0.000000e+00
258.068965517 0.000000e+00
258.344827586 0.000000e+00
258.620689655 0.000000e+00
258.896551724 0.000000e+00
259.172413793 0.000000e+00
259.448275862 0.000000e+00
259.724137931 0.000000e+00
260.0 0.000000e+00
260.275862069 0.000000e+00
260.551724138 0.000000e+00
260.827586207 0.000000e+00
261.103448276 0.000000e+00
261.379310345 0.000000e+00
261.655172414 0.000000e+00
261.931034483 0.000000e+00
262.206896552 0.000000e+00
262.482758621 0.000000e+00
262.75862069 0.000000e+00
263.034482759 0.000000e+00
263.310344828 0.000000e+00
263.586206897 0.000000e+00
263.862068966 0.000000e+00
264.137931034 0.000000e+00
264.413793103 0.000000e+00
264.689655172 0.000000e+00
264.965517241 0.000000e+00
265.24137931 0.000000e+00
265.517241379 0.000000e+00
266.517241379 0.0
267.517241379 0.0
268.517241379 0.0
269.517241379 0.0
270.517241379 0.0
271.517241379 0.0
272.517241379 0.0
273.517241379 0.0
274.517241379 0.0
275.517241379 0.0
276.517241379 0.0
277.517241379 0.0
278.517241379 0.0
279.517241379 0.0
280.517241379 0.0
281.517241379 0.0
282.517241379 0.0
283.517241379 0.0
284.517241379 0.0
285.517241379 0.0
286.517241379 0.0
287.517241379 0.0
288.517241379 0.0
289.517241379 0.0
290.517241379 0.0
291.517241379 0.0
292.517241379 0.0
293.517241379 0.0
294.517241379 0.0
295.517241379 0.0
296.517241379 0.0
297.517241379 0.0
298.517241379 0.0
299.517241379 0.0
300.517241379 0.0
301.517241379 0.0
302.517241379 0.0
303.517241379 0.0
304.517241379 0.0
305.517241379 0.0
306.517241379 0.0
307.517241379 0.0
308.517241379 0.0
309.517241379 0.0
310.517241379 0.0
311.517241379 0.0
312.517241379 0.0
313.517241379 0.0
314.517241379 0.0
315.517241379 0.0
316.517241379 0.0
317.517241379 0.0
318.517241379 0.0
319.517241379 0.0
320.517241379 0.0
321.517241379 0.0
322.517241379 0.0
323.517241379 0.0
324.517241379 0.0
325.517241379 0.0
326.517241379 0.0
327.517241379 0.0
328.517241379 0.0
329.517241379 0.0
330.517241379 0.0
331.517241379 0.0
332.517241379 0.0
333.517241379 0.0
334.517241379 0.0
335.517241379 0.0
336.517241379 0.0
337.517241379 0.0
338.517241379 0.0
339.517241379 0.0
340.517241379 0.0
341.517241379 0.0
342.517241379 0.0
343.517241379 0.0
344.517241379 0.0
345.517241379 0.0
346.517241379 0.0
347.517241379 0.0
348.517241379 0.0
349.517241379 0.0
350.517241379 0.0
351.517241379 0.0
352.517241379 0.0
353.517241379 0.0
354.517241379 0.0
355.517241379 0.0
356.517241379 0.0
357.517241379 0.0
358.517241379 0.0
359.517241379 0.0
360.517241379 0.0
361.517241379 0.0
362.517241379 0.0
363.517241379 0.0
364.517241379 0.0
365.517241379 0.0
366.517241379 0.0
367.517241379 0.0
368.517241379 0.0
369.517241379 0.0
370.517241379 0.0
371.517241379 0.0
372.517241379 0.0
373.517241379 0.0
374.517241379 0.0
375.517241379 0.0
376.517241379 0.0
377.517241379 0.0
378.517241379 0.0
379.517241379 0.0
380.517241379 0.0
381.517241379 0.0
382.517241379 0.0
383.517241379 0.0
384.517241379 0.0
385.517241379 0.0
386.517241379 0.0
387.517241379 0.0
388.517241379 0.0
389.517241379 0.0
390.517241379 0.0
391.517241379 0.0
392.517241379 0.0
393.517241379 0.0
394.517241379 0.0
395.517241379 0.0
396.517241379 0.0
397.517241379 0.0
398.517241379 0.0
399.517241379 0.0
400.517241379 0.0
401.517241379 0.0
402.517241379 0.0
403.517241379 0.0
404.517241379 0.0
405.517241379 0.0
406.517241379 0.0
407.517241379 0.0
408.517241379 0.0
409.517241379 0.0
410.517241379 0.0
411.517241379 0.0
412.517241379 0.0
413.517241379 0.0
414.517241379 0.0
415.517241379 0.0
416.517241379 0.0
417.517241379 0.0
418.517241379 0.0
419.517241379 0.0
420.517241379 0.0
421.517241379 0.0
422.517241379 0.0
423.517241379 0.0
424.517241379 0.0
425.517241379 0.0
426.517241379 0.0
427.517241379 0.0
428.517241379 0.0
429.517241379 0.0
430.517241379 0.0
431.517241379 0.0
432.517241379 0.0
433.517241379 0.0
434.517241379 0.0
435.517241379 0.0
436.517241379 0.0
437.517241379 0.0
438.517241379 0.0
439.517241379 0.0
440.517241379 0.0
441.517241379 0.0
442.517241379 0.0
443.517241379 0.0
444.517241379 0.0
445.517241379 0.0
446.517241379 0.0
447.517241379 0.0
448.517241379 0.0
449.517241379 0.0
450.517241379 0.0
451.517241379 0.0
452.517241379 0.0
453.517241379 0.0
454.517241379 0.0
455.517241379 0.0
456.517241379 0.0
457.517241379 0.0
458.517241379 0.0
459.517241379 0.0
460.517241379 0.0
461.517241379 0.0
462.517241379 0.0
463.517241379 0.0
464.517241379 0.0
465.517241379 0.0
466.517241379 0.0
467.517241379 0.0
468.517241379 0.0
469.517241379 0.0
470.517241379 0.0
471.517241379 0.0
472.517241379 0.0
473.517241379 0.0
474.517241379 0.0
475.517241379 0.0
476.517241379 0.0
477.517241379 0.0
478.517241379 0.0
479.517241379 0.0
480.517241379 0.0
481.517241379 0.0
482.517241379 0.0
483.517241379 0.0
484.517241379 0.0
485.517241379 0.0
486.517241379 0.0
487.517241379 0.0
488.517241379 0.0
489.517241379 0.0
490.517241379 0.0
491.517241379 0.0
492.517241379 0.0
493.517241379 0.0
494.517241379 0.0
495.517241379 0.0
496.517241379 0.0
497.517241379 0.0
498.517241379 0.0
499.517241379 0.0
500.517241379 0.0
501.517241379 0.0
502.517241379 0.0
503.517241379 0.0
504.517241379 0.0
505.517241379 0.0
506.517241379 0.0
507.517241379 0.0
508.517241379 0.0
509.517241379 0.0
510.517241379 0.0
511.517241379 0.0
512.517241379 0.0
513.517241379 0.0
514.517241379 0.0
515.517241379 0.0
516.517241379 0.0
517.517241379 0.0
518.517241379 0.0
519.517241379 0.0
520.517241379 0.0
521.517241379 0.0
522.517241379 0.0
523.517241379 0.0
524.517241379 0.0
525.517241379 0.0
526.517241379 0.0
527.517241379 0.0
528.517241379 0.0
529.517241379 0.0
530.517241379 0.0
531.517241379 0.0
532.517241379 0.0
533.517241379 0.0
534.517241379 0.0
535.517241379 0.0
536.517241379 0.0
537.517241379 0.0
538.517241379 0.0
539.517241379 0.0
540.517241379 0.0
541.517241379 0.0
542.517241379 0.0
543.517241379 0.0
544.517241379 0.0
545.517241379 0.0
546.517241379 0.0
547.517241379 0.0
548.517241379 0.0
549.517241379 0.0
550.517241379 0.0
551.517241379 0.0
552.517241379 0.0
553.517241379 0.0
554.517241379 0.0
555.517241379 0.0
556.517241379 0.0
557.517241379 0.0
558.517241379 0.0
559.517241379 0.0
560.517241379 0.0
561.517241379 0.0
562.517241379 0.0
563.517241379 0.0
564.517241379 0.0
565.517241379 0.0
566.517241379 0.0
567.517241379 0.0
568.517241379 0.0
569.517241379 0.0
570.517241379 0.0
571.517241379 0.0
572.517241379 0.0
573.517241379 0.0
574.517241379 0.0
575.517241379 0.0
576.517241379 0.0
577.517241379 0.0
578.517241379 0.0
579.517241379 0.0
580.517241379 0.0
581.517241379 0.0
582.517241379 0.0
583.517241379 0.0
584.517241379 0.0
585.517241379 0.0
586.517241379 0.0
587.517241379 0.0
588.517241379 0.0
589.517241379 0.0
590.517241379 0.0
591.517241379 0.0
592.517241379 0.0
593.517241379 0.0
594.517241379 0.0
595.517241379 0.0
596.517241379 0.0
597.517241379 0.0
598.517241379 0.0
599.517241379 0.0
600.517241379 0.0
601.517241379 0.0
602.517241379 0.0
603.517241379 0.0
604.517241379 0.0
605.517241379 0.0
606.517241379 0.0
607.517241379 0.0
608.517241379 0.0
609.517241379 0.0
610.517241379 0.0
611.517241379 0.0
612.517241379 0.0
613.517241379 0.0
614.517241379 0.0
615.517241379 0.0
616.517241379 0.0
617.517241379 0.0
618.517241379 0.0
619.517241379 0.0
620.517241379 0.0
621.517241379 0.0
622.517241379 0.0
623.517241379 0.0
624.517241379 0.0
625.517241379 0.0
626.517241379 0.0
627.517241379 0.0
628.517241379 0.0
629.517241379 0.0
630.517241379 0.0
631.517241379 0.0
632.517241379 0.0
633.517241379 0.0
634.517241379 0.0
635.517241379 0.0
636.517241379 0.0
637.517241379 0.0
638.517241379 0.0
639.517241379 0.0
640.517241379 0.0
641.517241379 0.0
642.517241379 0.0
643.517241379 0.0
644.517241379 0.0
645.517241379 0.0
646.517241379 0.0
647.517241379 0.0
648.517241379 0.0
649.517241379 0.0
650.517241379 0.0
651.517241379 0.0
652.517241379 0.0
653.517241379 0.0
654.517241379 0.0
655.517241379 0.0
656.517241379 0.0
657.517241379 0.0
658.517241379 0.0
659.517241379 0.0
660.517241379 0.0
661.517241379 0.0
662.517241379 0.0
663.517241379 0.0
664.517241379 0.0
665.517241379 0.0
666.517241379 0.0
667.517241379 0.0
668.517241379 0.0
669.517241379 0.0
670.517241379 0.0
671.517241379 0.0
672.517241379 0.0
673.517241379 0.0
674.517241379 0.0
675.517241379 0.0
676.517241379 0.0
677.517241379 0.0
678.517241379 0.0
679.517241379 0.0
680.517241379 0.0
681.517241379 0.0
682.517241379 0.0
683.517241379 0.0
684.517241379 0.0
685.517241379 0.0
686.517241379 0.0
687.517241379 0.0
688.517241379 0.0
689.517241379 0.0
690.517241379 0.0
691.517241379 0.0
692.517241379 0.0
693.517241379 0.0
694.517241379 0.0
695.517241379 0.0
696.517241379 0.0
697.517241379 0.0
698.517241379 0.0
699.517241379 0.0
700.517241379 0.0
701.517241379 0.0
702.517241379 0.0
703.517241379 0.0
704.517241379 0.0
705.517241379 0.0
706.517241379 0.0
707.517241379 0.0
708.517241379 0.0
709.517241379 0.0
710.517241379 0.0
711.517241379 0.0
712.517241379 0.0
713.517241379 0.0
714.517241379 0.0
715.517241379 0.0
716.517241379 0.0
717.517241379 0.0
718.517241379 0.0
719.517241379 0.0
720.517241379 0.0
721.517241379 0.0
722.517241379 0.0
723.517241379 0.0
724.517241379 0.0
725.517241379 0.0
726.517241379 0.0
727.517241379 0.0
728.517241379 0.0
729.517241379 0.0
730.517241379 0.0
731.517241379 0.0
732.517241379 0.0
733.517241379 0.0
734.517241379 0.0
735.517241379 0.0
736.517241379 0.0
737.517241379 0.0
738.517241379 0.0
739.517241379 0.0
740.517241379 0.0
741.517241379 0.0
742.517241379 0.0
743.517241379 0.0
744.517241379 0.0
745.517241379 0.0
746.517241379 0.0
747.517241379 0.0
748.517241379 0.0
749.517241379 0.0
750.517241379 0.0
751.517241379 0.0
752.517241379 0.0
753.517241379 0.0
754.517241379 0.0
755.517241379 0.0
756.517241379 0.0
757.517241379 0.0
758.517241379 0.0
759.517241379 0.0
760.517241379 0.0
761.517241379 0.0
762.517241379 0.0
763.517241379 0.0
764.517241379 0.0
765.517241379 0.0
