-559.763 0.0
-558.763 0.0
-557.763 0.0
-556.763 0.0
-555.763 0.0
-554.763 0.0
-553.763 0.0
-552.763 0.0
-551.763 0.0
-550.763 0.0
-549.763 0.0
-548.763 0.0
-547.763 0.0
-546.763 0.0
-545.763 0.0
-544.763 0.0
-543.763 0.0
-542.763 0.0
-541.763 0.0
-540.763 0.0
-539.763 0.0
-538.763 0.0
-537.763 0.0
-536.763 0.0
-535.763 0.0
-534.763 0.0
-533.763 0.0
-532.763 0.0
-531.763 0.0
-530.763 0.0
-529.763 0.0
-528.763 0.0
-527.763 0.0
-526.763 0.0
-525.763 0.0
-524.763 0.0
-523.763 0.0
-522.763 0.0
-521.763 0.0
-520.763 0.0
-519.763 0.0
-518.763 0.0
-517.763 0.0
-516.763 0.0
-515.763 0.0
-514.763 0.0
-513.763 0.0
-512.763 0.0
-511.763 0.0
-510.763 0.0
-509.763 0.0
-508.763 0.0
-507.763 0.0
-506.763 0.0
-505.763 0.0
-504.763 0.0
-503.763 0.0
-502.763 0.0
-501.763 0.0
-500.763 0.0
-499.763 0.0
-498.763 0.0
-497.763 0.0
-496.763 0.0
-495.763 0.0
-494.763 0.0
-493.763 0.0
-492.763 0.0
-491.763 0.0
-490.763 0.0
-489.763 0.0
-488.763 0.0
-487.763 0.0
-486.763 0.0
-485.763 0.0
-484.763 0.0
-483.763 0.0
-482.763 0.0
-481.763 0.0
-480.763 0.0
-479.763 0.0
-478.763 0.0
-477.763 0.0
-476.763 0.0
-475.763 0.0
-474.763 0.0
-473.763 0.0
-472.763 0.0
-471.763 0.0
-470.763 0.0
-469.763 0.0
-468.763 0.0
-467.763 0.0
-466.763 0.0
-465.763 0.0
-464.763 0.0
-463.763 0.0
-462.763 0.0
-461.763 0.0
-460.763 0.0
-459.763 0.0
-458.763 0.0
-457.763 0.0
-456.763 0.0
-455.763 0.0
-454.763 0.0
-453.763 0.0
-452.763 0.0
-451.763 0.0
-450.763 0.0
-449.763 0.0
-448.763 0.0
-447.763 0.0
-446.763 0.0
-445.763 0.0
-444.763 0.0
-443.763 0.0
-442.763 0.0
-441.763 0.0
-440.763 0.0
-439.763 0.0
-438.763 0.0
-437.763 0.0
-436.763 0.0
-435.763 0.0
-434.763 0.0
-433.763 0.0
-432.763 0.0
-431.763 0.0
-430.763 0.0
-429.763 0.0
-428.763 0.0
-427.763 0.0
-426.763 0.0
-425.763 0.0
-424.763 0.0
-423.763 0.0
-422.763 0.0
-421.763 0.0
-420.763 0.0
-419.763 0.0
-418.763 0.0
-417.763 0.0
-416.763 0.0
-415.763 0.0
-414.763 0.0
-413.763 0.0
-412.763 0.0
-411.763 0.0
-410.763 0.0
-409.763 0.0
-408.763 0.0
-407.763 0.0
-406.763 0.0
-405.763 0.0
-404.763 0.0
-403.763 0.0
-402.763 0.0
-401.763 0.0
-400.763 0.0
-399.763 0.0
-398.763 0.0
-397.763 0.0
-396.763 0.0
-395.763 0.0
-394.763 0.0
-393.763 0.0
-392.763 0.0
-391.763 0.0
-390.763 0.0
-389.763 0.0
-388.763 0.0
-387.763 0.0
-386.763 0.0
-385.763 0.0
-384.763 0.0
-383.763 0.0
-382.763 0.0
-381.763 0.0
-380.763 0.0
-379.763 0.0
-378.763 0.0
-377.763 0.0
-376.763 0.0
-375.763 0.0
-374.763 0.0
-373.763 0.0
-372.763 0.0
-371.763 0.0
-370.763 0.0
-369.763 0.0
-368.763 0.0
-367.763 0.0
-366.763 0.0
-365.763 0.0
-364.763 0.0
-363.763 0.0
-362.763 0.0
-361.763 0.0
-360.763 0.0
-359.763 0.0
-358.763 0.0
-357.763 0.0
-356.763 0.0
-355.763 0.0
-354.763 0.0
-353.763 0.0
-352.763 0.0
-351.763 0.0
-350.763 0.0
-349.763 0.0
-348.763 0.0
-347.763 0.0
-346.763 0.0
-345.763 0.0
-344.763 0.0
-343.763 0.0
-342.763 0.0
-341.763 0.0
-340.763 0.0
-339.763 0.0
-338.763 0.0
-337.763 0.0
-336.763 0.0
-335.763 0.0
-334.763 0.0
-333.763 0.0
-332.763 0.0
-331.763 0.0
-330.763 0.0
-329.763 0.0
-328.763 0.0
-327.763 0.0
-326.763 0.0
-325.763 0.0
-324.763 0.0
-323.763 0.0
-322.763 0.0
-321.763 0.0
-320.763 0.0
-319.763 0.0
-318.763 0.0
-317.763 0.0
-316.763 0.0
-315.763 0.0
-314.763 0.0
-313.763 0.0
-312.763 0.0
-311.763 0.0
-310.763 0.0
-309.763 0.0
-308.763 0.0
-307.763 0.0
-306.763 0.0
-305.763 0.0
-304.763 0.0
-303.763 0.0
-302.763 0.0
-301.763 0.0
-300.763 0.0
-299.763 0.0
-298.763 0.0
-297.763 0.0
-296.763 0.0
-295.763 0.0
-294.763 0.0
-293.763 0.0
-292.763 0.0
-291.763 0.0
-290.763 0.0
-289.763 0.0
-288.763 0.0
-287.763 0.0
-286.763 0.0
-285.763 0.0
-284.763 0.0
-283.763 0.0
-282.763 0.0
-281.763 0.0
-280.763 0.0
-279.763 0.0
-278.763 0.0
-277.763 0.0
-276.763 0.0
-275.763 0.0
-274.763 0.0
-273.763 0.0
-272.763 0.0
-271.763 0.0
-270.763 0.0
-269.763 0.0
-268.763 0.0
-267.763 0.0
-266.763 0.0
-265.763 0.0
-264.763 0.0
-263.763 0.0
-262.763 0.0
-261.763 0.0
-260.763 0.0
-259.763 0.0
-258.763 0.0
-257.763 0.0
-256.763 0.0
-255.763 0.0
-254.763 0.0
-253.763 0.0
-252.763 0.0
-251.763 0.0
-250.763 0.0
-249.763 0.0
-248.763 0.0
-247.763 0.0
-246.763 0.0
-245.763 0.0
-244.763 0.0
-243.763 0.0
-242.763 0.0
-241.763 0.0
-240.763 0.0
-239.763 0.0
-238.763 0.0
-237.763 0.0
-236.763 0.0
-235.763 0.0
-234.763 0.0
-233.763 0.0
-232.763 0.0
-231.763 0.0
-230.763 0.0
-229.763 0.0
-228.763 0.0
-227.763 0.0
-226.763 0.0
-225.763 0.0
-224.763 0.0
-223.763 0.0
-222.763 0.0
-221.763 0.0
-220.763 0.0
-219.763 0.0
-218.763 0.0
-217.763 0.0
-216.763 0.0
-215.763 0.0
-214.763 0.0
-213.763 0.0
-212.763 0.0
-211.763 0.0
-210.763 0.0
-209.763 0.0
-208.763 0.0
-207.763 0.0
-206.763 0.0
-205.763 0.0
-204.763 0.0
-203.763 0.0
-202.763 0.0
-201.763 0.0
-200.763 0.0
-199.763 0.0
-198.763 0.0
-197.763 0.0
-196.763 0.0
-195.763 0.0
-194.763 0.0
-193.763 0.0
-192.763 0.0
-191.763 0.0
-190.763 0.0
-189.763 0.0
-188.763 0.0
-187.763 0.0
-186.763 0.0
-185.763 0.0
-184.763 0.0
-183.763 0.0
-182.763 0.0
-181.763 0.0
-180.763 0.0
-179.763 0.0
-178.763 0.0
-177.763 0.0
-176.763 0.0
-175.763 0.0
-174.763 0.0
-173.763 0.0
-172.763 0.0
-171.763 0.0
-170.763 0.0
-169.763 0.0
-168.763 0.0
-167.763 0.0
-166.763 0.0
-165.763 0.0
-164.763 0.0
-163.763 0.0
-162.763 0.0
-161.763 0.0
-160.763 0.0
-159.763 0.0
-158.763 0.0
-157.763 0.0
-156.763 0.0
-155.763 0.0
-154.763 0.0
-153.763 0.0
-152.763 0.0
-151.763 0.0
-150.763 0.0
-149.763 0.0
-148.763 0.0
-147.763 0.0
-146.763 0.0
-145.763 0.0
-144.763 0.0
-143.763 0.0
-142.763 0.0
-141.763 0.0
-140.763 0.0
-139.763 0.0
-138.763 0.0
-137.763 0.0
-136.763 0.0
-135.763 0.0
-134.763 0.0
-133.763 0.0
-132.763 0.0
-131.763 0.0
-130.763 0.0
-129.763 0.0
-128.763 0.0
-127.763 0.0
-126.763 0.0
-125.763 0.0
-124.763 0.0
-123.763 0.0
-122.763 0.0
-121.763 0.0
-120.763 0.0
-119.763 0.0
-118.763 0.0
-117.763 0.0
-116.763 0.0
-115.763 0.0
-114.763 0.0
-113.763 0.0
-112.763 0.0
-111.763 0.0
-110.763 0.0
-109.763 0.0
-108.763 0.0
-107.763 0.0
-106.763 0.0
-105.763 0.0
-104.763 0.0
-103.763 0.0
-102.763 0.0
-101.763 0.0
-100.763 0.0
-99.763 0.0
-98.763 0.0
-97.763 0.0
-96.763 0.0
-95.763 0.0
-94.763 0.0
-93.763 0.0
-92.763 0.0
-91.763 0.0
-90.763 0.0
-89.763 0.0
-88.763 0.0
-87.763 0.0
-86.763 0.0
-85.763 0.0
-84.763 0.0
-83.763 0.0
-82.763 0.0
-81.763 0.0
-80.763 0.0
-79.763 0.0
-78.763 0.0
-77.763 0.0
-76.763 0.0
-75.763 0.0
-74.763 0.0
-73.763 0.0
-72.763 0.0
-71.763 0.0
-70.763 0.0
-69.763 0.0
-68.763 0.0
-67.763 0.0
-66.763 0.0
-65.763 0.0
-64.763 0.0
-63.763 0.0
-62.763 0.0
-61.763 0.0
-60.763 0.0
-59.763 0.000000e+00
-59.513 0.000000e+00
-59.263 0.000000e+00
-59.013 0.000000e+00
-58.763 0.000000e+00
-58.513 0.000000e+00
-58.263 0.000000e+00
-58.013 0.000000e+00
-57.763 0.000000e+00
-57.513 0.000000e+00
-57.263 0.000000e+00
-57.013 0.000000e+00
-56.763 0.000000e+00
-56.513 0.000000e+00
-56.263 0.000000e+00
-56.013 0.000000e+00
-55.763 0.000000e+00
-55.513 0.000000e+00
-55.263 0.000000e+00
-55.013 0.000000e+00
-54.763 0.000000e+00
-54.513 0.000000e+00
-54.263 0.000000e+00
-54.013 0.000000e+00
-53.763 0.000000e+00
-53.513 0.000000e+00
-53.263 0.000000e+00
-53.013 0.000000e+00
-52.763 0.000000e+00
-52.513 0.000000e+00
-52.263 0.000000e+00
-52.013 0.000000e+00
-51.763 0.000000e+00
-51.513 0.000000e+00
-51.263 0.000000e+00
-51.013 0.000000e+00
-50.763 0.000000e+00
-50.513 0.000000e+00
-50.263 0.000000e+00
-50.013 0.000000e+00
-49.763 0.000000e+00
-49.513 0.000000e+00
-49.263 0.000000e+00
-49.013 0.000000e+00
-48.763 0.000000e+00
-48.513 0.000000e+00
-48.263 0.000000e+00
-48.013 0.000000e+00
-47.763 0.000000e+00
-47.513 0.000000e+00
-47.263 0.000000e+00
-47.013 0.000000e+00
-46.763 0.000000e+00
-46.513 0.000000e+00
-46.263 0.000000e+00
-46.013 0.000000e+00
-45.763 0.000000e+00
-45.513 0.000000e+00
-45.263 0.000000e+00
-45.013 0.000000e+00
-44.763 0.000000e+00
-44.513 0.000000e+00
-44.263 0.000000e+00
-44.013 0.000000e+00
-43.763 0.000000e+00
-43.513 0.000000e+00
-43.263 0.000000e+00
-43.013 0.000000e+00
-42.763 0.000000e+00
-42.513 0.000000e+00
-42.263 0.000000e+00
-42.013 0.000000e+00
-41.763 0.000000e+00
-41.513 0.000000e+00
-41.263 0.000000e+00
-41.013 0.000000e+00
-40.763 0.000000e+00
-40.513 0.000000e+00
-40.263 0.000000e+00
-40.013 0.000000e+00
-39.763 0.000000e+00
-39.513 0.000000e+00
-39.263 0.000000e+00
-39.013 0.000000e+00
-38.763 0.000000e+00
-38.513 0.000000e+00
-38.263 0.000000e+00
-38.013 0.000000e+00
-37.763 0.000000e+00
-37.513 0.000000e+00
-37.263 0.000000e+00
-37.013 0.000000e+00
-36.763 0.000000e+00
-36.513 0.000000e+00
-36.263 0.000000e+00
-36.013 0.000000e+00
-35.763 0.000000e+00
-35.513 0.000000e+00
-35.263 0.000000e+00
-35.013 0.000000e+00
-34.763 0.000000e+00
-34.513 0.000000e+00
-34.263 0.000000e+00
-34.013 0.000000e+00
-33.763 0.000000e+00
-33.513 0.000000e+00
-33.263 0.000000e+00
-33.013 0.000000e+00
-32.763 0.000000e+00
-32.513 0.000000e+00
-32.263 0.000000e+00
-32.013 0.000000e+00
-31.763 0.000000e+00
-31.513 0.000000e+00
-31.263 0.000000e+00
-31.013 0.000000e+00
-30.763 0.000000e+00
-30.513 0.000000e+00
-30.263 0.000000e+00
-30.013 0.000000e+00
-29.763 0.000000e+00
-29.513 0.000000e+00
-29.263 0.000000e+00
-29.013 0.000000e+00
-28.763 0.000000e+00
-28.513 0.000000e+00
-28.263 0.000000e+00
-28.013 0.000000e+00
-27.763 0.000000e+00
-27.513 0.000000e+00
-27.263 0.000000e+00
-27.013 0.000000e+00
-26.763 0.000000e+00
-26.513 0.000000e+00
-26.263 0.000000e+00
-26.013 0.000000e+00
-25.763 0.000000e+00
-25.513 0.000000e+00
-25.263 0.000000e+00
-25.013 0.000000e+00
-24.763 0.000000e+00
-24.513 0.000000e+00
-24.263 0.000000e+00
-24.013 0.000000e+00
-23.763 0.000000e+00
-23.513 0.000000e+00
-23.263 0.000000e+00
-23.013 0.000000e+00
-22.763 0.000000e+00
-22.513 0.000000e+00
-22.263 0.000000e+00
-22.013 0.000000e+00
-21.763 0.000000e+00
-21.513 0.000000e+00
-21.263 0.000000e+00
-21.013 0.000000e+00
-20.763 0.000000e+00
-20.513 0.000000e+00
-20.263 0.000000e+00
-20.013 0.000000e+00
-19.763 0.000000e+00
-19.513 0.000000e+00
-19.263 0.000000e+00
-19.013 0.000000e+00
-18.763 0.000000e+00
-18.513 0.000000e+00
-18.263 0.000000e+00
-18.013 0.000000e+00
-17.763 0.000000e+00
-17.513 0.000000e+00
-17.263 0.000000e+00
-17.013 0.000000e+00
-16.763 0.000000e+00
-16.513 0.000000e+00
-16.263 0.000000e+00
-16.013 0.000000e+00
-15.763 0.000000e+00
-15.513 0.000000e+00
-15.263 0.000000e+00
-15.013 0.000000e+00
-14.763 0.000000e+00
-14.513 0.000000e+00
-14.263 0.000000e+00
-14.013 0.000000e+00
-13.763 0.000000e+00
-13.513 0.000000e+00
-13.263 0.000000e+00
-13.013 0.000000e+00
-12.763 0.000000e+00
-12.513 0.000000e+00
-12.263 0.000000e+00
-12.013 0.000000e+00
-11.763 0.000000e+00
-11.513 0.000000e+00
-11.263 0.000000e+00
-11.013 0.000000e+00
-10.763 0.000000e+00
-10.513 0.000000e+00
-10.263 0.000000e+00
-10.013 0.000000e+00
-9.763 0.000000e+00
-9.513 0.000000e+00
-9.263 0.000000e+00
-9.013 0.000000e+00
-8.763 0.000000e+00
-8.513 0.000000e+00
-8.263 0.000000e+00
-8.013 0.000000e+00
-7.763 0.000000e+00
-7.513 0.000000e+00
-7.263 0.000000e+00
-7.013 0.000000e+00
-6.763 0.000000e+00
-6.513 0.000000e+00
-6.263 0.000000e+00
-6.013 0.000000e+00
-5.763 0.000000e+00
-5.513 0.000000e+00
-5.263 0.000000e+00
-5.013 0.000000e+00
-4.763 0.000000e+00
-4.513 0.000000e+00
-4.263 0.000000e+00
-4.013 0.000000e+00
-3.763 0.000000e+00
-3.513 0.000000e+00
-3.263 0.000000e+00
-3.013 0.000000e+00
-2.763 0.000000e+00
-2.513 0.000000e+00
-2.263 0.000000e+00
-2.013 7.779667e-02
-1.763 0.000000e+00
-1.513 8.420942e-02
-1.263 0.000000e+00
-1.013 9.215183e-02
-0.763 1.728487e-01
-0.513 2.096520e-01
-0.263 1.599304e-01
-0.013 2.524027e-01
0.237 4.196478e-01
0.487 6.204791e-01
0.737 7.755897e-01
0.987 7.887988e-01
1.237 8.745024e-01
1.487 8.727073e-01
1.737 1.000000e+00
1.987 8.204573e-01
2.237 5.037108e-01
2.487 5.294041e-01
2.737 3.223311e-01
2.987 2.794911e-01
3.237 2.049315e-01
3.487 1.858924e-01
3.737 1.731200e-01
3.987 1.284130e-01
4.237 1.587856e-01
4.487 1.306683e-01
4.737 1.236458e-01
4.987 8.772040e-02
5.237 0.000000e+00
5.487 7.374457e-02
5.737 1.054489e-01
5.987 0.000000e+00
6.237 9.742698e-02
6.487 8.248397e-02
6.737 6.603367e-02
6.987 1.106598e-01
7.237 6.434895e-02
7.487 1.095598e-01
7.737 0.000000e+00
7.987 0.000000e+00
8.237 0.000000e+00
8.487 6.987570e-02
8.737 8.162136e-02
8.987 6.873385e-02
9.237 6.385906e-02
9.487 0.000000e+00
9.737 0.000000e+00
9.987 0.000000e+00
10.237 0.000000e+00
10.487 0.000000e+00
10.737 0.000000e+00
10.987 9.611330e-02
11.237 8.045741e-02
11.487 8.405173e-02
11.737 9.980234e-02
11.987 9.828657e-02
12.237 9.973148e-02
12.487 1.253966e-01
12.737 1.232153e-01
12.987 1.102162e-01
13.237 0.000000e+00
13.487 0.000000e+00
13.737 7.296929e-02
13.987 9.979404e-02
14.237 0.000000e+00
14.487 6.849767e-02
14.737 8.510382e-02
14.987 7.908027e-02
15.237 1.459740e-01
15.487 2.228554e-01
15.737 1.479736e-01
15.987 1.571936e-01
16.237 2.321390e-01
16.487 1.659522e-01
16.737 2.023403e-01
16.987 3.857161e-01
17.237 3.441455e-01
17.487 3.341764e-01
17.737 2.727958e-01
17.987 1.994911e-01
18.237 1.814701e-01
18.487 1.477954e-01
18.737 1.483314e-01
18.987 1.809927e-01
19.237 1.959573e-01
19.487 1.379507e-01
19.737 1.206035e-01
19.987 7.956829e-02
20.237 6.306349e-02
20.487 0.000000e+00
20.737 0.000000e+00
20.987 0.000000e+00
21.237 0.000000e+00
21.487 0.000000e+00
21.737 0.000000e+00
21.987 7.968788e-02
22.237 0.000000e+00
22.487 0.000000e+00
22.737 0.000000e+00
22.987 0.000000e+00
23.237 0.000000e+00
23.487 0.000000e+00
23.737 0.000000e+00
23.987 0.000000e+00
24.237 0.000000e+00
24.487 0.000000e+00
24.737 0.000000e+00
24.987 0.000000e+00
25.237 8.583321e-02
25.487 0.000000e+00
25.737 0.000000e+00
25.987 0.000000e+00
26.237 0.000000e+00
26.487 0.000000e+00
26.737 0.000000e+00
26.987 0.000000e+00
27.237 0.000000e+00
27.487 0.000000e+00
27.737 0.000000e+00
27.987 0.000000e+00
28.237 0.000000e+00
28.487 0.000000e+00
28.737 0.000000e+00
28.987 0.000000e+00
29.237 0.000000e+00
29.487 0.000000e+00
29.737 0.000000e+00
29.987 0.000000e+00
30.237 0.000000e+00
30.487 0.000000e+00
30.737 0.000000e+00
30.987 0.000000e+00
31.237 0.000000e+00
31.487 0.000000e+00
31.737 0.000000e+00
31.987 0.000000e+00
32.237 0.000000e+00
32.487 0.000000e+00
32.737 0.000000e+00
32.987 0.000000e+00
33.237 0.000000e+00
33.487 0.000000e+00
33.737 0.000000e+00
33.987 0.000000e+00
34.237 0.000000e+00
34.487 0.000000e+00
34.737 0.000000e+00
34.987 0.000000e+00
35.237 0.000000e+00
35.487 0.000000e+00
35.737 0.000000e+00
35.987 0.000000e+00
36.237 0.000000e+00
36.487 0.000000e+00
36.737 0.000000e+00
36.987 0.000000e+00
37.237 0.000000e+00
37.487 0.000000e+00
37.737 0.000000e+00
37.987 0.000000e+00
38.237 0.000000e+00
38.487 0.000000e+00
38.737 0.000000e+00
38.987 0.000000e+00
39.237 0.000000e+00
39.487 0.000000e+00
39.737 0.000000e+00
39.987 0.000000e+00
40.237 0.000000e+00
40.487 0.000000e+00
40.737 0.000000e+00
40.987 0.000000e+00
41.237 0.000000e+00
41.487 0.000000e+00
41.737 0.000000e+00
41.987 0.000000e+00
42.237 0.000000e+00
42.487 0.000000e+00
42.737 0.000000e+00
42.987 0.000000e+00
43.237 0.000000e+00
43.487 0.000000e+00
43.737 0.000000e+00
43.987 0.000000e+00
44.237 0.000000e+00
44.487 0.000000e+00
44.737 0.000000e+00
44.987 0.000000e+00
45.237 0.000000e+00
45.487 0.000000e+00
45.737 0.000000e+00
45.987 0.000000e+00
46.237 0.000000e+00
46.487 0.000000e+00
46.737 0.000000e+00
46.987 0.000000e+00
47.237 0.000000e+00
47.487 0.000000e+00
47.737 0.000000e+00
47.987 0.000000e+00
48.237 0.000000e+00
48.487 0.000000e+00
48.737 0.000000e+00
48.987 0.000000e+00
49.237 0.000000e+00
49.487 0.000000e+00
49.737 0.000000e+00
49.987 0.000000e+00
50.237 0.000000e+00
50.487 0.000000e+00
50.737 0.000000e+00
50.987 0.000000e+00
51.237 0.000000e+00
51.487 0.000000e+00
51.737 0.000000e+00
51.987 0.000000e+00
52.237 0.000000e+00
52.487 0.000000e+00
52.737 0.000000e+00
52.987 0.000000e+00
53.237 0.000000e+00
53.487 0.000000e+00
53.737 0.000000e+00
53.987 0.000000e+00
54.237 0.000000e+00
54.487 0.000000e+00
54.737 0.000000e+00
54.987 0.000000e+00
55.237 0.000000e+00
55.487 0.000000e+00
55.737 0.000000e+00
55.987 0.000000e+00
56.237 0.000000e+00
56.487 0.000000e+00
56.737 0.000000e+00
56.987 0.000000e+00
57.237 0.000000e+00
57.487 0.000000e+00
57.737 0.000000e+00
57.987 0.000000e+00
58.237 0.000000e+00
58.487 0.000000e+00
58.737 0.000000e+00
58.987 0.000000e+00
59.237 0.000000e+00
59.487 0.000000e+00
59.737 0.000000e+00
59.987 0.000000e+00
60.237 0.000000e+00
60.487 0.000000e+00
60.737 0.000000e+00
60.987 0.000000e+00
61.237 0.000000e+00
61.487 0.000000e+00
61.737 0.000000e+00
61.987 0.000000e+00
62.237 0.000000e+00
62.487 0.000000e+00
62.737 1.547829e-01
62.987 7.605510e-02
63.237 7.705938e-02
63.487 7.412309e-02
63.737 0.000000e+00
63.987 0.000000e+00
64.237 0.000000e+00
64.487 0.000000e+00
64.737 0.000000e+00
64.987 0.000000e+00
65.237 0.000000e+00
65.487 0.000000e+00
65.737 0.000000e+00
65.987 0.000000e+00
66.237 0.000000e+00
66.487 0.000000e+00
66.737 0.000000e+00
66.987 0.000000e+00
67.237 0.000000e+00
67.487 0.000000e+00
67.737 0.000000e+00
67.987 0.000000e+00
68.237 0.000000e+00
68.487 0.000000e+00
68.737 6.305761e-02
68.987 0.000000e+00
69.237 7.991548e-02
69.487 6.356589e-02
69.737 0.000000e+00
69.987 0.000000e+00
70.237 0.000000e+00
70.487 7.246213e-02
70.737 0.000000e+00
70.987 0.000000e+00
71.237 0.000000e+00
71.487 0.000000e+00
71.737 7.187376e-02
71.987 0.000000e+00
72.237 0.000000e+00
72.487 0.000000e+00
72.737 0.000000e+00
72.987 0.000000e+00
73.237 0.000000e+00
73.487 0.000000e+00
73.737 0.000000e+00
73.987 0.000000e+00
74.237 0.000000e+00
74.487 0.000000e+00
74.737 0.000000e+00
74.987 0.000000e+00
75.237 0.000000e+00
75.487 0.000000e+00
75.737 0.000000e+00
75.987 0.000000e+00
76.237 0.000000e+00
76.487 0.000000e+00
76.737 0.000000e+00
76.987 0.000000e+00
77.237 0.000000e+00
77.487 0.000000e+00
77.737 0.000000e+00
77.987 0.000000e+00
78.237 0.000000e+00
78.487 0.000000e+00
78.737 0.000000e+00
78.987 0.000000e+00
79.237 0.000000e+00
79.487 0.000000e+00
79.737 0.000000e+00
79.987 0.000000e+00
80.237 0.000000e+00
80.487 0.000000e+00
80.737 0.000000e+00
80.987 0.000000e+00
81.237 0.000000e+00
81.487 0.000000e+00
81.737 0.000000e+00
81.987 0.000000e+00
82.237 0.000000e+00
82.487 0.000000e+00
82.737 0.000000e+00
82.987 0.000000e+00
83.237 0.000000e+00
83.487 0.000000e+00
83.737 0.000000e+00
83.987 0.000000e+00
84.237 0.000000e+00
84.487 0.000000e+00
84.737 0.000000e+00
84.987 0.000000e+00
85.237 0.000000e+00
85.487 0.000000e+00
85.737 0.000000e+00
85.987 0.000000e+00
86.237 0.000000e+00
86.487 0.000000e+00
86.737 0.000000e+00
86.987 0.000000e+00
87.237 0.000000e+00
87.487 0.000000e+00
87.737 0.000000e+00
87.987 0.000000e+00
88.237 0.000000e+00
88.487 0.000000e+00
88.737 0.000000e+00
88.987 0.000000e+00
89.237 0.000000e+00
89.487 0.000000e+00
89.737 0.000000e+00
89.987 0.000000e+00
90.237 0.000000e+00
90.487 0.000000e+00
90.737 0.000000e+00
90.987 0.000000e+00
91.237 0.000000e+00
91.487 0.000000e+00
91.737 0.000000e+00
91.987 0.000000e+00
92.237 0.000000e+00
92.487 0.000000e+00
92.737 0.000000e+00
92.987 0.000000e+00
93.237 0.000000e+00
93.487 0.000000e+00
93.737 0.000000e+00
93.987 0.000000e+00
94.237 0.000000e+00
94.487 0.000000e+00
94.737 0.000000e+00
94.987 0.000000e+00
95.237 0.000000e+00
95.487 0.000000e+00
95.737 0.000000e+00
95.987 0.000000e+00
96.237 0.000000e+00
96.487 0.000000e+00
96.737 0.000000e+00
96.987 0.000000e+00
97.237 0.000000e+00
97.487 0.000000e+00
97.737 0.000000e+00
97.987 0.000000e+00
98.237 0.000000e+00
98.487 0.000000e+00
98.737 0.000000e+00
98.987 0.000000e+00
99.237 0.000000e+00
99.487 0.000000e+00
99.737 0.000000e+00
99.987 0.000000e+00
100.237 0.000000e+00
100.487 0.000000e+00
100.737 0.000000e+00
100.987 0.000000e+00
101.237 0.000000e+00
101.487 0.000000e+00
101.737 0.000000e+00
101.987 0.000000e+00
102.237 0.000000e+00
102.487 0.000000e+00
102.737 0.000000e+00
102.987 0.000000e+00
103.237 0.000000e+00
103.487 0.000000e+00
103.737 0.000000e+00
103.987 0.000000e+00
104.237 0.000000e+00
104.487 0.000000e+00
104.737 0.000000e+00
104.987 0.000000e+00
105.237 0.000000e+00
105.487 0.000000e+00
105.737 0.000000e+00
105.987 0.000000e+00
106.237 0.000000e+00
106.487 0.000000e+00
106.737 0.000000e+00
106.987 0.000000e+00
107.237 0.000000e+00
107.487 0.000000e+00
107.737 0.000000e+00
107.987 0.000000e+00
108.237 0.000000e+00
108.487 0.000000e+00
108.737 0.000000e+00
108.987 0.000000e+00
109.237 0.000000e+00
109.487 0.000000e+00
109.737 0.000000e+00
109.987 0.000000e+00
110.237 0.000000e+00
110.487 0.000000e+00
110.737 0.000000e+00
110.987 0.000000e+00
111.237 0.000000e+00
111.487 0.000000e+00
111.737 0.000000e+00
111.987 0.000000e+00
112.237 0.000000e+00
112.487 0.000000e+00
112.737 0.000000e+00
112.987 0.000000e+00
113.237 0.000000e+00
113.487 0.000000e+00
113.737 0.000000e+00
113.987 0.000000e+00
114.237 0.000000e+00
114.487 0.000000e+00
114.737 0.000000e+00
114.987 0.000000e+00
115.237 0.000000e+00
115.487 0.000000e+00
115.737 0.000000e+00
115.987 0.000000e+00
116.237 0.000000e+00
116.487 0.000000e+00
116.737 0.000000e+00
116.987 0.000000e+00
117.237 0.000000e+00
117.487 0.000000e+00
117.737 0.000000e+00
117.987 0.000000e+00
118.237 0.000000e+00
118.487 0.000000e+00
118.737 0.000000e+00
118.987 0.000000e+00
119.237 0.000000e+00
119.487 0.000000e+00
119.737 0.000000e+00
119.987 0.000000e+00
120.237 0.000000e+00
120.487 0.000000e+00
120.737 0.000000e+00
120.987 0.000000e+00
121.237 0.000000e+00
121.487 0.000000e+00
121.737 0.000000e+00
121.987 0.000000e+00
122.237 0.000000e+00
122.487 0.000000e+00
122.737 0.000000e+00
122.987 0.000000e+00
123.237 0.000000e+00
123.487 0.000000e+00
123.737 0.000000e+00
123.987 0.000000e+00
124.237 0.000000e+00
124.487 0.000000e+00
124.737 0.000000e+00
124.987 0.000000e+00
125.237 0.000000e+00
125.487 0.000000e+00
125.737 0.000000e+00
125.987 0.000000e+00
126.237 0.000000e+00
126.487 0.000000e+00
126.737 0.000000e+00
126.987 0.000000e+00
127.237 0.000000e+00
127.487 0.000000e+00
127.737 0.000000e+00
127.987 0.000000e+00
128.237 0.000000e+00
128.487 0.000000e+00
128.737 0.000000e+00
128.987 0.000000e+00
129.237 0.000000e+00
129.487 0.000000e+00
129.737 0.000000e+00
129.987 0.000000e+00
130.237 0.000000e+00
130.487 0.000000e+00
130.737 0.000000e+00
130.987 0.000000e+00
131.237 0.000000e+00
131.487 0.000000e+00
131.737 0.000000e+00
131.987 0.000000e+00
132.237 0.000000e+00
132.487 0.000000e+00
132.737 0.000000e+00
132.987 0.000000e+00
133.237 0.000000e+00
133.487 0.000000e+00
133.737 0.000000e+00
133.987 0.000000e+00
134.237 0.000000e+00
134.487 0.000000e+00
134.737 0.000000e+00
134.987 0.000000e+00
135.237 0.000000e+00
135.487 0.000000e+00
135.737 0.000000e+00
135.987 0.000000e+00
136.237 0.000000e+00
136.487 0.000000e+00
136.737 0.000000e+00
136.987 0.000000e+00
137.237 0.000000e+00
137.487 0.000000e+00
137.737 0.000000e+00
137.987 0.000000e+00
138.237 0.000000e+00
138.487 0.000000e+00
138.737 0.000000e+00
138.987 0.000000e+00
139.237 0.000000e+00
139.487 0.000000e+00
139.737 0.000000e+00
139.987 0.000000e+00
140.237 0.000000e+00
140.487 0.000000e+00
140.737 0.000000e+00
140.987 0.000000e+00
141.237 0.000000e+00
141.487 0.000000e+00
141.737 0.000000e+00
141.987 0.000000e+00
142.237 0.000000e+00
142.487 0.000000e+00
142.737 0.000000e+00
142.987 0.000000e+00
143.237 0.000000e+00
143.487 0.000000e+00
143.737 0.000000e+00
143.987 0.000000e+00
144.237 0.000000e+00
144.487 0.000000e+00
144.737 0.000000e+00
144.987 0.000000e+00
145.237 0.000000e+00
145.487 0.000000e+00
145.737 0.000000e+00
145.987 0.000000e+00
146.237 0.000000e+00
146.487 0.000000e+00
146.737 0.000000e+00
146.987 0.000000e+00
147.237 0.000000e+00
147.487 0.000000e+00
147.737 0.000000e+00
147.987 0.000000e+00
148.237 0.000000e+00
148.487 0.000000e+00
148.737 0.000000e+00
148.987 0.000000e+00
149.237 0.000000e+00
149.487 0.000000e+00
149.737 0.000000e+00
149.987 0.000000e+00
150.237 0.000000e+00
150.487 0.000000e+00
150.737 0.000000e+00
150.987 0.000000e+00
151.237 0.000000e+00
151.487 0.000000e+00
151.737 0.000000e+00
151.987 0.000000e+00
152.237 0.000000e+00
152.487 0.000000e+00
152.737 0.000000e+00
152.987 0.000000e+00
153.237 0.000000e+00
153.487 0.000000e+00
153.737 0.000000e+00
153.987 0.000000e+00
154.237 0.000000e+00
154.487 0.000000e+00
154.737 0.000000e+00
154.987 0.000000e+00
155.237 0.000000e+00
155.487 0.000000e+00
155.737 0.000000e+00
155.987 0.000000e+00
156.237 0.000000e+00
156.487 0.000000e+00
156.737 0.000000e+00
156.987 0.000000e+00
157.237 0.000000e+00
157.487 0.000000e+00
157.737 0.000000e+00
157.987 0.000000e+00
158.237 0.000000e+00
158.487 0.000000e+00
158.737 0.000000e+00
158.987 0.000000e+00
159.237 0.000000e+00
159.487 0.000000e+00
159.737 0.000000e+00
159.987 0.000000e+00
160.237 0.000000e+00
160.487 0.000000e+00
160.737 0.000000e+00
160.987 0.000000e+00
161.237 0.000000e+00
161.487 0.000000e+00
161.737 0.000000e+00
161.987 0.000000e+00
162.237 0.000000e+00
162.487 0.000000e+00
162.737 0.000000e+00
162.987 0.000000e+00
163.237 0.000000e+00
163.487 0.000000e+00
163.737 0.000000e+00
163.987 0.000000e+00
164.237 0.000000e+00
164.487 0.000000e+00
164.737 0.000000e+00
164.987 0.000000e+00
165.237 0.000000e+00
165.487 0.000000e+00
165.737 0.000000e+00
165.987 0.000000e+00
166.237 0.000000e+00
166.487 0.000000e+00
166.737 0.000000e+00
166.987 0.000000e+00
167.237 0.000000e+00
167.487 0.000000e+00
167.737 0.000000e+00
167.987 0.000000e+00
168.237 0.000000e+00
168.487 0.000000e+00
168.737 0.000000e+00
168.987 0.000000e+00
169.237 0.000000e+00
169.487 0.000000e+00
169.737 0.000000e+00
169.987 0.000000e+00
170.237 0.000000e+00
170.487 0.000000e+00
170.737 0.000000e+00
170.987 0.000000e+00
171.237 0.000000e+00
171.487 0.000000e+00
171.737 0.000000e+00
171.987 0.000000e+00
172.237 0.000000e+00
172.487 0.000000e+00
172.737 0.000000e+00
172.987 0.000000e+00
173.237 0.000000e+00
173.487 0.000000e+00
173.737 0.000000e+00
173.987 0.000000e+00
174.237 0.000000e+00
174.487 0.000000e+00
174.737 0.000000e+00
174.987 0.000000e+00
175.237 0.000000e+00
175.487 0.000000e+00
175.737 0.000000e+00
175.987 0.000000e+00
176.237 0.000000e+00
176.487 0.000000e+00
176.737 0.000000e+00
176.987 0.000000e+00
177.237 0.000000e+00
177.487 0.000000e+00
177.737 0.000000e+00
177.987 0.000000e+00
178.237 0.000000e+00
178.487 0.000000e+00
178.737 0.000000e+00
178.987 0.000000e+00
179.237 0.000000e+00
179.487 0.000000e+00
179.737 0.000000e+00
179.987 0.000000e+00
180.237 0.000000e+00
180.487 0.000000e+00
180.737 0.000000e+00
180.987 0.000000e+00
181.237 0.000000e+00
181.487 0.000000e+00
181.737 0.000000e+00
181.987 0.000000e+00
182.237 0.000000e+00
182.487 0.000000e+00
182.737 0.000000e+00
182.987 0.000000e+00
183.237 0.000000e+00
183.487 0.000000e+00
183.737 0.000000e+00
183.987 0.000000e+00
184.237 0.000000e+00
184.487 0.000000e+00
184.737 0.000000e+00
184.987 0.000000e+00
185.237 0.000000e+00
185.487 0.000000e+00
185.737 0.000000e+00
185.987 0.000000e+00
186.237 0.000000e+00
186.487 0.000000e+00
186.737 0.000000e+00
186.987 0.000000e+00
187.237 0.000000e+00
187.487 0.000000e+00
187.737 0.000000e+00
187.987 0.000000e+00
188.237 0.000000e+00
188.487 0.000000e+00
188.737 0.000000e+00
188.987 0.000000e+00
189.237 0.000000e+00
189.487 0.000000e+00
189.737 0.000000e+00
189.987 0.000000e+00
190.237 0.000000e+00
190.487 0.000000e+00
190.737 0.000000e+00
190.987 0.000000e+00
191.237 0.000000e+00
191.487 0.000000e+00
191.737 0.000000e+00
191.987 0.000000e+00
192.237 0.000000e+00
192.487 0.000000e+00
192.737 0.000000e+00
192.987 0.000000e+00
193.237 0.000000e+00
193.487 0.000000e+00
193.737 0.000000e+00
193.987 0.000000e+00
194.237 0.000000e+00
194.487 0.000000e+00
194.737 0.000000e+00
194.987 0.000000e+00
195.237 0.000000e+00
195.487 0.000000e+00
195.737 0.000000e+00
195.987 0.000000e+00
196.237 0.000000e+00
196.487 0.000000e+00
196.737 0.000000e+00
196.987 0.000000e+00
197.237 0.000000e+00
197.487 0.000000e+00
197.737 0.000000e+00
197.987 0.000000e+00
198.237 0.000000e+00
198.487 0.000000e+00
198.737 0.000000e+00
198.987 0.000000e+00
199.237 0.000000e+00
199.487 0.000000e+00
199.737 0.000000e+00
199.987 0.000000e+00
200.237 0.000000e+00
200.487 0.000000e+00
200.737 0.000000e+00
200.987 0.000000e+00
201.237 0.000000e+00
201.487 0.000000e+00
201.737 0.000000e+00
201.987 0.000000e+00
202.237 0.000000e+00
202.487 0.000000e+00
202.737 0.000000e+00
202.987 0.000000e+00
203.237 0.000000e+00
203.487 0.000000e+00
203.737 0.000000e+00
203.987 0.000000e+00
204.237 0.000000e+00
204.487 0.000000e+00
204.737 0.000000e+00
204.987 0.000000e+00
205.237 0.000000e+00
205.487 0.000000e+00
205.737 0.000000e+00
205.987 0.000000e+00
206.237 0.000000e+00
206.487 0.000000e+00
206.737 0.000000e+00
206.987 0.000000e+00
207.237 0.000000e+00
207.487 0.000000e+00
207.737 0.000000e+00
207.987 0.000000e+00
208.237 0.000000e+00
208.487 0.000000e+00
208.737 0.000000e+00
208.987 0.000000e+00
209.237 0.000000e+00
209.487 0.000000e+00
209.737 0.000000e+00
209.987 0.000000e+00
210.237 0.000000e+00
210.487 0.000000e+00
210.737 0.000000e+00
210.987 0.000000e+00
211.237 0.000000e+00
211.487 0.000000e+00
211.737 0.000000e+00
211.987 0.000000e+00
212.237 0.000000e+00
212.487 0.000000e+00
212.737 0.000000e+00
212.987 0.000000e+00
213.237 0.000000e+00
213.487 0.000000e+00
213.737 0.000000e+00
213.987 0.000000e+00
214.237 0.000000e+00
214.487 0.000000e+00
214.737 0.000000e+00
214.987 0.000000e+00
215.237 0.000000e+00
215.487 0.000000e+00
215.737 0.000000e+00
215.987 0.000000e+00
216.237 0.000000e+00
216.487 0.000000e+00
216.737 0.000000e+00
216.987 0.000000e+00
217.237 0.000000e+00
217.487 0.000000e+00
217.737 0.000000e+00
217.987 0.000000e+00
218.237 0.000000e+00
218.487 0.000000e+00
218.737 0.000000e+00
218.987 0.000000e+00
219.237 0.000000e+00
219.487 0.000000e+00
219.737 0.000000e+00
219.987 0.000000e+00
220.237 0.000000e+00
220.487 0.000000e+00
220.737 0.000000e+00
220.987 0.000000e+00
221.237 0.000000e+00
221.487 0.000000e+00
221.737 0.000000e+00
221.987 0.000000e+00
222.237 0.000000e+00
222.487 0.000000e+00
222.737 0.000000e+00
222.987 0.000000e+00
223.237 0.000000e+00
223.487 0.000000e+00
223.737 0.000000e+00
223.987 0.000000e+00
224.237 0.000000e+00
224.487 0.000000e+00
224.737 0.000000e+00
224.987 0.000000e+00
225.237 0.000000e+00
225.487 0.000000e+00
225.737 0.000000e+00
225.987 0.000000e+00
226.237 0.000000e+00
226.487 0.000000e+00
226.737 0.000000e+00
226.987 0.000000e+00
227.237 0.000000e+00
227.487 0.000000e+00
227.737 0.000000e+00
227.987 0.000000e+00
228.237 0.000000e+00
228.487 0.000000e+00
228.737 0.000000e+00
228.987 0.000000e+00
229.237 0.000000e+00
229.487 0.000000e+00
229.737 0.000000e+00
229.987 0.000000e+00
230.237 0.000000e+00
230.487 0.000000e+00
230.737 0.000000e+00
230.987 0.000000e+00
231.237 0.000000e+00
231.487 0.000000e+00
231.737 0.000000e+00
231.987 0.000000e+00
232.237 0.000000e+00
232.487 0.000000e+00
232.737 0.000000e+00
232.987 0.000000e+00
233.237 0.000000e+00
233.487 0.000000e+00
233.737 0.000000e+00
233.987 0.000000e+00
234.237 0.000000e+00
234.487 0.000000e+00
234.737 0.000000e+00
234.987 0.000000e+00
235.237 0.000000e+00
235.487 0.000000e+00
235.737 0.000000e+00
235.987 0.000000e+00
236.237 0.000000e+00
236.487 0.000000e+00
236.737 0.000000e+00
236.987 0.000000e+00
237.237 0.000000e+00
237.487 0.000000e+00
237.737 0.000000e+00
237.987 0.000000e+00
238.237 0.000000e+00
238.487 0.000000e+00
238.737 0.000000e+00
238.987 0.000000e+00
239.237 0.000000e+00
239.487 0.000000e+00
239.737 0.000000e+00
239.987 0.000000e+00
240.237 0.000000e+00
240.487 0.000000e+00
241.487 0.0
242.487 0.0
243.487 0.0
244.487 0.0
245.487 0.0
246.487 0.0
247.487 0.0
248.487 0.0
249.487 0.0
250.487 0.0
251.487 0.0
252.487 0.0
253.487 0.0
254.487 0.0
255.487 0.0
256.487 0.0
257.487 0.0
258.487 0.0
259.487 0.0
260.487 0.0
261.487 0.0
262.487 0.0
263.487 0.0
264.487 0.0
265.487 0.0
266.487 0.0
267.487 0.0
268.487 0.0
269.487 0.0
270.487 0.0
271.487 0.0
272.487 0.0
273.487 0.0
274.487 0.0
275.487 0.0
276.487 0.0
277.487 0.0
278.487 0.0
279.487 0.0
280.487 0.0
281.487 0.0
282.487 0.0
283.487 0.0
284.487 0.0
285.487 0.0
286.487 0.0
287.487 0.0
288.487 0.0
289.487 0.0
290.487 0.0
291.487 0.0
292.487 0.0
293.487 0.0
294.487 0.0
295.487 0.0
296.487 0.0
297.487 0.0
298.487 0.0
299.487 0.0
300.487 0.0
301.487 0.0
302.487 0.0
303.487 0.0
304.487 0.0
305.487 0.0
306.487 0.0
307.487 0.0
308.487 0.0
309.487 0.0
310.487 0.0
311.487 0.0
312.487 0.0
313.487 0.0
314.487 0.0
315.487 0.0
316.487 0.0
317.487 0.0
318.487 0.0
319.487 0.0
320.487 0.0
321.487 0.0
322.487 0.0
323.487 0.0
324.487 0.0
325.487 0.0
326.487 0.0
327.487 0.0
328.487 0.0
329.487 0.0
330.487 0.0
331.487 0.0
332.487 0.0
333.487 0.0
334.487 0.0
335.487 0.0
336.487 0.0
337.487 0.0
338.487 0.0
339.487 0.0
340.487 0.0
341.487 0.0
342.487 0.0
343.487 0.0
344.487 0.0
345.487 0.0
346.487 0.0
347.487 0.0
348.487 0.0
349.487 0.0
350.487 0.0
351.487 0.0
352.487 0.0
353.487 0.0
354.487 0.0
355.487 0.0
356.487 0.0
357.487 0.0
358.487 0.0
359.487 0.0
360.487 0.0
361.487 0.0
362.487 0.0
363.487 0.0
364.487 0.0
365.487 0.0
366.487 0.0
367.487 0.0
368.487 0.0
369.487 0.0
370.487 0.0
371.487 0.0
372.487 0.0
373.487 0.0
374.487 0.0
375.487 0.0
376.487 0.0
377.487 0.0
378.487 0.0
379.487 0.0
380.487 0.0
381.487 0.0
382.487 0.0
383.487 0.0
384.487 0.0
385.487 0.0
386.487 0.0
387.487 0.0
388.487 0.0
389.487 0.0
390.487 0.0
391.487 0.0
392.487 0.0
393.487 0.0
394.487 0.0
395.487 0.0
396.487 0.0
397.487 0.0
398.487 0.0
399.487 0.0
400.487 0.0
401.487 0.0
402.487 0.0
403.487 0.0
404.487 0.0
405.487 0.0
406.487 0.0
407.487 0.0
408.487 0.0
409.487 0.0
410.487 0.0
411.487 0.0
412.487 0.0
413.487 0.0
414.487 0.0
415.487 0.0
416.487 0.0
417.487 0.0
418.487 0.0
419.487 0.0
420.487 0.0
421.487 0.0
422.487 0.0
423.487 0.0
424.487 0.0
425.487 0.0
426.487 0.0
427.487 0.0
428.487 0.0
429.487 0.0
430.487 0.0
431.487 0.0
432.487 0.0
433.487 0.0
434.487 0.0
435.487 0.0
436.487 0.0
437.487 0.0
438.487 0.0
439.487 0.0
440.487 0.0
441.487 0.0
442.487 0.0
443.487 0.0
444.487 0.0
445.487 0.0
446.487 0.0
447.487 0.0
448.487 0.0
449.487 0.0
450.487 0.0
451.487 0.0
452.487 0.0
453.487 0.0
454.487 0.0
455.487 0.0
456.487 0.0
457.487 0.0
458.487 0.0
459.487 0.0
460.487 0.0
461.487 0.0
462.487 0.0
463.487 0.0
464.487 0.0
465.487 0.0
466.487 0.0
467.487 0.0
468.487 0.0
469.487 0.0
470.487 0.0
471.487 0.0
472.487 0.0
473.487 0.0
474.487 0.0
475.487 0.0
476.487 0.0
477.487 0.0
478.487 0.0
479.487 0.0
480.487 0.0
481.487 0.0
482.487 0.0
483.487 0.0
484.487 0.0
485.487 0.0
486.487 0.0
487.487 0.0
488.487 0.0
489.487 0.0
490.487 0.0
491.487 0.0
492.487 0.0
493.487 0.0
494.487 0.0
495.487 0.0
496.487 0.0
497.487 0.0
498.487 0.0
499.487 0.0
500.487 0.0
501.487 0.0
502.487 0.0
503.487 0.0
504.487 0.0
505.487 0.0
506.487 0.0
507.487 0.0
508.487 0.0
509.487 0.0
510.487 0.0
511.487 0.0
512.487 0.0
513.487 0.0
514.487 0.0
515.487 0.0
516.487 0.0
517.487 0.0
518.487 0.0
519.487 0.0
520.487 0.0
521.487 0.0
522.487 0.0
523.487 0.0
524.487 0.0
525.487 0.0
526.487 0.0
527.487 0.0
528.487 0.0
529.487 0.0
530.487 0.0
531.487 0.0
532.487 0.0
533.487 0.0
534.487 0.0
535.487 0.0
536.487 0.0
537.487 0.0
538.487 0.0
539.487 0.0
540.487 0.0
541.487 0.0
542.487 0.0
543.487 0.0
544.487 0.0
545.487 0.0
546.487 0.0
547.487 0.0
548.487 0.0
549.487 0.0
550.487 0.0
551.487 0.0
552.487 0.0
553.487 0.0
554.487 0.0
555.487 0.0
556.487 0.0
557.487 0.0
558.487 0.0
559.487 0.0
560.487 0.0
561.487 0.0
562.487 0.0
563.487 0.0
564.487 0.0
565.487 0.0
566.487 0.0
567.487 0.0
568.487 0.0
569.487 0.0
570.487 0.0
571.487 0.0
572.487 0.0
573.487 0.0
574.487 0.0
575.487 0.0
576.487 0.0
577.487 0.0
578.487 0.0
579.487 0.0
580.487 0.0
581.487 0.0
582.487 0.0
583.487 0.0
584.487 0.0
585.487 0.0
586.487 0.0
587.487 0.0
588.487 0.0
589.487 0.0
590.487 0.0
591.487 0.0
592.487 0.0
593.487 0.0
594.487 0.0
595.487 0.0
596.487 0.0
597.487 0.0
598.487 0.0
599.487 0.0
600.487 0.0
601.487 0.0
602.487 0.0
603.487 0.0
604.487 0.0
605.487 0.0
606.487 0.0
607.487 0.0
608.487 0.0
609.487 0.0
610.487 0.0
611.487 0.0
612.487 0.0
613.487 0.0
614.487 0.0
615.487 0.0
616.487 0.0
617.487 0.0
618.487 0.0
619.487 0.0
620.487 0.0
621.487 0.0
622.487 0.0
623.487 0.0
624.487 0.0
625.487 0.0
626.487 0.0
627.487 0.0
628.487 0.0
629.487 0.0
630.487 0.0
631.487 0.0
632.487 0.0
633.487 0.0
634.487 0.0
635.487 0.0
636.487 0.0
637.487 0.0
638.487 0.0
639.487 0.0
640.487 0.0
641.487 0.0
642.487 0.0
643.487 0.0
644.487 0.0
645.487 0.0
646.487 0.0
647.487 0.0
648.487 0.0
649.487 0.0
650.487 0.0
651.487 0.0
652.487 0.0
653.487 0.0
654.487 0.0
655.487 0.0
656.487 0.0
657.487 0.0
658.487 0.0
659.487 0.0
660.487 0.0
661.487 0.0
662.487 0.0
663.487 0.0
664.487 0.0
665.487 0.0
666.487 0.0
667.487 0.0
668.487 0.0
669.487 0.0
670.487 0.0
671.487 0.0
672.487 0.0
673.487 0.0
674.487 0.0
675.487 0.0
676.487 0.0
677.487 0.0
678.487 0.0
679.487 0.0
680.487 0.0
681.487 0.0
682.487 0.0
683.487 0.0
684.487 0.0
685.487 0.0
686.487 0.0
687.487 0.0
688.487 0.0
689.487 0.0
690.487 0.0
691.487 0.0
692.487 0.0
693.487 0.0
694.487 0.0
695.487 0.0
696.487 0.0
697.487 0.0
698.487 0.0
699.487 0.0
700.487 0.0
701.487 0.0
702.487 0.0
703.487 0.0
704.487 0.0
705.487 0.0
706.487 0.0
707.487 0.0
708.487 0.0
709.487 0.0
710.487 0.0
711.487 0.0
712.487 0.0
713.487 0.0
714.487 0.0
715.487 0.0
716.487 0.0
717.487 0.0
718.487 0.0
719.487 0.0
720.487 0.0
721.487 0.0
722.487 0.0
723.487 0.0
724.487 0.0
725.487 0.0
726.487 0.0
727.487 0.0
728.487 0.0
729.487 0.0
730.487 0.0
731.487 0.0
732.487 0.0
733.487 0.0
734.487 0.0
735.487 0.0
736.487 0.0
737.487 0.0
738.487 0.0
739.487 0.0
740.487 0.0
