-569.347624566 0.0
-568.347624566 0.0
-567.347624566 0.0
-566.347624566 0.0
-565.347624566 0.0
-564.347624566 0.0
-563.347624566 0.0
-562.347624566 0.0
-561.347624566 0.0
-560.347624566 0.0
-559.347624566 0.0
-558.347624566 0.0
-557.347624566 0.0
-556.347624566 0.0
-555.347624566 0.0
-554.347624566 0.0
-553.347624566 0.0
-552.347624566 0.0
-551.347624566 0.0
-550.347624566 0.0
-549.347624566 0.0
-548.347624566 0.0
-547.347624566 0.0
-546.347624566 0.0
-545.347624566 0.0
-544.347624566 0.0
-543.347624566 0.0
-542.347624566 0.0
-541.347624566 0.0
-540.347624566 0.0
-539.347624566 0.0
-538.347624566 0.0
-537.347624566 0.0
-536.347624566 0.0
-535.347624566 0.0
-534.347624566 0.0
-533.347624566 0.0
-532.347624566 0.0
-531.347624566 0.0
-530.347624566 0.0
-529.347624566 0.0
-528.347624566 0.0
-527.347624566 0.0
-526.347624566 0.0
-525.347624566 0.0
-524.347624566 0.0
-523.347624566 0.0
-522.347624566 0.0
-521.347624566 0.0
-520.347624566 0.0
-519.347624566 0.0
-518.347624566 0.0
-517.347624566 0.0
-516.347624566 0.0
-515.347624566 0.0
-514.347624566 0.0
-513.347624566 0.0
-512.347624566 0.0
-511.347624566 0.0
-510.347624566 0.0
-509.347624566 0.0
-508.347624566 0.0
-507.347624566 0.0
-506.347624566 0.0
-505.347624566 0.0
-504.347624566 0.0
-503.347624566 0.0
-502.347624566 0.0
-501.347624566 0.0
-500.347624566 0.0
-499.347624566 0.0
-498.347624566 0.0
-497.347624566 0.0
-496.347624566 0.0
-495.347624566 0.0
-494.347624566 0.0
-493.347624566 0.0
-492.347624566 0.0
-491.347624566 0.0
-490.347624566 0.0
-489.347624566 0.0
-488.347624566 0.0
-487.347624566 0.0
-486.347624566 0.0
-485.347624566 0.0
-484.347624566 0.0
-483.347624566 0.0
-482.347624566 0.0
-481.347624566 0.0
-480.347624566 0.0
-479.347624566 0.0
-478.347624566 0.0
-477.347624566 0.0
-476.347624566 0.0
-475.347624566 0.0
-474.347624566 0.0
-473.347624566 0.0
-472.347624566 0.0
-471.347624566 0.0
-470.347624566 0.0
-469.347624566 0.0
-468.347624566 0.0
-467.347624566 0.0
-466.347624566 0.0
-465.347624566 0.0
-464.347624566 0.0
-463.347624566 0.0
-462.347624566 0.0
-461.347624566 0.0
-460.347624566 0.0
-459.347624566 0.0
-458.347624566 0.0
-457.347624566 0.0
-456.347624566 0.0
-455.347624566 0.0
-454.347624566 0.0
-453.347624566 0.0
-452.347624566 0.0
-451.347624566 0.0
-450.347624566 0.0
-449.347624566 0.0
-448.347624566 0.0
-447.347624566 0.0
-446.347624566 0.0
-445.347624566 0.0
-444.347624566 0.0
-443.347624566 0.0
-442.347624566 0.0
-441.347624566 0.0
-440.347624566 0.0
-439.347624566 0.0
-438.347624566 0.0
-437.347624566 0.0
-436.347624566 0.0
-435.347624566 0.0
-434.347624566 0.0
-433.347624566 0.0
-432.347624566 0.0
-431.347624566 0.0
-430.347624566 0.0
-429.347624566 0.0
-428.347624566 0.0
-427.347624566 0.0
-426.347624566 0.0
-425.347624566 0.0
-424.347624566 0.0
-423.347624566 0.0
-422.347624566 0.0
-421.347624566 0.0
-420.347624566 0.0
-419.347624566 0.0
-418.347624566 0.0
-417.347624566 0.0
-416.347624566 0.0
-415.347624566 0.0
-414.347624566 0.0
-413.347624566 0.0
-412.347624566 0.0
-411.347624566 0.0
-410.347624566 0.0
-409.347624566 0.0
-408.347624566 0.0
-407.347624566 0.0
-406.347624566 0.0
-405.347624566 0.0
-404.347624566 0.0
-403.347624566 0.0
-402.347624566 0.0
-401.347624566 0.0
-400.347624566 0.0
-399.347624566 0.0
-398.347624566 0.0
-397.347624566 0.0
-396.347624566 0.0
-395.347624566 0.0
-394.347624566 0.0
-393.347624566 0.0
-392.347624566 0.0
-391.347624566 0.0
-390.347624566 0.0
-389.347624566 0.0
-388.347624566 0.0
-387.347624566 0.0
-386.347624566 0.0
-385.347624566 0.0
-384.347624566 0.0
-383.347624566 0.0
-382.347624566 0.0
-381.347624566 0.0
-380.347624566 0.0
-379.347624566 0.0
-378.347624566 0.0
-377.347624566 0.0
-376.347624566 0.0
-375.347624566 0.0
-374.347624566 0.0
-373.347624566 0.0
-372.347624566 0.0
-371.347624566 0.0
-370.347624566 0.0
-369.347624566 0.0
-368.347624566 0.0
-367.347624566 0.0
-366.347624566 0.0
-365.347624566 0.0
-364.347624566 0.0
-363.347624566 0.0
-362.347624566 0.0
-361.347624566 0.0
-360.347624566 0.0
-359.347624566 0.0
-358.347624566 0.0
-357.347624566 0.0
-356.347624566 0.0
-355.347624566 0.0
-354.347624566 0.0
-353.347624566 0.0
-352.347624566 0.0
-351.347624566 0.0
-350.347624566 0.0
-349.347624566 0.0
-348.347624566 0.0
-347.347624566 0.0
-346.347624566 0.0
-345.347624566 0.0
-344.347624566 0.0
-343.347624566 0.0
-342.347624566 0.0
-341.347624566 0.0
-340.347624566 0.0
-339.347624566 0.0
-338.347624566 0.0
-337.347624566 0.0
-336.347624566 0.0
-335.347624566 0.0
-334.347624566 0.0
-333.347624566 0.0
-332.347624566 0.0
-331.347624566 0.0
-330.347624566 0.0
-329.347624566 0.0
-328.347624566 0.0
-327.347624566 0.0
-326.347624566 0.0
-325.347624566 0.0
-324.347624566 0.0
-323.347624566 0.0
-322.347624566 0.0
-321.347624566 0.0
-320.347624566 0.0
-319.347624566 0.0
-318.347624566 0.0
-317.347624566 0.0
-316.347624566 0.0
-315.347624566 0.0
-314.347624566 0.0
-313.347624566 0.0
-312.347624566 0.0
-311.347624566 0.0
-310.347624566 0.0
-309.347624566 0.0
-308.347624566 0.0
-307.347624566 0.0
-306.347624566 0.0
-305.347624566 0.0
-304.347624566 0.0
-303.347624566 0.0
-302.347624566 0.0
-301.347624566 0.0
-300.347624566 0.0
-299.347624566 0.0
-298.347624566 0.0
-297.347624566 0.0
-296.347624566 0.0
-295.347624566 0.0
-294.347624566 0.0
-293.347624566 0.0
-292.347624566 0.0
-291.347624566 0.0
-290.347624566 0.0
-289.347624566 0.0
-288.347624566 0.0
-287.347624566 0.0
-286.347624566 0.0
-285.347624566 0.0
-284.347624566 0.0
-283.347624566 0.0
-282.347624566 0.0
-281.347624566 0.0
-280.347624566 0.0
-279.347624566 0.0
-278.347624566 0.0
-277.347624566 0.0
-276.347624566 0.0
-275.347624566 0.0
-274.347624566 0.0
-273.347624566 0.0
-272.347624566 0.0
-271.347624566 0.0
-270.347624566 0.0
-269.347624566 0.0
-268.347624566 0.0
-267.347624566 0.0
-266.347624566 0.0
-265.347624566 0.0
-264.347624566 0.0
-263.347624566 0.0
-262.347624566 0.0
-261.347624566 0.0
-260.347624566 0.0
-259.347624566 0.0
-258.347624566 0.0
-257.347624566 0.0
-256.347624566 0.0
-255.347624566 0.0
-254.347624566 0.0
-253.347624566 0.0
-252.347624566 0.0
-251.347624566 0.0
-250.347624566 0.0
-249.347624566 0.0
-248.347624566 0.0
-247.347624566 0.0
-246.347624566 0.0
-245.347624566 0.0
-244.347624566 0.0
-243.347624566 0.0
-242.347624566 0.0
-241.347624566 0.0
-240.347624566 0.0
-239.347624566 0.0
-238.347624566 0.0
-237.347624566 0.0
-236.347624566 0.0
-235.347624566 0.0
-234.347624566 0.0
-233.347624566 0.0
-232.347624566 0.0
-231.347624566 0.0
-230.347624566 0.0
-229.347624566 0.0
-228.347624566 0.0
-227.347624566 0.0
-226.347624566 0.0
-225.347624566 0.0
-224.347624566 0.0
-223.347624566 0.0
-222.347624566 0.0
-221.347624566 0.0
-220.347624566 0.0
-219.347624566 0.0
-218.347624566 0.0
-217.347624566 0.0
-216.347624566 0.0
-215.347624566 0.0
-214.347624566 0.0
-213.347624566 0.0
-212.347624566 0.0
-211.347624566 0.0
-210.347624566 0.0
-209.347624566 0.0
-208.347624566 0.0
-207.347624566 0.0
-206.347624566 0.0
-205.347624566 0.0
-204.347624566 0.0
-203.347624566 0.0
-202.347624566 0.0
-201.347624566 0.0
-200.347624566 0.0
-199.347624566 0.0
-198.347624566 0.0
-197.347624566 0.0
-196.347624566 0.0
-195.347624566 0.0
-194.347624566 0.0
-193.347624566 0.0
-192.347624566 0.0
-191.347624566 0.0
-190.347624566 0.0
-189.347624566 0.0
-188.347624566 0.0
-187.347624566 0.0
-186.347624566 0.0
-185.347624566 0.0
-184.347624566 0.0
-183.347624566 0.0
-182.347624566 0.0
-181.347624566 0.0
-180.347624566 0.0
-179.347624566 0.0
-178.347624566 0.0
-177.347624566 0.0
-176.347624566 0.0
-175.347624566 0.0
-174.347624566 0.0
-173.347624566 0.0
-172.347624566 0.0
-171.347624566 0.0
-170.347624566 0.0
-169.347624566 0.0
-168.347624566 0.0
-167.347624566 0.0
-166.347624566 0.0
-165.347624566 0.0
-164.347624566 0.0
-163.347624566 0.0
-162.347624566 0.0
-161.347624566 0.0
-160.347624566 0.0
-159.347624566 0.0
-158.347624566 0.0
-157.347624566 0.0
-156.347624566 0.0
-155.347624566 0.0
-154.347624566 0.0
-153.347624566 0.0
-152.347624566 0.0
-151.347624566 0.0
-150.347624566 0.0
-149.347624566 0.0
-148.347624566 0.0
-147.347624566 0.0
-146.347624566 0.0
-145.347624566 0.0
-144.347624566 0.0
-143.347624566 0.0
-142.347624566 0.0
-141.347624566 0.0
-140.347624566 0.0
-139.347624566 0.0
-138.347624566 0.0
-137.347624566 0.0
-136.347624566 0.0
-135.347624566 0.0
-134.347624566 0.0
-133.347624566 0.0
-132.347624566 0.0
-131.347624566 0.0
-130.347624566 0.0
-129.347624566 0.0
-128.347624566 0.0
-127.347624566 0.0
-126.347624566 0.0
-125.347624566 0.0
-124.347624566 0.0
-123.347624566 0.0
-122.347624566 0.0
-121.347624566 0.0
-120.347624566 0.0
-119.347624566 0.0
-118.347624566 0.0
-117.347624566 0.0
-116.347624566 0.0
-115.347624566 0.0
-114.347624566 0.0
-113.347624566 0.0
-112.347624566 0.0
-111.347624566 0.0
-110.347624566 0.0
-109.347624566 0.0
-108.347624566 0.0
-107.347624566 0.0
-106.347624566 0.0
-105.347624566 0.0
-104.347624566 0.0
-103.347624566 0.0
-102.347624566 0.0
-101.347624566 0.0
-100.347624566 0.0
-99.3476245655 0.0
-98.3476245655 0.0
-97.3476245655 0.0
-96.3476245655 0.0
-95.3476245655 0.0
-94.3476245655 0.0
-93.3476245655 0.0
-92.3476245655 0.0
-91.3476245655 0.0
-90.3476245655 0.0
-89.3476245655 0.0
-88.3476245655 0.0
-87.3476245655 0.0
-86.3476245655 0.0
-85.3476245655 0.0
-84.3476245655 0.0
-83.3476245655 0.0
-82.3476245655 0.0
-81.3476245655 0.0
-80.3476245655 0.0
-79.3476245655 0.0
-78.3476245655 0.0
-77.3476245655 0.0
-76.3476245655 0.0
-75.3476245655 0.0
-74.3476245655 0.0
-73.3476245655 0.0
-72.3476245655 0.0
-71.3476245655 0.0
-70.3476245655 0.0
-69.3476245655 0.000000e+00
-69.0579374276 0.000000e+00
-68.7682502897 0.000000e+00
-68.4785631518 0.000000e+00
-68.1888760139 0.000000e+00
-67.899188876 0.000000e+00
-67.6095017381 0.000000e+00
-67.3198146002 0.000000e+00
-67.0301274623 0.000000e+00
-66.7404403244 0.000000e+00
-66.4507531866 0.000000e+00
-66.1610660487 0.000000e+00
-65.8713789108 0.000000e+00
-65.5816917729 0.000000e+00
-65.292004635 0.000000e+00
-65.0023174971 0.000000e+00
-64.7126303592 0.000000e+00
-64.4229432213 0.000000e+00
-64.1332560834 0.000000e+00
-63.8435689455 0.000000e+00
-63.5538818076 0.000000e+00
-63.2641946698 0.000000e+00
-62.9745075319 0.000000e+00
-62.684820394 0.000000e+00
-62.3951332561 0.000000e+00
-62.1054461182 0.000000e+00
-61.8157589803 0.000000e+00
-61.5260718424 0.000000e+00
-61.2363847045 0.000000e+00
-60.9466975666 0.000000e+00
-60.6570104287 0.000000e+00
-60.3673232908 0.000000e+00
-60.077636153 0.000000e+00
-59.7879490151 0.000000e+00
-59.4982618772 0.000000e+00
-59.2085747393 0.000000e+00
-58.9188876014 0.000000e+00
-58.6292004635 0.000000e+00
-58.3395133256 0.000000e+00
-58.0498261877 0.000000e+00
-57.7601390498 0.000000e+00
-57.4704519119 0.000000e+00
-57.180764774 0.000000e+00
-56.8910776362 0.000000e+00
-56.6013904983 0.000000e+00
-56.3117033604 0.000000e+00
-56.0220162225 0.000000e+00
-55.7323290846 0.000000e+00
-55.4426419467 0.000000e+00
-55.1529548088 0.000000e+00
-54.8632676709 0.000000e+00
-54.573580533 0.000000e+00
-54.2838933951 0.000000e+00
-53.9942062572 0.000000e+00
-53.7045191194 0.000000e+00
-53.4148319815 0.000000e+00
-53.1251448436 0.000000e+00
-52.8354577057 0.000000e+00
-52.5457705678 0.000000e+00
-52.2560834299 0.000000e+00
-51.966396292 0.000000e+00
-51.6767091541 0.000000e+00
-51.3870220162 0.000000e+00
-51.0973348783 0.000000e+00
-50.8076477404 0.000000e+00
-50.5179606025 0.000000e+00
-50.2282734647 0.000000e+00
-49.9385863268 0.000000e+00
-49.6488991889 0.000000e+00
-49.359212051 0.000000e+00
-49.0695249131 0.000000e+00
-48.7798377752 0.000000e+00
-48.4901506373 0.000000e+00
-48.2004634994 0.000000e+00
-47.9107763615 0.000000e+00
-47.6210892236 0.000000e+00
-47.3314020857 0.000000e+00
-47.0417149479 0.000000e+00
-46.75202781 0.000000e+00
-46.4623406721 0.000000e+00
-46.1726535342 0.000000e+00
-45.8829663963 0.000000e+00
-45.5932792584 0.000000e+00
-45.3035921205 0.000000e+00
-45.0139049826 0.000000e+00
-44.7242178447 0.000000e+00
-44.4345307068 0.000000e+00
-44.1448435689 0.000000e+00
-43.8551564311 0.000000e+00
-43.5654692932 0.000000e+00
-43.2757821553 0.000000e+00
-42.9860950174 0.000000e+00
-42.6964078795 0.000000e+00
-42.4067207416 0.000000e+00
-42.1170336037 0.000000e+00
-41.8273464658 0.000000e+00
-41.5376593279 0.000000e+00
-41.24797219 0.000000e+00
-40.9582850521 0.000000e+00
-40.6685979143 0.000000e+00
-40.3789107764 0.000000e+00
-40.0892236385 0.000000e+00
-39.7995365006 0.000000e+00
-39.5098493627 0.000000e+00
-39.2201622248 0.000000e+00
-38.9304750869 0.000000e+00
-38.640787949 0.000000e+00
-38.3511008111 0.000000e+00
-38.0614136732 0.000000e+00
-37.7717265353 0.000000e+00
-37.4820393975 0.000000e+00
-37.1923522596 0.000000e+00
-36.9026651217 0.000000e+00
-36.6129779838 0.000000e+00
-36.3232908459 0.000000e+00
-36.033603708 0.000000e+00
-35.7439165701 0.000000e+00
-35.4542294322 0.000000e+00
-35.1645422943 0.000000e+00
-34.8748551564 0.000000e+00
-34.5851680185 0.000000e+00
-34.2954808806 0.000000e+00
-34.0057937428 0.000000e+00
-33.7161066049 0.000000e+00
-33.426419467 0.000000e+00
-33.1367323291 0.000000e+00
-32.8470451912 0.000000e+00
-32.5573580533 0.000000e+00
-32.2676709154 0.000000e+00
-31.9779837775 0.000000e+00
-31.6882966396 0.000000e+00
-31.3986095017 0.000000e+00
-31.1089223638 0.000000e+00
-30.819235226 0.000000e+00
-30.5295480881 0.000000e+00
-30.2398609502 0.000000e+00
-29.9501738123 0.000000e+00
-29.6604866744 0.000000e+00
-29.3707995365 0.000000e+00
-29.0811123986 0.000000e+00
-28.7914252607 0.000000e+00
-28.5017381228 0.000000e+00
-28.2120509849 0.000000e+00
-27.922363847 0.000000e+00
-27.6326767092 0.000000e+00
-27.3429895713 0.000000e+00
-27.0533024334 0.000000e+00
-26.7636152955 0.000000e+00
-26.4739281576 0.000000e+00
-26.1842410197 0.000000e+00
-25.8945538818 0.000000e+00
-25.6048667439 0.000000e+00
-25.315179606 0.000000e+00
-25.0254924681 0.000000e+00
-24.7358053302 0.000000e+00
-24.4461181924 0.000000e+00
-24.1564310545 0.000000e+00
-23.8667439166 0.000000e+00
-23.5770567787 0.000000e+00
-23.2873696408 0.000000e+00
-22.9976825029 0.000000e+00
-22.707995365 0.000000e+00
-22.4183082271 0.000000e+00
-22.1286210892 0.000000e+00
-21.8389339513 0.000000e+00
-21.5492468134 0.000000e+00
-21.2595596756 0.000000e+00
-20.9698725377 0.000000e+00
-20.6801853998 0.000000e+00
-20.3904982619 0.000000e+00
-20.100811124 0.000000e+00
-19.8111239861 0.000000e+00
-19.5214368482 0.000000e+00
-19.2317497103 0.000000e+00
-18.9420625724 0.000000e+00
-18.6523754345 0.000000e+00
-18.3626882966 0.000000e+00
-18.0730011587 0.000000e+00
-17.7833140209 0.000000e+00
-17.493626883 0.000000e+00
-17.2039397451 0.000000e+00
-16.9142526072 0.000000e+00
-16.6245654693 0.000000e+00
-16.3348783314 0.000000e+00
-16.0451911935 0.000000e+00
-15.7555040556 0.000000e+00
-15.4658169177 0.000000e+00
-15.1761297798 0.000000e+00
-14.8864426419 0.000000e+00
-14.5967555041 0.000000e+00
-14.3070683662 0.000000e+00
-14.0173812283 0.000000e+00
-13.7276940904 0.000000e+00
-13.4380069525 0.000000e+00
-13.1483198146 0.000000e+00
-12.8586326767 0.000000e+00
-12.5689455388 0.000000e+00
-12.2792584009 0.000000e+00
-11.989571263 0.000000e+00
-11.6998841251 0.000000e+00
-11.4101969873 0.000000e+00
-11.1205098494 0.000000e+00
-10.8308227115 0.000000e+00
-10.5411355736 0.000000e+00
-10.2514484357 0.000000e+00
-9.9617612978 0.000000e+00
-9.67207415991 0.000000e+00
-9.38238702202 0.000000e+00
-9.09269988413 0.000000e+00
-8.80301274623 0.000000e+00
-8.51332560834 0.000000e+00
-8.22363847045 0.000000e+00
-7.93395133256 0.000000e+00
-7.64426419467 0.000000e+00
-7.35457705678 0.000000e+00
-7.06488991889 0.000000e+00
-6.775202781 0.000000e+00
-6.48551564311 0.000000e+00
-6.19582850521 0.000000e+00
-5.90614136732 0.000000e+00
-5.61645422943 0.000000e+00
-5.32676709154 0.000000e+00
-5.03707995365 0.000000e+00
-4.74739281576 0.000000e+00
-4.45770567787 0.000000e+00
-4.16801853998 0.000000e+00
-3.87833140209 0.000000e+00
-3.58864426419 0.000000e+00
-3.2989571263 0.000000e+00
-3.00926998841 0.000000e+00
-2.71958285052 0.000000e+00
-2.42989571263 0.000000e+00
-2.14020857474 0.000000e+00
-1.85052143685 0.000000e+00
-1.56083429896 1.129185e-01
-1.27114716107 2.492135e-01
-0.981460023175 2.804617e-01
-0.691772885284 2.877833e-01
-0.402085747393 3.427576e-01
-0.112398609502 3.790120e-01
0.177288528389 3.631501e-01
0.46697566628 4.050697e-01
0.756662804171 4.347272e-01
1.04634994206 4.473333e-01
1.33603707995 4.009093e-01
1.62572421784 3.798094e-01
1.91541135574 4.146730e-01
2.20509849363 3.815526e-01
2.49478563152 3.866832e-01
2.78447276941 3.230974e-01
3.0741599073 3.093329e-01
3.36384704519 3.061481e-01
3.65353418308 3.525974e-01
3.94322132097 2.992236e-01
4.23290845886 1.997709e-01
4.52259559676 1.350416e-01
4.81228273465 1.257645e-01
5.10196987254 2.251115e-01
5.39165701043 2.931261e-01
5.68134414832 2.742448e-01
5.97103128621 2.469483e-01
6.2607184241 3.709208e-01
6.55040556199 3.837865e-01
6.84009269988 3.784867e-01
7.12977983778 5.904651e-01
7.41946697567 8.391143e-01
7.70915411356 7.557144e-01
7.99884125145 1.000000e+00
8.28852838934 5.307897e-01
8.57821552723 3.199726e-01
8.86790266512 3.310301e-01
9.15758980301 2.736247e-01
9.4472769409 2.631092e-01
9.73696407879 2.476530e-01
10.0266512167 1.113758e-01
10.3163383546 1.457727e-01
10.6060254925 1.140699e-01
10.8957126304 1.474153e-01
11.1853997683 1.012241e-01
11.4750869061 0.000000e+00
11.764774044 0.000000e+00
12.0544611819 0.000000e+00
12.3441483198 0.000000e+00
12.6338354577 0.000000e+00
12.9235225956 0.000000e+00
13.2132097335 0.000000e+00
13.5028968714 0.000000e+00
13.7925840093 0.000000e+00
14.0822711472 7.321079e-02
14.3719582851 1.309969e-01
14.6616454229 1.286125e-01
14.9513325608 1.682389e-01
15.2410196987 1.415434e-01
15.5307068366 7.948434e-02
15.8203939745 2.255627e-01
16.1100811124 1.887845e-01
16.3997682503 1.825517e-01
16.6894553882 1.421328e-01
16.9791425261 1.690485e-01
17.268829664 9.060479e-02
17.5585168019 0.000000e+00
17.8482039397 9.060209e-02
18.1378910776 1.161640e-01
18.4275782155 0.000000e+00
18.7172653534 0.000000e+00
19.0069524913 0.000000e+00
19.2966396292 7.449183e-02
19.5863267671 0.000000e+00
19.876013905 0.000000e+00
20.1657010429 0.000000e+00
20.4553881808 0.000000e+00
20.7450753187 0.000000e+00
21.0347624565 0.000000e+00
21.3244495944 0.000000e+00
21.6141367323 0.000000e+00
21.9038238702 0.000000e+00
22.1935110081 0.000000e+00
22.483198146 0.000000e+00
22.7728852839 0.000000e+00
23.0625724218 0.000000e+00
23.3522595597 0.000000e+00
23.6419466976 0.000000e+00
23.9316338355 0.000000e+00
24.2213209733 0.000000e+00
24.5110081112 0.000000e+00
24.8006952491 0.000000e+00
25.090382387 0.000000e+00
25.3800695249 0.000000e+00
25.6697566628 0.000000e+00
25.9594438007 0.000000e+00
26.2491309386 0.000000e+00
26.5388180765 0.000000e+00
26.8285052144 0.000000e+00
27.1181923523 0.000000e+00
27.4078794902 0.000000e+00
27.697566628 0.000000e+00
27.9872537659 0.000000e+00
28.2769409038 0.000000e+00
28.5666280417 0.000000e+00
28.8563151796 0.000000e+00
29.1460023175 0.000000e+00
29.4356894554 0.000000e+00
29.7253765933 0.000000e+00
30.0150637312 0.000000e+00
30.3047508691 0.000000e+00
30.594438007 0.000000e+00
30.8841251448 0.000000e+00
31.1738122827 0.000000e+00
31.4634994206 0.000000e+00
31.7531865585 7.016573e-02
32.0428736964 0.000000e+00
32.3325608343 0.000000e+00
32.6222479722 0.000000e+00
32.9119351101 0.000000e+00
33.201622248 0.000000e+00
33.4913093859 0.000000e+00
33.7809965238 0.000000e+00
34.0706836616 0.000000e+00
34.3603707995 0.000000e+00
34.6500579374 0.000000e+00
34.9397450753 0.000000e+00
35.2294322132 0.000000e+00
35.5191193511 0.000000e+00
35.808806489 0.000000e+00
36.0984936269 0.000000e+00
36.3881807648 0.000000e+00
36.6778679027 0.000000e+00
36.9675550406 0.000000e+00
37.2572421784 0.000000e+00
37.5469293163 0.000000e+00
37.8366164542 0.000000e+00
38.1263035921 0.000000e+00
38.41599073 0.000000e+00
38.7056778679 0.000000e+00
38.9953650058 0.000000e+00
39.2850521437 0.000000e+00
39.5747392816 0.000000e+00
39.8644264195 0.000000e+00
40.1541135574 0.000000e+00
40.4438006952 0.000000e+00
40.7334878331 0.000000e+00
41.023174971 0.000000e+00
41.3128621089 0.000000e+00
41.6025492468 0.000000e+00
41.8922363847 0.000000e+00
42.1819235226 0.000000e+00
42.4716106605 0.000000e+00
42.7612977984 0.000000e+00
43.0509849363 0.000000e+00
43.3406720742 0.000000e+00
43.6303592121 0.000000e+00
43.9200463499 0.000000e+00
44.2097334878 0.000000e+00
44.4994206257 0.000000e+00
44.7891077636 0.000000e+00
45.0787949015 0.000000e+00
45.3684820394 0.000000e+00
45.6581691773 0.000000e+00
45.9478563152 0.000000e+00
46.2375434531 0.000000e+00
46.527230591 0.000000e+00
46.8169177289 0.000000e+00
47.1066048667 0.000000e+00
47.3962920046 0.000000e+00
47.6859791425 0.000000e+00
47.9756662804 0.000000e+00
48.2653534183 0.000000e+00
48.5550405562 0.000000e+00
48.8447276941 0.000000e+00
49.134414832 0.000000e+00
49.4241019699 0.000000e+00
49.7137891078 0.000000e+00
50.0034762457 0.000000e+00
50.2931633835 0.000000e+00
50.5828505214 0.000000e+00
50.8725376593 0.000000e+00
51.1622247972 0.000000e+00
51.4519119351 0.000000e+00
51.741599073 0.000000e+00
52.0312862109 0.000000e+00
52.3209733488 0.000000e+00
52.6106604867 0.000000e+00
52.9003476246 0.000000e+00
53.1900347625 0.000000e+00
53.4797219003 0.000000e+00
53.7694090382 0.000000e+00
54.0590961761 0.000000e+00
54.348783314 0.000000e+00
54.6384704519 0.000000e+00
54.9281575898 0.000000e+00
55.2178447277 0.000000e+00
55.5075318656 0.000000e+00
55.7972190035 0.000000e+00
56.0869061414 0.000000e+00
56.3765932793 0.000000e+00
56.6662804171 0.000000e+00
56.955967555 0.000000e+00
57.2456546929 0.000000e+00
57.5353418308 0.000000e+00
57.8250289687 0.000000e+00
58.1147161066 0.000000e+00
58.4044032445 0.000000e+00
58.6940903824 0.000000e+00
58.9837775203 0.000000e+00
59.2734646582 0.000000e+00
59.5631517961 0.000000e+00
59.852838934 0.000000e+00
60.1425260718 0.000000e+00
60.4322132097 0.000000e+00
60.7219003476 0.000000e+00
61.0115874855 0.000000e+00
61.3012746234 0.000000e+00
61.5909617613 0.000000e+00
61.8806488992 0.000000e+00
62.1703360371 0.000000e+00
62.460023175 0.000000e+00
62.7497103129 0.000000e+00
63.0393974508 0.000000e+00
63.3290845886 0.000000e+00
63.6187717265 0.000000e+00
63.9084588644 0.000000e+00
64.1981460023 0.000000e+00
64.4878331402 0.000000e+00
64.7775202781 0.000000e+00
65.067207416 0.000000e+00
65.3568945539 0.000000e+00
65.6465816918 0.000000e+00
65.9362688297 0.000000e+00
66.2259559676 0.000000e+00
66.5156431054 0.000000e+00
66.8053302433 0.000000e+00
67.0950173812 0.000000e+00
67.3847045191 0.000000e+00
67.674391657 0.000000e+00
67.9640787949 0.000000e+00
68.2537659328 0.000000e+00
68.5434530707 0.000000e+00
68.8331402086 0.000000e+00
69.1228273465 0.000000e+00
69.4125144844 0.000000e+00
69.7022016222 0.000000e+00
69.9918887601 0.000000e+00
70.281575898 0.000000e+00
70.5712630359 0.000000e+00
70.8609501738 0.000000e+00
71.1506373117 0.000000e+00
71.4403244496 0.000000e+00
71.7300115875 0.000000e+00
72.0196987254 0.000000e+00
72.3093858633 0.000000e+00
72.5990730012 0.000000e+00
72.888760139 0.000000e+00
73.1784472769 0.000000e+00
73.4681344148 0.000000e+00
73.7578215527 0.000000e+00
74.0475086906 0.000000e+00
74.3371958285 0.000000e+00
74.6268829664 0.000000e+00
74.9165701043 0.000000e+00
75.2062572422 0.000000e+00
75.4959443801 0.000000e+00
75.785631518 0.000000e+00
76.0753186559 0.000000e+00
76.3650057937 0.000000e+00
76.6546929316 0.000000e+00
76.9443800695 0.000000e+00
77.2340672074 0.000000e+00
77.5237543453 0.000000e+00
77.8134414832 0.000000e+00
78.1031286211 0.000000e+00
78.392815759 0.000000e+00
78.6825028969 0.000000e+00
78.9721900348 0.000000e+00
79.2618771727 0.000000e+00
79.5515643105 0.000000e+00
79.8412514484 0.000000e+00
80.1309385863 0.000000e+00
80.4206257242 0.000000e+00
80.7103128621 0.000000e+00
81.0 0.000000e+00
81.2896871379 0.000000e+00
81.5793742758 0.000000e+00
81.8690614137 0.000000e+00
82.1587485516 0.000000e+00
82.4484356895 0.000000e+00
82.7381228273 0.000000e+00
83.0278099652 0.000000e+00
83.3174971031 0.000000e+00
83.607184241 0.000000e+00
83.8968713789 0.000000e+00
84.1865585168 0.000000e+00
84.4762456547 0.000000e+00
84.7659327926 0.000000e+00
85.0556199305 0.000000e+00
85.3453070684 0.000000e+00
85.6349942063 0.000000e+00
85.9246813441 0.000000e+00
86.214368482 0.000000e+00
86.5040556199 0.000000e+00
86.7937427578 0.000000e+00
87.0834298957 0.000000e+00
87.3731170336 0.000000e+00
87.6628041715 0.000000e+00
87.9524913094 0.000000e+00
88.2421784473 0.000000e+00
88.5318655852 0.000000e+00
88.8215527231 0.000000e+00
89.111239861 0.000000e+00
89.4009269988 0.000000e+00
89.6906141367 0.000000e+00
89.9803012746 0.000000e+00
90.2699884125 0.000000e+00
90.5596755504 0.000000e+00
90.8493626883 0.000000e+00
91.1390498262 0.000000e+00
91.4287369641 0.000000e+00
91.718424102 0.000000e+00
92.0081112399 0.000000e+00
92.2977983778 0.000000e+00
92.5874855156 0.000000e+00
92.8771726535 0.000000e+00
93.1668597914 0.000000e+00
93.4565469293 0.000000e+00
93.7462340672 0.000000e+00
94.0359212051 0.000000e+00
94.325608343 0.000000e+00
94.6152954809 0.000000e+00
94.9049826188 0.000000e+00
95.1946697567 0.000000e+00
95.4843568946 0.000000e+00
95.7740440324 0.000000e+00
96.0637311703 0.000000e+00
96.3534183082 0.000000e+00
96.6431054461 0.000000e+00
96.932792584 0.000000e+00
97.2224797219 0.000000e+00
97.5121668598 0.000000e+00
97.8018539977 0.000000e+00
98.0915411356 0.000000e+00
98.3812282735 0.000000e+00
98.6709154114 0.000000e+00
98.9606025492 0.000000e+00
99.2502896871 0.000000e+00
99.539976825 0.000000e+00
99.8296639629 0.000000e+00
100.119351101 0.000000e+00
100.409038239 0.000000e+00
100.698725377 0.000000e+00
100.988412514 0.000000e+00
101.278099652 0.000000e+00
101.56778679 0.000000e+00
101.857473928 0.000000e+00
102.147161066 0.000000e+00
102.436848204 0.000000e+00
102.726535342 0.000000e+00
103.01622248 0.000000e+00
103.305909618 0.000000e+00
103.595596756 0.000000e+00
103.885283893 0.000000e+00
104.174971031 0.000000e+00
104.464658169 0.000000e+00
104.754345307 0.000000e+00
105.044032445 0.000000e+00
105.333719583 0.000000e+00
105.623406721 0.000000e+00
105.913093859 0.000000e+00
106.202780997 0.000000e+00
106.492468134 0.000000e+00
106.782155272 0.000000e+00
107.07184241 0.000000e+00
107.361529548 0.000000e+00
107.651216686 0.000000e+00
107.940903824 0.000000e+00
108.230590962 0.000000e+00
108.5202781 0.000000e+00
108.809965238 0.000000e+00
109.099652375 0.000000e+00
109.389339513 0.000000e+00
109.679026651 0.000000e+00
109.968713789 0.000000e+00
110.258400927 0.000000e+00
110.548088065 0.000000e+00
110.837775203 0.000000e+00
111.127462341 0.000000e+00
111.417149479 0.000000e+00
111.706836616 0.000000e+00
111.996523754 0.000000e+00
112.286210892 0.000000e+00
112.57589803 0.000000e+00
112.865585168 0.000000e+00
113.155272306 0.000000e+00
113.444959444 0.000000e+00
113.734646582 0.000000e+00
114.02433372 0.000000e+00
114.314020857 0.000000e+00
114.603707995 0.000000e+00
114.893395133 0.000000e+00
115.183082271 0.000000e+00
115.472769409 0.000000e+00
115.762456547 0.000000e+00
116.052143685 0.000000e+00
116.341830823 0.000000e+00
116.631517961 0.000000e+00
116.921205098 0.000000e+00
117.210892236 0.000000e+00
117.500579374 0.000000e+00
117.790266512 0.000000e+00
118.07995365 0.000000e+00
118.369640788 0.000000e+00
118.659327926 0.000000e+00
118.949015064 0.000000e+00
119.238702202 0.000000e+00
119.52838934 0.000000e+00
119.818076477 0.000000e+00
120.107763615 0.000000e+00
120.397450753 0.000000e+00
120.687137891 0.000000e+00
120.976825029 0.000000e+00
121.266512167 0.000000e+00
121.556199305 0.000000e+00
121.845886443 0.000000e+00
122.135573581 0.000000e+00
122.425260718 0.000000e+00
122.714947856 0.000000e+00
123.004634994 0.000000e+00
123.294322132 0.000000e+00
123.58400927 0.000000e+00
123.873696408 0.000000e+00
124.163383546 0.000000e+00
124.453070684 0.000000e+00
124.742757822 0.000000e+00
125.032444959 0.000000e+00
125.322132097 0.000000e+00
125.611819235 0.000000e+00
125.901506373 0.000000e+00
126.191193511 0.000000e+00
126.480880649 0.000000e+00
126.770567787 0.000000e+00
127.060254925 0.000000e+00
127.349942063 0.000000e+00
127.6396292 0.000000e+00
127.929316338 0.000000e+00
128.219003476 0.000000e+00
128.508690614 0.000000e+00
128.798377752 0.000000e+00
129.08806489 0.000000e+00
129.377752028 0.000000e+00
129.667439166 0.000000e+00
129.957126304 0.000000e+00
130.246813441 0.000000e+00
130.536500579 0.000000e+00
130.826187717 0.000000e+00
131.115874855 0.000000e+00
131.405561993 0.000000e+00
131.695249131 0.000000e+00
131.984936269 0.000000e+00
132.274623407 0.000000e+00
132.564310545 0.000000e+00
132.853997683 0.000000e+00
133.14368482 0.000000e+00
133.433371958 0.000000e+00
133.723059096 0.000000e+00
134.012746234 0.000000e+00
134.302433372 0.000000e+00
134.59212051 0.000000e+00
134.881807648 0.000000e+00
135.171494786 0.000000e+00
135.461181924 0.000000e+00
135.750869061 0.000000e+00
136.040556199 0.000000e+00
136.330243337 0.000000e+00
136.619930475 0.000000e+00
136.909617613 0.000000e+00
137.199304751 0.000000e+00
137.488991889 0.000000e+00
137.778679027 0.000000e+00
138.068366165 0.000000e+00
138.358053302 0.000000e+00
138.64774044 0.000000e+00
138.937427578 0.000000e+00
139.227114716 0.000000e+00
139.516801854 0.000000e+00
139.806488992 0.000000e+00
140.09617613 0.000000e+00
140.385863268 0.000000e+00
140.675550406 0.000000e+00
140.965237543 0.000000e+00
141.254924681 0.000000e+00
141.544611819 0.000000e+00
141.834298957 0.000000e+00
142.123986095 0.000000e+00
142.413673233 0.000000e+00
142.703360371 0.000000e+00
142.993047509 0.000000e+00
143.282734647 0.000000e+00
143.572421784 0.000000e+00
143.862108922 0.000000e+00
144.15179606 0.000000e+00
144.441483198 0.000000e+00
144.731170336 0.000000e+00
145.020857474 0.000000e+00
145.310544612 0.000000e+00
145.60023175 0.000000e+00
145.889918888 0.000000e+00
146.179606025 0.000000e+00
146.469293163 0.000000e+00
146.758980301 0.000000e+00
147.048667439 0.000000e+00
147.338354577 0.000000e+00
147.628041715 0.000000e+00
147.917728853 0.000000e+00
148.207415991 0.000000e+00
148.497103129 0.000000e+00
148.786790267 0.000000e+00
149.076477404 0.000000e+00
149.366164542 0.000000e+00
149.65585168 0.000000e+00
149.945538818 0.000000e+00
150.235225956 0.000000e+00
150.524913094 0.000000e+00
150.814600232 0.000000e+00
151.10428737 0.000000e+00
151.393974508 0.000000e+00
151.683661645 0.000000e+00
151.973348783 0.000000e+00
152.263035921 0.000000e+00
152.552723059 0.000000e+00
152.842410197 0.000000e+00
153.132097335 0.000000e+00
153.421784473 0.000000e+00
153.711471611 0.000000e+00
154.001158749 0.000000e+00
154.290845886 0.000000e+00
154.580533024 0.000000e+00
154.870220162 0.000000e+00
155.1599073 0.000000e+00
155.449594438 0.000000e+00
155.739281576 0.000000e+00
156.028968714 0.000000e+00
156.318655852 0.000000e+00
156.60834299 0.000000e+00
156.898030127 0.000000e+00
157.187717265 0.000000e+00
157.477404403 0.000000e+00
157.767091541 0.000000e+00
158.056778679 0.000000e+00
158.346465817 0.000000e+00
158.636152955 0.000000e+00
158.925840093 0.000000e+00
159.215527231 0.000000e+00
159.505214368 0.000000e+00
159.794901506 0.000000e+00
160.084588644 0.000000e+00
160.374275782 0.000000e+00
160.66396292 0.000000e+00
160.953650058 0.000000e+00
161.243337196 0.000000e+00
161.533024334 0.000000e+00
161.822711472 0.000000e+00
162.11239861 0.000000e+00
162.402085747 0.000000e+00
162.691772885 0.000000e+00
162.981460023 0.000000e+00
163.271147161 0.000000e+00
163.560834299 0.000000e+00
163.850521437 0.000000e+00
164.140208575 0.000000e+00
164.429895713 0.000000e+00
164.719582851 0.000000e+00
165.009269988 0.000000e+00
165.298957126 0.000000e+00
165.588644264 0.000000e+00
165.878331402 0.000000e+00
166.16801854 0.000000e+00
166.457705678 0.000000e+00
166.747392816 0.000000e+00
167.037079954 0.000000e+00
167.326767092 0.000000e+00
167.616454229 0.000000e+00
167.906141367 0.000000e+00
168.195828505 0.000000e+00
168.485515643 0.000000e+00
168.775202781 0.000000e+00
169.064889919 0.000000e+00
169.354577057 0.000000e+00
169.644264195 0.000000e+00
169.933951333 0.000000e+00
170.22363847 0.000000e+00
170.513325608 0.000000e+00
170.803012746 0.000000e+00
171.092699884 0.000000e+00
171.382387022 0.000000e+00
171.67207416 0.000000e+00
171.961761298 0.000000e+00
172.251448436 0.000000e+00
172.541135574 0.000000e+00
172.830822711 0.000000e+00
173.120509849 0.000000e+00
173.410196987 0.000000e+00
173.699884125 0.000000e+00
173.989571263 0.000000e+00
174.279258401 0.000000e+00
174.568945539 0.000000e+00
174.858632677 0.000000e+00
175.148319815 0.000000e+00
175.438006952 0.000000e+00
175.72769409 0.000000e+00
176.017381228 0.000000e+00
176.307068366 0.000000e+00
176.596755504 0.000000e+00
176.886442642 0.000000e+00
177.17612978 0.000000e+00
177.465816918 0.000000e+00
177.755504056 0.000000e+00
178.045191194 0.000000e+00
178.334878331 0.000000e+00
178.624565469 0.000000e+00
178.914252607 0.000000e+00
179.203939745 0.000000e+00
179.493626883 0.000000e+00
179.783314021 0.000000e+00
180.073001159 0.000000e+00
180.362688297 0.000000e+00
180.652375435 0.000000e+00
180.942062572 0.000000e+00
181.23174971 0.000000e+00
181.521436848 0.000000e+00
181.811123986 0.000000e+00
182.100811124 0.000000e+00
182.390498262 0.000000e+00
182.6801854 0.000000e+00
182.969872538 0.000000e+00
183.259559676 0.000000e+00
183.549246813 0.000000e+00
183.838933951 0.000000e+00
184.128621089 0.000000e+00
184.418308227 0.000000e+00
184.707995365 0.000000e+00
184.997682503 0.000000e+00
185.287369641 0.000000e+00
185.577056779 0.000000e+00
185.866743917 0.000000e+00
186.156431054 0.000000e+00
186.446118192 0.000000e+00
186.73580533 0.000000e+00
187.025492468 0.000000e+00
187.315179606 0.000000e+00
187.604866744 0.000000e+00
187.894553882 0.000000e+00
188.18424102 0.000000e+00
188.473928158 0.000000e+00
188.763615295 0.000000e+00
189.053302433 0.000000e+00
189.342989571 0.000000e+00
189.632676709 0.000000e+00
189.922363847 0.000000e+00
190.212050985 0.000000e+00
190.501738123 0.000000e+00
190.791425261 0.000000e+00
191.081112399 0.000000e+00
191.370799537 0.000000e+00
191.660486674 0.000000e+00
191.950173812 0.000000e+00
192.23986095 0.000000e+00
192.529548088 0.000000e+00
192.819235226 0.000000e+00
193.108922364 0.000000e+00
193.398609502 0.000000e+00
193.68829664 0.000000e+00
193.977983778 0.000000e+00
194.267670915 0.000000e+00
194.557358053 0.000000e+00
194.847045191 0.000000e+00
195.136732329 0.000000e+00
195.426419467 0.000000e+00
195.716106605 0.000000e+00
196.005793743 0.000000e+00
196.295480881 0.000000e+00
196.585168019 0.000000e+00
196.874855156 0.000000e+00
197.164542294 0.000000e+00
197.454229432 0.000000e+00
197.74391657 0.000000e+00
198.033603708 0.000000e+00
198.323290846 0.000000e+00
198.612977984 0.000000e+00
198.902665122 0.000000e+00
199.19235226 0.000000e+00
199.482039397 0.000000e+00
199.771726535 0.000000e+00
200.061413673 0.000000e+00
200.351100811 0.000000e+00
200.640787949 0.000000e+00
200.930475087 0.000000e+00
201.220162225 0.000000e+00
201.509849363 0.000000e+00
201.799536501 0.000000e+00
202.089223638 0.000000e+00
202.378910776 0.000000e+00
202.668597914 0.000000e+00
202.958285052 0.000000e+00
203.24797219 0.000000e+00
203.537659328 0.000000e+00
203.827346466 0.000000e+00
204.117033604 0.000000e+00
204.406720742 0.000000e+00
204.696407879 0.000000e+00
204.986095017 0.000000e+00
205.275782155 0.000000e+00
205.565469293 0.000000e+00
205.855156431 0.000000e+00
206.144843569 0.000000e+00
206.434530707 0.000000e+00
206.724217845 0.000000e+00
207.013904983 0.000000e+00
207.303592121 0.000000e+00
207.593279258 0.000000e+00
207.882966396 0.000000e+00
208.172653534 0.000000e+00
208.462340672 0.000000e+00
208.75202781 0.000000e+00
209.041714948 0.000000e+00
209.331402086 0.000000e+00
209.621089224 0.000000e+00
209.910776362 0.000000e+00
210.200463499 0.000000e+00
210.490150637 0.000000e+00
210.779837775 0.000000e+00
211.069524913 0.000000e+00
211.359212051 0.000000e+00
211.648899189 0.000000e+00
211.938586327 0.000000e+00
212.228273465 0.000000e+00
212.517960603 0.000000e+00
212.80764774 0.000000e+00
213.097334878 0.000000e+00
213.387022016 0.000000e+00
213.676709154 0.000000e+00
213.966396292 0.000000e+00
214.25608343 0.000000e+00
214.545770568 0.000000e+00
214.835457706 0.000000e+00
215.125144844 0.000000e+00
215.414831981 0.000000e+00
215.704519119 0.000000e+00
215.994206257 0.000000e+00
216.283893395 0.000000e+00
216.573580533 0.000000e+00
216.863267671 0.000000e+00
217.152954809 0.000000e+00
217.442641947 0.000000e+00
217.732329085 0.000000e+00
218.022016222 0.000000e+00
218.31170336 0.000000e+00
218.601390498 0.000000e+00
218.891077636 0.000000e+00
219.180764774 0.000000e+00
219.470451912 0.000000e+00
219.76013905 0.000000e+00
220.049826188 0.000000e+00
220.339513326 0.000000e+00
220.629200463 0.000000e+00
220.918887601 0.000000e+00
221.208574739 0.000000e+00
221.498261877 0.000000e+00
221.787949015 0.000000e+00
222.077636153 0.000000e+00
222.367323291 0.000000e+00
222.657010429 0.000000e+00
222.946697567 0.000000e+00
223.236384705 0.000000e+00
223.526071842 0.000000e+00
223.81575898 0.000000e+00
224.105446118 0.000000e+00
224.395133256 0.000000e+00
224.684820394 0.000000e+00
224.974507532 0.000000e+00
225.26419467 0.000000e+00
225.553881808 0.000000e+00
225.843568946 0.000000e+00
226.133256083 0.000000e+00
226.422943221 0.000000e+00
226.712630359 0.000000e+00
227.002317497 0.000000e+00
227.292004635 0.000000e+00
227.581691773 0.000000e+00
227.871378911 0.000000e+00
228.161066049 0.000000e+00
228.450753187 0.000000e+00
228.740440324 0.000000e+00
229.030127462 0.000000e+00
229.3198146 0.000000e+00
229.609501738 0.000000e+00
229.899188876 0.000000e+00
230.188876014 0.000000e+00
230.478563152 0.000000e+00
230.76825029 0.000000e+00
231.057937428 0.000000e+00
231.347624565 0.000000e+00
231.637311703 0.000000e+00
231.926998841 0.000000e+00
232.216685979 0.000000e+00
232.506373117 0.000000e+00
232.796060255 0.000000e+00
233.085747393 0.000000e+00
233.375434531 0.000000e+00
233.665121669 0.000000e+00
233.954808806 0.000000e+00
234.244495944 0.000000e+00
234.534183082 0.000000e+00
234.82387022 0.000000e+00
235.113557358 0.000000e+00
235.403244496 0.000000e+00
235.692931634 0.000000e+00
235.982618772 0.000000e+00
236.27230591 0.000000e+00
236.561993048 0.000000e+00
236.851680185 0.000000e+00
237.141367323 0.000000e+00
237.431054461 0.000000e+00
237.720741599 0.000000e+00
238.010428737 0.000000e+00
238.300115875 0.000000e+00
238.589803013 0.000000e+00
238.879490151 0.000000e+00
239.169177289 0.000000e+00
239.458864426 0.000000e+00
239.748551564 0.000000e+00
240.038238702 0.000000e+00
240.32792584 0.000000e+00
240.617612978 0.000000e+00
240.907300116 0.000000e+00
241.196987254 0.000000e+00
241.486674392 0.000000e+00
241.77636153 0.000000e+00
242.066048667 0.000000e+00
242.355735805 0.000000e+00
242.645422943 0.000000e+00
242.935110081 0.000000e+00
243.224797219 0.000000e+00
243.514484357 0.000000e+00
243.804171495 0.000000e+00
244.093858633 0.000000e+00
244.383545771 0.000000e+00
244.673232908 0.000000e+00
244.962920046 0.000000e+00
245.252607184 0.000000e+00
245.542294322 0.000000e+00
245.83198146 0.000000e+00
246.121668598 0.000000e+00
246.411355736 0.000000e+00
246.701042874 0.000000e+00
246.990730012 0.000000e+00
247.280417149 0.000000e+00
247.570104287 0.000000e+00
247.859791425 0.000000e+00
248.149478563 0.000000e+00
248.439165701 0.000000e+00
248.728852839 0.000000e+00
249.018539977 0.000000e+00
249.308227115 0.000000e+00
249.597914253 0.000000e+00
249.88760139 0.000000e+00
250.177288528 0.000000e+00
250.466975666 0.000000e+00
250.756662804 0.000000e+00
251.046349942 0.000000e+00
251.33603708 0.000000e+00
251.625724218 0.000000e+00
251.915411356 0.000000e+00
252.205098494 0.000000e+00
252.494785632 0.000000e+00
252.784472769 0.000000e+00
253.074159907 0.000000e+00
253.363847045 0.000000e+00
253.653534183 0.000000e+00
253.943221321 0.000000e+00
254.232908459 0.000000e+00
254.522595597 0.000000e+00
254.812282735 0.000000e+00
255.101969873 0.000000e+00
255.39165701 0.000000e+00
255.681344148 0.000000e+00
255.971031286 0.000000e+00
256.260718424 0.000000e+00
256.550405562 0.000000e+00
256.8400927 0.000000e+00
257.129779838 0.000000e+00
257.419466976 0.000000e+00
257.709154114 0.000000e+00
257.998841251 0.000000e+00
258.288528389 0.000000e+00
258.578215527 0.000000e+00
258.867902665 0.000000e+00
259.157589803 0.000000e+00
259.447276941 0.000000e+00
259.736964079 0.000000e+00
260.026651217 0.000000e+00
260.316338355 0.000000e+00
260.606025492 0.000000e+00
260.89571263 0.000000e+00
261.185399768 0.000000e+00
261.475086906 0.000000e+00
261.764774044 0.000000e+00
262.054461182 0.000000e+00
262.34414832 0.000000e+00
262.633835458 0.000000e+00
262.923522596 0.000000e+00
263.213209733 0.000000e+00
263.502896871 0.000000e+00
263.792584009 0.000000e+00
264.082271147 0.000000e+00
264.371958285 0.000000e+00
264.661645423 0.000000e+00
264.951332561 0.000000e+00
265.241019699 0.000000e+00
265.530706837 0.000000e+00
265.820393975 0.000000e+00
266.110081112 0.000000e+00
266.39976825 0.000000e+00
266.689455388 0.000000e+00
266.979142526 0.000000e+00
267.268829664 0.000000e+00
267.558516802 0.000000e+00
267.84820394 0.000000e+00
268.137891078 0.000000e+00
268.427578216 0.000000e+00
268.717265353 0.000000e+00
269.006952491 0.000000e+00
269.296639629 0.000000e+00
269.586326767 0.000000e+00
269.876013905 0.000000e+00
270.165701043 0.000000e+00
270.455388181 0.000000e+00
270.745075319 0.000000e+00
271.034762457 0.000000e+00
271.324449594 0.000000e+00
271.614136732 0.000000e+00
271.90382387 0.000000e+00
272.193511008 0.000000e+00
272.483198146 0.000000e+00
272.772885284 0.000000e+00
273.062572422 0.000000e+00
273.35225956 0.000000e+00
273.641946698 0.000000e+00
273.931633835 0.000000e+00
274.221320973 0.000000e+00
274.511008111 0.000000e+00
274.800695249 0.000000e+00
275.090382387 0.000000e+00
275.380069525 0.000000e+00
275.669756663 0.000000e+00
275.959443801 0.000000e+00
276.249130939 0.000000e+00
276.538818076 0.000000e+00
276.828505214 0.000000e+00
277.118192352 0.000000e+00
277.40787949 0.000000e+00
277.697566628 0.000000e+00
277.987253766 0.000000e+00
278.276940904 0.000000e+00
278.566628042 0.000000e+00
279.566628042 0.0
280.566628042 0.0
281.566628042 0.0
282.566628042 0.0
283.566628042 0.0
284.566628042 0.0
285.566628042 0.0
286.566628042 0.0
287.566628042 0.0
288.566628042 0.0
289.566628042 0.0
290.566628042 0.0
291.566628042 0.0
292.566628042 0.0
293.566628042 0.0
294.566628042 0.0
295.566628042 0.0
296.566628042 0.0
297.566628042 0.0
298.566628042 0.0
299.566628042 0.0
300.566628042 0.0
301.566628042 0.0
302.566628042 0.0
303.566628042 0.0
304.566628042 0.0
305.566628042 0.0
306.566628042 0.0
307.566628042 0.0
308.566628042 0.0
309.566628042 0.0
310.566628042 0.0
311.566628042 0.0
312.566628042 0.0
313.566628042 0.0
314.566628042 0.0
315.566628042 0.0
316.566628042 0.0
317.566628042 0.0
318.566628042 0.0
319.566628042 0.0
320.566628042 0.0
321.566628042 0.0
322.566628042 0.0
323.566628042 0.0
324.566628042 0.0
325.566628042 0.0
326.566628042 0.0
327.566628042 0.0
328.566628042 0.0
329.566628042 0.0
330.566628042 0.0
331.566628042 0.0
332.566628042 0.0
333.566628042 0.0
334.566628042 0.0
335.566628042 0.0
336.566628042 0.0
337.566628042 0.0
338.566628042 0.0
339.566628042 0.0
340.566628042 0.0
341.566628042 0.0
342.566628042 0.0
343.566628042 0.0
344.566628042 0.0
345.566628042 0.0
346.566628042 0.0
347.566628042 0.0
348.566628042 0.0
349.566628042 0.0
350.566628042 0.0
351.566628042 0.0
352.566628042 0.0
353.566628042 0.0
354.566628042 0.0
355.566628042 0.0
356.566628042 0.0
357.566628042 0.0
358.566628042 0.0
359.566628042 0.0
360.566628042 0.0
361.566628042 0.0
362.566628042 0.0
363.566628042 0.0
364.566628042 0.0
365.566628042 0.0
366.566628042 0.0
367.566628042 0.0
368.566628042 0.0
369.566628042 0.0
370.566628042 0.0
371.566628042 0.0
372.566628042 0.0
373.566628042 0.0
374.566628042 0.0
375.566628042 0.0
376.566628042 0.0
377.566628042 0.0
378.566628042 0.0
379.566628042 0.0
380.566628042 0.0
381.566628042 0.0
382.566628042 0.0
383.566628042 0.0
384.566628042 0.0
385.566628042 0.0
386.566628042 0.0
387.566628042 0.0
388.566628042 0.0
389.566628042 0.0
390.566628042 0.0
391.566628042 0.0
392.566628042 0.0
393.566628042 0.0
394.566628042 0.0
395.566628042 0.0
396.566628042 0.0
397.566628042 0.0
398.566628042 0.0
399.566628042 0.0
400.566628042 0.0
401.566628042 0.0
402.566628042 0.0
403.566628042 0.0
404.566628042 0.0
405.566628042 0.0
406.566628042 0.0
407.566628042 0.0
408.566628042 0.0
409.566628042 0.0
410.566628042 0.0
411.566628042 0.0
412.566628042 0.0
413.566628042 0.0
414.566628042 0.0
415.566628042 0.0
416.566628042 0.0
417.566628042 0.0
418.566628042 0.0
419.566628042 0.0
420.566628042 0.0
421.566628042 0.0
422.566628042 0.0
423.566628042 0.0
424.566628042 0.0
425.566628042 0.0
426.566628042 0.0
427.566628042 0.0
428.566628042 0.0
429.566628042 0.0
430.566628042 0.0
431.566628042 0.0
432.566628042 0.0
433.566628042 0.0
434.566628042 0.0
435.566628042 0.0
436.566628042 0.0
437.566628042 0.0
438.566628042 0.0
439.566628042 0.0
440.566628042 0.0
441.566628042 0.0
442.566628042 0.0
443.566628042 0.0
444.566628042 0.0
445.566628042 0.0
446.566628042 0.0
447.566628042 0.0
448.566628042 0.0
449.566628042 0.0
450.566628042 0.0
451.566628042 0.0
452.566628042 0.0
453.566628042 0.0
454.566628042 0.0
455.566628042 0.0
456.566628042 0.0
457.566628042 0.0
458.566628042 0.0
459.566628042 0.0
460.566628042 0.0
461.566628042 0.0
462.566628042 0.0
463.566628042 0.0
464.566628042 0.0
465.566628042 0.0
466.566628042 0.0
467.566628042 0.0
468.566628042 0.0
469.566628042 0.0
470.566628042 0.0
471.566628042 0.0
472.566628042 0.0
473.566628042 0.0
474.566628042 0.0
475.566628042 0.0
476.566628042 0.0
477.566628042 0.0
478.566628042 0.0
479.566628042 0.0
480.566628042 0.0
481.566628042 0.0
482.566628042 0.0
483.566628042 0.0
484.566628042 0.0
485.566628042 0.0
486.566628042 0.0
487.566628042 0.0
488.566628042 0.0
489.566628042 0.0
490.566628042 0.0
491.566628042 0.0
492.566628042 0.0
493.566628042 0.0
494.566628042 0.0
495.566628042 0.0
496.566628042 0.0
497.566628042 0.0
498.566628042 0.0
499.566628042 0.0
500.566628042 0.0
501.566628042 0.0
502.566628042 0.0
503.566628042 0.0
504.566628042 0.0
505.566628042 0.0
506.566628042 0.0
507.566628042 0.0
508.566628042 0.0
509.566628042 0.0
510.566628042 0.0
511.566628042 0.0
512.566628042 0.0
513.566628042 0.0
514.566628042 0.0
515.566628042 0.0
516.566628042 0.0
517.566628042 0.0
518.566628042 0.0
519.566628042 0.0
520.566628042 0.0
521.566628042 0.0
522.566628042 0.0
523.566628042 0.0
524.566628042 0.0
525.566628042 0.0
526.566628042 0.0
527.566628042 0.0
528.566628042 0.0
529.566628042 0.0
530.566628042 0.0
531.566628042 0.0
532.566628042 0.0
533.566628042 0.0
534.566628042 0.0
535.566628042 0.0
536.566628042 0.0
537.566628042 0.0
538.566628042 0.0
539.566628042 0.0
540.566628042 0.0
541.566628042 0.0
542.566628042 0.0
543.566628042 0.0
544.566628042 0.0
545.566628042 0.0
546.566628042 0.0
547.566628042 0.0
548.566628042 0.0
549.566628042 0.0
550.566628042 0.0
551.566628042 0.0
552.566628042 0.0
553.566628042 0.0
554.566628042 0.0
555.566628042 0.0
556.566628042 0.0
557.566628042 0.0
558.566628042 0.0
559.566628042 0.0
560.566628042 0.0
561.566628042 0.0
562.566628042 0.0
563.566628042 0.0
564.566628042 0.0
565.566628042 0.0
566.566628042 0.0
567.566628042 0.0
568.566628042 0.0
569.566628042 0.0
570.566628042 0.0
571.566628042 0.0
572.566628042 0.0
573.566628042 0.0
574.566628042 0.0
575.566628042 0.0
576.566628042 0.0
577.566628042 0.0
578.566628042 0.0
579.566628042 0.0
580.566628042 0.0
581.566628042 0.0
582.566628042 0.0
583.566628042 0.0
584.566628042 0.0
585.566628042 0.0
586.566628042 0.0
587.566628042 0.0
588.566628042 0.0
589.566628042 0.0
590.566628042 0.0
591.566628042 0.0
592.566628042 0.0
593.566628042 0.0
594.566628042 0.0
595.566628042 0.0
596.566628042 0.0
597.566628042 0.0
598.566628042 0.0
599.566628042 0.0
600.566628042 0.0
601.566628042 0.0
602.566628042 0.0
603.566628042 0.0
604.566628042 0.0
605.566628042 0.0
606.566628042 0.0
607.566628042 0.0
608.566628042 0.0
609.566628042 0.0
610.566628042 0.0
611.566628042 0.0
612.566628042 0.0
613.566628042 0.0
614.566628042 0.0
615.566628042 0.0
616.566628042 0.0
617.566628042 0.0
618.566628042 0.0
619.566628042 0.0
620.566628042 0.0
621.566628042 0.0
622.566628042 0.0
623.566628042 0.0
624.566628042 0.0
625.566628042 0.0
626.566628042 0.0
627.566628042 0.0
628.566628042 0.0
629.566628042 0.0
630.566628042 0.0
631.566628042 0.0
632.566628042 0.0
633.566628042 0.0
634.566628042 0.0
635.566628042 0.0
636.566628042 0.0
637.566628042 0.0
638.566628042 0.0
639.566628042 0.0
640.566628042 0.0
641.566628042 0.0
642.566628042 0.0
643.566628042 0.0
644.566628042 0.0
645.566628042 0.0
646.566628042 0.0
647.566628042 0.0
648.566628042 0.0
649.566628042 0.0
650.566628042 0.0
651.566628042 0.0
652.566628042 0.0
653.566628042 0.0
654.566628042 0.0
655.566628042 0.0
656.566628042 0.0
657.566628042 0.0
658.566628042 0.0
659.566628042 0.0
660.566628042 0.0
661.566628042 0.0
662.566628042 0.0
663.566628042 0.0
664.566628042 0.0
665.566628042 0.0
666.566628042 0.0
667.566628042 0.0
668.566628042 0.0
669.566628042 0.0
670.566628042 0.0
671.566628042 0.0
672.566628042 0.0
673.566628042 0.0
674.566628042 0.0
675.566628042 0.0
676.566628042 0.0
677.566628042 0.0
678.566628042 0.0
679.566628042 0.0
680.566628042 0.0
681.566628042 0.0
682.566628042 0.0
683.566628042 0.0
684.566628042 0.0
685.566628042 0.0
686.566628042 0.0
687.566628042 0.0
688.566628042 0.0
689.566628042 0.0
690.566628042 0.0
691.566628042 0.0
692.566628042 0.0
693.566628042 0.0
694.566628042 0.0
695.566628042 0.0
696.566628042 0.0
697.566628042 0.0
698.566628042 0.0
699.566628042 0.0
700.566628042 0.0
701.566628042 0.0
702.566628042 0.0
703.566628042 0.0
704.566628042 0.0
705.566628042 0.0
706.566628042 0.0
707.566628042 0.0
708.566628042 0.0
709.566628042 0.0
710.566628042 0.0
711.566628042 0.0
712.566628042 0.0
713.566628042 0.0
714.566628042 0.0
715.566628042 0.0
716.566628042 0.0
717.566628042 0.0
718.566628042 0.0
719.566628042 0.0
720.566628042 0.0
721.566628042 0.0
722.566628042 0.0
723.566628042 0.0
724.566628042 0.0
725.566628042 0.0
726.566628042 0.0
727.566628042 0.0
728.566628042 0.0
729.566628042 0.0
730.566628042 0.0
731.566628042 0.0
732.566628042 0.0
733.566628042 0.0
734.566628042 0.0
735.566628042 0.0
736.566628042 0.0
737.566628042 0.0
738.566628042 0.0
739.566628042 0.0
740.566628042 0.0
741.566628042 0.0
742.566628042 0.0
743.566628042 0.0
744.566628042 0.0
745.566628042 0.0
746.566628042 0.0
747.566628042 0.0
748.566628042 0.0
749.566628042 0.0
750.566628042 0.0
751.566628042 0.0
752.566628042 0.0
753.566628042 0.0
754.566628042 0.0
755.566628042 0.0
756.566628042 0.0
757.566628042 0.0
758.566628042 0.0
759.566628042 0.0
760.566628042 0.0
761.566628042 0.0
762.566628042 0.0
763.566628042 0.0
764.566628042 0.0
765.566628042 0.0
766.566628042 0.0
767.566628042 0.0
768.566628042 0.0
769.566628042 0.0
770.566628042 0.0
771.566628042 0.0
772.566628042 0.0
773.566628042 0.0
774.566628042 0.0
775.566628042 0.0
776.566628042 0.0
777.566628042 0.0
778.566628042 0.0
