-750.908928571 0.0
-749.908928571 0.0
-748.908928571 0.0
-747.908928571 0.0
-746.908928571 0.0
-745.908928571 0.0
-744.908928571 0.0
-743.908928571 0.0
-742.908928571 0.0
-741.908928571 0.0
-740.908928571 0.0
-739.908928571 0.0
-738.908928571 0.0
-737.908928571 0.0
-736.908928571 0.0
-735.908928571 0.0
-734.908928571 0.0
-733.908928571 0.0
-732.908928571 0.0
-731.908928571 0.0
-730.908928571 0.0
-729.908928571 0.0
-728.908928571 0.0
-727.908928571 0.0
-726.908928571 0.0
-725.908928571 0.0
-724.908928571 0.0
-723.908928571 0.0
-722.908928571 0.0
-721.908928571 0.0
-720.908928571 0.0
-719.908928571 0.0
-718.908928571 0.0
-717.908928571 0.0
-716.908928571 0.0
-715.908928571 0.0
-714.908928571 0.0
-713.908928571 0.0
-712.908928571 0.0
-711.908928571 0.0
-710.908928571 0.0
-709.908928571 0.0
-708.908928571 0.0
-707.908928571 0.0
-706.908928571 0.0
-705.908928571 0.0
-704.908928571 0.0
-703.908928571 0.0
-702.908928571 0.0
-701.908928571 0.0
-700.908928571 0.0
-699.908928571 0.0
-698.908928571 0.0
-697.908928571 0.0
-696.908928571 0.0
-695.908928571 0.0
-694.908928571 0.0
-693.908928571 0.0
-692.908928571 0.0
-691.908928571 0.0
-690.908928571 0.0
-689.908928571 0.0
-688.908928571 0.0
-687.908928571 0.0
-686.908928571 0.0
-685.908928571 0.0
-684.908928571 0.0
-683.908928571 0.0
-682.908928571 0.0
-681.908928571 0.0
-680.908928571 0.0
-679.908928571 0.0
-678.908928571 0.0
-677.908928571 0.0
-676.908928571 0.0
-675.908928571 0.0
-674.908928571 0.0
-673.908928571 0.0
-672.908928571 0.0
-671.908928571 0.0
-670.908928571 0.0
-669.908928571 0.0
-668.908928571 0.0
-667.908928571 0.0
-666.908928571 0.0
-665.908928571 0.0
-664.908928571 0.0
-663.908928571 0.0
-662.908928571 0.0
-661.908928571 0.0
-660.908928571 0.0
-659.908928571 0.0
-658.908928571 0.0
-657.908928571 0.0
-656.908928571 0.0
-655.908928571 0.0
-654.908928571 0.0
-653.908928571 0.0
-652.908928571 0.0
-651.908928571 0.0
-650.908928571 0.0
-649.908928571 0.0
-648.908928571 0.0
-647.908928571 0.0
-646.908928571 0.0
-645.908928571 0.0
-644.908928571 0.0
-643.908928571 0.0
-642.908928571 0.0
-641.908928571 0.0
-640.908928571 0.0
-639.908928571 0.0
-638.908928571 0.0
-637.908928571 0.0
-636.908928571 0.0
-635.908928571 0.0
-634.908928571 0.0
-633.908928571 0.0
-632.908928571 0.0
-631.908928571 0.0
-630.908928571 0.0
-629.908928571 0.0
-628.908928571 0.0
-627.908928571 0.0
-626.908928571 0.0
-625.908928571 0.0
-624.908928571 0.0
-623.908928571 0.0
-622.908928571 0.0
-621.908928571 0.0
-620.908928571 0.0
-619.908928571 0.0
-618.908928571 0.0
-617.908928571 0.0
-616.908928571 0.0
-615.908928571 0.0
-614.908928571 0.0
-613.908928571 0.0
-612.908928571 0.0
-611.908928571 0.0
-610.908928571 0.0
-609.908928571 0.0
-608.908928571 0.0
-607.908928571 0.0
-606.908928571 0.0
-605.908928571 0.0
-604.908928571 0.0
-603.908928571 0.0
-602.908928571 0.0
-601.908928571 0.0
-600.908928571 0.0
-599.908928571 0.0
-598.908928571 0.0
-597.908928571 0.0
-596.908928571 0.0
-595.908928571 0.0
-594.908928571 0.0
-593.908928571 0.0
-592.908928571 0.0
-591.908928571 0.0
-590.908928571 0.0
-589.908928571 0.0
-588.908928571 0.0
-587.908928571 0.0
-586.908928571 0.0
-585.908928571 0.0
-584.908928571 0.0
-583.908928571 0.0
-582.908928571 0.0
-581.908928571 0.0
-580.908928571 0.0
-579.908928571 0.0
-578.908928571 0.0
-577.908928571 0.0
-576.908928571 0.0
-575.908928571 0.0
-574.908928571 0.0
-573.908928571 0.0
-572.908928571 0.0
-571.908928571 0.0
-570.908928571 0.0
-569.908928571 0.0
-568.908928571 0.0
-567.908928571 0.0
-566.908928571 0.0
-565.908928571 0.0
-564.908928571 0.0
-563.908928571 0.0
-562.908928571 0.0
-561.908928571 0.0
-560.908928571 0.0
-559.908928571 0.0
-558.908928571 0.0
-557.908928571 0.0
-556.908928571 0.0
-555.908928571 0.0
-554.908928571 0.0
-553.908928571 0.0
-552.908928571 0.0
-551.908928571 0.0
-550.908928571 0.0
-549.908928571 0.0
-548.908928571 0.0
-547.908928571 0.0
-546.908928571 0.0
-545.908928571 0.0
-544.908928571 0.0
-543.908928571 0.0
-542.908928571 0.0
-541.908928571 0.0
-540.908928571 0.0
-539.908928571 0.0
-538.908928571 0.0
-537.908928571 0.0
-536.908928571 0.0
-535.908928571 0.0
-534.908928571 0.0
-533.908928571 0.0
-532.908928571 0.0
-531.908928571 0.0
-530.908928571 0.0
-529.908928571 0.0
-528.908928571 0.0
-527.908928571 0.0
-526.908928571 0.0
-525.908928571 0.0
-524.908928571 0.0
-523.908928571 0.0
-522.908928571 0.0
-521.908928571 0.0
-520.908928571 0.0
-519.908928571 0.0
-518.908928571 0.0
-517.908928571 0.0
-516.908928571 0.0
-515.908928571 0.0
-514.908928571 0.0
-513.908928571 0.0
-512.908928571 0.0
-511.908928571 0.0
-510.908928571 0.0
-509.908928571 0.0
-508.908928571 0.0
-507.908928571 0.0
-506.908928571 0.0
-505.908928571 0.0
-504.908928571 0.0
-503.908928571 0.0
-502.908928571 0.0
-501.908928571 0.0
-500.908928571 0.0
-499.908928571 0.0
-498.908928571 0.0
-497.908928571 0.0
-496.908928571 0.0
-495.908928571 0.0
-494.908928571 0.0
-493.908928571 0.0
-492.908928571 0.0
-491.908928571 0.0
-490.908928571 0.0
-489.908928571 0.0
-488.908928571 0.0
-487.908928571 0.0
-486.908928571 0.0
-485.908928571 0.0
-484.908928571 0.0
-483.908928571 0.0
-482.908928571 0.0
-481.908928571 0.0
-480.908928571 0.0
-479.908928571 0.0
-478.908928571 0.0
-477.908928571 0.0
-476.908928571 0.0
-475.908928571 0.0
-474.908928571 0.0
-473.908928571 0.0
-472.908928571 0.0
-471.908928571 0.0
-470.908928571 0.0
-469.908928571 0.0
-468.908928571 0.0
-467.908928571 0.0
-466.908928571 0.0
-465.908928571 0.0
-464.908928571 0.0
-463.908928571 0.0
-462.908928571 0.0
-461.908928571 0.0
-460.908928571 0.0
-459.908928571 0.0
-458.908928571 0.0
-457.908928571 0.0
-456.908928571 0.0
-455.908928571 0.0
-454.908928571 0.0
-453.908928571 0.0
-452.908928571 0.0
-451.908928571 0.0
-450.908928571 0.0
-449.908928571 0.0
-448.908928571 0.0
-447.908928571 0.0
-446.908928571 0.0
-445.908928571 0.0
-444.908928571 0.0
-443.908928571 0.0
-442.908928571 0.0
-441.908928571 0.0
-440.908928571 0.0
-439.908928571 0.0
-438.908928571 0.0
-437.908928571 0.0
-436.908928571 0.0
-435.908928571 0.0
-434.908928571 0.0
-433.908928571 0.0
-432.908928571 0.0
-431.908928571 0.0
-430.908928571 0.0
-429.908928571 0.0
-428.908928571 0.0
-427.908928571 0.0
-426.908928571 0.0
-425.908928571 0.0
-424.908928571 0.0
-423.908928571 0.0
-422.908928571 0.0
-421.908928571 0.0
-420.908928571 0.0
-419.908928571 0.0
-418.908928571 0.0
-417.908928571 0.0
-416.908928571 0.0
-415.908928571 0.0
-414.908928571 0.0
-413.908928571 0.0
-412.908928571 0.0
-411.908928571 0.0
-410.908928571 0.0
-409.908928571 0.0
-408.908928571 0.0
-407.908928571 0.0
-406.908928571 0.0
-405.908928571 0.0
-404.908928571 0.0
-403.908928571 0.0
-402.908928571 0.0
-401.908928571 0.0
-400.908928571 0.0
-399.908928571 0.0
-398.908928571 0.0
-397.908928571 0.0
-396.908928571 0.0
-395.908928571 0.0
-394.908928571 0.0
-393.908928571 0.0
-392.908928571 0.0
-391.908928571 0.0
-390.908928571 0.0
-389.908928571 0.0
-388.908928571 0.0
-387.908928571 0.0
-386.908928571 0.0
-385.908928571 0.0
-384.908928571 0.0
-383.908928571 0.0
-382.908928571 0.0
-381.908928571 0.0
-380.908928571 0.0
-379.908928571 0.0
-378.908928571 0.0
-377.908928571 0.0
-376.908928571 0.0
-375.908928571 0.0
-374.908928571 0.0
-373.908928571 0.0
-372.908928571 0.0
-371.908928571 0.0
-370.908928571 0.0
-369.908928571 0.0
-368.908928571 0.0
-367.908928571 0.0
-366.908928571 0.0
-365.908928571 0.0
-364.908928571 0.0
-363.908928571 0.0
-362.908928571 0.0
-361.908928571 0.0
-360.908928571 0.0
-359.908928571 0.0
-358.908928571 0.0
-357.908928571 0.0
-356.908928571 0.0
-355.908928571 0.0
-354.908928571 0.0
-353.908928571 0.0
-352.908928571 0.0
-351.908928571 0.0
-350.908928571 0.0
-349.908928571 0.0
-348.908928571 0.0
-347.908928571 0.0
-346.908928571 0.0
-345.908928571 0.0
-344.908928571 0.0
-343.908928571 0.0
-342.908928571 0.0
-341.908928571 0.0
-340.908928571 0.0
-339.908928571 0.0
-338.908928571 0.0
-337.908928571 0.0
-336.908928571 0.0
-335.908928571 0.0
-334.908928571 0.0
-333.908928571 0.0
-332.908928571 0.0
-331.908928571 0.0
-330.908928571 0.0
-329.908928571 0.0
-328.908928571 0.0
-327.908928571 0.0
-326.908928571 0.0
-325.908928571 0.0
-324.908928571 0.0
-323.908928571 0.0
-322.908928571 0.0
-321.908928571 0.0
-320.908928571 0.0
-319.908928571 0.0
-318.908928571 0.0
-317.908928571 0.0
-316.908928571 0.0
-315.908928571 0.0
-314.908928571 0.0
-313.908928571 0.0
-312.908928571 0.0
-311.908928571 0.0
-310.908928571 0.0
-309.908928571 0.0
-308.908928571 0.0
-307.908928571 0.0
-306.908928571 0.0
-305.908928571 0.0
-304.908928571 0.0
-303.908928571 0.0
-302.908928571 0.0
-301.908928571 0.0
-300.908928571 0.0
-299.908928571 0.0
-298.908928571 0.0
-297.908928571 0.0
-296.908928571 0.0
-295.908928571 0.0
-294.908928571 0.0
-293.908928571 0.0
-292.908928571 0.0
-291.908928571 0.0
-290.908928571 0.0
-289.908928571 0.0
-288.908928571 0.0
-287.908928571 0.0
-286.908928571 0.0
-285.908928571 0.0
-284.908928571 0.0
-283.908928571 0.0
-282.908928571 0.0
-281.908928571 0.0
-280.908928571 0.0
-279.908928571 0.0
-278.908928571 0.0
-277.908928571 0.0
-276.908928571 0.0
-275.908928571 0.0
-274.908928571 0.0
-273.908928571 0.0
-272.908928571 0.0
-271.908928571 0.0
-270.908928571 0.0
-269.908928571 0.0
-268.908928571 0.0
-267.908928571 0.0
-266.908928571 0.0
-265.908928571 0.0
-264.908928571 0.0
-263.908928571 0.0
-262.908928571 0.0
-261.908928571 0.0
-260.908928571 0.0
-259.908928571 0.0
-258.908928571 0.0
-257.908928571 0.0
-256.908928571 0.0
-255.908928571 0.0
-254.908928571 0.0
-253.908928571 0.0
-252.908928571 0.0
-251.908928571 0.0
-250.908928571 0.000000e+00
-250.4625 0.000000e+00
-250.016071429 0.000000e+00
-249.569642857 0.000000e+00
-249.123214286 0.000000e+00
-248.676785714 0.000000e+00
-248.230357143 0.000000e+00
-247.783928571 0.000000e+00
-247.3375 0.000000e+00
-246.891071429 0.000000e+00
-246.444642857 0.000000e+00
-245.998214286 0.000000e+00
-245.551785714 0.000000e+00
-245.105357143 0.000000e+00
-244.658928571 0.000000e+00
-244.2125 0.000000e+00
-243.766071429 0.000000e+00
-243.319642857 0.000000e+00
-242.873214286 0.000000e+00
-242.426785714 0.000000e+00
-241.980357143 0.000000e+00
-241.533928571 0.000000e+00
-241.0875 0.000000e+00
-240.641071429 0.000000e+00
-240.194642857 0.000000e+00
-239.748214286 0.000000e+00
-239.301785714 0.000000e+00
-238.855357143 0.000000e+00
-238.408928571 0.000000e+00
-237.9625 0.000000e+00
-237.516071429 0.000000e+00
-237.069642857 0.000000e+00
-236.623214286 0.000000e+00
-236.176785714 0.000000e+00
-235.730357143 0.000000e+00
-235.283928571 0.000000e+00
-234.8375 0.000000e+00
-234.391071429 0.000000e+00
-233.944642857 0.000000e+00
-233.498214286 0.000000e+00
-233.051785714 0.000000e+00
-232.605357143 0.000000e+00
-232.158928571 0.000000e+00
-231.7125 0.000000e+00
-231.266071429 0.000000e+00
-230.819642857 0.000000e+00
-230.373214286 0.000000e+00
-229.926785714 0.000000e+00
-229.480357143 0.000000e+00
-229.033928571 0.000000e+00
-228.5875 0.000000e+00
-228.141071429 0.000000e+00
-227.694642857 0.000000e+00
-227.248214286 0.000000e+00
-226.801785714 0.000000e+00
-226.355357143 0.000000e+00
-225.908928571 0.000000e+00
-225.4625 0.000000e+00
-225.016071429 0.000000e+00
-224.569642857 0.000000e+00
-224.123214286 0.000000e+00
-223.676785714 0.000000e+00
-223.230357143 0.000000e+00
-222.783928571 0.000000e+00
-222.3375 0.000000e+00
-221.891071429 0.000000e+00
-221.444642857 0.000000e+00
-220.998214286 0.000000e+00
-220.551785714 0.000000e+00
-220.105357143 0.000000e+00
-219.658928571 0.000000e+00
-219.2125 0.000000e+00
-218.766071429 0.000000e+00
-218.319642857 0.000000e+00
-217.873214286 0.000000e+00
-217.426785714 0.000000e+00
-216.980357143 0.000000e+00
-216.533928571 0.000000e+00
-216.0875 0.000000e+00
-215.641071429 0.000000e+00
-215.194642857 0.000000e+00
-214.748214286 0.000000e+00
-214.301785714 0.000000e+00
-213.855357143 0.000000e+00
-213.408928571 0.000000e+00
-212.9625 0.000000e+00
-212.516071429 0.000000e+00
-212.069642857 0.000000e+00
-211.623214286 0.000000e+00
-211.176785714 0.000000e+00
-210.730357143 0.000000e+00
-210.283928571 0.000000e+00
-209.8375 0.000000e+00
-209.391071429 0.000000e+00
-208.944642857 0.000000e+00
-208.498214286 0.000000e+00
-208.051785714 0.000000e+00
-207.605357143 0.000000e+00
-207.158928571 0.000000e+00
-206.7125 0.000000e+00
-206.266071429 0.000000e+00
-205.819642857 0.000000e+00
-205.373214286 0.000000e+00
-204.926785714 0.000000e+00
-204.480357143 0.000000e+00
-204.033928571 0.000000e+00
-203.5875 0.000000e+00
-203.141071429 0.000000e+00
-202.694642857 0.000000e+00
-202.248214286 0.000000e+00
-201.801785714 0.000000e+00
-201.355357143 0.000000e+00
-200.908928571 0.000000e+00
-200.4625 0.000000e+00
-200.016071429 0.000000e+00
-199.569642857 0.000000e+00
-199.123214286 0.000000e+00
-198.676785714 0.000000e+00
-198.230357143 0.000000e+00
-197.783928571 0.000000e+00
-106.7125 0.000000e+00
-106.266071429 0.000000e+00
-105.819642857 0.000000e+00
-105.373214286 0.000000e+00
-104.926785714 0.000000e+00
-104.480357143 0.000000e+00
-104.033928571 0.000000e+00
-103.5875 0.000000e+00
-103.141071429 0.000000e+00
-102.694642857 0.000000e+00
-102.248214286 0.000000e+00
-101.801785714 0.000000e+00
-101.355357143 0.000000e+00
-100.908928571 0.000000e+00
-100.4625 0.000000e+00
-100.016071429 0.000000e+00
-99.5696428571 0.000000e+00
-99.1232142857 0.000000e+00
-98.6767857143 0.000000e+00
-98.2303571429 0.000000e+00
-97.7839285714 0.000000e+00
-97.3375 0.000000e+00
-96.8910714286 0.000000e+00
-96.4446428571 0.000000e+00
-95.9982142857 0.000000e+00
-95.5517857143 0.000000e+00
-95.1053571429 0.000000e+00
-94.6589285714 0.000000e+00
-94.2125 0.000000e+00
-93.7660714286 0.000000e+00
-93.3196428571 0.000000e+00
-92.8732142857 0.000000e+00
-92.4267857143 0.000000e+00
-91.9803571429 0.000000e+00
-91.5339285714 0.000000e+00
-91.0875 0.000000e+00
-90.6410714286 0.000000e+00
-90.1946428571 0.000000e+00
-89.7482142857 0.000000e+00
-89.3017857143 0.000000e+00
-88.8553571429 0.000000e+00
-88.4089285714 0.000000e+00
-87.9625 0.000000e+00
-87.5160714286 0.000000e+00
-87.0696428571 0.000000e+00
-86.6232142857 0.000000e+00
-86.1767857143 0.000000e+00
-85.7303571429 0.000000e+00
-85.2839285714 0.000000e+00
-84.8375 0.000000e+00
-84.3910714286 0.000000e+00
-83.9446428571 0.000000e+00
-83.4982142857 0.000000e+00
-83.0517857143 0.000000e+00
-82.6053571429 0.000000e+00
-82.1589285714 0.000000e+00
-81.7125 0.000000e+00
-81.2660714286 0.000000e+00
-80.8196428571 0.000000e+00
-80.3732142857 0.000000e+00
-79.9267857143 0.000000e+00
-79.4803571429 0.000000e+00
-79.0339285714 0.000000e+00
-78.5875 0.000000e+00
-78.1410714286 0.000000e+00
-77.6946428571 0.000000e+00
-77.2482142857 0.000000e+00
-76.8017857143 0.000000e+00
-76.3553571429 0.000000e+00
-75.9089285714 0.000000e+00
-75.4625 0.000000e+00
-75.0160714286 0.000000e+00
-74.5696428571 0.000000e+00
-74.1232142857 0.000000e+00
-73.6767857143 0.000000e+00
-73.2303571429 0.000000e+00
-72.7839285714 0.000000e+00
-72.3375 0.000000e+00
-71.8910714286 0.000000e+00
-71.4446428571 0.000000e+00
-70.9982142857 0.000000e+00
-70.5517857143 0.000000e+00
-70.1053571429 0.000000e+00
-69.6589285714 0.000000e+00
-69.2125 0.000000e+00
-68.7660714286 0.000000e+00
-68.3196428571 0.000000e+00
-67.8732142857 0.000000e+00
-67.4267857143 0.000000e+00
-66.9803571429 0.000000e+00
-66.5339285714 0.000000e+00
-66.0875 0.000000e+00
-65.6410714286 0.000000e+00
-65.1946428571 0.000000e+00
-64.7482142857 0.000000e+00
-64.3017857143 0.000000e+00
-63.8553571429 0.000000e+00
-63.4089285714 0.000000e+00
-62.9625 0.000000e+00
-62.5160714286 0.000000e+00
-62.0696428571 0.000000e+00
-61.6232142857 0.000000e+00
-61.1767857143 0.000000e+00
-60.7303571429 0.000000e+00
-60.2839285714 0.000000e+00
-59.8375 0.000000e+00
-59.3910714286 0.000000e+00
-58.9446428571 0.000000e+00
-58.4982142857 0.000000e+00
-58.0517857143 0.000000e+00
-57.6053571429 0.000000e+00
-57.1589285714 0.000000e+00
-56.7125 0.000000e+00
-56.2660714286 0.000000e+00
-55.8196428571 0.000000e+00
-55.3732142857 0.000000e+00
-54.9267857143 0.000000e+00
-54.4803571429 0.000000e+00
-54.0339285714 0.000000e+00
-53.5875 0.000000e+00
-53.1410714286 0.000000e+00
-52.6946428571 0.000000e+00
-52.2482142857 0.000000e+00
-51.8017857143 0.000000e+00
-51.3553571429 0.000000e+00
-50.9089285714 0.000000e+00
-50.4625 0.000000e+00
-50.0160714286 0.000000e+00
-49.5696428571 0.000000e+00
-49.1232142857 0.000000e+00
-48.6767857143 0.000000e+00
-48.2303571429 0.000000e+00
-47.7839285714 0.000000e+00
-47.3375 0.000000e+00
-46.8910714286 0.000000e+00
-46.4446428571 0.000000e+00
-45.9982142857 0.000000e+00
-45.5517857143 0.000000e+00
-45.1053571429 0.000000e+00
-44.6589285714 0.000000e+00
-44.2125 0.000000e+00
-43.7660714286 0.000000e+00
-43.3196428571 0.000000e+00
-42.8732142857 0.000000e+00
-42.4267857143 0.000000e+00
-41.9803571429 0.000000e+00
-41.5339285714 0.000000e+00
-41.0875 0.000000e+00
-40.6410714286 0.000000e+00
-40.1946428571 0.000000e+00
-39.7482142857 0.000000e+00
-39.3017857143 0.000000e+00
-38.8553571429 0.000000e+00
-38.4089285714 0.000000e+00
-37.9625 0.000000e+00
-37.5160714286 0.000000e+00
-37.0696428571 0.000000e+00
-36.6232142857 0.000000e+00
-36.1767857143 0.000000e+00
-35.7303571429 0.000000e+00
-35.2839285714 0.000000e+00
-34.8375 0.000000e+00
-34.3910714286 0.000000e+00
-33.9446428571 0.000000e+00
-33.4982142857 0.000000e+00
-33.0517857143 0.000000e+00
-32.6053571429 0.000000e+00
-32.1589285714 0.000000e+00
-31.7125 0.000000e+00
-31.2660714286 0.000000e+00
-30.8196428571 0.000000e+00
-30.3732142857 0.000000e+00
-29.9267857143 0.000000e+00
-29.4803571429 0.000000e+00
-29.0339285714 0.000000e+00
-28.5875 0.000000e+00
-28.1410714286 0.000000e+00
-27.6946428571 0.000000e+00
-27.2482142857 0.000000e+00
-26.8017857143 0.000000e+00
-26.3553571429 0.000000e+00
-25.9089285714 0.000000e+00
-25.4625 0.000000e+00
-25.0160714286 0.000000e+00
-24.5696428571 0.000000e+00
-24.1232142857 0.000000e+00
-23.6767857143 0.000000e+00
-23.2303571429 0.000000e+00
-22.7839285714 0.000000e+00
-22.3375 0.000000e+00
-21.8910714286 0.000000e+00
-21.4446428571 0.000000e+00
-20.9982142857 0.000000e+00
-20.5517857143 0.000000e+00
-20.1053571429 0.000000e+00
-19.6589285714 0.000000e+00
-19.2125 0.000000e+00
-18.7660714286 0.000000e+00
-18.3196428571 0.000000e+00
-17.8732142857 0.000000e+00
-17.4267857143 0.000000e+00
-16.9803571429 0.000000e+00
-16.5339285714 0.000000e+00
-16.0875 0.000000e+00
-15.6410714286 0.000000e+00
-15.1946428571 0.000000e+00
-14.7482142857 0.000000e+00
-14.3017857143 0.000000e+00
-13.8553571429 0.000000e+00
-13.4089285714 0.000000e+00
-12.9625 0.000000e+00
-12.5160714286 0.000000e+00
-12.0696428571 0.000000e+00
-11.6232142857 0.000000e+00
-11.1767857143 0.000000e+00
-10.7303571429 0.000000e+00
-10.2839285714 0.000000e+00
-9.8375 0.000000e+00
-9.39107142857 2.257703e-01
-8.94464285714 4.086210e-01
-8.49821428571 3.637839e-01
-8.05178571429 2.881613e-01
-7.60535714286 3.582092e-01
-7.15892857143 3.216123e-01
-6.7125 3.747215e-01
-6.26607142857 3.300931e-01
-5.81964285714 5.079074e-01
-5.37321428571 3.450239e-01
-4.92678571429 4.221654e-01
-4.48035714286 3.581828e-01
-4.03392857143 4.373626e-01
-3.5875 4.258271e-01
-3.14107142857 5.121606e-01
-2.69464285714 7.011650e-01
-2.24821428571 5.225995e-01
-1.80178571429 6.269489e-01
-1.35535714286 7.240259e-01
-0.908928571429 9.060406e-01
-0.4625 1.000000e+00
-0.0160714285714 9.075482e-01
0.430357142857 9.021270e-01
0.876785714286 9.473046e-01
1.32321428571 8.752406e-01
1.76964285714 7.693017e-01
2.21607142857 6.433323e-01
2.6625 6.440618e-01
3.10892857143 5.613462e-01
3.55535714286 5.763428e-01
4.00178571429 4.757983e-01
4.44821428571 5.018735e-01
4.89464285714 4.741483e-01
5.34107142857 4.408280e-01
5.7875 4.055517e-01
6.23392857143 4.081630e-01
6.68035714286 3.506216e-01
7.12678571429 5.408808e-01
7.57321428571 3.783571e-01
8.01964285714 3.230553e-01
8.46607142857 3.807864e-01
8.9125 2.753456e-01
9.35892857143 2.623946e-01
9.80535714286 2.692126e-01
10.2517857143 2.910250e-01
10.6982142857 2.624329e-01
11.1446428571 2.444406e-01
11.5910714286 2.307236e-01
12.0375 1.979738e-01
12.4839285714 1.699313e-01
12.9303571429 2.019717e-01
13.3767857143 2.801611e-01
13.8232142857 1.316391e-01
14.2696428571 2.174952e-01
14.7160714286 1.268727e-01
15.1625 1.294700e-01
15.6089285714 1.573139e-01
16.0553571429 1.195260e-01
16.5017857143 1.217492e-01
16.9482142857 1.473215e-01
17.3946428571 1.235614e-01
17.8410714286 0.000000e+00
18.2875 1.178944e-01
18.7339285714 1.047830e-01
19.1803571429 1.205130e-01
19.6267857143 1.388344e-01
20.0732142857 1.072309e-01
20.5196428571 0.000000e+00
20.9660714286 1.241145e-01
21.4125 0.000000e+00
21.8589285714 1.117368e-01
22.3053571429 1.002787e-01
22.7517857143 0.000000e+00
23.1982142857 1.273579e-01
23.6446428571 0.000000e+00
24.0910714286 8.263999e-02
24.5375 7.392303e-02
24.9839285714 9.495576e-02
25.4303571429 0.000000e+00
25.8767857143 8.213568e-02
26.3232142857 0.000000e+00
26.7696428571 0.000000e+00
27.2160714286 0.000000e+00
27.6625 0.000000e+00
28.1089285714 0.000000e+00
28.5553571429 0.000000e+00
29.0017857143 1.093383e-01
29.4482142857 1.005721e-01
29.8946428571 7.816588e-02
30.3410714286 0.000000e+00
30.7875 0.000000e+00
31.2339285714 1.121906e-01
31.6803571429 8.026202e-02
32.1267857143 0.000000e+00
32.5732142857 0.000000e+00
33.0196428571 0.000000e+00
33.4660714286 0.000000e+00
33.9125 0.000000e+00
34.3589285714 8.285358e-02
34.8053571429 0.000000e+00
35.2517857143 0.000000e+00
35.6982142857 8.571396e-02
36.1446428571 9.316545e-02
36.5910714286 9.195973e-02
37.0375 0.000000e+00
37.4839285714 0.000000e+00
37.9303571429 0.000000e+00
38.3767857143 0.000000e+00
38.8232142857 0.000000e+00
39.2696428571 0.000000e+00
39.7160714286 7.597941e-02
40.1625 0.000000e+00
40.6089285714 0.000000e+00
41.0553571429 0.000000e+00
41.5017857143 0.000000e+00
41.9482142857 0.000000e+00
42.3946428571 0.000000e+00
42.8410714286 0.000000e+00
43.2875 0.000000e+00
43.7339285714 0.000000e+00
44.1803571429 0.000000e+00
44.6267857143 0.000000e+00
45.0732142857 0.000000e+00
45.5196428571 0.000000e+00
45.9660714286 0.000000e+00
46.4125 0.000000e+00
46.8589285714 0.000000e+00
47.3053571429 9.294957e-02
47.7517857143 0.000000e+00
48.1982142857 0.000000e+00
48.6446428571 0.000000e+00
49.0910714286 0.000000e+00
49.5375 0.000000e+00
49.9839285714 0.000000e+00
50.4303571429 0.000000e+00
50.8767857143 0.000000e+00
51.3232142857 0.000000e+00
51.7696428571 8.503126e-02
52.2160714286 0.000000e+00
52.6625 0.000000e+00
53.1089285714 0.000000e+00
53.5553571429 0.000000e+00
54.0017857143 0.000000e+00
54.4482142857 0.000000e+00
54.8946428571 0.000000e+00
55.3410714286 0.000000e+00
55.7875 0.000000e+00
56.2339285714 0.000000e+00
56.6803571429 0.000000e+00
57.1267857143 0.000000e+00
57.5732142857 0.000000e+00
58.0196428571 0.000000e+00
58.4660714286 0.000000e+00
58.9125 0.000000e+00
59.3589285714 0.000000e+00
59.8053571429 0.000000e+00
60.2517857143 0.000000e+00
60.6982142857 0.000000e+00
61.1446428571 0.000000e+00
61.5910714286 0.000000e+00
62.0375 0.000000e+00
62.4839285714 0.000000e+00
62.9303571429 0.000000e+00
63.3767857143 0.000000e+00
63.8232142857 0.000000e+00
64.2696428571 0.000000e+00
64.7160714286 0.000000e+00
65.1625 0.000000e+00
65.6089285714 0.000000e+00
66.0553571429 0.000000e+00
66.5017857143 0.000000e+00
66.9482142857 0.000000e+00
67.3946428571 0.000000e+00
67.8410714286 0.000000e+00
68.2875 0.000000e+00
68.7339285714 0.000000e+00
69.1803571429 0.000000e+00
69.6267857143 0.000000e+00
70.0732142857 0.000000e+00
70.5196428571 0.000000e+00
70.9660714286 0.000000e+00
71.4125 0.000000e+00
71.8589285714 0.000000e+00
72.3053571429 0.000000e+00
72.7517857143 0.000000e+00
73.1982142857 0.000000e+00
73.6446428571 0.000000e+00
74.0910714286 0.000000e+00
74.5375 0.000000e+00
74.9839285714 0.000000e+00
75.4303571429 0.000000e+00
75.8767857143 0.000000e+00
76.3232142857 0.000000e+00
76.7696428571 0.000000e+00
77.2160714286 0.000000e+00
77.6625 0.000000e+00
78.1089285714 0.000000e+00
78.5553571429 0.000000e+00
79.0017857143 0.000000e+00
79.4482142857 0.000000e+00
79.8946428571 0.000000e+00
80.3410714286 0.000000e+00
80.7875 0.000000e+00
81.2339285714 0.000000e+00
81.6803571429 0.000000e+00
82.1267857143 0.000000e+00
82.5732142857 0.000000e+00
83.0196428571 0.000000e+00
83.4660714286 0.000000e+00
83.9125 0.000000e+00
84.3589285714 0.000000e+00
84.8053571429 0.000000e+00
85.2517857143 0.000000e+00
85.6982142857 0.000000e+00
86.1446428571 0.000000e+00
86.5910714286 0.000000e+00
87.0375 0.000000e+00
87.4839285714 0.000000e+00
87.9303571429 0.000000e+00
88.3767857143 0.000000e+00
88.8232142857 0.000000e+00
89.2696428571 0.000000e+00
89.7160714286 0.000000e+00
90.1625 0.000000e+00
90.6089285714 0.000000e+00
91.0553571429 0.000000e+00
91.5017857143 0.000000e+00
91.9482142857 0.000000e+00
92.3946428571 0.000000e+00
92.8410714286 0.000000e+00
93.2875 0.000000e+00
93.7339285714 0.000000e+00
94.1803571429 0.000000e+00
94.6267857143 0.000000e+00
95.0732142857 0.000000e+00
95.5196428571 0.000000e+00
95.9660714286 0.000000e+00
96.4125 0.000000e+00
96.8589285714 0.000000e+00
97.3053571429 0.000000e+00
97.7517857143 0.000000e+00
98.1982142857 0.000000e+00
98.6446428571 0.000000e+00
99.0910714286 0.000000e+00
99.5375 0.000000e+00
99.9839285714 0.000000e+00
100.430357143 0.000000e+00
100.876785714 0.000000e+00
101.323214286 0.000000e+00
101.769642857 0.000000e+00
102.216071429 0.000000e+00
102.6625 0.000000e+00
103.108928571 0.000000e+00
103.555357143 0.000000e+00
104.001785714 0.000000e+00
104.448214286 0.000000e+00
104.894642857 0.000000e+00
105.341071429 0.000000e+00
105.7875 0.000000e+00
106.233928571 0.000000e+00
106.680357143 0.000000e+00
107.126785714 0.000000e+00
107.573214286 0.000000e+00
108.019642857 0.000000e+00
108.466071429 0.000000e+00
108.9125 0.000000e+00
109.358928571 0.000000e+00
109.805357143 0.000000e+00
110.251785714 0.000000e+00
110.698214286 0.000000e+00
111.144642857 0.000000e+00
111.591071429 0.000000e+00
112.0375 0.000000e+00
112.483928571 0.000000e+00
112.930357143 0.000000e+00
113.376785714 0.000000e+00
113.823214286 0.000000e+00
114.269642857 0.000000e+00
114.716071429 0.000000e+00
115.1625 0.000000e+00
115.608928571 0.000000e+00
116.055357143 0.000000e+00
116.501785714 0.000000e+00
116.948214286 0.000000e+00
117.394642857 0.000000e+00
117.841071429 0.000000e+00
118.2875 0.000000e+00
118.733928571 0.000000e+00
119.180357143 0.000000e+00
119.626785714 0.000000e+00
120.073214286 0.000000e+00
120.519642857 0.000000e+00
120.966071429 0.000000e+00
121.4125 0.000000e+00
121.858928571 0.000000e+00
122.305357143 0.000000e+00
122.751785714 0.000000e+00
123.198214286 0.000000e+00
123.644642857 0.000000e+00
124.091071429 0.000000e+00
124.5375 0.000000e+00
124.983928571 0.000000e+00
125.430357143 0.000000e+00
125.876785714 0.000000e+00
126.323214286 0.000000e+00
126.769642857 0.000000e+00
127.216071429 0.000000e+00
127.6625 0.000000e+00
128.108928571 0.000000e+00
128.555357143 0.000000e+00
129.001785714 0.000000e+00
129.448214286 0.000000e+00
129.894642857 0.000000e+00
130.341071429 0.000000e+00
130.7875 0.000000e+00
131.233928571 0.000000e+00
131.680357143 0.000000e+00
132.126785714 0.000000e+00
132.573214286 0.000000e+00
133.019642857 0.000000e+00
133.466071429 0.000000e+00
133.9125 0.000000e+00
134.358928571 0.000000e+00
134.805357143 0.000000e+00
135.251785714 0.000000e+00
135.698214286 0.000000e+00
136.144642857 0.000000e+00
136.591071429 0.000000e+00
137.0375 0.000000e+00
137.483928571 0.000000e+00
137.930357143 0.000000e+00
138.376785714 0.000000e+00
138.823214286 0.000000e+00
139.269642857 0.000000e+00
139.716071429 0.000000e+00
140.1625 0.000000e+00
140.608928571 0.000000e+00
141.055357143 0.000000e+00
141.501785714 0.000000e+00
141.948214286 0.000000e+00
142.394642857 0.000000e+00
142.841071429 0.000000e+00
143.2875 0.000000e+00
143.733928571 0.000000e+00
144.180357143 0.000000e+00
144.626785714 0.000000e+00
145.073214286 0.000000e+00
145.519642857 0.000000e+00
145.966071429 0.000000e+00
146.4125 0.000000e+00
146.858928571 0.000000e+00
147.305357143 0.000000e+00
147.751785714 0.000000e+00
148.198214286 0.000000e+00
148.644642857 0.000000e+00
149.091071429 0.000000e+00
149.5375 0.000000e+00
149.983928571 0.000000e+00
150.430357143 0.000000e+00
150.876785714 0.000000e+00
151.323214286 0.000000e+00
151.769642857 0.000000e+00
152.216071429 0.000000e+00
152.6625 0.000000e+00
153.108928571 0.000000e+00
153.555357143 0.000000e+00
154.001785714 0.000000e+00
154.448214286 0.000000e+00
154.894642857 0.000000e+00
155.341071429 0.000000e+00
155.7875 0.000000e+00
156.233928571 0.000000e+00
156.680357143 0.000000e+00
157.126785714 0.000000e+00
157.573214286 0.000000e+00
158.019642857 0.000000e+00
158.466071429 0.000000e+00
158.9125 0.000000e+00
159.358928571 0.000000e+00
159.805357143 0.000000e+00
160.251785714 0.000000e+00
160.698214286 0.000000e+00
161.144642857 0.000000e+00
161.591071429 0.000000e+00
162.0375 0.000000e+00
162.483928571 0.000000e+00
162.930357143 0.000000e+00
163.376785714 0.000000e+00
163.823214286 0.000000e+00
164.269642857 0.000000e+00
164.716071429 0.000000e+00
165.1625 0.000000e+00
165.608928571 0.000000e+00
166.055357143 0.000000e+00
166.501785714 0.000000e+00
166.948214286 0.000000e+00
167.394642857 0.000000e+00
167.841071429 0.000000e+00
168.2875 0.000000e+00
168.733928571 0.000000e+00
169.180357143 0.000000e+00
169.626785714 0.000000e+00
170.073214286 0.000000e+00
170.519642857 0.000000e+00
170.966071429 0.000000e+00
171.4125 0.000000e+00
171.858928571 0.000000e+00
172.305357143 0.000000e+00
172.751785714 0.000000e+00
173.198214286 0.000000e+00
173.644642857 0.000000e+00
174.091071429 0.000000e+00
174.5375 0.000000e+00
174.983928571 0.000000e+00
175.430357143 0.000000e+00
175.876785714 0.000000e+00
176.323214286 0.000000e+00
176.769642857 0.000000e+00
177.216071429 0.000000e+00
177.6625 0.000000e+00
178.108928571 0.000000e+00
178.555357143 0.000000e+00
179.001785714 0.000000e+00
179.448214286 0.000000e+00
179.894642857 0.000000e+00
180.341071429 0.000000e+00
180.7875 0.000000e+00
181.233928571 0.000000e+00
181.680357143 0.000000e+00
182.126785714 0.000000e+00
182.573214286 0.000000e+00
183.019642857 0.000000e+00
183.466071429 0.000000e+00
183.9125 0.000000e+00
184.358928571 0.000000e+00
184.805357143 0.000000e+00
185.251785714 0.000000e+00
185.698214286 0.000000e+00
186.144642857 0.000000e+00
186.591071429 0.000000e+00
187.0375 0.000000e+00
187.483928571 0.000000e+00
187.930357143 0.000000e+00
188.376785714 0.000000e+00
188.823214286 0.000000e+00
189.269642857 0.000000e+00
189.716071429 0.000000e+00
190.1625 0.000000e+00
190.608928571 0.000000e+00
191.055357143 0.000000e+00
191.501785714 0.000000e+00
191.948214286 0.000000e+00
192.394642857 0.000000e+00
192.841071429 0.000000e+00
193.2875 0.000000e+00
193.733928571 0.000000e+00
194.180357143 0.000000e+00
194.626785714 0.000000e+00
195.073214286 0.000000e+00
195.519642857 0.000000e+00
195.966071429 0.000000e+00
196.4125 0.000000e+00
196.858928571 0.000000e+00
197.305357143 0.000000e+00
197.751785714 0.000000e+00
198.198214286 0.000000e+00
198.644642857 0.000000e+00
199.091071429 0.000000e+00
199.5375 0.000000e+00
199.983928571 0.000000e+00
200.430357143 0.000000e+00
200.876785714 0.000000e+00
201.323214286 0.000000e+00
201.769642857 0.000000e+00
202.216071429 0.000000e+00
202.6625 0.000000e+00
203.108928571 0.000000e+00
203.555357143 0.000000e+00
204.001785714 0.000000e+00
204.448214286 0.000000e+00
204.894642857 0.000000e+00
205.341071429 0.000000e+00
205.7875 0.000000e+00
206.233928571 0.000000e+00
206.680357143 0.000000e+00
207.126785714 0.000000e+00
207.573214286 0.000000e+00
208.019642857 0.000000e+00
208.466071429 0.000000e+00
208.9125 0.000000e+00
209.358928571 0.000000e+00
209.805357143 0.000000e+00
210.251785714 0.000000e+00
210.698214286 0.000000e+00
211.144642857 0.000000e+00
211.591071429 0.000000e+00
212.0375 0.000000e+00
212.483928571 0.000000e+00
212.930357143 0.000000e+00
213.376785714 0.000000e+00
213.823214286 0.000000e+00
214.269642857 0.000000e+00
214.716071429 0.000000e+00
215.1625 0.000000e+00
215.608928571 0.000000e+00
216.055357143 0.000000e+00
216.501785714 0.000000e+00
216.948214286 0.000000e+00
217.394642857 0.000000e+00
217.841071429 0.000000e+00
218.2875 0.000000e+00
218.733928571 0.000000e+00
219.180357143 0.000000e+00
219.626785714 0.000000e+00
220.073214286 0.000000e+00
220.519642857 0.000000e+00
220.966071429 0.000000e+00
221.4125 0.000000e+00
221.858928571 0.000000e+00
222.305357143 0.000000e+00
222.751785714 0.000000e+00
223.198214286 0.000000e+00
223.644642857 0.000000e+00
224.091071429 0.000000e+00
224.5375 0.000000e+00
224.983928571 0.000000e+00
225.430357143 0.000000e+00
225.876785714 0.000000e+00
226.323214286 0.000000e+00
226.769642857 0.000000e+00
227.216071429 0.000000e+00
227.6625 0.000000e+00
228.108928571 0.000000e+00
228.555357143 0.000000e+00
229.001785714 0.000000e+00
229.448214286 0.000000e+00
229.894642857 0.000000e+00
230.341071429 0.000000e+00
230.7875 0.000000e+00
231.233928571 0.000000e+00
231.680357143 0.000000e+00
232.126785714 0.000000e+00
232.573214286 0.000000e+00
233.019642857 0.000000e+00
233.466071429 0.000000e+00
233.9125 0.000000e+00
234.358928571 0.000000e+00
234.805357143 0.000000e+00
235.251785714 0.000000e+00
235.698214286 0.000000e+00
236.144642857 0.000000e+00
236.591071429 0.000000e+00
237.0375 0.000000e+00
237.483928571 0.000000e+00
237.930357143 0.000000e+00
238.376785714 0.000000e+00
238.823214286 0.000000e+00
239.269642857 0.000000e+00
239.716071429 0.000000e+00
240.1625 0.000000e+00
240.608928571 0.000000e+00
241.055357143 0.000000e+00
241.501785714 0.000000e+00
241.948214286 0.000000e+00
242.394642857 0.000000e+00
242.841071429 0.000000e+00
243.2875 0.000000e+00
243.733928571 0.000000e+00
244.180357143 0.000000e+00
244.626785714 0.000000e+00
245.073214286 0.000000e+00
245.519642857 0.000000e+00
245.966071429 0.000000e+00
246.4125 0.000000e+00
246.858928571 0.000000e+00
247.305357143 0.000000e+00
247.751785714 0.000000e+00
248.198214286 0.000000e+00
248.644642857 0.000000e+00
249.091071429 0.000000e+00
249.5375 0.000000e+00
249.983928571 0.000000e+00
250.430357143 0.000000e+00
250.876785714 0.000000e+00
251.323214286 0.000000e+00
251.769642857 0.000000e+00
252.216071429 0.000000e+00
252.6625 0.000000e+00
253.108928571 0.000000e+00
253.555357143 0.000000e+00
254.001785714 0.000000e+00
254.448214286 0.000000e+00
254.894642857 0.000000e+00
255.341071429 0.000000e+00
255.7875 0.000000e+00
256.233928571 0.000000e+00
256.680357143 0.000000e+00
257.126785714 0.000000e+00
257.573214286 0.000000e+00
258.019642857 0.000000e+00
258.466071429 0.000000e+00
258.9125 0.000000e+00
259.358928571 0.000000e+00
259.805357143 0.000000e+00
260.251785714 0.000000e+00
260.698214286 0.000000e+00
261.144642857 0.000000e+00
261.591071429 0.000000e+00
262.0375 0.000000e+00
262.483928571 0.000000e+00
262.930357143 0.000000e+00
263.376785714 0.000000e+00
263.823214286 0.000000e+00
264.269642857 0.000000e+00
264.716071429 0.000000e+00
265.1625 0.000000e+00
265.608928571 0.000000e+00
266.055357143 0.000000e+00
266.501785714 0.000000e+00
266.948214286 0.000000e+00
267.394642857 0.000000e+00
267.841071429 0.000000e+00
268.2875 0.000000e+00
268.733928571 0.000000e+00
269.180357143 0.000000e+00
269.626785714 0.000000e+00
270.073214286 0.000000e+00
270.519642857 0.000000e+00
270.966071429 0.000000e+00
271.4125 0.000000e+00
271.858928571 0.000000e+00
272.305357143 0.000000e+00
272.751785714 0.000000e+00
273.198214286 0.000000e+00
273.644642857 0.000000e+00
274.091071429 0.000000e+00
274.5375 0.000000e+00
274.983928571 0.000000e+00
275.430357143 0.000000e+00
275.876785714 0.000000e+00
276.323214286 0.000000e+00
276.769642857 0.000000e+00
277.216071429 0.000000e+00
277.6625 0.000000e+00
278.108928571 0.000000e+00
278.555357143 0.000000e+00
279.001785714 0.000000e+00
279.448214286 0.000000e+00
279.894642857 0.000000e+00
280.341071429 0.000000e+00
280.7875 0.000000e+00
281.233928571 0.000000e+00
281.680357143 0.000000e+00
282.126785714 0.000000e+00
282.573214286 0.000000e+00
283.019642857 0.000000e+00
283.466071429 0.000000e+00
283.9125 0.000000e+00
284.358928571 0.000000e+00
284.805357143 0.000000e+00
285.251785714 0.000000e+00
285.698214286 0.000000e+00
286.144642857 0.000000e+00
286.591071429 0.000000e+00
287.0375 0.000000e+00
287.483928571 0.000000e+00
287.930357143 0.000000e+00
288.376785714 0.000000e+00
288.823214286 0.000000e+00
289.269642857 0.000000e+00
289.716071429 0.000000e+00
290.1625 0.000000e+00
290.608928571 0.000000e+00
291.055357143 0.000000e+00
291.501785714 0.000000e+00
291.948214286 0.000000e+00
292.394642857 0.000000e+00
292.841071429 0.000000e+00
293.2875 0.000000e+00
293.733928571 0.000000e+00
294.180357143 0.000000e+00
294.626785714 0.000000e+00
295.073214286 0.000000e+00
295.519642857 0.000000e+00
295.966071429 0.000000e+00
296.4125 0.000000e+00
296.858928571 0.000000e+00
297.305357143 0.000000e+00
297.751785714 0.000000e+00
298.198214286 0.000000e+00
298.644642857 0.000000e+00
299.091071429 0.000000e+00
299.5375 0.000000e+00
299.983928571 0.000000e+00
300.430357143 0.000000e+00
300.876785714 0.000000e+00
301.323214286 0.000000e+00
301.769642857 0.000000e+00
302.216071429 0.000000e+00
302.6625 0.000000e+00
303.108928571 0.000000e+00
303.555357143 0.000000e+00
304.001785714 0.000000e+00
304.448214286 0.000000e+00
304.894642857 0.000000e+00
305.341071429 0.000000e+00
305.7875 0.000000e+00
306.233928571 0.000000e+00
306.680357143 0.000000e+00
307.126785714 0.000000e+00
307.573214286 0.000000e+00
308.019642857 0.000000e+00
308.466071429 0.000000e+00
308.9125 0.000000e+00
309.358928571 0.000000e+00
309.805357143 0.000000e+00
310.251785714 0.000000e+00
310.698214286 0.000000e+00
311.144642857 0.000000e+00
311.591071429 0.000000e+00
312.0375 0.000000e+00
312.483928571 0.000000e+00
312.930357143 0.000000e+00
313.376785714 0.000000e+00
313.823214286 0.000000e+00
314.269642857 0.000000e+00
314.716071429 0.000000e+00
315.1625 0.000000e+00
315.608928571 0.000000e+00
316.055357143 0.000000e+00
316.501785714 0.000000e+00
316.948214286 0.000000e+00
317.394642857 0.000000e+00
317.841071429 0.000000e+00
318.2875 0.000000e+00
318.733928571 0.000000e+00
319.180357143 0.000000e+00
319.626785714 0.000000e+00
320.073214286 0.000000e+00
320.519642857 0.000000e+00
320.966071429 0.000000e+00
321.4125 0.000000e+00
321.858928571 0.000000e+00
322.305357143 0.000000e+00
322.751785714 0.000000e+00
323.198214286 0.000000e+00
323.644642857 0.000000e+00
324.091071429 0.000000e+00
324.5375 0.000000e+00
324.983928571 0.000000e+00
325.430357143 0.000000e+00
325.876785714 0.000000e+00
326.323214286 0.000000e+00
326.769642857 0.000000e+00
327.216071429 0.000000e+00
327.6625 0.000000e+00
328.108928571 0.000000e+00
328.555357143 0.000000e+00
329.001785714 0.000000e+00
329.448214286 0.000000e+00
329.894642857 0.000000e+00
330.341071429 0.000000e+00
330.7875 0.000000e+00
331.233928571 0.000000e+00
331.680357143 0.000000e+00
332.126785714 0.000000e+00
332.573214286 0.000000e+00
333.019642857 0.000000e+00
333.466071429 0.000000e+00
333.9125 0.000000e+00
334.358928571 0.000000e+00
334.805357143 0.000000e+00
335.251785714 0.000000e+00
335.698214286 0.000000e+00
336.144642857 0.000000e+00
336.591071429 0.000000e+00
337.0375 0.000000e+00
337.483928571 0.000000e+00
337.930357143 0.000000e+00
338.376785714 0.000000e+00
338.823214286 0.000000e+00
339.269642857 0.000000e+00
339.716071429 0.000000e+00
340.1625 0.000000e+00
340.608928571 0.000000e+00
341.055357143 0.000000e+00
341.501785714 0.000000e+00
341.948214286 0.000000e+00
342.394642857 0.000000e+00
342.841071429 0.000000e+00
343.2875 0.000000e+00
343.733928571 0.000000e+00
344.180357143 0.000000e+00
344.626785714 0.000000e+00
345.073214286 0.000000e+00
345.519642857 0.000000e+00
345.966071429 0.000000e+00
346.4125 0.000000e+00
346.858928571 0.000000e+00
347.305357143 0.000000e+00
347.751785714 0.000000e+00
348.198214286 0.000000e+00
348.644642857 0.000000e+00
349.091071429 0.000000e+00
349.5375 0.000000e+00
349.983928571 0.000000e+00
350.430357143 0.000000e+00
350.876785714 0.000000e+00
351.323214286 0.000000e+00
351.769642857 0.000000e+00
352.216071429 0.000000e+00
352.6625 0.000000e+00
353.108928571 0.000000e+00
353.555357143 0.000000e+00
354.001785714 0.000000e+00
354.448214286 0.000000e+00
354.894642857 0.000000e+00
355.341071429 0.000000e+00
355.7875 0.000000e+00
356.233928571 0.000000e+00
356.680357143 0.000000e+00
357.126785714 0.000000e+00
357.573214286 0.000000e+00
358.019642857 0.000000e+00
358.466071429 0.000000e+00
358.9125 0.000000e+00
359.358928571 0.000000e+00
359.805357143 0.000000e+00
360.251785714 0.000000e+00
360.698214286 0.000000e+00
361.144642857 0.000000e+00
361.591071429 0.000000e+00
362.0375 0.000000e+00
362.483928571 0.000000e+00
362.930357143 0.000000e+00
363.376785714 0.000000e+00
363.823214286 0.000000e+00
364.269642857 0.000000e+00
364.716071429 0.000000e+00
365.1625 0.000000e+00
365.608928571 0.000000e+00
366.055357143 0.000000e+00
366.501785714 0.000000e+00
366.948214286 0.000000e+00
367.394642857 0.000000e+00
367.841071429 0.000000e+00
368.2875 0.000000e+00
368.733928571 0.000000e+00
369.180357143 0.000000e+00
369.626785714 0.000000e+00
370.073214286 0.000000e+00
370.519642857 0.000000e+00
370.966071429 0.000000e+00
371.4125 0.000000e+00
371.858928571 0.000000e+00
372.305357143 0.000000e+00
372.751785714 0.000000e+00
373.198214286 0.000000e+00
373.644642857 0.000000e+00
374.091071429 0.000000e+00
374.5375 0.000000e+00
374.983928571 0.000000e+00
375.430357143 0.000000e+00
375.876785714 0.000000e+00
376.323214286 0.000000e+00
376.769642857 0.000000e+00
377.216071429 0.000000e+00
377.6625 0.000000e+00
378.108928571 0.000000e+00
378.555357143 0.000000e+00
379.001785714 0.000000e+00
379.448214286 0.000000e+00
379.894642857 0.000000e+00
380.341071429 0.000000e+00
380.7875 0.000000e+00
381.233928571 0.000000e+00
381.680357143 0.000000e+00
382.126785714 0.000000e+00
382.573214286 0.000000e+00
383.019642857 0.000000e+00
383.466071429 0.000000e+00
383.9125 0.000000e+00
384.358928571 0.000000e+00
384.805357143 0.000000e+00
385.251785714 0.000000e+00
385.698214286 0.000000e+00
386.144642857 0.000000e+00
386.591071429 0.000000e+00
387.0375 0.000000e+00
387.483928571 0.000000e+00
387.930357143 0.000000e+00
388.376785714 0.000000e+00
388.823214286 0.000000e+00
389.269642857 0.000000e+00
389.716071429 0.000000e+00
390.1625 0.000000e+00
390.608928571 0.000000e+00
391.055357143 0.000000e+00
391.501785714 0.000000e+00
391.948214286 0.000000e+00
392.394642857 0.000000e+00
392.841071429 0.000000e+00
393.2875 0.000000e+00
393.733928571 0.000000e+00
394.180357143 0.000000e+00
394.626785714 0.000000e+00
395.073214286 0.000000e+00
395.519642857 0.000000e+00
395.966071429 0.000000e+00
396.4125 0.000000e+00
396.858928571 0.000000e+00
397.305357143 0.000000e+00
397.751785714 0.000000e+00
398.198214286 0.000000e+00
398.644642857 0.000000e+00
399.091071429 0.000000e+00
399.5375 0.000000e+00
399.983928571 0.000000e+00
400.430357143 0.000000e+00
400.876785714 0.000000e+00
401.323214286 0.000000e+00
401.769642857 0.000000e+00
402.216071429 0.000000e+00
402.6625 0.000000e+00
403.108928571 0.000000e+00
403.555357143 0.000000e+00
404.001785714 0.000000e+00
404.448214286 0.000000e+00
404.894642857 0.000000e+00
405.341071429 0.000000e+00
405.7875 0.000000e+00
406.233928571 0.000000e+00
406.680357143 0.000000e+00
407.126785714 0.000000e+00
407.573214286 0.000000e+00
408.019642857 0.000000e+00
408.466071429 0.000000e+00
408.9125 0.000000e+00
409.358928571 0.000000e+00
409.805357143 0.000000e+00
410.251785714 0.000000e+00
410.698214286 0.000000e+00
411.144642857 0.000000e+00
411.591071429 0.000000e+00
412.0375 0.000000e+00
412.483928571 0.000000e+00
412.930357143 0.000000e+00
413.376785714 0.000000e+00
413.823214286 0.000000e+00
414.269642857 0.000000e+00
414.716071429 0.000000e+00
415.1625 0.000000e+00
415.608928571 0.000000e+00
416.055357143 0.000000e+00
416.501785714 0.000000e+00
416.948214286 0.000000e+00
417.394642857 0.000000e+00
417.841071429 0.000000e+00
418.2875 0.000000e+00
418.733928571 0.000000e+00
419.180357143 0.000000e+00
419.626785714 0.000000e+00
420.073214286 0.000000e+00
420.519642857 0.000000e+00
420.966071429 0.000000e+00
421.4125 0.000000e+00
421.858928571 0.000000e+00
422.305357143 0.000000e+00
422.751785714 0.000000e+00
423.198214286 0.000000e+00
423.644642857 0.000000e+00
424.091071429 0.000000e+00
424.5375 0.000000e+00
424.983928571 0.000000e+00
425.430357143 0.000000e+00
425.876785714 0.000000e+00
426.323214286 0.000000e+00
426.769642857 0.000000e+00
427.216071429 0.000000e+00
427.6625 0.000000e+00
428.108928571 0.000000e+00
428.555357143 0.000000e+00
429.001785714 0.000000e+00
429.448214286 0.000000e+00
430.448214286 0.0
431.448214286 0.0
432.448214286 0.0
433.448214286 0.0
434.448214286 0.0
435.448214286 0.0
436.448214286 0.0
437.448214286 0.0
438.448214286 0.0
439.448214286 0.0
440.448214286 0.0
441.448214286 0.0
442.448214286 0.0
443.448214286 0.0
444.448214286 0.0
445.448214286 0.0
446.448214286 0.0
447.448214286 0.0
448.448214286 0.0
449.448214286 0.0
450.448214286 0.0
451.448214286 0.0
452.448214286 0.0
453.448214286 0.0
454.448214286 0.0
455.448214286 0.0
456.448214286 0.0
457.448214286 0.0
458.448214286 0.0
459.448214286 0.0
460.448214286 0.0
461.448214286 0.0
462.448214286 0.0
463.448214286 0.0
464.448214286 0.0
465.448214286 0.0
466.448214286 0.0
467.448214286 0.0
468.448214286 0.0
469.448214286 0.0
470.448214286 0.0
471.448214286 0.0
472.448214286 0.0
473.448214286 0.0
474.448214286 0.0
475.448214286 0.0
476.448214286 0.0
477.448214286 0.0
478.448214286 0.0
479.448214286 0.0
480.448214286 0.0
481.448214286 0.0
482.448214286 0.0
483.448214286 0.0
484.448214286 0.0
485.448214286 0.0
486.448214286 0.0
487.448214286 0.0
488.448214286 0.0
489.448214286 0.0
490.448214286 0.0
491.448214286 0.0
492.448214286 0.0
493.448214286 0.0
494.448214286 0.0
495.448214286 0.0
496.448214286 0.0
497.448214286 0.0
498.448214286 0.0
499.448214286 0.0
500.448214286 0.0
501.448214286 0.0
502.448214286 0.0
503.448214286 0.0
504.448214286 0.0
505.448214286 0.0
506.448214286 0.0
507.448214286 0.0
508.448214286 0.0
509.448214286 0.0
510.448214286 0.0
511.448214286 0.0
512.448214286 0.0
513.448214286 0.0
514.448214286 0.0
515.448214286 0.0
516.448214286 0.0
517.448214286 0.0
518.448214286 0.0
519.448214286 0.0
520.448214286 0.0
521.448214286 0.0
522.448214286 0.0
523.448214286 0.0
524.448214286 0.0
525.448214286 0.0
526.448214286 0.0
527.448214286 0.0
528.448214286 0.0
529.448214286 0.0
530.448214286 0.0
531.448214286 0.0
532.448214286 0.0
533.448214286 0.0
534.448214286 0.0
535.448214286 0.0
536.448214286 0.0
537.448214286 0.0
538.448214286 0.0
539.448214286 0.0
540.448214286 0.0
541.448214286 0.0
542.448214286 0.0
543.448214286 0.0
544.448214286 0.0
545.448214286 0.0
546.448214286 0.0
547.448214286 0.0
548.448214286 0.0
549.448214286 0.0
550.448214286 0.0
551.448214286 0.0
552.448214286 0.0
553.448214286 0.0
554.448214286 0.0
555.448214286 0.0
556.448214286 0.0
557.448214286 0.0
558.448214286 0.0
559.448214286 0.0
560.448214286 0.0
561.448214286 0.0
562.448214286 0.0
563.448214286 0.0
564.448214286 0.0
565.448214286 0.0
566.448214286 0.0
567.448214286 0.0
568.448214286 0.0
569.448214286 0.0
570.448214286 0.0
571.448214286 0.0
572.448214286 0.0
573.448214286 0.0
574.448214286 0.0
575.448214286 0.0
576.448214286 0.0
577.448214286 0.0
578.448214286 0.0
579.448214286 0.0
580.448214286 0.0
581.448214286 0.0
582.448214286 0.0
583.448214286 0.0
584.448214286 0.0
585.448214286 0.0
586.448214286 0.0
587.448214286 0.0
588.448214286 0.0
589.448214286 0.0
590.448214286 0.0
591.448214286 0.0
592.448214286 0.0
593.448214286 0.0
594.448214286 0.0
595.448214286 0.0
596.448214286 0.0
597.448214286 0.0
598.448214286 0.0
599.448214286 0.0
600.448214286 0.0
601.448214286 0.0
602.448214286 0.0
603.448214286 0.0
604.448214286 0.0
605.448214286 0.0
606.448214286 0.0
607.448214286 0.0
608.448214286 0.0
609.448214286 0.0
610.448214286 0.0
611.448214286 0.0
612.448214286 0.0
613.448214286 0.0
614.448214286 0.0
615.448214286 0.0
616.448214286 0.0
617.448214286 0.0
618.448214286 0.0
619.448214286 0.0
620.448214286 0.0
621.448214286 0.0
622.448214286 0.0
623.448214286 0.0
624.448214286 0.0
625.448214286 0.0
626.448214286 0.0
627.448214286 0.0
628.448214286 0.0
629.448214286 0.0
630.448214286 0.0
631.448214286 0.0
632.448214286 0.0
633.448214286 0.0
634.448214286 0.0
635.448214286 0.0
636.448214286 0.0
637.448214286 0.0
638.448214286 0.0
639.448214286 0.0
640.448214286 0.0
641.448214286 0.0
642.448214286 0.0
643.448214286 0.0
644.448214286 0.0
645.448214286 0.0
646.448214286 0.0
647.448214286 0.0
648.448214286 0.0
649.448214286 0.0
650.448214286 0.0
651.448214286 0.0
652.448214286 0.0
653.448214286 0.0
654.448214286 0.0
655.448214286 0.0
656.448214286 0.0
657.448214286 0.0
658.448214286 0.0
659.448214286 0.0
660.448214286 0.0
661.448214286 0.0
662.448214286 0.0
663.448214286 0.0
664.448214286 0.0
665.448214286 0.0
666.448214286 0.0
667.448214286 0.0
668.448214286 0.0
669.448214286 0.0
670.448214286 0.0
671.448214286 0.0
672.448214286 0.0
673.448214286 0.0
674.448214286 0.0
675.448214286 0.0
676.448214286 0.0
677.448214286 0.0
678.448214286 0.0
679.448214286 0.0
680.448214286 0.0
681.448214286 0.0
682.448214286 0.0
683.448214286 0.0
684.448214286 0.0
685.448214286 0.0
686.448214286 0.0
687.448214286 0.0
688.448214286 0.0
689.448214286 0.0
690.448214286 0.0
691.448214286 0.0
692.448214286 0.0
693.448214286 0.0
694.448214286 0.0
695.448214286 0.0
696.448214286 0.0
697.448214286 0.0
698.448214286 0.0
699.448214286 0.0
700.448214286 0.0
701.448214286 0.0
702.448214286 0.0
703.448214286 0.0
704.448214286 0.0
705.448214286 0.0
706.448214286 0.0
707.448214286 0.0
708.448214286 0.0
709.448214286 0.0
710.448214286 0.0
711.448214286 0.0
712.448214286 0.0
713.448214286 0.0
714.448214286 0.0
715.448214286 0.0
716.448214286 0.0
717.448214286 0.0
718.448214286 0.0
719.448214286 0.0
720.448214286 0.0
721.448214286 0.0
722.448214286 0.0
723.448214286 0.0
724.448214286 0.0
725.448214286 0.0
726.448214286 0.0
727.448214286 0.0
728.448214286 0.0
729.448214286 0.0
730.448214286 0.0
731.448214286 0.0
732.448214286 0.0
733.448214286 0.0
734.448214286 0.0
735.448214286 0.0
736.448214286 0.0
737.448214286 0.0
738.448214286 0.0
739.448214286 0.0
740.448214286 0.0
741.448214286 0.0
742.448214286 0.0
743.448214286 0.0
744.448214286 0.0
745.448214286 0.0
746.448214286 0.0
747.448214286 0.0
748.448214286 0.0
749.448214286 0.0
750.448214286 0.0
751.448214286 0.0
752.448214286 0.0
753.448214286 0.0
754.448214286 0.0
755.448214286 0.0
756.448214286 0.0
757.448214286 0.0
758.448214286 0.0
759.448214286 0.0
760.448214286 0.0
761.448214286 0.0
762.448214286 0.0
763.448214286 0.0
764.448214286 0.0
765.448214286 0.0
766.448214286 0.0
767.448214286 0.0
768.448214286 0.0
769.448214286 0.0
770.448214286 0.0
771.448214286 0.0
772.448214286 0.0
773.448214286 0.0
774.448214286 0.0
775.448214286 0.0
776.448214286 0.0
777.448214286 0.0
778.448214286 0.0
779.448214286 0.0
780.448214286 0.0
781.448214286 0.0
782.448214286 0.0
783.448214286 0.0
784.448214286 0.0
785.448214286 0.0
786.448214286 0.0
787.448214286 0.0
788.448214286 0.0
789.448214286 0.0
790.448214286 0.0
791.448214286 0.0
792.448214286 0.0
793.448214286 0.0
794.448214286 0.0
795.448214286 0.0
796.448214286 0.0
797.448214286 0.0
798.448214286 0.0
799.448214286 0.0
800.448214286 0.0
801.448214286 0.0
802.448214286 0.0
803.448214286 0.0
804.448214286 0.0
805.448214286 0.0
806.448214286 0.0
807.448214286 0.0
808.448214286 0.0
809.448214286 0.0
810.448214286 0.0
811.448214286 0.0
812.448214286 0.0
813.448214286 0.0
814.448214286 0.0
815.448214286 0.0
816.448214286 0.0
817.448214286 0.0
818.448214286 0.0
819.448214286 0.0
820.448214286 0.0
821.448214286 0.0
822.448214286 0.0
823.448214286 0.0
824.448214286 0.0
825.448214286 0.0
826.448214286 0.0
827.448214286 0.0
828.448214286 0.0
829.448214286 0.0
830.448214286 0.0
831.448214286 0.0
832.448214286 0.0
833.448214286 0.0
834.448214286 0.0
835.448214286 0.0
836.448214286 0.0
837.448214286 0.0
838.448214286 0.0
839.448214286 0.0
840.448214286 0.0
841.448214286 0.0
842.448214286 0.0
843.448214286 0.0
844.448214286 0.0
845.448214286 0.0
846.448214286 0.0
847.448214286 0.0
848.448214286 0.0
849.448214286 0.0
850.448214286 0.0
851.448214286 0.0
852.448214286 0.0
853.448214286 0.0
854.448214286 0.0
855.448214286 0.0
856.448214286 0.0
857.448214286 0.0
858.448214286 0.0
859.448214286 0.0
860.448214286 0.0
861.448214286 0.0
862.448214286 0.0
863.448214286 0.0
864.448214286 0.0
865.448214286 0.0
866.448214286 0.0
867.448214286 0.0
868.448214286 0.0
869.448214286 0.0
870.448214286 0.0
871.448214286 0.0
872.448214286 0.0
873.448214286 0.0
874.448214286 0.0
875.448214286 0.0
876.448214286 0.0
877.448214286 0.0
878.448214286 0.0
879.448214286 0.0
880.448214286 0.0
881.448214286 0.0
882.448214286 0.0
883.448214286 0.0
884.448214286 0.0
885.448214286 0.0
886.448214286 0.0
887.448214286 0.0
888.448214286 0.0
889.448214286 0.0
890.448214286 0.0
891.448214286 0.0
892.448214286 0.0
893.448214286 0.0
894.448214286 0.0
895.448214286 0.0
896.448214286 0.0
897.448214286 0.0
898.448214286 0.0
899.448214286 0.0
900.448214286 0.0
901.448214286 0.0
902.448214286 0.0
903.448214286 0.0
904.448214286 0.0
905.448214286 0.0
906.448214286 0.0
907.448214286 0.0
908.448214286 0.0
909.448214286 0.0
910.448214286 0.0
911.448214286 0.0
912.448214286 0.0
913.448214286 0.0
914.448214286 0.0
915.448214286 0.0
916.448214286 0.0
917.448214286 0.0
918.448214286 0.0
919.448214286 0.0
920.448214286 0.0
921.448214286 0.0
922.448214286 0.0
923.448214286 0.0
924.448214286 0.0
925.448214286 0.0
926.448214286 0.0
927.448214286 0.0
928.448214286 0.0
929.448214286 0.0
