-627.482496195 0.0
-626.482496195 0.0
-625.482496195 0.0
-624.482496195 0.0
-623.482496195 0.0
-622.482496195 0.0
-621.482496195 0.0
-620.482496195 0.0
-619.482496195 0.0
-618.482496195 0.0
-617.482496195 0.0
-616.482496195 0.0
-615.482496195 0.0
-614.482496195 0.0
-613.482496195 0.0
-612.482496195 0.0
-611.482496195 0.0
-610.482496195 0.0
-609.482496195 0.0
-608.482496195 0.0
-607.482496195 0.0
-606.482496195 0.0
-605.482496195 0.0
-604.482496195 0.0
-603.482496195 0.0
-602.482496195 0.0
-601.482496195 0.0
-600.482496195 0.0
-599.482496195 0.0
-598.482496195 0.0
-597.482496195 0.0
-596.482496195 0.0
-595.482496195 0.0
-594.482496195 0.0
-593.482496195 0.0
-592.482496195 0.0
-591.482496195 0.0
-590.482496195 0.0
-589.482496195 0.0
-588.482496195 0.0
-587.482496195 0.0
-586.482496195 0.0
-585.482496195 0.0
-584.482496195 0.0
-583.482496195 0.0
-582.482496195 0.0
-581.482496195 0.0
-580.482496195 0.0
-579.482496195 0.0
-578.482496195 0.0
-577.482496195 0.0
-576.482496195 0.0
-575.482496195 0.0
-574.482496195 0.0
-573.482496195 0.0
-572.482496195 0.0
-571.482496195 0.0
-570.482496195 0.0
-569.482496195 0.0
-568.482496195 0.0
-567.482496195 0.0
-566.482496195 0.0
-565.482496195 0.0
-564.482496195 0.0
-563.482496195 0.0
-562.482496195 0.0
-561.482496195 0.0
-560.482496195 0.0
-559.482496195 0.0
-558.482496195 0.0
-557.482496195 0.0
-556.482496195 0.0
-555.482496195 0.0
-554.482496195 0.0
-553.482496195 0.0
-552.482496195 0.0
-551.482496195 0.0
-550.482496195 0.0
-549.482496195 0.0
-548.482496195 0.0
-547.482496195 0.0
-546.482496195 0.0
-545.482496195 0.0
-544.482496195 0.0
-543.482496195 0.0
-542.482496195 0.0
-541.482496195 0.0
-540.482496195 0.0
-539.482496195 0.0
-538.482496195 0.0
-537.482496195 0.0
-536.482496195 0.0
-535.482496195 0.0
-534.482496195 0.0
-533.482496195 0.0
-532.482496195 0.0
-531.482496195 0.0
-530.482496195 0.0
-529.482496195 0.0
-528.482496195 0.0
-527.482496195 0.0
-526.482496195 0.0
-525.482496195 0.0
-524.482496195 0.0
-523.482496195 0.0
-522.482496195 0.0
-521.482496195 0.0
-520.482496195 0.0
-519.482496195 0.0
-518.482496195 0.0
-517.482496195 0.0
-516.482496195 0.0
-515.482496195 0.0
-514.482496195 0.0
-513.482496195 0.0
-512.482496195 0.0
-511.482496195 0.0
-510.482496195 0.0
-509.482496195 0.0
-508.482496195 0.0
-507.482496195 0.0
-506.482496195 0.0
-505.482496195 0.0
-504.482496195 0.0
-503.482496195 0.0
-502.482496195 0.0
-501.482496195 0.0
-500.482496195 0.0
-499.482496195 0.0
-498.482496195 0.0
-497.482496195 0.0
-496.482496195 0.0
-495.482496195 0.0
-494.482496195 0.0
-493.482496195 0.0
-492.482496195 0.0
-491.482496195 0.0
-490.482496195 0.0
-489.482496195 0.0
-488.482496195 0.0
-487.482496195 0.0
-486.482496195 0.0
-485.482496195 0.0
-484.482496195 0.0
-483.482496195 0.0
-482.482496195 0.0
-481.482496195 0.0
-480.482496195 0.0
-479.482496195 0.0
-478.482496195 0.0
-477.482496195 0.0
-476.482496195 0.0
-475.482496195 0.0
-474.482496195 0.0
-473.482496195 0.0
-472.482496195 0.0
-471.482496195 0.0
-470.482496195 0.0
-469.482496195 0.0
-468.482496195 0.0
-467.482496195 0.0
-466.482496195 0.0
-465.482496195 0.0
-464.482496195 0.0
-463.482496195 0.0
-462.482496195 0.0
-461.482496195 0.0
-460.482496195 0.0
-459.482496195 0.0
-458.482496195 0.0
-457.482496195 0.0
-456.482496195 0.0
-455.482496195 0.0
-454.482496195 0.0
-453.482496195 0.0
-452.482496195 0.0
-451.482496195 0.0
-450.482496195 0.0
-449.482496195 0.0
-448.482496195 0.0
-447.482496195 0.0
-446.482496195 0.0
-445.482496195 0.0
-444.482496195 0.0
-443.482496195 0.0
-442.482496195 0.0
-441.482496195 0.0
-440.482496195 0.0
-439.482496195 0.0
-438.482496195 0.0
-437.482496195 0.0
-436.482496195 0.0
-435.482496195 0.0
-434.482496195 0.0
-433.482496195 0.0
-432.482496195 0.0
-431.482496195 0.0
-430.482496195 0.0
-429.482496195 0.0
-428.482496195 0.0
-427.482496195 0.0
-426.482496195 0.0
-425.482496195 0.0
-424.482496195 0.0
-423.482496195 0.0
-422.482496195 0.0
-421.482496195 0.0
-420.482496195 0.0
-419.482496195 0.0
-418.482496195 0.0
-417.482496195 0.0
-416.482496195 0.0
-415.482496195 0.0
-414.482496195 0.0
-413.482496195 0.0
-412.482496195 0.0
-411.482496195 0.0
-410.482496195 0.0
-409.482496195 0.0
-408.482496195 0.0
-407.482496195 0.0
-406.482496195 0.0
-405.482496195 0.0
-404.482496195 0.0
-403.482496195 0.0
-402.482496195 0.0
-401.482496195 0.0
-400.482496195 0.0
-399.482496195 0.0
-398.482496195 0.0
-397.482496195 0.0
-396.482496195 0.0
-395.482496195 0.0
-394.482496195 0.0
-393.482496195 0.0
-392.482496195 0.0
-391.482496195 0.0
-390.482496195 0.0
-389.482496195 0.0
-388.482496195 0.0
-387.482496195 0.0
-386.482496195 0.0
-385.482496195 0.0
-384.482496195 0.0
-383.482496195 0.0
-382.482496195 0.0
-381.482496195 0.0
-380.482496195 0.0
-379.482496195 0.0
-378.482496195 0.0
-377.482496195 0.0
-376.482496195 0.0
-375.482496195 0.0
-374.482496195 0.0
-373.482496195 0.0
-372.482496195 0.0
-371.482496195 0.0
-370.482496195 0.0
-369.482496195 0.0
-368.482496195 0.0
-367.482496195 0.0
-366.482496195 0.0
-365.482496195 0.0
-364.482496195 0.0
-363.482496195 0.0
-362.482496195 0.0
-361.482496195 0.0
-360.482496195 0.0
-359.482496195 0.0
-358.482496195 0.0
-357.482496195 0.0
-356.482496195 0.0
-355.482496195 0.0
-354.482496195 0.0
-353.482496195 0.0
-352.482496195 0.0
-351.482496195 0.0
-350.482496195 0.0
-349.482496195 0.0
-348.482496195 0.0
-347.482496195 0.0
-346.482496195 0.0
-345.482496195 0.0
-344.482496195 0.0
-343.482496195 0.0
-342.482496195 0.0
-341.482496195 0.0
-340.482496195 0.0
-339.482496195 0.0
-338.482496195 0.0
-337.482496195 0.0
-336.482496195 0.0
-335.482496195 0.0
-334.482496195 0.0
-333.482496195 0.0
-332.482496195 0.0
-331.482496195 0.0
-330.482496195 0.0
-329.482496195 0.0
-328.482496195 0.0
-327.482496195 0.0
-326.482496195 0.0
-325.482496195 0.0
-324.482496195 0.0
-323.482496195 0.0
-322.482496195 0.0
-321.482496195 0.0
-320.482496195 0.0
-319.482496195 0.0
-318.482496195 0.0
-317.482496195 0.0
-316.482496195 0.0
-315.482496195 0.0
-314.482496195 0.0
-313.482496195 0.0
-312.482496195 0.0
-311.482496195 0.0
-310.482496195 0.0
-309.482496195 0.0
-308.482496195 0.0
-307.482496195 0.0
-306.482496195 0.0
-305.482496195 0.0
-304.482496195 0.0
-303.482496195 0.0
-302.482496195 0.0
-301.482496195 0.0
-300.482496195 0.0
-299.482496195 0.0
-298.482496195 0.0
-297.482496195 0.0
-296.482496195 0.0
-295.482496195 0.0
-294.482496195 0.0
-293.482496195 0.0
-292.482496195 0.0
-291.482496195 0.0
-290.482496195 0.0
-289.482496195 0.0
-288.482496195 0.0
-287.482496195 0.0
-286.482496195 0.0
-285.482496195 0.0
-284.482496195 0.0
-283.482496195 0.0
-282.482496195 0.0
-281.482496195 0.0
-280.482496195 0.0
-279.482496195 0.0
-278.482496195 0.0
-277.482496195 0.0
-276.482496195 0.0
-275.482496195 0.0
-274.482496195 0.0
-273.482496195 0.0
-272.482496195 0.0
-271.482496195 0.0
-270.482496195 0.0
-269.482496195 0.0
-268.482496195 0.0
-267.482496195 0.0
-266.482496195 0.0
-265.482496195 0.0
-264.482496195 0.0
-263.482496195 0.0
-262.482496195 0.0
-261.482496195 0.0
-260.482496195 0.0
-259.482496195 0.0
-258.482496195 0.0
-257.482496195 0.0
-256.482496195 0.0
-255.482496195 0.0
-254.482496195 0.0
-253.482496195 0.0
-252.482496195 0.0
-251.482496195 0.0
-250.482496195 0.0
-249.482496195 0.0
-248.482496195 0.0
-247.482496195 0.0
-246.482496195 0.0
-245.482496195 0.0
-244.482496195 0.0
-243.482496195 0.0
-242.482496195 0.0
-241.482496195 0.0
-240.482496195 0.0
-239.482496195 0.0
-238.482496195 0.0
-237.482496195 0.0
-236.482496195 0.0
-235.482496195 0.0
-234.482496195 0.0
-233.482496195 0.0
-232.482496195 0.0
-231.482496195 0.0
-230.482496195 0.0
-229.482496195 0.0
-228.482496195 0.0
-227.482496195 0.0
-226.482496195 0.0
-225.482496195 0.0
-224.482496195 0.0
-223.482496195 0.0
-222.482496195 0.0
-221.482496195 0.0
-220.482496195 0.0
-219.482496195 0.0
-218.482496195 0.0
-217.482496195 0.0
-216.482496195 0.0
-215.482496195 0.0
-214.482496195 0.0
-213.482496195 0.0
-212.482496195 0.0
-211.482496195 0.0
-210.482496195 0.0
-209.482496195 0.0
-208.482496195 0.0
-207.482496195 0.0
-206.482496195 0.0
-205.482496195 0.0
-204.482496195 0.0
-203.482496195 0.0
-202.482496195 0.0
-201.482496195 0.0
-200.482496195 0.0
-199.482496195 0.0
-198.482496195 0.0
-197.482496195 0.0
-196.482496195 0.0
-195.482496195 0.0
-194.482496195 0.0
-193.482496195 0.0
-192.482496195 0.0
-191.482496195 0.0
-190.482496195 0.0
-189.482496195 0.0
-188.482496195 0.0
-187.482496195 0.0
-186.482496195 0.0
-185.482496195 0.0
-184.482496195 0.0
-183.482496195 0.0
-182.482496195 0.0
-181.482496195 0.0
-180.482496195 0.0
-179.482496195 0.0
-178.482496195 0.0
-177.482496195 0.0
-176.482496195 0.0
-175.482496195 0.0
-174.482496195 0.0
-173.482496195 0.0
-172.482496195 0.0
-171.482496195 0.0
-170.482496195 0.0
-169.482496195 0.0
-168.482496195 0.0
-167.482496195 0.0
-166.482496195 0.0
-165.482496195 0.0
-164.482496195 0.0
-163.482496195 0.0
-162.482496195 0.0
-161.482496195 0.0
-160.482496195 0.0
-159.482496195 0.0
-158.482496195 0.0
-157.482496195 0.0
-156.482496195 0.0
-155.482496195 0.0
-154.482496195 0.0
-153.482496195 0.0
-152.482496195 0.0
-151.482496195 0.0
-150.482496195 0.0
-149.482496195 0.0
-148.482496195 0.0
-147.482496195 0.0
-146.482496195 0.0
-145.482496195 0.0
-144.482496195 0.0
-143.482496195 0.0
-142.482496195 0.0
-141.482496195 0.0
-140.482496195 0.0
-139.482496195 0.0
-138.482496195 0.0
-137.482496195 0.0
-136.482496195 0.0
-135.482496195 0.0
-134.482496195 0.0
-133.482496195 0.0
-132.482496195 0.0
-131.482496195 0.0
-130.482496195 0.0
-129.482496195 0.0
-128.482496195 0.0
-127.482496195 0.000000e+00
-126.975139523 0.000000e+00
-126.467782851 0.000000e+00
-125.96042618 0.000000e+00
-125.453069508 0.000000e+00
-124.945712836 0.000000e+00
-124.438356164 0.000000e+00
-123.930999493 0.000000e+00
-123.423642821 0.000000e+00
-122.916286149 0.000000e+00
-122.408929477 0.000000e+00
-121.901572806 0.000000e+00
-121.394216134 0.000000e+00
-120.886859462 0.000000e+00
-120.37950279 0.000000e+00
-119.872146119 0.000000e+00
-119.364789447 0.000000e+00
-118.857432775 0.000000e+00
-118.350076104 0.000000e+00
-117.842719432 0.000000e+00
-117.33536276 0.000000e+00
-116.828006088 0.000000e+00
-116.320649417 0.000000e+00
-115.813292745 0.000000e+00
-115.305936073 0.000000e+00
-114.798579401 0.000000e+00
-114.29122273 0.000000e+00
-113.783866058 0.000000e+00
-113.276509386 0.000000e+00
-112.769152714 0.000000e+00
-112.261796043 0.000000e+00
-111.754439371 0.000000e+00
-111.247082699 0.000000e+00
-110.739726027 0.000000e+00
-110.232369356 0.000000e+00
-109.725012684 0.000000e+00
-109.217656012 0.000000e+00
-108.71029934 0.000000e+00
-108.202942669 0.000000e+00
-107.695585997 0.000000e+00
-107.188229325 0.000000e+00
-106.680872653 0.000000e+00
-106.173515982 0.000000e+00
-105.66615931 0.000000e+00
-105.158802638 0.000000e+00
-104.651445967 0.000000e+00
-104.144089295 0.000000e+00
-103.636732623 0.000000e+00
-103.129375951 0.000000e+00
-102.62201928 0.000000e+00
-102.114662608 0.000000e+00
-101.607305936 0.000000e+00
-101.099949264 0.000000e+00
-100.592592593 0.000000e+00
-100.085235921 0.000000e+00
-99.5778792491 0.000000e+00
-99.0705225774 0.000000e+00
-98.5631659056 0.000000e+00
-98.0558092339 0.000000e+00
-97.5484525622 0.000000e+00
-97.0410958904 0.000000e+00
-96.5337392187 0.000000e+00
-96.0263825469 0.000000e+00
-95.5190258752 0.000000e+00
-95.0116692035 0.000000e+00
-94.5043125317 0.000000e+00
-93.99695586 0.000000e+00
-93.4895991882 0.000000e+00
-92.9822425165 0.000000e+00
-92.4748858447 0.000000e+00
-91.967529173 0.000000e+00
-91.4601725013 0.000000e+00
-90.9528158295 0.000000e+00
-90.4454591578 0.000000e+00
-89.938102486 0.000000e+00
-89.4307458143 0.000000e+00
-88.9233891426 0.000000e+00
-88.4160324708 0.000000e+00
-87.9086757991 0.000000e+00
-87.4013191273 0.000000e+00
-86.8939624556 0.000000e+00
-86.3866057839 0.000000e+00
-85.8792491121 0.000000e+00
-85.3718924404 0.000000e+00
-84.8645357686 0.000000e+00
-84.3571790969 0.000000e+00
-83.8498224252 0.000000e+00
-83.3424657534 0.000000e+00
-82.8351090817 0.000000e+00
-82.3277524099 0.000000e+00
-81.8203957382 0.000000e+00
-81.3130390665 0.000000e+00
-80.8056823947 0.000000e+00
-80.298325723 0.000000e+00
-79.7909690512 0.000000e+00
-79.2836123795 0.000000e+00
-78.7762557078 0.000000e+00
-78.268899036 0.000000e+00
-77.7615423643 0.000000e+00
-77.2541856925 0.000000e+00
-76.7468290208 0.000000e+00
-76.2394723491 0.000000e+00
-75.7321156773 0.000000e+00
-75.2247590056 0.000000e+00
-74.7174023338 0.000000e+00
-74.2100456621 0.000000e+00
-73.7026889904 0.000000e+00
-73.1953323186 0.000000e+00
-72.6879756469 0.000000e+00
-72.1806189751 0.000000e+00
-71.6732623034 0.000000e+00
-71.1659056317 0.000000e+00
-70.6585489599 0.000000e+00
-70.1511922882 0.000000e+00
-69.6438356164 0.000000e+00
-69.1364789447 0.000000e+00
-68.629122273 0.000000e+00
-68.1217656012 0.000000e+00
-67.6144089295 0.000000e+00
-67.1070522577 0.000000e+00
-66.599695586 0.000000e+00
-66.0923389143 0.000000e+00
-65.5849822425 0.000000e+00
-65.0776255708 0.000000e+00
-64.570268899 0.000000e+00
-64.0629122273 0.000000e+00
-63.5555555556 0.000000e+00
-63.0481988838 0.000000e+00
-62.5408422121 0.000000e+00
-62.0334855403 0.000000e+00
-61.5261288686 0.000000e+00
-61.0187721969 0.000000e+00
-60.5114155251 0.000000e+00
-60.0040588534 0.000000e+00
-59.4967021816 0.000000e+00
-58.9893455099 0.000000e+00
-58.4819888382 0.000000e+00
-57.9746321664 0.000000e+00
-57.4672754947 0.000000e+00
-56.9599188229 0.000000e+00
-56.4525621512 0.000000e+00
-55.9452054795 0.000000e+00
-55.4378488077 0.000000e+00
-54.930492136 0.000000e+00
-54.4231354642 0.000000e+00
-53.9157787925 0.000000e+00
-53.4084221208 0.000000e+00
-52.901065449 0.000000e+00
-52.3937087773 0.000000e+00
-51.8863521055 0.000000e+00
-51.3789954338 0.000000e+00
-50.871638762 0.000000e+00
-50.3642820903 0.000000e+00
-49.8569254186 0.000000e+00
-49.3495687468 0.000000e+00
-48.8422120751 0.000000e+00
-48.3348554033 0.000000e+00
-47.8274987316 0.000000e+00
-47.3201420599 0.000000e+00
-46.8127853881 0.000000e+00
-46.3054287164 0.000000e+00
-45.7980720446 0.000000e+00
-45.2907153729 0.000000e+00
-44.7833587012 0.000000e+00
-44.2760020294 0.000000e+00
-43.7686453577 0.000000e+00
-43.2612886859 0.000000e+00
-42.7539320142 0.000000e+00
-42.2465753425 0.000000e+00
-41.7392186707 0.000000e+00
-41.231861999 0.000000e+00
-40.7245053272 0.000000e+00
-40.2171486555 0.000000e+00
-39.7097919838 0.000000e+00
-39.202435312 0.000000e+00
-38.6950786403 0.000000e+00
-38.1877219685 0.000000e+00
-37.6803652968 0.000000e+00
-37.1730086251 0.000000e+00
-36.6656519533 0.000000e+00
-36.1582952816 0.000000e+00
-35.6509386098 0.000000e+00
-35.1435819381 0.000000e+00
-34.6362252664 0.000000e+00
-34.1288685946 0.000000e+00
-33.6215119229 0.000000e+00
-33.1141552511 0.000000e+00
-32.6067985794 0.000000e+00
-32.0994419077 0.000000e+00
-31.5920852359 0.000000e+00
-31.0847285642 0.000000e+00
-30.5773718924 0.000000e+00
-30.0700152207 0.000000e+00
-29.562658549 0.000000e+00
-29.0553018772 0.000000e+00
-28.5479452055 0.000000e+00
-28.0405885337 0.000000e+00
-27.533231862 0.000000e+00
-27.0258751903 0.000000e+00
-26.5185185185 0.000000e+00
-26.0111618468 0.000000e+00
-25.503805175 0.000000e+00
-24.9964485033 0.000000e+00
-24.4890918316 0.000000e+00
-23.9817351598 0.000000e+00
-23.4743784881 0.000000e+00
-22.9670218163 0.000000e+00
-22.4596651446 0.000000e+00
-21.9523084729 0.000000e+00
-21.4449518011 0.000000e+00
-20.9375951294 0.000000e+00
-20.4302384576 0.000000e+00
-19.9228817859 0.000000e+00
-19.4155251142 0.000000e+00
-18.9081684424 0.000000e+00
-18.4008117707 0.000000e+00
-17.8934550989 0.000000e+00
-17.3860984272 0.000000e+00
-16.8787417555 0.000000e+00
-16.3713850837 0.000000e+00
-15.864028412 0.000000e+00
-15.3566717402 0.000000e+00
-14.8493150685 0.000000e+00
-14.3419583968 0.000000e+00
-13.834601725 0.000000e+00
-13.3272450533 0.000000e+00
-12.8198883815 0.000000e+00
-12.3125317098 0.000000e+00
-11.8051750381 0.000000e+00
-11.2978183663 0.000000e+00
-10.7904616946 0.000000e+00
-10.2831050228 0.000000e+00
-9.77574835109 0.000000e+00
-9.26839167935 0.000000e+00
-8.76103500761 0.000000e+00
-8.25367833587 0.000000e+00
-7.74632166413 0.000000e+00
-7.23896499239 0.000000e+00
-6.73160832065 0.000000e+00
-6.22425164891 0.000000e+00
-5.71689497717 0.000000e+00
-5.20953830543 0.000000e+00
-4.70218163369 0.000000e+00
-4.19482496195 0.000000e+00
-3.68746829021 0.000000e+00
-3.18011161847 0.000000e+00
-2.67275494673 0.000000e+00
-2.16539827499 0.000000e+00
-1.65804160325 0.000000e+00
-1.15068493151 0.000000e+00
-0.643328259767 0.000000e+00
-0.135971588026 1.732309e-01
0.371385083714 8.681745e-01
0.878741755454 1.000000e+00
1.38609842719 4.961644e-01
1.89345509893 2.534547e-01
2.40081177067 9.512346e-02
2.90816844242 5.852076e-02
3.41552511416 0.000000e+00
3.9228817859 0.000000e+00
4.43023845764 0.000000e+00
4.93759512938 0.000000e+00
5.44495180112 0.000000e+00
5.95230847286 0.000000e+00
6.4596651446 0.000000e+00
6.96702181634 0.000000e+00
7.47437848808 0.000000e+00
7.98173515982 0.000000e+00
8.48909183156 0.000000e+00
8.9964485033 0.000000e+00
9.50380517504 0.000000e+00
10.0111618468 0.000000e+00
10.5185185185 0.000000e+00
11.0258751903 0.000000e+00
11.533231862 0.000000e+00
12.0405885337 0.000000e+00
12.5479452055 0.000000e+00
13.0553018772 0.000000e+00
13.562658549 0.000000e+00
14.0700152207 0.000000e+00
14.5773718924 0.000000e+00
15.0847285642 0.000000e+00
15.5920852359 0.000000e+00
16.0994419077 0.000000e+00
16.6067985794 0.000000e+00
17.1141552511 0.000000e+00
17.6215119229 0.000000e+00
18.1288685946 0.000000e+00
18.6362252664 0.000000e+00
19.1435819381 0.000000e+00
19.6509386098 0.000000e+00
20.1582952816 0.000000e+00
20.6656519533 0.000000e+00
21.1730086251 0.000000e+00
21.6803652968 0.000000e+00
22.1877219685 0.000000e+00
22.6950786403 0.000000e+00
23.202435312 0.000000e+00
23.7097919838 0.000000e+00
24.2171486555 0.000000e+00
24.7245053272 0.000000e+00
25.231861999 0.000000e+00
25.7392186707 0.000000e+00
26.2465753425 0.000000e+00
26.7539320142 0.000000e+00
27.2612886859 0.000000e+00
27.7686453577 0.000000e+00
28.2760020294 0.000000e+00
28.7833587012 0.000000e+00
29.2907153729 0.000000e+00
29.7980720446 0.000000e+00
30.3054287164 0.000000e+00
30.8127853881 0.000000e+00
31.3201420599 0.000000e+00
31.8274987316 0.000000e+00
32.3348554033 0.000000e+00
32.8422120751 0.000000e+00
33.3495687468 0.000000e+00
33.8569254186 0.000000e+00
34.3642820903 0.000000e+00
34.871638762 0.000000e+00
35.3789954338 0.000000e+00
35.8863521055 0.000000e+00
36.3937087773 0.000000e+00
36.901065449 0.000000e+00
37.4084221208 0.000000e+00
37.9157787925 0.000000e+00
38.4231354642 0.000000e+00
38.930492136 0.000000e+00
39.4378488077 0.000000e+00
39.9452054795 0.000000e+00
40.4525621512 0.000000e+00
40.9599188229 0.000000e+00
41.4672754947 0.000000e+00
41.9746321664 0.000000e+00
42.4819888382 0.000000e+00
42.9893455099 0.000000e+00
43.4967021816 0.000000e+00
44.0040588534 0.000000e+00
44.5114155251 0.000000e+00
45.0187721969 0.000000e+00
45.5261288686 0.000000e+00
46.0334855403 0.000000e+00
46.5408422121 0.000000e+00
47.0481988838 0.000000e+00
47.5555555556 0.000000e+00
48.0629122273 0.000000e+00
48.570268899 0.000000e+00
49.0776255708 0.000000e+00
49.5849822425 0.000000e+00
50.0923389143 0.000000e+00
50.599695586 0.000000e+00
51.1070522577 0.000000e+00
51.6144089295 0.000000e+00
52.1217656012 0.000000e+00
52.629122273 0.000000e+00
53.1364789447 0.000000e+00
53.6438356164 0.000000e+00
54.1511922882 0.000000e+00
54.6585489599 0.000000e+00
55.1659056317 0.000000e+00
55.6732623034 0.000000e+00
56.1806189751 0.000000e+00
56.6879756469 0.000000e+00
57.1953323186 0.000000e+00
57.7026889904 0.000000e+00
58.2100456621 0.000000e+00
58.7174023338 0.000000e+00
59.2247590056 0.000000e+00
59.7321156773 0.000000e+00
60.2394723491 0.000000e+00
60.7468290208 0.000000e+00
61.2541856925 0.000000e+00
61.7615423643 0.000000e+00
62.268899036 0.000000e+00
62.7762557078 0.000000e+00
63.2836123795 0.000000e+00
63.7909690512 0.000000e+00
64.298325723 0.000000e+00
64.8056823947 0.000000e+00
65.3130390665 0.000000e+00
65.8203957382 0.000000e+00
66.3277524099 0.000000e+00
66.8351090817 0.000000e+00
67.3424657534 0.000000e+00
67.8498224252 0.000000e+00
68.3571790969 0.000000e+00
68.8645357686 0.000000e+00
69.3718924404 0.000000e+00
69.8792491121 0.000000e+00
70.3866057839 0.000000e+00
70.8939624556 0.000000e+00
71.4013191273 0.000000e+00
71.9086757991 0.000000e+00
72.4160324708 0.000000e+00
72.9233891426 0.000000e+00
73.4307458143 0.000000e+00
73.938102486 0.000000e+00
74.4454591578 0.000000e+00
74.9528158295 0.000000e+00
75.4601725013 0.000000e+00
75.967529173 0.000000e+00
76.4748858447 0.000000e+00
76.9822425165 0.000000e+00
77.4895991882 0.000000e+00
77.99695586 0.000000e+00
78.5043125317 0.000000e+00
79.0116692035 0.000000e+00
79.5190258752 0.000000e+00
80.0263825469 0.000000e+00
80.5337392187 0.000000e+00
81.0410958904 0.000000e+00
81.5484525622 0.000000e+00
82.0558092339 0.000000e+00
82.5631659056 0.000000e+00
83.0705225774 0.000000e+00
83.5778792491 0.000000e+00
84.0852359209 0.000000e+00
84.5925925926 0.000000e+00
85.0999492643 0.000000e+00
85.6073059361 0.000000e+00
86.1146626078 0.000000e+00
86.6220192796 0.000000e+00
87.1293759513 0.000000e+00
87.636732623 0.000000e+00
88.1440892948 0.000000e+00
88.6514459665 0.000000e+00
89.1588026383 0.000000e+00
89.66615931 0.000000e+00
90.1735159817 0.000000e+00
90.6808726535 0.000000e+00
91.1882293252 0.000000e+00
91.695585997 0.000000e+00
92.2029426687 0.000000e+00
92.7102993404 0.000000e+00
93.2176560122 0.000000e+00
93.7250126839 0.000000e+00
94.2323693557 0.000000e+00
94.7397260274 0.000000e+00
95.2470826991 0.000000e+00
95.7544393709 0.000000e+00
96.2617960426 0.000000e+00
96.7691527144 0.000000e+00
97.2765093861 0.000000e+00
97.7838660578 0.000000e+00
98.2912227296 0.000000e+00
98.7985794013 0.000000e+00
99.3059360731 0.000000e+00
99.8132927448 0.000000e+00
100.320649417 0.000000e+00
100.828006088 0.000000e+00
101.33536276 0.000000e+00
101.842719432 0.000000e+00
102.350076104 0.000000e+00
102.857432775 0.000000e+00
103.364789447 0.000000e+00
103.872146119 0.000000e+00
104.37950279 0.000000e+00
104.886859462 0.000000e+00
105.394216134 0.000000e+00
105.901572806 0.000000e+00
106.408929477 0.000000e+00
106.916286149 0.000000e+00
107.423642821 0.000000e+00
107.930999493 0.000000e+00
108.438356164 0.000000e+00
108.945712836 0.000000e+00
109.453069508 0.000000e+00
109.96042618 0.000000e+00
110.467782851 0.000000e+00
110.975139523 0.000000e+00
111.482496195 0.000000e+00
111.989852867 0.000000e+00
112.497209538 0.000000e+00
113.00456621 0.000000e+00
113.511922882 0.000000e+00
114.019279554 0.000000e+00
114.526636225 0.000000e+00
115.033992897 0.000000e+00
115.541349569 0.000000e+00
116.04870624 0.000000e+00
116.556062912 0.000000e+00
117.063419584 0.000000e+00
117.570776256 0.000000e+00
118.078132927 0.000000e+00
118.585489599 0.000000e+00
119.092846271 0.000000e+00
119.600202943 0.000000e+00
120.107559614 0.000000e+00
120.614916286 0.000000e+00
121.122272958 0.000000e+00
121.62962963 0.000000e+00
122.136986301 0.000000e+00
122.644342973 0.000000e+00
123.151699645 0.000000e+00
123.659056317 0.000000e+00
124.166412988 0.000000e+00
124.67376966 0.000000e+00
125.181126332 0.000000e+00
125.688483004 0.000000e+00
126.195839675 0.000000e+00
126.703196347 0.000000e+00
127.210553019 0.000000e+00
127.717909691 0.000000e+00
128.225266362 0.000000e+00
128.732623034 0.000000e+00
129.239979706 0.000000e+00
129.747336377 0.000000e+00
130.254693049 0.000000e+00
130.762049721 0.000000e+00
131.269406393 0.000000e+00
131.776763064 0.000000e+00
132.284119736 0.000000e+00
132.791476408 0.000000e+00
133.29883308 0.000000e+00
133.806189751 0.000000e+00
134.313546423 0.000000e+00
134.820903095 0.000000e+00
135.328259767 0.000000e+00
135.835616438 0.000000e+00
136.34297311 0.000000e+00
136.850329782 0.000000e+00
137.357686454 0.000000e+00
137.865043125 0.000000e+00
138.372399797 0.000000e+00
138.879756469 0.000000e+00
139.387113141 0.000000e+00
139.894469812 0.000000e+00
140.401826484 0.000000e+00
140.909183156 0.000000e+00
141.416539827 0.000000e+00
141.923896499 0.000000e+00
142.431253171 0.000000e+00
142.938609843 0.000000e+00
143.445966514 0.000000e+00
143.953323186 0.000000e+00
144.460679858 0.000000e+00
144.96803653 0.000000e+00
145.475393201 0.000000e+00
145.982749873 0.000000e+00
146.490106545 0.000000e+00
146.997463217 0.000000e+00
147.504819888 0.000000e+00
148.01217656 0.000000e+00
148.519533232 0.000000e+00
149.026889904 0.000000e+00
149.534246575 0.000000e+00
150.041603247 0.000000e+00
150.548959919 0.000000e+00
151.056316591 0.000000e+00
151.563673262 0.000000e+00
152.071029934 0.000000e+00
152.578386606 0.000000e+00
153.085743278 0.000000e+00
153.593099949 0.000000e+00
154.100456621 0.000000e+00
154.607813293 0.000000e+00
155.115169964 0.000000e+00
155.622526636 0.000000e+00
156.129883308 0.000000e+00
156.63723998 0.000000e+00
157.144596651 0.000000e+00
157.651953323 0.000000e+00
158.159309995 0.000000e+00
158.666666667 0.000000e+00
159.174023338 0.000000e+00
159.68138001 0.000000e+00
160.188736682 0.000000e+00
160.696093354 0.000000e+00
161.203450025 0.000000e+00
161.710806697 0.000000e+00
162.218163369 0.000000e+00
162.725520041 0.000000e+00
163.232876712 0.000000e+00
163.740233384 0.000000e+00
164.247590056 0.000000e+00
164.754946728 0.000000e+00
165.262303399 0.000000e+00
165.769660071 0.000000e+00
166.277016743 0.000000e+00
166.784373415 0.000000e+00
167.291730086 0.000000e+00
167.799086758 0.000000e+00
168.30644343 0.000000e+00
168.813800101 0.000000e+00
169.321156773 0.000000e+00
169.828513445 0.000000e+00
170.335870117 0.000000e+00
170.843226788 0.000000e+00
171.35058346 0.000000e+00
171.857940132 0.000000e+00
172.365296804 0.000000e+00
172.872653475 0.000000e+00
173.380010147 0.000000e+00
173.887366819 0.000000e+00
174.394723491 0.000000e+00
174.902080162 0.000000e+00
175.409436834 0.000000e+00
175.916793506 0.000000e+00
176.424150178 0.000000e+00
176.931506849 0.000000e+00
177.438863521 0.000000e+00
177.946220193 0.000000e+00
178.453576865 0.000000e+00
178.960933536 0.000000e+00
179.468290208 0.000000e+00
179.97564688 0.000000e+00
180.483003551 0.000000e+00
180.990360223 0.000000e+00
181.497716895 0.000000e+00
182.005073567 0.000000e+00
182.512430238 0.000000e+00
183.01978691 0.000000e+00
183.527143582 0.000000e+00
184.034500254 0.000000e+00
184.541856925 0.000000e+00
185.049213597 0.000000e+00
185.556570269 0.000000e+00
186.063926941 0.000000e+00
186.571283612 0.000000e+00
187.078640284 0.000000e+00
187.585996956 0.000000e+00
188.093353628 0.000000e+00
188.600710299 0.000000e+00
189.108066971 0.000000e+00
189.615423643 0.000000e+00
190.122780315 0.000000e+00
190.630136986 0.000000e+00
191.137493658 0.000000e+00
191.64485033 0.000000e+00
192.152207002 0.000000e+00
192.659563673 0.000000e+00
193.166920345 0.000000e+00
193.674277017 0.000000e+00
194.181633688 0.000000e+00
194.68899036 0.000000e+00
195.196347032 0.000000e+00
195.703703704 0.000000e+00
196.211060375 0.000000e+00
196.718417047 0.000000e+00
197.225773719 0.000000e+00
197.733130391 0.000000e+00
198.240487062 0.000000e+00
198.747843734 0.000000e+00
199.255200406 0.000000e+00
199.762557078 0.000000e+00
200.269913749 0.000000e+00
200.777270421 0.000000e+00
201.284627093 0.000000e+00
201.791983765 0.000000e+00
202.299340436 0.000000e+00
202.806697108 0.000000e+00
203.31405378 0.000000e+00
203.821410452 0.000000e+00
204.328767123 0.000000e+00
204.836123795 0.000000e+00
205.343480467 0.000000e+00
205.850837139 0.000000e+00
206.35819381 0.000000e+00
206.865550482 0.000000e+00
207.372907154 0.000000e+00
207.880263825 0.000000e+00
208.387620497 0.000000e+00
208.894977169 0.000000e+00
209.402333841 0.000000e+00
209.909690512 0.000000e+00
210.417047184 0.000000e+00
210.924403856 0.000000e+00
211.431760528 0.000000e+00
211.939117199 0.000000e+00
212.446473871 0.000000e+00
212.953830543 0.000000e+00
213.461187215 0.000000e+00
213.968543886 0.000000e+00
214.475900558 0.000000e+00
214.98325723 0.000000e+00
215.490613902 0.000000e+00
215.997970573 0.000000e+00
216.505327245 0.000000e+00
217.012683917 0.000000e+00
217.520040589 0.000000e+00
218.02739726 0.000000e+00
218.534753932 0.000000e+00
219.042110604 0.000000e+00
219.549467275 0.000000e+00
220.056823947 0.000000e+00
220.564180619 0.000000e+00
221.071537291 0.000000e+00
221.578893962 0.000000e+00
222.086250634 0.000000e+00
222.593607306 0.000000e+00
223.100963978 0.000000e+00
223.608320649 0.000000e+00
224.115677321 0.000000e+00
224.623033993 0.000000e+00
225.130390665 0.000000e+00
225.637747336 0.000000e+00
226.145104008 0.000000e+00
226.65246068 0.000000e+00
227.159817352 0.000000e+00
227.667174023 0.000000e+00
228.174530695 0.000000e+00
228.681887367 0.000000e+00
229.189244039 0.000000e+00
229.69660071 0.000000e+00
230.203957382 0.000000e+00
230.711314054 0.000000e+00
231.218670726 0.000000e+00
231.726027397 0.000000e+00
232.233384069 0.000000e+00
232.740740741 0.000000e+00
233.248097412 0.000000e+00
233.755454084 0.000000e+00
234.262810756 0.000000e+00
234.770167428 0.000000e+00
235.277524099 0.000000e+00
235.784880771 0.000000e+00
236.292237443 0.000000e+00
236.799594115 0.000000e+00
237.306950786 0.000000e+00
237.814307458 0.000000e+00
238.32166413 0.000000e+00
238.829020802 0.000000e+00
239.336377473 0.000000e+00
239.843734145 0.000000e+00
240.351090817 0.000000e+00
240.858447489 0.000000e+00
241.36580416 0.000000e+00
241.873160832 0.000000e+00
242.380517504 0.000000e+00
242.887874176 0.000000e+00
243.395230847 0.000000e+00
243.902587519 0.000000e+00
244.409944191 0.000000e+00
244.917300863 0.000000e+00
245.424657534 0.000000e+00
245.932014206 0.000000e+00
246.439370878 0.000000e+00
246.946727549 0.000000e+00
247.454084221 0.000000e+00
247.961440893 0.000000e+00
248.468797565 0.000000e+00
248.976154236 0.000000e+00
249.483510908 0.000000e+00
249.99086758 0.000000e+00
250.498224252 0.000000e+00
251.005580923 0.000000e+00
251.512937595 0.000000e+00
252.020294267 0.000000e+00
252.527650939 0.000000e+00
253.03500761 0.000000e+00
253.542364282 0.000000e+00
254.049720954 0.000000e+00
254.557077626 0.000000e+00
255.064434297 0.000000e+00
255.571790969 0.000000e+00
256.079147641 0.000000e+00
256.586504313 0.000000e+00
257.093860984 0.000000e+00
257.601217656 0.000000e+00
258.108574328 0.000000e+00
258.615930999 0.000000e+00
259.123287671 0.000000e+00
259.630644343 0.000000e+00
260.138001015 0.000000e+00
260.645357686 0.000000e+00
261.152714358 0.000000e+00
261.66007103 0.000000e+00
262.167427702 0.000000e+00
262.674784373 0.000000e+00
263.182141045 0.000000e+00
263.689497717 0.000000e+00
264.196854389 0.000000e+00
264.70421106 0.000000e+00
265.211567732 0.000000e+00
265.718924404 0.000000e+00
266.226281076 0.000000e+00
266.733637747 0.000000e+00
267.240994419 0.000000e+00
267.748351091 0.000000e+00
268.255707763 0.000000e+00
268.763064434 0.000000e+00
269.270421106 0.000000e+00
269.777777778 0.000000e+00
270.28513445 0.000000e+00
270.792491121 0.000000e+00
271.299847793 0.000000e+00
271.807204465 0.000000e+00
272.314561136 0.000000e+00
272.821917808 0.000000e+00
273.32927448 0.000000e+00
273.836631152 0.000000e+00
274.343987823 0.000000e+00
274.851344495 0.000000e+00
275.358701167 0.000000e+00
275.866057839 0.000000e+00
276.37341451 0.000000e+00
276.880771182 0.000000e+00
277.388127854 0.000000e+00
277.895484526 0.000000e+00
278.402841197 0.000000e+00
278.910197869 0.000000e+00
279.417554541 0.000000e+00
279.924911213 0.000000e+00
280.432267884 0.000000e+00
280.939624556 0.000000e+00
281.446981228 0.000000e+00
281.9543379 0.000000e+00
282.461694571 0.000000e+00
282.969051243 0.000000e+00
283.476407915 0.000000e+00
283.983764587 0.000000e+00
284.491121258 0.000000e+00
284.99847793 0.000000e+00
285.505834602 0.000000e+00
286.013191273 0.000000e+00
286.520547945 0.000000e+00
287.027904617 0.000000e+00
287.535261289 0.000000e+00
288.04261796 0.000000e+00
288.549974632 0.000000e+00
289.057331304 0.000000e+00
289.564687976 0.000000e+00
290.072044647 0.000000e+00
290.579401319 0.000000e+00
291.086757991 0.000000e+00
291.594114663 0.000000e+00
292.101471334 0.000000e+00
292.608828006 0.000000e+00
293.116184678 0.000000e+00
293.62354135 0.000000e+00
294.130898021 0.000000e+00
294.638254693 0.000000e+00
295.145611365 0.000000e+00
295.652968037 0.000000e+00
296.160324708 0.000000e+00
296.66768138 0.000000e+00
297.175038052 0.000000e+00
297.682394723 0.000000e+00
298.189751395 0.000000e+00
298.697108067 0.000000e+00
299.204464739 0.000000e+00
299.71182141 0.000000e+00
300.219178082 0.000000e+00
300.726534754 0.000000e+00
301.233891426 0.000000e+00
301.741248097 0.000000e+00
302.248604769 0.000000e+00
302.755961441 0.000000e+00
303.263318113 0.000000e+00
303.770674784 0.000000e+00
304.278031456 0.000000e+00
304.785388128 0.000000e+00
305.2927448 0.000000e+00
305.800101471 0.000000e+00
306.307458143 0.000000e+00
306.814814815 0.000000e+00
307.322171487 0.000000e+00
307.829528158 0.000000e+00
308.33688483 0.000000e+00
308.844241502 0.000000e+00
309.351598174 0.000000e+00
309.858954845 0.000000e+00
310.366311517 0.000000e+00
310.873668189 0.000000e+00
311.38102486 0.000000e+00
311.888381532 0.000000e+00
312.395738204 0.000000e+00
312.903094876 0.000000e+00
313.410451547 0.000000e+00
313.917808219 0.000000e+00
314.425164891 0.000000e+00
314.932521563 0.000000e+00
315.439878234 0.000000e+00
315.947234906 0.000000e+00
316.454591578 0.000000e+00
316.96194825 0.000000e+00
317.469304921 0.000000e+00
317.976661593 0.000000e+00
318.484018265 0.000000e+00
318.991374937 0.000000e+00
319.498731608 0.000000e+00
320.00608828 0.000000e+00
320.513444952 0.000000e+00
321.020801624 0.000000e+00
321.528158295 0.000000e+00
322.035514967 0.000000e+00
322.542871639 0.000000e+00
323.050228311 0.000000e+00
323.557584982 0.000000e+00
324.064941654 0.000000e+00
324.572298326 0.000000e+00
325.079654997 0.000000e+00
325.587011669 0.000000e+00
326.094368341 0.000000e+00
326.601725013 0.000000e+00
327.109081684 0.000000e+00
327.616438356 0.000000e+00
328.123795028 0.000000e+00
328.6311517 0.000000e+00
329.138508371 0.000000e+00
329.645865043 0.000000e+00
330.153221715 0.000000e+00
330.660578387 0.000000e+00
331.167935058 0.000000e+00
331.67529173 0.000000e+00
332.182648402 0.000000e+00
332.690005074 0.000000e+00
333.197361745 0.000000e+00
333.704718417 0.000000e+00
334.212075089 0.000000e+00
334.719431761 0.000000e+00
335.226788432 0.000000e+00
335.734145104 0.000000e+00
336.241501776 0.000000e+00
336.748858447 0.000000e+00
337.256215119 0.000000e+00
337.763571791 0.000000e+00
338.270928463 0.000000e+00
338.778285134 0.000000e+00
339.285641806 0.000000e+00
339.792998478 0.000000e+00
340.30035515 0.000000e+00
340.807711821 0.000000e+00
341.315068493 0.000000e+00
341.822425165 0.000000e+00
342.329781837 0.000000e+00
342.837138508 0.000000e+00
343.34449518 0.000000e+00
343.851851852 0.000000e+00
344.359208524 0.000000e+00
344.866565195 0.000000e+00
345.373921867 0.000000e+00
345.881278539 0.000000e+00
346.388635211 0.000000e+00
346.895991882 0.000000e+00
347.403348554 0.000000e+00
347.910705226 0.000000e+00
348.418061898 0.000000e+00
348.925418569 0.000000e+00
349.432775241 0.000000e+00
349.940131913 0.000000e+00
350.447488584 0.000000e+00
350.954845256 0.000000e+00
351.462201928 0.000000e+00
351.9695586 0.000000e+00
352.476915271 0.000000e+00
352.984271943 0.000000e+00
353.491628615 0.000000e+00
353.998985287 0.000000e+00
354.506341958 0.000000e+00
355.01369863 0.000000e+00
355.521055302 0.000000e+00
356.028411974 0.000000e+00
356.535768645 0.000000e+00
357.043125317 0.000000e+00
357.550481989 0.000000e+00
358.057838661 0.000000e+00
358.565195332 0.000000e+00
359.072552004 0.000000e+00
359.579908676 0.000000e+00
360.087265348 0.000000e+00
360.594622019 0.000000e+00
361.101978691 0.000000e+00
361.609335363 0.000000e+00
362.116692035 0.000000e+00
362.624048706 0.000000e+00
363.131405378 0.000000e+00
363.63876205 0.000000e+00
364.146118721 0.000000e+00
364.653475393 0.000000e+00
365.160832065 0.000000e+00
365.668188737 0.000000e+00
366.175545408 0.000000e+00
366.68290208 0.000000e+00
367.190258752 0.000000e+00
367.697615424 0.000000e+00
368.204972095 0.000000e+00
368.712328767 0.000000e+00
369.219685439 0.000000e+00
369.727042111 0.000000e+00
370.234398782 0.000000e+00
370.741755454 0.000000e+00
371.249112126 0.000000e+00
371.756468798 0.000000e+00
372.263825469 0.000000e+00
372.771182141 0.000000e+00
373.278538813 0.000000e+00
373.785895485 0.000000e+00
374.293252156 0.000000e+00
374.800608828 0.000000e+00
375.3079655 0.000000e+00
375.815322171 0.000000e+00
376.322678843 0.000000e+00
376.830035515 0.000000e+00
377.337392187 0.000000e+00
377.844748858 0.000000e+00
378.35210553 0.000000e+00
378.859462202 0.000000e+00
379.366818874 0.000000e+00
379.874175545 0.000000e+00
380.381532217 0.000000e+00
380.888888889 0.000000e+00
381.396245561 0.000000e+00
381.903602232 0.000000e+00
382.410958904 0.000000e+00
382.918315576 0.000000e+00
383.425672248 0.000000e+00
383.933028919 0.000000e+00
384.440385591 0.000000e+00
384.947742263 0.000000e+00
385.455098935 0.000000e+00
385.962455606 0.000000e+00
386.469812278 0.000000e+00
386.97716895 0.000000e+00
387.484525622 0.000000e+00
387.991882293 0.000000e+00
388.499238965 0.000000e+00
389.006595637 0.000000e+00
389.513952308 0.000000e+00
390.02130898 0.000000e+00
390.528665652 0.000000e+00
391.036022324 0.000000e+00
391.543378995 0.000000e+00
392.050735667 0.000000e+00
392.558092339 0.000000e+00
393.065449011 0.000000e+00
393.572805682 0.000000e+00
394.080162354 0.000000e+00
394.587519026 0.000000e+00
395.094875698 0.000000e+00
395.602232369 0.000000e+00
396.109589041 0.000000e+00
396.616945713 0.000000e+00
397.124302385 0.000000e+00
397.631659056 0.000000e+00
398.139015728 0.000000e+00
398.6463724 0.000000e+00
399.153729072 0.000000e+00
399.661085743 0.000000e+00
400.168442415 0.000000e+00
400.675799087 0.000000e+00
401.183155758 0.000000e+00
401.69051243 0.000000e+00
402.197869102 0.000000e+00
402.705225774 0.000000e+00
403.212582445 0.000000e+00
403.719939117 0.000000e+00
404.227295789 0.000000e+00
404.734652461 0.000000e+00
405.242009132 0.000000e+00
405.749365804 0.000000e+00
406.256722476 0.000000e+00
406.764079148 0.000000e+00
407.271435819 0.000000e+00
407.778792491 0.000000e+00
408.286149163 0.000000e+00
408.793505835 0.000000e+00
409.300862506 0.000000e+00
409.808219178 0.000000e+00
410.31557585 0.000000e+00
410.822932522 0.000000e+00
411.330289193 0.000000e+00
411.837645865 0.000000e+00
412.345002537 0.000000e+00
412.852359209 0.000000e+00
413.35971588 0.000000e+00
413.867072552 0.000000e+00
414.374429224 0.000000e+00
414.881785895 0.000000e+00
415.389142567 0.000000e+00
415.896499239 0.000000e+00
416.403855911 0.000000e+00
416.911212582 0.000000e+00
417.418569254 0.000000e+00
417.925925926 0.000000e+00
418.433282598 0.000000e+00
418.940639269 0.000000e+00
419.447995941 0.000000e+00
419.955352613 0.000000e+00
420.462709285 0.000000e+00
420.970065956 0.000000e+00
421.477422628 0.000000e+00
421.9847793 0.000000e+00
422.492135972 0.000000e+00
422.999492643 0.000000e+00
423.506849315 0.000000e+00
424.014205987 0.000000e+00
424.521562659 0.000000e+00
425.02891933 0.000000e+00
425.536276002 0.000000e+00
426.043632674 0.000000e+00
426.550989346 0.000000e+00
427.058346017 0.000000e+00
427.565702689 0.000000e+00
428.073059361 0.000000e+00
428.580416032 0.000000e+00
429.087772704 0.000000e+00
429.595129376 0.000000e+00
430.102486048 0.000000e+00
430.609842719 0.000000e+00
431.117199391 0.000000e+00
431.624556063 0.000000e+00
432.131912735 0.000000e+00
432.639269406 0.000000e+00
433.146626078 0.000000e+00
433.65398275 0.000000e+00
434.161339422 0.000000e+00
434.668696093 0.000000e+00
435.176052765 0.000000e+00
435.683409437 0.000000e+00
436.190766109 0.000000e+00
436.69812278 0.000000e+00
437.205479452 0.000000e+00
437.712836124 0.000000e+00
438.220192796 0.000000e+00
438.727549467 0.000000e+00
439.234906139 0.000000e+00
439.742262811 0.000000e+00
440.249619482 0.000000e+00
440.756976154 0.000000e+00
441.264332826 0.000000e+00
441.771689498 0.000000e+00
442.279046169 0.000000e+00
442.786402841 0.000000e+00
443.293759513 0.000000e+00
443.801116185 0.000000e+00
444.308472856 0.000000e+00
444.815829528 0.000000e+00
445.3231862 0.000000e+00
445.830542872 0.000000e+00
446.337899543 0.000000e+00
446.845256215 0.000000e+00
447.352612887 0.000000e+00
447.859969559 0.000000e+00
448.36732623 0.000000e+00
448.874682902 0.000000e+00
449.382039574 0.000000e+00
449.889396246 0.000000e+00
450.396752917 0.000000e+00
450.904109589 0.000000e+00
451.411466261 0.000000e+00
451.918822933 0.000000e+00
452.426179604 0.000000e+00
452.933536276 0.000000e+00
453.440892948 0.000000e+00
453.948249619 0.000000e+00
454.455606291 0.000000e+00
454.962962963 0.000000e+00
455.470319635 0.000000e+00
455.977676306 0.000000e+00
456.485032978 0.000000e+00
456.99238965 0.000000e+00
457.499746322 0.000000e+00
458.007102993 0.000000e+00
458.514459665 0.000000e+00
459.021816337 0.000000e+00
459.529173009 0.000000e+00
460.03652968 0.000000e+00
460.543886352 0.000000e+00
461.051243024 0.000000e+00
461.558599696 0.000000e+00
462.065956367 0.000000e+00
462.573313039 0.000000e+00
463.080669711 0.000000e+00
463.588026383 0.000000e+00
464.095383054 0.000000e+00
464.602739726 0.000000e+00
465.110096398 0.000000e+00
465.61745307 0.000000e+00
466.124809741 0.000000e+00
466.632166413 0.000000e+00
467.139523085 0.000000e+00
467.646879756 0.000000e+00
468.154236428 0.000000e+00
468.6615931 0.000000e+00
469.168949772 0.000000e+00
469.676306443 0.000000e+00
470.183663115 0.000000e+00
470.691019787 0.000000e+00
471.198376459 0.000000e+00
471.70573313 0.000000e+00
472.213089802 0.000000e+00
472.720446474 0.000000e+00
473.227803146 0.000000e+00
473.735159817 0.000000e+00
474.242516489 0.000000e+00
474.749873161 0.000000e+00
475.257229833 0.000000e+00
475.764586504 0.000000e+00
476.271943176 0.000000e+00
476.779299848 0.000000e+00
477.28665652 0.000000e+00
477.794013191 0.000000e+00
478.301369863 0.000000e+00
478.808726535 0.000000e+00
479.316083206 0.000000e+00
479.823439878 0.000000e+00
480.33079655 0.000000e+00
480.838153222 0.000000e+00
481.345509893 0.000000e+00
481.852866565 0.000000e+00
482.360223237 0.000000e+00
482.867579909 0.000000e+00
483.37493658 0.000000e+00
483.882293252 0.000000e+00
484.389649924 0.000000e+00
484.897006596 0.000000e+00
485.404363267 0.000000e+00
485.911719939 0.000000e+00
486.419076611 0.000000e+00
486.926433283 0.000000e+00
487.433789954 0.000000e+00
487.941146626 0.000000e+00
488.941146626 0.0
489.941146626 0.0
490.941146626 0.0
491.941146626 0.0
492.941146626 0.0
493.941146626 0.0
494.941146626 0.0
495.941146626 0.0
496.941146626 0.0
497.941146626 0.0
498.941146626 0.0
499.941146626 0.0
500.941146626 0.0
501.941146626 0.0
502.941146626 0.0
503.941146626 0.0
504.941146626 0.0
505.941146626 0.0
506.941146626 0.0
507.941146626 0.0
508.941146626 0.0
509.941146626 0.0
510.941146626 0.0
511.941146626 0.0
512.941146626 0.0
513.941146626 0.0
514.941146626 0.0
515.941146626 0.0
516.941146626 0.0
517.941146626 0.0
518.941146626 0.0
519.941146626 0.0
520.941146626 0.0
521.941146626 0.0
522.941146626 0.0
523.941146626 0.0
524.941146626 0.0
525.941146626 0.0
526.941146626 0.0
527.941146626 0.0
528.941146626 0.0
529.941146626 0.0
530.941146626 0.0
531.941146626 0.0
532.941146626 0.0
533.941146626 0.0
534.941146626 0.0
535.941146626 0.0
536.941146626 0.0
537.941146626 0.0
538.941146626 0.0
539.941146626 0.0
540.941146626 0.0
541.941146626 0.0
542.941146626 0.0
543.941146626 0.0
544.941146626 0.0
545.941146626 0.0
546.941146626 0.0
547.941146626 0.0
548.941146626 0.0
549.941146626 0.0
550.941146626 0.0
551.941146626 0.0
552.941146626 0.0
553.941146626 0.0
554.941146626 0.0
555.941146626 0.0
556.941146626 0.0
557.941146626 0.0
558.941146626 0.0
559.941146626 0.0
560.941146626 0.0
561.941146626 0.0
562.941146626 0.0
563.941146626 0.0
564.941146626 0.0
565.941146626 0.0
566.941146626 0.0
567.941146626 0.0
568.941146626 0.0
569.941146626 0.0
570.941146626 0.0
571.941146626 0.0
572.941146626 0.0
573.941146626 0.0
574.941146626 0.0
575.941146626 0.0
576.941146626 0.0
577.941146626 0.0
578.941146626 0.0
579.941146626 0.0
580.941146626 0.0
581.941146626 0.0
582.941146626 0.0
583.941146626 0.0
584.941146626 0.0
585.941146626 0.0
586.941146626 0.0
587.941146626 0.0
588.941146626 0.0
589.941146626 0.0
590.941146626 0.0
591.941146626 0.0
592.941146626 0.0
593.941146626 0.0
594.941146626 0.0
595.941146626 0.0
596.941146626 0.0
597.941146626 0.0
598.941146626 0.0
599.941146626 0.0
600.941146626 0.0
601.941146626 0.0
602.941146626 0.0
603.941146626 0.0
604.941146626 0.0
605.941146626 0.0
606.941146626 0.0
607.941146626 0.0
608.941146626 0.0
609.941146626 0.0
610.941146626 0.0
611.941146626 0.0
612.941146626 0.0
613.941146626 0.0
614.941146626 0.0
615.941146626 0.0
616.941146626 0.0
617.941146626 0.0
618.941146626 0.0
619.941146626 0.0
620.941146626 0.0
621.941146626 0.0
622.941146626 0.0
623.941146626 0.0
624.941146626 0.0
625.941146626 0.0
626.941146626 0.0
627.941146626 0.0
628.941146626 0.0
629.941146626 0.0
630.941146626 0.0
631.941146626 0.0
632.941146626 0.0
633.941146626 0.0
634.941146626 0.0
635.941146626 0.0
636.941146626 0.0
637.941146626 0.0
638.941146626 0.0
639.941146626 0.0
640.941146626 0.0
641.941146626 0.0
642.941146626 0.0
643.941146626 0.0
644.941146626 0.0
645.941146626 0.0
646.941146626 0.0
647.941146626 0.0
648.941146626 0.0
649.941146626 0.0
650.941146626 0.0
651.941146626 0.0
652.941146626 0.0
653.941146626 0.0
654.941146626 0.0
655.941146626 0.0
656.941146626 0.0
657.941146626 0.0
658.941146626 0.0
659.941146626 0.0
660.941146626 0.0
661.941146626 0.0
662.941146626 0.0
663.941146626 0.0
664.941146626 0.0
665.941146626 0.0
666.941146626 0.0
667.941146626 0.0
668.941146626 0.0
669.941146626 0.0
670.941146626 0.0
671.941146626 0.0
672.941146626 0.0
673.941146626 0.0
674.941146626 0.0
675.941146626 0.0
676.941146626 0.0
677.941146626 0.0
678.941146626 0.0
679.941146626 0.0
680.941146626 0.0
681.941146626 0.0
682.941146626 0.0
683.941146626 0.0
684.941146626 0.0
685.941146626 0.0
686.941146626 0.0
687.941146626 0.0
688.941146626 0.0
689.941146626 0.0
690.941146626 0.0
691.941146626 0.0
692.941146626 0.0
693.941146626 0.0
694.941146626 0.0
695.941146626 0.0
696.941146626 0.0
697.941146626 0.0
698.941146626 0.0
699.941146626 0.0
700.941146626 0.0
701.941146626 0.0
702.941146626 0.0
703.941146626 0.0
704.941146626 0.0
705.941146626 0.0
706.941146626 0.0
707.941146626 0.0
708.941146626 0.0
709.941146626 0.0
710.941146626 0.0
711.941146626 0.0
712.941146626 0.0
713.941146626 0.0
714.941146626 0.0
715.941146626 0.0
716.941146626 0.0
717.941146626 0.0
718.941146626 0.0
719.941146626 0.0
720.941146626 0.0
721.941146626 0.0
722.941146626 0.0
723.941146626 0.0
724.941146626 0.0
725.941146626 0.0
726.941146626 0.0
727.941146626 0.0
728.941146626 0.0
729.941146626 0.0
730.941146626 0.0
731.941146626 0.0
732.941146626 0.0
733.941146626 0.0
734.941146626 0.0
735.941146626 0.0
736.941146626 0.0
737.941146626 0.0
738.941146626 0.0
739.941146626 0.0
740.941146626 0.0
741.941146626 0.0
742.941146626 0.0
743.941146626 0.0
744.941146626 0.0
745.941146626 0.0
746.941146626 0.0
747.941146626 0.0
748.941146626 0.0
749.941146626 0.0
750.941146626 0.0
751.941146626 0.0
752.941146626 0.0
753.941146626 0.0
754.941146626 0.0
755.941146626 0.0
756.941146626 0.0
757.941146626 0.0
758.941146626 0.0
759.941146626 0.0
760.941146626 0.0
761.941146626 0.0
762.941146626 0.0
763.941146626 0.0
764.941146626 0.0
765.941146626 0.0
766.941146626 0.0
767.941146626 0.0
768.941146626 0.0
769.941146626 0.0
770.941146626 0.0
771.941146626 0.0
772.941146626 0.0
773.941146626 0.0
774.941146626 0.0
775.941146626 0.0
776.941146626 0.0
777.941146626 0.0
778.941146626 0.0
779.941146626 0.0
780.941146626 0.0
781.941146626 0.0
782.941146626 0.0
783.941146626 0.0
784.941146626 0.0
785.941146626 0.0
786.941146626 0.0
787.941146626 0.0
788.941146626 0.0
789.941146626 0.0
790.941146626 0.0
791.941146626 0.0
792.941146626 0.0
793.941146626 0.0
794.941146626 0.0
795.941146626 0.0
796.941146626 0.0
797.941146626 0.0
798.941146626 0.0
799.941146626 0.0
800.941146626 0.0
801.941146626 0.0
802.941146626 0.0
803.941146626 0.0
804.941146626 0.0
805.941146626 0.0
806.941146626 0.0
807.941146626 0.0
808.941146626 0.0
809.941146626 0.0
810.941146626 0.0
811.941146626 0.0
812.941146626 0.0
813.941146626 0.0
814.941146626 0.0
815.941146626 0.0
816.941146626 0.0
817.941146626 0.0
818.941146626 0.0
819.941146626 0.0
820.941146626 0.0
821.941146626 0.0
822.941146626 0.0
823.941146626 0.0
824.941146626 0.0
825.941146626 0.0
826.941146626 0.0
827.941146626 0.0
828.941146626 0.0
829.941146626 0.0
830.941146626 0.0
831.941146626 0.0
832.941146626 0.0
833.941146626 0.0
834.941146626 0.0
835.941146626 0.0
836.941146626 0.0
837.941146626 0.0
838.941146626 0.0
839.941146626 0.0
840.941146626 0.0
841.941146626 0.0
842.941146626 0.0
843.941146626 0.0
844.941146626 0.0
845.941146626 0.0
846.941146626 0.0
847.941146626 0.0
848.941146626 0.0
849.941146626 0.0
850.941146626 0.0
851.941146626 0.0
852.941146626 0.0
853.941146626 0.0
854.941146626 0.0
855.941146626 0.0
856.941146626 0.0
857.941146626 0.0
858.941146626 0.0
859.941146626 0.0
860.941146626 0.0
861.941146626 0.0
862.941146626 0.0
863.941146626 0.0
864.941146626 0.0
865.941146626 0.0
866.941146626 0.0
867.941146626 0.0
868.941146626 0.0
869.941146626 0.0
870.941146626 0.0
871.941146626 0.0
872.941146626 0.0
873.941146626 0.0
874.941146626 0.0
875.941146626 0.0
876.941146626 0.0
877.941146626 0.0
878.941146626 0.0
879.941146626 0.0
880.941146626 0.0
881.941146626 0.0
882.941146626 0.0
883.941146626 0.0
884.941146626 0.0
885.941146626 0.0
886.941146626 0.0
887.941146626 0.0
888.941146626 0.0
889.941146626 0.0
890.941146626 0.0
891.941146626 0.0
892.941146626 0.0
893.941146626 0.0
894.941146626 0.0
895.941146626 0.0
896.941146626 0.0
897.941146626 0.0
898.941146626 0.0
899.941146626 0.0
900.941146626 0.0
901.941146626 0.0
902.941146626 0.0
903.941146626 0.0
904.941146626 0.0
905.941146626 0.0
906.941146626 0.0
907.941146626 0.0
908.941146626 0.0
909.941146626 0.0
910.941146626 0.0
911.941146626 0.0
912.941146626 0.0
913.941146626 0.0
914.941146626 0.0
915.941146626 0.0
916.941146626 0.0
917.941146626 0.0
918.941146626 0.0
919.941146626 0.0
920.941146626 0.0
921.941146626 0.0
922.941146626 0.0
923.941146626 0.0
924.941146626 0.0
925.941146626 0.0
926.941146626 0.0
927.941146626 0.0
928.941146626 0.0
929.941146626 0.0
930.941146626 0.0
931.941146626 0.0
932.941146626 0.0
933.941146626 0.0
934.941146626 0.0
935.941146626 0.0
936.941146626 0.0
937.941146626 0.0
938.941146626 0.0
939.941146626 0.0
940.941146626 0.0
941.941146626 0.0
942.941146626 0.0
943.941146626 0.0
944.941146626 0.0
945.941146626 0.0
946.941146626 0.0
947.941146626 0.0
948.941146626 0.0
949.941146626 0.0
950.941146626 0.0
951.941146626 0.0
952.941146626 0.0
953.941146626 0.0
954.941146626 0.0
955.941146626 0.0
956.941146626 0.0
957.941146626 0.0
958.941146626 0.0
959.941146626 0.0
960.941146626 0.0
961.941146626 0.0
962.941146626 0.0
963.941146626 0.0
964.941146626 0.0
965.941146626 0.0
966.941146626 0.0
967.941146626 0.0
968.941146626 0.0
969.941146626 0.0
970.941146626 0.0
971.941146626 0.0
972.941146626 0.0
973.941146626 0.0
974.941146626 0.0
975.941146626 0.0
976.941146626 0.0
977.941146626 0.0
978.941146626 0.0
979.941146626 0.0
980.941146626 0.0
981.941146626 0.0
982.941146626 0.0
983.941146626 0.0
984.941146626 0.0
985.941146626 0.0
986.941146626 0.0
987.941146626 0.0
