-588.323247232 0.0
-587.323247232 0.0
-586.323247232 0.0
-585.323247232 0.0
-584.323247232 0.0
-583.323247232 0.0
-582.323247232 0.0
-581.323247232 0.0
-580.323247232 0.0
-579.323247232 0.0
-578.323247232 0.0
-577.323247232 0.0
-576.323247232 0.0
-575.323247232 0.0
-574.323247232 0.0
-573.323247232 0.0
-572.323247232 0.0
-571.323247232 0.0
-570.323247232 0.0
-569.323247232 0.0
-568.323247232 0.0
-567.323247232 0.0
-566.323247232 0.0
-565.323247232 0.0
-564.323247232 0.0
-563.323247232 0.0
-562.323247232 0.0
-561.323247232 0.0
-560.323247232 0.0
-559.323247232 0.0
-558.323247232 0.0
-557.323247232 0.0
-556.323247232 0.0
-555.323247232 0.0
-554.323247232 0.0
-553.323247232 0.0
-552.323247232 0.0
-551.323247232 0.0
-550.323247232 0.0
-549.323247232 0.0
-548.323247232 0.0
-547.323247232 0.0
-546.323247232 0.0
-545.323247232 0.0
-544.323247232 0.0
-543.323247232 0.0
-542.323247232 0.0
-541.323247232 0.0
-540.323247232 0.0
-539.323247232 0.0
-538.323247232 0.0
-537.323247232 0.0
-536.323247232 0.0
-535.323247232 0.0
-534.323247232 0.0
-533.323247232 0.0
-532.323247232 0.0
-531.323247232 0.0
-530.323247232 0.0
-529.323247232 0.0
-528.323247232 0.0
-527.323247232 0.0
-526.323247232 0.0
-525.323247232 0.0
-524.323247232 0.0
-523.323247232 0.0
-522.323247232 0.0
-521.323247232 0.0
-520.323247232 0.0
-519.323247232 0.0
-518.323247232 0.0
-517.323247232 0.0
-516.323247232 0.0
-515.323247232 0.0
-514.323247232 0.0
-513.323247232 0.0
-512.323247232 0.0
-511.323247232 0.0
-510.323247232 0.0
-509.323247232 0.0
-508.323247232 0.0
-507.323247232 0.0
-506.323247232 0.0
-505.323247232 0.0
-504.323247232 0.0
-503.323247232 0.0
-502.323247232 0.0
-501.323247232 0.0
-500.323247232 0.0
-499.323247232 0.0
-498.323247232 0.0
-497.323247232 0.0
-496.323247232 0.0
-495.323247232 0.0
-494.323247232 0.0
-493.323247232 0.0
-492.323247232 0.0
-491.323247232 0.0
-490.323247232 0.0
-489.323247232 0.0
-488.323247232 0.0
-487.323247232 0.0
-486.323247232 0.0
-485.323247232 0.0
-484.323247232 0.0
-483.323247232 0.0
-482.323247232 0.0
-481.323247232 0.0
-480.323247232 0.0
-479.323247232 0.0
-478.323247232 0.0
-477.323247232 0.0
-476.323247232 0.0
-475.323247232 0.0
-474.323247232 0.0
-473.323247232 0.0
-472.323247232 0.0
-471.323247232 0.0
-470.323247232 0.0
-469.323247232 0.0
-468.323247232 0.0
-467.323247232 0.0
-466.323247232 0.0
-465.323247232 0.0
-464.323247232 0.0
-463.323247232 0.0
-462.323247232 0.0
-461.323247232 0.0
-460.323247232 0.0
-459.323247232 0.0
-458.323247232 0.0
-457.323247232 0.0
-456.323247232 0.0
-455.323247232 0.0
-454.323247232 0.0
-453.323247232 0.0
-452.323247232 0.0
-451.323247232 0.0
-450.323247232 0.0
-449.323247232 0.0
-448.323247232 0.0
-447.323247232 0.0
-446.323247232 0.0
-445.323247232 0.0
-444.323247232 0.0
-443.323247232 0.0
-442.323247232 0.0
-441.323247232 0.0
-440.323247232 0.0
-439.323247232 0.0
-438.323247232 0.0
-437.323247232 0.0
-436.323247232 0.0
-435.323247232 0.0
-434.323247232 0.0
-433.323247232 0.0
-432.323247232 0.0
-431.323247232 0.0
-430.323247232 0.0
-429.323247232 0.0
-428.323247232 0.0
-427.323247232 0.0
-426.323247232 0.0
-425.323247232 0.0
-424.323247232 0.0
-423.323247232 0.0
-422.323247232 0.0
-421.323247232 0.0
-420.323247232 0.0
-419.323247232 0.0
-418.323247232 0.0
-417.323247232 0.0
-416.323247232 0.0
-415.323247232 0.0
-414.323247232 0.0
-413.323247232 0.0
-412.323247232 0.0
-411.323247232 0.0
-410.323247232 0.0
-409.323247232 0.0
-408.323247232 0.0
-407.323247232 0.0
-406.323247232 0.0
-405.323247232 0.0
-404.323247232 0.0
-403.323247232 0.0
-402.323247232 0.0
-401.323247232 0.0
-400.323247232 0.0
-399.323247232 0.0
-398.323247232 0.0
-397.323247232 0.0
-396.323247232 0.0
-395.323247232 0.0
-394.323247232 0.0
-393.323247232 0.0
-392.323247232 0.0
-391.323247232 0.0
-390.323247232 0.0
-389.323247232 0.0
-388.323247232 0.0
-387.323247232 0.0
-386.323247232 0.0
-385.323247232 0.0
-384.323247232 0.0
-383.323247232 0.0
-382.323247232 0.0
-381.323247232 0.0
-380.323247232 0.0
-379.323247232 0.0
-378.323247232 0.0
-377.323247232 0.0
-376.323247232 0.0
-375.323247232 0.0
-374.323247232 0.0
-373.323247232 0.0
-372.323247232 0.0
-371.323247232 0.0
-370.323247232 0.0
-369.323247232 0.0
-368.323247232 0.0
-367.323247232 0.0
-366.323247232 0.0
-365.323247232 0.0
-364.323247232 0.0
-363.323247232 0.0
-362.323247232 0.0
-361.323247232 0.0
-360.323247232 0.0
-359.323247232 0.0
-358.323247232 0.0
-357.323247232 0.0
-356.323247232 0.0
-355.323247232 0.0
-354.323247232 0.0
-353.323247232 0.0
-352.323247232 0.0
-351.323247232 0.0
-350.323247232 0.0
-349.323247232 0.0
-348.323247232 0.0
-347.323247232 0.0
-346.323247232 0.0
-345.323247232 0.0
-344.323247232 0.0
-343.323247232 0.0
-342.323247232 0.0
-341.323247232 0.0
-340.323247232 0.0
-339.323247232 0.0
-338.323247232 0.0
-337.323247232 0.0
-336.323247232 0.0
-335.323247232 0.0
-334.323247232 0.0
-333.323247232 0.0
-332.323247232 0.0
-331.323247232 0.0
-330.323247232 0.0
-329.323247232 0.0
-328.323247232 0.0
-327.323247232 0.0
-326.323247232 0.0
-325.323247232 0.0
-324.323247232 0.0
-323.323247232 0.0
-322.323247232 0.0
-321.323247232 0.0
-320.323247232 0.0
-319.323247232 0.0
-318.323247232 0.0
-317.323247232 0.0
-316.323247232 0.0
-315.323247232 0.0
-314.323247232 0.0
-313.323247232 0.0
-312.323247232 0.0
-311.323247232 0.0
-310.323247232 0.0
-309.323247232 0.0
-308.323247232 0.0
-307.323247232 0.0
-306.323247232 0.0
-305.323247232 0.0
-304.323247232 0.0
-303.323247232 0.0
-302.323247232 0.0
-301.323247232 0.0
-300.323247232 0.0
-299.323247232 0.0
-298.323247232 0.0
-297.323247232 0.0
-296.323247232 0.0
-295.323247232 0.0
-294.323247232 0.0
-293.323247232 0.0
-292.323247232 0.0
-291.323247232 0.0
-290.323247232 0.0
-289.323247232 0.0
-288.323247232 0.0
-287.323247232 0.0
-286.323247232 0.0
-285.323247232 0.0
-284.323247232 0.0
-283.323247232 0.0
-282.323247232 0.0
-281.323247232 0.0
-280.323247232 0.0
-279.323247232 0.0
-278.323247232 0.0
-277.323247232 0.0
-276.323247232 0.0
-275.323247232 0.0
-274.323247232 0.0
-273.323247232 0.0
-272.323247232 0.0
-271.323247232 0.0
-270.323247232 0.0
-269.323247232 0.0
-268.323247232 0.0
-267.323247232 0.0
-266.323247232 0.0
-265.323247232 0.0
-264.323247232 0.0
-263.323247232 0.0
-262.323247232 0.0
-261.323247232 0.0
-260.323247232 0.0
-259.323247232 0.0
-258.323247232 0.0
-257.323247232 0.0
-256.323247232 0.0
-255.323247232 0.0
-254.323247232 0.0
-253.323247232 0.0
-252.323247232 0.0
-251.323247232 0.0
-250.323247232 0.0
-249.323247232 0.0
-248.323247232 0.0
-247.323247232 0.0
-246.323247232 0.0
-245.323247232 0.0
-244.323247232 0.0
-243.323247232 0.0
-242.323247232 0.0
-241.323247232 0.0
-240.323247232 0.0
-239.323247232 0.0
-238.323247232 0.0
-237.323247232 0.0
-236.323247232 0.0
-235.323247232 0.0
-234.323247232 0.0
-233.323247232 0.0
-232.323247232 0.0
-231.323247232 0.0
-230.323247232 0.0
-229.323247232 0.0
-228.323247232 0.0
-227.323247232 0.0
-226.323247232 0.0
-225.323247232 0.0
-224.323247232 0.0
-223.323247232 0.0
-222.323247232 0.0
-221.323247232 0.0
-220.323247232 0.0
-219.323247232 0.0
-218.323247232 0.0
-217.323247232 0.0
-216.323247232 0.0
-215.323247232 0.0
-214.323247232 0.0
-213.323247232 0.0
-212.323247232 0.0
-211.323247232 0.0
-210.323247232 0.0
-209.323247232 0.0
-208.323247232 0.0
-207.323247232 0.0
-206.323247232 0.0
-205.323247232 0.0
-204.323247232 0.0
-203.323247232 0.0
-202.323247232 0.0
-201.323247232 0.0
-200.323247232 0.0
-199.323247232 0.0
-198.323247232 0.0
-197.323247232 0.0
-196.323247232 0.0
-195.323247232 0.0
-194.323247232 0.0
-193.323247232 0.0
-192.323247232 0.0
-191.323247232 0.0
-190.323247232 0.0
-189.323247232 0.0
-188.323247232 0.0
-187.323247232 0.0
-186.323247232 0.0
-185.323247232 0.0
-184.323247232 0.0
-183.323247232 0.0
-182.323247232 0.0
-181.323247232 0.0
-180.323247232 0.0
-179.323247232 0.0
-178.323247232 0.0
-177.323247232 0.0
-176.323247232 0.0
-175.323247232 0.0
-174.323247232 0.0
-173.323247232 0.0
-172.323247232 0.0
-171.323247232 0.0
-170.323247232 0.0
-169.323247232 0.0
-168.323247232 0.0
-167.323247232 0.0
-166.323247232 0.0
-165.323247232 0.0
-164.323247232 0.0
-163.323247232 0.0
-162.323247232 0.0
-161.323247232 0.0
-160.323247232 0.0
-159.323247232 0.0
-158.323247232 0.0
-157.323247232 0.0
-156.323247232 0.0
-155.323247232 0.0
-154.323247232 0.0
-153.323247232 0.0
-152.323247232 0.0
-151.323247232 0.0
-150.323247232 0.0
-149.323247232 0.0
-148.323247232 0.0
-147.323247232 0.0
-146.323247232 0.0
-145.323247232 0.0
-144.323247232 0.0
-143.323247232 0.0
-142.323247232 0.0
-141.323247232 0.0
-140.323247232 0.0
-139.323247232 0.0
-138.323247232 0.0
-137.323247232 0.0
-136.323247232 0.0
-135.323247232 0.0
-134.323247232 0.0
-133.323247232 0.0
-132.323247232 0.0
-131.323247232 0.0
-130.323247232 0.0
-129.323247232 0.0
-128.323247232 0.0
-127.323247232 0.0
-126.323247232 0.0
-125.323247232 0.0
-124.323247232 0.0
-123.323247232 0.0
-122.323247232 0.0
-121.323247232 0.0
-120.323247232 0.0
-119.323247232 0.0
-118.323247232 0.0
-117.323247232 0.0
-116.323247232 0.0
-115.323247232 0.0
-114.323247232 0.0
-113.323247232 0.0
-112.323247232 0.0
-111.323247232 0.0
-110.323247232 0.0
-109.323247232 0.0
-108.323247232 0.0
-107.323247232 0.0
-106.323247232 0.0
-105.323247232 0.0
-104.323247232 0.0
-103.323247232 0.0
-102.323247232 0.0
-101.323247232 0.0
-100.323247232 0.0
-99.3232472325 0.0
-98.3232472325 0.0
-97.3232472325 0.0
-96.3232472325 0.0
-95.3232472325 0.0
-94.3232472325 0.0
-93.3232472325 0.0
-92.3232472325 0.0
-91.3232472325 0.0
-90.3232472325 0.0
-89.3232472325 0.0
-88.3232472325 0.000000e+00
-87.9542435424 0.000000e+00
-87.5852398524 0.000000e+00
-87.2162361624 0.000000e+00
-86.8472324723 0.000000e+00
-86.4782287823 0.000000e+00
-86.1092250923 0.000000e+00
-85.7402214022 0.000000e+00
-85.3712177122 0.000000e+00
-85.0022140221 0.000000e+00
-84.6332103321 0.000000e+00
-84.2642066421 0.000000e+00
-83.895202952 0.000000e+00
-83.526199262 0.000000e+00
-83.157195572 0.000000e+00
-82.7881918819 0.000000e+00
-82.4191881919 0.000000e+00
-82.0501845018 0.000000e+00
-81.6811808118 0.000000e+00
-81.3121771218 0.000000e+00
-80.9431734317 0.000000e+00
-80.5741697417 0.000000e+00
-80.2051660517 0.000000e+00
-79.8361623616 0.000000e+00
-79.4671586716 0.000000e+00
-79.0981549815 0.000000e+00
-78.7291512915 0.000000e+00
-78.3601476015 0.000000e+00
-77.9911439114 0.000000e+00
-77.6221402214 0.000000e+00
-77.2531365314 0.000000e+00
-76.8841328413 0.000000e+00
-76.5151291513 0.000000e+00
-76.1461254613 0.000000e+00
-75.7771217712 0.000000e+00
-75.4081180812 0.000000e+00
-75.0391143911 0.000000e+00
-74.6701107011 0.000000e+00
-74.3011070111 0.000000e+00
-73.932103321 0.000000e+00
-73.563099631 0.000000e+00
-73.194095941 0.000000e+00
-72.8250922509 0.000000e+00
-72.4560885609 0.000000e+00
-72.0870848708 0.000000e+00
-71.7180811808 0.000000e+00
-71.3490774908 0.000000e+00
-70.9800738007 0.000000e+00
-70.6110701107 0.000000e+00
-70.2420664207 0.000000e+00
-69.8730627306 0.000000e+00
-69.5040590406 0.000000e+00
-69.1350553506 0.000000e+00
-68.7660516605 0.000000e+00
-68.3970479705 0.000000e+00
-68.0280442804 0.000000e+00
-67.6590405904 0.000000e+00
-67.2900369004 0.000000e+00
-66.9210332103 0.000000e+00
-66.5520295203 0.000000e+00
-66.1830258303 0.000000e+00
-65.8140221402 0.000000e+00
-65.4450184502 0.000000e+00
-65.0760147601 0.000000e+00
-64.7070110701 0.000000e+00
-64.3380073801 0.000000e+00
-63.96900369 0.000000e+00
-63.6 0.000000e+00
-63.23099631 0.000000e+00
-62.8619926199 0.000000e+00
-62.4929889299 0.000000e+00
-62.1239852399 0.000000e+00
-61.7549815498 0.000000e+00
-61.3859778598 0.000000e+00
-61.0169741697 0.000000e+00
-60.6479704797 0.000000e+00
-60.2789667897 0.000000e+00
-59.9099630996 0.000000e+00
-59.5409594096 0.000000e+00
-59.1719557196 0.000000e+00
-58.8029520295 0.000000e+00
-58.4339483395 0.000000e+00
-58.0649446494 0.000000e+00
-57.6959409594 0.000000e+00
-57.3269372694 0.000000e+00
-56.9579335793 0.000000e+00
-56.5889298893 0.000000e+00
-56.2199261993 0.000000e+00
-55.8509225092 0.000000e+00
-55.4819188192 0.000000e+00
-55.1129151292 0.000000e+00
-54.7439114391 0.000000e+00
-54.3749077491 0.000000e+00
-54.005904059 0.000000e+00
-53.636900369 0.000000e+00
-53.267896679 0.000000e+00
-52.8988929889 0.000000e+00
-52.5298892989 0.000000e+00
-52.1608856089 0.000000e+00
-51.7918819188 0.000000e+00
-51.4228782288 0.000000e+00
-51.0538745387 0.000000e+00
-50.6848708487 0.000000e+00
-50.3158671587 0.000000e+00
-49.9468634686 0.000000e+00
-49.5778597786 0.000000e+00
-49.2088560886 0.000000e+00
-48.8398523985 0.000000e+00
-48.4708487085 0.000000e+00
-48.1018450185 0.000000e+00
-47.7328413284 0.000000e+00
-47.3638376384 0.000000e+00
-46.9948339483 0.000000e+00
-46.6258302583 0.000000e+00
-46.2568265683 0.000000e+00
-45.8878228782 0.000000e+00
-45.5188191882 0.000000e+00
-45.1498154982 0.000000e+00
-44.7808118081 0.000000e+00
-44.4118081181 0.000000e+00
-44.042804428 0.000000e+00
-43.673800738 0.000000e+00
-43.304797048 0.000000e+00
-42.9357933579 0.000000e+00
-42.5667896679 0.000000e+00
-42.1977859779 0.000000e+00
-41.8287822878 0.000000e+00
-41.4597785978 0.000000e+00
-41.0907749077 0.000000e+00
-40.7217712177 0.000000e+00
-40.3527675277 0.000000e+00
-39.9837638376 0.000000e+00
-39.6147601476 0.000000e+00
-39.2457564576 0.000000e+00
-38.8767527675 0.000000e+00
-38.5077490775 0.000000e+00
-38.1387453875 0.000000e+00
-37.7697416974 0.000000e+00
-37.4007380074 0.000000e+00
-37.0317343173 0.000000e+00
-36.6627306273 0.000000e+00
-36.2937269373 0.000000e+00
-35.9247232472 0.000000e+00
-35.5557195572 0.000000e+00
-35.1867158672 0.000000e+00
-34.8177121771 0.000000e+00
-34.4487084871 0.000000e+00
-34.079704797 0.000000e+00
-33.710701107 0.000000e+00
-33.341697417 0.000000e+00
-32.9726937269 0.000000e+00
-32.6036900369 0.000000e+00
-32.2346863469 0.000000e+00
-31.8656826568 0.000000e+00
-31.4966789668 0.000000e+00
-31.1276752768 0.000000e+00
-30.7586715867 0.000000e+00
-30.3896678967 0.000000e+00
-30.0206642066 0.000000e+00
-29.6516605166 0.000000e+00
-29.2826568266 0.000000e+00
-28.9136531365 0.000000e+00
-28.5446494465 0.000000e+00
-28.1756457565 0.000000e+00
-27.8066420664 0.000000e+00
-27.4376383764 0.000000e+00
-27.0686346863 0.000000e+00
-26.6996309963 0.000000e+00
-26.3306273063 0.000000e+00
-25.9616236162 0.000000e+00
-25.5926199262 0.000000e+00
-25.2236162362 0.000000e+00
-24.8546125461 0.000000e+00
-24.4856088561 0.000000e+00
-24.1166051661 0.000000e+00
-23.747601476 0.000000e+00
-23.378597786 0.000000e+00
-23.0095940959 0.000000e+00
-22.6405904059 0.000000e+00
-22.2715867159 0.000000e+00
-21.9025830258 0.000000e+00
-21.5335793358 0.000000e+00
-21.1645756458 0.000000e+00
-20.7955719557 0.000000e+00
-20.4265682657 0.000000e+00
-20.0575645756 0.000000e+00
-19.6885608856 0.000000e+00
-19.3195571956 0.000000e+00
-18.9505535055 0.000000e+00
-18.5815498155 0.000000e+00
-18.2125461255 0.000000e+00
-17.8435424354 0.000000e+00
-17.4745387454 0.000000e+00
-17.1055350554 0.000000e+00
-16.7365313653 0.000000e+00
-16.3675276753 0.000000e+00
-15.9985239852 0.000000e+00
-15.6295202952 0.000000e+00
-15.2605166052 0.000000e+00
-14.8915129151 0.000000e+00
-14.5225092251 0.000000e+00
-14.1535055351 0.000000e+00
-13.784501845 0.000000e+00
-13.415498155 0.000000e+00
-13.0464944649 0.000000e+00
-12.6774907749 0.000000e+00
-12.3084870849 0.000000e+00
-11.9394833948 0.000000e+00
-11.5704797048 0.000000e+00
-11.2014760148 0.000000e+00
-10.8324723247 0.000000e+00
-10.4634686347 0.000000e+00
-10.0944649446 0.000000e+00
-9.72546125461 0.000000e+00
-9.35645756458 0.000000e+00
-8.98745387454 0.000000e+00
-8.6184501845 0.000000e+00
-8.24944649446 0.000000e+00
-7.88044280443 0.000000e+00
-7.51143911439 0.000000e+00
-7.14243542435 0.000000e+00
-6.77343173432 0.000000e+00
-6.40442804428 0.000000e+00
-6.03542435424 0.000000e+00
-5.66642066421 0.000000e+00
-5.29741697417 0.000000e+00
-4.92841328413 0.000000e+00
-4.5594095941 0.000000e+00
-4.19040590406 0.000000e+00
-3.82140221402 0.000000e+00
-3.45239852399 0.000000e+00
-3.08339483395 0.000000e+00
-2.71439114391 0.000000e+00
-2.34538745387 1.321211e-01
-1.97638376384 1.225082e-01
-1.6073800738 1.765951e-01
-1.23837638376 1.635337e-01
-0.869372693727 1.272658e-01
-0.50036900369 3.888869e-01
-0.131365313653 7.472197e-01
0.237638376384 8.005022e-01
0.606642066421 1.000000e+00
0.975645756458 9.137995e-01
1.34464944649 9.009214e-01
1.71365313653 6.255865e-01
2.08265682657 5.943184e-01
2.45166051661 5.379976e-01
2.82066420664 4.573432e-01
3.18966789668 3.055189e-01
3.55867158672 2.769429e-01
3.92767527675 2.016871e-01
4.29667896679 1.756461e-01
4.66568265683 2.190232e-01
5.03468634686 1.066343e-01
5.4036900369 1.311403e-01
5.77269372694 1.368718e-01
6.14169741697 0.000000e+00
6.51070110701 0.000000e+00
6.87970479705 0.000000e+00
7.24870848708 0.000000e+00
7.61771217712 0.000000e+00
7.98671586716 0.000000e+00
8.3557195572 0.000000e+00
8.72472324723 0.000000e+00
9.09372693727 0.000000e+00
9.46273062731 0.000000e+00
9.83173431734 0.000000e+00
10.2007380074 0.000000e+00
10.5697416974 0.000000e+00
10.9387453875 1.765601e-01
11.3077490775 1.004351e-01
11.6767527675 0.000000e+00
12.0457564576 1.031079e-01
12.4147601476 0.000000e+00
12.7837638376 9.581107e-02
13.1527675277 0.000000e+00
13.5217712177 0.000000e+00
13.8907749077 0.000000e+00
14.2597785978 0.000000e+00
14.6287822878 6.339167e-02
14.9977859779 0.000000e+00
15.3667896679 0.000000e+00
15.7357933579 0.000000e+00
16.104797048 0.000000e+00
16.473800738 0.000000e+00
16.842804428 0.000000e+00
17.2118081181 0.000000e+00
17.5808118081 0.000000e+00
17.9498154982 0.000000e+00
18.3188191882 0.000000e+00
18.6878228782 0.000000e+00
19.0568265683 0.000000e+00
19.4258302583 0.000000e+00
19.7948339483 0.000000e+00
20.1638376384 0.000000e+00
20.5328413284 0.000000e+00
20.9018450185 0.000000e+00
21.2708487085 0.000000e+00
21.6398523985 0.000000e+00
22.0088560886 0.000000e+00
22.3778597786 0.000000e+00
22.7468634686 0.000000e+00
23.1158671587 0.000000e+00
23.4848708487 0.000000e+00
23.8538745387 0.000000e+00
24.2228782288 0.000000e+00
24.5918819188 0.000000e+00
24.9608856089 0.000000e+00
25.3298892989 0.000000e+00
25.6988929889 0.000000e+00
26.067896679 0.000000e+00
26.436900369 0.000000e+00
26.805904059 0.000000e+00
27.1749077491 0.000000e+00
27.5439114391 0.000000e+00
27.9129151292 0.000000e+00
28.2819188192 0.000000e+00
28.6509225092 0.000000e+00
29.0199261993 0.000000e+00
29.3889298893 0.000000e+00
29.7579335793 0.000000e+00
30.1269372694 0.000000e+00
30.4959409594 0.000000e+00
30.8649446494 0.000000e+00
31.2339483395 0.000000e+00
31.6029520295 0.000000e+00
31.9719557196 0.000000e+00
32.3409594096 0.000000e+00
32.7099630996 0.000000e+00
33.0789667897 0.000000e+00
33.4479704797 0.000000e+00
33.8169741697 0.000000e+00
34.1859778598 0.000000e+00
34.5549815498 0.000000e+00
34.9239852399 0.000000e+00
35.2929889299 0.000000e+00
35.6619926199 0.000000e+00
36.03099631 0.000000e+00
36.4 0.000000e+00
36.76900369 0.000000e+00
37.1380073801 0.000000e+00
37.5070110701 0.000000e+00
37.8760147601 0.000000e+00
38.2450184502 0.000000e+00
38.6140221402 0.000000e+00
38.9830258303 0.000000e+00
39.3520295203 0.000000e+00
39.7210332103 0.000000e+00
40.0900369004 0.000000e+00
40.4590405904 0.000000e+00
40.8280442804 0.000000e+00
41.1970479705 0.000000e+00
41.5660516605 0.000000e+00
41.9350553506 0.000000e+00
42.3040590406 0.000000e+00
42.6730627306 0.000000e+00
43.0420664207 0.000000e+00
43.4110701107 0.000000e+00
43.7800738007 0.000000e+00
44.1490774908 0.000000e+00
44.5180811808 0.000000e+00
44.8870848708 0.000000e+00
45.2560885609 0.000000e+00
45.6250922509 0.000000e+00
45.994095941 0.000000e+00
46.363099631 0.000000e+00
46.732103321 0.000000e+00
47.1011070111 0.000000e+00
47.4701107011 0.000000e+00
47.8391143911 0.000000e+00
48.2081180812 0.000000e+00
48.5771217712 0.000000e+00
48.9461254613 0.000000e+00
49.3151291513 0.000000e+00
49.6841328413 0.000000e+00
50.0531365314 0.000000e+00
50.4221402214 0.000000e+00
50.7911439114 0.000000e+00
51.1601476015 0.000000e+00
51.5291512915 0.000000e+00
51.8981549815 0.000000e+00
52.2671586716 0.000000e+00
52.6361623616 0.000000e+00
53.0051660517 0.000000e+00
53.3741697417 0.000000e+00
53.7431734317 0.000000e+00
54.1121771218 0.000000e+00
54.4811808118 0.000000e+00
54.8501845018 0.000000e+00
55.2191881919 0.000000e+00
55.5881918819 0.000000e+00
55.957195572 0.000000e+00
56.326199262 0.000000e+00
56.695202952 0.000000e+00
57.0642066421 0.000000e+00
57.4332103321 0.000000e+00
57.8022140221 0.000000e+00
58.1712177122 0.000000e+00
58.5402214022 0.000000e+00
58.9092250923 0.000000e+00
59.2782287823 0.000000e+00
59.6472324723 0.000000e+00
60.0162361624 0.000000e+00
60.3852398524 0.000000e+00
60.7542435424 0.000000e+00
61.1232472325 0.000000e+00
61.4922509225 0.000000e+00
61.8612546125 0.000000e+00
62.2302583026 0.000000e+00
62.5992619926 0.000000e+00
62.9682656827 0.000000e+00
63.3372693727 0.000000e+00
63.7062730627 0.000000e+00
64.0752767528 0.000000e+00
64.4442804428 0.000000e+00
64.8132841328 0.000000e+00
65.1822878229 0.000000e+00
65.5512915129 0.000000e+00
65.920295203 0.000000e+00
66.289298893 0.000000e+00
66.658302583 0.000000e+00
67.0273062731 0.000000e+00
67.3963099631 0.000000e+00
67.7653136531 0.000000e+00
68.1343173432 0.000000e+00
68.5033210332 0.000000e+00
68.8723247232 0.000000e+00
69.2413284133 0.000000e+00
69.6103321033 0.000000e+00
69.9793357934 0.000000e+00
70.3483394834 0.000000e+00
70.7173431734 0.000000e+00
71.0863468635 0.000000e+00
71.4553505535 0.000000e+00
71.8243542435 0.000000e+00
72.1933579336 0.000000e+00
72.5623616236 0.000000e+00
72.9313653137 0.000000e+00
73.3003690037 0.000000e+00
73.6693726937 0.000000e+00
74.0383763838 0.000000e+00
74.4073800738 0.000000e+00
74.7763837638 0.000000e+00
75.1453874539 0.000000e+00
75.5143911439 0.000000e+00
75.8833948339 0.000000e+00
76.252398524 0.000000e+00
76.621402214 0.000000e+00
76.9904059041 0.000000e+00
77.3594095941 0.000000e+00
77.7284132841 0.000000e+00
78.0974169742 0.000000e+00
78.4664206642 0.000000e+00
78.8354243542 0.000000e+00
79.2044280443 0.000000e+00
79.5734317343 0.000000e+00
79.9424354244 0.000000e+00
80.3114391144 0.000000e+00
80.6804428044 0.000000e+00
81.0494464945 0.000000e+00
81.4184501845 0.000000e+00
81.7874538745 0.000000e+00
82.1564575646 0.000000e+00
82.5254612546 0.000000e+00
82.8944649446 0.000000e+00
83.2634686347 0.000000e+00
83.6324723247 0.000000e+00
84.0014760148 0.000000e+00
84.3704797048 0.000000e+00
84.7394833948 0.000000e+00
85.1084870849 0.000000e+00
85.4774907749 0.000000e+00
85.8464944649 0.000000e+00
86.215498155 0.000000e+00
86.584501845 0.000000e+00
86.9535055351 0.000000e+00
87.3225092251 0.000000e+00
87.6915129151 0.000000e+00
88.0605166052 0.000000e+00
88.4295202952 0.000000e+00
88.7985239852 0.000000e+00
89.1675276753 0.000000e+00
89.5365313653 0.000000e+00
89.9055350554 0.000000e+00
90.2745387454 0.000000e+00
90.6435424354 0.000000e+00
91.0125461255 0.000000e+00
91.3815498155 0.000000e+00
91.7505535055 0.000000e+00
92.1195571956 0.000000e+00
92.4885608856 0.000000e+00
92.8575645756 0.000000e+00
93.2265682657 0.000000e+00
93.5955719557 0.000000e+00
93.9645756458 0.000000e+00
94.3335793358 0.000000e+00
94.7025830258 0.000000e+00
95.0715867159 0.000000e+00
95.4405904059 0.000000e+00
95.8095940959 0.000000e+00
96.178597786 0.000000e+00
96.547601476 0.000000e+00
96.9166051661 0.000000e+00
97.2856088561 0.000000e+00
97.6546125461 0.000000e+00
98.0236162362 0.000000e+00
98.3926199262 0.000000e+00
98.7616236162 0.000000e+00
99.1306273063 0.000000e+00
99.4996309963 0.000000e+00
99.8686346863 0.000000e+00
100.237638376 0.000000e+00
100.606642066 0.000000e+00
100.975645756 0.000000e+00
101.344649446 0.000000e+00
101.713653137 0.000000e+00
102.082656827 0.000000e+00
102.451660517 0.000000e+00
102.820664207 0.000000e+00
103.189667897 0.000000e+00
103.558671587 0.000000e+00
103.927675277 0.000000e+00
104.296678967 0.000000e+00
104.665682657 0.000000e+00
105.034686347 0.000000e+00
105.403690037 0.000000e+00
105.772693727 0.000000e+00
106.141697417 0.000000e+00
106.510701107 0.000000e+00
106.879704797 0.000000e+00
107.248708487 0.000000e+00
107.617712177 0.000000e+00
107.986715867 0.000000e+00
108.355719557 0.000000e+00
108.724723247 0.000000e+00
109.093726937 0.000000e+00
109.462730627 0.000000e+00
109.831734317 0.000000e+00
110.200738007 0.000000e+00
110.569741697 0.000000e+00
110.938745387 0.000000e+00
111.307749077 0.000000e+00
111.676752768 0.000000e+00
112.045756458 0.000000e+00
112.414760148 0.000000e+00
112.783763838 0.000000e+00
113.152767528 0.000000e+00
113.521771218 0.000000e+00
113.890774908 0.000000e+00
114.259778598 0.000000e+00
114.628782288 0.000000e+00
114.997785978 0.000000e+00
115.366789668 0.000000e+00
115.735793358 0.000000e+00
116.104797048 0.000000e+00
116.473800738 0.000000e+00
116.842804428 0.000000e+00
117.211808118 0.000000e+00
117.580811808 0.000000e+00
117.949815498 0.000000e+00
118.318819188 0.000000e+00
118.687822878 0.000000e+00
119.056826568 0.000000e+00
119.425830258 0.000000e+00
119.794833948 0.000000e+00
120.163837638 0.000000e+00
120.532841328 0.000000e+00
120.901845018 0.000000e+00
121.270848708 0.000000e+00
121.639852399 0.000000e+00
122.008856089 0.000000e+00
122.377859779 0.000000e+00
122.746863469 0.000000e+00
123.115867159 0.000000e+00
123.484870849 0.000000e+00
123.853874539 0.000000e+00
124.222878229 0.000000e+00
124.591881919 0.000000e+00
124.960885609 0.000000e+00
125.329889299 0.000000e+00
125.698892989 0.000000e+00
126.067896679 0.000000e+00
126.436900369 0.000000e+00
126.805904059 0.000000e+00
127.174907749 0.000000e+00
127.543911439 0.000000e+00
127.912915129 0.000000e+00
128.281918819 0.000000e+00
128.650922509 0.000000e+00
129.019926199 0.000000e+00
129.388929889 0.000000e+00
129.757933579 0.000000e+00
130.126937269 0.000000e+00
130.495940959 0.000000e+00
130.864944649 0.000000e+00
131.233948339 0.000000e+00
131.60295203 0.000000e+00
131.97195572 0.000000e+00
132.34095941 0.000000e+00
132.7099631 0.000000e+00
133.07896679 0.000000e+00
133.44797048 0.000000e+00
133.81697417 0.000000e+00
134.18597786 0.000000e+00
134.55498155 0.000000e+00
134.92398524 0.000000e+00
135.29298893 0.000000e+00
135.66199262 0.000000e+00
136.03099631 0.000000e+00
136.4 0.000000e+00
136.76900369 0.000000e+00
137.13800738 0.000000e+00
137.50701107 0.000000e+00
137.87601476 0.000000e+00
138.24501845 0.000000e+00
138.61402214 0.000000e+00
138.98302583 0.000000e+00
139.35202952 0.000000e+00
139.72103321 0.000000e+00
140.0900369 0.000000e+00
140.45904059 0.000000e+00
140.82804428 0.000000e+00
141.19704797 0.000000e+00
141.566051661 0.000000e+00
141.935055351 0.000000e+00
142.304059041 0.000000e+00
142.673062731 0.000000e+00
143.042066421 0.000000e+00
143.411070111 0.000000e+00
143.780073801 0.000000e+00
144.149077491 0.000000e+00
144.518081181 0.000000e+00
144.887084871 0.000000e+00
145.256088561 0.000000e+00
145.625092251 0.000000e+00
145.994095941 0.000000e+00
146.363099631 0.000000e+00
146.732103321 0.000000e+00
147.101107011 0.000000e+00
147.470110701 0.000000e+00
147.839114391 0.000000e+00
148.208118081 0.000000e+00
148.577121771 0.000000e+00
148.946125461 0.000000e+00
149.315129151 0.000000e+00
149.684132841 0.000000e+00
150.053136531 0.000000e+00
150.422140221 0.000000e+00
150.791143911 0.000000e+00
151.160147601 0.000000e+00
151.529151292 0.000000e+00
151.898154982 0.000000e+00
152.267158672 0.000000e+00
152.636162362 0.000000e+00
153.005166052 0.000000e+00
153.374169742 0.000000e+00
153.743173432 0.000000e+00
154.112177122 0.000000e+00
154.481180812 0.000000e+00
154.850184502 0.000000e+00
155.219188192 0.000000e+00
155.588191882 0.000000e+00
155.957195572 0.000000e+00
156.326199262 0.000000e+00
156.695202952 0.000000e+00
157.064206642 0.000000e+00
157.433210332 0.000000e+00
157.802214022 0.000000e+00
158.171217712 0.000000e+00
158.540221402 0.000000e+00
158.909225092 0.000000e+00
159.278228782 0.000000e+00
159.647232472 0.000000e+00
160.016236162 0.000000e+00
160.385239852 0.000000e+00
160.754243542 0.000000e+00
161.123247232 0.000000e+00
161.492250923 0.000000e+00
161.861254613 0.000000e+00
162.230258303 0.000000e+00
162.599261993 0.000000e+00
162.968265683 0.000000e+00
163.337269373 0.000000e+00
163.706273063 0.000000e+00
164.075276753 0.000000e+00
164.444280443 0.000000e+00
164.813284133 0.000000e+00
165.182287823 0.000000e+00
165.551291513 0.000000e+00
165.920295203 0.000000e+00
166.289298893 0.000000e+00
166.658302583 0.000000e+00
167.027306273 0.000000e+00
167.396309963 0.000000e+00
167.765313653 0.000000e+00
168.134317343 0.000000e+00
168.503321033 0.000000e+00
168.872324723 0.000000e+00
169.241328413 0.000000e+00
169.610332103 0.000000e+00
169.979335793 0.000000e+00
170.348339483 0.000000e+00
170.717343173 0.000000e+00
171.086346863 0.000000e+00
171.455350554 0.000000e+00
171.824354244 0.000000e+00
172.193357934 0.000000e+00
172.562361624 0.000000e+00
172.931365314 0.000000e+00
173.300369004 0.000000e+00
173.669372694 0.000000e+00
174.038376384 0.000000e+00
174.407380074 0.000000e+00
174.776383764 0.000000e+00
175.145387454 0.000000e+00
175.514391144 0.000000e+00
175.883394834 0.000000e+00
176.252398524 0.000000e+00
176.621402214 0.000000e+00
176.990405904 0.000000e+00
177.359409594 0.000000e+00
177.728413284 0.000000e+00
178.097416974 0.000000e+00
178.466420664 0.000000e+00
178.835424354 0.000000e+00
179.204428044 0.000000e+00
179.573431734 0.000000e+00
179.942435424 0.000000e+00
180.311439114 0.000000e+00
180.680442804 0.000000e+00
181.049446494 0.000000e+00
181.418450185 0.000000e+00
181.787453875 0.000000e+00
182.156457565 0.000000e+00
182.525461255 0.000000e+00
182.894464945 0.000000e+00
183.263468635 0.000000e+00
183.632472325 0.000000e+00
184.001476015 0.000000e+00
184.370479705 0.000000e+00
184.739483395 0.000000e+00
185.108487085 0.000000e+00
185.477490775 0.000000e+00
185.846494465 0.000000e+00
186.215498155 0.000000e+00
186.584501845 0.000000e+00
186.953505535 0.000000e+00
187.322509225 0.000000e+00
187.691512915 0.000000e+00
188.060516605 0.000000e+00
188.429520295 0.000000e+00
188.798523985 0.000000e+00
189.167527675 0.000000e+00
189.536531365 0.000000e+00
189.905535055 0.000000e+00
190.274538745 0.000000e+00
190.643542435 0.000000e+00
191.012546125 0.000000e+00
191.381549815 0.000000e+00
191.750553506 0.000000e+00
192.119557196 0.000000e+00
192.488560886 0.000000e+00
192.857564576 0.000000e+00
193.226568266 0.000000e+00
193.595571956 0.000000e+00
193.964575646 0.000000e+00
194.333579336 0.000000e+00
194.702583026 0.000000e+00
195.071586716 0.000000e+00
195.440590406 0.000000e+00
195.809594096 0.000000e+00
196.178597786 0.000000e+00
196.547601476 0.000000e+00
196.916605166 0.000000e+00
197.285608856 0.000000e+00
197.654612546 0.000000e+00
198.023616236 0.000000e+00
198.392619926 0.000000e+00
198.761623616 0.000000e+00
199.130627306 0.000000e+00
199.499630996 0.000000e+00
199.868634686 0.000000e+00
200.237638376 0.000000e+00
200.606642066 0.000000e+00
200.975645756 0.000000e+00
201.344649446 0.000000e+00
201.713653137 0.000000e+00
202.082656827 0.000000e+00
202.451660517 0.000000e+00
202.820664207 0.000000e+00
203.189667897 0.000000e+00
203.558671587 0.000000e+00
203.927675277 0.000000e+00
204.296678967 0.000000e+00
204.665682657 0.000000e+00
205.034686347 0.000000e+00
205.403690037 0.000000e+00
205.772693727 0.000000e+00
206.141697417 0.000000e+00
206.510701107 0.000000e+00
206.879704797 0.000000e+00
207.248708487 0.000000e+00
207.617712177 0.000000e+00
207.986715867 0.000000e+00
208.355719557 0.000000e+00
208.724723247 0.000000e+00
209.093726937 0.000000e+00
209.462730627 0.000000e+00
209.831734317 0.000000e+00
210.200738007 0.000000e+00
210.569741697 0.000000e+00
210.938745387 0.000000e+00
211.307749077 0.000000e+00
211.676752768 0.000000e+00
212.045756458 0.000000e+00
212.414760148 0.000000e+00
212.783763838 0.000000e+00
213.152767528 0.000000e+00
213.521771218 0.000000e+00
213.890774908 0.000000e+00
214.259778598 0.000000e+00
214.628782288 0.000000e+00
214.997785978 0.000000e+00
215.366789668 0.000000e+00
215.735793358 0.000000e+00
216.104797048 0.000000e+00
216.473800738 0.000000e+00
216.842804428 0.000000e+00
217.211808118 0.000000e+00
217.580811808 0.000000e+00
217.949815498 0.000000e+00
218.318819188 0.000000e+00
218.687822878 0.000000e+00
219.056826568 0.000000e+00
219.425830258 0.000000e+00
219.794833948 0.000000e+00
220.163837638 0.000000e+00
220.532841328 0.000000e+00
220.901845018 0.000000e+00
221.270848708 0.000000e+00
221.639852399 0.000000e+00
222.008856089 0.000000e+00
222.377859779 0.000000e+00
222.746863469 0.000000e+00
223.115867159 0.000000e+00
223.484870849 0.000000e+00
223.853874539 0.000000e+00
224.222878229 0.000000e+00
224.591881919 0.000000e+00
224.960885609 0.000000e+00
225.329889299 0.000000e+00
225.698892989 0.000000e+00
226.067896679 0.000000e+00
226.436900369 0.000000e+00
226.805904059 0.000000e+00
227.174907749 0.000000e+00
227.543911439 0.000000e+00
227.912915129 0.000000e+00
228.281918819 0.000000e+00
228.650922509 0.000000e+00
229.019926199 0.000000e+00
229.388929889 0.000000e+00
229.757933579 0.000000e+00
230.126937269 0.000000e+00
230.495940959 0.000000e+00
230.864944649 0.000000e+00
231.233948339 0.000000e+00
231.60295203 0.000000e+00
231.97195572 0.000000e+00
232.34095941 0.000000e+00
232.7099631 0.000000e+00
233.07896679 0.000000e+00
233.44797048 0.000000e+00
233.81697417 0.000000e+00
234.18597786 0.000000e+00
234.55498155 0.000000e+00
234.92398524 0.000000e+00
235.29298893 0.000000e+00
235.66199262 0.000000e+00
236.03099631 0.000000e+00
236.4 0.000000e+00
236.76900369 0.000000e+00
237.13800738 0.000000e+00
237.50701107 0.000000e+00
237.87601476 0.000000e+00
238.24501845 0.000000e+00
238.61402214 0.000000e+00
238.98302583 0.000000e+00
239.35202952 0.000000e+00
239.72103321 0.000000e+00
240.0900369 0.000000e+00
240.45904059 0.000000e+00
240.82804428 0.000000e+00
241.19704797 0.000000e+00
241.566051661 0.000000e+00
241.935055351 0.000000e+00
242.304059041 0.000000e+00
242.673062731 0.000000e+00
243.042066421 0.000000e+00
243.411070111 0.000000e+00
243.780073801 0.000000e+00
244.149077491 0.000000e+00
244.518081181 0.000000e+00
244.887084871 0.000000e+00
245.256088561 0.000000e+00
245.625092251 0.000000e+00
245.994095941 0.000000e+00
246.363099631 0.000000e+00
246.732103321 0.000000e+00
247.101107011 0.000000e+00
247.470110701 0.000000e+00
247.839114391 0.000000e+00
248.208118081 0.000000e+00
248.577121771 0.000000e+00
248.946125461 0.000000e+00
249.315129151 0.000000e+00
249.684132841 0.000000e+00
250.053136531 0.000000e+00
250.422140221 0.000000e+00
250.791143911 0.000000e+00
251.160147601 0.000000e+00
251.529151292 0.000000e+00
251.898154982 0.000000e+00
252.267158672 0.000000e+00
252.636162362 0.000000e+00
253.005166052 0.000000e+00
253.374169742 0.000000e+00
253.743173432 0.000000e+00
254.112177122 0.000000e+00
254.481180812 0.000000e+00
254.850184502 0.000000e+00
255.219188192 0.000000e+00
255.588191882 0.000000e+00
255.957195572 0.000000e+00
256.326199262 0.000000e+00
256.695202952 0.000000e+00
257.064206642 0.000000e+00
257.433210332 0.000000e+00
257.802214022 0.000000e+00
258.171217712 0.000000e+00
258.540221402 0.000000e+00
258.909225092 0.000000e+00
259.278228782 0.000000e+00
259.647232472 0.000000e+00
260.016236162 0.000000e+00
260.385239852 0.000000e+00
260.754243542 0.000000e+00
261.123247232 0.000000e+00
261.492250923 0.000000e+00
261.861254613 0.000000e+00
262.230258303 0.000000e+00
262.599261993 0.000000e+00
262.968265683 0.000000e+00
263.337269373 0.000000e+00
263.706273063 0.000000e+00
264.075276753 0.000000e+00
264.444280443 0.000000e+00
264.813284133 0.000000e+00
265.182287823 0.000000e+00
265.551291513 0.000000e+00
265.920295203 0.000000e+00
266.289298893 0.000000e+00
266.658302583 0.000000e+00
267.027306273 0.000000e+00
267.396309963 0.000000e+00
267.765313653 0.000000e+00
268.134317343 0.000000e+00
268.503321033 0.000000e+00
268.872324723 0.000000e+00
269.241328413 0.000000e+00
269.610332103 0.000000e+00
269.979335793 0.000000e+00
270.348339483 0.000000e+00
270.717343173 0.000000e+00
271.086346863 0.000000e+00
271.455350554 0.000000e+00
271.824354244 0.000000e+00
272.193357934 0.000000e+00
272.562361624 0.000000e+00
272.931365314 0.000000e+00
273.300369004 0.000000e+00
273.669372694 0.000000e+00
274.038376384 0.000000e+00
274.407380074 0.000000e+00
274.776383764 0.000000e+00
275.145387454 0.000000e+00
275.514391144 0.000000e+00
275.883394834 0.000000e+00
276.252398524 0.000000e+00
276.621402214 0.000000e+00
276.990405904 0.000000e+00
277.359409594 0.000000e+00
277.728413284 0.000000e+00
278.097416974 0.000000e+00
278.466420664 0.000000e+00
278.835424354 0.000000e+00
279.204428044 0.000000e+00
279.573431734 0.000000e+00
279.942435424 0.000000e+00
280.311439114 0.000000e+00
280.680442804 0.000000e+00
281.049446494 0.000000e+00
281.418450185 0.000000e+00
281.787453875 0.000000e+00
282.156457565 0.000000e+00
282.525461255 0.000000e+00
282.894464945 0.000000e+00
283.263468635 0.000000e+00
283.632472325 0.000000e+00
284.001476015 0.000000e+00
284.370479705 0.000000e+00
284.739483395 0.000000e+00
285.108487085 0.000000e+00
285.477490775 0.000000e+00
285.846494465 0.000000e+00
286.215498155 0.000000e+00
286.584501845 0.000000e+00
286.953505535 0.000000e+00
287.322509225 0.000000e+00
287.691512915 0.000000e+00
288.060516605 0.000000e+00
288.429520295 0.000000e+00
288.798523985 0.000000e+00
289.167527675 0.000000e+00
289.536531365 0.000000e+00
289.905535055 0.000000e+00
290.274538745 0.000000e+00
290.643542435 0.000000e+00
291.012546125 0.000000e+00
291.381549815 0.000000e+00
291.750553506 0.000000e+00
292.119557196 0.000000e+00
292.488560886 0.000000e+00
292.857564576 0.000000e+00
293.226568266 0.000000e+00
293.595571956 0.000000e+00
293.964575646 0.000000e+00
294.333579336 0.000000e+00
294.702583026 0.000000e+00
295.071586716 0.000000e+00
295.440590406 0.000000e+00
295.809594096 0.000000e+00
296.178597786 0.000000e+00
296.547601476 0.000000e+00
296.916605166 0.000000e+00
297.285608856 0.000000e+00
297.654612546 0.000000e+00
298.023616236 0.000000e+00
298.392619926 0.000000e+00
298.761623616 0.000000e+00
299.130627306 0.000000e+00
299.499630996 0.000000e+00
299.868634686 0.000000e+00
300.237638376 0.000000e+00
300.606642066 0.000000e+00
300.975645756 0.000000e+00
301.344649446 0.000000e+00
301.713653137 0.000000e+00
302.082656827 0.000000e+00
302.451660517 0.000000e+00
302.820664207 0.000000e+00
303.189667897 0.000000e+00
303.558671587 0.000000e+00
303.927675277 0.000000e+00
304.296678967 0.000000e+00
304.665682657 0.000000e+00
305.034686347 0.000000e+00
305.403690037 0.000000e+00
305.772693727 0.000000e+00
306.141697417 0.000000e+00
306.510701107 0.000000e+00
306.879704797 0.000000e+00
307.248708487 0.000000e+00
307.617712177 0.000000e+00
307.986715867 0.000000e+00
308.355719557 0.000000e+00
308.724723247 0.000000e+00
309.093726937 0.000000e+00
309.462730627 0.000000e+00
309.831734317 0.000000e+00
310.200738007 0.000000e+00
310.569741697 0.000000e+00
310.938745387 0.000000e+00
311.307749077 0.000000e+00
311.676752768 0.000000e+00
312.045756458 0.000000e+00
312.414760148 0.000000e+00
312.783763838 0.000000e+00
313.152767528 0.000000e+00
313.521771218 0.000000e+00
313.890774908 0.000000e+00
314.259778598 0.000000e+00
314.628782288 0.000000e+00
314.997785978 0.000000e+00
315.366789668 0.000000e+00
315.735793358 0.000000e+00
316.104797048 0.000000e+00
316.473800738 0.000000e+00
316.842804428 0.000000e+00
317.211808118 0.000000e+00
317.580811808 0.000000e+00
317.949815498 0.000000e+00
318.318819188 0.000000e+00
318.687822878 0.000000e+00
319.056826568 0.000000e+00
319.425830258 0.000000e+00
319.794833948 0.000000e+00
320.163837638 0.000000e+00
320.532841328 0.000000e+00
320.901845018 0.000000e+00
321.270848708 0.000000e+00
321.639852399 0.000000e+00
322.008856089 0.000000e+00
322.377859779 0.000000e+00
322.746863469 0.000000e+00
323.115867159 0.000000e+00
323.484870849 0.000000e+00
323.853874539 0.000000e+00
324.222878229 0.000000e+00
324.591881919 0.000000e+00
324.960885609 0.000000e+00
325.329889299 0.000000e+00
325.698892989 0.000000e+00
326.067896679 0.000000e+00
326.436900369 0.000000e+00
326.805904059 0.000000e+00
327.174907749 0.000000e+00
327.543911439 0.000000e+00
327.912915129 0.000000e+00
328.281918819 0.000000e+00
328.650922509 0.000000e+00
329.019926199 0.000000e+00
329.388929889 0.000000e+00
329.757933579 0.000000e+00
330.126937269 0.000000e+00
330.495940959 0.000000e+00
330.864944649 0.000000e+00
331.233948339 0.000000e+00
331.60295203 0.000000e+00
331.97195572 0.000000e+00
332.34095941 0.000000e+00
332.7099631 0.000000e+00
333.07896679 0.000000e+00
333.44797048 0.000000e+00
333.81697417 0.000000e+00
334.18597786 0.000000e+00
334.55498155 0.000000e+00
334.92398524 0.000000e+00
335.29298893 0.000000e+00
335.66199262 0.000000e+00
336.03099631 0.000000e+00
336.4 0.000000e+00
336.76900369 0.000000e+00
337.13800738 0.000000e+00
337.50701107 0.000000e+00
337.87601476 0.000000e+00
338.24501845 0.000000e+00
338.61402214 0.000000e+00
338.98302583 0.000000e+00
339.35202952 0.000000e+00
339.72103321 0.000000e+00
340.0900369 0.000000e+00
340.45904059 0.000000e+00
340.82804428 0.000000e+00
341.19704797 0.000000e+00
341.566051661 0.000000e+00
341.935055351 0.000000e+00
342.304059041 0.000000e+00
342.673062731 0.000000e+00
343.042066421 0.000000e+00
343.411070111 0.000000e+00
343.780073801 0.000000e+00
344.149077491 0.000000e+00
344.518081181 0.000000e+00
344.887084871 0.000000e+00
345.256088561 0.000000e+00
345.625092251 0.000000e+00
345.994095941 0.000000e+00
346.363099631 0.000000e+00
346.732103321 0.000000e+00
347.101107011 0.000000e+00
347.470110701 0.000000e+00
347.839114391 0.000000e+00
348.208118081 0.000000e+00
348.577121771 0.000000e+00
348.946125461 0.000000e+00
349.315129151 0.000000e+00
349.684132841 0.000000e+00
350.053136531 0.000000e+00
350.422140221 0.000000e+00
350.791143911 0.000000e+00
351.160147601 0.000000e+00
351.529151292 0.000000e+00
351.898154982 0.000000e+00
352.267158672 0.000000e+00
352.636162362 0.000000e+00
353.005166052 0.000000e+00
353.374169742 0.000000e+00
353.743173432 0.000000e+00
354.112177122 0.000000e+00
354.481180812 0.000000e+00
354.850184502 0.000000e+00
355.850184502 0.0
356.850184502 0.0
357.850184502 0.0
358.850184502 0.0
359.850184502 0.0
360.850184502 0.0
361.850184502 0.0
362.850184502 0.0
363.850184502 0.0
364.850184502 0.0
365.850184502 0.0
366.850184502 0.0
367.850184502 0.0
368.850184502 0.0
369.850184502 0.0
370.850184502 0.0
371.850184502 0.0
372.850184502 0.0
373.850184502 0.0
374.850184502 0.0
375.850184502 0.0
376.850184502 0.0
377.850184502 0.0
378.850184502 0.0
379.850184502 0.0
380.850184502 0.0
381.850184502 0.0
382.850184502 0.0
383.850184502 0.0
384.850184502 0.0
385.850184502 0.0
386.850184502 0.0
387.850184502 0.0
388.850184502 0.0
389.850184502 0.0
390.850184502 0.0
391.850184502 0.0
392.850184502 0.0
393.850184502 0.0
394.850184502 0.0
395.850184502 0.0
396.850184502 0.0
397.850184502 0.0
398.850184502 0.0
399.850184502 0.0
400.850184502 0.0
401.850184502 0.0
402.850184502 0.0
403.850184502 0.0
404.850184502 0.0
405.850184502 0.0
406.850184502 0.0
407.850184502 0.0
408.850184502 0.0
409.850184502 0.0
410.850184502 0.0
411.850184502 0.0
412.850184502 0.0
413.850184502 0.0
414.850184502 0.0
415.850184502 0.0
416.850184502 0.0
417.850184502 0.0
418.850184502 0.0
419.850184502 0.0
420.850184502 0.0
421.850184502 0.0
422.850184502 0.0
423.850184502 0.0
424.850184502 0.0
425.850184502 0.0
426.850184502 0.0
427.850184502 0.0
428.850184502 0.0
429.850184502 0.0
430.850184502 0.0
431.850184502 0.0
432.850184502 0.0
433.850184502 0.0
434.850184502 0.0
435.850184502 0.0
436.850184502 0.0
437.850184502 0.0
438.850184502 0.0
439.850184502 0.0
440.850184502 0.0
441.850184502 0.0
442.850184502 0.0
443.850184502 0.0
444.850184502 0.0
445.850184502 0.0
446.850184502 0.0
447.850184502 0.0
448.850184502 0.0
449.850184502 0.0
450.850184502 0.0
451.850184502 0.0
452.850184502 0.0
453.850184502 0.0
454.850184502 0.0
455.850184502 0.0
456.850184502 0.0
457.850184502 0.0
458.850184502 0.0
459.850184502 0.0
460.850184502 0.0
461.850184502 0.0
462.850184502 0.0
463.850184502 0.0
464.850184502 0.0
465.850184502 0.0
466.850184502 0.0
467.850184502 0.0
468.850184502 0.0
469.850184502 0.0
470.850184502 0.0
471.850184502 0.0
472.850184502 0.0
473.850184502 0.0
474.850184502 0.0
475.850184502 0.0
476.850184502 0.0
477.850184502 0.0
478.850184502 0.0
479.850184502 0.0
480.850184502 0.0
481.850184502 0.0
482.850184502 0.0
483.850184502 0.0
484.850184502 0.0
485.850184502 0.0
486.850184502 0.0
487.850184502 0.0
488.850184502 0.0
489.850184502 0.0
490.850184502 0.0
491.850184502 0.0
492.850184502 0.0
493.850184502 0.0
494.850184502 0.0
495.850184502 0.0
496.850184502 0.0
497.850184502 0.0
498.850184502 0.0
499.850184502 0.0
500.850184502 0.0
501.850184502 0.0
502.850184502 0.0
503.850184502 0.0
504.850184502 0.0
505.850184502 0.0
506.850184502 0.0
507.850184502 0.0
508.850184502 0.0
509.850184502 0.0
510.850184502 0.0
511.850184502 0.0
512.850184502 0.0
513.850184502 0.0
514.850184502 0.0
515.850184502 0.0
516.850184502 0.0
517.850184502 0.0
518.850184502 0.0
519.850184502 0.0
520.850184502 0.0
521.850184502 0.0
522.850184502 0.0
523.850184502 0.0
524.850184502 0.0
525.850184502 0.0
526.850184502 0.0
527.850184502 0.0
528.850184502 0.0
529.850184502 0.0
530.850184502 0.0
531.850184502 0.0
532.850184502 0.0
533.850184502 0.0
534.850184502 0.0
535.850184502 0.0
536.850184502 0.0
537.850184502 0.0
538.850184502 0.0
539.850184502 0.0
540.850184502 0.0
541.850184502 0.0
542.850184502 0.0
543.850184502 0.0
544.850184502 0.0
545.850184502 0.0
546.850184502 0.0
547.850184502 0.0
548.850184502 0.0
549.850184502 0.0
550.850184502 0.0
551.850184502 0.0
552.850184502 0.0
553.850184502 0.0
554.850184502 0.0
555.850184502 0.0
556.850184502 0.0
557.850184502 0.0
558.850184502 0.0
559.850184502 0.0
560.850184502 0.0
561.850184502 0.0
562.850184502 0.0
563.850184502 0.0
564.850184502 0.0
565.850184502 0.0
566.850184502 0.0
567.850184502 0.0
568.850184502 0.0
569.850184502 0.0
570.850184502 0.0
571.850184502 0.0
572.850184502 0.0
573.850184502 0.0
574.850184502 0.0
575.850184502 0.0
576.850184502 0.0
577.850184502 0.0
578.850184502 0.0
579.850184502 0.0
580.850184502 0.0
581.850184502 0.0
582.850184502 0.0
583.850184502 0.0
584.850184502 0.0
585.850184502 0.0
586.850184502 0.0
587.850184502 0.0
588.850184502 0.0
589.850184502 0.0
590.850184502 0.0
591.850184502 0.0
592.850184502 0.0
593.850184502 0.0
594.850184502 0.0
595.850184502 0.0
596.850184502 0.0
597.850184502 0.0
598.850184502 0.0
599.850184502 0.0
600.850184502 0.0
601.850184502 0.0
602.850184502 0.0
603.850184502 0.0
604.850184502 0.0
605.850184502 0.0
606.850184502 0.0
607.850184502 0.0
608.850184502 0.0
609.850184502 0.0
610.850184502 0.0
611.850184502 0.0
612.850184502 0.0
613.850184502 0.0
614.850184502 0.0
615.850184502 0.0
616.850184502 0.0
617.850184502 0.0
618.850184502 0.0
619.850184502 0.0
620.850184502 0.0
621.850184502 0.0
622.850184502 0.0
623.850184502 0.0
624.850184502 0.0
625.850184502 0.0
626.850184502 0.0
627.850184502 0.0
628.850184502 0.0
629.850184502 0.0
630.850184502 0.0
631.850184502 0.0
632.850184502 0.0
633.850184502 0.0
634.850184502 0.0
635.850184502 0.0
636.850184502 0.0
637.850184502 0.0
638.850184502 0.0
639.850184502 0.0
640.850184502 0.0
641.850184502 0.0
642.850184502 0.0
643.850184502 0.0
644.850184502 0.0
645.850184502 0.0
646.850184502 0.0
647.850184502 0.0
648.850184502 0.0
649.850184502 0.0
650.850184502 0.0
651.850184502 0.0
652.850184502 0.0
653.850184502 0.0
654.850184502 0.0
655.850184502 0.0
656.850184502 0.0
657.850184502 0.0
658.850184502 0.0
659.850184502 0.0
660.850184502 0.0
661.850184502 0.0
662.850184502 0.0
663.850184502 0.0
664.850184502 0.0
665.850184502 0.0
666.850184502 0.0
667.850184502 0.0
668.850184502 0.0
669.850184502 0.0
670.850184502 0.0
671.850184502 0.0
672.850184502 0.0
673.850184502 0.0
674.850184502 0.0
675.850184502 0.0
676.850184502 0.0
677.850184502 0.0
678.850184502 0.0
679.850184502 0.0
680.850184502 0.0
681.850184502 0.0
682.850184502 0.0
683.850184502 0.0
684.850184502 0.0
685.850184502 0.0
686.850184502 0.0
687.850184502 0.0
688.850184502 0.0
689.850184502 0.0
690.850184502 0.0
691.850184502 0.0
692.850184502 0.0
693.850184502 0.0
694.850184502 0.0
695.850184502 0.0
696.850184502 0.0
697.850184502 0.0
698.850184502 0.0
699.850184502 0.0
700.850184502 0.0
701.850184502 0.0
702.850184502 0.0
703.850184502 0.0
704.850184502 0.0
705.850184502 0.0
706.850184502 0.0
707.850184502 0.0
708.850184502 0.0
709.850184502 0.0
710.850184502 0.0
711.850184502 0.0
712.850184502 0.0
713.850184502 0.0
714.850184502 0.0
715.850184502 0.0
716.850184502 0.0
717.850184502 0.0
718.850184502 0.0
719.850184502 0.0
720.850184502 0.0
721.850184502 0.0
722.850184502 0.0
723.850184502 0.0
724.850184502 0.0
725.850184502 0.0
726.850184502 0.0
727.850184502 0.0
728.850184502 0.0
729.850184502 0.0
730.850184502 0.0
731.850184502 0.0
732.850184502 0.0
733.850184502 0.0
734.850184502 0.0
735.850184502 0.0
736.850184502 0.0
737.850184502 0.0
738.850184502 0.0
739.850184502 0.0
740.850184502 0.0
741.850184502 0.0
742.850184502 0.0
743.850184502 0.0
744.850184502 0.0
745.850184502 0.0
746.850184502 0.0
747.850184502 0.0
748.850184502 0.0
749.850184502 0.0
750.850184502 0.0
751.850184502 0.0
752.850184502 0.0
753.850184502 0.0
754.850184502 0.0
755.850184502 0.0
756.850184502 0.0
757.850184502 0.0
758.850184502 0.0
759.850184502 0.0
760.850184502 0.0
761.850184502 0.0
762.850184502 0.0
763.850184502 0.0
764.850184502 0.0
765.850184502 0.0
766.850184502 0.0
767.850184502 0.0
768.850184502 0.0
769.850184502 0.0
770.850184502 0.0
771.850184502 0.0
772.850184502 0.0
773.850184502 0.0
774.850184502 0.0
775.850184502 0.0
776.850184502 0.0
777.850184502 0.0
778.850184502 0.0
779.850184502 0.0
780.850184502 0.0
781.850184502 0.0
782.850184502 0.0
783.850184502 0.0
784.850184502 0.0
785.850184502 0.0
786.850184502 0.0
787.850184502 0.0
788.850184502 0.0
789.850184502 0.0
790.850184502 0.0
791.850184502 0.0
792.850184502 0.0
793.850184502 0.0
794.850184502 0.0
795.850184502 0.0
796.850184502 0.0
797.850184502 0.0
798.850184502 0.0
799.850184502 0.0
800.850184502 0.0
801.850184502 0.0
802.850184502 0.0
803.850184502 0.0
804.850184502 0.0
805.850184502 0.0
806.850184502 0.0
807.850184502 0.0
808.850184502 0.0
809.850184502 0.0
810.850184502 0.0
811.850184502 0.0
812.850184502 0.0
813.850184502 0.0
814.850184502 0.0
815.850184502 0.0
816.850184502 0.0
817.850184502 0.0
818.850184502 0.0
819.850184502 0.0
820.850184502 0.0
821.850184502 0.0
822.850184502 0.0
823.850184502 0.0
824.850184502 0.0
825.850184502 0.0
826.850184502 0.0
827.850184502 0.0
828.850184502 0.0
829.850184502 0.0
830.850184502 0.0
831.850184502 0.0
832.850184502 0.0
833.850184502 0.0
834.850184502 0.0
835.850184502 0.0
836.850184502 0.0
837.850184502 0.0
838.850184502 0.0
839.850184502 0.0
840.850184502 0.0
841.850184502 0.0
842.850184502 0.0
843.850184502 0.0
844.850184502 0.0
845.850184502 0.0
846.850184502 0.0
847.850184502 0.0
848.850184502 0.0
849.850184502 0.0
850.850184502 0.0
851.850184502 0.0
852.850184502 0.0
853.850184502 0.0
854.850184502 0.0
