-614.227533461 0.0
-613.227533461 0.0
-612.227533461 0.0
-611.227533461 0.0
-610.227533461 0.0
-609.227533461 0.0
-608.227533461 0.0
-607.227533461 0.0
-606.227533461 0.0
-605.227533461 0.0
-604.227533461 0.0
-603.227533461 0.0
-602.227533461 0.0
-601.227533461 0.0
-600.227533461 0.0
-599.227533461 0.0
-598.227533461 0.0
-597.227533461 0.0
-596.227533461 0.0
-595.227533461 0.0
-594.227533461 0.0
-593.227533461 0.0
-592.227533461 0.0
-591.227533461 0.0
-590.227533461 0.0
-589.227533461 0.0
-588.227533461 0.0
-587.227533461 0.0
-586.227533461 0.0
-585.227533461 0.0
-584.227533461 0.0
-583.227533461 0.0
-582.227533461 0.0
-581.227533461 0.0
-580.227533461 0.0
-579.227533461 0.0
-578.227533461 0.0
-577.227533461 0.0
-576.227533461 0.0
-575.227533461 0.0
-574.227533461 0.0
-573.227533461 0.0
-572.227533461 0.0
-571.227533461 0.0
-570.227533461 0.0
-569.227533461 0.0
-568.227533461 0.0
-567.227533461 0.0
-566.227533461 0.0
-565.227533461 0.0
-564.227533461 0.0
-563.227533461 0.0
-562.227533461 0.0
-561.227533461 0.0
-560.227533461 0.0
-559.227533461 0.0
-558.227533461 0.0
-557.227533461 0.0
-556.227533461 0.0
-555.227533461 0.0
-554.227533461 0.0
-553.227533461 0.0
-552.227533461 0.0
-551.227533461 0.0
-550.227533461 0.0
-549.227533461 0.0
-548.227533461 0.0
-547.227533461 0.0
-546.227533461 0.0
-545.227533461 0.0
-544.227533461 0.0
-543.227533461 0.0
-542.227533461 0.0
-541.227533461 0.0
-540.227533461 0.0
-539.227533461 0.0
-538.227533461 0.0
-537.227533461 0.0
-536.227533461 0.0
-535.227533461 0.0
-534.227533461 0.0
-533.227533461 0.0
-532.227533461 0.0
-531.227533461 0.0
-530.227533461 0.0
-529.227533461 0.0
-528.227533461 0.0
-527.227533461 0.0
-526.227533461 0.0
-525.227533461 0.0
-524.227533461 0.0
-523.227533461 0.0
-522.227533461 0.0
-521.227533461 0.0
-520.227533461 0.0
-519.227533461 0.0
-518.227533461 0.0
-517.227533461 0.0
-516.227533461 0.0
-515.227533461 0.0
-514.227533461 0.0
-513.227533461 0.0
-512.227533461 0.0
-511.227533461 0.0
-510.227533461 0.0
-509.227533461 0.0
-508.227533461 0.0
-507.227533461 0.0
-506.227533461 0.0
-505.227533461 0.0
-504.227533461 0.0
-503.227533461 0.0
-502.227533461 0.0
-501.227533461 0.0
-500.227533461 0.0
-499.227533461 0.0
-498.227533461 0.0
-497.227533461 0.0
-496.227533461 0.0
-495.227533461 0.0
-494.227533461 0.0
-493.227533461 0.0
-492.227533461 0.0
-491.227533461 0.0
-490.227533461 0.0
-489.227533461 0.0
-488.227533461 0.0
-487.227533461 0.0
-486.227533461 0.0
-485.227533461 0.0
-484.227533461 0.0
-483.227533461 0.0
-482.227533461 0.0
-481.227533461 0.0
-480.227533461 0.0
-479.227533461 0.0
-478.227533461 0.0
-477.227533461 0.0
-476.227533461 0.0
-475.227533461 0.0
-474.227533461 0.0
-473.227533461 0.0
-472.227533461 0.0
-471.227533461 0.0
-470.227533461 0.0
-469.227533461 0.0
-468.227533461 0.0
-467.227533461 0.0
-466.227533461 0.0
-465.227533461 0.0
-464.227533461 0.0
-463.227533461 0.0
-462.227533461 0.0
-461.227533461 0.0
-460.227533461 0.0
-459.227533461 0.0
-458.227533461 0.0
-457.227533461 0.0
-456.227533461 0.0
-455.227533461 0.0
-454.227533461 0.0
-453.227533461 0.0
-452.227533461 0.0
-451.227533461 0.0
-450.227533461 0.0
-449.227533461 0.0
-448.227533461 0.0
-447.227533461 0.0
-446.227533461 0.0
-445.227533461 0.0
-444.227533461 0.0
-443.227533461 0.0
-442.227533461 0.0
-441.227533461 0.0
-440.227533461 0.0
-439.227533461 0.0
-438.227533461 0.0
-437.227533461 0.0
-436.227533461 0.0
-435.227533461 0.0
-434.227533461 0.0
-433.227533461 0.0
-432.227533461 0.0
-431.227533461 0.0
-430.227533461 0.0
-429.227533461 0.0
-428.227533461 0.0
-427.227533461 0.0
-426.227533461 0.0
-425.227533461 0.0
-424.227533461 0.0
-423.227533461 0.0
-422.227533461 0.0
-421.227533461 0.0
-420.227533461 0.0
-419.227533461 0.0
-418.227533461 0.0
-417.227533461 0.0
-416.227533461 0.0
-415.227533461 0.0
-414.227533461 0.0
-413.227533461 0.0
-412.227533461 0.0
-411.227533461 0.0
-410.227533461 0.0
-409.227533461 0.0
-408.227533461 0.0
-407.227533461 0.0
-406.227533461 0.0
-405.227533461 0.0
-404.227533461 0.0
-403.227533461 0.0
-402.227533461 0.0
-401.227533461 0.0
-400.227533461 0.0
-399.227533461 0.0
-398.227533461 0.0
-397.227533461 0.0
-396.227533461 0.0
-395.227533461 0.0
-394.227533461 0.0
-393.227533461 0.0
-392.227533461 0.0
-391.227533461 0.0
-390.227533461 0.0
-389.227533461 0.0
-388.227533461 0.0
-387.227533461 0.0
-386.227533461 0.0
-385.227533461 0.0
-384.227533461 0.0
-383.227533461 0.0
-382.227533461 0.0
-381.227533461 0.0
-380.227533461 0.0
-379.227533461 0.0
-378.227533461 0.0
-377.227533461 0.0
-376.227533461 0.0
-375.227533461 0.0
-374.227533461 0.0
-373.227533461 0.0
-372.227533461 0.0
-371.227533461 0.0
-370.227533461 0.0
-369.227533461 0.0
-368.227533461 0.0
-367.227533461 0.0
-366.227533461 0.0
-365.227533461 0.0
-364.227533461 0.0
-363.227533461 0.0
-362.227533461 0.0
-361.227533461 0.0
-360.227533461 0.0
-359.227533461 0.0
-358.227533461 0.0
-357.227533461 0.0
-356.227533461 0.0
-355.227533461 0.0
-354.227533461 0.0
-353.227533461 0.0
-352.227533461 0.0
-351.227533461 0.0
-350.227533461 0.0
-349.227533461 0.0
-348.227533461 0.0
-347.227533461 0.0
-346.227533461 0.0
-345.227533461 0.0
-344.227533461 0.0
-343.227533461 0.0
-342.227533461 0.0
-341.227533461 0.0
-340.227533461 0.0
-339.227533461 0.0
-338.227533461 0.0
-337.227533461 0.0
-336.227533461 0.0
-335.227533461 0.0
-334.227533461 0.0
-333.227533461 0.0
-332.227533461 0.0
-331.227533461 0.0
-330.227533461 0.0
-329.227533461 0.0
-328.227533461 0.0
-327.227533461 0.0
-326.227533461 0.0
-325.227533461 0.0
-324.227533461 0.0
-323.227533461 0.0
-322.227533461 0.0
-321.227533461 0.0
-320.227533461 0.0
-319.227533461 0.0
-318.227533461 0.0
-317.227533461 0.0
-316.227533461 0.0
-315.227533461 0.0
-314.227533461 0.0
-313.227533461 0.0
-312.227533461 0.0
-311.227533461 0.0
-310.227533461 0.0
-309.227533461 0.0
-308.227533461 0.0
-307.227533461 0.0
-306.227533461 0.0
-305.227533461 0.0
-304.227533461 0.0
-303.227533461 0.0
-302.227533461 0.0
-301.227533461 0.0
-300.227533461 0.0
-299.227533461 0.0
-298.227533461 0.0
-297.227533461 0.0
-296.227533461 0.0
-295.227533461 0.0
-294.227533461 0.0
-293.227533461 0.0
-292.227533461 0.0
-291.227533461 0.0
-290.227533461 0.0
-289.227533461 0.0
-288.227533461 0.0
-287.227533461 0.0
-286.227533461 0.0
-285.227533461 0.0
-284.227533461 0.0
-283.227533461 0.0
-282.227533461 0.0
-281.227533461 0.0
-280.227533461 0.0
-279.227533461 0.0
-278.227533461 0.0
-277.227533461 0.0
-276.227533461 0.0
-275.227533461 0.0
-274.227533461 0.0
-273.227533461 0.0
-272.227533461 0.0
-271.227533461 0.0
-270.227533461 0.0
-269.227533461 0.0
-268.227533461 0.0
-267.227533461 0.0
-266.227533461 0.0
-265.227533461 0.0
-264.227533461 0.0
-263.227533461 0.0
-262.227533461 0.0
-261.227533461 0.0
-260.227533461 0.0
-259.227533461 0.0
-258.227533461 0.0
-257.227533461 0.0
-256.227533461 0.0
-255.227533461 0.0
-254.227533461 0.0
-253.227533461 0.0
-252.227533461 0.0
-251.227533461 0.0
-250.227533461 0.0
-249.227533461 0.0
-248.227533461 0.0
-247.227533461 0.0
-246.227533461 0.0
-245.227533461 0.0
-244.227533461 0.0
-243.227533461 0.0
-242.227533461 0.0
-241.227533461 0.0
-240.227533461 0.0
-239.227533461 0.0
-238.227533461 0.0
-237.227533461 0.0
-236.227533461 0.0
-235.227533461 0.0
-234.227533461 0.0
-233.227533461 0.0
-232.227533461 0.0
-231.227533461 0.0
-230.227533461 0.0
-229.227533461 0.0
-228.227533461 0.0
-227.227533461 0.0
-226.227533461 0.0
-225.227533461 0.0
-224.227533461 0.0
-223.227533461 0.0
-222.227533461 0.0
-221.227533461 0.0
-220.227533461 0.0
-219.227533461 0.0
-218.227533461 0.0
-217.227533461 0.0
-216.227533461 0.0
-215.227533461 0.0
-214.227533461 0.0
-213.227533461 0.0
-212.227533461 0.0
-211.227533461 0.0
-210.227533461 0.0
-209.227533461 0.0
-208.227533461 0.0
-207.227533461 0.0
-206.227533461 0.0
-205.227533461 0.0
-204.227533461 0.0
-203.227533461 0.0
-202.227533461 0.0
-201.227533461 0.0
-200.227533461 0.0
-199.227533461 0.0
-198.227533461 0.0
-197.227533461 0.0
-196.227533461 0.0
-195.227533461 0.0
-194.227533461 0.0
-193.227533461 0.0
-192.227533461 0.0
-191.227533461 0.0
-190.227533461 0.0
-189.227533461 0.0
-188.227533461 0.0
-187.227533461 0.0
-186.227533461 0.0
-185.227533461 0.0
-184.227533461 0.0
-183.227533461 0.0
-182.227533461 0.0
-181.227533461 0.0
-180.227533461 0.0
-179.227533461 0.0
-178.227533461 0.0
-177.227533461 0.0
-176.227533461 0.0
-175.227533461 0.0
-174.227533461 0.0
-173.227533461 0.0
-172.227533461 0.0
-171.227533461 0.0
-170.227533461 0.0
-169.227533461 0.0
-168.227533461 0.0
-167.227533461 0.0
-166.227533461 0.0
-165.227533461 0.0
-164.227533461 0.0
-163.227533461 0.0
-162.227533461 0.0
-161.227533461 0.0
-160.227533461 0.0
-159.227533461 0.0
-158.227533461 0.0
-157.227533461 0.0
-156.227533461 0.0
-155.227533461 0.0
-154.227533461 0.0
-153.227533461 0.0
-152.227533461 0.0
-151.227533461 0.0
-150.227533461 0.0
-149.227533461 0.0
-148.227533461 0.0
-147.227533461 0.0
-146.227533461 0.0
-145.227533461 0.0
-144.227533461 0.0
-143.227533461 0.0
-142.227533461 0.0
-141.227533461 0.0
-140.227533461 0.0
-139.227533461 0.0
-138.227533461 0.0
-137.227533461 0.0
-136.227533461 0.0
-135.227533461 0.0
-134.227533461 0.0
-133.227533461 0.0
-132.227533461 0.0
-131.227533461 0.0
-130.227533461 0.0
-129.227533461 0.0
-128.227533461 0.0
-127.227533461 0.0
-126.227533461 0.0
-125.227533461 0.0
-124.227533461 0.0
-123.227533461 0.0
-122.227533461 0.0
-121.227533461 0.0
-120.227533461 0.0
-119.227533461 0.0
-118.227533461 0.0
-117.227533461 0.0
-116.227533461 0.0
-115.227533461 0.0
-114.227533461 0.000000e+00
-113.749521989 0.000000e+00
-113.271510516 0.000000e+00
-112.793499044 0.000000e+00
-112.315487572 0.000000e+00
-111.837476099 0.000000e+00
-111.359464627 0.000000e+00
-110.881453155 0.000000e+00
-110.403441683 0.000000e+00
-109.92543021 0.000000e+00
-109.447418738 0.000000e+00
-108.969407266 0.000000e+00
-108.491395793 0.000000e+00
-108.013384321 0.000000e+00
-107.535372849 0.000000e+00
-107.057361377 0.000000e+00
-106.579349904 0.000000e+00
-106.101338432 0.000000e+00
-105.62332696 0.000000e+00
-105.145315488 0.000000e+00
-104.667304015 0.000000e+00
-104.189292543 0.000000e+00
-103.711281071 0.000000e+00
-103.233269598 0.000000e+00
-102.755258126 0.000000e+00
-102.277246654 0.000000e+00
-101.799235182 0.000000e+00
-101.321223709 0.000000e+00
-100.843212237 0.000000e+00
-100.365200765 0.000000e+00
-99.8871892925 0.000000e+00
-99.4091778203 0.000000e+00
-98.931166348 0.000000e+00
-98.4531548757 0.000000e+00
-97.9751434034 0.000000e+00
-97.4971319312 0.000000e+00
-97.0191204589 0.000000e+00
-96.5411089866 0.000000e+00
-96.0630975143 0.000000e+00
-95.5850860421 0.000000e+00
-95.1070745698 0.000000e+00
-94.6290630975 0.000000e+00
-94.1510516252 0.000000e+00
-93.673040153 0.000000e+00
-93.1950286807 0.000000e+00
-92.7170172084 0.000000e+00
-92.2390057361 0.000000e+00
-91.7609942639 0.000000e+00
-91.2829827916 0.000000e+00
-90.8049713193 0.000000e+00
-90.326959847 0.000000e+00
-89.8489483748 0.000000e+00
-89.3709369025 0.000000e+00
-88.8929254302 0.000000e+00
-88.4149139579 0.000000e+00
-87.9369024857 0.000000e+00
-87.4588910134 0.000000e+00
-86.9808795411 0.000000e+00
-86.5028680688 0.000000e+00
-86.0248565966 0.000000e+00
-85.5468451243 0.000000e+00
-85.068833652 0.000000e+00
-84.5908221797 0.000000e+00
-84.1128107075 0.000000e+00
-83.6347992352 0.000000e+00
-83.1567877629 0.000000e+00
-82.6787762906 0.000000e+00
-82.2007648184 0.000000e+00
-81.7227533461 0.000000e+00
-81.2447418738 0.000000e+00
-80.7667304015 0.000000e+00
-80.2887189293 0.000000e+00
-79.810707457 0.000000e+00
-79.3326959847 0.000000e+00
-78.8546845124 0.000000e+00
-78.3766730402 0.000000e+00
-77.8986615679 0.000000e+00
-77.4206500956 0.000000e+00
-76.9426386233 0.000000e+00
-76.4646271511 0.000000e+00
-75.9866156788 0.000000e+00
-75.5086042065 0.000000e+00
-75.0305927342 0.000000e+00
-74.552581262 0.000000e+00
-74.0745697897 0.000000e+00
-73.5965583174 0.000000e+00
-73.1185468451 0.000000e+00
-72.6405353728 0.000000e+00
-72.1625239006 0.000000e+00
-71.6845124283 0.000000e+00
-71.206500956 0.000000e+00
-70.7284894837 0.000000e+00
-70.2504780115 0.000000e+00
-69.7724665392 0.000000e+00
-69.2944550669 0.000000e+00
-68.8164435946 0.000000e+00
-68.3384321224 0.000000e+00
-67.8604206501 0.000000e+00
-67.3824091778 0.000000e+00
-66.9043977055 0.000000e+00
-66.4263862333 0.000000e+00
-65.948374761 0.000000e+00
-65.4703632887 0.000000e+00
-64.9923518164 0.000000e+00
-64.5143403442 0.000000e+00
-64.0363288719 0.000000e+00
-63.5583173996 0.000000e+00
-63.0803059273 0.000000e+00
-62.6022944551 0.000000e+00
-62.1242829828 0.000000e+00
-61.6462715105 0.000000e+00
-61.1682600382 0.000000e+00
-60.690248566 0.000000e+00
-60.2122370937 0.000000e+00
-59.7342256214 0.000000e+00
-59.2562141491 0.000000e+00
-58.7782026769 0.000000e+00
-58.3001912046 0.000000e+00
-57.8221797323 0.000000e+00
-57.34416826 0.000000e+00
-56.8661567878 0.000000e+00
-56.3881453155 0.000000e+00
-55.9101338432 0.000000e+00
-55.4321223709 0.000000e+00
-54.9541108987 0.000000e+00
-54.4760994264 0.000000e+00
-53.9980879541 0.000000e+00
-53.5200764818 0.000000e+00
-53.0420650096 0.000000e+00
-52.5640535373 0.000000e+00
-52.086042065 0.000000e+00
-51.6080305927 0.000000e+00
-51.1300191205 0.000000e+00
-50.6520076482 0.000000e+00
-50.1739961759 0.000000e+00
-49.6959847036 0.000000e+00
-49.2179732314 0.000000e+00
-48.7399617591 0.000000e+00
-48.2619502868 0.000000e+00
-47.7839388145 0.000000e+00
-47.3059273423 0.000000e+00
-46.82791587 0.000000e+00
-46.3499043977 0.000000e+00
-45.8718929254 0.000000e+00
-45.3938814532 0.000000e+00
-44.9158699809 0.000000e+00
-44.4378585086 0.000000e+00
-43.9598470363 0.000000e+00
-43.4818355641 0.000000e+00
-43.0038240918 0.000000e+00
-42.5258126195 0.000000e+00
-42.0478011472 0.000000e+00
-41.569789675 0.000000e+00
-41.0917782027 0.000000e+00
-40.6137667304 0.000000e+00
-40.1357552581 0.000000e+00
-39.6577437859 0.000000e+00
-39.1797323136 0.000000e+00
-38.7017208413 0.000000e+00
-38.223709369 0.000000e+00
-37.7456978967 0.000000e+00
-37.2676864245 0.000000e+00
-36.7896749522 0.000000e+00
-36.3116634799 0.000000e+00
-35.8336520076 0.000000e+00
-35.3556405354 0.000000e+00
-34.8776290631 0.000000e+00
-34.3996175908 0.000000e+00
-33.9216061185 0.000000e+00
-33.4435946463 0.000000e+00
-32.965583174 0.000000e+00
-32.4875717017 0.000000e+00
-32.0095602294 0.000000e+00
-31.5315487572 0.000000e+00
-31.0535372849 0.000000e+00
-30.5755258126 0.000000e+00
-30.0975143403 0.000000e+00
-29.6195028681 0.000000e+00
-29.1414913958 0.000000e+00
-28.6634799235 0.000000e+00
-28.1854684512 0.000000e+00
-27.707456979 0.000000e+00
-27.2294455067 0.000000e+00
-26.7514340344 0.000000e+00
-26.2734225621 0.000000e+00
-25.7954110899 0.000000e+00
-25.3173996176 0.000000e+00
-24.8393881453 0.000000e+00
-24.361376673 0.000000e+00
-23.8833652008 0.000000e+00
-23.4053537285 0.000000e+00
-22.9273422562 0.000000e+00
-22.4493307839 0.000000e+00
-21.9713193117 0.000000e+00
-21.4933078394 0.000000e+00
-21.0152963671 0.000000e+00
-20.5372848948 0.000000e+00
-20.0592734226 0.000000e+00
-19.5812619503 0.000000e+00
-19.103250478 0.000000e+00
-18.6252390057 0.000000e+00
-18.1472275335 0.000000e+00
-17.6692160612 0.000000e+00
-17.1912045889 0.000000e+00
-16.7131931166 0.000000e+00
-16.2351816444 0.000000e+00
-15.7571701721 0.000000e+00
-15.2791586998 0.000000e+00
-14.8011472275 0.000000e+00
-14.3231357553 0.000000e+00
-13.845124283 0.000000e+00
-13.3671128107 0.000000e+00
-12.8891013384 0.000000e+00
-12.4110898662 0.000000e+00
-11.9330783939 0.000000e+00
-11.4550669216 0.000000e+00
-10.9770554493 0.000000e+00
-10.4990439771 0.000000e+00
-10.0210325048 0.000000e+00
-9.5430210325 0.000000e+00
-9.06500956023 0.000000e+00
-8.58699808795 0.000000e+00
-8.10898661568 0.000000e+00
-7.6309751434 0.000000e+00
-7.15296367113 0.000000e+00
-6.67495219885 0.000000e+00
-6.19694072658 0.000000e+00
-5.7189292543 0.000000e+00
-5.24091778203 0.000000e+00
-4.76290630975 0.000000e+00
-4.28489483748 0.000000e+00
-3.8068833652 2.407988e-01
-3.32887189293 0.000000e+00
-2.85086042065 4.912799e-01
-2.37284894837 3.857700e-01
-1.8948374761 5.243736e-01
-1.41682600382 6.248873e-01
-0.938814531549 6.868692e-01
-0.460803059273 6.883154e-01
0.0172084130019 9.866421e-01
0.495219885277 9.843745e-01
0.973231357553 7.804573e-01
1.45124282983 1.000000e+00
1.9292543021 6.727245e-01
2.40726577438 7.463056e-01
2.88527724665 4.410268e-01
3.36328871893 7.471397e-01
3.8413001912 6.199391e-01
4.31931166348 4.547678e-01
4.79732313576 4.431408e-01
5.27533460803 3.592732e-01
5.75334608031 4.801324e-01
6.23135755258 4.256012e-01
6.70936902486 3.199625e-01
7.18738049713 4.692326e-01
7.66539196941 3.717616e-01
8.14340344168 2.858110e-01
8.62141491396 2.503832e-01
9.09942638623 3.711076e-01
9.57743785851 0.000000e+00
10.0554493308 2.633466e-01
10.5334608031 2.232330e-01
11.0114722753 2.760693e-01
11.4894837476 0.000000e+00
11.9674952199 0.000000e+00
12.4455066922 2.827133e-01
12.9235181644 0.000000e+00
13.4015296367 2.283195e-01
13.879541109 0.000000e+00
14.3575525813 0.000000e+00
14.8355640535 0.000000e+00
15.3135755258 0.000000e+00
15.7915869981 0.000000e+00
16.2695984704 0.000000e+00
16.7476099426 0.000000e+00
17.2256214149 0.000000e+00
17.7036328872 0.000000e+00
18.1816443595 2.708974e-01
18.6596558317 3.642398e-01
19.137667304 4.694446e-01
19.6156787763 5.809522e-01
20.0936902486 5.617688e-01
20.5717017208 5.387557e-01
21.0497131931 3.594763e-01
21.5277246654 4.506457e-01
22.0057361377 3.058250e-01
22.4837476099 0.000000e+00
22.9617590822 2.650065e-01
23.4397705545 2.148929e-01
23.9177820268 2.506376e-01
24.395793499 3.949592e-01
24.8738049713 0.000000e+00
25.3518164436 0.000000e+00
25.8298279159 2.391169e-01
26.3078393881 2.272926e-01
26.7858508604 2.625972e-01
27.2638623327 2.215725e-01
27.741873805 0.000000e+00
28.2198852772 0.000000e+00
28.6978967495 2.862366e-01
29.1759082218 0.000000e+00
29.6539196941 0.000000e+00
30.1319311663 0.000000e+00
30.6099426386 2.111786e-01
31.0879541109 0.000000e+00
31.5659655832 2.185953e-01
32.0439770554 2.316899e-01
32.5219885277 2.337653e-01
33.0 0.000000e+00
33.4780114723 0.000000e+00
33.9560229446 0.000000e+00
34.4340344168 0.000000e+00
34.9120458891 0.000000e+00
35.3900573614 0.000000e+00
35.8680688337 0.000000e+00
36.3460803059 0.000000e+00
36.8240917782 0.000000e+00
37.3021032505 0.000000e+00
37.7801147228 0.000000e+00
38.258126195 0.000000e+00
38.7361376673 0.000000e+00
39.2141491396 0.000000e+00
39.6921606119 0.000000e+00
40.1701720841 0.000000e+00
40.6481835564 0.000000e+00
41.1261950287 0.000000e+00
41.604206501 0.000000e+00
42.0822179732 0.000000e+00
42.5602294455 0.000000e+00
43.0382409178 0.000000e+00
43.5162523901 0.000000e+00
43.9942638623 0.000000e+00
44.4722753346 0.000000e+00
44.9502868069 0.000000e+00
45.4282982792 0.000000e+00
45.9063097514 0.000000e+00
46.3843212237 0.000000e+00
46.862332696 0.000000e+00
47.3403441683 0.000000e+00
47.8183556405 0.000000e+00
48.2963671128 0.000000e+00
48.7743785851 0.000000e+00
49.2523900574 0.000000e+00
49.7304015296 0.000000e+00
50.2084130019 0.000000e+00
50.6864244742 0.000000e+00
51.1644359465 0.000000e+00
51.6424474187 0.000000e+00
52.120458891 0.000000e+00
52.5984703633 2.043287e-01
53.0764818356 0.000000e+00
53.5544933078 0.000000e+00
54.0325047801 0.000000e+00
54.5105162524 0.000000e+00
54.9885277247 0.000000e+00
55.4665391969 0.000000e+00
55.9445506692 0.000000e+00
56.4225621415 0.000000e+00
56.9005736138 0.000000e+00
57.378585086 0.000000e+00
57.8565965583 0.000000e+00
58.3346080306 0.000000e+00
58.8126195029 0.000000e+00
59.2906309751 0.000000e+00
59.7686424474 0.000000e+00
60.2466539197 0.000000e+00
60.724665392 0.000000e+00
61.2026768642 0.000000e+00
61.6806883365 0.000000e+00
62.1586998088 0.000000e+00
62.6367112811 0.000000e+00
63.1147227533 0.000000e+00
63.5927342256 0.000000e+00
64.0707456979 0.000000e+00
64.5487571702 0.000000e+00
65.0267686424 0.000000e+00
65.5047801147 0.000000e+00
65.982791587 0.000000e+00
66.4608030593 0.000000e+00
66.9388145315 0.000000e+00
67.4168260038 0.000000e+00
67.8948374761 0.000000e+00
68.3728489484 0.000000e+00
68.8508604207 0.000000e+00
69.3288718929 0.000000e+00
69.8068833652 0.000000e+00
70.2848948375 0.000000e+00
70.7629063098 0.000000e+00
71.240917782 0.000000e+00
71.7189292543 0.000000e+00
72.1969407266 0.000000e+00
72.6749521989 0.000000e+00
73.1529636711 0.000000e+00
73.6309751434 0.000000e+00
74.1089866157 0.000000e+00
74.586998088 0.000000e+00
75.0650095602 0.000000e+00
75.5430210325 0.000000e+00
76.0210325048 0.000000e+00
76.4990439771 0.000000e+00
76.9770554493 0.000000e+00
77.4550669216 0.000000e+00
77.9330783939 0.000000e+00
78.4110898662 0.000000e+00
78.8891013384 0.000000e+00
79.3671128107 0.000000e+00
79.845124283 0.000000e+00
80.3231357553 0.000000e+00
80.8011472275 0.000000e+00
81.2791586998 0.000000e+00
81.7571701721 0.000000e+00
82.2351816444 0.000000e+00
82.7131931166 0.000000e+00
83.1912045889 0.000000e+00
83.6692160612 0.000000e+00
84.1472275335 0.000000e+00
84.6252390057 0.000000e+00
85.103250478 0.000000e+00
85.5812619503 0.000000e+00
86.0592734226 0.000000e+00
86.5372848948 0.000000e+00
87.0152963671 0.000000e+00
87.4933078394 0.000000e+00
87.9713193117 0.000000e+00
88.4493307839 0.000000e+00
88.9273422562 0.000000e+00
89.4053537285 0.000000e+00
89.8833652008 0.000000e+00
90.361376673 0.000000e+00
90.8393881453 0.000000e+00
91.3173996176 0.000000e+00
91.7954110899 0.000000e+00
92.2734225621 0.000000e+00
92.7514340344 0.000000e+00
93.2294455067 0.000000e+00
93.707456979 0.000000e+00
94.1854684512 0.000000e+00
94.6634799235 0.000000e+00
95.1414913958 0.000000e+00
95.6195028681 0.000000e+00
96.0975143403 0.000000e+00
96.5755258126 0.000000e+00
97.0535372849 0.000000e+00
97.5315487572 0.000000e+00
98.0095602294 0.000000e+00
98.4875717017 0.000000e+00
98.965583174 0.000000e+00
99.4435946463 0.000000e+00
99.9216061185 0.000000e+00
100.399617591 0.000000e+00
100.877629063 0.000000e+00
101.355640535 0.000000e+00
101.833652008 0.000000e+00
102.31166348 0.000000e+00
102.789674952 0.000000e+00
103.267686424 0.000000e+00
103.745697897 0.000000e+00
104.223709369 0.000000e+00
104.701720841 0.000000e+00
105.179732314 0.000000e+00
105.657743786 0.000000e+00
106.135755258 0.000000e+00
106.61376673 0.000000e+00
107.091778203 0.000000e+00
107.569789675 0.000000e+00
108.047801147 0.000000e+00
108.52581262 0.000000e+00
109.003824092 0.000000e+00
109.481835564 0.000000e+00
109.959847036 0.000000e+00
110.437858509 0.000000e+00
110.915869981 0.000000e+00
111.393881453 0.000000e+00
111.871892925 0.000000e+00
112.349904398 0.000000e+00
112.82791587 0.000000e+00
113.305927342 0.000000e+00
113.783938815 0.000000e+00
114.261950287 0.000000e+00
114.739961759 0.000000e+00
115.217973231 0.000000e+00
115.695984704 0.000000e+00
116.173996176 0.000000e+00
116.652007648 0.000000e+00
117.13001912 0.000000e+00
117.608030593 0.000000e+00
118.086042065 0.000000e+00
118.564053537 0.000000e+00
119.04206501 0.000000e+00
119.520076482 0.000000e+00
119.998087954 0.000000e+00
120.476099426 0.000000e+00
120.954110899 0.000000e+00
121.432122371 0.000000e+00
121.910133843 0.000000e+00
122.388145315 0.000000e+00
122.866156788 0.000000e+00
123.34416826 0.000000e+00
123.822179732 0.000000e+00
124.300191205 0.000000e+00
124.778202677 0.000000e+00
125.256214149 0.000000e+00
125.734225621 0.000000e+00
126.212237094 0.000000e+00
126.690248566 0.000000e+00
127.168260038 0.000000e+00
127.646271511 0.000000e+00
128.124282983 0.000000e+00
128.602294455 0.000000e+00
129.080305927 0.000000e+00
129.5583174 0.000000e+00
130.036328872 0.000000e+00
130.514340344 0.000000e+00
130.992351816 0.000000e+00
131.470363289 0.000000e+00
131.948374761 0.000000e+00
132.426386233 0.000000e+00
132.904397706 0.000000e+00
133.382409178 0.000000e+00
133.86042065 0.000000e+00
134.338432122 0.000000e+00
134.816443595 0.000000e+00
135.294455067 0.000000e+00
135.772466539 0.000000e+00
136.250478011 0.000000e+00
136.728489484 0.000000e+00
137.206500956 0.000000e+00
137.684512428 0.000000e+00
138.162523901 0.000000e+00
138.640535373 0.000000e+00
139.118546845 0.000000e+00
139.596558317 0.000000e+00
140.07456979 0.000000e+00
140.552581262 0.000000e+00
141.030592734 0.000000e+00
141.508604207 0.000000e+00
141.986615679 0.000000e+00
142.464627151 0.000000e+00
142.942638623 0.000000e+00
143.420650096 0.000000e+00
143.898661568 0.000000e+00
144.37667304 0.000000e+00
144.854684512 0.000000e+00
145.332695985 0.000000e+00
145.810707457 0.000000e+00
146.288718929 0.000000e+00
146.766730402 0.000000e+00
147.244741874 0.000000e+00
147.722753346 0.000000e+00
148.200764818 0.000000e+00
148.678776291 0.000000e+00
149.156787763 0.000000e+00
149.634799235 0.000000e+00
150.112810707 0.000000e+00
150.59082218 0.000000e+00
151.068833652 0.000000e+00
151.546845124 0.000000e+00
152.024856597 0.000000e+00
152.502868069 0.000000e+00
152.980879541 0.000000e+00
153.458891013 0.000000e+00
153.936902486 0.000000e+00
154.414913958 0.000000e+00
154.89292543 0.000000e+00
155.370936902 0.000000e+00
155.848948375 0.000000e+00
156.326959847 0.000000e+00
156.804971319 0.000000e+00
157.282982792 0.000000e+00
157.760994264 0.000000e+00
158.239005736 0.000000e+00
158.717017208 0.000000e+00
159.195028681 0.000000e+00
159.673040153 0.000000e+00
160.151051625 0.000000e+00
160.629063098 0.000000e+00
161.10707457 0.000000e+00
161.585086042 0.000000e+00
162.063097514 0.000000e+00
162.541108987 0.000000e+00
163.019120459 0.000000e+00
163.497131931 0.000000e+00
163.975143403 0.000000e+00
164.453154876 0.000000e+00
164.931166348 0.000000e+00
165.40917782 0.000000e+00
165.887189293 0.000000e+00
166.365200765 0.000000e+00
166.843212237 0.000000e+00
167.321223709 0.000000e+00
167.799235182 0.000000e+00
168.277246654 0.000000e+00
168.755258126 0.000000e+00
169.233269598 0.000000e+00
169.711281071 0.000000e+00
170.189292543 0.000000e+00
170.667304015 0.000000e+00
171.145315488 0.000000e+00
171.62332696 0.000000e+00
172.101338432 0.000000e+00
172.579349904 0.000000e+00
173.057361377 0.000000e+00
173.535372849 0.000000e+00
174.013384321 0.000000e+00
174.491395793 0.000000e+00
174.969407266 0.000000e+00
175.447418738 0.000000e+00
175.92543021 0.000000e+00
176.403441683 0.000000e+00
176.881453155 0.000000e+00
177.359464627 0.000000e+00
177.837476099 0.000000e+00
178.315487572 0.000000e+00
178.793499044 0.000000e+00
179.271510516 0.000000e+00
179.749521989 0.000000e+00
180.227533461 0.000000e+00
180.705544933 0.000000e+00
181.183556405 0.000000e+00
181.661567878 0.000000e+00
182.13957935 0.000000e+00
182.617590822 0.000000e+00
183.095602294 0.000000e+00
183.573613767 0.000000e+00
184.051625239 0.000000e+00
184.529636711 0.000000e+00
185.007648184 0.000000e+00
185.485659656 0.000000e+00
185.963671128 0.000000e+00
186.4416826 0.000000e+00
186.919694073 0.000000e+00
187.397705545 0.000000e+00
187.875717017 0.000000e+00
188.353728489 0.000000e+00
188.831739962 0.000000e+00
189.309751434 0.000000e+00
189.787762906 0.000000e+00
190.265774379 0.000000e+00
190.743785851 0.000000e+00
191.221797323 0.000000e+00
191.699808795 0.000000e+00
192.177820268 0.000000e+00
192.65583174 0.000000e+00
193.133843212 0.000000e+00
193.611854685 0.000000e+00
194.089866157 0.000000e+00
194.567877629 0.000000e+00
195.045889101 0.000000e+00
195.523900574 0.000000e+00
196.001912046 0.000000e+00
196.479923518 0.000000e+00
196.95793499 0.000000e+00
197.435946463 0.000000e+00
197.913957935 0.000000e+00
198.391969407 0.000000e+00
198.86998088 0.000000e+00
199.347992352 0.000000e+00
199.826003824 0.000000e+00
200.304015296 0.000000e+00
200.782026769 0.000000e+00
201.260038241 0.000000e+00
201.738049713 0.000000e+00
202.216061185 0.000000e+00
202.694072658 0.000000e+00
203.17208413 0.000000e+00
203.650095602 0.000000e+00
204.128107075 0.000000e+00
204.606118547 0.000000e+00
205.084130019 0.000000e+00
205.562141491 0.000000e+00
206.040152964 0.000000e+00
206.518164436 0.000000e+00
206.996175908 0.000000e+00
207.47418738 0.000000e+00
207.952198853 0.000000e+00
208.430210325 0.000000e+00
208.908221797 0.000000e+00
209.38623327 0.000000e+00
209.864244742 0.000000e+00
210.342256214 0.000000e+00
210.820267686 0.000000e+00
211.298279159 0.000000e+00
211.776290631 0.000000e+00
212.254302103 0.000000e+00
212.732313576 0.000000e+00
213.210325048 0.000000e+00
213.68833652 0.000000e+00
214.166347992 0.000000e+00
214.644359465 0.000000e+00
215.122370937 0.000000e+00
215.600382409 0.000000e+00
216.078393881 0.000000e+00
216.556405354 0.000000e+00
217.034416826 0.000000e+00
217.512428298 0.000000e+00
217.990439771 0.000000e+00
218.468451243 0.000000e+00
218.946462715 0.000000e+00
219.424474187 0.000000e+00
219.90248566 0.000000e+00
220.380497132 0.000000e+00
220.858508604 0.000000e+00
221.336520076 0.000000e+00
221.814531549 0.000000e+00
222.292543021 0.000000e+00
222.770554493 0.000000e+00
223.248565966 0.000000e+00
223.726577438 0.000000e+00
224.20458891 0.000000e+00
224.682600382 0.000000e+00
225.160611855 0.000000e+00
225.638623327 0.000000e+00
226.116634799 0.000000e+00
226.594646272 0.000000e+00
227.072657744 0.000000e+00
227.550669216 0.000000e+00
228.028680688 0.000000e+00
228.506692161 0.000000e+00
228.984703633 0.000000e+00
229.462715105 0.000000e+00
229.940726577 0.000000e+00
230.41873805 0.000000e+00
230.896749522 0.000000e+00
231.374760994 0.000000e+00
231.852772467 0.000000e+00
232.330783939 0.000000e+00
232.808795411 0.000000e+00
233.286806883 0.000000e+00
233.764818356 0.000000e+00
234.242829828 0.000000e+00
234.7208413 0.000000e+00
235.198852772 0.000000e+00
235.676864245 0.000000e+00
236.154875717 0.000000e+00
236.632887189 0.000000e+00
237.110898662 0.000000e+00
237.588910134 0.000000e+00
238.066921606 0.000000e+00
238.544933078 0.000000e+00
239.022944551 0.000000e+00
239.500956023 0.000000e+00
239.978967495 0.000000e+00
240.456978967 0.000000e+00
240.93499044 0.000000e+00
241.413001912 0.000000e+00
241.891013384 0.000000e+00
242.369024857 0.000000e+00
242.847036329 0.000000e+00
243.325047801 0.000000e+00
243.803059273 0.000000e+00
244.281070746 0.000000e+00
244.759082218 0.000000e+00
245.23709369 0.000000e+00
245.715105163 0.000000e+00
246.193116635 0.000000e+00
246.671128107 0.000000e+00
247.149139579 0.000000e+00
247.627151052 0.000000e+00
248.105162524 0.000000e+00
248.583173996 0.000000e+00
249.061185468 0.000000e+00
249.539196941 0.000000e+00
250.017208413 0.000000e+00
250.495219885 0.000000e+00
250.973231358 0.000000e+00
251.45124283 0.000000e+00
251.929254302 0.000000e+00
252.407265774 0.000000e+00
252.885277247 0.000000e+00
253.363288719 0.000000e+00
253.841300191 0.000000e+00
254.319311663 0.000000e+00
254.797323136 0.000000e+00
255.275334608 0.000000e+00
255.75334608 0.000000e+00
256.231357553 0.000000e+00
256.709369025 0.000000e+00
257.187380497 0.000000e+00
257.665391969 0.000000e+00
258.143403442 0.000000e+00
258.621414914 0.000000e+00
259.099426386 0.000000e+00
259.577437859 0.000000e+00
260.055449331 0.000000e+00
260.533460803 0.000000e+00
261.011472275 0.000000e+00
261.489483748 0.000000e+00
261.96749522 0.000000e+00
262.445506692 0.000000e+00
262.923518164 0.000000e+00
263.401529637 0.000000e+00
263.879541109 0.000000e+00
264.357552581 0.000000e+00
264.835564054 0.000000e+00
265.313575526 0.000000e+00
265.791586998 0.000000e+00
266.26959847 0.000000e+00
266.747609943 0.000000e+00
267.225621415 0.000000e+00
267.703632887 0.000000e+00
268.181644359 0.000000e+00
268.659655832 0.000000e+00
269.137667304 0.000000e+00
269.615678776 0.000000e+00
270.093690249 0.000000e+00
270.571701721 0.000000e+00
271.049713193 0.000000e+00
271.527724665 0.000000e+00
272.005736138 0.000000e+00
272.48374761 0.000000e+00
272.961759082 0.000000e+00
273.439770554 0.000000e+00
273.917782027 0.000000e+00
274.395793499 0.000000e+00
274.873804971 0.000000e+00
275.351816444 0.000000e+00
275.829827916 0.000000e+00
276.307839388 0.000000e+00
276.78585086 0.000000e+00
277.263862333 0.000000e+00
277.741873805 0.000000e+00
278.219885277 0.000000e+00
278.69789675 0.000000e+00
279.175908222 0.000000e+00
279.653919694 0.000000e+00
280.131931166 0.000000e+00
280.609942639 0.000000e+00
281.087954111 0.000000e+00
281.565965583 0.000000e+00
282.043977055 0.000000e+00
282.521988528 0.000000e+00
283.0 0.000000e+00
283.478011472 0.000000e+00
283.956022945 0.000000e+00
284.434034417 0.000000e+00
284.912045889 0.000000e+00
285.390057361 0.000000e+00
285.868068834 0.000000e+00
286.346080306 0.000000e+00
286.824091778 0.000000e+00
287.30210325 0.000000e+00
287.780114723 0.000000e+00
288.258126195 0.000000e+00
288.736137667 0.000000e+00
289.21414914 0.000000e+00
289.692160612 0.000000e+00
290.170172084 0.000000e+00
290.648183556 0.000000e+00
291.126195029 0.000000e+00
291.604206501 0.000000e+00
292.082217973 0.000000e+00
292.560229446 0.000000e+00
293.038240918 0.000000e+00
293.51625239 0.000000e+00
293.994263862 0.000000e+00
294.472275335 0.000000e+00
294.950286807 0.000000e+00
295.428298279 0.000000e+00
295.906309751 0.000000e+00
296.384321224 0.000000e+00
296.862332696 0.000000e+00
297.340344168 0.000000e+00
297.818355641 0.000000e+00
298.296367113 0.000000e+00
298.774378585 0.000000e+00
299.252390057 0.000000e+00
299.73040153 0.000000e+00
300.208413002 0.000000e+00
300.686424474 0.000000e+00
301.164435946 0.000000e+00
301.642447419 0.000000e+00
302.120458891 0.000000e+00
302.598470363 0.000000e+00
303.076481836 0.000000e+00
303.554493308 0.000000e+00
304.03250478 0.000000e+00
304.510516252 0.000000e+00
304.988527725 0.000000e+00
305.466539197 0.000000e+00
305.944550669 0.000000e+00
306.422562141 0.000000e+00
306.900573614 0.000000e+00
307.378585086 0.000000e+00
307.856596558 0.000000e+00
308.334608031 0.000000e+00
308.812619503 0.000000e+00
309.290630975 0.000000e+00
309.768642447 0.000000e+00
310.24665392 0.000000e+00
310.724665392 0.000000e+00
311.202676864 0.000000e+00
311.680688337 0.000000e+00
312.158699809 0.000000e+00
312.636711281 0.000000e+00
313.114722753 0.000000e+00
313.592734226 0.000000e+00
314.070745698 0.000000e+00
314.54875717 0.000000e+00
315.026768642 0.000000e+00
315.504780115 0.000000e+00
315.982791587 0.000000e+00
316.460803059 0.000000e+00
316.938814532 0.000000e+00
317.416826004 0.000000e+00
317.894837476 0.000000e+00
318.372848948 0.000000e+00
318.850860421 0.000000e+00
319.328871893 0.000000e+00
319.806883365 0.000000e+00
320.284894837 0.000000e+00
320.76290631 0.000000e+00
321.240917782 0.000000e+00
321.718929254 0.000000e+00
322.196940727 0.000000e+00
322.674952199 0.000000e+00
323.152963671 0.000000e+00
323.630975143 0.000000e+00
324.108986616 0.000000e+00
324.586998088 0.000000e+00
325.06500956 0.000000e+00
325.543021033 0.000000e+00
326.021032505 0.000000e+00
326.499043977 0.000000e+00
326.977055449 0.000000e+00
327.455066922 0.000000e+00
327.933078394 0.000000e+00
328.411089866 0.000000e+00
328.889101338 0.000000e+00
329.367112811 0.000000e+00
329.845124283 0.000000e+00
330.323135755 0.000000e+00
330.801147228 0.000000e+00
331.2791587 0.000000e+00
331.757170172 0.000000e+00
332.235181644 0.000000e+00
332.713193117 0.000000e+00
333.191204589 0.000000e+00
333.669216061 0.000000e+00
334.147227533 0.000000e+00
334.625239006 0.000000e+00
335.103250478 0.000000e+00
335.58126195 0.000000e+00
336.059273423 0.000000e+00
336.537284895 0.000000e+00
337.015296367 0.000000e+00
337.493307839 0.000000e+00
337.971319312 0.000000e+00
338.449330784 0.000000e+00
338.927342256 0.000000e+00
339.405353728 0.000000e+00
339.883365201 0.000000e+00
340.361376673 0.000000e+00
340.839388145 0.000000e+00
341.317399618 0.000000e+00
341.79541109 0.000000e+00
342.273422562 0.000000e+00
342.751434034 0.000000e+00
343.229445507 0.000000e+00
343.707456979 0.000000e+00
344.185468451 0.000000e+00
344.663479924 0.000000e+00
345.141491396 0.000000e+00
345.619502868 0.000000e+00
346.09751434 0.000000e+00
346.575525813 0.000000e+00
347.053537285 0.000000e+00
347.531548757 0.000000e+00
348.009560229 0.000000e+00
348.487571702 0.000000e+00
348.965583174 0.000000e+00
349.443594646 0.000000e+00
349.921606119 0.000000e+00
350.399617591 0.000000e+00
350.877629063 0.000000e+00
351.355640535 0.000000e+00
351.833652008 0.000000e+00
352.31166348 0.000000e+00
352.789674952 0.000000e+00
353.267686424 0.000000e+00
353.745697897 0.000000e+00
354.223709369 0.000000e+00
354.701720841 0.000000e+00
355.179732314 0.000000e+00
355.657743786 0.000000e+00
356.135755258 0.000000e+00
356.61376673 0.000000e+00
357.091778203 0.000000e+00
357.569789675 0.000000e+00
358.047801147 0.000000e+00
358.52581262 0.000000e+00
359.003824092 0.000000e+00
359.481835564 0.000000e+00
359.959847036 0.000000e+00
360.437858509 0.000000e+00
360.915869981 0.000000e+00
361.393881453 0.000000e+00
361.871892925 0.000000e+00
362.349904398 0.000000e+00
362.82791587 0.000000e+00
363.305927342 0.000000e+00
363.783938815 0.000000e+00
364.261950287 0.000000e+00
364.739961759 0.000000e+00
365.217973231 0.000000e+00
365.695984704 0.000000e+00
366.173996176 0.000000e+00
366.652007648 0.000000e+00
367.13001912 0.000000e+00
367.608030593 0.000000e+00
368.086042065 0.000000e+00
368.564053537 0.000000e+00
369.04206501 0.000000e+00
369.520076482 0.000000e+00
369.998087954 0.000000e+00
370.476099426 0.000000e+00
370.954110899 0.000000e+00
371.432122371 0.000000e+00
371.910133843 0.000000e+00
372.388145315 0.000000e+00
372.866156788 0.000000e+00
373.34416826 0.000000e+00
373.822179732 0.000000e+00
374.300191205 0.000000e+00
374.778202677 0.000000e+00
375.256214149 0.000000e+00
375.734225621 0.000000e+00
376.212237094 0.000000e+00
376.690248566 0.000000e+00
377.168260038 0.000000e+00
377.646271511 0.000000e+00
378.124282983 0.000000e+00
378.602294455 0.000000e+00
379.080305927 0.000000e+00
379.5583174 0.000000e+00
380.036328872 0.000000e+00
380.514340344 0.000000e+00
380.992351816 0.000000e+00
381.470363289 0.000000e+00
381.948374761 0.000000e+00
382.426386233 0.000000e+00
382.904397706 0.000000e+00
383.382409178 0.000000e+00
383.86042065 0.000000e+00
384.338432122 0.000000e+00
384.816443595 0.000000e+00
385.294455067 0.000000e+00
385.772466539 0.000000e+00
386.250478011 0.000000e+00
386.728489484 0.000000e+00
387.206500956 0.000000e+00
387.684512428 0.000000e+00
388.162523901 0.000000e+00
388.640535373 0.000000e+00
389.118546845 0.000000e+00
389.596558317 0.000000e+00
390.07456979 0.000000e+00
390.552581262 0.000000e+00
391.030592734 0.000000e+00
391.508604207 0.000000e+00
391.986615679 0.000000e+00
392.464627151 0.000000e+00
392.942638623 0.000000e+00
393.420650096 0.000000e+00
393.898661568 0.000000e+00
394.37667304 0.000000e+00
394.854684512 0.000000e+00
395.332695985 0.000000e+00
395.810707457 0.000000e+00
396.288718929 0.000000e+00
396.766730402 0.000000e+00
397.244741874 0.000000e+00
397.722753346 0.000000e+00
398.200764818 0.000000e+00
398.678776291 0.000000e+00
399.156787763 0.000000e+00
399.634799235 0.000000e+00
400.112810707 0.000000e+00
400.59082218 0.000000e+00
401.068833652 0.000000e+00
401.546845124 0.000000e+00
402.024856597 0.000000e+00
402.502868069 0.000000e+00
402.980879541 0.000000e+00
403.458891013 0.000000e+00
403.936902486 0.000000e+00
404.414913958 0.000000e+00
404.89292543 0.000000e+00
405.370936902 0.000000e+00
405.848948375 0.000000e+00
406.326959847 0.000000e+00
406.804971319 0.000000e+00
407.282982792 0.000000e+00
407.760994264 0.000000e+00
408.239005736 0.000000e+00
408.717017208 0.000000e+00
409.195028681 0.000000e+00
409.673040153 0.000000e+00
410.151051625 0.000000e+00
410.629063098 0.000000e+00
411.10707457 0.000000e+00
411.585086042 0.000000e+00
412.063097514 0.000000e+00
412.541108987 0.000000e+00
413.019120459 0.000000e+00
413.497131931 0.000000e+00
413.975143403 0.000000e+00
414.453154876 0.000000e+00
414.931166348 0.000000e+00
415.40917782 0.000000e+00
415.887189293 0.000000e+00
416.365200765 0.000000e+00
416.843212237 0.000000e+00
417.321223709 0.000000e+00
417.799235182 0.000000e+00
418.277246654 0.000000e+00
418.755258126 0.000000e+00
419.233269598 0.000000e+00
419.711281071 0.000000e+00
420.189292543 0.000000e+00
420.667304015 0.000000e+00
421.145315488 0.000000e+00
421.62332696 0.000000e+00
422.101338432 0.000000e+00
422.579349904 0.000000e+00
423.057361377 0.000000e+00
423.535372849 0.000000e+00
424.013384321 0.000000e+00
424.491395793 0.000000e+00
424.969407266 0.000000e+00
425.447418738 0.000000e+00
425.92543021 0.000000e+00
426.403441683 0.000000e+00
426.881453155 0.000000e+00
427.359464627 0.000000e+00
427.837476099 0.000000e+00
428.315487572 0.000000e+00
428.793499044 0.000000e+00
429.271510516 0.000000e+00
429.749521989 0.000000e+00
430.227533461 0.000000e+00
430.705544933 0.000000e+00
431.183556405 0.000000e+00
431.661567878 0.000000e+00
432.13957935 0.000000e+00
432.617590822 0.000000e+00
433.095602294 0.000000e+00
433.573613767 0.000000e+00
434.051625239 0.000000e+00
434.529636711 0.000000e+00
435.007648184 0.000000e+00
435.485659656 0.000000e+00
435.963671128 0.000000e+00
436.4416826 0.000000e+00
436.919694073 0.000000e+00
437.397705545 0.000000e+00
437.875717017 0.000000e+00
438.353728489 0.000000e+00
438.831739962 0.000000e+00
439.309751434 0.000000e+00
439.787762906 0.000000e+00
440.265774379 0.000000e+00
440.743785851 0.000000e+00
441.221797323 0.000000e+00
441.699808795 0.000000e+00
442.177820268 0.000000e+00
442.65583174 0.000000e+00
443.133843212 0.000000e+00
443.611854685 0.000000e+00
444.089866157 0.000000e+00
444.567877629 0.000000e+00
445.045889101 0.000000e+00
445.523900574 0.000000e+00
446.001912046 0.000000e+00
446.479923518 0.000000e+00
446.95793499 0.000000e+00
447.435946463 0.000000e+00
447.913957935 0.000000e+00
448.391969407 0.000000e+00
448.86998088 0.000000e+00
449.347992352 0.000000e+00
449.826003824 0.000000e+00
450.304015296 0.000000e+00
450.782026769 0.000000e+00
451.260038241 0.000000e+00
451.738049713 0.000000e+00
452.216061185 0.000000e+00
452.694072658 0.000000e+00
453.17208413 0.000000e+00
453.650095602 0.000000e+00
454.128107075 0.000000e+00
454.606118547 0.000000e+00
455.084130019 0.000000e+00
455.562141491 0.000000e+00
456.040152964 0.000000e+00
456.518164436 0.000000e+00
456.996175908 0.000000e+00
457.47418738 0.000000e+00
457.952198853 0.000000e+00
458.430210325 0.000000e+00
458.908221797 0.000000e+00
459.38623327 0.000000e+00
459.864244742 0.000000e+00
460.864244742 0.0
461.864244742 0.0
462.864244742 0.0
463.864244742 0.0
464.864244742 0.0
465.864244742 0.0
466.864244742 0.0
467.864244742 0.0
468.864244742 0.0
469.864244742 0.0
470.864244742 0.0
471.864244742 0.0
472.864244742 0.0
473.864244742 0.0
474.864244742 0.0
475.864244742 0.0
476.864244742 0.0
477.864244742 0.0
478.864244742 0.0
479.864244742 0.0
480.864244742 0.0
481.864244742 0.0
482.864244742 0.0
483.864244742 0.0
484.864244742 0.0
485.864244742 0.0
486.864244742 0.0
487.864244742 0.0
488.864244742 0.0
489.864244742 0.0
490.864244742 0.0
491.864244742 0.0
492.864244742 0.0
493.864244742 0.0
494.864244742 0.0
495.864244742 0.0
496.864244742 0.0
497.864244742 0.0
498.864244742 0.0
499.864244742 0.0
500.864244742 0.0
501.864244742 0.0
502.864244742 0.0
503.864244742 0.0
504.864244742 0.0
505.864244742 0.0
506.864244742 0.0
507.864244742 0.0
508.864244742 0.0
509.864244742 0.0
510.864244742 0.0
511.864244742 0.0
512.864244742 0.0
513.864244742 0.0
514.864244742 0.0
515.864244742 0.0
516.864244742 0.0
517.864244742 0.0
518.864244742 0.0
519.864244742 0.0
520.864244742 0.0
521.864244742 0.0
522.864244742 0.0
523.864244742 0.0
524.864244742 0.0
525.864244742 0.0
526.864244742 0.0
527.864244742 0.0
528.864244742 0.0
529.864244742 0.0
530.864244742 0.0
531.864244742 0.0
532.864244742 0.0
533.864244742 0.0
534.864244742 0.0
535.864244742 0.0
536.864244742 0.0
537.864244742 0.0
538.864244742 0.0
539.864244742 0.0
540.864244742 0.0
541.864244742 0.0
542.864244742 0.0
543.864244742 0.0
544.864244742 0.0
545.864244742 0.0
546.864244742 0.0
547.864244742 0.0
548.864244742 0.0
549.864244742 0.0
550.864244742 0.0
551.864244742 0.0
552.864244742 0.0
553.864244742 0.0
554.864244742 0.0
555.864244742 0.0
556.864244742 0.0
557.864244742 0.0
558.864244742 0.0
559.864244742 0.0
560.864244742 0.0
561.864244742 0.0
562.864244742 0.0
563.864244742 0.0
564.864244742 0.0
565.864244742 0.0
566.864244742 0.0
567.864244742 0.0
568.864244742 0.0
569.864244742 0.0
570.864244742 0.0
571.864244742 0.0
572.864244742 0.0
573.864244742 0.0
574.864244742 0.0
575.864244742 0.0
576.864244742 0.0
577.864244742 0.0
578.864244742 0.0
579.864244742 0.0
580.864244742 0.0
581.864244742 0.0
582.864244742 0.0
583.864244742 0.0
584.864244742 0.0
585.864244742 0.0
586.864244742 0.0
587.864244742 0.0
588.864244742 0.0
589.864244742 0.0
590.864244742 0.0
591.864244742 0.0
592.864244742 0.0
593.864244742 0.0
594.864244742 0.0
595.864244742 0.0
596.864244742 0.0
597.864244742 0.0
598.864244742 0.0
599.864244742 0.0
600.864244742 0.0
601.864244742 0.0
602.864244742 0.0
603.864244742 0.0
604.864244742 0.0
605.864244742 0.0
606.864244742 0.0
607.864244742 0.0
608.864244742 0.0
609.864244742 0.0
610.864244742 0.0
611.864244742 0.0
612.864244742 0.0
613.864244742 0.0
614.864244742 0.0
615.864244742 0.0
616.864244742 0.0
617.864244742 0.0
618.864244742 0.0
619.864244742 0.0
620.864244742 0.0
621.864244742 0.0
622.864244742 0.0
623.864244742 0.0
624.864244742 0.0
625.864244742 0.0
626.864244742 0.0
627.864244742 0.0
628.864244742 0.0
629.864244742 0.0
630.864244742 0.0
631.864244742 0.0
632.864244742 0.0
633.864244742 0.0
634.864244742 0.0
635.864244742 0.0
636.864244742 0.0
637.864244742 0.0
638.864244742 0.0
639.864244742 0.0
640.864244742 0.0
641.864244742 0.0
642.864244742 0.0
643.864244742 0.0
644.864244742 0.0
645.864244742 0.0
646.864244742 0.0
647.864244742 0.0
648.864244742 0.0
649.864244742 0.0
650.864244742 0.0
651.864244742 0.0
652.864244742 0.0
653.864244742 0.0
654.864244742 0.0
655.864244742 0.0
656.864244742 0.0
657.864244742 0.0
658.864244742 0.0
659.864244742 0.0
660.864244742 0.0
661.864244742 0.0
662.864244742 0.0
663.864244742 0.0
664.864244742 0.0
665.864244742 0.0
666.864244742 0.0
667.864244742 0.0
668.864244742 0.0
669.864244742 0.0
670.864244742 0.0
671.864244742 0.0
672.864244742 0.0
673.864244742 0.0
674.864244742 0.0
675.864244742 0.0
676.864244742 0.0
677.864244742 0.0
678.864244742 0.0
679.864244742 0.0
680.864244742 0.0
681.864244742 0.0
682.864244742 0.0
683.864244742 0.0
684.864244742 0.0
685.864244742 0.0
686.864244742 0.0
687.864244742 0.0
688.864244742 0.0
689.864244742 0.0
690.864244742 0.0
691.864244742 0.0
692.864244742 0.0
693.864244742 0.0
694.864244742 0.0
695.864244742 0.0
696.864244742 0.0
697.864244742 0.0
698.864244742 0.0
699.864244742 0.0
700.864244742 0.0
701.864244742 0.0
702.864244742 0.0
703.864244742 0.0
704.864244742 0.0
705.864244742 0.0
706.864244742 0.0
707.864244742 0.0
708.864244742 0.0
709.864244742 0.0
710.864244742 0.0
711.864244742 0.0
712.864244742 0.0
713.864244742 0.0
714.864244742 0.0
715.864244742 0.0
716.864244742 0.0
717.864244742 0.0
718.864244742 0.0
719.864244742 0.0
720.864244742 0.0
721.864244742 0.0
722.864244742 0.0
723.864244742 0.0
724.864244742 0.0
725.864244742 0.0
726.864244742 0.0
727.864244742 0.0
728.864244742 0.0
729.864244742 0.0
730.864244742 0.0
731.864244742 0.0
732.864244742 0.0
733.864244742 0.0
734.864244742 0.0
735.864244742 0.0
736.864244742 0.0
737.864244742 0.0
738.864244742 0.0
739.864244742 0.0
740.864244742 0.0
741.864244742 0.0
742.864244742 0.0
743.864244742 0.0
744.864244742 0.0
745.864244742 0.0
746.864244742 0.0
747.864244742 0.0
748.864244742 0.0
749.864244742 0.0
750.864244742 0.0
751.864244742 0.0
752.864244742 0.0
753.864244742 0.0
754.864244742 0.0
755.864244742 0.0
756.864244742 0.0
757.864244742 0.0
758.864244742 0.0
759.864244742 0.0
760.864244742 0.0
761.864244742 0.0
762.864244742 0.0
763.864244742 0.0
764.864244742 0.0
765.864244742 0.0
766.864244742 0.0
767.864244742 0.0
768.864244742 0.0
769.864244742 0.0
770.864244742 0.0
771.864244742 0.0
772.864244742 0.0
773.864244742 0.0
774.864244742 0.0
775.864244742 0.0
776.864244742 0.0
777.864244742 0.0
778.864244742 0.0
779.864244742 0.0
780.864244742 0.0
781.864244742 0.0
782.864244742 0.0
783.864244742 0.0
784.864244742 0.0
785.864244742 0.0
786.864244742 0.0
787.864244742 0.0
788.864244742 0.0
789.864244742 0.0
790.864244742 0.0
791.864244742 0.0
792.864244742 0.0
793.864244742 0.0
794.864244742 0.0
795.864244742 0.0
796.864244742 0.0
797.864244742 0.0
798.864244742 0.0
799.864244742 0.0
800.864244742 0.0
801.864244742 0.0
802.864244742 0.0
803.864244742 0.0
804.864244742 0.0
805.864244742 0.0
806.864244742 0.0
807.864244742 0.0
808.864244742 0.0
809.864244742 0.0
810.864244742 0.0
811.864244742 0.0
812.864244742 0.0
813.864244742 0.0
814.864244742 0.0
815.864244742 0.0
816.864244742 0.0
817.864244742 0.0
818.864244742 0.0
819.864244742 0.0
820.864244742 0.0
821.864244742 0.0
822.864244742 0.0
823.864244742 0.0
824.864244742 0.0
825.864244742 0.0
826.864244742 0.0
827.864244742 0.0
828.864244742 0.0
829.864244742 0.0
830.864244742 0.0
831.864244742 0.0
832.864244742 0.0
833.864244742 0.0
834.864244742 0.0
835.864244742 0.0
836.864244742 0.0
837.864244742 0.0
838.864244742 0.0
839.864244742 0.0
840.864244742 0.0
841.864244742 0.0
842.864244742 0.0
843.864244742 0.0
844.864244742 0.0
845.864244742 0.0
846.864244742 0.0
847.864244742 0.0
848.864244742 0.0
849.864244742 0.0
850.864244742 0.0
851.864244742 0.0
852.864244742 0.0
853.864244742 0.0
854.864244742 0.0
855.864244742 0.0
856.864244742 0.0
857.864244742 0.0
858.864244742 0.0
859.864244742 0.0
860.864244742 0.0
861.864244742 0.0
862.864244742 0.0
863.864244742 0.0
864.864244742 0.0
865.864244742 0.0
866.864244742 0.0
867.864244742 0.0
868.864244742 0.0
869.864244742 0.0
870.864244742 0.0
871.864244742 0.0
872.864244742 0.0
873.864244742 0.0
874.864244742 0.0
875.864244742 0.0
876.864244742 0.0
877.864244742 0.0
878.864244742 0.0
879.864244742 0.0
880.864244742 0.0
881.864244742 0.0
882.864244742 0.0
883.864244742 0.0
884.864244742 0.0
885.864244742 0.0
886.864244742 0.0
887.864244742 0.0
888.864244742 0.0
889.864244742 0.0
890.864244742 0.0
891.864244742 0.0
892.864244742 0.0
893.864244742 0.0
894.864244742 0.0
895.864244742 0.0
896.864244742 0.0
897.864244742 0.0
898.864244742 0.0
899.864244742 0.0
900.864244742 0.0
901.864244742 0.0
902.864244742 0.0
903.864244742 0.0
904.864244742 0.0
905.864244742 0.0
906.864244742 0.0
907.864244742 0.0
908.864244742 0.0
909.864244742 0.0
910.864244742 0.0
911.864244742 0.0
912.864244742 0.0
913.864244742 0.0
914.864244742 0.0
915.864244742 0.0
916.864244742 0.0
917.864244742 0.0
918.864244742 0.0
919.864244742 0.0
920.864244742 0.0
921.864244742 0.0
922.864244742 0.0
923.864244742 0.0
924.864244742 0.0
925.864244742 0.0
926.864244742 0.0
927.864244742 0.0
928.864244742 0.0
929.864244742 0.0
930.864244742 0.0
931.864244742 0.0
932.864244742 0.0
933.864244742 0.0
934.864244742 0.0
935.864244742 0.0
936.864244742 0.0
937.864244742 0.0
938.864244742 0.0
939.864244742 0.0
940.864244742 0.0
941.864244742 0.0
942.864244742 0.0
943.864244742 0.0
944.864244742 0.0
945.864244742 0.0
946.864244742 0.0
947.864244742 0.0
948.864244742 0.0
949.864244742 0.0
950.864244742 0.0
951.864244742 0.0
952.864244742 0.0
953.864244742 0.0
954.864244742 0.0
955.864244742 0.0
956.864244742 0.0
957.864244742 0.0
958.864244742 0.0
959.864244742 0.0
