-563.781449893 0.0
-562.781449893 0.0
-561.781449893 0.0
-560.781449893 0.0
-559.781449893 0.0
-558.781449893 0.0
-557.781449893 0.0
-556.781449893 0.0
-555.781449893 0.0
-554.781449893 0.0
-553.781449893 0.0
-552.781449893 0.0
-551.781449893 0.0
-550.781449893 0.0
-549.781449893 0.0
-548.781449893 0.0
-547.781449893 0.0
-546.781449893 0.0
-545.781449893 0.0
-544.781449893 0.0
-543.781449893 0.0
-542.781449893 0.0
-541.781449893 0.0
-540.781449893 0.0
-539.781449893 0.0
-538.781449893 0.0
-537.781449893 0.0
-536.781449893 0.0
-535.781449893 0.0
-534.781449893 0.0
-533.781449893 0.0
-532.781449893 0.0
-531.781449893 0.0
-530.781449893 0.0
-529.781449893 0.0
-528.781449893 0.0
-527.781449893 0.0
-526.781449893 0.0
-525.781449893 0.0
-524.781449893 0.0
-523.781449893 0.0
-522.781449893 0.0
-521.781449893 0.0
-520.781449893 0.0
-519.781449893 0.0
-518.781449893 0.0
-517.781449893 0.0
-516.781449893 0.0
-515.781449893 0.0
-514.781449893 0.0
-513.781449893 0.0
-512.781449893 0.0
-511.781449893 0.0
-510.781449893 0.0
-509.781449893 0.0
-508.781449893 0.0
-507.781449893 0.0
-506.781449893 0.0
-505.781449893 0.0
-504.781449893 0.0
-503.781449893 0.0
-502.781449893 0.0
-501.781449893 0.0
-500.781449893 0.0
-499.781449893 0.0
-498.781449893 0.0
-497.781449893 0.0
-496.781449893 0.0
-495.781449893 0.0
-494.781449893 0.0
-493.781449893 0.0
-492.781449893 0.0
-491.781449893 0.0
-490.781449893 0.0
-489.781449893 0.0
-488.781449893 0.0
-487.781449893 0.0
-486.781449893 0.0
-485.781449893 0.0
-484.781449893 0.0
-483.781449893 0.0
-482.781449893 0.0
-481.781449893 0.0
-480.781449893 0.0
-479.781449893 0.0
-478.781449893 0.0
-477.781449893 0.0
-476.781449893 0.0
-475.781449893 0.0
-474.781449893 0.0
-473.781449893 0.0
-472.781449893 0.0
-471.781449893 0.0
-470.781449893 0.0
-469.781449893 0.0
-468.781449893 0.0
-467.781449893 0.0
-466.781449893 0.0
-465.781449893 0.0
-464.781449893 0.0
-463.781449893 0.0
-462.781449893 0.0
-461.781449893 0.0
-460.781449893 0.0
-459.781449893 0.0
-458.781449893 0.0
-457.781449893 0.0
-456.781449893 0.0
-455.781449893 0.0
-454.781449893 0.0
-453.781449893 0.0
-452.781449893 0.0
-451.781449893 0.0
-450.781449893 0.0
-449.781449893 0.0
-448.781449893 0.0
-447.781449893 0.0
-446.781449893 0.0
-445.781449893 0.0
-444.781449893 0.0
-443.781449893 0.0
-442.781449893 0.0
-441.781449893 0.0
-440.781449893 0.0
-439.781449893 0.0
-438.781449893 0.0
-437.781449893 0.0
-436.781449893 0.0
-435.781449893 0.0
-434.781449893 0.0
-433.781449893 0.0
-432.781449893 0.0
-431.781449893 0.0
-430.781449893 0.0
-429.781449893 0.0
-428.781449893 0.0
-427.781449893 0.0
-426.781449893 0.0
-425.781449893 0.0
-424.781449893 0.0
-423.781449893 0.0
-422.781449893 0.0
-421.781449893 0.0
-420.781449893 0.0
-419.781449893 0.0
-418.781449893 0.0
-417.781449893 0.0
-416.781449893 0.0
-415.781449893 0.0
-414.781449893 0.0
-413.781449893 0.0
-412.781449893 0.0
-411.781449893 0.0
-410.781449893 0.0
-409.781449893 0.0
-408.781449893 0.0
-407.781449893 0.0
-406.781449893 0.0
-405.781449893 0.0
-404.781449893 0.0
-403.781449893 0.0
-402.781449893 0.0
-401.781449893 0.0
-400.781449893 0.0
-399.781449893 0.0
-398.781449893 0.0
-397.781449893 0.0
-396.781449893 0.0
-395.781449893 0.0
-394.781449893 0.0
-393.781449893 0.0
-392.781449893 0.0
-391.781449893 0.0
-390.781449893 0.0
-389.781449893 0.0
-388.781449893 0.0
-387.781449893 0.0
-386.781449893 0.0
-385.781449893 0.0
-384.781449893 0.0
-383.781449893 0.0
-382.781449893 0.0
-381.781449893 0.0
-380.781449893 0.0
-379.781449893 0.0
-378.781449893 0.0
-377.781449893 0.0
-376.781449893 0.0
-375.781449893 0.0
-374.781449893 0.0
-373.781449893 0.0
-372.781449893 0.0
-371.781449893 0.0
-370.781449893 0.0
-369.781449893 0.0
-368.781449893 0.0
-367.781449893 0.0
-366.781449893 0.0
-365.781449893 0.0
-364.781449893 0.0
-363.781449893 0.0
-362.781449893 0.0
-361.781449893 0.0
-360.781449893 0.0
-359.781449893 0.0
-358.781449893 0.0
-357.781449893 0.0
-356.781449893 0.0
-355.781449893 0.0
-354.781449893 0.0
-353.781449893 0.0
-352.781449893 0.0
-351.781449893 0.0
-350.781449893 0.0
-349.781449893 0.0
-348.781449893 0.0
-347.781449893 0.0
-346.781449893 0.0
-345.781449893 0.0
-344.781449893 0.0
-343.781449893 0.0
-342.781449893 0.0
-341.781449893 0.0
-340.781449893 0.0
-339.781449893 0.0
-338.781449893 0.0
-337.781449893 0.0
-336.781449893 0.0
-335.781449893 0.0
-334.781449893 0.0
-333.781449893 0.0
-332.781449893 0.0
-331.781449893 0.0
-330.781449893 0.0
-329.781449893 0.0
-328.781449893 0.0
-327.781449893 0.0
-326.781449893 0.0
-325.781449893 0.0
-324.781449893 0.0
-323.781449893 0.0
-322.781449893 0.0
-321.781449893 0.0
-320.781449893 0.0
-319.781449893 0.0
-318.781449893 0.0
-317.781449893 0.0
-316.781449893 0.0
-315.781449893 0.0
-314.781449893 0.0
-313.781449893 0.0
-312.781449893 0.0
-311.781449893 0.0
-310.781449893 0.0
-309.781449893 0.0
-308.781449893 0.0
-307.781449893 0.0
-306.781449893 0.0
-305.781449893 0.0
-304.781449893 0.0
-303.781449893 0.0
-302.781449893 0.0
-301.781449893 0.0
-300.781449893 0.0
-299.781449893 0.0
-298.781449893 0.0
-297.781449893 0.0
-296.781449893 0.0
-295.781449893 0.0
-294.781449893 0.0
-293.781449893 0.0
-292.781449893 0.0
-291.781449893 0.0
-290.781449893 0.0
-289.781449893 0.0
-288.781449893 0.0
-287.781449893 0.0
-286.781449893 0.0
-285.781449893 0.0
-284.781449893 0.0
-283.781449893 0.0
-282.781449893 0.0
-281.781449893 0.0
-280.781449893 0.0
-279.781449893 0.0
-278.781449893 0.0
-277.781449893 0.0
-276.781449893 0.0
-275.781449893 0.0
-274.781449893 0.0
-273.781449893 0.0
-272.781449893 0.0
-271.781449893 0.0
-270.781449893 0.0
-269.781449893 0.0
-268.781449893 0.0
-267.781449893 0.0
-266.781449893 0.0
-265.781449893 0.0
-264.781449893 0.0
-263.781449893 0.0
-262.781449893 0.0
-261.781449893 0.0
-260.781449893 0.0
-259.781449893 0.0
-258.781449893 0.0
-257.781449893 0.0
-256.781449893 0.0
-255.781449893 0.0
-254.781449893 0.0
-253.781449893 0.0
-252.781449893 0.0
-251.781449893 0.0
-250.781449893 0.0
-249.781449893 0.0
-248.781449893 0.0
-247.781449893 0.0
-246.781449893 0.0
-245.781449893 0.0
-244.781449893 0.0
-243.781449893 0.0
-242.781449893 0.0
-241.781449893 0.0
-240.781449893 0.0
-239.781449893 0.0
-238.781449893 0.0
-237.781449893 0.0
-236.781449893 0.0
-235.781449893 0.0
-234.781449893 0.0
-233.781449893 0.0
-232.781449893 0.0
-231.781449893 0.0
-230.781449893 0.0
-229.781449893 0.0
-228.781449893 0.0
-227.781449893 0.0
-226.781449893 0.0
-225.781449893 0.0
-224.781449893 0.0
-223.781449893 0.0
-222.781449893 0.0
-221.781449893 0.0
-220.781449893 0.0
-219.781449893 0.0
-218.781449893 0.0
-217.781449893 0.0
-216.781449893 0.0
-215.781449893 0.0
-214.781449893 0.0
-213.781449893 0.0
-212.781449893 0.0
-211.781449893 0.0
-210.781449893 0.0
-209.781449893 0.0
-208.781449893 0.0
-207.781449893 0.0
-206.781449893 0.0
-205.781449893 0.0
-204.781449893 0.0
-203.781449893 0.0
-202.781449893 0.0
-201.781449893 0.0
-200.781449893 0.0
-199.781449893 0.0
-198.781449893 0.0
-197.781449893 0.0
-196.781449893 0.0
-195.781449893 0.0
-194.781449893 0.0
-193.781449893 0.0
-192.781449893 0.0
-191.781449893 0.0
-190.781449893 0.0
-189.781449893 0.0
-188.781449893 0.0
-187.781449893 0.0
-186.781449893 0.0
-185.781449893 0.0
-184.781449893 0.0
-183.781449893 0.0
-182.781449893 0.0
-181.781449893 0.0
-180.781449893 0.0
-179.781449893 0.0
-178.781449893 0.0
-177.781449893 0.0
-176.781449893 0.0
-175.781449893 0.0
-174.781449893 0.0
-173.781449893 0.0
-172.781449893 0.0
-171.781449893 0.0
-170.781449893 0.0
-169.781449893 0.0
-168.781449893 0.0
-167.781449893 0.0
-166.781449893 0.0
-165.781449893 0.0
-164.781449893 0.0
-163.781449893 0.0
-162.781449893 0.0
-161.781449893 0.0
-160.781449893 0.0
-159.781449893 0.0
-158.781449893 0.0
-157.781449893 0.0
-156.781449893 0.0
-155.781449893 0.0
-154.781449893 0.0
-153.781449893 0.0
-152.781449893 0.0
-151.781449893 0.0
-150.781449893 0.0
-149.781449893 0.0
-148.781449893 0.0
-147.781449893 0.0
-146.781449893 0.0
-145.781449893 0.0
-144.781449893 0.0
-143.781449893 0.0
-142.781449893 0.0
-141.781449893 0.0
-140.781449893 0.0
-139.781449893 0.0
-138.781449893 0.0
-137.781449893 0.0
-136.781449893 0.0
-135.781449893 0.0
-134.781449893 0.0
-133.781449893 0.0
-132.781449893 0.0
-131.781449893 0.0
-130.781449893 0.0
-129.781449893 0.0
-128.781449893 0.0
-127.781449893 0.0
-126.781449893 0.0
-125.781449893 0.0
-124.781449893 0.0
-123.781449893 0.0
-122.781449893 0.0
-121.781449893 0.0
-120.781449893 0.0
-119.781449893 0.0
-118.781449893 0.0
-117.781449893 0.0
-116.781449893 0.0
-115.781449893 0.0
-114.781449893 0.0
-113.781449893 0.0
-112.781449893 0.0
-111.781449893 0.0
-110.781449893 0.0
-109.781449893 0.0
-108.781449893 0.0
-107.781449893 0.0
-106.781449893 0.0
-105.781449893 0.0
-104.781449893 0.0
-103.781449893 0.0
-102.781449893 0.0
-101.781449893 0.0
-100.781449893 0.0
-99.7814498934 0.0
-98.7814498934 0.0
-97.7814498934 0.0
-96.7814498934 0.0
-95.7814498934 0.0
-94.7814498934 0.0
-93.7814498934 0.0
-92.7814498934 0.0
-91.7814498934 0.0
-90.7814498934 0.0
-89.7814498934 0.0
-88.7814498934 0.0
-87.7814498934 0.0
-86.7814498934 0.0
-85.7814498934 0.0
-84.7814498934 0.0
-83.7814498934 0.0
-82.7814498934 0.0
-81.7814498934 0.0
-80.7814498934 0.0
-79.7814498934 0.0
-78.7814498934 0.0
-77.7814498934 0.0
-76.7814498934 0.0
-75.7814498934 0.0
-74.7814498934 0.0
-73.7814498934 0.0
-72.7814498934 0.0
-71.7814498934 0.0
-70.7814498934 0.0
-69.7814498934 0.0
-68.7814498934 0.0
-67.7814498934 0.0
-66.7814498934 0.0
-65.7814498934 0.0
-64.7814498934 0.0
-63.7814498934 0.000000e+00
-63.5149253731 0.000000e+00
-63.2484008529 0.000000e+00
-62.9818763326 0.000000e+00
-62.7153518124 0.000000e+00
-62.4488272921 0.000000e+00
-62.1823027719 0.000000e+00
-61.9157782516 0.000000e+00
-61.6492537313 0.000000e+00
-61.3827292111 0.000000e+00
-61.1162046908 0.000000e+00
-60.8496801706 0.000000e+00
-60.5831556503 0.000000e+00
-60.3166311301 0.000000e+00
-60.0501066098 0.000000e+00
-59.7835820896 0.000000e+00
-59.5170575693 0.000000e+00
-59.250533049 0.000000e+00
-58.9840085288 0.000000e+00
-58.7174840085 0.000000e+00
-58.4509594883 0.000000e+00
-58.184434968 0.000000e+00
-57.9179104478 0.000000e+00
-57.6513859275 0.000000e+00
-57.3848614072 0.000000e+00
-57.118336887 0.000000e+00
-56.8518123667 0.000000e+00
-56.5852878465 0.000000e+00
-56.3187633262 0.000000e+00
-56.052238806 0.000000e+00
-55.7857142857 0.000000e+00
-55.5191897655 0.000000e+00
-55.2526652452 0.000000e+00
-54.9861407249 0.000000e+00
-54.7196162047 0.000000e+00
-54.4530916844 0.000000e+00
-54.1865671642 0.000000e+00
-53.9200426439 0.000000e+00
-53.6535181237 0.000000e+00
-53.3869936034 0.000000e+00
-53.1204690832 0.000000e+00
-52.8539445629 0.000000e+00
-52.5874200426 0.000000e+00
-52.3208955224 0.000000e+00
-52.0543710021 0.000000e+00
-51.7878464819 0.000000e+00
-51.5213219616 0.000000e+00
-51.2547974414 0.000000e+00
-50.9882729211 0.000000e+00
-50.7217484009 0.000000e+00
-50.4552238806 0.000000e+00
-50.1886993603 0.000000e+00
-49.9221748401 0.000000e+00
-49.6556503198 0.000000e+00
-49.3891257996 0.000000e+00
-49.1226012793 0.000000e+00
-48.8560767591 0.000000e+00
-48.5895522388 0.000000e+00
-48.3230277186 0.000000e+00
-48.0565031983 0.000000e+00
-47.789978678 0.000000e+00
-47.5234541578 0.000000e+00
-47.2569296375 0.000000e+00
-46.9904051173 0.000000e+00
-46.723880597 0.000000e+00
-46.4573560768 0.000000e+00
-46.1908315565 0.000000e+00
-45.9243070362 0.000000e+00
-45.657782516 0.000000e+00
-45.3912579957 0.000000e+00
-45.1247334755 0.000000e+00
-44.8582089552 0.000000e+00
-44.591684435 0.000000e+00
-44.3251599147 0.000000e+00
-44.0586353945 0.000000e+00
-43.7921108742 0.000000e+00
-43.5255863539 0.000000e+00
-43.2590618337 0.000000e+00
-42.9925373134 0.000000e+00
-42.7260127932 0.000000e+00
-42.4594882729 0.000000e+00
-42.1929637527 0.000000e+00
-41.9264392324 0.000000e+00
-41.6599147122 0.000000e+00
-41.3933901919 0.000000e+00
-41.1268656716 0.000000e+00
-40.8603411514 0.000000e+00
-40.5938166311 0.000000e+00
-40.3272921109 0.000000e+00
-40.0607675906 0.000000e+00
-39.7942430704 0.000000e+00
-39.5277185501 0.000000e+00
-39.2611940299 0.000000e+00
-38.9946695096 0.000000e+00
-38.7281449893 0.000000e+00
-38.4616204691 0.000000e+00
-38.1950959488 0.000000e+00
-37.9285714286 0.000000e+00
-37.6620469083 0.000000e+00
-37.3955223881 0.000000e+00
-37.1289978678 0.000000e+00
-36.8624733475 0.000000e+00
-36.5959488273 0.000000e+00
-36.329424307 0.000000e+00
-36.0628997868 0.000000e+00
-35.7963752665 0.000000e+00
-35.5298507463 0.000000e+00
-35.263326226 0.000000e+00
-34.9968017058 0.000000e+00
-34.7302771855 0.000000e+00
-34.4637526652 0.000000e+00
-34.197228145 0.000000e+00
-33.9307036247 0.000000e+00
-33.6641791045 0.000000e+00
-33.3976545842 0.000000e+00
-33.131130064 0.000000e+00
-32.8646055437 0.000000e+00
-32.5980810235 0.000000e+00
-32.3315565032 0.000000e+00
-32.0650319829 0.000000e+00
-31.7985074627 0.000000e+00
-31.5319829424 0.000000e+00
-31.2654584222 0.000000e+00
-30.9989339019 0.000000e+00
-30.7324093817 0.000000e+00
-30.4658848614 0.000000e+00
-30.1993603412 0.000000e+00
-29.9328358209 0.000000e+00
-29.6663113006 0.000000e+00
-29.3997867804 0.000000e+00
-29.1332622601 0.000000e+00
-28.8667377399 0.000000e+00
-28.6002132196 0.000000e+00
-28.3336886994 0.000000e+00
-28.0671641791 0.000000e+00
-27.8006396588 0.000000e+00
-27.5341151386 0.000000e+00
-27.2675906183 0.000000e+00
-27.0010660981 0.000000e+00
-26.7345415778 0.000000e+00
-26.4680170576 0.000000e+00
-26.2014925373 0.000000e+00
-25.9349680171 0.000000e+00
-25.6684434968 0.000000e+00
-25.4019189765 0.000000e+00
-25.1353944563 0.000000e+00
-24.868869936 0.000000e+00
-24.6023454158 0.000000e+00
-24.3358208955 0.000000e+00
-24.0692963753 0.000000e+00
-23.802771855 0.000000e+00
-23.5362473348 0.000000e+00
-23.2697228145 0.000000e+00
-23.0031982942 0.000000e+00
-22.736673774 0.000000e+00
-22.4701492537 0.000000e+00
-22.2036247335 0.000000e+00
-21.9371002132 0.000000e+00
-21.670575693 0.000000e+00
-21.4040511727 0.000000e+00
-21.1375266525 0.000000e+00
-20.8710021322 0.000000e+00
-20.6044776119 0.000000e+00
-20.3379530917 0.000000e+00
-20.0714285714 0.000000e+00
-19.8049040512 0.000000e+00
-19.5383795309 0.000000e+00
-19.2718550107 0.000000e+00
-19.0053304904 0.000000e+00
-18.7388059701 0.000000e+00
-18.4722814499 0.000000e+00
-18.2057569296 0.000000e+00
-17.9392324094 0.000000e+00
-17.6727078891 0.000000e+00
-17.4061833689 0.000000e+00
-17.1396588486 0.000000e+00
-16.8731343284 0.000000e+00
-16.6066098081 0.000000e+00
-16.3400852878 0.000000e+00
-16.0735607676 0.000000e+00
-15.8070362473 0.000000e+00
-15.5405117271 0.000000e+00
-15.2739872068 0.000000e+00
-15.0074626866 0.000000e+00
-14.7409381663 0.000000e+00
-14.4744136461 0.000000e+00
-14.2078891258 0.000000e+00
-13.9413646055 0.000000e+00
-13.6748400853 0.000000e+00
-13.408315565 0.000000e+00
-13.1417910448 0.000000e+00
-12.8752665245 0.000000e+00
-12.6087420043 0.000000e+00
-12.342217484 0.000000e+00
-12.0756929638 0.000000e+00
-11.8091684435 0.000000e+00
-11.5426439232 0.000000e+00
-11.276119403 0.000000e+00
-11.0095948827 0.000000e+00
-10.7430703625 0.000000e+00
-10.4765458422 0.000000e+00
-10.210021322 0.000000e+00
-9.94349680171 0.000000e+00
-9.67697228145 0.000000e+00
-9.41044776119 0.000000e+00
-9.14392324094 0.000000e+00
-8.87739872068 0.000000e+00
-8.61087420043 0.000000e+00
-8.34434968017 0.000000e+00
-8.07782515991 0.000000e+00
-7.81130063966 0.000000e+00
-7.5447761194 0.000000e+00
-7.27825159915 0.000000e+00
-7.01172707889 0.000000e+00
-6.74520255864 0.000000e+00
-6.47867803838 0.000000e+00
-6.21215351812 0.000000e+00
-5.94562899787 0.000000e+00
-5.67910447761 0.000000e+00
-5.41257995736 0.000000e+00
-5.1460554371 0.000000e+00
-4.87953091684 0.000000e+00
-4.61300639659 0.000000e+00
-4.34648187633 0.000000e+00
-4.07995735608 0.000000e+00
-3.81343283582 0.000000e+00
-3.54690831557 0.000000e+00
-3.28038379531 0.000000e+00
-3.01385927505 0.000000e+00
-2.7473347548 0.000000e+00
-2.48081023454 0.000000e+00
-2.21428571429 0.000000e+00
-1.94776119403 0.000000e+00
-1.68123667377 0.000000e+00
-1.41471215352 0.000000e+00
-1.14818763326 0.000000e+00
-0.881663113006 0.000000e+00
-0.615138592751 0.000000e+00
-0.348614072495 3.244058e-01
-0.0820895522388 3.610925e-01
0.184434968017 4.491575e-01
0.450959488273 4.612665e-01
0.717484008529 4.017725e-01
0.984008528785 4.446347e-01
1.25053304904 4.604011e-01
1.5170575693 3.923618e-01
1.78358208955 2.889561e-01
2.05010660981 2.434481e-01
2.31663113006 2.846484e-01
2.58315565032 2.349605e-01
2.84968017058 0.000000e+00
3.11620469083 2.133300e-01
3.38272921109 1.554713e-01
3.64925373134 3.056987e-01
3.9157782516 4.132579e-01
4.18230277186 5.101056e-01
4.44882729211 7.647420e-01
4.71535181237 9.599173e-01
4.98187633262 9.545317e-01
5.24840085288 1.000000e+00
5.51492537313 8.239729e-01
5.78144989339 7.538340e-01
6.04797441365 6.764352e-01
6.3144989339 8.282871e-01
6.58102345416 8.029903e-01
6.84754797441 8.054950e-01
7.11407249467 8.949074e-01
7.38059701493 7.306881e-01
7.64712153518 6.853557e-01
7.91364605544 6.313358e-01
8.18017057569 5.899232e-01
8.44669509595 5.047619e-01
8.7132196162 3.863948e-01
8.97974413646 3.505805e-01
9.24626865672 3.025588e-01
9.51279317697 1.766357e-01
9.77931769723 1.749922e-01
10.0458422175 1.627921e-01
10.3123667377 1.518227e-01
10.578891258 2.173154e-01
10.8454157783 0.000000e+00
11.1119402985 0.000000e+00
11.3784648188 0.000000e+00
11.644989339 1.447392e-01
11.9115138593 0.000000e+00
12.1780383795 0.000000e+00
12.4445628998 0.000000e+00
12.71108742 0.000000e+00
12.9776119403 0.000000e+00
13.2441364606 0.000000e+00
13.5106609808 0.000000e+00
13.7771855011 0.000000e+00
14.0437100213 0.000000e+00
14.3102345416 0.000000e+00
14.5767590618 0.000000e+00
14.8432835821 0.000000e+00
15.1098081023 0.000000e+00
15.3763326226 0.000000e+00
15.6428571429 0.000000e+00
15.9093816631 0.000000e+00
16.1759061834 0.000000e+00
16.4424307036 0.000000e+00
16.7089552239 0.000000e+00
16.9754797441 0.000000e+00
17.2420042644 0.000000e+00
17.5085287846 0.000000e+00
17.7750533049 0.000000e+00
18.0415778252 0.000000e+00
18.3081023454 0.000000e+00
18.5746268657 0.000000e+00
18.8411513859 0.000000e+00
19.1076759062 0.000000e+00
19.3742004264 0.000000e+00
19.6407249467 0.000000e+00
19.907249467 0.000000e+00
20.1737739872 0.000000e+00
20.4402985075 0.000000e+00
20.7068230277 0.000000e+00
20.973347548 0.000000e+00
21.2398720682 0.000000e+00
21.5063965885 0.000000e+00
21.7729211087 0.000000e+00
22.039445629 0.000000e+00
22.3059701493 0.000000e+00
22.5724946695 0.000000e+00
22.8390191898 0.000000e+00
23.10554371 0.000000e+00
23.3720682303 0.000000e+00
23.6385927505 0.000000e+00
23.9051172708 0.000000e+00
24.171641791 0.000000e+00
24.4381663113 0.000000e+00
24.7046908316 0.000000e+00
24.9712153518 0.000000e+00
25.2377398721 0.000000e+00
25.5042643923 0.000000e+00
25.7707889126 0.000000e+00
26.0373134328 0.000000e+00
26.3038379531 0.000000e+00
26.5703624733 0.000000e+00
26.8368869936 0.000000e+00
27.1034115139 0.000000e+00
27.3699360341 0.000000e+00
27.6364605544 0.000000e+00
27.9029850746 0.000000e+00
28.1695095949 0.000000e+00
28.4360341151 0.000000e+00
28.7025586354 0.000000e+00
28.9690831557 0.000000e+00
29.2356076759 0.000000e+00
29.5021321962 0.000000e+00
29.7686567164 0.000000e+00
30.0351812367 0.000000e+00
30.3017057569 0.000000e+00
30.5682302772 0.000000e+00
30.8347547974 0.000000e+00
31.1012793177 0.000000e+00
31.367803838 0.000000e+00
31.6343283582 0.000000e+00
31.9008528785 0.000000e+00
32.1673773987 0.000000e+00
32.433901919 0.000000e+00
32.7004264392 0.000000e+00
32.9669509595 0.000000e+00
33.2334754797 0.000000e+00
33.5 0.000000e+00
33.7665245203 0.000000e+00
34.0330490405 0.000000e+00
34.2995735608 0.000000e+00
34.566098081 0.000000e+00
34.8326226013 0.000000e+00
35.0991471215 0.000000e+00
35.3656716418 0.000000e+00
35.632196162 0.000000e+00
35.8987206823 0.000000e+00
36.1652452026 0.000000e+00
36.4317697228 0.000000e+00
36.6982942431 0.000000e+00
36.9648187633 0.000000e+00
37.2313432836 0.000000e+00
37.4978678038 0.000000e+00
37.7643923241 0.000000e+00
38.0309168443 0.000000e+00
38.2974413646 0.000000e+00
38.5639658849 0.000000e+00
38.8304904051 0.000000e+00
39.0970149254 0.000000e+00
39.3635394456 0.000000e+00
39.6300639659 0.000000e+00
39.8965884861 0.000000e+00
40.1631130064 0.000000e+00
40.4296375267 0.000000e+00
40.6961620469 0.000000e+00
40.9626865672 0.000000e+00
41.2292110874 0.000000e+00
41.4957356077 0.000000e+00
41.7622601279 0.000000e+00
42.0287846482 0.000000e+00
42.2953091684 0.000000e+00
42.5618336887 0.000000e+00
42.828358209 0.000000e+00
43.0948827292 0.000000e+00
43.3614072495 0.000000e+00
43.6279317697 0.000000e+00
43.89445629 0.000000e+00
44.1609808102 0.000000e+00
44.4275053305 0.000000e+00
44.6940298507 0.000000e+00
44.960554371 0.000000e+00
45.2270788913 0.000000e+00
45.4936034115 0.000000e+00
45.7601279318 0.000000e+00
46.026652452 0.000000e+00
46.2931769723 0.000000e+00
46.5597014925 0.000000e+00
46.8262260128 0.000000e+00
47.092750533 0.000000e+00
47.3592750533 0.000000e+00
47.6257995736 0.000000e+00
47.8923240938 0.000000e+00
48.1588486141 0.000000e+00
48.4253731343 0.000000e+00
48.6918976546 0.000000e+00
48.9584221748 0.000000e+00
49.2249466951 0.000000e+00
49.4914712154 0.000000e+00
49.7579957356 0.000000e+00
50.0245202559 0.000000e+00
50.2910447761 0.000000e+00
50.5575692964 0.000000e+00
50.8240938166 0.000000e+00
51.0906183369 0.000000e+00
51.3571428571 0.000000e+00
51.6236673774 0.000000e+00
51.8901918977 0.000000e+00
52.1567164179 0.000000e+00
52.4232409382 0.000000e+00
52.6897654584 0.000000e+00
52.9562899787 0.000000e+00
53.2228144989 0.000000e+00
53.4893390192 0.000000e+00
53.7558635394 0.000000e+00
54.0223880597 0.000000e+00
54.28891258 0.000000e+00
54.5554371002 0.000000e+00
54.8219616205 0.000000e+00
55.0884861407 0.000000e+00
55.355010661 0.000000e+00
55.6215351812 0.000000e+00
55.8880597015 0.000000e+00
56.1545842217 0.000000e+00
56.421108742 0.000000e+00
56.6876332623 0.000000e+00
56.9541577825 0.000000e+00
57.2206823028 0.000000e+00
57.487206823 0.000000e+00
57.7537313433 0.000000e+00
58.0202558635 0.000000e+00
58.2867803838 0.000000e+00
58.5533049041 0.000000e+00
58.8198294243 0.000000e+00
59.0863539446 0.000000e+00
59.3528784648 0.000000e+00
59.6194029851 0.000000e+00
59.8859275053 0.000000e+00
60.1524520256 0.000000e+00
60.4189765458 0.000000e+00
60.6855010661 0.000000e+00
60.9520255864 0.000000e+00
61.2185501066 0.000000e+00
61.4850746269 0.000000e+00
61.7515991471 0.000000e+00
62.0181236674 0.000000e+00
62.2846481876 0.000000e+00
62.5511727079 0.000000e+00
62.8176972281 0.000000e+00
63.0842217484 0.000000e+00
63.3507462687 0.000000e+00
63.6172707889 0.000000e+00
63.8837953092 0.000000e+00
64.1503198294 0.000000e+00
64.4168443497 0.000000e+00
64.6833688699 0.000000e+00
64.9498933902 0.000000e+00
65.2164179104 0.000000e+00
65.4829424307 0.000000e+00
65.749466951 0.000000e+00
66.0159914712 0.000000e+00
66.2825159915 0.000000e+00
66.5490405117 0.000000e+00
66.815565032 0.000000e+00
67.0820895522 0.000000e+00
67.3486140725 0.000000e+00
67.6151385928 0.000000e+00
67.881663113 0.000000e+00
68.1481876333 0.000000e+00
68.4147121535 0.000000e+00
68.6812366738 0.000000e+00
68.947761194 0.000000e+00
69.2142857143 0.000000e+00
69.4808102345 0.000000e+00
69.7473347548 0.000000e+00
70.0138592751 0.000000e+00
70.2803837953 0.000000e+00
70.5469083156 0.000000e+00
70.8134328358 0.000000e+00
71.0799573561 0.000000e+00
71.3464818763 0.000000e+00
71.6130063966 0.000000e+00
71.8795309168 0.000000e+00
72.1460554371 0.000000e+00
72.4125799574 0.000000e+00
72.6791044776 0.000000e+00
72.9456289979 0.000000e+00
73.2121535181 0.000000e+00
73.4786780384 0.000000e+00
73.7452025586 0.000000e+00
74.0117270789 0.000000e+00
74.2782515991 0.000000e+00
74.5447761194 0.000000e+00
74.8113006397 0.000000e+00
75.0778251599 0.000000e+00
75.3443496802 0.000000e+00
75.6108742004 0.000000e+00
75.8773987207 0.000000e+00
76.1439232409 0.000000e+00
76.4104477612 0.000000e+00
76.6769722814 0.000000e+00
76.9434968017 0.000000e+00
77.210021322 0.000000e+00
77.4765458422 0.000000e+00
77.7430703625 0.000000e+00
78.0095948827 0.000000e+00
78.276119403 0.000000e+00
78.5426439232 0.000000e+00
78.8091684435 0.000000e+00
79.0756929638 0.000000e+00
79.342217484 0.000000e+00
79.6087420043 0.000000e+00
79.8752665245 0.000000e+00
80.1417910448 0.000000e+00
80.408315565 0.000000e+00
80.6748400853 0.000000e+00
80.9413646055 0.000000e+00
81.2078891258 0.000000e+00
81.4744136461 0.000000e+00
81.7409381663 0.000000e+00
82.0074626866 0.000000e+00
82.2739872068 0.000000e+00
82.5405117271 0.000000e+00
82.8070362473 0.000000e+00
83.0735607676 0.000000e+00
83.3400852878 0.000000e+00
83.6066098081 0.000000e+00
83.8731343284 0.000000e+00
84.1396588486 0.000000e+00
84.4061833689 0.000000e+00
84.6727078891 0.000000e+00
84.9392324094 0.000000e+00
85.2057569296 0.000000e+00
85.4722814499 0.000000e+00
85.7388059701 0.000000e+00
86.0053304904 0.000000e+00
86.2718550107 0.000000e+00
86.5383795309 0.000000e+00
86.8049040512 0.000000e+00
87.0714285714 0.000000e+00
87.3379530917 0.000000e+00
87.6044776119 0.000000e+00
87.8710021322 0.000000e+00
88.1375266525 0.000000e+00
88.4040511727 0.000000e+00
88.670575693 0.000000e+00
88.9371002132 0.000000e+00
89.2036247335 0.000000e+00
89.4701492537 0.000000e+00
89.736673774 0.000000e+00
90.0031982942 0.000000e+00
90.2697228145 0.000000e+00
90.5362473348 0.000000e+00
90.802771855 0.000000e+00
91.0692963753 0.000000e+00
91.3358208955 0.000000e+00
91.6023454158 0.000000e+00
91.868869936 0.000000e+00
92.1353944563 0.000000e+00
92.4019189765 0.000000e+00
92.6684434968 0.000000e+00
92.9349680171 0.000000e+00
93.2014925373 0.000000e+00
93.4680170576 0.000000e+00
93.7345415778 0.000000e+00
94.0010660981 0.000000e+00
94.2675906183 0.000000e+00
94.5341151386 0.000000e+00
94.8006396588 0.000000e+00
95.0671641791 0.000000e+00
95.3336886994 0.000000e+00
95.6002132196 0.000000e+00
95.8667377399 0.000000e+00
96.1332622601 0.000000e+00
96.3997867804 0.000000e+00
96.6663113006 0.000000e+00
96.9328358209 0.000000e+00
97.1993603412 0.000000e+00
97.4658848614 0.000000e+00
97.7324093817 0.000000e+00
97.9989339019 0.000000e+00
98.2654584222 0.000000e+00
98.5319829424 0.000000e+00
98.7985074627 0.000000e+00
99.0650319829 0.000000e+00
99.3315565032 0.000000e+00
99.5980810235 0.000000e+00
99.8646055437 0.000000e+00
100.131130064 0.000000e+00
100.397654584 0.000000e+00
100.664179104 0.000000e+00
100.930703625 0.000000e+00
101.197228145 0.000000e+00
101.463752665 0.000000e+00
101.730277186 0.000000e+00
101.996801706 0.000000e+00
102.263326226 0.000000e+00
102.529850746 0.000000e+00
102.796375267 0.000000e+00
103.062899787 0.000000e+00
103.329424307 0.000000e+00
103.595948827 0.000000e+00
103.862473348 0.000000e+00
104.128997868 0.000000e+00
104.395522388 0.000000e+00
104.662046908 0.000000e+00
104.928571429 0.000000e+00
105.195095949 0.000000e+00
105.461620469 0.000000e+00
105.728144989 0.000000e+00
105.99466951 0.000000e+00
106.26119403 0.000000e+00
106.52771855 0.000000e+00
106.79424307 0.000000e+00
107.060767591 0.000000e+00
107.327292111 0.000000e+00
107.593816631 0.000000e+00
107.860341151 0.000000e+00
108.126865672 0.000000e+00
108.393390192 0.000000e+00
108.659914712 0.000000e+00
108.926439232 0.000000e+00
109.192963753 0.000000e+00
109.459488273 0.000000e+00
109.726012793 0.000000e+00
109.992537313 0.000000e+00
110.259061834 0.000000e+00
110.525586354 0.000000e+00
110.792110874 0.000000e+00
111.058635394 0.000000e+00
111.325159915 0.000000e+00
111.591684435 0.000000e+00
111.858208955 0.000000e+00
112.124733475 0.000000e+00
112.391257996 0.000000e+00
112.657782516 0.000000e+00
112.924307036 0.000000e+00
113.190831557 0.000000e+00
113.457356077 0.000000e+00
113.723880597 0.000000e+00
113.990405117 0.000000e+00
114.256929638 0.000000e+00
114.523454158 0.000000e+00
114.789978678 0.000000e+00
115.056503198 0.000000e+00
115.323027719 0.000000e+00
115.589552239 0.000000e+00
115.856076759 0.000000e+00
116.122601279 0.000000e+00
116.3891258 0.000000e+00
116.65565032 0.000000e+00
116.92217484 0.000000e+00
117.18869936 0.000000e+00
117.455223881 0.000000e+00
117.721748401 0.000000e+00
117.988272921 0.000000e+00
118.254797441 0.000000e+00
118.521321962 0.000000e+00
118.787846482 0.000000e+00
119.054371002 0.000000e+00
119.320895522 0.000000e+00
119.587420043 0.000000e+00
119.853944563 0.000000e+00
120.120469083 0.000000e+00
120.386993603 0.000000e+00
120.653518124 0.000000e+00
120.920042644 0.000000e+00
121.186567164 0.000000e+00
121.453091684 0.000000e+00
121.719616205 0.000000e+00
121.986140725 0.000000e+00
122.252665245 0.000000e+00
122.519189765 0.000000e+00
122.785714286 0.000000e+00
123.052238806 0.000000e+00
123.318763326 0.000000e+00
123.585287846 0.000000e+00
123.851812367 0.000000e+00
124.118336887 0.000000e+00
124.384861407 0.000000e+00
124.651385928 0.000000e+00
124.917910448 0.000000e+00
125.184434968 0.000000e+00
125.450959488 0.000000e+00
125.717484009 0.000000e+00
125.984008529 0.000000e+00
126.250533049 0.000000e+00
126.517057569 0.000000e+00
126.78358209 0.000000e+00
127.05010661 0.000000e+00
127.31663113 0.000000e+00
127.58315565 0.000000e+00
127.849680171 0.000000e+00
128.116204691 0.000000e+00
128.382729211 0.000000e+00
128.649253731 0.000000e+00
128.915778252 0.000000e+00
129.182302772 0.000000e+00
129.448827292 0.000000e+00
129.715351812 0.000000e+00
129.981876333 0.000000e+00
130.248400853 0.000000e+00
130.514925373 0.000000e+00
130.781449893 0.000000e+00
131.047974414 0.000000e+00
131.314498934 0.000000e+00
131.581023454 0.000000e+00
131.847547974 0.000000e+00
132.114072495 0.000000e+00
132.380597015 0.000000e+00
132.647121535 0.000000e+00
132.913646055 0.000000e+00
133.180170576 0.000000e+00
133.446695096 0.000000e+00
133.713219616 0.000000e+00
133.979744136 0.000000e+00
134.246268657 0.000000e+00
134.512793177 0.000000e+00
134.779317697 0.000000e+00
135.045842217 0.000000e+00
135.312366738 0.000000e+00
135.578891258 0.000000e+00
135.845415778 0.000000e+00
136.111940299 0.000000e+00
136.378464819 0.000000e+00
136.644989339 0.000000e+00
136.911513859 0.000000e+00
137.17803838 0.000000e+00
137.4445629 0.000000e+00
137.71108742 0.000000e+00
137.97761194 0.000000e+00
138.244136461 0.000000e+00
138.510660981 0.000000e+00
138.777185501 0.000000e+00
139.043710021 0.000000e+00
139.310234542 0.000000e+00
139.576759062 0.000000e+00
139.843283582 0.000000e+00
140.109808102 0.000000e+00
140.376332623 0.000000e+00
140.642857143 0.000000e+00
140.909381663 0.000000e+00
141.175906183 0.000000e+00
141.442430704 0.000000e+00
141.708955224 0.000000e+00
141.975479744 0.000000e+00
142.242004264 0.000000e+00
142.508528785 0.000000e+00
142.775053305 0.000000e+00
143.041577825 0.000000e+00
143.308102345 0.000000e+00
143.574626866 0.000000e+00
143.841151386 0.000000e+00
144.107675906 0.000000e+00
144.374200426 0.000000e+00
144.640724947 0.000000e+00
144.907249467 0.000000e+00
145.173773987 0.000000e+00
145.440298507 0.000000e+00
145.706823028 0.000000e+00
145.973347548 0.000000e+00
146.239872068 0.000000e+00
146.506396588 0.000000e+00
146.772921109 0.000000e+00
147.039445629 0.000000e+00
147.305970149 0.000000e+00
147.57249467 0.000000e+00
147.83901919 0.000000e+00
148.10554371 0.000000e+00
148.37206823 0.000000e+00
148.638592751 0.000000e+00
148.905117271 0.000000e+00
149.171641791 0.000000e+00
149.438166311 0.000000e+00
149.704690832 0.000000e+00
149.971215352 0.000000e+00
150.237739872 0.000000e+00
150.504264392 0.000000e+00
150.770788913 0.000000e+00
151.037313433 0.000000e+00
151.303837953 0.000000e+00
151.570362473 0.000000e+00
151.836886994 0.000000e+00
152.103411514 0.000000e+00
152.369936034 0.000000e+00
152.636460554 0.000000e+00
152.902985075 0.000000e+00
153.169509595 0.000000e+00
153.436034115 0.000000e+00
153.702558635 0.000000e+00
153.969083156 0.000000e+00
154.235607676 0.000000e+00
154.502132196 0.000000e+00
154.768656716 0.000000e+00
155.035181237 0.000000e+00
155.301705757 0.000000e+00
155.568230277 0.000000e+00
155.834754797 0.000000e+00
156.101279318 0.000000e+00
156.367803838 0.000000e+00
156.634328358 0.000000e+00
156.900852878 0.000000e+00
157.167377399 0.000000e+00
157.433901919 0.000000e+00
157.700426439 0.000000e+00
157.966950959 0.000000e+00
158.23347548 0.000000e+00
158.5 0.000000e+00
158.76652452 0.000000e+00
159.033049041 0.000000e+00
159.299573561 0.000000e+00
159.566098081 0.000000e+00
159.832622601 0.000000e+00
160.099147122 0.000000e+00
160.365671642 0.000000e+00
160.632196162 0.000000e+00
160.898720682 0.000000e+00
161.165245203 0.000000e+00
161.431769723 0.000000e+00
161.698294243 0.000000e+00
161.964818763 0.000000e+00
162.231343284 0.000000e+00
162.497867804 0.000000e+00
162.764392324 0.000000e+00
163.030916844 0.000000e+00
163.297441365 0.000000e+00
163.563965885 0.000000e+00
163.830490405 0.000000e+00
164.097014925 0.000000e+00
164.363539446 0.000000e+00
164.630063966 0.000000e+00
164.896588486 0.000000e+00
165.163113006 0.000000e+00
165.429637527 0.000000e+00
165.696162047 0.000000e+00
165.962686567 0.000000e+00
166.229211087 0.000000e+00
166.495735608 0.000000e+00
166.762260128 0.000000e+00
167.028784648 0.000000e+00
167.295309168 0.000000e+00
167.561833689 0.000000e+00
167.828358209 0.000000e+00
168.094882729 0.000000e+00
168.361407249 0.000000e+00
168.62793177 0.000000e+00
168.89445629 0.000000e+00
169.16098081 0.000000e+00
169.42750533 0.000000e+00
169.694029851 0.000000e+00
169.960554371 0.000000e+00
170.227078891 0.000000e+00
170.493603412 0.000000e+00
170.760127932 0.000000e+00
171.026652452 0.000000e+00
171.293176972 0.000000e+00
171.559701493 0.000000e+00
171.826226013 0.000000e+00
172.092750533 0.000000e+00
172.359275053 0.000000e+00
172.625799574 0.000000e+00
172.892324094 0.000000e+00
173.158848614 0.000000e+00
173.425373134 0.000000e+00
173.691897655 0.000000e+00
173.958422175 0.000000e+00
174.224946695 0.000000e+00
174.491471215 0.000000e+00
174.757995736 0.000000e+00
175.024520256 0.000000e+00
175.291044776 0.000000e+00
175.557569296 0.000000e+00
175.824093817 0.000000e+00
176.090618337 0.000000e+00
176.357142857 0.000000e+00
176.623667377 0.000000e+00
176.890191898 0.000000e+00
177.156716418 0.000000e+00
177.423240938 0.000000e+00
177.689765458 0.000000e+00
177.956289979 0.000000e+00
178.222814499 0.000000e+00
178.489339019 0.000000e+00
178.755863539 0.000000e+00
179.02238806 0.000000e+00
179.28891258 0.000000e+00
179.5554371 0.000000e+00
179.82196162 0.000000e+00
180.088486141 0.000000e+00
180.355010661 0.000000e+00
180.621535181 0.000000e+00
180.888059701 0.000000e+00
181.154584222 0.000000e+00
181.421108742 0.000000e+00
181.687633262 0.000000e+00
181.954157783 0.000000e+00
182.220682303 0.000000e+00
182.487206823 0.000000e+00
182.753731343 0.000000e+00
183.020255864 0.000000e+00
183.286780384 0.000000e+00
183.553304904 0.000000e+00
183.819829424 0.000000e+00
184.086353945 0.000000e+00
184.352878465 0.000000e+00
184.619402985 0.000000e+00
184.885927505 0.000000e+00
185.152452026 0.000000e+00
185.418976546 0.000000e+00
185.685501066 0.000000e+00
185.952025586 0.000000e+00
186.218550107 0.000000e+00
186.485074627 0.000000e+00
186.751599147 0.000000e+00
187.018123667 0.000000e+00
187.284648188 0.000000e+00
187.551172708 0.000000e+00
187.817697228 0.000000e+00
188.084221748 0.000000e+00
188.350746269 0.000000e+00
188.617270789 0.000000e+00
188.883795309 0.000000e+00
189.150319829 0.000000e+00
189.41684435 0.000000e+00
189.68336887 0.000000e+00
189.94989339 0.000000e+00
190.21641791 0.000000e+00
190.482942431 0.000000e+00
190.749466951 0.000000e+00
191.015991471 0.000000e+00
191.282515991 0.000000e+00
191.549040512 0.000000e+00
191.815565032 0.000000e+00
192.082089552 0.000000e+00
192.348614072 0.000000e+00
192.615138593 0.000000e+00
192.881663113 0.000000e+00
193.148187633 0.000000e+00
193.414712154 0.000000e+00
193.681236674 0.000000e+00
193.947761194 0.000000e+00
194.214285714 0.000000e+00
194.480810235 0.000000e+00
194.747334755 0.000000e+00
195.013859275 0.000000e+00
195.280383795 0.000000e+00
195.546908316 0.000000e+00
195.813432836 0.000000e+00
196.079957356 0.000000e+00
196.346481876 0.000000e+00
196.613006397 0.000000e+00
196.879530917 0.000000e+00
197.146055437 0.000000e+00
197.412579957 0.000000e+00
197.679104478 0.000000e+00
197.945628998 0.000000e+00
198.212153518 0.000000e+00
198.478678038 0.000000e+00
198.745202559 0.000000e+00
199.011727079 0.000000e+00
199.278251599 0.000000e+00
199.544776119 0.000000e+00
199.81130064 0.000000e+00
200.07782516 0.000000e+00
200.34434968 0.000000e+00
200.6108742 0.000000e+00
200.877398721 0.000000e+00
201.143923241 0.000000e+00
201.410447761 0.000000e+00
201.676972281 0.000000e+00
201.943496802 0.000000e+00
202.210021322 0.000000e+00
202.476545842 0.000000e+00
202.743070362 0.000000e+00
203.009594883 0.000000e+00
203.276119403 0.000000e+00
203.542643923 0.000000e+00
203.809168443 0.000000e+00
204.075692964 0.000000e+00
204.342217484 0.000000e+00
204.608742004 0.000000e+00
204.875266525 0.000000e+00
205.141791045 0.000000e+00
205.408315565 0.000000e+00
205.674840085 0.000000e+00
205.941364606 0.000000e+00
206.207889126 0.000000e+00
206.474413646 0.000000e+00
206.740938166 0.000000e+00
207.007462687 0.000000e+00
207.273987207 0.000000e+00
207.540511727 0.000000e+00
207.807036247 0.000000e+00
208.073560768 0.000000e+00
208.340085288 0.000000e+00
208.606609808 0.000000e+00
208.873134328 0.000000e+00
209.139658849 0.000000e+00
209.406183369 0.000000e+00
209.672707889 0.000000e+00
209.939232409 0.000000e+00
210.20575693 0.000000e+00
210.47228145 0.000000e+00
210.73880597 0.000000e+00
211.00533049 0.000000e+00
211.271855011 0.000000e+00
211.538379531 0.000000e+00
211.804904051 0.000000e+00
212.071428571 0.000000e+00
212.337953092 0.000000e+00
212.604477612 0.000000e+00
212.871002132 0.000000e+00
213.137526652 0.000000e+00
213.404051173 0.000000e+00
213.670575693 0.000000e+00
213.937100213 0.000000e+00
214.203624733 0.000000e+00
214.470149254 0.000000e+00
214.736673774 0.000000e+00
215.003198294 0.000000e+00
215.269722814 0.000000e+00
215.536247335 0.000000e+00
215.802771855 0.000000e+00
216.069296375 0.000000e+00
216.335820896 0.000000e+00
216.602345416 0.000000e+00
216.868869936 0.000000e+00
217.135394456 0.000000e+00
217.401918977 0.000000e+00
217.668443497 0.000000e+00
217.934968017 0.000000e+00
218.201492537 0.000000e+00
218.468017058 0.000000e+00
218.734541578 0.000000e+00
219.001066098 0.000000e+00
219.267590618 0.000000e+00
219.534115139 0.000000e+00
219.800639659 0.000000e+00
220.067164179 0.000000e+00
220.333688699 0.000000e+00
220.60021322 0.000000e+00
220.86673774 0.000000e+00
221.13326226 0.000000e+00
221.39978678 0.000000e+00
221.666311301 0.000000e+00
221.932835821 0.000000e+00
222.199360341 0.000000e+00
222.465884861 0.000000e+00
222.732409382 0.000000e+00
222.998933902 0.000000e+00
223.265458422 0.000000e+00
223.531982942 0.000000e+00
223.798507463 0.000000e+00
224.065031983 0.000000e+00
224.331556503 0.000000e+00
224.598081023 0.000000e+00
224.864605544 0.000000e+00
225.131130064 0.000000e+00
225.397654584 0.000000e+00
225.664179104 0.000000e+00
225.930703625 0.000000e+00
226.197228145 0.000000e+00
226.463752665 0.000000e+00
226.730277186 0.000000e+00
226.996801706 0.000000e+00
227.263326226 0.000000e+00
227.529850746 0.000000e+00
227.796375267 0.000000e+00
228.062899787 0.000000e+00
228.329424307 0.000000e+00
228.595948827 0.000000e+00
228.862473348 0.000000e+00
229.128997868 0.000000e+00
229.395522388 0.000000e+00
229.662046908 0.000000e+00
229.928571429 0.000000e+00
230.195095949 0.000000e+00
230.461620469 0.000000e+00
230.728144989 0.000000e+00
230.99466951 0.000000e+00
231.26119403 0.000000e+00
231.52771855 0.000000e+00
231.79424307 0.000000e+00
232.060767591 0.000000e+00
232.327292111 0.000000e+00
232.593816631 0.000000e+00
232.860341151 0.000000e+00
233.126865672 0.000000e+00
233.393390192 0.000000e+00
233.659914712 0.000000e+00
233.926439232 0.000000e+00
234.192963753 0.000000e+00
234.459488273 0.000000e+00
234.726012793 0.000000e+00
234.992537313 0.000000e+00
235.259061834 0.000000e+00
235.525586354 0.000000e+00
235.792110874 0.000000e+00
236.058635394 0.000000e+00
236.325159915 0.000000e+00
236.591684435 0.000000e+00
236.858208955 0.000000e+00
237.124733475 0.000000e+00
237.391257996 0.000000e+00
237.657782516 0.000000e+00
237.924307036 0.000000e+00
238.190831557 0.000000e+00
238.457356077 0.000000e+00
238.723880597 0.000000e+00
238.990405117 0.000000e+00
239.256929638 0.000000e+00
239.523454158 0.000000e+00
239.789978678 0.000000e+00
240.056503198 0.000000e+00
240.323027719 0.000000e+00
240.589552239 0.000000e+00
240.856076759 0.000000e+00
241.122601279 0.000000e+00
241.3891258 0.000000e+00
241.65565032 0.000000e+00
241.92217484 0.000000e+00
242.18869936 0.000000e+00
242.455223881 0.000000e+00
242.721748401 0.000000e+00
242.988272921 0.000000e+00
243.254797441 0.000000e+00
243.521321962 0.000000e+00
243.787846482 0.000000e+00
244.054371002 0.000000e+00
244.320895522 0.000000e+00
244.587420043 0.000000e+00
244.853944563 0.000000e+00
245.120469083 0.000000e+00
245.386993603 0.000000e+00
245.653518124 0.000000e+00
245.920042644 0.000000e+00
246.186567164 0.000000e+00
246.453091684 0.000000e+00
246.719616205 0.000000e+00
246.986140725 0.000000e+00
247.252665245 0.000000e+00
247.519189765 0.000000e+00
247.785714286 0.000000e+00
248.052238806 0.000000e+00
248.318763326 0.000000e+00
248.585287846 0.000000e+00
248.851812367 0.000000e+00
249.118336887 0.000000e+00
249.384861407 0.000000e+00
249.651385928 0.000000e+00
249.917910448 0.000000e+00
250.184434968 0.000000e+00
250.450959488 0.000000e+00
250.717484009 0.000000e+00
250.984008529 0.000000e+00
251.250533049 0.000000e+00
251.517057569 0.000000e+00
251.78358209 0.000000e+00
252.05010661 0.000000e+00
252.31663113 0.000000e+00
252.58315565 0.000000e+00
252.849680171 0.000000e+00
253.116204691 0.000000e+00
253.382729211 0.000000e+00
253.649253731 0.000000e+00
253.915778252 0.000000e+00
254.182302772 0.000000e+00
254.448827292 0.000000e+00
254.715351812 0.000000e+00
254.981876333 0.000000e+00
255.248400853 0.000000e+00
255.514925373 0.000000e+00
255.781449893 0.000000e+00
256.047974414 0.000000e+00
256.314498934 0.000000e+00
257.314498934 0.0
258.314498934 0.0
259.314498934 0.0
260.314498934 0.0
261.314498934 0.0
262.314498934 0.0
263.314498934 0.0
264.314498934 0.0
265.314498934 0.0
266.314498934 0.0
267.314498934 0.0
268.314498934 0.0
269.314498934 0.0
270.314498934 0.0
271.314498934 0.0
272.314498934 0.0
273.314498934 0.0
274.314498934 0.0
275.314498934 0.0
276.314498934 0.0
277.314498934 0.0
278.314498934 0.0
279.314498934 0.0
280.314498934 0.0
281.314498934 0.0
282.314498934 0.0
283.314498934 0.0
284.314498934 0.0
285.314498934 0.0
286.314498934 0.0
287.314498934 0.0
288.314498934 0.0
289.314498934 0.0
290.314498934 0.0
291.314498934 0.0
292.314498934 0.0
293.314498934 0.0
294.314498934 0.0
295.314498934 0.0
296.314498934 0.0
297.314498934 0.0
298.314498934 0.0
299.314498934 0.0
300.314498934 0.0
301.314498934 0.0
302.314498934 0.0
303.314498934 0.0
304.314498934 0.0
305.314498934 0.0
306.314498934 0.0
307.314498934 0.0
308.314498934 0.0
309.314498934 0.0
310.314498934 0.0
311.314498934 0.0
312.314498934 0.0
313.314498934 0.0
314.314498934 0.0
315.314498934 0.0
316.314498934 0.0
317.314498934 0.0
318.314498934 0.0
319.314498934 0.0
320.314498934 0.0
321.314498934 0.0
322.314498934 0.0
323.314498934 0.0
324.314498934 0.0
325.314498934 0.0
326.314498934 0.0
327.314498934 0.0
328.314498934 0.0
329.314498934 0.0
330.314498934 0.0
331.314498934 0.0
332.314498934 0.0
333.314498934 0.0
334.314498934 0.0
335.314498934 0.0
336.314498934 0.0
337.314498934 0.0
338.314498934 0.0
339.314498934 0.0
340.314498934 0.0
341.314498934 0.0
342.314498934 0.0
343.314498934 0.0
344.314498934 0.0
345.314498934 0.0
346.314498934 0.0
347.314498934 0.0
348.314498934 0.0
349.314498934 0.0
350.314498934 0.0
351.314498934 0.0
352.314498934 0.0
353.314498934 0.0
354.314498934 0.0
355.314498934 0.0
356.314498934 0.0
357.314498934 0.0
358.314498934 0.0
359.314498934 0.0
360.314498934 0.0
361.314498934 0.0
362.314498934 0.0
363.314498934 0.0
364.314498934 0.0
365.314498934 0.0
366.314498934 0.0
367.314498934 0.0
368.314498934 0.0
369.314498934 0.0
370.314498934 0.0
371.314498934 0.0
372.314498934 0.0
373.314498934 0.0
374.314498934 0.0
375.314498934 0.0
376.314498934 0.0
377.314498934 0.0
378.314498934 0.0
379.314498934 0.0
380.314498934 0.0
381.314498934 0.0
382.314498934 0.0
383.314498934 0.0
384.314498934 0.0
385.314498934 0.0
386.314498934 0.0
387.314498934 0.0
388.314498934 0.0
389.314498934 0.0
390.314498934 0.0
391.314498934 0.0
392.314498934 0.0
393.314498934 0.0
394.314498934 0.0
395.314498934 0.0
396.314498934 0.0
397.314498934 0.0
398.314498934 0.0
399.314498934 0.0
400.314498934 0.0
401.314498934 0.0
402.314498934 0.0
403.314498934 0.0
404.314498934 0.0
405.314498934 0.0
406.314498934 0.0
407.314498934 0.0
408.314498934 0.0
409.314498934 0.0
410.314498934 0.0
411.314498934 0.0
412.314498934 0.0
413.314498934 0.0
414.314498934 0.0
415.314498934 0.0
416.314498934 0.0
417.314498934 0.0
418.314498934 0.0
419.314498934 0.0
420.314498934 0.0
421.314498934 0.0
422.314498934 0.0
423.314498934 0.0
424.314498934 0.0
425.314498934 0.0
426.314498934 0.0
427.314498934 0.0
428.314498934 0.0
429.314498934 0.0
430.314498934 0.0
431.314498934 0.0
432.314498934 0.0
433.314498934 0.0
434.314498934 0.0
435.314498934 0.0
436.314498934 0.0
437.314498934 0.0
438.314498934 0.0
439.314498934 0.0
440.314498934 0.0
441.314498934 0.0
442.314498934 0.0
443.314498934 0.0
444.314498934 0.0
445.314498934 0.0
446.314498934 0.0
447.314498934 0.0
448.314498934 0.0
449.314498934 0.0
450.314498934 0.0
451.314498934 0.0
452.314498934 0.0
453.314498934 0.0
454.314498934 0.0
455.314498934 0.0
456.314498934 0.0
457.314498934 0.0
458.314498934 0.0
459.314498934 0.0
460.314498934 0.0
461.314498934 0.0
462.314498934 0.0
463.314498934 0.0
464.314498934 0.0
465.314498934 0.0
466.314498934 0.0
467.314498934 0.0
468.314498934 0.0
469.314498934 0.0
470.314498934 0.0
471.314498934 0.0
472.314498934 0.0
473.314498934 0.0
474.314498934 0.0
475.314498934 0.0
476.314498934 0.0
477.314498934 0.0
478.314498934 0.0
479.314498934 0.0
480.314498934 0.0
481.314498934 0.0
482.314498934 0.0
483.314498934 0.0
484.314498934 0.0
485.314498934 0.0
486.314498934 0.0
487.314498934 0.0
488.314498934 0.0
489.314498934 0.0
490.314498934 0.0
491.314498934 0.0
492.314498934 0.0
493.314498934 0.0
494.314498934 0.0
495.314498934 0.0
496.314498934 0.0
497.314498934 0.0
498.314498934 0.0
499.314498934 0.0
500.314498934 0.0
501.314498934 0.0
502.314498934 0.0
503.314498934 0.0
504.314498934 0.0
505.314498934 0.0
506.314498934 0.0
507.314498934 0.0
508.314498934 0.0
509.314498934 0.0
510.314498934 0.0
511.314498934 0.0
512.314498934 0.0
513.314498934 0.0
514.314498934 0.0
515.314498934 0.0
516.314498934 0.0
517.314498934 0.0
518.314498934 0.0
519.314498934 0.0
520.314498934 0.0
521.314498934 0.0
522.314498934 0.0
523.314498934 0.0
524.314498934 0.0
525.314498934 0.0
526.314498934 0.0
527.314498934 0.0
528.314498934 0.0
529.314498934 0.0
530.314498934 0.0
531.314498934 0.0
532.314498934 0.0
533.314498934 0.0
534.314498934 0.0
535.314498934 0.0
536.314498934 0.0
537.314498934 0.0
538.314498934 0.0
539.314498934 0.0
540.314498934 0.0
541.314498934 0.0
542.314498934 0.0
543.314498934 0.0
544.314498934 0.0
545.314498934 0.0
546.314498934 0.0
547.314498934 0.0
548.314498934 0.0
549.314498934 0.0
550.314498934 0.0
551.314498934 0.0
552.314498934 0.0
553.314498934 0.0
554.314498934 0.0
555.314498934 0.0
556.314498934 0.0
557.314498934 0.0
558.314498934 0.0
559.314498934 0.0
560.314498934 0.0
561.314498934 0.0
562.314498934 0.0
563.314498934 0.0
564.314498934 0.0
565.314498934 0.0
566.314498934 0.0
567.314498934 0.0
568.314498934 0.0
569.314498934 0.0
570.314498934 0.0
571.314498934 0.0
572.314498934 0.0
573.314498934 0.0
574.314498934 0.0
575.314498934 0.0
576.314498934 0.0
577.314498934 0.0
578.314498934 0.0
579.314498934 0.0
580.314498934 0.0
581.314498934 0.0
582.314498934 0.0
583.314498934 0.0
584.314498934 0.0
585.314498934 0.0
586.314498934 0.0
587.314498934 0.0
588.314498934 0.0
589.314498934 0.0
590.314498934 0.0
591.314498934 0.0
592.314498934 0.0
593.314498934 0.0
594.314498934 0.0
595.314498934 0.0
596.314498934 0.0
597.314498934 0.0
598.314498934 0.0
599.314498934 0.0
600.314498934 0.0
601.314498934 0.0
602.314498934 0.0
603.314498934 0.0
604.314498934 0.0
605.314498934 0.0
606.314498934 0.0
607.314498934 0.0
608.314498934 0.0
609.314498934 0.0
610.314498934 0.0
611.314498934 0.0
612.314498934 0.0
613.314498934 0.0
614.314498934 0.0
615.314498934 0.0
616.314498934 0.0
617.314498934 0.0
618.314498934 0.0
619.314498934 0.0
620.314498934 0.0
621.314498934 0.0
622.314498934 0.0
623.314498934 0.0
624.314498934 0.0
625.314498934 0.0
626.314498934 0.0
627.314498934 0.0
628.314498934 0.0
629.314498934 0.0
630.314498934 0.0
631.314498934 0.0
632.314498934 0.0
633.314498934 0.0
634.314498934 0.0
635.314498934 0.0
636.314498934 0.0
637.314498934 0.0
638.314498934 0.0
639.314498934 0.0
640.314498934 0.0
641.314498934 0.0
642.314498934 0.0
643.314498934 0.0
644.314498934 0.0
645.314498934 0.0
646.314498934 0.0
647.314498934 0.0
648.314498934 0.0
649.314498934 0.0
650.314498934 0.0
651.314498934 0.0
652.314498934 0.0
653.314498934 0.0
654.314498934 0.0
655.314498934 0.0
656.314498934 0.0
657.314498934 0.0
658.314498934 0.0
659.314498934 0.0
660.314498934 0.0
661.314498934 0.0
662.314498934 0.0
663.314498934 0.0
664.314498934 0.0
665.314498934 0.0
666.314498934 0.0
667.314498934 0.0
668.314498934 0.0
669.314498934 0.0
670.314498934 0.0
671.314498934 0.0
672.314498934 0.0
673.314498934 0.0
674.314498934 0.0
675.314498934 0.0
676.314498934 0.0
677.314498934 0.0
678.314498934 0.0
679.314498934 0.0
680.314498934 0.0
681.314498934 0.0
682.314498934 0.0
683.314498934 0.0
684.314498934 0.0
685.314498934 0.0
686.314498934 0.0
687.314498934 0.0
688.314498934 0.0
689.314498934 0.0
690.314498934 0.0
691.314498934 0.0
692.314498934 0.0
693.314498934 0.0
694.314498934 0.0
695.314498934 0.0
696.314498934 0.0
697.314498934 0.0
698.314498934 0.0
699.314498934 0.0
700.314498934 0.0
701.314498934 0.0
702.314498934 0.0
703.314498934 0.0
704.314498934 0.0
705.314498934 0.0
706.314498934 0.0
707.314498934 0.0
708.314498934 0.0
709.314498934 0.0
710.314498934 0.0
711.314498934 0.0
712.314498934 0.0
713.314498934 0.0
714.314498934 0.0
715.314498934 0.0
716.314498934 0.0
717.314498934 0.0
718.314498934 0.0
719.314498934 0.0
720.314498934 0.0
721.314498934 0.0
722.314498934 0.0
723.314498934 0.0
724.314498934 0.0
725.314498934 0.0
726.314498934 0.0
727.314498934 0.0
728.314498934 0.0
729.314498934 0.0
730.314498934 0.0
731.314498934 0.0
732.314498934 0.0
733.314498934 0.0
734.314498934 0.0
735.314498934 0.0
736.314498934 0.0
737.314498934 0.0
738.314498934 0.0
739.314498934 0.0
740.314498934 0.0
741.314498934 0.0
742.314498934 0.0
743.314498934 0.0
744.314498934 0.0
745.314498934 0.0
746.314498934 0.0
747.314498934 0.0
748.314498934 0.0
749.314498934 0.0
750.314498934 0.0
751.314498934 0.0
752.314498934 0.0
753.314498934 0.0
754.314498934 0.0
755.314498934 0.0
756.314498934 0.0
