-735.011148812 0.0
-734.011148812 0.0
-733.011148812 0.0
-732.011148812 0.0
-731.011148812 0.0
-730.011148812 0.0
-729.011148812 0.0
-728.011148812 0.0
-727.011148812 0.0
-726.011148812 0.0
-725.011148812 0.0
-724.011148812 0.0
-723.011148812 0.0
-722.011148812 0.0
-721.011148812 0.0
-720.011148812 0.0
-719.011148812 0.0
-718.011148812 0.0
-717.011148812 0.0
-716.011148812 0.0
-715.011148812 0.0
-714.011148812 0.0
-713.011148812 0.0
-712.011148812 0.0
-711.011148812 0.0
-710.011148812 0.0
-709.011148812 0.0
-708.011148812 0.0
-707.011148812 0.0
-706.011148812 0.0
-705.011148812 0.0
-704.011148812 0.0
-703.011148812 0.0
-702.011148812 0.0
-701.011148812 0.0
-700.011148812 0.0
-699.011148812 0.0
-698.011148812 0.0
-697.011148812 0.0
-696.011148812 0.0
-695.011148812 0.0
-694.011148812 0.0
-693.011148812 0.0
-692.011148812 0.0
-691.011148812 0.0
-690.011148812 0.0
-689.011148812 0.0
-688.011148812 0.0
-687.011148812 0.0
-686.011148812 0.0
-685.011148812 0.0
-684.011148812 0.0
-683.011148812 0.0
-682.011148812 0.0
-681.011148812 0.0
-680.011148812 0.0
-679.011148812 0.0
-678.011148812 0.0
-677.011148812 0.0
-676.011148812 0.0
-675.011148812 0.0
-674.011148812 0.0
-673.011148812 0.0
-672.011148812 0.0
-671.011148812 0.0
-670.011148812 0.0
-669.011148812 0.0
-668.011148812 0.0
-667.011148812 0.0
-666.011148812 0.0
-665.011148812 0.0
-664.011148812 0.0
-663.011148812 0.0
-662.011148812 0.0
-661.011148812 0.0
-660.011148812 0.0
-659.011148812 0.0
-658.011148812 0.0
-657.011148812 0.0
-656.011148812 0.0
-655.011148812 0.0
-654.011148812 0.0
-653.011148812 0.0
-652.011148812 0.0
-651.011148812 0.0
-650.011148812 0.0
-649.011148812 0.0
-648.011148812 0.0
-647.011148812 0.0
-646.011148812 0.0
-645.011148812 0.0
-644.011148812 0.0
-643.011148812 0.0
-642.011148812 0.0
-641.011148812 0.0
-640.011148812 0.0
-639.011148812 0.0
-638.011148812 0.0
-637.011148812 0.0
-636.011148812 0.0
-635.011148812 0.0
-634.011148812 0.0
-633.011148812 0.0
-632.011148812 0.0
-631.011148812 0.0
-630.011148812 0.0
-629.011148812 0.0
-628.011148812 0.0
-627.011148812 0.0
-626.011148812 0.0
-625.011148812 0.0
-624.011148812 0.0
-623.011148812 0.0
-622.011148812 0.0
-621.011148812 0.0
-620.011148812 0.0
-619.011148812 0.0
-618.011148812 0.0
-617.011148812 0.0
-616.011148812 0.0
-615.011148812 0.0
-614.011148812 0.0
-613.011148812 0.0
-612.011148812 0.0
-611.011148812 0.0
-610.011148812 0.0
-609.011148812 0.0
-608.011148812 0.0
-607.011148812 0.0
-606.011148812 0.0
-605.011148812 0.0
-604.011148812 0.0
-603.011148812 0.0
-602.011148812 0.0
-601.011148812 0.0
-600.011148812 0.0
-599.011148812 0.0
-598.011148812 0.0
-597.011148812 0.0
-596.011148812 0.0
-595.011148812 0.0
-594.011148812 0.0
-593.011148812 0.0
-592.011148812 0.0
-591.011148812 0.0
-590.011148812 0.0
-589.011148812 0.0
-588.011148812 0.0
-587.011148812 0.0
-586.011148812 0.0
-585.011148812 0.0
-584.011148812 0.0
-583.011148812 0.0
-582.011148812 0.0
-581.011148812 0.0
-580.011148812 0.0
-579.011148812 0.0
-578.011148812 0.0
-577.011148812 0.0
-576.011148812 0.0
-575.011148812 0.0
-574.011148812 0.0
-573.011148812 0.0
-572.011148812 0.0
-571.011148812 0.0
-570.011148812 0.0
-569.011148812 0.0
-568.011148812 0.0
-567.011148812 0.0
-566.011148812 0.0
-565.011148812 0.0
-564.011148812 0.0
-563.011148812 0.0
-562.011148812 0.0
-561.011148812 0.0
-560.011148812 0.0
-559.011148812 0.0
-558.011148812 0.0
-557.011148812 0.0
-556.011148812 0.0
-555.011148812 0.0
-554.011148812 0.0
-553.011148812 0.0
-552.011148812 0.0
-551.011148812 0.0
-550.011148812 0.0
-549.011148812 0.0
-548.011148812 0.0
-547.011148812 0.0
-546.011148812 0.0
-545.011148812 0.0
-544.011148812 0.0
-543.011148812 0.0
-542.011148812 0.0
-541.011148812 0.0
-540.011148812 0.0
-539.011148812 0.0
-538.011148812 0.0
-537.011148812 0.0
-536.011148812 0.0
-535.011148812 0.0
-534.011148812 0.0
-533.011148812 0.0
-532.011148812 0.0
-531.011148812 0.0
-530.011148812 0.0
-529.011148812 0.0
-528.011148812 0.0
-527.011148812 0.0
-526.011148812 0.0
-525.011148812 0.0
-524.011148812 0.0
-523.011148812 0.0
-522.011148812 0.0
-521.011148812 0.0
-520.011148812 0.0
-519.011148812 0.0
-518.011148812 0.0
-517.011148812 0.0
-516.011148812 0.0
-515.011148812 0.0
-514.011148812 0.0
-513.011148812 0.0
-512.011148812 0.0
-511.011148812 0.0
-510.011148812 0.0
-509.011148812 0.0
-508.011148812 0.0
-507.011148812 0.0
-506.011148812 0.0
-505.011148812 0.0
-504.011148812 0.0
-503.011148812 0.0
-502.011148812 0.0
-501.011148812 0.0
-500.011148812 0.0
-499.011148812 0.0
-498.011148812 0.0
-497.011148812 0.0
-496.011148812 0.0
-495.011148812 0.0
-494.011148812 0.0
-493.011148812 0.0
-492.011148812 0.0
-491.011148812 0.0
-490.011148812 0.0
-489.011148812 0.0
-488.011148812 0.0
-487.011148812 0.0
-486.011148812 0.0
-485.011148812 0.0
-484.011148812 0.0
-483.011148812 0.0
-482.011148812 0.0
-481.011148812 0.0
-480.011148812 0.0
-479.011148812 0.0
-478.011148812 0.0
-477.011148812 0.0
-476.011148812 0.0
-475.011148812 0.0
-474.011148812 0.0
-473.011148812 0.0
-472.011148812 0.0
-471.011148812 0.0
-470.011148812 0.0
-469.011148812 0.0
-468.011148812 0.0
-467.011148812 0.0
-466.011148812 0.0
-465.011148812 0.0
-464.011148812 0.0
-463.011148812 0.0
-462.011148812 0.0
-461.011148812 0.0
-460.011148812 0.0
-459.011148812 0.0
-458.011148812 0.0
-457.011148812 0.0
-456.011148812 0.0
-455.011148812 0.0
-454.011148812 0.0
-453.011148812 0.0
-452.011148812 0.0
-451.011148812 0.0
-450.011148812 0.0
-449.011148812 0.0
-448.011148812 0.0
-447.011148812 0.0
-446.011148812 0.0
-445.011148812 0.0
-444.011148812 0.0
-443.011148812 0.0
-442.011148812 0.0
-441.011148812 0.0
-440.011148812 0.0
-439.011148812 0.0
-438.011148812 0.0
-437.011148812 0.0
-436.011148812 0.0
-435.011148812 0.0
-434.011148812 0.0
-433.011148812 0.0
-432.011148812 0.0
-431.011148812 0.0
-430.011148812 0.0
-429.011148812 0.0
-428.011148812 0.0
-427.011148812 0.0
-426.011148812 0.0
-425.011148812 0.0
-424.011148812 0.0
-423.011148812 0.0
-422.011148812 0.0
-421.011148812 0.0
-420.011148812 0.0
-419.011148812 0.0
-418.011148812 0.0
-417.011148812 0.0
-416.011148812 0.0
-415.011148812 0.0
-414.011148812 0.0
-413.011148812 0.0
-412.011148812 0.0
-411.011148812 0.0
-410.011148812 0.0
-409.011148812 0.0
-408.011148812 0.0
-407.011148812 0.0
-406.011148812 0.0
-405.011148812 0.0
-404.011148812 0.0
-403.011148812 0.0
-402.011148812 0.0
-401.011148812 0.0
-400.011148812 0.0
-399.011148812 0.0
-398.011148812 0.0
-397.011148812 0.0
-396.011148812 0.0
-395.011148812 0.0
-394.011148812 0.0
-393.011148812 0.0
-392.011148812 0.0
-391.011148812 0.0
-390.011148812 0.0
-389.011148812 0.0
-388.011148812 0.0
-387.011148812 0.0
-386.011148812 0.0
-385.011148812 0.0
-384.011148812 0.0
-383.011148812 0.0
-382.011148812 0.0
-381.011148812 0.0
-380.011148812 0.0
-379.011148812 0.0
-378.011148812 0.0
-377.011148812 0.0
-376.011148812 0.0
-375.011148812 0.0
-374.011148812 0.0
-373.011148812 0.0
-372.011148812 0.0
-371.011148812 0.0
-370.011148812 0.0
-369.011148812 0.0
-368.011148812 0.0
-367.011148812 0.0
-366.011148812 0.0
-365.011148812 0.0
-364.011148812 0.0
-363.011148812 0.0
-362.011148812 0.0
-361.011148812 0.0
-360.011148812 0.0
-359.011148812 0.0
-358.011148812 0.0
-357.011148812 0.0
-356.011148812 0.0
-355.011148812 0.0
-354.011148812 0.0
-353.011148812 0.0
-352.011148812 0.0
-351.011148812 0.0
-350.011148812 0.0
-349.011148812 0.0
-348.011148812 0.0
-347.011148812 0.0
-346.011148812 0.0
-345.011148812 0.0
-344.011148812 0.0
-343.011148812 0.0
-342.011148812 0.0
-341.011148812 0.0
-340.011148812 0.0
-339.011148812 0.0
-338.011148812 0.0
-337.011148812 0.0
-336.011148812 0.0
-335.011148812 0.0
-334.011148812 0.0
-333.011148812 0.0
-332.011148812 0.0
-331.011148812 0.0
-330.011148812 0.0
-329.011148812 0.0
-328.011148812 0.0
-327.011148812 0.0
-326.011148812 0.0
-325.011148812 0.0
-324.011148812 0.0
-323.011148812 0.0
-322.011148812 0.0
-321.011148812 0.0
-320.011148812 0.0
-319.011148812 0.0
-318.011148812 0.0
-317.011148812 0.0
-316.011148812 0.0
-315.011148812 0.0
-314.011148812 0.0
-313.011148812 0.0
-312.011148812 0.0
-311.011148812 0.0
-310.011148812 0.0
-309.011148812 0.0
-308.011148812 0.0
-307.011148812 0.0
-306.011148812 0.0
-305.011148812 0.0
-304.011148812 0.0
-303.011148812 0.0
-302.011148812 0.0
-301.011148812 0.0
-300.011148812 0.0
-299.011148812 0.0
-298.011148812 0.0
-297.011148812 0.0
-296.011148812 0.0
-295.011148812 0.0
-294.011148812 0.0
-293.011148812 0.0
-292.011148812 0.0
-291.011148812 0.0
-290.011148812 0.0
-289.011148812 0.0
-288.011148812 0.0
-287.011148812 0.0
-286.011148812 0.0
-285.011148812 0.0
-284.011148812 0.0
-283.011148812 0.0
-282.011148812 0.0
-281.011148812 0.0
-280.011148812 0.0
-279.011148812 0.0
-278.011148812 0.0
-277.011148812 0.0
-276.011148812 0.0
-275.011148812 0.0
-274.011148812 0.0
-273.011148812 0.0
-272.011148812 0.0
-271.011148812 0.0
-270.011148812 0.0
-269.011148812 0.0
-268.011148812 0.0
-267.011148812 0.0
-266.011148812 0.0
-265.011148812 0.0
-264.011148812 0.0
-263.011148812 0.0
-262.011148812 0.0
-261.011148812 0.0
-260.011148812 0.0
-259.011148812 0.0
-258.011148812 0.0
-257.011148812 0.0
-256.011148812 0.0
-255.011148812 0.0
-254.011148812 0.0
-253.011148812 0.0
-252.011148812 0.0
-251.011148812 0.0
-250.011148812 0.0
-249.011148812 0.0
-248.011148812 0.0
-247.011148812 0.0
-246.011148812 0.0
-245.011148812 0.0
-244.011148812 0.0
-243.011148812 0.0
-242.011148812 0.0
-241.011148812 0.0
-240.011148812 0.0
-239.011148812 0.0
-238.011148812 0.0
-237.011148812 0.0
-236.011148812 0.0
-235.011148812 0.000000e+00
-234.526417838 0.000000e+00
-234.041686864 0.000000e+00
-233.556955889 0.000000e+00
-233.072224915 0.000000e+00
-232.587493941 0.000000e+00
-232.102762967 0.000000e+00
-231.618031992 0.000000e+00
-231.133301018 0.000000e+00
-230.648570044 0.000000e+00
-230.163839069 0.000000e+00
-229.679108095 0.000000e+00
-229.194377121 0.000000e+00
-228.709646146 0.000000e+00
-228.224915172 0.000000e+00
-227.740184198 0.000000e+00
-227.255453223 0.000000e+00
-226.770722249 0.000000e+00
-226.285991275 0.000000e+00
-225.801260301 0.000000e+00
-225.316529326 0.000000e+00
-224.831798352 0.000000e+00
-224.347067378 0.000000e+00
-223.862336403 0.000000e+00
-223.377605429 0.000000e+00
-222.892874455 0.000000e+00
-222.40814348 0.000000e+00
-221.923412506 0.000000e+00
-221.438681532 0.000000e+00
-220.953950557 0.000000e+00
-220.469219583 0.000000e+00
-219.984488609 0.000000e+00
-219.499757635 0.000000e+00
-219.01502666 0.000000e+00
-218.530295686 0.000000e+00
-218.045564712 0.000000e+00
-217.560833737 0.000000e+00
-217.076102763 0.000000e+00
-216.591371789 0.000000e+00
-216.106640814 0.000000e+00
-215.62190984 0.000000e+00
-215.137178866 0.000000e+00
-214.652447891 0.000000e+00
-214.167716917 0.000000e+00
-213.682985943 0.000000e+00
-213.198254968 0.000000e+00
-212.713523994 0.000000e+00
-212.22879302 0.000000e+00
-211.744062046 0.000000e+00
-211.259331071 0.000000e+00
-210.774600097 0.000000e+00
-210.289869123 0.000000e+00
-209.805138148 0.000000e+00
-209.320407174 0.000000e+00
-208.8356762 0.000000e+00
-208.350945225 0.000000e+00
-207.866214251 0.000000e+00
-207.381483277 0.000000e+00
-206.896752302 0.000000e+00
-206.412021328 0.000000e+00
-205.927290354 0.000000e+00
-205.44255938 0.000000e+00
-204.957828405 0.000000e+00
-204.473097431 0.000000e+00
-203.988366457 0.000000e+00
-203.503635482 0.000000e+00
-203.018904508 0.000000e+00
-202.534173534 0.000000e+00
-202.049442559 0.000000e+00
-201.564711585 0.000000e+00
-201.079980611 0.000000e+00
-200.595249636 0.000000e+00
-200.110518662 0.000000e+00
-199.625787688 0.000000e+00
-199.141056714 0.000000e+00
-198.656325739 0.000000e+00
-198.171594765 0.000000e+00
-197.686863791 0.000000e+00
-197.202132816 0.000000e+00
-196.717401842 0.000000e+00
-196.232670868 0.000000e+00
-195.747939893 0.000000e+00
-195.263208919 0.000000e+00
-194.778477945 0.000000e+00
-194.29374697 0.000000e+00
-193.809015996 0.000000e+00
-193.324285022 0.000000e+00
-192.839554048 0.000000e+00
-192.354823073 0.000000e+00
-191.870092099 0.000000e+00
-191.385361125 0.000000e+00
-190.90063015 0.000000e+00
-190.415899176 0.000000e+00
-189.931168202 0.000000e+00
-189.446437227 0.000000e+00
-188.961706253 0.000000e+00
-188.476975279 0.000000e+00
-187.992244304 0.000000e+00
-187.50751333 0.000000e+00
-187.022782356 0.000000e+00
-186.538051381 0.000000e+00
-186.053320407 0.000000e+00
-185.568589433 0.000000e+00
-185.083858459 0.000000e+00
-184.599127484 0.000000e+00
-184.11439651 0.000000e+00
-183.629665536 0.000000e+00
-183.144934561 0.000000e+00
-182.660203587 0.000000e+00
-182.175472613 0.000000e+00
-181.690741638 0.000000e+00
-181.206010664 0.000000e+00
-180.72127969 0.000000e+00
-180.236548715 0.000000e+00
-179.751817741 0.000000e+00
-179.267086767 0.000000e+00
-178.782355793 0.000000e+00
-178.297624818 0.000000e+00
-177.812893844 0.000000e+00
-177.32816287 0.000000e+00
-115.767329132 0.000000e+00
-115.282598158 0.000000e+00
-114.797867184 0.000000e+00
-114.313136209 0.000000e+00
-113.828405235 0.000000e+00
-113.343674261 0.000000e+00
-112.858943286 0.000000e+00
-112.374212312 0.000000e+00
-111.889481338 0.000000e+00
-111.404750364 0.000000e+00
-110.920019389 0.000000e+00
-110.435288415 0.000000e+00
-109.950557441 0.000000e+00
-109.465826466 0.000000e+00
-108.981095492 0.000000e+00
-108.496364518 0.000000e+00
-108.011633543 0.000000e+00
-107.526902569 0.000000e+00
-107.042171595 0.000000e+00
-106.55744062 0.000000e+00
-106.072709646 0.000000e+00
-105.587978672 0.000000e+00
-105.103247698 0.000000e+00
-104.618516723 0.000000e+00
-104.133785749 0.000000e+00
-103.649054775 0.000000e+00
-103.1643238 0.000000e+00
-102.679592826 0.000000e+00
-102.194861852 0.000000e+00
-101.710130877 0.000000e+00
-101.225399903 0.000000e+00
-100.740668929 0.000000e+00
-100.255937954 0.000000e+00
-99.7712069801 0.000000e+00
-99.2864760058 0.000000e+00
-98.8017450315 0.000000e+00
-98.3170140572 0.000000e+00
-97.8322830829 0.000000e+00
-97.3475521086 0.000000e+00
-96.8628211343 0.000000e+00
-96.37809016 0.000000e+00
-95.8933591857 0.000000e+00
-95.4086282113 0.000000e+00
-94.923897237 0.000000e+00
-94.4391662627 0.000000e+00
-93.9544352884 0.000000e+00
-93.4697043141 0.000000e+00
-92.9849733398 0.000000e+00
-92.5002423655 0.000000e+00
-92.0155113912 0.000000e+00
-91.5307804169 0.000000e+00
-91.0460494426 0.000000e+00
-90.5613184683 0.000000e+00
-90.0765874939 0.000000e+00
-89.5918565196 0.000000e+00
-89.1071255453 0.000000e+00
-88.622394571 0.000000e+00
-88.1376635967 0.000000e+00
-87.6529326224 0.000000e+00
-87.1682016481 0.000000e+00
-86.6834706738 0.000000e+00
-86.1987396995 0.000000e+00
-85.7140087252 0.000000e+00
-85.2292777508 0.000000e+00
-84.7445467765 0.000000e+00
-84.2598158022 0.000000e+00
-83.7750848279 0.000000e+00
-83.2903538536 0.000000e+00
-82.8056228793 0.000000e+00
-82.320891905 0.000000e+00
-81.8361609307 0.000000e+00
-81.3514299564 0.000000e+00
-80.8666989821 0.000000e+00
-80.3819680078 0.000000e+00
-79.8972370334 0.000000e+00
-79.4125060591 0.000000e+00
-78.9277750848 0.000000e+00
-78.4430441105 0.000000e+00
-77.9583131362 0.000000e+00
-77.4735821619 0.000000e+00
-76.9888511876 0.000000e+00
-76.5041202133 0.000000e+00
-76.019389239 0.000000e+00
-75.5346582647 0.000000e+00
-75.0499272904 0.000000e+00
-74.565196316 0.000000e+00
-74.0804653417 0.000000e+00
-73.5957343674 0.000000e+00
-73.1110033931 0.000000e+00
-72.6262724188 0.000000e+00
-72.1415414445 0.000000e+00
-71.6568104702 0.000000e+00
-71.1720794959 0.000000e+00
-70.6873485216 0.000000e+00
-70.2026175473 0.000000e+00
-69.717886573 0.000000e+00
-69.2331555986 0.000000e+00
-68.7484246243 0.000000e+00
-68.26369365 0.000000e+00
-67.7789626757 0.000000e+00
-67.2942317014 0.000000e+00
-66.8095007271 0.000000e+00
-66.3247697528 0.000000e+00
-65.8400387785 0.000000e+00
-65.3553078042 0.000000e+00
-64.8705768299 0.000000e+00
-64.3858458556 0.000000e+00
-63.9011148812 0.000000e+00
-63.4163839069 0.000000e+00
-62.9316529326 0.000000e+00
-62.4469219583 0.000000e+00
-61.962190984 0.000000e+00
-61.4774600097 0.000000e+00
-60.9927290354 0.000000e+00
-60.5079980611 0.000000e+00
-60.0232670868 0.000000e+00
-59.5385361125 0.000000e+00
-59.0538051381 0.000000e+00
-58.5690741638 0.000000e+00
-58.0843431895 0.000000e+00
-57.5996122152 0.000000e+00
-57.1148812409 0.000000e+00
-56.6301502666 0.000000e+00
-56.1454192923 0.000000e+00
-55.660688318 0.000000e+00
-55.1759573437 0.000000e+00
-54.6912263694 0.000000e+00
-54.2064953951 0.000000e+00
-53.7217644207 0.000000e+00
-53.2370334464 0.000000e+00
-52.7523024721 0.000000e+00
-52.2675714978 0.000000e+00
-51.7828405235 0.000000e+00
-51.2981095492 0.000000e+00
-50.8133785749 0.000000e+00
-50.3286476006 0.000000e+00
-49.8439166263 0.000000e+00
-49.359185652 0.000000e+00
-48.8744546777 0.000000e+00
-48.3897237033 0.000000e+00
-47.904992729 0.000000e+00
-47.4202617547 0.000000e+00
-46.9355307804 0.000000e+00
-46.4507998061 0.000000e+00
-45.9660688318 0.000000e+00
-45.4813378575 0.000000e+00
-44.9966068832 0.000000e+00
-44.5118759089 0.000000e+00
-44.0271449346 0.000000e+00
-43.5424139603 0.000000e+00
-43.0576829859 0.000000e+00
-42.5729520116 0.000000e+00
-42.0882210373 0.000000e+00
-41.603490063 0.000000e+00
-41.1187590887 0.000000e+00
-40.6340281144 0.000000e+00
-40.1492971401 0.000000e+00
-39.6645661658 0.000000e+00
-39.1798351915 0.000000e+00
-38.6951042172 0.000000e+00
-38.2103732429 0.000000e+00
-37.7256422685 0.000000e+00
-37.2409112942 0.000000e+00
-36.7561803199 0.000000e+00
-36.2714493456 0.000000e+00
-35.7867183713 0.000000e+00
-35.301987397 0.000000e+00
-34.8172564227 0.000000e+00
-34.3325254484 0.000000e+00
-33.8477944741 0.000000e+00
-33.3630634998 0.000000e+00
-32.8783325254 0.000000e+00
-32.3936015511 0.000000e+00
-31.9088705768 0.000000e+00
-31.4241396025 0.000000e+00
-30.9394086282 0.000000e+00
-30.4546776539 0.000000e+00
-29.9699466796 0.000000e+00
-29.4852157053 0.000000e+00
-29.000484731 0.000000e+00
-28.5157537567 0.000000e+00
-28.0310227824 0.000000e+00
-27.546291808 0.000000e+00
-27.0615608337 0.000000e+00
-26.5768298594 0.000000e+00
-26.0920988851 0.000000e+00
-25.6073679108 0.000000e+00
-25.1226369365 0.000000e+00
-24.6379059622 0.000000e+00
-24.1531749879 0.000000e+00
-23.6684440136 0.000000e+00
-23.1837130393 0.000000e+00
-22.698982065 0.000000e+00
-22.2142510906 0.000000e+00
-21.7295201163 0.000000e+00
-21.244789142 0.000000e+00
-20.7600581677 0.000000e+00
-20.2753271934 0.000000e+00
-19.7905962191 0.000000e+00
-19.3058652448 0.000000e+00
-18.8211342705 0.000000e+00
-18.3364032962 0.000000e+00
-17.8516723219 0.000000e+00
-17.3669413476 0.000000e+00
-16.8822103732 0.000000e+00
-16.3974793989 0.000000e+00
-15.9127484246 0.000000e+00
-15.4280174503 0.000000e+00
-14.943286476 0.000000e+00
-14.4585555017 0.000000e+00
-13.9738245274 0.000000e+00
-13.4890935531 0.000000e+00
-13.0043625788 0.000000e+00
-12.5196316045 0.000000e+00
-12.0349006302 0.000000e+00
-11.5501696558 0.000000e+00
-11.0654386815 0.000000e+00
-10.5807077072 0.000000e+00
-10.0959767329 0.000000e+00
-9.6112457586 0.000000e+00
-9.12651478429 0.000000e+00
-8.64178380999 0.000000e+00
-8.15705283568 0.000000e+00
-7.67232186137 0.000000e+00
-7.18759088706 0.000000e+00
-6.70285991275 0.000000e+00
-6.21812893844 0.000000e+00
-5.73339796413 0.000000e+00
-5.24866698982 0.000000e+00
-4.76393601551 0.000000e+00
-4.2792050412 0.000000e+00
-3.79447406689 0.000000e+00
-3.30974309258 0.000000e+00
-2.82501211827 0.000000e+00
-2.34028114397 0.000000e+00
-1.85555016966 0.000000e+00
-1.37081919535 0.000000e+00
-0.886088221037 0.000000e+00
-0.401357246728 0.000000e+00
0.0833737275812 3.745463e-01
0.56810470189 3.532461e-01
1.0528356762 1.327122e-01
1.53756665051 1.108560e-01
2.02229762482 0.000000e+00
2.50702859913 0.000000e+00
2.99175957344 0.000000e+00
3.47649054775 1.138907e-01
3.96122152206 1.000000e+00
4.44595249636 7.710571e-01
4.93068347067 2.567196e-01
5.41541444498 1.790679e-01
5.90014541929 1.114922e-01
6.3848763936 0.000000e+00
6.86960736791 9.331467e-02
7.35433834222 0.000000e+00
7.83906931653 0.000000e+00
8.32380029084 0.000000e+00
8.80853126515 0.000000e+00
9.29326223946 0.000000e+00
9.77799321377 0.000000e+00
10.2627241881 0.000000e+00
10.7474551624 0.000000e+00
11.2321861367 0.000000e+00
11.716917111 0.000000e+00
12.2016480853 0.000000e+00
12.6863790596 0.000000e+00
13.1711100339 0.000000e+00
13.6558410082 0.000000e+00
14.1405719825 0.000000e+00
14.6253029569 0.000000e+00
15.1100339312 0.000000e+00
15.5947649055 0.000000e+00
16.0794958798 0.000000e+00
16.5642268541 0.000000e+00
17.0489578284 0.000000e+00
17.5336888027 0.000000e+00
18.018419777 0.000000e+00
18.5031507513 0.000000e+00
18.9878817256 0.000000e+00
19.4726127 0.000000e+00
19.9573436743 0.000000e+00
20.4420746486 0.000000e+00
20.9268056229 0.000000e+00
21.4115365972 0.000000e+00
21.8962675715 0.000000e+00
22.3809985458 0.000000e+00
22.8657295201 0.000000e+00
23.3504604944 0.000000e+00
23.8351914687 0.000000e+00
24.319922443 0.000000e+00
24.8046534174 0.000000e+00
25.2893843917 0.000000e+00
25.774115366 0.000000e+00
26.2588463403 0.000000e+00
26.7435773146 0.000000e+00
27.2283082889 0.000000e+00
27.7130392632 0.000000e+00
28.1977702375 0.000000e+00
28.6825012118 0.000000e+00
29.1672321861 0.000000e+00
29.6519631604 0.000000e+00
30.1366941348 0.000000e+00
30.6214251091 0.000000e+00
31.1061560834 0.000000e+00
31.5908870577 0.000000e+00
32.075618032 0.000000e+00
32.5603490063 0.000000e+00
33.0450799806 0.000000e+00
33.5298109549 0.000000e+00
34.0145419292 0.000000e+00
34.4992729035 0.000000e+00
34.9840038778 0.000000e+00
35.4687348522 0.000000e+00
35.9534658265 0.000000e+00
36.4381968008 0.000000e+00
36.9229277751 0.000000e+00
37.4076587494 0.000000e+00
37.8923897237 0.000000e+00
38.377120698 0.000000e+00
38.8618516723 0.000000e+00
39.3465826466 0.000000e+00
39.8313136209 0.000000e+00
40.3160445952 0.000000e+00
40.8007755696 0.000000e+00
41.2855065439 0.000000e+00
41.7702375182 0.000000e+00
42.2549684925 0.000000e+00
42.7396994668 0.000000e+00
43.2244304411 0.000000e+00
43.7091614154 0.000000e+00
44.1938923897 0.000000e+00
44.678623364 0.000000e+00
45.1633543383 0.000000e+00
45.6480853127 0.000000e+00
46.132816287 0.000000e+00
46.6175472613 0.000000e+00
47.1022782356 0.000000e+00
47.5870092099 0.000000e+00
48.0717401842 0.000000e+00
48.5564711585 0.000000e+00
49.0412021328 0.000000e+00
49.5259331071 0.000000e+00
50.0106640814 0.000000e+00
50.4953950557 0.000000e+00
50.9801260301 0.000000e+00
51.4648570044 0.000000e+00
51.9495879787 0.000000e+00
52.434318953 0.000000e+00
52.9190499273 0.000000e+00
53.4037809016 0.000000e+00
53.8885118759 0.000000e+00
54.3732428502 0.000000e+00
54.8579738245 0.000000e+00
55.3427047988 0.000000e+00
55.8274357731 0.000000e+00
56.3121667475 0.000000e+00
56.7968977218 0.000000e+00
57.2816286961 0.000000e+00
57.7663596704 0.000000e+00
58.2510906447 0.000000e+00
58.735821619 0.000000e+00
59.2205525933 0.000000e+00
59.7052835676 0.000000e+00
60.1900145419 0.000000e+00
60.6747455162 0.000000e+00
61.1594764905 0.000000e+00
61.6442074649 0.000000e+00
62.1289384392 0.000000e+00
62.6136694135 0.000000e+00
63.0984003878 0.000000e+00
63.5831313621 0.000000e+00
64.0678623364 0.000000e+00
64.5525933107 0.000000e+00
65.037324285 0.000000e+00
65.5220552593 0.000000e+00
66.0067862336 0.000000e+00
66.4915172079 0.000000e+00
66.9762481823 0.000000e+00
67.4609791566 0.000000e+00
67.9457101309 0.000000e+00
68.4304411052 0.000000e+00
68.9151720795 0.000000e+00
69.3999030538 0.000000e+00
69.8846340281 0.000000e+00
70.3693650024 0.000000e+00
70.8540959767 0.000000e+00
71.338826951 0.000000e+00
71.8235579254 0.000000e+00
72.3082888997 0.000000e+00
72.793019874 0.000000e+00
73.2777508483 0.000000e+00
73.7624818226 0.000000e+00
74.2472127969 0.000000e+00
74.7319437712 0.000000e+00
75.2166747455 0.000000e+00
75.7014057198 0.000000e+00
76.1861366941 0.000000e+00
76.6708676684 0.000000e+00
77.1555986428 0.000000e+00
77.6403296171 0.000000e+00
78.1250605914 0.000000e+00
78.6097915657 0.000000e+00
79.09452254 0.000000e+00
79.5792535143 0.000000e+00
80.0639844886 0.000000e+00
80.5487154629 0.000000e+00
81.0334464372 0.000000e+00
81.5181774115 0.000000e+00
82.0029083858 0.000000e+00
82.4876393602 0.000000e+00
82.9723703345 0.000000e+00
83.4571013088 0.000000e+00
83.9418322831 0.000000e+00
84.4265632574 0.000000e+00
84.9112942317 0.000000e+00
85.396025206 0.000000e+00
85.8807561803 0.000000e+00
86.3654871546 0.000000e+00
86.8502181289 0.000000e+00
87.3349491032 0.000000e+00
87.8196800776 0.000000e+00
88.3044110519 0.000000e+00
88.7891420262 0.000000e+00
89.2738730005 0.000000e+00
89.7586039748 0.000000e+00
90.2433349491 0.000000e+00
90.7280659234 0.000000e+00
91.2127968977 0.000000e+00
91.697527872 0.000000e+00
92.1822588463 0.000000e+00
92.6669898206 0.000000e+00
93.151720795 0.000000e+00
93.6364517693 0.000000e+00
94.1211827436 0.000000e+00
94.6059137179 0.000000e+00
95.0906446922 0.000000e+00
95.5753756665 0.000000e+00
96.0601066408 0.000000e+00
96.5448376151 0.000000e+00
97.0295685894 0.000000e+00
97.5142995637 0.000000e+00
97.9990305381 0.000000e+00
98.4837615124 0.000000e+00
98.9684924867 0.000000e+00
99.453223461 0.000000e+00
99.9379544353 0.000000e+00
100.42268541 0.000000e+00
100.907416384 0.000000e+00
101.392147358 0.000000e+00
101.876878333 0.000000e+00
102.361609307 0.000000e+00
102.846340281 0.000000e+00
103.331071255 0.000000e+00
103.81580223 0.000000e+00
104.300533204 0.000000e+00
104.785264178 0.000000e+00
105.269995153 0.000000e+00
105.754726127 0.000000e+00
106.239457101 0.000000e+00
106.724188076 0.000000e+00
107.20891905 0.000000e+00
107.693650024 0.000000e+00
108.178380999 0.000000e+00
108.663111973 0.000000e+00
109.147842947 0.000000e+00
109.632573921 0.000000e+00
110.117304896 0.000000e+00
110.60203587 0.000000e+00
111.086766844 0.000000e+00
111.571497819 0.000000e+00
112.056228793 0.000000e+00
112.540959767 0.000000e+00
113.025690742 0.000000e+00
113.510421716 0.000000e+00
113.99515269 0.000000e+00
114.479883665 0.000000e+00
114.964614639 0.000000e+00
115.449345613 0.000000e+00
115.934076587 0.000000e+00
116.418807562 0.000000e+00
116.903538536 0.000000e+00
117.38826951 0.000000e+00
117.873000485 0.000000e+00
118.357731459 0.000000e+00
118.842462433 0.000000e+00
119.327193408 0.000000e+00
119.811924382 0.000000e+00
120.296655356 0.000000e+00
120.781386331 0.000000e+00
121.266117305 0.000000e+00
121.750848279 0.000000e+00
122.235579254 0.000000e+00
122.720310228 0.000000e+00
123.205041202 0.000000e+00
123.689772176 0.000000e+00
124.174503151 0.000000e+00
124.659234125 0.000000e+00
125.143965099 0.000000e+00
125.628696074 0.000000e+00
126.113427048 0.000000e+00
126.598158022 0.000000e+00
127.082888997 0.000000e+00
127.567619971 0.000000e+00
128.052350945 0.000000e+00
128.53708192 0.000000e+00
129.021812894 0.000000e+00
129.506543868 0.000000e+00
129.991274842 0.000000e+00
130.476005817 0.000000e+00
130.960736791 0.000000e+00
131.445467765 0.000000e+00
131.93019874 0.000000e+00
132.414929714 0.000000e+00
132.899660688 0.000000e+00
133.384391663 0.000000e+00
133.869122637 0.000000e+00
134.353853611 0.000000e+00
134.838584586 0.000000e+00
135.32331556 0.000000e+00
135.808046534 0.000000e+00
136.292777508 0.000000e+00
136.777508483 0.000000e+00
137.262239457 0.000000e+00
137.746970431 0.000000e+00
138.231701406 0.000000e+00
138.71643238 0.000000e+00
139.201163354 0.000000e+00
139.685894329 0.000000e+00
140.170625303 0.000000e+00
140.655356277 0.000000e+00
141.140087252 0.000000e+00
141.624818226 0.000000e+00
142.1095492 0.000000e+00
142.594280175 0.000000e+00
143.079011149 0.000000e+00
143.563742123 0.000000e+00
144.048473097 0.000000e+00
144.533204072 0.000000e+00
145.017935046 0.000000e+00
145.50266602 0.000000e+00
145.987396995 0.000000e+00
146.472127969 0.000000e+00
146.956858943 0.000000e+00
147.441589918 0.000000e+00
147.926320892 0.000000e+00
148.411051866 0.000000e+00
148.895782841 0.000000e+00
149.380513815 0.000000e+00
149.865244789 0.000000e+00
150.349975763 0.000000e+00
150.834706738 0.000000e+00
151.319437712 0.000000e+00
151.804168686 0.000000e+00
152.288899661 0.000000e+00
152.773630635 0.000000e+00
153.258361609 0.000000e+00
153.743092584 0.000000e+00
154.227823558 0.000000e+00
154.712554532 0.000000e+00
155.197285507 0.000000e+00
155.682016481 0.000000e+00
156.166747455 0.000000e+00
156.651478429 0.000000e+00
157.136209404 0.000000e+00
157.620940378 0.000000e+00
158.105671352 0.000000e+00
158.590402327 0.000000e+00
159.075133301 0.000000e+00
159.559864275 0.000000e+00
160.04459525 0.000000e+00
160.529326224 0.000000e+00
161.014057198 0.000000e+00
161.498788173 0.000000e+00
161.983519147 0.000000e+00
162.468250121 0.000000e+00
162.952981095 0.000000e+00
163.43771207 0.000000e+00
163.922443044 0.000000e+00
164.407174018 0.000000e+00
164.891904993 0.000000e+00
165.376635967 0.000000e+00
165.861366941 0.000000e+00
166.346097916 0.000000e+00
166.83082889 0.000000e+00
167.315559864 0.000000e+00
167.800290839 0.000000e+00
168.285021813 0.000000e+00
168.769752787 0.000000e+00
169.254483762 0.000000e+00
169.739214736 0.000000e+00
170.22394571 0.000000e+00
170.708676684 0.000000e+00
171.193407659 0.000000e+00
171.678138633 0.000000e+00
172.162869607 0.000000e+00
172.647600582 0.000000e+00
173.132331556 0.000000e+00
173.61706253 0.000000e+00
174.101793505 0.000000e+00
174.586524479 0.000000e+00
175.071255453 0.000000e+00
175.555986428 0.000000e+00
176.040717402 0.000000e+00
176.525448376 0.000000e+00
177.01017935 0.000000e+00
177.494910325 0.000000e+00
177.979641299 0.000000e+00
178.464372273 0.000000e+00
178.949103248 0.000000e+00
179.433834222 0.000000e+00
179.918565196 0.000000e+00
180.403296171 0.000000e+00
180.888027145 0.000000e+00
181.372758119 0.000000e+00
181.857489094 0.000000e+00
182.342220068 0.000000e+00
182.826951042 0.000000e+00
183.311682016 0.000000e+00
183.796412991 0.000000e+00
184.281143965 0.000000e+00
184.765874939 0.000000e+00
185.250605914 0.000000e+00
185.735336888 0.000000e+00
186.220067862 0.000000e+00
186.704798837 0.000000e+00
187.189529811 0.000000e+00
187.674260785 0.000000e+00
188.15899176 0.000000e+00
188.643722734 0.000000e+00
189.128453708 0.000000e+00
189.613184683 0.000000e+00
190.097915657 0.000000e+00
190.582646631 0.000000e+00
191.067377605 0.000000e+00
191.55210858 0.000000e+00
192.036839554 0.000000e+00
192.521570528 0.000000e+00
193.006301503 0.000000e+00
193.491032477 0.000000e+00
193.975763451 0.000000e+00
194.460494426 0.000000e+00
194.9452254 0.000000e+00
195.429956374 0.000000e+00
195.914687349 0.000000e+00
196.399418323 0.000000e+00
196.884149297 0.000000e+00
197.368880271 0.000000e+00
197.853611246 0.000000e+00
198.33834222 0.000000e+00
198.823073194 0.000000e+00
199.307804169 0.000000e+00
199.792535143 0.000000e+00
200.277266117 0.000000e+00
200.761997092 0.000000e+00
201.246728066 0.000000e+00
201.73145904 0.000000e+00
202.216190015 0.000000e+00
202.700920989 0.000000e+00
203.185651963 0.000000e+00
203.670382937 0.000000e+00
204.155113912 0.000000e+00
204.639844886 0.000000e+00
205.12457586 0.000000e+00
205.609306835 0.000000e+00
206.094037809 0.000000e+00
206.578768783 0.000000e+00
207.063499758 0.000000e+00
207.548230732 0.000000e+00
208.032961706 0.000000e+00
208.517692681 0.000000e+00
209.002423655 0.000000e+00
209.487154629 0.000000e+00
209.971885603 0.000000e+00
210.456616578 0.000000e+00
210.941347552 0.000000e+00
211.426078526 0.000000e+00
211.910809501 0.000000e+00
212.395540475 0.000000e+00
212.880271449 0.000000e+00
213.365002424 0.000000e+00
213.849733398 0.000000e+00
214.334464372 0.000000e+00
214.819195347 0.000000e+00
215.303926321 0.000000e+00
215.788657295 0.000000e+00
216.27338827 0.000000e+00
216.758119244 0.000000e+00
217.242850218 0.000000e+00
217.727581192 0.000000e+00
218.212312167 0.000000e+00
218.697043141 0.000000e+00
219.181774115 0.000000e+00
219.66650509 0.000000e+00
220.151236064 0.000000e+00
220.635967038 0.000000e+00
221.120698013 0.000000e+00
221.605428987 0.000000e+00
222.090159961 0.000000e+00
222.574890936 0.000000e+00
223.05962191 0.000000e+00
223.544352884 0.000000e+00
224.029083858 0.000000e+00
224.513814833 0.000000e+00
224.998545807 0.000000e+00
225.483276781 0.000000e+00
225.968007756 0.000000e+00
226.45273873 0.000000e+00
226.937469704 0.000000e+00
227.422200679 0.000000e+00
227.906931653 0.000000e+00
228.391662627 0.000000e+00
228.876393602 0.000000e+00
229.361124576 0.000000e+00
229.84585555 0.000000e+00
230.330586524 0.000000e+00
230.815317499 0.000000e+00
231.300048473 0.000000e+00
231.784779447 0.000000e+00
232.269510422 0.000000e+00
232.754241396 0.000000e+00
233.23897237 0.000000e+00
233.723703345 0.000000e+00
234.208434319 0.000000e+00
234.693165293 0.000000e+00
235.177896268 0.000000e+00
235.662627242 0.000000e+00
236.147358216 0.000000e+00
236.63208919 0.000000e+00
237.116820165 0.000000e+00
237.601551139 0.000000e+00
238.086282113 0.000000e+00
238.571013088 0.000000e+00
239.055744062 0.000000e+00
239.540475036 0.000000e+00
240.025206011 0.000000e+00
240.509936985 0.000000e+00
240.994667959 0.000000e+00
241.479398934 0.000000e+00
241.964129908 0.000000e+00
242.448860882 0.000000e+00
242.933591857 0.000000e+00
243.418322831 0.000000e+00
243.903053805 0.000000e+00
244.387784779 0.000000e+00
244.872515754 0.000000e+00
245.357246728 0.000000e+00
245.841977702 0.000000e+00
246.326708677 0.000000e+00
246.811439651 0.000000e+00
247.296170625 0.000000e+00
247.7809016 0.000000e+00
248.265632574 0.000000e+00
248.750363548 0.000000e+00
249.235094523 0.000000e+00
249.719825497 0.000000e+00
250.204556471 0.000000e+00
250.689287445 0.000000e+00
251.17401842 0.000000e+00
251.658749394 0.000000e+00
252.143480368 0.000000e+00
252.628211343 0.000000e+00
253.112942317 0.000000e+00
253.597673291 0.000000e+00
254.082404266 0.000000e+00
254.56713524 0.000000e+00
255.051866214 0.000000e+00
255.536597189 0.000000e+00
256.021328163 0.000000e+00
256.506059137 0.000000e+00
256.990790111 0.000000e+00
257.475521086 0.000000e+00
257.96025206 0.000000e+00
258.444983034 0.000000e+00
258.929714009 0.000000e+00
259.414444983 0.000000e+00
259.899175957 0.000000e+00
260.383906932 0.000000e+00
260.868637906 0.000000e+00
261.35336888 0.000000e+00
261.838099855 0.000000e+00
262.322830829 0.000000e+00
262.807561803 0.000000e+00
263.292292778 0.000000e+00
263.777023752 0.000000e+00
264.261754726 0.000000e+00
264.7464857 0.000000e+00
265.231216675 0.000000e+00
265.715947649 0.000000e+00
266.200678623 0.000000e+00
266.685409598 0.000000e+00
267.170140572 0.000000e+00
267.654871546 0.000000e+00
268.139602521 0.000000e+00
268.624333495 0.000000e+00
269.109064469 0.000000e+00
269.593795444 0.000000e+00
270.078526418 0.000000e+00
270.563257392 0.000000e+00
271.047988366 0.000000e+00
271.532719341 0.000000e+00
272.017450315 0.000000e+00
272.502181289 0.000000e+00
272.986912264 0.000000e+00
273.471643238 0.000000e+00
273.956374212 0.000000e+00
274.441105187 0.000000e+00
274.925836161 0.000000e+00
275.410567135 0.000000e+00
275.89529811 0.000000e+00
276.380029084 0.000000e+00
276.864760058 0.000000e+00
277.349491032 0.000000e+00
277.834222007 0.000000e+00
278.318952981 0.000000e+00
278.803683955 0.000000e+00
279.28841493 0.000000e+00
279.773145904 0.000000e+00
280.257876878 0.000000e+00
280.742607853 0.000000e+00
281.227338827 0.000000e+00
281.712069801 0.000000e+00
282.196800776 0.000000e+00
282.68153175 0.000000e+00
283.166262724 0.000000e+00
283.650993698 0.000000e+00
284.135724673 0.000000e+00
284.620455647 0.000000e+00
285.105186621 0.000000e+00
285.589917596 0.000000e+00
286.07464857 0.000000e+00
286.559379544 0.000000e+00
287.044110519 0.000000e+00
287.528841493 0.000000e+00
288.013572467 0.000000e+00
288.498303442 0.000000e+00
288.983034416 0.000000e+00
289.46776539 0.000000e+00
289.952496365 0.000000e+00
290.437227339 0.000000e+00
290.921958313 0.000000e+00
291.406689287 0.000000e+00
291.891420262 0.000000e+00
292.376151236 0.000000e+00
292.86088221 0.000000e+00
293.345613185 0.000000e+00
293.830344159 0.000000e+00
294.315075133 0.000000e+00
294.799806108 0.000000e+00
295.284537082 0.000000e+00
295.769268056 0.000000e+00
296.253999031 0.000000e+00
296.738730005 0.000000e+00
297.223460979 0.000000e+00
297.708191953 0.000000e+00
298.192922928 0.000000e+00
298.677653902 0.000000e+00
299.162384876 0.000000e+00
299.647115851 0.000000e+00
300.131846825 0.000000e+00
300.616577799 0.000000e+00
301.101308774 0.000000e+00
301.586039748 0.000000e+00
302.070770722 0.000000e+00
302.555501697 0.000000e+00
303.040232671 0.000000e+00
303.524963645 0.000000e+00
304.009694619 0.000000e+00
304.494425594 0.000000e+00
304.979156568 0.000000e+00
305.463887542 0.000000e+00
305.948618517 0.000000e+00
306.433349491 0.000000e+00
306.918080465 0.000000e+00
307.40281144 0.000000e+00
307.887542414 0.000000e+00
308.372273388 0.000000e+00
308.857004363 0.000000e+00
309.341735337 0.000000e+00
309.826466311 0.000000e+00
310.311197286 0.000000e+00
310.79592826 0.000000e+00
311.280659234 0.000000e+00
311.765390208 0.000000e+00
312.250121183 0.000000e+00
312.734852157 0.000000e+00
313.219583131 0.000000e+00
313.704314106 0.000000e+00
314.18904508 0.000000e+00
314.673776054 0.000000e+00
315.158507029 0.000000e+00
315.643238003 0.000000e+00
316.127968977 0.000000e+00
316.612699952 0.000000e+00
317.097430926 0.000000e+00
317.5821619 0.000000e+00
318.066892874 0.000000e+00
318.551623849 0.000000e+00
319.036354823 0.000000e+00
319.521085797 0.000000e+00
320.005816772 0.000000e+00
320.490547746 0.000000e+00
320.97527872 0.000000e+00
321.460009695 0.000000e+00
321.944740669 0.000000e+00
322.429471643 0.000000e+00
322.914202618 0.000000e+00
323.398933592 0.000000e+00
323.883664566 0.000000e+00
324.36839554 0.000000e+00
324.853126515 0.000000e+00
325.337857489 0.000000e+00
325.822588463 0.000000e+00
326.307319438 0.000000e+00
326.792050412 0.000000e+00
327.276781386 0.000000e+00
327.761512361 0.000000e+00
328.246243335 0.000000e+00
328.730974309 0.000000e+00
329.215705284 0.000000e+00
329.700436258 0.000000e+00
330.185167232 0.000000e+00
330.669898206 0.000000e+00
331.154629181 0.000000e+00
331.639360155 0.000000e+00
332.124091129 0.000000e+00
332.608822104 0.000000e+00
333.093553078 0.000000e+00
333.578284052 0.000000e+00
334.063015027 0.000000e+00
334.547746001 0.000000e+00
335.032476975 0.000000e+00
335.51720795 0.000000e+00
336.001938924 0.000000e+00
336.486669898 0.000000e+00
336.971400873 0.000000e+00
337.456131847 0.000000e+00
337.940862821 0.000000e+00
338.425593795 0.000000e+00
338.91032477 0.000000e+00
339.395055744 0.000000e+00
339.879786718 0.000000e+00
340.364517693 0.000000e+00
340.849248667 0.000000e+00
341.333979641 0.000000e+00
341.818710616 0.000000e+00
342.30344159 0.000000e+00
342.788172564 0.000000e+00
343.272903539 0.000000e+00
343.757634513 0.000000e+00
344.242365487 0.000000e+00
344.727096461 0.000000e+00
345.211827436 0.000000e+00
345.69655841 0.000000e+00
346.181289384 0.000000e+00
346.666020359 0.000000e+00
347.150751333 0.000000e+00
347.635482307 0.000000e+00
348.120213282 0.000000e+00
348.604944256 0.000000e+00
349.08967523 0.000000e+00
349.574406205 0.000000e+00
350.059137179 0.000000e+00
350.543868153 0.000000e+00
351.028599127 0.000000e+00
351.513330102 0.000000e+00
351.998061076 0.000000e+00
352.48279205 0.000000e+00
352.967523025 0.000000e+00
353.452253999 0.000000e+00
353.936984973 0.000000e+00
354.421715948 0.000000e+00
354.906446922 0.000000e+00
355.391177896 0.000000e+00
355.875908871 0.000000e+00
356.360639845 0.000000e+00
356.845370819 0.000000e+00
357.330101794 0.000000e+00
357.814832768 0.000000e+00
358.299563742 0.000000e+00
358.784294716 0.000000e+00
359.269025691 0.000000e+00
359.753756665 0.000000e+00
360.238487639 0.000000e+00
360.723218614 0.000000e+00
361.207949588 0.000000e+00
361.692680562 0.000000e+00
362.177411537 0.000000e+00
362.662142511 0.000000e+00
363.146873485 0.000000e+00
363.63160446 0.000000e+00
364.116335434 0.000000e+00
364.601066408 0.000000e+00
365.085797382 0.000000e+00
365.570528357 0.000000e+00
366.055259331 0.000000e+00
366.539990305 0.000000e+00
367.02472128 0.000000e+00
367.509452254 0.000000e+00
367.994183228 0.000000e+00
368.478914203 0.000000e+00
368.963645177 0.000000e+00
369.448376151 0.000000e+00
369.933107126 0.000000e+00
370.4178381 0.000000e+00
370.902569074 0.000000e+00
371.387300048 0.000000e+00
371.872031023 0.000000e+00
372.356761997 0.000000e+00
372.841492971 0.000000e+00
373.326223946 0.000000e+00
373.81095492 0.000000e+00
374.295685894 0.000000e+00
374.780416869 0.000000e+00
375.265147843 0.000000e+00
375.749878817 0.000000e+00
376.234609792 0.000000e+00
376.719340766 0.000000e+00
377.20407174 0.000000e+00
377.688802714 0.000000e+00
378.173533689 0.000000e+00
378.658264663 0.000000e+00
379.142995637 0.000000e+00
379.627726612 0.000000e+00
380.112457586 0.000000e+00
380.59718856 0.000000e+00
381.081919535 0.000000e+00
381.566650509 0.000000e+00
382.051381483 0.000000e+00
382.536112458 0.000000e+00
383.020843432 0.000000e+00
383.505574406 0.000000e+00
383.990305381 0.000000e+00
384.475036355 0.000000e+00
384.959767329 0.000000e+00
385.444498303 0.000000e+00
385.929229278 0.000000e+00
386.413960252 0.000000e+00
386.898691226 0.000000e+00
387.383422201 0.000000e+00
387.868153175 0.000000e+00
388.352884149 0.000000e+00
388.837615124 0.000000e+00
389.322346098 0.000000e+00
389.807077072 0.000000e+00
390.291808047 0.000000e+00
390.776539021 0.000000e+00
391.261269995 0.000000e+00
391.746000969 0.000000e+00
392.230731944 0.000000e+00
392.715462918 0.000000e+00
393.200193892 0.000000e+00
393.684924867 0.000000e+00
394.169655841 0.000000e+00
394.654386815 0.000000e+00
395.13911779 0.000000e+00
395.623848764 0.000000e+00
396.108579738 0.000000e+00
396.593310713 0.000000e+00
397.078041687 0.000000e+00
397.562772661 0.000000e+00
398.047503635 0.000000e+00
398.53223461 0.000000e+00
399.016965584 0.000000e+00
399.501696558 0.000000e+00
399.986427533 0.000000e+00
400.471158507 0.000000e+00
400.955889481 0.000000e+00
401.440620456 0.000000e+00
401.92535143 0.000000e+00
402.410082404 0.000000e+00
402.894813379 0.000000e+00
403.379544353 0.000000e+00
403.864275327 0.000000e+00
404.349006302 0.000000e+00
404.833737276 0.000000e+00
405.31846825 0.000000e+00
405.803199224 0.000000e+00
406.287930199 0.000000e+00
406.772661173 0.000000e+00
407.257392147 0.000000e+00
407.742123122 0.000000e+00
408.226854096 0.000000e+00
408.71158507 0.000000e+00
409.196316045 0.000000e+00
409.681047019 0.000000e+00
410.165777993 0.000000e+00
410.650508968 0.000000e+00
411.135239942 0.000000e+00
411.619970916 0.000000e+00
412.10470189 0.000000e+00
412.589432865 0.000000e+00
413.074163839 0.000000e+00
413.558894813 0.000000e+00
414.043625788 0.000000e+00
414.528356762 0.000000e+00
415.013087736 0.000000e+00
415.497818711 0.000000e+00
415.982549685 0.000000e+00
416.467280659 0.000000e+00
416.952011634 0.000000e+00
417.436742608 0.000000e+00
417.921473582 0.000000e+00
418.406204556 0.000000e+00
418.890935531 0.000000e+00
419.375666505 0.000000e+00
419.860397479 0.000000e+00
420.345128454 0.000000e+00
420.829859428 0.000000e+00
421.314590402 0.000000e+00
421.799321377 0.000000e+00
422.284052351 0.000000e+00
422.768783325 0.000000e+00
423.2535143 0.000000e+00
423.738245274 0.000000e+00
424.222976248 0.000000e+00
424.707707222 0.000000e+00
425.192438197 0.000000e+00
425.677169171 0.000000e+00
426.161900145 0.000000e+00
426.64663112 0.000000e+00
427.131362094 0.000000e+00
427.616093068 0.000000e+00
428.100824043 0.000000e+00
428.585555017 0.000000e+00
429.070285991 0.000000e+00
429.555016966 0.000000e+00
430.03974794 0.000000e+00
430.524478914 0.000000e+00
431.009209889 0.000000e+00
431.493940863 0.000000e+00
431.978671837 0.000000e+00
432.463402811 0.000000e+00
432.948133786 0.000000e+00
433.43286476 0.000000e+00
433.917595734 0.000000e+00
434.402326709 0.000000e+00
434.887057683 0.000000e+00
435.371788657 0.000000e+00
435.856519632 0.000000e+00
436.341250606 0.000000e+00
436.82598158 0.000000e+00
437.310712555 0.000000e+00
437.795443529 0.000000e+00
438.280174503 0.000000e+00
438.764905477 0.000000e+00
439.249636452 0.000000e+00
439.734367426 0.000000e+00
440.2190984 0.000000e+00
440.703829375 0.000000e+00
441.188560349 0.000000e+00
441.673291323 0.000000e+00
442.158022298 0.000000e+00
442.642753272 0.000000e+00
443.127484246 0.000000e+00
443.612215221 0.000000e+00
444.096946195 0.000000e+00
444.581677169 0.000000e+00
445.066408143 0.000000e+00
445.551139118 0.000000e+00
446.035870092 0.000000e+00
446.520601066 0.000000e+00
447.005332041 0.000000e+00
447.490063015 0.000000e+00
447.974793989 0.000000e+00
448.459524964 0.000000e+00
448.944255938 0.000000e+00
449.428986912 0.000000e+00
449.913717887 0.000000e+00
450.398448861 0.000000e+00
450.883179835 0.000000e+00
451.36791081 0.000000e+00
451.852641784 0.000000e+00
452.337372758 0.000000e+00
452.822103732 0.000000e+00
453.306834707 0.000000e+00
453.791565681 0.000000e+00
454.276296655 0.000000e+00
454.76102763 0.000000e+00
455.245758604 0.000000e+00
455.730489578 0.000000e+00
456.215220553 0.000000e+00
456.699951527 0.000000e+00
457.184682501 0.000000e+00
457.669413476 0.000000e+00
458.15414445 0.000000e+00
458.638875424 0.000000e+00
459.123606398 0.000000e+00
459.608337373 0.000000e+00
460.093068347 0.000000e+00
460.577799321 0.000000e+00
461.062530296 0.000000e+00
461.54726127 0.000000e+00
462.031992244 0.000000e+00
462.516723219 0.000000e+00
463.001454193 0.000000e+00
463.486185167 0.000000e+00
463.970916142 0.000000e+00
464.455647116 0.000000e+00
464.94037809 0.000000e+00
465.425109064 0.000000e+00
465.909840039 0.000000e+00
466.394571013 0.000000e+00
467.394571013 0.0
468.394571013 0.0
469.394571013 0.0
470.394571013 0.0
471.394571013 0.0
472.394571013 0.0
473.394571013 0.0
474.394571013 0.0
475.394571013 0.0
476.394571013 0.0
477.394571013 0.0
478.394571013 0.0
479.394571013 0.0
480.394571013 0.0
481.394571013 0.0
482.394571013 0.0
483.394571013 0.0
484.394571013 0.0
485.394571013 0.0
486.394571013 0.0
487.394571013 0.0
488.394571013 0.0
489.394571013 0.0
490.394571013 0.0
491.394571013 0.0
492.394571013 0.0
493.394571013 0.0
494.394571013 0.0
495.394571013 0.0
496.394571013 0.0
497.394571013 0.0
498.394571013 0.0
499.394571013 0.0
500.394571013 0.0
501.394571013 0.0
502.394571013 0.0
503.394571013 0.0
504.394571013 0.0
505.394571013 0.0
506.394571013 0.0
507.394571013 0.0
508.394571013 0.0
509.394571013 0.0
510.394571013 0.0
511.394571013 0.0
512.394571013 0.0
513.394571013 0.0
514.394571013 0.0
515.394571013 0.0
516.394571013 0.0
517.394571013 0.0
518.394571013 0.0
519.394571013 0.0
520.394571013 0.0
521.394571013 0.0
522.394571013 0.0
523.394571013 0.0
524.394571013 0.0
525.394571013 0.0
526.394571013 0.0
527.394571013 0.0
528.394571013 0.0
529.394571013 0.0
530.394571013 0.0
531.394571013 0.0
532.394571013 0.0
533.394571013 0.0
534.394571013 0.0
535.394571013 0.0
536.394571013 0.0
537.394571013 0.0
538.394571013 0.0
539.394571013 0.0
540.394571013 0.0
541.394571013 0.0
542.394571013 0.0
543.394571013 0.0
544.394571013 0.0
545.394571013 0.0
546.394571013 0.0
547.394571013 0.0
548.394571013 0.0
549.394571013 0.0
550.394571013 0.0
551.394571013 0.0
552.394571013 0.0
553.394571013 0.0
554.394571013 0.0
555.394571013 0.0
556.394571013 0.0
557.394571013 0.0
558.394571013 0.0
559.394571013 0.0
560.394571013 0.0
561.394571013 0.0
562.394571013 0.0
563.394571013 0.0
564.394571013 0.0
565.394571013 0.0
566.394571013 0.0
567.394571013 0.0
568.394571013 0.0
569.394571013 0.0
570.394571013 0.0
571.394571013 0.0
572.394571013 0.0
573.394571013 0.0
574.394571013 0.0
575.394571013 0.0
576.394571013 0.0
577.394571013 0.0
578.394571013 0.0
579.394571013 0.0
580.394571013 0.0
581.394571013 0.0
582.394571013 0.0
583.394571013 0.0
584.394571013 0.0
585.394571013 0.0
586.394571013 0.0
587.394571013 0.0
588.394571013 0.0
589.394571013 0.0
590.394571013 0.0
591.394571013 0.0
592.394571013 0.0
593.394571013 0.0
594.394571013 0.0
595.394571013 0.0
596.394571013 0.0
597.394571013 0.0
598.394571013 0.0
599.394571013 0.0
600.394571013 0.0
601.394571013 0.0
602.394571013 0.0
603.394571013 0.0
604.394571013 0.0
605.394571013 0.0
606.394571013 0.0
607.394571013 0.0
608.394571013 0.0
609.394571013 0.0
610.394571013 0.0
611.394571013 0.0
612.394571013 0.0
613.394571013 0.0
614.394571013 0.0
615.394571013 0.0
616.394571013 0.0
617.394571013 0.0
618.394571013 0.0
619.394571013 0.0
620.394571013 0.0
621.394571013 0.0
622.394571013 0.0
623.394571013 0.0
624.394571013 0.0
625.394571013 0.0
626.394571013 0.0
627.394571013 0.0
628.394571013 0.0
629.394571013 0.0
630.394571013 0.0
631.394571013 0.0
632.394571013 0.0
633.394571013 0.0
634.394571013 0.0
635.394571013 0.0
636.394571013 0.0
637.394571013 0.0
638.394571013 0.0
639.394571013 0.0
640.394571013 0.0
641.394571013 0.0
642.394571013 0.0
643.394571013 0.0
644.394571013 0.0
645.394571013 0.0
646.394571013 0.0
647.394571013 0.0
648.394571013 0.0
649.394571013 0.0
650.394571013 0.0
651.394571013 0.0
652.394571013 0.0
653.394571013 0.0
654.394571013 0.0
655.394571013 0.0
656.394571013 0.0
657.394571013 0.0
658.394571013 0.0
659.394571013 0.0
660.394571013 0.0
661.394571013 0.0
662.394571013 0.0
663.394571013 0.0
664.394571013 0.0
665.394571013 0.0
666.394571013 0.0
667.394571013 0.0
668.394571013 0.0
669.394571013 0.0
670.394571013 0.0
671.394571013 0.0
672.394571013 0.0
673.394571013 0.0
674.394571013 0.0
675.394571013 0.0
676.394571013 0.0
677.394571013 0.0
678.394571013 0.0
679.394571013 0.0
680.394571013 0.0
681.394571013 0.0
682.394571013 0.0
683.394571013 0.0
684.394571013 0.0
685.394571013 0.0
686.394571013 0.0
687.394571013 0.0
688.394571013 0.0
689.394571013 0.0
690.394571013 0.0
691.394571013 0.0
692.394571013 0.0
693.394571013 0.0
694.394571013 0.0
695.394571013 0.0
696.394571013 0.0
697.394571013 0.0
698.394571013 0.0
699.394571013 0.0
700.394571013 0.0
701.394571013 0.0
702.394571013 0.0
703.394571013 0.0
704.394571013 0.0
705.394571013 0.0
706.394571013 0.0
707.394571013 0.0
708.394571013 0.0
709.394571013 0.0
710.394571013 0.0
711.394571013 0.0
712.394571013 0.0
713.394571013 0.0
714.394571013 0.0
715.394571013 0.0
716.394571013 0.0
717.394571013 0.0
718.394571013 0.0
719.394571013 0.0
720.394571013 0.0
721.394571013 0.0
722.394571013 0.0
723.394571013 0.0
724.394571013 0.0
725.394571013 0.0
726.394571013 0.0
727.394571013 0.0
728.394571013 0.0
729.394571013 0.0
730.394571013 0.0
731.394571013 0.0
732.394571013 0.0
733.394571013 0.0
734.394571013 0.0
735.394571013 0.0
736.394571013 0.0
737.394571013 0.0
738.394571013 0.0
739.394571013 0.0
740.394571013 0.0
741.394571013 0.0
742.394571013 0.0
743.394571013 0.0
744.394571013 0.0
745.394571013 0.0
746.394571013 0.0
747.394571013 0.0
748.394571013 0.0
749.394571013 0.0
750.394571013 0.0
751.394571013 0.0
752.394571013 0.0
753.394571013 0.0
754.394571013 0.0
755.394571013 0.0
756.394571013 0.0
757.394571013 0.0
758.394571013 0.0
759.394571013 0.0
760.394571013 0.0
761.394571013 0.0
762.394571013 0.0
763.394571013 0.0
764.394571013 0.0
765.394571013 0.0
766.394571013 0.0
767.394571013 0.0
768.394571013 0.0
769.394571013 0.0
770.394571013 0.0
771.394571013 0.0
772.394571013 0.0
773.394571013 0.0
774.394571013 0.0
775.394571013 0.0
776.394571013 0.0
777.394571013 0.0
778.394571013 0.0
779.394571013 0.0
780.394571013 0.0
781.394571013 0.0
782.394571013 0.0
783.394571013 0.0
784.394571013 0.0
785.394571013 0.0
786.394571013 0.0
787.394571013 0.0
788.394571013 0.0
789.394571013 0.0
790.394571013 0.0
791.394571013 0.0
792.394571013 0.0
793.394571013 0.0
794.394571013 0.0
795.394571013 0.0
796.394571013 0.0
797.394571013 0.0
798.394571013 0.0
799.394571013 0.0
800.394571013 0.0
801.394571013 0.0
802.394571013 0.0
803.394571013 0.0
804.394571013 0.0
805.394571013 0.0
806.394571013 0.0
807.394571013 0.0
808.394571013 0.0
809.394571013 0.0
810.394571013 0.0
811.394571013 0.0
812.394571013 0.0
813.394571013 0.0
814.394571013 0.0
815.394571013 0.0
816.394571013 0.0
817.394571013 0.0
818.394571013 0.0
819.394571013 0.0
820.394571013 0.0
821.394571013 0.0
822.394571013 0.0
823.394571013 0.0
824.394571013 0.0
825.394571013 0.0
826.394571013 0.0
827.394571013 0.0
828.394571013 0.0
829.394571013 0.0
830.394571013 0.0
831.394571013 0.0
832.394571013 0.0
833.394571013 0.0
834.394571013 0.0
835.394571013 0.0
836.394571013 0.0
837.394571013 0.0
838.394571013 0.0
839.394571013 0.0
840.394571013 0.0
841.394571013 0.0
842.394571013 0.0
843.394571013 0.0
844.394571013 0.0
845.394571013 0.0
846.394571013 0.0
847.394571013 0.0
848.394571013 0.0
849.394571013 0.0
850.394571013 0.0
851.394571013 0.0
852.394571013 0.0
853.394571013 0.0
854.394571013 0.0
855.394571013 0.0
856.394571013 0.0
857.394571013 0.0
858.394571013 0.0
859.394571013 0.0
860.394571013 0.0
861.394571013 0.0
862.394571013 0.0
863.394571013 0.0
864.394571013 0.0
865.394571013 0.0
866.394571013 0.0
867.394571013 0.0
868.394571013 0.0
869.394571013 0.0
870.394571013 0.0
871.394571013 0.0
872.394571013 0.0
873.394571013 0.0
874.394571013 0.0
875.394571013 0.0
876.394571013 0.0
877.394571013 0.0
878.394571013 0.0
879.394571013 0.0
880.394571013 0.0
881.394571013 0.0
882.394571013 0.0
883.394571013 0.0
884.394571013 0.0
885.394571013 0.0
886.394571013 0.0
887.394571013 0.0
888.394571013 0.0
889.394571013 0.0
890.394571013 0.0
891.394571013 0.0
892.394571013 0.0
893.394571013 0.0
894.394571013 0.0
895.394571013 0.0
896.394571013 0.0
897.394571013 0.0
898.394571013 0.0
899.394571013 0.0
900.394571013 0.0
901.394571013 0.0
902.394571013 0.0
903.394571013 0.0
904.394571013 0.0
905.394571013 0.0
906.394571013 0.0
907.394571013 0.0
908.394571013 0.0
909.394571013 0.0
910.394571013 0.0
911.394571013 0.0
912.394571013 0.0
913.394571013 0.0
914.394571013 0.0
915.394571013 0.0
916.394571013 0.0
917.394571013 0.0
918.394571013 0.0
919.394571013 0.0
920.394571013 0.0
921.394571013 0.0
922.394571013 0.0
923.394571013 0.0
924.394571013 0.0
925.394571013 0.0
926.394571013 0.0
927.394571013 0.0
928.394571013 0.0
929.394571013 0.0
930.394571013 0.0
931.394571013 0.0
932.394571013 0.0
933.394571013 0.0
934.394571013 0.0
935.394571013 0.0
936.394571013 0.0
937.394571013 0.0
938.394571013 0.0
939.394571013 0.0
940.394571013 0.0
941.394571013 0.0
942.394571013 0.0
943.394571013 0.0
944.394571013 0.0
945.394571013 0.0
946.394571013 0.0
947.394571013 0.0
948.394571013 0.0
949.394571013 0.0
950.394571013 0.0
951.394571013 0.0
952.394571013 0.0
953.394571013 0.0
954.394571013 0.0
955.394571013 0.0
956.394571013 0.0
957.394571013 0.0
958.394571013 0.0
959.394571013 0.0
960.394571013 0.0
961.394571013 0.0
962.394571013 0.0
963.394571013 0.0
964.394571013 0.0
965.394571013 0.0
966.394571013 0.0
