1.9500
1.4436
3.2425
2.8983
0.606
3.9693
1.7102
4.3
5.3
2.6147
1.434
6.295
4.9
2.1995
2.4296
1.059
3.5328
0.785
2.3393
3.9122
0.0331
1.559
1.5026
4.9
5.11
3.2213
3.0749
3.4240
2.7108
1.5320
0.5428
1.9229
1.8836
0.937
5.467
1.2622
0.3463
0.7578
3.4344
1.3145
2.253
2.088
2.3521
2.3384
1.6295
1.4959
0.840
2.0627
1.9588
0.82
2.0865
3.6298
1.35
2.1462
2.4520
4.8
0.8227
2.72
2.0858
2.6419
2.4274
2.0265
0.9382
1.78
1.0301
2.4330
1.1014
0.767
2.6892
1.6403
3.0368
0.8454
2.5914
2.2045
1.5042
3.3604
0.6887
1.6919
1.967
3.8479
0.9787
2.58
2.512
2.0631
2.26
2.77
3.375
3.0
0.345
1.608
0.544
4.109
3.85
1.266
0.54
1.8
3.00
2.452
0.696
1.24
0.971
2.752
3.076
0.490
1.0633
1.398
0.542
2.106
1.44
2.22
2.09
1.728
