0.000000 0.000700
0.010000 0.986500
0.020000 0.976800
0.030000 0.974200
0.040000 0.965600
0.050000 0.960900
0.060000 0.953000
0.070000 0.952600
0.080000 0.942900
0.090000 0.938500
0.100000 0.931800
0.110000 0.936100
0.120000 0.927000
0.130000 0.925800
0.140000 0.914100
0.150000 0.915800
0.160000 0.909200
0.170000 0.902000
0.180000 0.902500
0.190000 0.896300
0.200000 0.899400
0.210000 0.895500
0.220000 0.881200
0.230000 0.878600
0.240000 0.880200
0.250000 0.874400
0.260000 0.874000
0.270000 0.875700
0.280000 0.858600
0.290000 0.856600
0.300000 0.859600
0.310000 0.851900
0.320000 0.846000
0.330000 0.840400
0.340000 0.839200
0.350000 0.828700
0.360000 0.836700
0.370000 0.828800
0.380000 0.827600
0.390000 0.823400
0.400000 0.820800
0.410000 0.814900
0.420000 0.810500
0.430000 0.804600
0.440000 0.796400
0.450000 0.795800
0.460000 0.793700
0.470000 0.786600
0.480000 0.793700
0.490000 0.782700
0.500000 0.779400
0.510000 0.775000
0.520000 0.776200
0.530000 0.774600
0.540000 0.775800
0.550000 0.762400
0.560000 0.758100
0.570000 0.755300
0.580000 0.747000
0.590000 0.748000
0.600000 0.744300
0.610000 0.739100
0.620000 0.736100
0.630000 0.739800
0.640000 0.726300
0.650000 0.716900
0.660000 0.723600
0.670000 0.716700
0.680000 0.714500
0.690000 0.707000
0.700000 0.711800
0.710000 0.707900
0.720000 0.702000
0.730000 0.690100
0.740000 0.706500
0.750000 0.694800
0.760000 0.688800
0.770000 0.691400
0.780000 0.678300
0.790000 0.676400
0.800000 0.675000
0.810000 0.666400
0.820000 0.665500
0.830000 0.664300
0.840000 0.663300
0.850000 0.655900
0.860000 0.654800
0.870000 0.649200
0.880000 0.638600
0.890000 0.634300
0.900000 0.642200
0.910000 0.623300
0.920000 0.618300
0.930000 0.622500
0.940000 0.621200
0.950000 0.610600
0.960000 0.609600
0.970000 0.623600
0.980000 0.612700
0.990000 0.598700
1.000000 0.603700
1.010000 0.600200
1.020000 0.590300
1.030000 0.596600
1.040000 0.581600
1.050000 0.579200
1.060000 0.589600
1.070000 0.574600
1.080000 0.565100
1.090000 0.570400
1.100000 0.559100
1.110000 0.559100
1.120000 0.546400
1.130000 0.552100
1.140000 0.556700
1.150000 0.532900
1.160000 0.548400
1.170000 0.529200
1.180000 0.533100
1.190000 0.528000
1.200000 0.516400
1.210000 0.527700
1.220000 0.518700
1.230000 0.514400
1.240000 0.501700
1.250000 0.510600
1.260000 0.505800
1.270000 0.501500
1.280000 0.491300
1.290000 0.495400
1.300000 0.495300
1.310000 0.490100
1.320000 0.482300
1.330000 0.478800
1.340000 0.478400
1.350000 0.469900
1.360000 0.472100
1.370000 0.465700
1.380000 0.461100
1.390000 0.461300
1.400000 0.449200
1.410000 0.453500
1.420000 0.448600
1.430000 0.459600
1.440000 0.437900
1.450000 0.444500
1.460000 0.437600
1.470000 0.436000
1.480000 0.432300
1.490000 0.435100
1.500000 0.429000
1.510000 0.427000
1.520000 0.423800
1.530000 0.416800
1.540000 0.415100
1.550000 0.409700
1.560000 0.415600
1.570000 0.404600
1.580000 0.403600
1.590000 0.392300
1.600000 0.398200
1.610000 0.397800
1.620000 0.394400
1.630000 0.394900
1.640000 0.393900
1.650000 0.386900
1.660000 0.380800
1.670000 0.382100
1.680000 0.378300
1.690000 0.384000
1.700000 0.377300
1.710000 0.375400
1.720000 0.363900
1.730000 0.368100
1.740000 0.358900
1.750000 0.367800
1.760000 0.359400
1.770000 0.353200
1.780000 0.357500
1.790000 0.355400
1.800000 0.354800
1.810000 0.345200
1.820000 0.345500
1.830000 0.350800
1.840000 0.347000
1.850000 0.347900
1.860000 0.340600
1.870000 0.343700
1.880000 0.333800
1.890000 0.317500
1.900000 0.328700
1.910000 0.331700
1.920000 0.332200
1.930000 0.324700
1.940000 0.326600
1.950000 0.313400
1.960000 0.318200
1.970000 0.316800
1.980000 0.321200
1.990000 0.318900
2.000000 0.317700
2.010000 0.318700
2.020000 0.302400
2.030000 0.305200
2.040000 0.308600
2.050000 0.310000
2.060000 0.303900
2.070000 0.304100
2.080000 0.296100
2.090000 0.289000
2.100000 0.294800
2.110000 0.292300
2.120000 0.292200
2.130000 0.292200
2.140000 0.282800
2.150000 0.283300
2.160000 0.280900
2.170000 0.278200
2.180000 0.278300
2.190000 0.280500
2.200000 0.283100
2.210000 0.275400
2.220000 0.276300
2.230000 0.266800
2.240000 0.267000
2.250000 0.268000
2.260000 0.271100
2.270000 0.260400
2.280000 0.262100
2.290000 0.259900
2.300000 0.253700
2.310000 0.263000
2.320000 0.260100
2.330000 0.263700
2.340000 0.256400
2.350000 0.250900
2.360000 0.255000
2.370000 0.244700
2.380000 0.245700
2.390000 0.233900
2.400000 0.233200
2.410000 0.241900
2.420000 0.240200
2.430000 0.237000
2.440000 0.239900
2.450000 0.237100
2.460000 0.233800
2.470000 0.230400
2.480000 0.236000
2.490000 0.224200
2.500000 0.228600
2.510000 0.220600
2.520000 0.221400
2.530000 0.216400
2.540000 0.214000
2.550000 0.227600
2.560000 0.219900
2.570000 0.220500
2.580000 0.217100
2.590000 0.206800
2.600000 0.202800
2.610000 0.206200
2.620000 0.210900
2.630000 0.198100
2.640000 0.204600
2.650000 0.200800
2.660000 0.207100
2.670000 0.194200
2.680000 0.203300
2.690000 0.197300
2.700000 0.199400
2.710000 0.205900
2.720000 0.188100
2.730000 0.189500
2.740000 0.193000
2.750000 0.193900
2.760000 0.186900
2.770000 0.188600
2.780000 0.183500
2.790000 0.179500
2.800000 0.179100
2.810000 0.176900
2.820000 0.185200
2.830000 0.180300
2.840000 0.180600
2.850000 0.175900
2.860000 0.168800
2.870000 0.165600
2.880000 0.173800
2.890000 0.169700
2.900000 0.175600
2.910000 0.162500
2.920000 0.164300
2.930000 0.166100
2.940000 0.158800
2.950000 0.164900
2.960000 0.166300
2.970000 0.164400
2.980000 0.151500
2.990000 0.162100
3.000000 0.157300
3.010000 0.156200
3.020000 0.154500
3.030000 0.159300
3.040000 0.159100
3.050000 0.148900
3.060000 0.157500
3.070000 0.144100
3.080000 0.143900
3.090000 0.140800
3.100000 0.137400
3.110000 0.145200
3.120000 0.145300
3.130000 0.147900
3.140000 0.145300
3.150000 0.145300
3.160000 0.139400
3.170000 0.137700
3.180000 0.140800
3.190000 0.137900
3.200000 0.143000
3.210000 0.141300
3.220000 0.137200
3.230000 0.141600
3.240000 0.130900
3.250000 0.138400
3.260000 0.129700
3.270000 0.129400
3.280000 0.132800
3.290000 0.136800
3.300000 0.129400
3.310000 0.123300
3.320000 0.123400
3.330000 0.124100
3.340000 0.121300
3.350000 0.126100
3.360000 0.123400
3.370000 0.122900
3.380000 0.114900
3.390000 0.123000
3.400000 0.124100
3.410000 0.123600
3.420000 0.119400
3.430000 0.119200
3.440000 0.115300
3.450000 0.115800
3.460000 0.113000
3.470000 0.110700
3.480000 0.108000
3.490000 0.115800
3.500000 0.112000
3.510000 0.110000
3.520000 0.111300
3.530000 0.110800
3.540000 0.109700
3.550000 0.103500
3.560000 0.106100
3.570000 0.108600
3.580000 0.104500
3.590000 0.103600
3.600000 0.105000
3.610000 0.103400
3.620000 0.110600
3.630000 0.099700
3.640000 0.103800
3.650000 0.100500
3.660000 0.099400
3.670000 0.102000
3.680000 0.094800
3.690000 0.095300
3.700000 0.094200
3.710000 0.092000
3.720000 0.096300
3.730000 0.094300
3.740000 0.096800
3.750000 0.095200
3.760000 0.093300
3.770000 0.093200
3.780000 0.090200
3.790000 0.091300
3.800000 0.091700
3.810000 0.091200
3.820000 0.089600
3.830000 0.091300
3.840000 0.080600
3.850000 0.086700
3.860000 0.093000
3.870000 0.086500
3.880000 0.081600
3.890000 0.080800
3.900000 0.079300
3.910000 0.079300
3.920000 0.082100
3.930000 0.080800
3.940000 0.086100
3.950000 0.077300
3.960000 0.077600
3.970000 0.077800
3.980000 0.081400
3.990000 0.078800
4.000000 0.074500
4.010000 0.078200
4.020000 0.073600
4.030000 0.077200
4.040000 0.075100
4.050000 0.073100
4.060000 0.073200
4.070000 0.075500
4.080000 0.070900
4.090000 0.071000
4.100000 0.071500
4.110000 0.069600
4.120000 0.070800
4.130000 0.064700
4.140000 0.063600
4.150000 0.065400
4.160000 0.067500
4.170000 0.065600
4.180000 0.063800
4.190000 0.070900
4.200000 0.065500
4.210000 0.061000
4.220000 0.060700
4.230000 0.060600
4.240000 0.062700
4.250000 0.060100
4.260000 0.059700
4.270000 0.060700
4.280000 0.063300
4.290000 0.059700
4.300000 0.060800
4.310000 0.058700
4.320000 0.058000
4.330000 0.056300
4.340000 0.058000
4.350000 0.052200
4.360000 0.054900
4.370000 0.052100
4.380000 0.057100
4.390000 0.052200
4.400000 0.054800
4.410000 0.049000
4.420000 0.053000
4.430000 0.051400
4.440000 0.055000
4.450000 0.052400
4.460000 0.053500
4.470000 0.051200
4.480000 0.049400
4.490000 0.044900
4.500000 0.049200
4.510000 0.046200
4.520000 0.047000
4.530000 0.047900
4.540000 0.053600
4.550000 0.046900
4.560000 0.046700
4.570000 0.048800
4.580000 0.047000
4.590000 0.046900
4.600000 0.046000
4.610000 0.045900
4.620000 0.045000
4.630000 0.048500
4.640000 0.044700
4.650000 0.039300
4.660000 0.043200
4.670000 0.040900
4.680000 0.040600
4.690000 0.041200
4.700000 0.044400
4.710000 0.043000
4.720000 0.038600
4.730000 0.036100
4.740000 0.037000
4.750000 0.040200
4.760000 0.040100
4.770000 0.039400
4.780000 0.039800
4.790000 0.036600
4.800000 0.035200
4.810000 0.037500
4.820000 0.036400
4.830000 0.037300
4.840000 0.035000
4.850000 0.036300
4.860000 0.035800
4.870000 0.035500
4.880000 0.033600
4.890000 0.034300
4.900000 0.034200
4.910000 0.030900
4.920000 0.036100
4.930000 0.033000
4.940000 0.032100
4.950000 0.033000
4.960000 0.029500
4.970000 0.030700
4.980000 0.033000
4.990000 0.027800
5.000000 0.032800
5.010000 0.031400
5.020000 0.030600
5.030000 0.030400
5.040000 0.032900
5.050000 0.028800
5.060000 0.033600
5.070000 0.029000
5.080000 0.026800
5.090000 0.026700
5.100000 0.029800
5.110000 0.024400
5.120000 0.027300
5.130000 0.026700
5.140000 0.031000
5.150000 0.027300
5.160000 0.028800
5.170000 0.026700
5.180000 0.027300
5.190000 0.025700
5.200000 0.027700
5.210000 0.027800
5.220000 0.026900
5.230000 0.023600
5.240000 0.024200
5.250000 0.024600
5.260000 0.025500
5.270000 0.023700
5.280000 0.022800
5.290000 0.020400
5.300000 0.023800
5.310000 0.023500
5.320000 0.023800
5.330000 0.024500
5.340000 0.023300
5.350000 0.023000
5.360000 0.023600
5.370000 0.023400
5.380000 0.020300
5.390000 0.023600
5.400000 0.020300
5.410000 0.022100
5.420000 0.020400
5.430000 0.021900
5.440000 0.022000
5.450000 0.021100
5.460000 0.018500
5.470000 0.018800
5.480000 0.022100
5.490000 0.018000
5.500000 0.021800
5.510000 0.020200
5.520000 0.021900
5.530000 0.019600
5.540000 0.018900
5.550000 0.019300
5.560000 0.019900
5.570000 0.020600
5.580000 0.018600
5.590000 0.020300
5.600000 0.020100
5.610000 0.016100
5.620000 0.017100
5.630000 0.017400
5.640000 0.019200
5.650000 0.018200
5.660000 0.016100
5.670000 0.019700
5.680000 0.017800
5.690000 0.016700
5.700000 0.018800
5.710000 0.015100
5.720000 0.017400
5.730000 0.015400
5.740000 0.017400
5.750000 0.015100
5.760000 0.016500
5.770000 0.015900
5.780000 0.017300
5.790000 0.014200
5.800000 0.014600
5.810000 0.017700
5.820000 0.016200
5.830000 0.018300
5.840000 0.015600
5.850000 0.014500
5.860000 0.013400
5.870000 0.013300
5.880000 0.015100
5.890000 0.015900
5.900000 0.015400
5.910000 0.014700
5.920000 0.012300
5.930000 0.014800
5.940000 0.014300
5.950000 0.014800
5.960000 0.014300
5.970000 0.012400
5.980000 0.012700
5.990000 0.013600
6.000000 0.013300
6.010000 0.012600
6.020000 0.011200
6.030000 0.010900
6.040000 0.012600
6.050000 0.011700
6.060000 0.013300
6.070000 0.012300
6.080000 0.014600
6.090000 0.015600
6.100000 0.011700
6.110000 0.013000
6.120000 0.013500
6.130000 0.013400
6.140000 0.014000
6.150000 0.012900
6.160000 0.010800
6.170000 0.011700
6.180000 0.013000
6.190000 0.012000
6.200000 0.011100
6.210000 0.009600
6.220000 0.013100
6.230000 0.011200
6.240000 0.012800
6.250000 0.012700
6.260000 0.011700
6.270000 0.011500
6.280000 0.010500
6.290000 0.011000
6.300000 0.011800
6.310000 0.010400
6.320000 0.012500
6.330000 0.011100
6.340000 0.010400
6.350000 0.011100
6.360000 0.012700
6.370000 0.010600
6.380000 0.010300
6.390000 0.009300
6.400000 0.011000
6.410000 0.010700
6.420000 0.009900
6.430000 0.008700
6.440000 0.011900
6.450000 0.007900
6.460000 0.011600
6.470000 0.009100
6.480000 0.009200
6.490000 0.010700
6.500000 0.011500
6.510000 0.009300
6.520000 0.008900
6.530000 0.007900
6.540000 0.010500
6.550000 0.010000
6.560000 0.009700
6.570000 0.008200
6.580000 0.009000
6.590000 0.008600
6.600000 0.009600
6.610000 0.010600
6.620000 0.007700
6.630000 0.008300
6.640000 0.008800
6.650000 0.007300
6.660000 0.008500
6.670000 0.007500
6.680000 0.008600
6.690000 0.008100
6.700000 0.008000
6.710000 0.008300
6.720000 0.008000
6.730000 0.007500
6.740000 0.008400
6.750000 0.008300
6.760000 0.007800
6.770000 0.007900
6.780000 0.009400
6.790000 0.009500
6.800000 0.008300
6.810000 0.007600
6.820000 0.007400
6.830000 0.007000
6.840000 0.006800
6.850000 0.008800
6.860000 0.006700
6.870000 0.006600
6.880000 0.007500
6.890000 0.007200
6.900000 0.007800
6.910000 0.008600
6.920000 0.006700
6.930000 0.006600
6.940000 0.006800
6.950000 0.006900
6.960000 0.006800
6.970000 0.007000
6.980000 0.007000
6.990000 0.007000
7.000000 0.006500
7.010000 0.006800
7.020000 0.006800
7.030000 0.006500
7.040000 0.007000
7.050000 0.006400
7.060000 0.006200
7.070000 0.006500
7.080000 0.005600
7.090000 0.006700
7.100000 0.006300
7.110000 0.005800
7.120000 0.005600
7.130000 0.006400
7.140000 0.006000
7.150000 0.005300
7.160000 0.007600
7.170000 0.008100
7.180000 0.006700
7.190000 0.006700
7.200000 0.005600
7.210000 0.004600
7.220000 0.005600
7.230000 0.004300
7.240000 0.006400
7.250000 0.006300
7.260000 0.005700
7.270000 0.008000
7.280000 0.005200
7.290000 0.006300
7.300000 0.004700
7.310000 0.005200
7.320000 0.005300
7.330000 0.007000
7.340000 0.006900
7.350000 0.005000
7.360000 0.004700
7.370000 0.005500
7.380000 0.005900
7.390000 0.005800
7.400000 0.005200
7.410000 0.006000
7.420000 0.005000
7.430000 0.003300
7.440000 0.005900
7.450000 0.005000
7.460000 0.005600
7.470000 0.005500
7.480000 0.004200
7.490000 0.006100
7.500000 0.005500
7.510000 0.005700
7.520000 0.004700
7.530000 0.004900
7.540000 0.004200
7.550000 0.005100
7.560000 0.004300
7.570000 0.005000
7.580000 0.004700
7.590000 0.004800
7.600000 0.005500
7.610000 0.004600
7.620000 0.004600
7.630000 0.005200
7.640000 0.005700
7.650000 0.004900
7.660000 0.003400
7.670000 0.005300
7.680000 0.003400
7.690000 0.003900
7.700000 0.005500
7.710000 0.005300
7.720000 0.004200
7.730000 0.005100
7.740000 0.004900
7.750000 0.003800
7.760000 0.005100
7.770000 0.003600
7.780000 0.004600
7.790000 0.003600
7.800000 0.003700
7.810000 0.004400
7.820000 0.003800
7.830000 0.003900
7.840000 0.004300
7.850000 0.003900
7.860000 0.003400
7.870000 0.003700
7.880000 0.003200
7.890000 0.004200
7.900000 0.004100
7.910000 0.003900
7.920000 0.003300
7.930000 0.005000
7.940000 0.003800
7.950000 0.004100
7.960000 0.003200
7.970000 0.004100
7.980000 0.003200
7.990000 0.004500
8.000000 0.003900
8.010000 0.003100
8.020000 0.003400
8.030000 0.003300
8.040000 0.004700
8.050000 0.002900
8.060000 0.003300
8.070000 0.003900
8.080000 0.003300
8.090000 0.003500
8.100000 0.004600
8.110000 0.003800
8.120000 0.004200
8.130000 0.003100
8.140000 0.003500
8.150000 0.004800
8.160000 0.003700
8.170000 0.003700
8.180000 0.003100
8.190000 0.002500
8.200000 0.003500
8.210000 0.003600
8.220000 0.003100
8.230000 0.003400
8.240000 0.003400
8.250000 0.003800
8.260000 0.002500
8.270000 0.003200
8.280000 0.003300
8.290000 0.003500
8.300000 0.002500
8.310000 0.003300
8.320000 0.003000
8.330000 0.002600
8.340000 0.003400
8.350000 0.001800
8.360000 0.003900
8.370000 0.003900
8.380000 0.003600
8.390000 0.003700
8.400000 0.002900
8.410000 0.002700
8.420000 0.002700
8.430000 0.004200
8.440000 0.003400
8.450000 0.002900
8.460000 0.003200
8.470000 0.003400
8.480000 0.002500
8.490000 0.002500
8.500000 0.003200
8.510000 0.003200
8.520000 0.002300
8.530000 0.002700
8.540000 0.002000
8.550000 0.003000
8.560000 0.002900
8.570000 0.001900
8.580000 0.002900
8.590000 0.002900
8.600000 0.003100
8.610000 0.002400
8.620000 0.002000
8.630000 0.002300
8.640000 0.002400
8.650000 0.002100
8.660000 0.001700
8.670000 0.002400
8.680000 0.002500
8.690000 0.002100
8.700000 0.002300
8.710000 0.002500
8.720000 0.002200
8.730000 0.002100
8.740000 0.003500
8.750000 0.002200
8.760000 0.003200
8.770000 0.001800
8.780000 0.002400
8.790000 0.002200
8.800000 0.003000
8.810000 0.003400
8.820000 0.002800
8.830000 0.002200
8.840000 0.002200
8.850000 0.002300
8.860000 0.002200
8.870000 0.002500
8.880000 0.003000
8.890000 0.002700
8.900000 0.002600
8.910000 0.002200
8.920000 0.001900
8.930000 0.002300
8.940000 0.002100
8.950000 0.003200
8.960000 0.002100
8.970000 0.002600
8.980000 0.002000
8.990000 0.001900
9.000000 0.002200
9.010000 0.003000
9.020000 0.002100
9.030000 0.002500
9.040000 0.002100
9.050000 0.001400
9.060000 0.001700
9.070000 0.002000
9.080000 0.002500
9.090000 0.002100
9.100000 0.001700
9.110000 0.002500
9.120000 0.002700
9.130000 0.001500
9.140000 0.002400
9.150000 0.002200
9.160000 0.002200
9.170000 0.002000
9.180000 0.002000
9.190000 0.002100
9.200000 0.002200
9.210000 0.001900
9.220000 0.001800
9.230000 0.002900
9.240000 0.002500
9.250000 0.002200
9.260000 0.002100
9.270000 0.002600
9.280000 0.002100
9.290000 0.003000
9.300000 0.002400
9.310000 0.001900
9.320000 0.001700
9.330000 0.002900
9.340000 0.001700
9.350000 0.001500
9.360000 0.002000
9.370000 0.001600
9.380000 0.002100
9.390000 0.001700
9.400000 0.001800
9.410000 0.001900
9.420000 0.002800
9.430000 0.001300
9.440000 0.001700
9.450000 0.001900
9.460000 0.002300
9.470000 0.002500
9.480000 0.001500
9.490000 0.001200
9.500000 0.000900
9.510000 0.001100
9.520000 0.001500
9.530000 0.001500
9.540000 0.002400
9.550000 0.001700
9.560000 0.001600
9.570000 0.002000
9.580000 0.001800
9.590000 0.001400
9.600000 0.001100
9.610000 0.001800
9.620000 0.002000
9.630000 0.002100
9.640000 0.002100
9.650000 0.001700
9.660000 0.001300
9.670000 0.002100
9.680000 0.001200
9.690000 0.001600
9.700000 0.001700
9.710000 0.002000
9.720000 0.001800
9.730000 0.001300
9.740000 0.001600
9.750000 0.001900
9.760000 0.001500
9.770000 0.002300
9.780000 0.001700
9.790000 0.001600
9.800000 0.002100
9.810000 0.001000
9.820000 0.001400
9.830000 0.002000
9.840000 0.001300
9.850000 0.001400
9.860000 0.001400
9.870000 0.001400
9.880000 0.001700
9.890000 0.001600
9.900000 0.002200
9.910000 0.001400
9.920000 0.001700
9.930000 0.002300
9.940000 0.001100
9.950000 0.001500
9.960000 0.001100
9.970000 0.001400
9.980000 0.001800
9.990000 0.000900
10.000000 0.001600
