0.000000 1.000000
0.010000 0.990100
0.020000 0.984200
0.030000 0.975700
0.040000 0.973200
0.050000 0.964400
0.060000 0.963400
0.070000 0.955600
0.080000 0.951400
0.090000 0.951100
0.100000 0.948000
0.110000 0.941400
0.120000 0.940500
0.130000 0.934800
0.140000 0.928700
0.150000 0.929500
0.160000 0.922200
0.170000 0.923400
0.180000 0.923300
0.190000 0.914600
0.200000 0.912400
0.210000 0.907400
0.220000 0.904900
0.230000 0.901100
0.240000 0.897800
0.250000 0.891400
0.260000 0.892300
0.270000 0.886600
0.280000 0.887400
0.290000 0.882700
0.300000 0.884100
0.310000 0.876000
0.320000 0.878700
0.330000 0.873400
0.340000 0.866700
0.350000 0.866800
0.360000 0.867300
0.370000 0.862900
0.380000 0.861300
0.390000 0.857200
0.400000 0.853100
0.410000 0.848800
0.420000 0.844000
0.430000 0.845000
0.440000 0.838900
0.450000 0.834600
0.460000 0.838100
0.470000 0.834100
0.480000 0.834400
0.490000 0.827200
0.500000 0.822400
0.510000 0.821000
0.520000 0.819500
0.530000 0.813600
0.540000 0.817900
0.550000 0.810400
0.560000 0.804500
0.570000 0.807800
0.580000 0.805600
0.590000 0.792500
0.600000 0.799800
0.610000 0.795400
0.620000 0.792000
0.630000 0.793900
0.640000 0.786100
0.650000 0.783600
0.660000 0.775400
0.670000 0.780700
0.680000 0.777400
0.690000 0.780500
0.700000 0.765800
0.710000 0.758400
0.720000 0.765600
0.730000 0.757300
0.740000 0.758400
0.750000 0.751500
0.760000 0.744900
0.770000 0.749900
0.780000 0.755200
0.790000 0.740900
0.800000 0.746100
0.810000 0.736900
0.820000 0.734500
0.830000 0.734700
0.840000 0.731000
0.850000 0.736900
0.860000 0.725300
0.870000 0.727200
0.880000 0.718400
0.890000 0.714400
0.900000 0.713800
0.910000 0.716500
0.920000 0.709200
0.930000 0.703500
0.940000 0.701200
0.950000 0.697900
0.960000 0.691800
0.970000 0.690900
0.980000 0.689000
0.990000 0.684500
1.000000 0.677300
1.010000 0.677700
1.020000 0.674600
1.030000 0.674800
1.040000 0.676900
1.050000 0.669200
1.060000 0.670500
1.070000 0.672900
1.080000 0.668100
1.090000 0.665700
1.100000 0.658400
1.110000 0.662100
1.120000 0.661100
1.130000 0.638900
1.140000 0.648600
1.150000 0.653700
1.160000 0.635400
1.170000 0.638300
1.180000 0.630100
1.190000 0.637000
1.200000 0.628900
1.210000 0.631100
1.220000 0.627700
1.230000 0.616800
1.240000 0.619400
1.250000 0.619900
1.260000 0.607000
1.270000 0.613000
1.280000 0.606000
1.290000 0.610100
1.300000 0.608400
1.310000 0.604800
1.320000 0.600700
1.330000 0.583700
1.340000 0.588600
1.350000 0.589600
1.360000 0.585600
1.370000 0.580600
1.380000 0.584800
1.390000 0.588100
1.400000 0.579900
1.410000 0.575500
1.420000 0.562500
1.430000 0.574300
1.440000 0.572800
1.450000 0.559900
1.460000 0.558800
1.470000 0.559100
1.480000 0.553000
1.490000 0.546900
1.500000 0.547300
1.510000 0.539200
1.520000 0.550200
1.530000 0.536100
1.540000 0.534000
1.550000 0.546600
1.560000 0.539100
1.570000 0.539800
1.580000 0.527300
1.590000 0.518500
1.600000 0.520900
1.610000 0.520000
1.620000 0.516400
1.630000 0.533900
1.640000 0.515700
1.650000 0.511100
1.660000 0.511900
1.670000 0.508600
1.680000 0.498500
1.690000 0.505900
1.700000 0.493200
1.710000 0.493700
1.720000 0.493800
1.730000 0.486600
1.740000 0.488200
1.750000 0.475600
1.760000 0.485700
1.770000 0.483700
1.780000 0.476700
1.790000 0.480600
1.800000 0.474600
1.810000 0.464300
1.820000 0.466200
1.830000 0.465400
1.840000 0.460400
1.850000 0.458500
1.860000 0.466000
1.870000 0.451100
1.880000 0.447400
1.890000 0.437700
1.900000 0.448700
1.910000 0.445500
1.920000 0.436400
1.930000 0.445600
1.940000 0.440900
1.950000 0.439000
1.960000 0.430300
1.970000 0.425700
1.980000 0.435300
1.990000 0.420100
2.000000 0.422000
2.010000 0.415600
2.020000 0.414000
2.030000 0.416200
2.040000 0.418900
2.050000 0.406400
2.060000 0.415000
2.070000 0.398300
2.080000 0.399100
2.090000 0.405800
2.100000 0.397000
2.110000 0.402200
2.120000 0.396900
2.130000 0.394300
2.140000 0.388900
2.150000 0.386800
2.160000 0.379500
2.170000 0.378000
2.180000 0.376000
2.190000 0.382700
2.200000 0.372500
2.210000 0.372600
2.220000 0.363000
2.230000 0.363100
2.240000 0.358000
2.250000 0.361000
2.260000 0.359000
2.270000 0.359300
2.280000 0.355400
2.290000 0.340900
2.300000 0.343600
2.310000 0.343400
2.320000 0.342600
2.330000 0.332000
2.340000 0.336600
2.350000 0.340500
2.360000 0.331000
2.370000 0.325900
2.380000 0.328100
2.390000 0.320900
2.400000 0.325200
2.410000 0.323900
2.420000 0.314800
2.430000 0.317400
2.440000 0.307700
2.450000 0.310300
2.460000 0.308600
2.470000 0.309400
2.480000 0.299600
2.490000 0.303500
2.500000 0.312500
2.510000 0.294500
2.520000 0.296100
2.530000 0.286600
2.540000 0.289500
2.550000 0.286200
2.560000 0.279200
2.570000 0.282800
2.580000 0.277200
2.590000 0.279700
2.600000 0.278000
2.610000 0.269100
2.620000 0.266800
2.630000 0.270600
2.640000 0.268000
2.650000 0.267600
2.660000 0.252800
2.670000 0.268600
2.680000 0.249500
2.690000 0.258200
2.700000 0.255300
2.710000 0.239000
2.720000 0.254700
2.730000 0.240900
2.740000 0.246700
2.750000 0.244900
2.760000 0.239000
2.770000 0.237400
2.780000 0.236600
2.790000 0.229100
2.800000 0.225700
2.810000 0.221100
2.820000 0.227100
2.830000 0.220800
2.840000 0.218600
2.850000 0.217400
2.860000 0.210600
2.870000 0.211100
2.880000 0.210500
2.890000 0.208700
2.900000 0.200900
2.910000 0.207900
2.920000 0.202100
2.930000 0.190000
2.940000 0.194200
2.950000 0.193400
2.960000 0.190500
2.970000 0.194100
2.980000 0.184700
2.990000 0.185400
3.000000 0.186000
3.010000 0.183900
3.020000 0.185400
3.030000 0.171600
3.040000 0.175800
3.050000 0.170700
3.060000 0.169100
3.070000 0.172600
3.080000 0.166700
3.090000 0.159800
3.100000 0.158000
3.110000 0.164200
3.120000 0.153200
3.130000 0.155000
3.140000 0.152200
3.150000 0.155800
3.160000 0.152400
3.170000 0.153300
3.180000 0.153700
3.190000 0.139800
3.200000 0.149000
3.210000 0.142700
3.220000 0.135700
3.230000 0.141400
3.240000 0.135300
3.250000 0.137100
3.260000 0.128100
3.270000 0.133400
3.280000 0.126000
3.290000 0.125700
3.300000 0.121800
3.310000 0.122700
3.320000 0.123200
3.330000 0.125400
3.340000 0.117900
3.350000 0.118700
3.360000 0.117400
3.370000 0.115700
3.380000 0.113500
3.390000 0.124100
3.400000 0.106300
3.410000 0.112400
3.420000 0.106400
3.430000 0.101900
3.440000 0.103700
3.450000 0.101700
3.460000 0.099600
3.470000 0.094600
3.480000 0.099100
3.490000 0.091900
3.500000 0.096800
3.510000 0.093400
3.520000 0.094800
3.530000 0.089800
3.540000 0.091500
3.550000 0.089000
3.560000 0.092200
3.570000 0.089800
3.580000 0.086500
3.590000 0.089000
3.600000 0.081000
3.610000 0.085100
3.620000 0.084800
3.630000 0.082400
3.640000 0.076900
3.650000 0.077800
3.660000 0.076100
3.670000 0.074600
3.680000 0.077900
3.690000 0.073100
3.700000 0.074000
3.710000 0.069000
3.720000 0.073200
3.730000 0.069200
3.740000 0.068700
3.750000 0.068600
3.760000 0.068500
3.770000 0.067300
3.780000 0.074600
3.790000 0.066200
3.800000 0.063700
3.810000 0.064100
3.820000 0.059300
3.830000 0.064800
3.840000 0.063100
3.850000 0.060900
3.860000 0.057300
3.870000 0.056200
3.880000 0.054600
3.890000 0.057800
3.900000 0.051300
3.910000 0.056000
3.920000 0.056600
3.930000 0.054400
3.940000 0.055400
3.950000 0.054300
3.960000 0.054900
3.970000 0.055000
3.980000 0.051400
3.990000 0.052100
4.000000 0.052000
4.010000 0.048000
4.020000 0.048400
4.030000 0.048500
4.040000 0.047000
4.050000 0.050100
4.060000 0.048300
4.070000 0.050100
4.080000 0.045400
4.090000 0.049100
4.100000 0.048900
4.110000 0.044100
4.120000 0.045800
4.130000 0.042900
4.140000 0.042500
4.150000 0.042200
4.160000 0.042200
4.170000 0.042900
4.180000 0.041700
4.190000 0.041700
4.200000 0.043900
4.210000 0.039800
4.220000 0.040300
4.230000 0.040900
4.240000 0.038300
4.250000 0.038500
4.260000 0.035400
4.270000 0.035000
4.280000 0.039200
4.290000 0.035300
4.300000 0.035000
4.310000 0.033600
4.320000 0.034200
4.330000 0.034500
4.340000 0.029900
4.350000 0.029700
4.360000 0.030700
4.370000 0.033800
4.380000 0.035200
4.390000 0.029400
4.400000 0.030500
4.410000 0.032500
4.420000 0.030600
4.430000 0.028900
4.440000 0.033200
4.450000 0.031100
4.460000 0.032200
4.470000 0.027800
4.480000 0.028600
4.490000 0.028200
4.500000 0.028100
4.510000 0.031800
4.520000 0.027300
4.530000 0.028700
4.540000 0.024800
4.550000 0.027700
4.560000 0.028000
4.570000 0.027700
4.580000 0.027300
4.590000 0.024200
4.600000 0.026400
4.610000 0.023900
4.620000 0.028000
4.630000 0.025600
4.640000 0.026500
4.650000 0.023600
4.660000 0.024400
4.670000 0.022500
4.680000 0.021600
4.690000 0.024500
4.700000 0.023900
4.710000 0.022700
4.720000 0.025600
4.730000 0.023200
4.740000 0.022500
4.750000 0.024000
4.760000 0.023700
4.770000 0.023600
4.780000 0.019600
4.790000 0.022100
4.800000 0.021400
4.810000 0.019300
4.820000 0.019500
4.830000 0.019900
4.840000 0.019500
4.850000 0.019100
4.860000 0.019300
4.870000 0.019800
4.880000 0.019400
4.890000 0.019300
4.900000 0.016900
4.910000 0.020400
4.920000 0.016900
4.930000 0.020200
4.940000 0.017500
4.950000 0.019500
4.960000 0.018200
4.970000 0.018600
4.980000 0.017100
4.990000 0.017300
5.000000 0.017800
5.010000 0.017900
5.020000 0.016800
5.030000 0.017200
5.040000 0.016400
5.050000 0.018300
5.060000 0.018400
5.070000 0.014900
5.080000 0.014400
5.090000 0.014600
5.100000 0.015300
5.110000 0.013500
5.120000 0.014100
5.130000 0.014500
5.140000 0.014400
5.150000 0.014700
5.160000 0.015300
5.170000 0.015200
5.180000 0.013600
5.190000 0.014800
5.200000 0.014600
5.210000 0.012200
5.220000 0.013500
5.230000 0.012100
5.240000 0.013700
5.250000 0.013900
5.260000 0.014500
5.270000 0.013200
5.280000 0.012500
5.290000 0.013900
5.300000 0.015400
5.310000 0.012600
5.320000 0.011400
5.330000 0.013800
5.340000 0.012000
5.350000 0.013300
5.360000 0.010600
5.370000 0.013700
5.380000 0.013900
5.390000 0.010800
5.400000 0.012700
5.410000 0.014200
5.420000 0.010200
5.430000 0.010600
5.440000 0.011300
5.450000 0.010500
5.460000 0.011400
5.470000 0.012500
5.480000 0.011900
5.490000 0.012100
5.500000 0.010800
5.510000 0.012700
5.520000 0.009100
5.530000 0.010400
5.540000 0.010100
5.550000 0.010400
5.560000 0.010600
5.570000 0.010400
5.580000 0.010200
5.590000 0.009700
5.600000 0.010000
5.610000 0.008800
5.620000 0.009900
5.630000 0.010100
5.640000 0.009900
5.650000 0.009600
5.660000 0.007100
5.670000 0.009100
5.680000 0.009900
5.690000 0.010000
5.700000 0.008100
5.710000 0.008700
5.720000 0.010200
5.730000 0.009500
5.740000 0.009700
5.750000 0.008900
5.760000 0.008100
5.770000 0.010900
5.780000 0.009300
5.790000 0.009800
5.800000 0.008000
5.810000 0.008400
5.820000 0.010100
5.830000 0.008000
5.840000 0.009200
5.850000 0.009100
5.860000 0.007400
5.870000 0.010100
5.880000 0.007700
5.890000 0.009000
5.900000 0.007700
5.910000 0.005900
5.920000 0.008300
5.930000 0.006900
5.940000 0.008800
5.950000 0.007300
5.960000 0.006900
5.970000 0.008900
5.980000 0.006800
5.990000 0.007300
6.000000 0.008400
6.010000 0.007200
6.020000 0.006700
6.030000 0.008200
6.040000 0.006500
6.050000 0.007600
6.060000 0.008100
6.070000 0.006000
6.080000 0.006200
6.090000 0.007800
6.100000 0.007800
6.110000 0.005900
6.120000 0.006400
6.130000 0.008000
6.140000 0.007200
6.150000 0.005600
6.160000 0.006700
6.170000 0.007400
6.180000 0.004900
6.190000 0.005600
6.200000 0.006200
6.210000 0.005000
6.220000 0.006300
6.230000 0.006700
6.240000 0.006300
6.250000 0.005300
6.260000 0.006200
6.270000 0.006100
6.280000 0.005200
6.290000 0.005200
6.300000 0.004800
6.310000 0.006700
6.320000 0.006100
6.330000 0.005600
6.340000 0.006800
6.350000 0.004800
6.360000 0.004900
6.370000 0.006900
6.380000 0.005000
6.390000 0.005200
6.400000 0.005100
6.410000 0.005200
6.420000 0.004900
6.430000 0.005800
6.440000 0.004600
6.450000 0.005000
6.460000 0.004200
6.470000 0.006200
6.480000 0.005900
6.490000 0.004300
6.500000 0.005600
6.510000 0.003700
6.520000 0.004700
6.530000 0.005100
6.540000 0.005700
6.550000 0.006000
6.560000 0.004700
6.570000 0.004700
6.580000 0.004900
6.590000 0.006000
6.600000 0.005300
6.610000 0.005300
6.620000 0.004700
6.630000 0.003900
6.640000 0.004400
6.650000 0.004600
6.660000 0.003800
6.670000 0.005200
6.680000 0.004400
6.690000 0.004900
6.700000 0.003900
6.710000 0.004400
6.720000 0.003800
6.730000 0.004200
6.740000 0.004700
6.750000 0.004300
6.760000 0.004300
6.770000 0.004600
6.780000 0.003400
6.790000 0.004300
6.800000 0.004500
6.810000 0.003800
6.820000 0.003200
6.830000 0.004100
6.840000 0.004700
6.850000 0.003300
6.860000 0.004100
6.870000 0.003900
6.880000 0.004100
6.890000 0.003600
6.900000 0.003100
6.910000 0.004000
6.920000 0.002500
6.930000 0.005100
6.940000 0.003500
6.950000 0.003300
6.960000 0.002900
6.970000 0.003600
6.980000 0.002800
6.990000 0.003200
7.000000 0.005000
7.010000 0.004900
7.020000 0.004800
7.030000 0.004100
7.040000 0.002700
7.050000 0.003700
7.060000 0.002100
7.070000 0.004700
7.080000 0.002900
7.090000 0.002800
7.100000 0.002600
7.110000 0.003900
7.120000 0.004100
7.130000 0.003400
7.140000 0.003500
7.150000 0.004000
7.160000 0.003100
7.170000 0.003300
7.180000 0.004000
7.190000 0.003200
7.200000 0.003500
7.210000 0.003700
7.220000 0.003100
7.230000 0.002800
7.240000 0.002800
7.250000 0.003500
7.260000 0.003000
7.270000 0.002900
7.280000 0.002800
7.290000 0.003100
7.300000 0.002700
7.310000 0.003100
7.320000 0.002700
7.330000 0.003100
7.340000 0.003700
7.350000 0.003400
7.360000 0.003500
7.370000 0.003400
7.380000 0.002900
7.390000 0.002700
7.400000 0.003300
7.410000 0.002000
7.420000 0.002500
7.430000 0.002800
7.440000 0.003200
7.450000 0.002100
7.460000 0.002200
7.470000 0.003400
7.480000 0.002900
7.490000 0.002100
7.500000 0.002300
7.510000 0.002900
7.520000 0.002000
7.530000 0.003000
7.540000 0.002100
7.550000 0.001900
7.560000 0.002300
7.570000 0.001800
7.580000 0.002900
7.590000 0.002600
7.600000 0.003000
7.610000 0.003200
7.620000 0.002400
7.630000 0.002100
7.640000 0.002700
7.650000 0.003100
7.660000 0.002600
7.670000 0.001800
7.680000 0.002500
7.690000 0.002600
7.700000 0.001300
7.710000 0.002000
7.720000 0.001600
7.730000 0.001700
7.740000 0.002400
7.750000 0.002100
7.760000 0.003400
7.770000 0.002500
7.780000 0.002400
7.790000 0.001500
7.800000 0.001500
7.810000 0.002000
7.820000 0.002300
7.830000 0.001900
7.840000 0.002600
7.850000 0.002200
7.860000 0.001300
7.870000 0.002100
7.880000 0.001200
7.890000 0.002400
7.900000 0.001600
7.910000 0.001200
7.920000 0.001600
7.930000 0.002100
7.940000 0.002400
7.950000 0.001800
7.960000 0.002400
7.970000 0.001900
7.980000 0.001700
7.990000 0.002400
8.000000 0.001400
8.010000 0.002100
8.020000 0.001800
8.030000 0.002000
8.040000 0.001700
8.050000 0.002000
8.060000 0.001600
8.070000 0.001400
8.080000 0.001500
8.090000 0.002400
8.100000 0.001700
8.110000 0.001400
8.120000 0.001100
8.130000 0.001900
8.140000 0.002300
8.150000 0.001400
8.160000 0.001600
8.170000 0.001800
8.180000 0.001300
8.190000 0.001300
8.200000 0.002100
8.210000 0.001100
8.220000 0.001200
8.230000 0.001600
8.240000 0.001600
8.250000 0.001800
8.260000 0.001600
8.270000 0.002100
8.280000 0.002700
8.290000 0.001300
8.300000 0.001100
8.310000 0.001500
8.320000 0.001200
8.330000 0.001200
8.340000 0.001600
8.350000 0.001500
8.360000 0.001700
8.370000 0.001800
8.380000 0.001600
8.390000 0.001500
8.400000 0.001300
8.410000 0.001100
8.420000 0.002200
8.430000 0.001800
8.440000 0.001800
8.450000 0.000700
8.460000 0.001200
8.470000 0.001700
8.480000 0.001800
8.490000 0.001900
8.500000 0.001600
8.510000 0.001000
8.520000 0.002200
8.530000 0.001400
8.540000 0.001200
8.550000 0.001500
8.560000 0.001100
8.570000 0.001300
8.580000 0.002000
8.590000 0.001800
8.600000 0.001700
8.610000 0.001300
8.620000 0.001200
8.630000 0.001500
8.640000 0.002000
8.650000 0.001500
8.660000 0.001700
8.670000 0.001500
8.680000 0.000800
8.690000 0.000900
8.700000 0.001100
8.710000 0.002000
8.720000 0.000700
8.730000 0.001400
8.740000 0.001200
8.750000 0.001200
8.760000 0.002200
8.770000 0.001300
8.780000 0.001200
8.790000 0.001400
8.800000 0.001100
8.810000 0.001000
8.820000 0.001400
8.830000 0.001800
8.840000 0.001500
8.850000 0.001100
8.860000 0.001500
8.870000 0.001800
8.880000 0.001400
8.890000 0.000500
8.900000 0.001500
8.910000 0.001100
8.920000 0.001300
8.930000 0.001700
8.940000 0.002000
8.950000 0.000900
8.960000 0.001000
8.970000 0.001000
8.980000 0.001900
8.990000 0.001800
9.000000 0.001200
9.010000 0.001600
9.020000 0.001000
9.030000 0.001100
9.040000 0.000900
9.050000 0.001500
9.060000 0.001300
9.070000 0.001400
9.080000 0.001100
9.090000 0.001300
9.100000 0.001000
9.110000 0.000800
9.120000 0.001200
9.130000 0.000500
9.140000 0.001100
9.150000 0.001300
9.160000 0.001200
9.170000 0.001400
9.180000 0.000600
9.190000 0.001300
9.200000 0.000900
9.210000 0.000900
9.220000 0.001400
9.230000 0.001500
9.240000 0.001200
9.250000 0.001400
9.260000 0.000700
9.270000 0.000800
9.280000 0.001200
9.290000 0.001500
9.300000 0.001100
9.310000 0.000800
9.320000 0.000900
9.330000 0.000800
9.340000 0.000900
9.350000 0.001100
9.360000 0.000800
9.370000 0.001000
9.380000 0.000700
9.390000 0.001000
9.400000 0.001100
9.410000 0.001200
9.420000 0.001000
9.430000 0.000700
9.440000 0.000600
9.450000 0.000800
9.460000 0.001100
9.470000 0.000900
9.480000 0.000700
9.490000 0.000700
9.500000 0.001600
9.510000 0.001100
9.520000 0.000900
9.530000 0.000600
9.540000 0.001100
9.550000 0.000600
9.560000 0.000700
9.570000 0.000700
9.580000 0.001000
9.590000 0.001100
9.600000 0.000800
9.610000 0.000900
9.620000 0.000600
9.630000 0.001100
9.640000 0.001700
9.650000 0.000900
9.660000 0.000800
9.670000 0.001300
9.680000 0.000900
9.690000 0.000900
9.700000 0.000500
9.710000 0.001200
9.720000 0.000600
9.730000 0.000900
9.740000 0.001200
9.750000 0.001000
9.760000 0.000700
9.770000 0.000800
9.780000 0.000600
9.790000 0.001000
9.800000 0.000900
9.810000 0.000900
9.820000 0.001500
9.830000 0.000900
9.840000 0.000500
9.850000 0.001000
9.860000 0.000300
9.870000 0.000700
9.880000 0.001500
9.890000 0.001000
9.900000 0.000400
9.910000 0.000600
9.920000 0.000600
9.930000 0.001400
9.940000 0.000900
9.950000 0.001100
9.960000 0.000900
9.970000 0.001000
9.980000 0.000700
9.990000 0.000600
10.000000 0.000500
