0.000000 0.000000
0.010000 0.985500
0.020000 0.976200
0.030000 0.970000
0.040000 0.963900
0.050000 0.959100
0.060000 0.949500
0.070000 0.945900
0.080000 0.939500
0.090000 0.936100
0.100000 0.932900
0.110000 0.926000
0.120000 0.923000
0.130000 0.917900
0.140000 0.916600
0.150000 0.916900
0.160000 0.904800
0.170000 0.899500
0.180000 0.897700
0.190000 0.892500
0.200000 0.886800
0.210000 0.886100
0.220000 0.881100
0.230000 0.870700
0.240000 0.873500
0.250000 0.869300
0.260000 0.869400
0.270000 0.858700
0.280000 0.858900
0.290000 0.855900
0.300000 0.845400
0.310000 0.845300
0.320000 0.843900
0.330000 0.843100
0.340000 0.832200
0.350000 0.827200
0.360000 0.829900
0.370000 0.819700
0.380000 0.820300
0.390000 0.818400
0.400000 0.816000
0.410000 0.799400
0.420000 0.802300
0.430000 0.803100
0.440000 0.793000
0.450000 0.786000
0.460000 0.787800
0.470000 0.782100
0.480000 0.777900
0.490000 0.779600
0.500000 0.771900
0.510000 0.766000
0.520000 0.767500
0.530000 0.759100
0.540000 0.763100
0.550000 0.751500
0.560000 0.755700
0.570000 0.757900
0.580000 0.748600
0.590000 0.744700
0.600000 0.730600
0.610000 0.733900
0.620000 0.731800
0.630000 0.726200
0.640000 0.716300
0.650000 0.715600
0.660000 0.718600
0.670000 0.709600
0.680000 0.703400
0.690000 0.704400
0.700000 0.704400
0.710000 0.691800
0.720000 0.689500
0.730000 0.689500
0.740000 0.687600
0.750000 0.674000
0.760000 0.674800
0.770000 0.668300
0.780000 0.664000
0.790000 0.670800
0.800000 0.662200
0.810000 0.650800
0.820000 0.646900
0.830000 0.647900
0.840000 0.643200
0.850000 0.636100
0.860000 0.631400
0.870000 0.636100
0.880000 0.634800
0.890000 0.623700
0.900000 0.625100
0.910000 0.622800
0.920000 0.624900
0.930000 0.616000
0.940000 0.604400
0.950000 0.598000
0.960000 0.607400
0.970000 0.598400
0.980000 0.587200
0.990000 0.589800
1.000000 0.585400
1.010000 0.581800
1.020000 0.585000
1.030000 0.574200
1.040000 0.576600
1.050000 0.564900
1.060000 0.565100
1.070000 0.562500
1.080000 0.562400
1.090000 0.558600
1.100000 0.545600
1.110000 0.541900
1.120000 0.544000
1.130000 0.533500
1.140000 0.541200
1.150000 0.527600
1.160000 0.522100
1.170000 0.529100
1.180000 0.523900
1.190000 0.527000
1.200000 0.516800
1.210000 0.508800
1.220000 0.508800
1.230000 0.496200
1.240000 0.506300
1.250000 0.490900
1.260000 0.486500
1.270000 0.503600
1.280000 0.494600
1.290000 0.492400
1.300000 0.485100
1.310000 0.490100
1.320000 0.487400
1.330000 0.481700
1.340000 0.478700
1.350000 0.465800
1.360000 0.458600
1.370000 0.461100
1.380000 0.460600
1.390000 0.452500
1.400000 0.453400
1.410000 0.448500
1.420000 0.452500
1.430000 0.446500
1.440000 0.449400
1.450000 0.445200
1.460000 0.444600
1.470000 0.434600
1.480000 0.433700
1.490000 0.426200
1.500000 0.429500
1.510000 0.430800
1.520000 0.420300
1.530000 0.429000
1.540000 0.416900
1.550000 0.418700
1.560000 0.411300
1.570000 0.408100
1.580000 0.406900
1.590000 0.407900
1.600000 0.405200
1.610000 0.407700
1.620000 0.394100
1.630000 0.391100
1.640000 0.389200
1.650000 0.389200
1.660000 0.395200
1.670000 0.391300
1.680000 0.383000
1.690000 0.376900
1.700000 0.372900
1.710000 0.374700
1.720000 0.379100
1.730000 0.379900
1.740000 0.367100
1.750000 0.364400
1.760000 0.372600
1.770000 0.370900
1.780000 0.358900
1.790000 0.356400
1.800000 0.361500
1.810000 0.371200
1.820000 0.356100
1.830000 0.346300
1.840000 0.358400
1.850000 0.351400
1.860000 0.357300
1.870000 0.346300
1.880000 0.351900
1.890000 0.341100
1.900000 0.339400
1.910000 0.340600
1.920000 0.337400
1.930000 0.338700
1.940000 0.330900
1.950000 0.332600
1.960000 0.329600
1.970000 0.331800
1.980000 0.319900
1.990000 0.328200
2.000000 0.318900
2.010000 0.321500
2.020000 0.325600
2.030000 0.314300
2.040000 0.315300
2.050000 0.306800
2.060000 0.314600
2.070000 0.304000
2.080000 0.305900
2.090000 0.301100
2.100000 0.308500
2.110000 0.301100
2.120000 0.305400
2.130000 0.294300
2.140000 0.295900
2.150000 0.299400
2.160000 0.292400
2.170000 0.290100
2.180000 0.295900
2.190000 0.286600
2.200000 0.293000
2.210000 0.280600
2.220000 0.279600
2.230000 0.285800
2.240000 0.273400
2.250000 0.280900
2.260000 0.265200
2.270000 0.268900
2.280000 0.273300
2.290000 0.273200
2.300000 0.269200
2.310000 0.267300
2.320000 0.264200
2.330000 0.257600
2.340000 0.257800
2.350000 0.260100
2.360000 0.256400
2.370000 0.254500
2.380000 0.252000
2.390000 0.251200
2.400000 0.245900
2.410000 0.247900
2.420000 0.243600
2.430000 0.246000
2.440000 0.236400
2.450000 0.235800
2.460000 0.242100
2.470000 0.241300
2.480000 0.234300
2.490000 0.241500
2.500000 0.232000
2.510000 0.235100
2.520000 0.229100
2.530000 0.230500
2.540000 0.231200
2.550000 0.228100
2.560000 0.222700
2.570000 0.220800
2.580000 0.220700
2.590000 0.216800
2.600000 0.225400
2.610000 0.208600
2.620000 0.215700
2.630000 0.205100
2.640000 0.215800
2.650000 0.215400
2.660000 0.209000
2.670000 0.217500
2.680000 0.212400
2.690000 0.198300
2.700000 0.209600
2.710000 0.202400
2.720000 0.197200
2.730000 0.200300
2.740000 0.200400
2.750000 0.201100
2.760000 0.188900
2.770000 0.188300
2.780000 0.191000
2.790000 0.189400
2.800000 0.188300
2.810000 0.194800
2.820000 0.178700
2.830000 0.186000
2.840000 0.185700
2.850000 0.183700
2.860000 0.174800
2.870000 0.173800
2.880000 0.181000
2.890000 0.175700
2.900000 0.172200
2.910000 0.177000
2.920000 0.178400
2.930000 0.172600
2.940000 0.174500
2.950000 0.164800
2.960000 0.164100
2.970000 0.167900
2.980000 0.163300
2.990000 0.168400
3.000000 0.157200
3.010000 0.162100
3.020000 0.161200
3.030000 0.157600
3.040000 0.158800
3.050000 0.150400
3.060000 0.157400
3.070000 0.148500
3.080000 0.155400
3.090000 0.144500
3.100000 0.145900
3.110000 0.149300
3.120000 0.149800
3.130000 0.149600
3.140000 0.152600
3.150000 0.144400
3.160000 0.149200
3.170000 0.142800
3.180000 0.140500
3.190000 0.134600
3.200000 0.143900
3.210000 0.145200
3.220000 0.139900
3.230000 0.137300
3.240000 0.135700
3.250000 0.132300
3.260000 0.137000
3.270000 0.132800
3.280000 0.130200
3.290000 0.134000
3.300000 0.129400
3.310000 0.130200
3.320000 0.131300
3.330000 0.123600
3.340000 0.127500
3.350000 0.129300
3.360000 0.128700
3.370000 0.124100
3.380000 0.128700
3.390000 0.118100
3.400000 0.120400
3.410000 0.117700
3.420000 0.122700
3.430000 0.122600
3.440000 0.120900
3.450000 0.122500
3.460000 0.119600
3.470000 0.112500
3.480000 0.118700
3.490000 0.119600
3.500000 0.114500
3.510000 0.116500
3.520000 0.106100
3.530000 0.112400
3.540000 0.109600
3.550000 0.111900
3.560000 0.109400
3.570000 0.104000
3.580000 0.103700
3.590000 0.100800
3.600000 0.102900
3.610000 0.104600
3.620000 0.103700
3.630000 0.108100
3.640000 0.104600
3.650000 0.102700
3.660000 0.104500
3.670000 0.104200
3.680000 0.103200
3.690000 0.105200
3.700000 0.103000
3.710000 0.104700
3.720000 0.094900
3.730000 0.097200
3.740000 0.103000
3.750000 0.095600
3.760000 0.098100
3.770000 0.097900
3.780000 0.093200
3.790000 0.096000
3.800000 0.096700
3.810000 0.090900
3.820000 0.094800
3.830000 0.095500
3.840000 0.091900
3.850000 0.085300
3.860000 0.090700
3.870000 0.088300
3.880000 0.089200
3.890000 0.086400
3.900000 0.091200
3.910000 0.087100
3.920000 0.087800
3.930000 0.087100
3.940000 0.091100
3.950000 0.082600
3.960000 0.088500
3.970000 0.089500
3.980000 0.082800
3.990000 0.084500
4.000000 0.084900
4.010000 0.084800
4.020000 0.084200
4.030000 0.079200
4.040000 0.079600
4.050000 0.080100
4.060000 0.078100
4.070000 0.082300
4.080000 0.079400
4.090000 0.084000
4.100000 0.082900
4.110000 0.080800
4.120000 0.077700
4.130000 0.078800
4.140000 0.080400
4.150000 0.073400
4.160000 0.073100
4.170000 0.074600
4.180000 0.076300
4.190000 0.074200
4.200000 0.074800
4.210000 0.077400
4.220000 0.069200
4.230000 0.072900
4.240000 0.072900
4.250000 0.073700
4.260000 0.068600
4.270000 0.073100
4.280000 0.074300
4.290000 0.069700
4.300000 0.067300
4.310000 0.073900
4.320000 0.068300
4.330000 0.069500
4.340000 0.069600
4.350000 0.071400
4.360000 0.068200
4.370000 0.067300
4.380000 0.067400
4.390000 0.068800
4.400000 0.067500
4.410000 0.062800
4.420000 0.064600
4.430000 0.063000
4.440000 0.067500
4.450000 0.064800
4.460000 0.061300
4.470000 0.062600
4.480000 0.060800
4.490000 0.066100
4.500000 0.059700
4.510000 0.060700
4.520000 0.058600
4.530000 0.056300
4.540000 0.064500
4.550000 0.059000
4.560000 0.060200
4.570000 0.058700
4.580000 0.055700
4.590000 0.055700
4.600000 0.055000
4.610000 0.051500
4.620000 0.058700
4.630000 0.056200
4.640000 0.053100
4.650000 0.053100
4.660000 0.053500
4.670000 0.055200
4.680000 0.051200
4.690000 0.051200
4.700000 0.048000
4.710000 0.053500
4.720000 0.049300
4.730000 0.052800
4.740000 0.054800
4.750000 0.051600
4.760000 0.052800
4.770000 0.055300
4.780000 0.051000
4.790000 0.049300
4.800000 0.049300
4.810000 0.047100
4.820000 0.050100
4.830000 0.048700
4.840000 0.047700
4.850000 0.049300
4.860000 0.047100
4.870000 0.047000
4.880000 0.046000
4.890000 0.043000
4.900000 0.045500
4.910000 0.043800
4.920000 0.039800
4.930000 0.044300
4.940000 0.045400
4.950000 0.043600
4.960000 0.041500
4.970000 0.041800
4.980000 0.041200
4.990000 0.040500
5.000000 0.040200
5.010000 0.041700
5.020000 0.044300
5.030000 0.044000
5.040000 0.042500
5.050000 0.039600
5.060000 0.039000
5.070000 0.038600
5.080000 0.039300
5.090000 0.038800
5.100000 0.036900
5.110000 0.035400
5.120000 0.040100
5.130000 0.037500
5.140000 0.041500
5.150000 0.036500
5.160000 0.034500
5.170000 0.036000
5.180000 0.039300
5.190000 0.035200
5.200000 0.038500
5.210000 0.035000
5.220000 0.035400
5.230000 0.036400
5.240000 0.032900
5.250000 0.035400
5.260000 0.032100
5.270000 0.036300
5.280000 0.034000
5.290000 0.034000
5.300000 0.030200
5.310000 0.030800
5.320000 0.032700
5.330000 0.033200
5.340000 0.034000
5.350000 0.031100
5.360000 0.031400
5.370000 0.030700
5.380000 0.030400
5.390000 0.028800
5.400000 0.027600
5.410000 0.029300
5.420000 0.028900
5.430000 0.027700
5.440000 0.029900
5.450000 0.028300
5.460000 0.031100
5.470000 0.027000
5.480000 0.028200
5.490000 0.029200
5.500000 0.026700
5.510000 0.025500
5.520000 0.028100
5.530000 0.028700
5.540000 0.024700
5.550000 0.027300
5.560000 0.023200
5.570000 0.027200
5.580000 0.024800
5.590000 0.026600
5.600000 0.026200
5.610000 0.024900
5.620000 0.025300
5.630000 0.024100
5.640000 0.025900
5.650000 0.023300
5.660000 0.023400
5.670000 0.022700
5.680000 0.024400
5.690000 0.023700
5.700000 0.024300
5.710000 0.020700
5.720000 0.022900
5.730000 0.023700
5.740000 0.023900
5.750000 0.021400
5.760000 0.023800
5.770000 0.020900
5.780000 0.021600
5.790000 0.023100
5.800000 0.023500
5.810000 0.022600
5.820000 0.020100
5.830000 0.022100
5.840000 0.021500
5.850000 0.021800
5.860000 0.020100
5.870000 0.021400
5.880000 0.020900
5.890000 0.021400
5.900000 0.018500
5.910000 0.021600
5.920000 0.018400
5.930000 0.020500
5.940000 0.017000
5.950000 0.020400
5.960000 0.017100
5.970000 0.020800
5.980000 0.018200
5.990000 0.020400
6.000000 0.019800
6.010000 0.019600
6.020000 0.016700
6.030000 0.020100
6.040000 0.018000
6.050000 0.018400
6.060000 0.017700
6.070000 0.016000
6.080000 0.019500
6.090000 0.019400
6.100000 0.017400
6.110000 0.017300
6.120000 0.016200
6.130000 0.016200
6.140000 0.014900
6.150000 0.017000
6.160000 0.016700
6.170000 0.018700
6.180000 0.016900
6.190000 0.015100
6.200000 0.015800
6.210000 0.015700
6.220000 0.016500
6.230000 0.018300
6.240000 0.012800
6.250000 0.014000
6.260000 0.014000
6.270000 0.014800
6.280000 0.015100
6.290000 0.014200
6.300000 0.016000
6.310000 0.014900
6.320000 0.012900
6.330000 0.014900
6.340000 0.015300
6.350000 0.014100
6.360000 0.013000
6.370000 0.016200
6.380000 0.013700
6.390000 0.012200
6.400000 0.013400
6.410000 0.014300
6.420000 0.012800
6.430000 0.014100
6.440000 0.012800
6.450000 0.010600
6.460000 0.012700
6.470000 0.013300
6.480000 0.011000
6.490000 0.012900
6.500000 0.014000
6.510000 0.011900
6.520000 0.012600
6.530000 0.012500
6.540000 0.014100
6.550000 0.012700
6.560000 0.010900
6.570000 0.011200
6.580000 0.010900
6.590000 0.010100
6.600000 0.012600
6.610000 0.012800
6.620000 0.011800
6.630000 0.013700
6.640000 0.010100
6.650000 0.010000
6.660000 0.011400
6.670000 0.011800
6.680000 0.011500
6.690000 0.010800
6.700000 0.009700
6.710000 0.011100
6.720000 0.011200
6.730000 0.010400
6.740000 0.011600
6.750000 0.012500
6.760000 0.010500
6.770000 0.009300
6.780000 0.009700
6.790000 0.008500
6.800000 0.011400
6.810000 0.010100
6.820000 0.011500
6.830000 0.008900
6.840000 0.008700
6.850000 0.011400
6.860000 0.010000
6.870000 0.010700
6.880000 0.008100
6.890000 0.010600
6.900000 0.010000
6.910000 0.011300
6.920000 0.009200
6.930000 0.008000
6.940000 0.009300
6.950000 0.010600
6.960000 0.008500
6.970000 0.008800
6.980000 0.010300
6.990000 0.008500
7.000000 0.008000
7.010000 0.009400
7.020000 0.008100
7.030000 0.009100
7.040000 0.008300
7.050000 0.009100
7.060000 0.008000
7.070000 0.009000
7.080000 0.010500
7.090000 0.007400
7.100000 0.006700
7.110000 0.008300
7.120000 0.006900
7.130000 0.008400
7.140000 0.007800
7.150000 0.007800
7.160000 0.008200
7.170000 0.008200
7.180000 0.007500
7.190000 0.006300
7.200000 0.007600
7.210000 0.008100
7.220000 0.007700
7.230000 0.006200
7.240000 0.008000
7.250000 0.006000
7.260000 0.007300
7.270000 0.007800
7.280000 0.007600
7.290000 0.006400
7.300000 0.007800
7.310000 0.006800
7.320000 0.007500
7.330000 0.007200
7.340000 0.007300
7.350000 0.005700
7.360000 0.006600
7.370000 0.005900
7.380000 0.006700
7.390000 0.006000
7.400000 0.006400
7.410000 0.005500
7.420000 0.007300
7.430000 0.006300
7.440000 0.006300
7.450000 0.006300
7.460000 0.005600
7.470000 0.005600
7.480000 0.007500
7.490000 0.006200
7.500000 0.005800
7.510000 0.006700
7.520000 0.006600
7.530000 0.007100
7.540000 0.005600
7.550000 0.006600
7.560000 0.006700
7.570000 0.005200
7.580000 0.005700
7.590000 0.005900
7.600000 0.005500
7.610000 0.006100
7.620000 0.005200
7.630000 0.007000
7.640000 0.004900
7.650000 0.005200
7.660000 0.005800
7.670000 0.005300
7.680000 0.005200
7.690000 0.006000
7.700000 0.004600
7.710000 0.006000
7.720000 0.005800
7.730000 0.004700
7.740000 0.006000
7.750000 0.005000
7.760000 0.005900
7.770000 0.005900
7.780000 0.005100
7.790000 0.006200
7.800000 0.005800
7.810000 0.005400
7.820000 0.005800
7.830000 0.006100
7.840000 0.004300
7.850000 0.004700
7.860000 0.005200
7.870000 0.005900
7.880000 0.007000
7.890000 0.005500
7.900000 0.005000
7.910000 0.004200
7.920000 0.005800
7.930000 0.005100
7.940000 0.004400
7.950000 0.005300
7.960000 0.006100
7.970000 0.005300
7.980000 0.004800
7.990000 0.004200
8.000000 0.006200
8.010000 0.004700
8.020000 0.005100
8.030000 0.005500
8.040000 0.004000
8.050000 0.003600
8.060000 0.004900
8.070000 0.006100
8.080000 0.003900
8.090000 0.005000
8.100000 0.005300
8.110000 0.004600
8.120000 0.004000
8.130000 0.004200
8.140000 0.004400
8.150000 0.004400
8.160000 0.002500
8.170000 0.004400
8.180000 0.004100
8.190000 0.005200
8.200000 0.004100
8.210000 0.004600
8.220000 0.004300
8.230000 0.003800
8.240000 0.003500
8.250000 0.003800
8.260000 0.005300
8.270000 0.004800
8.280000 0.005000
8.290000 0.004700
8.300000 0.004600
8.310000 0.004800
8.320000 0.003200
8.330000 0.004100
8.340000 0.004200
8.350000 0.004100
8.360000 0.003400
8.370000 0.003300
8.380000 0.003000
8.390000 0.003900
8.400000 0.002600
8.410000 0.004200
8.420000 0.004200
8.430000 0.003000
8.440000 0.003100
8.450000 0.004300
8.460000 0.004700
8.470000 0.003900
8.480000 0.002700
8.490000 0.002900
8.500000 0.003600
8.510000 0.003000
8.520000 0.002400
8.530000 0.003000
8.540000 0.004300
8.550000 0.002300
8.560000 0.002700
8.570000 0.004100
8.580000 0.003800
8.590000 0.003300
8.600000 0.004200
8.610000 0.003100
8.620000 0.003900
8.630000 0.003700
8.640000 0.004100
8.650000 0.002200
8.660000 0.004000
8.670000 0.004000
8.680000 0.003400
8.690000 0.003400
8.700000 0.003300
8.710000 0.003100
8.720000 0.003800
8.730000 0.003400
8.740000 0.003500
8.750000 0.003000
8.760000 0.003500
8.770000 0.003000
8.780000 0.002300
8.790000 0.002300
8.800000 0.003000
8.810000 0.003000
8.820000 0.003400
8.830000 0.003300
8.840000 0.004100
8.850000 0.003200
8.860000 0.002600
8.870000 0.003800
8.880000 0.002900
8.890000 0.002800
8.900000 0.003000
8.910000 0.003700
8.920000 0.002800
8.930000 0.002900
8.940000 0.002600
8.950000 0.002200
8.960000 0.002800
8.970000 0.003200
8.980000 0.002100
8.990000 0.004200
9.000000 0.002600
9.010000 0.003400
9.020000 0.002500
9.030000 0.002300
9.040000 0.002300
9.050000 0.004100
9.060000 0.003400
9.070000 0.003200
9.080000 0.002900
9.090000 0.002500
9.100000 0.003600
9.110000 0.003000
9.120000 0.003000
9.130000 0.003900
9.140000 0.003300
9.150000 0.002100
9.160000 0.001900
9.170000 0.002700
9.180000 0.002400
9.190000 0.001900
9.200000 0.002000
9.210000 0.003600
9.220000 0.003500
9.230000 0.003200
9.240000 0.003200
9.250000 0.003000
9.260000 0.001900
9.270000 0.001800
9.280000 0.002300
9.290000 0.003000
9.300000 0.003000
9.310000 0.002600
9.320000 0.002700
9.330000 0.002700
9.340000 0.002300
9.350000 0.002100
9.360000 0.002500
9.370000 0.003200
9.380000 0.002200
9.390000 0.002500
9.400000 0.002100
9.410000 0.002700
9.420000 0.003000
9.430000 0.003100
9.440000 0.001400
9.450000 0.002600
9.460000 0.002500
9.470000 0.002500
9.480000 0.002700
9.490000 0.002700
9.500000 0.002100
9.510000 0.002800
9.520000 0.002900
9.530000 0.001800
9.540000 0.001600
9.550000 0.002900
9.560000 0.002300
9.570000 0.002000
9.580000 0.002000
9.590000 0.002500
9.600000 0.002300
9.610000 0.002800
9.620000 0.002400
9.630000 0.002400
9.640000 0.001700
9.650000 0.002600
9.660000 0.002300
9.670000 0.002000
9.680000 0.002000
9.690000 0.002200
9.700000 0.002400
9.710000 0.001700
9.720000 0.002600
9.730000 0.002600
9.740000 0.002200
9.750000 0.002300
9.760000 0.002000
9.770000 0.002200
9.780000 0.002100
9.790000 0.001500
9.800000 0.002700
9.810000 0.001300
9.820000 0.002200
9.830000 0.001900
9.840000 0.002600
9.850000 0.001600
9.860000 0.003300
9.870000 0.002300
9.880000 0.001900
9.890000 0.001900
9.900000 0.001600
9.910000 0.002100
9.920000 0.001600
9.930000 0.001700
9.940000 0.003000
9.950000 0.002200
9.960000 0.001800
9.970000 0.001800
9.980000 0.001500
9.990000 0.001800
10.000000 0.002200
