0.000000 0.921990
0.010000 0.986540
0.020000 0.977080
0.030000 0.970820
0.040000 0.962950
0.050000 0.957280
0.060000 0.952230
0.070000 0.947960
0.080000 0.942380
0.090000 0.936770
0.100000 0.932760
0.110000 0.929370
0.120000 0.924690
0.130000 0.920210
0.140000 0.916890
0.150000 0.912110
0.160000 0.908910
0.170000 0.904480
0.180000 0.900590
0.190000 0.894630
0.200000 0.891350
0.210000 0.888920
0.220000 0.883920
0.230000 0.883470
0.240000 0.876880
0.250000 0.869300
0.260000 0.869860
0.270000 0.865690
0.280000 0.861020
0.290000 0.857160
0.300000 0.853350
0.310000 0.850080
0.320000 0.846120
0.330000 0.841460
0.340000 0.839830
0.350000 0.835140
0.360000 0.830930
0.370000 0.829530
0.380000 0.824840
0.390000 0.822940
0.400000 0.817490
0.410000 0.812440
0.420000 0.810380
0.430000 0.806250
0.440000 0.803400
0.450000 0.799740
0.460000 0.792500
0.470000 0.791170
0.480000 0.786330
0.490000 0.783470
0.500000 0.776480
0.510000 0.776000
0.520000 0.770720
0.530000 0.769060
0.540000 0.762890
0.550000 0.759240
0.560000 0.756520
0.570000 0.751920
0.580000 0.749640
0.590000 0.745900
0.600000 0.743130
0.610000 0.737250
0.620000 0.735620
0.630000 0.730630
0.640000 0.728480
0.650000 0.726020
0.660000 0.719830
0.670000 0.716070
0.680000 0.713740
0.690000 0.708310
0.700000 0.709520
0.710000 0.703950
0.720000 0.699260
0.730000 0.696010
0.740000 0.690390
0.750000 0.687520
0.760000 0.681270
0.770000 0.681160
0.780000 0.676020
0.790000 0.672370
0.800000 0.669620
0.810000 0.666810
0.820000 0.660240
0.830000 0.656360
0.840000 0.654890
0.850000 0.649910
0.860000 0.647720
0.870000 0.642660
0.880000 0.642550
0.890000 0.638440
0.900000 0.634610
0.910000 0.628190
0.920000 0.624220
0.930000 0.622700
0.940000 0.618600
0.950000 0.619170
0.960000 0.614520
0.970000 0.610120
0.980000 0.607820
0.990000 0.603910
1.000000 0.598740
1.010000 0.594060
1.020000 0.589970
1.030000 0.588710
1.040000 0.583550
1.050000 0.580880
1.060000 0.573660
1.070000 0.574510
1.080000 0.572720
1.090000 0.565770
1.100000 0.563960
1.110000 0.557070
1.120000 0.554930
1.130000 0.551900
1.140000 0.547490
1.150000 0.544870
1.160000 0.542450
1.170000 0.539760
1.180000 0.531110
1.190000 0.531550
1.200000 0.529200
1.210000 0.527910
1.220000 0.519450
1.230000 0.517100
1.240000 0.514940
1.250000 0.511170
1.260000 0.508330
1.270000 0.502300
1.280000 0.498200
1.290000 0.494350
1.300000 0.494380
1.310000 0.489380
1.320000 0.485670
1.330000 0.485140
1.340000 0.479030
1.350000 0.479650
1.360000 0.472440
1.370000 0.469450
1.380000 0.465780
1.390000 0.461840
1.400000 0.457900
1.410000 0.456250
1.420000 0.454390
1.430000 0.449420
1.440000 0.447650
1.450000 0.441410
1.460000 0.438140
1.470000 0.436660
1.480000 0.431550
1.490000 0.427060
1.500000 0.425260
1.510000 0.424080
1.520000 0.414630
1.530000 0.416530
1.540000 0.412840
1.550000 0.408260
1.560000 0.403010
1.570000 0.403800
1.580000 0.399710
1.590000 0.396520
1.600000 0.394250
1.610000 0.392040
1.620000 0.387000
1.630000 0.382830
1.640000 0.382380
1.650000 0.379820
1.660000 0.377260
1.670000 0.372220
1.680000 0.364480
1.690000 0.367270
1.700000 0.361950
1.710000 0.359840
1.720000 0.357980
1.730000 0.353060
1.740000 0.352120
1.750000 0.347530
1.760000 0.345070
1.770000 0.337690
1.780000 0.342500
1.790000 0.336620
1.800000 0.333360
1.810000 0.331300
1.820000 0.327870
1.830000 0.329130
1.840000 0.327740
1.850000 0.322340
1.860000 0.318420
1.870000 0.318500
1.880000 0.315750
1.890000 0.312870
1.900000 0.306760
1.910000 0.306690
1.920000 0.308240
1.930000 0.300770
1.940000 0.303920
1.950000 0.297920
1.960000 0.297340
1.970000 0.291200
1.980000 0.289710
1.990000 0.287100
2.000000 0.287400
2.010000 0.284670
2.020000 0.284680
2.030000 0.280100
2.040000 0.279130
2.050000 0.276510
2.060000 0.275940
2.070000 0.272980
2.080000 0.268040
2.090000 0.265060
2.100000 0.264120
2.110000 0.260800
2.120000 0.261970
2.130000 0.256380
2.140000 0.257130
2.150000 0.254130
2.160000 0.251460
2.170000 0.250090
2.180000 0.247100
2.190000 0.246760
2.200000 0.242480
2.210000 0.240660
2.220000 0.242750
2.230000 0.237780
2.240000 0.236450
2.250000 0.235290
2.260000 0.234730
2.270000 0.230030
2.280000 0.227130
2.290000 0.225690
2.300000 0.224820
2.310000 0.221580
2.320000 0.218270
2.330000 0.218440
2.340000 0.215830
2.350000 0.215050
2.360000 0.212210
2.370000 0.210370
2.380000 0.205310
2.390000 0.205350
2.400000 0.204020
2.410000 0.202050
2.420000 0.199140
2.430000 0.198590
2.440000 0.196440
2.450000 0.193660
2.460000 0.193270
2.470000 0.192960
2.480000 0.191330
2.490000 0.188240
2.500000 0.184830
2.510000 0.185170
2.520000 0.182170
2.530000 0.177610
2.540000 0.176580
2.550000 0.174230
2.560000 0.175280
2.570000 0.170890
2.580000 0.171260
2.590000 0.166520
2.600000 0.168200
2.610000 0.162720
2.620000 0.164680
2.630000 0.158890
2.640000 0.159440
2.650000 0.155550
2.660000 0.154610
2.670000 0.152900
2.680000 0.153160
2.690000 0.149000
2.700000 0.150530
2.710000 0.149510
2.720000 0.144420
2.730000 0.144610
2.740000 0.141280
2.750000 0.142210
2.760000 0.138640
2.770000 0.136540
2.780000 0.135290
2.790000 0.133570
2.800000 0.131800
2.810000 0.130060
2.820000 0.130320
2.830000 0.128660
2.840000 0.127020
2.850000 0.124690
2.860000 0.124040
2.870000 0.124000
2.880000 0.119450
2.890000 0.119460
2.900000 0.116580
2.910000 0.116760
2.920000 0.117000
2.930000 0.113980
2.940000 0.110820
2.950000 0.111550
2.960000 0.109640
2.970000 0.106270
2.980000 0.107040
2.990000 0.105290
3.000000 0.102500
3.010000 0.101990
3.020000 0.102480
3.030000 0.098930
3.040000 0.098970
3.050000 0.096900
3.060000 0.095820
3.070000 0.095250
3.080000 0.093680
3.090000 0.092860
3.100000 0.090970
3.110000 0.088650
3.120000 0.090840
3.130000 0.087460
3.140000 0.086610
3.150000 0.085000
3.160000 0.083480
3.170000 0.084130
3.180000 0.081400
3.190000 0.082820
3.200000 0.079000
3.210000 0.077750
3.220000 0.079100
3.230000 0.078030
3.240000 0.075670
3.250000 0.074760
3.260000 0.075200
3.270000 0.074210
3.280000 0.072800
3.290000 0.071510
3.300000 0.072720
3.310000 0.070070
3.320000 0.070170
3.330000 0.067570
3.340000 0.067070
3.350000 0.066080
3.360000 0.065690
3.370000 0.064420
3.380000 0.062250
3.390000 0.064230
3.400000 0.061570
3.410000 0.062150
3.420000 0.059970
3.430000 0.060270
3.440000 0.060340
3.450000 0.062040
3.460000 0.060640
3.470000 0.059930
3.480000 0.058070
3.490000 0.055640
3.500000 0.057430
3.510000 0.055850
3.520000 0.056550
3.530000 0.053410
3.540000 0.053580
3.550000 0.053200
3.560000 0.052210
3.570000 0.051940
3.580000 0.050380
3.590000 0.051420
3.600000 0.050910
3.610000 0.049540
3.620000 0.048410
3.630000 0.047910
3.640000 0.048250
3.650000 0.046700
3.660000 0.047000
3.670000 0.046020
3.680000 0.045680
3.690000 0.045900
3.700000 0.043600
3.710000 0.044470
3.720000 0.043410
3.730000 0.043320
3.740000 0.042320
3.750000 0.042180
3.760000 0.042400
3.770000 0.041440
3.780000 0.041440
3.790000 0.040050
3.800000 0.040390
3.810000 0.039080
3.820000 0.038930
3.830000 0.038270
3.840000 0.038430
3.850000 0.037210
3.860000 0.036380
3.870000 0.036610
3.880000 0.036850
3.890000 0.036190
3.900000 0.035080
3.910000 0.034590
3.920000 0.035510
3.930000 0.034510
3.940000 0.034320
3.950000 0.034070
3.960000 0.033560
3.970000 0.032500
3.980000 0.031610
3.990000 0.033190
4.000000 0.031410
4.010000 0.031620
4.020000 0.031470
4.030000 0.031110
4.040000 0.030550
4.050000 0.030800
4.060000 0.029920
4.070000 0.028860
4.080000 0.030060
4.090000 0.029770
4.100000 0.028720
4.110000 0.029220
4.120000 0.028600
4.130000 0.027970
4.140000 0.026700
4.150000 0.028110
4.160000 0.027160
4.170000 0.028470
4.180000 0.027400
4.190000 0.027150
4.200000 0.027020
4.210000 0.026760
4.220000 0.026270
4.230000 0.026440
4.240000 0.025830
4.250000 0.025280
4.260000 0.025770
4.270000 0.024820
4.280000 0.024510
4.290000 0.024110
4.300000 0.025190
4.310000 0.023630
4.320000 0.023180
4.330000 0.024380
4.340000 0.024040
4.350000 0.023830
4.360000 0.023470
4.370000 0.023220
4.380000 0.021360
4.390000 0.022290
4.400000 0.022320
4.410000 0.022020
4.420000 0.022010
4.430000 0.022230
4.440000 0.021510
4.450000 0.022670
4.460000 0.021920
4.470000 0.021270
4.480000 0.020230
4.490000 0.020890
4.500000 0.020510
4.510000 0.021250
4.520000 0.021400
4.530000 0.020060
4.540000 0.019540
4.550000 0.020600
4.560000 0.020160
4.570000 0.019600
4.580000 0.019420
4.590000 0.019570
4.600000 0.018850
4.610000 0.019340
4.620000 0.018980
4.630000 0.018540
4.640000 0.018680
4.650000 0.017890
4.660000 0.018200
4.670000 0.017430
4.680000 0.017480
4.690000 0.017290
4.700000 0.017520
4.710000 0.017180
4.720000 0.016290
4.730000 0.017060
4.740000 0.017460
4.750000 0.016850
4.760000 0.016330
4.770000 0.016710
4.780000 0.017020
4.790000 0.016530
4.800000 0.016120
4.810000 0.015810
4.820000 0.015520
4.830000 0.015540
4.840000 0.015600
4.850000 0.015770
4.860000 0.015540
4.870000 0.016070
4.880000 0.014720
4.890000 0.014890
4.900000 0.015090
4.910000 0.015470
4.920000 0.013820
4.930000 0.014740
4.940000 0.015180
4.950000 0.013800
4.960000 0.013860
4.970000 0.014110
4.980000 0.013990
4.990000 0.014000
5.000000 0.013330
5.010000 0.013020
5.020000 0.013260
5.030000 0.013080
5.040000 0.013420
5.050000 0.012680
5.060000 0.012680
5.070000 0.012760
5.080000 0.013400
5.090000 0.012860
5.100000 0.012310
5.110000 0.012360
5.120000 0.012640
5.130000 0.012230
5.140000 0.012440
5.150000 0.012230
5.160000 0.012080
5.170000 0.011770
5.180000 0.011760
5.190000 0.011140
5.200000 0.011720
5.210000 0.011850
5.220000 0.011320
5.230000 0.010980
5.240000 0.010940
5.250000 0.011200
5.260000 0.010570
5.270000 0.010500
5.280000 0.010670
5.290000 0.010610
5.300000 0.010460
5.310000 0.010480
5.320000 0.010460
5.330000 0.010400
5.340000 0.010380
5.350000 0.010070
5.360000 0.010400
5.370000 0.009920
5.380000 0.010450
5.390000 0.009480
5.400000 0.008940
5.410000 0.009260
5.420000 0.009410
5.430000 0.009350
5.440000 0.009330
5.450000 0.009390
5.460000 0.009350
5.470000 0.009010
5.480000 0.009040
5.490000 0.008570
5.500000 0.009200
5.510000 0.008750
5.520000 0.009280
5.530000 0.008640
5.540000 0.008770
5.550000 0.009330
5.560000 0.008810
5.570000 0.009110
5.580000 0.008820
5.590000 0.008640
5.600000 0.008270
5.610000 0.008470
5.620000 0.008580
5.630000 0.008230
5.640000 0.008290
5.650000 0.008270
5.660000 0.007960
5.670000 0.008020
5.680000 0.007550
5.690000 0.007620
5.700000 0.008340
5.710000 0.007780
5.720000 0.007680
5.730000 0.007430
5.740000 0.007500
5.750000 0.007520
5.760000 0.007580
5.770000 0.007530
5.780000 0.006870
5.790000 0.007210
5.800000 0.007550
5.810000 0.007320
5.820000 0.006810
5.830000 0.007200
5.840000 0.006580
5.850000 0.006680
5.860000 0.007160
5.870000 0.006780
5.880000 0.006380
5.890000 0.006670
5.900000 0.006650
5.910000 0.006460
5.920000 0.006780
5.930000 0.006660
5.940000 0.006560
5.950000 0.006160
5.960000 0.006590
5.970000 0.006470
5.980000 0.006530
5.990000 0.006080
6.000000 0.006310
6.010000 0.006070
6.020000 0.006040
6.030000 0.005840
6.040000 0.005770
6.050000 0.005580
6.060000 0.006060
6.070000 0.005790
6.080000 0.005350
6.090000 0.005480
6.100000 0.005770
6.110000 0.005740
6.120000 0.005450
6.130000 0.005360
6.140000 0.005330
6.150000 0.005560
6.160000 0.005140
6.170000 0.005270
6.180000 0.005230
6.190000 0.005400
6.200000 0.005100
6.210000 0.005090
6.220000 0.004970
6.230000 0.005020
6.240000 0.005240
6.250000 0.005140
6.260000 0.005240
6.270000 0.004840
6.280000 0.004830
6.290000 0.004830
6.300000 0.004900
6.310000 0.004600
6.320000 0.005180
6.330000 0.004800
6.340000 0.004730
6.350000 0.004500
6.360000 0.004690
6.370000 0.005030
6.380000 0.004640
6.390000 0.004500
6.400000 0.004610
6.410000 0.004290
6.420000 0.004310
6.430000 0.004550
6.440000 0.003880
6.450000 0.004600
6.460000 0.004470
6.470000 0.004030
6.480000 0.003860
6.490000 0.004080
6.500000 0.004510
6.510000 0.004380
6.520000 0.003730
6.530000 0.004000
6.540000 0.004120
6.550000 0.003790
6.560000 0.004030
6.570000 0.004030
6.580000 0.003790
6.590000 0.003660
6.600000 0.003860
6.610000 0.003940
6.620000 0.004010
6.630000 0.004040
6.640000 0.003970
6.650000 0.004230
6.660000 0.003770
6.670000 0.003780
6.680000 0.003500
6.690000 0.004000
6.700000 0.003560
6.710000 0.003680
6.720000 0.003450
6.730000 0.003590
6.740000 0.003690
6.750000 0.003680
6.760000 0.003460
6.770000 0.003200
6.780000 0.003480
6.790000 0.003450
6.800000 0.003340
6.810000 0.003430
6.820000 0.003140
6.830000 0.003840
6.840000 0.003360
6.850000 0.003150
6.860000 0.003250
6.870000 0.003440
6.880000 0.003100
6.890000 0.003250
6.900000 0.003110
6.910000 0.003400
6.920000 0.003020
6.930000 0.003210
6.940000 0.002900
6.950000 0.003050
6.960000 0.003040
6.970000 0.003020
6.980000 0.003330
6.990000 0.003330
7.000000 0.002920
7.010000 0.002840
7.020000 0.003040
7.030000 0.003090
7.040000 0.003140
7.050000 0.002960
7.060000 0.002810
7.070000 0.002830
7.080000 0.002730
7.090000 0.002610
7.100000 0.002830
7.110000 0.002820
7.120000 0.002780
7.130000 0.003060
7.140000 0.002690
7.150000 0.002710
7.160000 0.002880
7.170000 0.002710
7.180000 0.002760
7.190000 0.002910
7.200000 0.002620
7.210000 0.002750
7.220000 0.002830
7.230000 0.002880
7.240000 0.002820
7.250000 0.002410
7.260000 0.002470
7.270000 0.002780
7.280000 0.002410
7.290000 0.002560
7.300000 0.002610
7.310000 0.002360
7.320000 0.002070
7.330000 0.002700
7.340000 0.002270
7.350000 0.002500
7.360000 0.002290
7.370000 0.002180
7.380000 0.002710
7.390000 0.002330
7.400000 0.002390
7.410000 0.002440
7.420000 0.002280
7.430000 0.002370
7.440000 0.002320
7.450000 0.002480
7.460000 0.002520
7.470000 0.001960
7.480000 0.002170
7.490000 0.002380
7.500000 0.002210
7.510000 0.002240
7.520000 0.002330
7.530000 0.002450
7.540000 0.002270
7.550000 0.002250
7.560000 0.002010
7.570000 0.002260
7.580000 0.002470
7.590000 0.002010
7.600000 0.001950
7.610000 0.001850
7.620000 0.002220
7.630000 0.002320
7.640000 0.002190
7.650000 0.002050
7.660000 0.001810
7.670000 0.001780
7.680000 0.002210
7.690000 0.002030
7.700000 0.001930
7.710000 0.002050
7.720000 0.002070
7.730000 0.001910
7.740000 0.001770
7.750000 0.002070
7.760000 0.002030
7.770000 0.001870
7.780000 0.001720
7.790000 0.001620
7.800000 0.001790
7.810000 0.001760
7.820000 0.001750
7.830000 0.001750
7.840000 0.001810
7.850000 0.001780
7.860000 0.001910
7.870000 0.001740
7.880000 0.001580
7.890000 0.001830
7.900000 0.001710
7.910000 0.001870
7.920000 0.001840
7.930000 0.001680
7.940000 0.001680
7.950000 0.001460
7.960000 0.001850
7.970000 0.001530
7.980000 0.001940
7.990000 0.001500
8.000000 0.001550
8.010000 0.001820
8.020000 0.001610
8.030000 0.001430
8.040000 0.001790
8.050000 0.001690
8.060000 0.001460
8.070000 0.001530
8.080000 0.001610
8.090000 0.001680
8.100000 0.001670
8.110000 0.001760
8.120000 0.001790
8.130000 0.001750
8.140000 0.001650
8.150000 0.001590
8.160000 0.001440
8.170000 0.001640
8.180000 0.001500
8.190000 0.001410
8.200000 0.001740
8.210000 0.001840
8.220000 0.001410
8.230000 0.001570
8.240000 0.001490
8.250000 0.001420
8.260000 0.001550
8.270000 0.001600
8.280000 0.001370
8.290000 0.001220
8.300000 0.001410
8.310000 0.001430
8.320000 0.001330
8.330000 0.001590
8.340000 0.001360
8.350000 0.001290
8.360000 0.001330
8.370000 0.001440
8.380000 0.001280
8.390000 0.001330
8.400000 0.001260
8.410000 0.001360
8.420000 0.001270
8.430000 0.001250
8.440000 0.001350
8.450000 0.001210
8.460000 0.001230
8.470000 0.001610
8.480000 0.001340
8.490000 0.001540
8.500000 0.001290
8.510000 0.001330
8.520000 0.001230
8.530000 0.001460
8.540000 0.001110
8.550000 0.001390
8.560000 0.001170
8.570000 0.001070
8.580000 0.001330
8.590000 0.001220
8.600000 0.001250
8.610000 0.001220
8.620000 0.001210
8.630000 0.001410
8.640000 0.001350
8.650000 0.001230
8.660000 0.001170
8.670000 0.001260
8.680000 0.001250
8.690000 0.001210
8.700000 0.001180
8.710000 0.001260
8.720000 0.001090
8.730000 0.001210
8.740000 0.001230
8.750000 0.001170
8.760000 0.000960
8.770000 0.001060
8.780000 0.001210
8.790000 0.001000
8.800000 0.001140
8.810000 0.001110
8.820000 0.001280
8.830000 0.001270
8.840000 0.001090
8.850000 0.001130
8.860000 0.001060
8.870000 0.001120
8.880000 0.001220
8.890000 0.001090
8.900000 0.001210
8.910000 0.001170
8.920000 0.001140
8.930000 0.001210
8.940000 0.000920
8.950000 0.000990
8.960000 0.001100
8.970000 0.001070
8.980000 0.001150
8.990000 0.001140
9.000000 0.001160
9.010000 0.001050
9.020000 0.001000
9.030000 0.001030
9.040000 0.001090
9.050000 0.001150
9.060000 0.001020
9.070000 0.000920
9.080000 0.001000
9.090000 0.000990
9.100000 0.001020
9.110000 0.001040
9.120000 0.001010
9.130000 0.000860
9.140000 0.000980
9.150000 0.001030
9.160000 0.001060
9.170000 0.001010
9.180000 0.000910
9.190000 0.001020
9.200000 0.000900
9.210000 0.001000
9.220000 0.000890
9.230000 0.001050
9.240000 0.000950
9.250000 0.000950
9.260000 0.000880
9.270000 0.000790
9.280000 0.001050
9.290000 0.000870
9.300000 0.000860
9.310000 0.001000
9.320000 0.000810
9.330000 0.000890
9.340000 0.001040
9.350000 0.000960
9.360000 0.000770
9.370000 0.000890
9.380000 0.001010
9.390000 0.000880
9.400000 0.000870
9.410000 0.000910
9.420000 0.000850
9.430000 0.000830
9.440000 0.000990
9.450000 0.000920
9.460000 0.000920
9.470000 0.000970
9.480000 0.000860
9.490000 0.000780
9.500000 0.000930
9.510000 0.000800
9.520000 0.001140
9.530000 0.000910
9.540000 0.000840
9.550000 0.000840
9.560000 0.000790
9.570000 0.000890
9.580000 0.000760
9.590000 0.001010
9.600000 0.000990
9.610000 0.000970
9.620000 0.000830
9.630000 0.000860
9.640000 0.000930
9.650000 0.000910
9.660000 0.000850
9.670000 0.000910
9.680000 0.000900
9.690000 0.000830
9.700000 0.000900
9.710000 0.000850
9.720000 0.000870
9.730000 0.000840
9.740000 0.000910
9.750000 0.000800
9.760000 0.000790
9.770000 0.000780
9.780000 0.000830
9.790000 0.000670
9.800000 0.000830
9.810000 0.000920
9.820000 0.000870
9.830000 0.000960
9.840000 0.000800
9.850000 0.000890
9.860000 0.001030
9.870000 0.000810
9.880000 0.000690
9.890000 0.001020
9.900000 0.000740
9.910000 0.000940
9.920000 0.000840
9.930000 0.000930
9.940000 0.000800
9.950000 0.001060
9.960000 0.001110
9.970000 0.000940
9.980000 0.001100
9.990000 0.000970
10.000000 0.000790
