0.000000 0.000450
0.010000 0.987380
0.020000 0.977990
0.030000 0.971460
0.040000 0.965050
0.050000 0.960000
0.060000 0.955640
0.070000 0.948550
0.080000 0.944090
0.090000 0.940480
0.100000 0.935460
0.110000 0.930490
0.120000 0.926910
0.130000 0.923000
0.140000 0.917150
0.150000 0.914230
0.160000 0.909820
0.170000 0.906710
0.180000 0.902900
0.190000 0.899850
0.200000 0.893230
0.210000 0.889860
0.220000 0.887510
0.230000 0.882550
0.240000 0.880000
0.250000 0.876160
0.260000 0.871910
0.270000 0.869900
0.280000 0.864490
0.290000 0.862630
0.300000 0.857890
0.310000 0.855420
0.320000 0.849880
0.330000 0.846540
0.340000 0.842930
0.350000 0.841640
0.360000 0.836680
0.370000 0.833280
0.380000 0.828700
0.390000 0.825620
0.400000 0.823380
0.410000 0.816060
0.420000 0.814580
0.430000 0.810920
0.440000 0.807330
0.450000 0.803930
0.460000 0.802050
0.470000 0.797710
0.480000 0.796690
0.490000 0.792370
0.500000 0.787450
0.510000 0.784290
0.520000 0.780080
0.530000 0.778310
0.540000 0.773040
0.550000 0.769080
0.560000 0.764810
0.570000 0.763060
0.580000 0.760740
0.590000 0.758470
0.600000 0.752890
0.610000 0.748190
0.620000 0.745160
0.630000 0.740150
0.640000 0.737190
0.650000 0.734970
0.660000 0.731010
0.670000 0.729870
0.680000 0.726100
0.690000 0.720890
0.700000 0.717640
0.710000 0.714400
0.720000 0.709230
0.730000 0.703980
0.740000 0.705210
0.750000 0.696700
0.760000 0.697820
0.770000 0.691610
0.780000 0.688030
0.790000 0.684510
0.800000 0.680040
0.810000 0.676580
0.820000 0.675510
0.830000 0.670930
0.840000 0.668500
0.850000 0.666610
0.860000 0.658380
0.870000 0.658780
0.880000 0.651000
0.890000 0.649630
0.900000 0.644210
0.910000 0.642990
0.920000 0.638620
0.930000 0.633160
0.940000 0.630060
0.950000 0.627260
0.960000 0.621130
0.970000 0.616860
0.980000 0.616270
0.990000 0.611670
1.000000 0.609560
1.010000 0.603620
1.020000 0.603450
1.030000 0.597690
1.040000 0.596670
1.050000 0.588670
1.060000 0.587570
1.070000 0.582800
1.080000 0.584900
1.090000 0.575370
1.100000 0.571150
1.110000 0.571460
1.120000 0.568440
1.130000 0.565590
1.140000 0.559590
1.150000 0.556770
1.160000 0.552750
1.170000 0.549740
1.180000 0.547120
1.190000 0.542640
1.200000 0.540430
1.210000 0.536000
1.220000 0.528830
1.230000 0.530580
1.240000 0.525270
1.250000 0.523860
1.260000 0.520090
1.270000 0.515290
1.280000 0.515710
1.290000 0.513410
1.300000 0.506450
1.310000 0.503950
1.320000 0.499980
1.330000 0.498190
1.340000 0.492540
1.350000 0.487180
1.360000 0.487680
1.370000 0.481360
1.380000 0.476330
1.390000 0.474810
1.400000 0.469990
1.410000 0.470800
1.420000 0.469290
1.430000 0.460810
1.440000 0.458460
1.450000 0.457090
1.460000 0.449630
1.470000 0.449230
1.480000 0.444770
1.490000 0.440970
1.500000 0.437660
1.510000 0.432750
1.520000 0.430260
1.530000 0.427480
1.540000 0.425770
1.550000 0.422970
1.560000 0.425340
1.570000 0.414640
1.580000 0.414350
1.590000 0.409770
1.600000 0.405730
1.610000 0.403480
1.620000 0.402070
1.630000 0.397850
1.640000 0.397420
1.650000 0.393500
1.660000 0.392140
1.670000 0.384910
1.680000 0.384930
1.690000 0.380740
1.700000 0.380160
1.710000 0.378720
1.720000 0.375690
1.730000 0.373100
1.740000 0.371000
1.750000 0.366800
1.760000 0.365430
1.770000 0.365170
1.780000 0.360610
1.790000 0.357880
1.800000 0.359230
1.810000 0.356910
1.820000 0.349800
1.830000 0.350750
1.840000 0.346190
1.850000 0.344370
1.860000 0.343420
1.870000 0.337590
1.880000 0.335760
1.890000 0.333400
1.900000 0.332880
1.910000 0.328110
1.920000 0.329750
1.930000 0.325000
1.940000 0.321990
1.950000 0.320300
1.960000 0.320340
1.970000 0.313860
1.980000 0.312650
1.990000 0.308550
2.000000 0.305630
2.010000 0.306720
2.020000 0.304160
2.030000 0.299150
2.040000 0.299560
2.050000 0.296960
2.060000 0.296380
2.070000 0.292330
2.080000 0.292350
2.090000 0.288690
2.100000 0.288190
2.110000 0.285190
2.120000 0.280270
2.130000 0.282720
2.140000 0.275760
2.150000 0.277420
2.160000 0.271230
2.170000 0.271580
2.180000 0.270080
2.190000 0.264610
2.200000 0.263110
2.210000 0.265350
2.220000 0.263700
2.230000 0.258250
2.240000 0.255930
2.250000 0.255310
2.260000 0.252690
2.270000 0.250410
2.280000 0.248160
2.290000 0.247700
2.300000 0.245010
2.310000 0.243340
2.320000 0.240490
2.330000 0.239940
2.340000 0.236860
2.350000 0.233190
2.360000 0.233530
2.370000 0.231140
2.380000 0.230380
2.390000 0.226250
2.400000 0.225590
2.410000 0.223180
2.420000 0.224100
2.430000 0.221690
2.440000 0.218380
2.450000 0.216490
2.460000 0.214680
2.470000 0.214710
2.480000 0.211170
2.490000 0.206220
2.500000 0.206170
2.510000 0.202350
2.520000 0.202480
2.530000 0.198430
2.540000 0.199140
2.550000 0.197600
2.560000 0.195770
2.570000 0.193510
2.580000 0.191580
2.590000 0.190570
2.600000 0.189290
2.610000 0.184200
2.620000 0.184850
2.630000 0.183750
2.640000 0.180570
2.650000 0.178950
2.660000 0.179670
2.670000 0.175130
2.680000 0.174990
2.690000 0.169400
2.700000 0.172220
2.710000 0.168730
2.720000 0.166170
2.730000 0.165490
2.740000 0.163470
2.750000 0.163080
2.760000 0.161700
2.770000 0.158420
2.780000 0.156520
2.790000 0.156520
2.800000 0.155240
2.810000 0.152740
2.820000 0.151600
2.830000 0.149580
2.840000 0.146210
2.850000 0.146070
2.860000 0.145040
2.870000 0.143440
2.880000 0.142550
2.890000 0.142760
2.900000 0.139680
2.910000 0.139130
2.920000 0.136610
2.930000 0.136750
2.940000 0.133270
2.950000 0.132370
2.960000 0.133200
2.970000 0.130140
2.980000 0.128090
2.990000 0.128750
3.000000 0.124960
3.010000 0.128030
3.020000 0.124320
3.030000 0.122810
3.040000 0.120520
3.050000 0.119460
3.060000 0.117220
3.070000 0.117090
3.080000 0.116150
3.090000 0.114080
3.100000 0.111860
3.110000 0.112080
3.120000 0.111410
3.130000 0.107700
3.140000 0.110260
3.150000 0.107070
3.160000 0.104110
3.170000 0.103730
3.180000 0.104140
3.190000 0.102000
3.200000 0.099310
3.210000 0.098390
3.220000 0.099000
3.230000 0.096250
3.240000 0.096950
3.250000 0.094290
3.260000 0.093890
3.270000 0.093300
3.280000 0.091940
3.290000 0.090030
3.300000 0.089110
3.310000 0.088860
3.320000 0.087970
3.330000 0.085870
3.340000 0.086330
3.350000 0.084400
3.360000 0.085070
3.370000 0.082660
3.380000 0.080570
3.390000 0.081880
3.400000 0.078300
3.410000 0.079600
3.420000 0.077180
3.430000 0.076490
3.440000 0.076820
3.450000 0.073350
3.460000 0.074080
3.470000 0.074180
3.480000 0.071320
3.490000 0.071720
3.500000 0.071810
3.510000 0.070810
3.520000 0.067560
3.530000 0.068420
3.540000 0.068120
3.550000 0.066230
3.560000 0.066290
3.570000 0.063620
3.580000 0.063770
3.590000 0.064150
3.600000 0.062640
3.610000 0.062800
3.620000 0.063530
3.630000 0.060950
3.640000 0.059560
3.650000 0.059080
3.660000 0.059130
3.670000 0.058070
3.680000 0.057590
3.690000 0.057220
3.700000 0.055450
3.710000 0.055500
3.720000 0.055260
3.730000 0.053500
3.740000 0.052600
3.750000 0.052680
3.760000 0.050860
3.770000 0.051420
3.780000 0.049960
3.790000 0.049380
3.800000 0.049170
3.810000 0.047700
3.820000 0.048490
3.830000 0.046010
3.840000 0.046710
3.850000 0.045900
3.860000 0.047080
3.870000 0.044450
3.880000 0.045950
3.890000 0.044900
3.900000 0.043870
3.910000 0.042830
3.920000 0.042930
3.930000 0.042230
3.940000 0.040560
3.950000 0.041020
3.960000 0.040790
3.970000 0.040840
3.980000 0.038290
3.990000 0.039220
4.000000 0.038790
4.010000 0.038960
4.020000 0.038110
4.030000 0.037080
4.040000 0.036860
4.050000 0.036540
4.060000 0.036840
4.070000 0.036680
4.080000 0.034050
4.090000 0.034370
4.100000 0.034910
4.110000 0.033550
4.120000 0.033650
4.130000 0.034180
4.140000 0.034200
4.150000 0.032040
4.160000 0.031720
4.170000 0.031660
4.180000 0.030610
4.190000 0.031730
4.200000 0.030150
4.210000 0.029950
4.220000 0.030220
4.230000 0.029990
4.240000 0.028970
4.250000 0.028910
4.260000 0.028910
4.270000 0.028760
4.280000 0.027860
4.290000 0.027750
4.300000 0.027120
4.310000 0.027220
4.320000 0.027610
4.330000 0.026470
4.340000 0.025730
4.350000 0.025690
4.360000 0.025660
4.370000 0.025740
4.380000 0.025370
4.390000 0.024830
4.400000 0.024380
4.410000 0.024490
4.420000 0.024870
4.430000 0.023890
4.440000 0.023670
4.450000 0.022880
4.460000 0.022650
4.470000 0.023180
4.480000 0.022390
4.490000 0.022260
4.500000 0.022610
4.510000 0.021610
4.520000 0.021120
4.530000 0.021200
4.540000 0.021810
4.550000 0.020810
4.560000 0.020620
4.570000 0.020030
4.580000 0.020210
4.590000 0.019760
4.600000 0.019810
4.610000 0.018870
4.620000 0.019860
4.630000 0.018890
4.640000 0.017760
4.650000 0.019220
4.660000 0.018260
4.670000 0.018110
4.680000 0.017980
4.690000 0.017910
4.700000 0.017850
4.710000 0.018470
4.720000 0.017980
4.730000 0.017530
4.740000 0.017360
4.750000 0.017600
4.760000 0.017020
4.770000 0.016440
4.780000 0.015490
4.790000 0.016340
4.800000 0.015370
4.810000 0.015690
4.820000 0.015350
4.830000 0.016400
4.840000 0.015230
4.850000 0.015460
4.860000 0.015700
4.870000 0.014490
4.880000 0.015230
4.890000 0.014510
4.900000 0.014750
4.910000 0.014710
4.920000 0.014590
4.930000 0.014440
4.940000 0.014080
4.950000 0.014470
4.960000 0.014050
4.970000 0.013450
4.980000 0.013520
4.990000 0.013650
5.000000 0.013060
5.010000 0.013030
5.020000 0.012920
5.030000 0.013230
5.040000 0.012650
5.050000 0.012420
5.060000 0.012170
5.070000 0.013080
5.080000 0.012290
5.090000 0.011810
5.100000 0.011680
5.110000 0.012580
5.120000 0.012330
5.130000 0.011740
5.140000 0.011760
5.150000 0.011260
5.160000 0.011440
5.170000 0.011210
5.180000 0.010930
5.190000 0.011210
5.200000 0.011160
5.210000 0.010510
5.220000 0.010540
5.230000 0.010580
5.240000 0.010530
5.250000 0.010280
5.260000 0.010690
5.270000 0.010310
5.280000 0.009210
5.290000 0.009710
5.300000 0.009960
5.310000 0.009380
5.320000 0.009630
5.330000 0.009760
5.340000 0.009440
5.350000 0.009640
5.360000 0.009340
5.370000 0.009250
5.380000 0.008650
5.390000 0.008580
5.400000 0.009020
5.410000 0.008910
5.420000 0.009030
5.430000 0.008730
5.440000 0.008600
5.450000 0.008250
5.460000 0.008310
5.470000 0.008180
5.480000 0.008130
5.490000 0.008260
5.500000 0.007790
5.510000 0.008430
5.520000 0.008140
5.530000 0.007950
5.540000 0.007580
5.550000 0.007570
5.560000 0.007450
5.570000 0.007470
5.580000 0.008000
5.590000 0.007750
5.600000 0.007600
5.610000 0.007680
5.620000 0.007030
5.630000 0.007350
5.640000 0.007600
5.650000 0.006830
5.660000 0.006790
5.670000 0.006810
5.680000 0.007350
5.690000 0.007120
5.700000 0.006770
5.710000 0.006840
5.720000 0.006930
5.730000 0.006780
5.740000 0.006660
5.750000 0.006400
5.760000 0.006240
5.770000 0.006500
5.780000 0.006640
5.790000 0.006820
5.800000 0.006550
5.810000 0.006280
5.820000 0.006420
5.830000 0.006160
5.840000 0.006080
5.850000 0.006020
5.860000 0.006440
5.870000 0.005910
5.880000 0.005830
5.890000 0.005680
5.900000 0.006040
5.910000 0.005520
5.920000 0.005530
5.930000 0.005940
5.940000 0.006140
5.950000 0.006010
5.960000 0.005840
5.970000 0.005640
5.980000 0.005540
5.990000 0.005440
6.000000 0.005450
6.010000 0.005680
6.020000 0.005170
6.030000 0.005190
6.040000 0.005440
6.050000 0.005000
6.060000 0.005070
6.070000 0.004900
6.080000 0.005230
6.090000 0.005390
6.100000 0.005330
6.110000 0.005120
6.120000 0.005140
6.130000 0.004660
6.140000 0.004550
6.150000 0.004850
6.160000 0.004760
6.170000 0.004660
6.180000 0.004600
6.190000 0.004920
6.200000 0.005090
6.210000 0.004690
6.220000 0.004910
6.230000 0.004480
6.240000 0.004480
6.250000 0.004560
6.260000 0.004450
6.270000 0.004620
6.280000 0.004260
6.290000 0.004040
6.300000 0.004020
6.310000 0.004200
6.320000 0.004570
6.330000 0.004290
6.340000 0.004040
6.350000 0.004360
6.360000 0.004300
6.370000 0.004390
6.380000 0.004210
6.390000 0.004340
6.400000 0.003980
6.410000 0.003840
6.420000 0.004190
6.430000 0.003560
6.440000 0.003730
6.450000 0.004030
6.460000 0.003750
6.470000 0.003900
6.480000 0.003960
6.490000 0.004000
6.500000 0.003830
6.510000 0.003560
6.520000 0.004180
6.530000 0.003720
6.540000 0.003750
6.550000 0.003400
6.560000 0.003700
6.570000 0.003430
6.580000 0.003520
6.590000 0.003810
6.600000 0.003390
6.610000 0.003470
6.620000 0.003310
6.630000 0.003620
6.640000 0.003310
6.650000 0.003360
6.660000 0.003310
6.670000 0.003390
6.680000 0.003530
6.690000 0.003250
6.700000 0.003050
6.710000 0.003080
6.720000 0.003580
6.730000 0.003210
6.740000 0.003300
6.750000 0.002850
6.760000 0.003160
6.770000 0.002870
6.780000 0.003080
6.790000 0.002850
6.800000 0.002740
6.810000 0.003200
6.820000 0.002870
6.830000 0.003160
6.840000 0.003470
6.850000 0.002940
6.860000 0.002780
6.870000 0.002780
6.880000 0.002950
6.890000 0.003130
6.900000 0.002570
6.910000 0.002770
6.920000 0.002850
6.930000 0.002720
6.940000 0.002550
6.950000 0.002890
6.960000 0.002740
6.970000 0.002730
6.980000 0.002610
6.990000 0.003040
7.000000 0.003070
7.010000 0.002620
7.020000 0.002170
7.030000 0.002600
7.040000 0.002820
7.050000 0.002670
7.060000 0.002510
7.070000 0.002110
7.080000 0.002500
7.090000 0.002380
7.100000 0.002550
7.110000 0.002530
7.120000 0.002660
7.130000 0.002640
7.140000 0.002280
7.150000 0.002390
7.160000 0.002310
7.170000 0.002410
7.180000 0.002250
7.190000 0.002550
7.200000 0.002680
7.210000 0.002430
7.220000 0.002240
7.230000 0.002230
7.240000 0.002360
7.250000 0.002390
7.260000 0.002560
7.270000 0.001980
7.280000 0.002110
7.290000 0.002450
7.300000 0.002110
7.310000 0.002300
7.320000 0.001990
7.330000 0.002210
7.340000 0.002060
7.350000 0.002130
7.360000 0.002170
7.370000 0.002110
7.380000 0.002000
7.390000 0.002260
7.400000 0.002080
7.410000 0.002150
7.420000 0.002030
7.430000 0.002090
7.440000 0.002330
7.450000 0.002100
7.460000 0.001900
7.470000 0.002160
7.480000 0.001750
7.490000 0.001860
7.500000 0.002020
7.510000 0.001990
7.520000 0.001790
7.530000 0.001760
7.540000 0.001990
7.550000 0.001930
7.560000 0.002240
7.570000 0.001580
7.580000 0.001930
7.590000 0.001910
7.600000 0.001890
7.610000 0.001780
7.620000 0.001990
7.630000 0.001870
7.640000 0.001680
7.650000 0.001680
7.660000 0.001750
7.670000 0.001870
7.680000 0.001600
7.690000 0.001900
7.700000 0.001730
7.710000 0.001730
7.720000 0.001980
7.730000 0.001930
7.740000 0.001810
7.750000 0.001720
7.760000 0.001810
7.770000 0.001700
7.780000 0.001910
7.790000 0.001660
7.800000 0.001720
7.810000 0.001500
7.820000 0.001550
7.830000 0.001620
7.840000 0.001790
7.850000 0.001750
7.860000 0.001750
7.870000 0.001650
7.880000 0.001520
7.890000 0.001600
7.900000 0.001550
7.910000 0.001570
7.920000 0.001510
7.930000 0.001440
7.940000 0.001820
7.950000 0.001410
7.960000 0.001450
7.970000 0.001670
7.980000 0.001540
7.990000 0.001540
8.000000 0.001480
8.010000 0.001440
8.020000 0.001550
8.030000 0.001490
8.040000 0.001500
8.050000 0.001480
8.060000 0.001510
8.070000 0.001530
8.080000 0.001430
8.090000 0.001340
8.100000 0.001470
8.110000 0.001380
8.120000 0.001380
8.130000 0.001470
8.140000 0.001350
8.150000 0.001430
8.160000 0.001380
8.170000 0.001350
8.180000 0.001390
8.190000 0.001290
8.200000 0.001360
8.210000 0.001350
8.220000 0.001740
8.230000 0.001370
8.240000 0.001310
8.250000 0.001510
8.260000 0.001380
8.270000 0.001370
8.280000 0.001380
8.290000 0.001350
8.300000 0.001260
8.310000 0.001350
8.320000 0.001200
8.330000 0.001400
8.340000 0.001450
8.350000 0.001250
8.360000 0.001400
8.370000 0.001570
8.380000 0.001200
8.390000 0.001180
8.400000 0.001240
8.410000 0.001310
8.420000 0.001290
8.430000 0.001200
8.440000 0.001140
8.450000 0.001210
8.460000 0.001490
8.470000 0.001230
8.480000 0.000960
8.490000 0.001240
8.500000 0.001320
8.510000 0.001290
8.520000 0.001180
8.530000 0.001410
8.540000 0.001070
8.550000 0.001120
8.560000 0.001100
8.570000 0.001240
8.580000 0.001230
8.590000 0.000980
8.600000 0.001130
8.610000 0.001200
8.620000 0.001030
8.630000 0.001190
8.640000 0.001150
8.650000 0.001200
8.660000 0.001050
8.670000 0.001070
8.680000 0.000940
8.690000 0.001110
8.700000 0.000910
8.710000 0.001200
8.720000 0.001030
8.730000 0.001030
8.740000 0.000940
8.750000 0.000990
8.760000 0.000970
8.770000 0.001140
8.780000 0.001080
8.790000 0.001190
8.800000 0.001180
8.810000 0.000790
8.820000 0.000960
8.830000 0.001160
8.840000 0.000810
8.850000 0.001170
8.860000 0.000940
8.870000 0.000860
8.880000 0.001100
8.890000 0.001130
8.900000 0.000990
8.910000 0.000870
8.920000 0.001030
8.930000 0.000810
8.940000 0.001140
8.950000 0.000880
8.960000 0.000950
8.970000 0.000850
8.980000 0.000880
8.990000 0.000830
9.000000 0.000740
9.010000 0.000980
9.020000 0.001050
9.030000 0.001140
9.040000 0.000830
9.050000 0.000890
9.060000 0.000950
9.070000 0.001040
9.080000 0.000830
9.090000 0.000920
9.100000 0.001120
9.110000 0.000850
9.120000 0.000970
9.130000 0.001070
9.140000 0.000820
9.150000 0.000890
9.160000 0.000970
9.170000 0.000710
9.180000 0.000960
9.190000 0.000930
9.200000 0.000780
9.210000 0.000780
9.220000 0.000890
9.230000 0.000850
9.240000 0.000840
9.250000 0.000840
9.260000 0.000840
9.270000 0.000840
9.280000 0.000980
9.290000 0.000810
9.300000 0.000890
9.310000 0.000810
9.320000 0.000850
9.330000 0.000670
9.340000 0.000940
9.350000 0.000900
9.360000 0.000880
9.370000 0.000920
9.380000 0.000690
9.390000 0.000920
9.400000 0.000910
9.410000 0.000900
9.420000 0.000810
9.430000 0.000750
9.440000 0.000810
9.450000 0.000910
9.460000 0.000750
9.470000 0.000900
9.480000 0.000840
9.490000 0.000630
9.500000 0.000940
9.510000 0.000610
9.520000 0.000750
9.530000 0.000780
9.540000 0.000690
9.550000 0.000810
9.560000 0.000950
9.570000 0.000810
9.580000 0.000830
9.590000 0.000680
9.600000 0.000870
9.610000 0.000640
9.620000 0.000620
9.630000 0.000830
9.640000 0.000850
9.650000 0.000880
9.660000 0.000960
9.670000 0.000790
9.680000 0.000730
9.690000 0.000750
9.700000 0.000680
9.710000 0.000620
9.720000 0.000690
9.730000 0.000730
9.740000 0.000660
9.750000 0.000520
9.760000 0.000670
9.770000 0.000530
9.780000 0.000710
9.790000 0.000700
9.800000 0.000710
9.810000 0.000530
9.820000 0.000670
9.830000 0.000560
9.840000 0.000710
9.850000 0.000690
9.860000 0.000620
9.870000 0.000910
9.880000 0.000710
9.890000 0.000450
9.900000 0.000540
9.910000 0.000660
9.920000 0.000590
9.930000 0.000520
9.940000 0.000560
9.950000 0.000720
9.960000 0.000650
9.970000 0.000530
9.980000 0.000470
9.990000 0.000610
10.000000 0.000830
