0.000000 0.830270
0.010000 0.984200
0.020000 0.976330
0.030000 0.968450
0.040000 0.963010
0.050000 0.955760
0.060000 0.950980
0.070000 0.945290
0.080000 0.940480
0.090000 0.936180
0.100000 0.930490
0.110000 0.925710
0.120000 0.921750
0.130000 0.917200
0.140000 0.912960
0.150000 0.907310
0.160000 0.903940
0.170000 0.899110
0.180000 0.897090
0.190000 0.890740
0.200000 0.887900
0.210000 0.883800
0.220000 0.879400
0.230000 0.875820
0.240000 0.870690
0.250000 0.865990
0.260000 0.862860
0.270000 0.858760
0.280000 0.855500
0.290000 0.850830
0.300000 0.846800
0.310000 0.841820
0.320000 0.843020
0.330000 0.838750
0.340000 0.836440
0.350000 0.833040
0.360000 0.827840
0.370000 0.824470
0.380000 0.820920
0.390000 0.817070
0.400000 0.813440
0.410000 0.809190
0.420000 0.805500
0.430000 0.800770
0.440000 0.796610
0.450000 0.791930
0.460000 0.792310
0.470000 0.786950
0.480000 0.781430
0.490000 0.780220
0.500000 0.773750
0.510000 0.772650
0.520000 0.767740
0.530000 0.761540
0.540000 0.757910
0.550000 0.754350
0.560000 0.752440
0.570000 0.743590
0.580000 0.743770
0.590000 0.739440
0.600000 0.736120
0.610000 0.731990
0.620000 0.730460
0.630000 0.722230
0.640000 0.719020
0.650000 0.715730
0.660000 0.710820
0.670000 0.710510
0.680000 0.706330
0.690000 0.702220
0.700000 0.698320
0.710000 0.695340
0.720000 0.689010
0.730000 0.686650
0.740000 0.681360
0.750000 0.679270
0.760000 0.675310
0.770000 0.671640
0.780000 0.668270
0.790000 0.662230
0.800000 0.658210
0.810000 0.654470
0.820000 0.650920
0.830000 0.649390
0.840000 0.645020
0.850000 0.642480
0.860000 0.636160
0.870000 0.629750
0.880000 0.628520
0.890000 0.624360
0.900000 0.621690
0.910000 0.620690
0.920000 0.614740
0.930000 0.607930
0.940000 0.606620
0.950000 0.604540
0.960000 0.597110
0.970000 0.592510
0.980000 0.589050
0.990000 0.585350
1.000000 0.584670
1.010000 0.577270
1.020000 0.573350
1.030000 0.571920
1.040000 0.564970
1.050000 0.565700
1.060000 0.562080
1.070000 0.557310
1.080000 0.551780
1.090000 0.547960
1.100000 0.542910
1.110000 0.541030
1.120000 0.534850
1.130000 0.531830
1.140000 0.531570
1.150000 0.526030
1.160000 0.521500
1.170000 0.519780
1.180000 0.511740
1.190000 0.508270
1.200000 0.510810
1.210000 0.504070
1.220000 0.501440
1.230000 0.496060
1.240000 0.491720
1.250000 0.489390
1.260000 0.484630
1.270000 0.486440
1.280000 0.482300
1.290000 0.479170
1.300000 0.476100
1.310000 0.470700
1.320000 0.469240
1.330000 0.466340
1.340000 0.460980
1.350000 0.457350
1.360000 0.453930
1.370000 0.449830
1.380000 0.447610
1.390000 0.444340
1.400000 0.440460
1.410000 0.436160
1.420000 0.434060
1.430000 0.432580
1.440000 0.428170
1.450000 0.424080
1.460000 0.421110
1.470000 0.416800
1.480000 0.414230
1.490000 0.409790
1.500000 0.406570
1.510000 0.404680
1.520000 0.403490
1.530000 0.397540
1.540000 0.391520
1.550000 0.391870
1.560000 0.389320
1.570000 0.386990
1.580000 0.385550
1.590000 0.382120
1.600000 0.378160
1.610000 0.378530
1.620000 0.371200
1.630000 0.367050
1.640000 0.368960
1.650000 0.364010
1.660000 0.359980
1.670000 0.359590
1.680000 0.358880
1.690000 0.353850
1.700000 0.352770
1.710000 0.348100
1.720000 0.346950
1.730000 0.343730
1.740000 0.340760
1.750000 0.338230
1.760000 0.338850
1.770000 0.332520
1.780000 0.332080
1.790000 0.331630
1.800000 0.328510
1.810000 0.326880
1.820000 0.325350
1.830000 0.322170
1.840000 0.323600
1.850000 0.318310
1.860000 0.316530
1.870000 0.315100
1.880000 0.309090
1.890000 0.308740
1.900000 0.306380
1.910000 0.306680
1.920000 0.302580
1.930000 0.301420
1.940000 0.298670
1.950000 0.295630
1.960000 0.293600
1.970000 0.295560
1.980000 0.292260
1.990000 0.290080
2.000000 0.287350
2.010000 0.282400
2.020000 0.283790
2.030000 0.281260
2.040000 0.278810
2.050000 0.277270
2.060000 0.274900
2.070000 0.275580
2.080000 0.272690
2.090000 0.270710
2.100000 0.269670
2.110000 0.266340
2.120000 0.264250
2.130000 0.264440
2.140000 0.263340
2.150000 0.260340
2.160000 0.255900
2.170000 0.255900
2.180000 0.255740
2.190000 0.250580
2.200000 0.250980
2.210000 0.250430
2.220000 0.243920
2.230000 0.245620
2.240000 0.244900
2.250000 0.239660
2.260000 0.238060
2.270000 0.239130
2.280000 0.234790
2.290000 0.233830
2.300000 0.233690
2.310000 0.231660
2.320000 0.226820
2.330000 0.226700
2.340000 0.225660
2.350000 0.222400
2.360000 0.223380
2.370000 0.218950
2.380000 0.218550
2.390000 0.217150
2.400000 0.213820
2.410000 0.211410
2.420000 0.213270
2.430000 0.212040
2.440000 0.208950
2.450000 0.208050
2.460000 0.207090
2.470000 0.207920
2.480000 0.202560
2.490000 0.200740
2.500000 0.200750
2.510000 0.199030
2.520000 0.198860
2.530000 0.194970
2.540000 0.195470
2.550000 0.194840
2.560000 0.191550
2.570000 0.189360
2.580000 0.188200
2.590000 0.188240
2.600000 0.185000
2.610000 0.184410
2.620000 0.181180
2.630000 0.180360
2.640000 0.178990
2.650000 0.179570
2.660000 0.178880
2.670000 0.177340
2.680000 0.174130
2.690000 0.173600
2.700000 0.172590
2.710000 0.169040
2.720000 0.168640
2.730000 0.170300
2.740000 0.166830
2.750000 0.163710
2.760000 0.163590
2.770000 0.164260
2.780000 0.161840
2.790000 0.161780
2.800000 0.158330
2.810000 0.159220
2.820000 0.158430
2.830000 0.154750
2.840000 0.155110
2.850000 0.153640
2.860000 0.153610
2.870000 0.152340
2.880000 0.149800
2.890000 0.149600
2.900000 0.145770
2.910000 0.146430
2.920000 0.145390
2.930000 0.143590
2.940000 0.143730
2.950000 0.142510
2.960000 0.142730
2.970000 0.141940
2.980000 0.138000
2.990000 0.140030
3.000000 0.136310
3.010000 0.136410
3.020000 0.134630
3.030000 0.135740
3.040000 0.131470
3.050000 0.132420
3.060000 0.134610
3.070000 0.131530
3.080000 0.128720
3.090000 0.127740
3.100000 0.126250
3.110000 0.125230
3.120000 0.126530
3.130000 0.124970
3.140000 0.124880
3.150000 0.121840
3.160000 0.122190
3.170000 0.120790
3.180000 0.120110
3.190000 0.117540
3.200000 0.116640
3.210000 0.117150
3.220000 0.116960
3.230000 0.115570
3.240000 0.114660
3.250000 0.112530
3.260000 0.113190
3.270000 0.111670
3.280000 0.111730
3.290000 0.110370
3.300000 0.109530
3.310000 0.109880
3.320000 0.108270
3.330000 0.106360
3.340000 0.105800
3.350000 0.105710
3.360000 0.104850
3.370000 0.101670
3.380000 0.103810
3.390000 0.102240
3.400000 0.099960
3.410000 0.100010
3.420000 0.101390
3.430000 0.097820
3.440000 0.097360
3.450000 0.097500
3.460000 0.096250
3.470000 0.095120
3.480000 0.095810
3.490000 0.094720
3.500000 0.092900
3.510000 0.092210
3.520000 0.090890
3.530000 0.090670
3.540000 0.090800
3.550000 0.088330
3.560000 0.089250
3.570000 0.088190
3.580000 0.086290
3.590000 0.086330
3.600000 0.085360
3.610000 0.084130
3.620000 0.082980
3.630000 0.083150
3.640000 0.082560
3.650000 0.081760
3.660000 0.079380
3.670000 0.080050
3.680000 0.079290
3.690000 0.080150
3.700000 0.078540
3.710000 0.076980
3.720000 0.079340
3.730000 0.078820
3.740000 0.078330
3.750000 0.078280
3.760000 0.076150
3.770000 0.075660
3.780000 0.076120
3.790000 0.074970
3.800000 0.073060
3.810000 0.074180
3.820000 0.073310
3.830000 0.072220
3.840000 0.070550
3.850000 0.070190
3.860000 0.068170
3.870000 0.068820
3.880000 0.068900
3.890000 0.067910
3.900000 0.066340
3.910000 0.066810
3.920000 0.064610
3.930000 0.064740
3.940000 0.064150
3.950000 0.064840
3.960000 0.063390
3.970000 0.061540
3.980000 0.061690
3.990000 0.062200
4.000000 0.060050
4.010000 0.059690
4.020000 0.061120
4.030000 0.059470
4.040000 0.058230
4.050000 0.057600
4.060000 0.057590
4.070000 0.056190
4.080000 0.056560
4.090000 0.053940
4.100000 0.053810
4.110000 0.054360
4.120000 0.054420
4.130000 0.053450
4.140000 0.053220
4.150000 0.052300
4.160000 0.052430
4.170000 0.051790
4.180000 0.050480
4.190000 0.051180
4.200000 0.048520
4.210000 0.050230
4.220000 0.048700
4.230000 0.048650
4.240000 0.047490
4.250000 0.047860
4.260000 0.047230
4.270000 0.046890
4.280000 0.044570
4.290000 0.045430
4.300000 0.043970
4.310000 0.044280
4.320000 0.043600
4.330000 0.043710
4.340000 0.042390
4.350000 0.041850
4.360000 0.042290
4.370000 0.041840
4.380000 0.041070
4.390000 0.039770
4.400000 0.039560
4.410000 0.039730
4.420000 0.039440
4.430000 0.039810
4.440000 0.039680
4.450000 0.038420
4.460000 0.037310
4.470000 0.037340
4.480000 0.036640
4.490000 0.036260
4.500000 0.035370
4.510000 0.035300
4.520000 0.037130
4.530000 0.035520
4.540000 0.035790
4.550000 0.035150
4.560000 0.033910
4.570000 0.034580
4.580000 0.033560
4.590000 0.033010
4.600000 0.033410
4.610000 0.030820
4.620000 0.031750
4.630000 0.031560
4.640000 0.031700
4.650000 0.031270
4.660000 0.031630
4.670000 0.030280
4.680000 0.029220
4.690000 0.029800
4.700000 0.029570
4.710000 0.029060
4.720000 0.028860
4.730000 0.028840
4.740000 0.028850
4.750000 0.028510
4.760000 0.027760
4.770000 0.027390
4.780000 0.026860
4.790000 0.027550
4.800000 0.026330
4.810000 0.025770
4.820000 0.026680
4.830000 0.026310
4.840000 0.025340
4.850000 0.026240
4.860000 0.025390
4.870000 0.024800
4.880000 0.024490
4.890000 0.024720
4.900000 0.024210
4.910000 0.024750
4.920000 0.024260
4.930000 0.023410
4.940000 0.022360
4.950000 0.022750
4.960000 0.022270
4.970000 0.022440
4.980000 0.022170
4.990000 0.022940
5.000000 0.022200
5.010000 0.021700
5.020000 0.021460
5.030000 0.021210
5.040000 0.021020
5.050000 0.020340
5.060000 0.021100
5.070000 0.020950
5.080000 0.020480
5.090000 0.020160
5.100000 0.020280
5.110000 0.019710
5.120000 0.019690
5.130000 0.019440
5.140000 0.020280
5.150000 0.019360
5.160000 0.019110
5.170000 0.019090
5.180000 0.018540
5.190000 0.017670
5.200000 0.018660
5.210000 0.018120
5.220000 0.018190
5.230000 0.017880
5.240000 0.017940
5.250000 0.017700
5.260000 0.017750
5.270000 0.017170
5.280000 0.016610
5.290000 0.017190
5.300000 0.016310
5.310000 0.016340
5.320000 0.016490
5.330000 0.016220
5.340000 0.016460
5.350000 0.016560
5.360000 0.015740
5.370000 0.016190
5.380000 0.015890
5.390000 0.015220
5.400000 0.015440
5.410000 0.015180
5.420000 0.014640
5.430000 0.014720
5.440000 0.015360
5.450000 0.015030
5.460000 0.015380
5.470000 0.014440
5.480000 0.013800
5.490000 0.014760
5.500000 0.013750
5.510000 0.014680
5.520000 0.013760
5.530000 0.014370
5.540000 0.014030
5.550000 0.014350
5.560000 0.014220
5.570000 0.013150
5.580000 0.013540
5.590000 0.012790
5.600000 0.014000
5.610000 0.013430
5.620000 0.012930
5.630000 0.013120
5.640000 0.012960
5.650000 0.012900
5.660000 0.012600
5.670000 0.012140
5.680000 0.012050
5.690000 0.012130
5.700000 0.012090
5.710000 0.012040
5.720000 0.011720
5.730000 0.011750
5.740000 0.011870
5.750000 0.011570
5.760000 0.011740
5.770000 0.011830
5.780000 0.011370
5.790000 0.011980
5.800000 0.010830
5.810000 0.011390
5.820000 0.010900
5.830000 0.010370
5.840000 0.011040
5.850000 0.011140
5.860000 0.010450
5.870000 0.010420
5.880000 0.010170
5.890000 0.010300
5.900000 0.010260
5.910000 0.010250
5.920000 0.009890
5.930000 0.010060
5.940000 0.009960
5.950000 0.009790
5.960000 0.009990
5.970000 0.009320
5.980000 0.009380
5.990000 0.009230
6.000000 0.009460
6.010000 0.009530
6.020000 0.009520
6.030000 0.009900
6.040000 0.009420
6.050000 0.009080
6.060000 0.008410
6.070000 0.008690
6.080000 0.008940
6.090000 0.009080
6.100000 0.008690
6.110000 0.009120
6.120000 0.009030
6.130000 0.008950
6.140000 0.008770
6.150000 0.009050
6.160000 0.008310
6.170000 0.008440
6.180000 0.008510
6.190000 0.007870
6.200000 0.007890
6.210000 0.007990
6.220000 0.008120
6.230000 0.008000
6.240000 0.007670
6.250000 0.008330
6.260000 0.007800
6.270000 0.007480
6.280000 0.007530
6.290000 0.007840
6.300000 0.007970
6.310000 0.007600
6.320000 0.007480
6.330000 0.007300
6.340000 0.007740
6.350000 0.007210
6.360000 0.006770
6.370000 0.007400
6.380000 0.007070
6.390000 0.007250
6.400000 0.006680
6.410000 0.007160
6.420000 0.006960
6.430000 0.006980
6.440000 0.007200
6.450000 0.006710
6.460000 0.006440
6.470000 0.006220
6.480000 0.006720
6.490000 0.006380
6.500000 0.006470
6.510000 0.006190
6.520000 0.006730
6.530000 0.006940
6.540000 0.006500
6.550000 0.006020
6.560000 0.006460
6.570000 0.006260
6.580000 0.006280
6.590000 0.006220
6.600000 0.005700
6.610000 0.006070
6.620000 0.005530
6.630000 0.005930
6.640000 0.005910
6.650000 0.006200
6.660000 0.005880
6.670000 0.005910
6.680000 0.005860
6.690000 0.005660
6.700000 0.005970
6.710000 0.005720
6.720000 0.005390
6.730000 0.005670
6.740000 0.005590
6.750000 0.005440
6.760000 0.005130
6.770000 0.005740
6.780000 0.005490
6.790000 0.005230
6.800000 0.005360
6.810000 0.005660
6.820000 0.005400
6.830000 0.005380
6.840000 0.005360
6.850000 0.005620
6.860000 0.005520
6.870000 0.005460
6.880000 0.005220
6.890000 0.005050
6.900000 0.005430
6.910000 0.005180
6.920000 0.005100
6.930000 0.004940
6.940000 0.005040
6.950000 0.005170
6.960000 0.005030
6.970000 0.005100
6.980000 0.004850
6.990000 0.004720
7.000000 0.004580
7.010000 0.004520
7.020000 0.005010
7.030000 0.004760
7.040000 0.004710
7.050000 0.004320
7.060000 0.004660
7.070000 0.004240
7.080000 0.004590
7.090000 0.004460
7.100000 0.004500
7.110000 0.004570
7.120000 0.004660
7.130000 0.004480
7.140000 0.004450
7.150000 0.004320
7.160000 0.004720
7.170000 0.004140
7.180000 0.004310
7.190000 0.003860
7.200000 0.004270
7.210000 0.004140
7.220000 0.004060
7.230000 0.004020
7.240000 0.004490
7.250000 0.004150
7.260000 0.003900
7.270000 0.004090
7.280000 0.004150
7.290000 0.004150
7.300000 0.003960
7.310000 0.003900
7.320000 0.004120
7.330000 0.004330
7.340000 0.004000
7.350000 0.003510
7.360000 0.003990
7.370000 0.004080
7.380000 0.003670
7.390000 0.003820
7.400000 0.003490
7.410000 0.003520
7.420000 0.003830
7.430000 0.003730
7.440000 0.003480
7.450000 0.003740
7.460000 0.003570
7.470000 0.003510
7.480000 0.003660
7.490000 0.003700
7.500000 0.003260
7.510000 0.003850
7.520000 0.003690
7.530000 0.003190
7.540000 0.003690
7.550000 0.003510
7.560000 0.003540
7.570000 0.003370
7.580000 0.003390
7.590000 0.003200
7.600000 0.003170
7.610000 0.003520
7.620000 0.003270
7.630000 0.003530
7.640000 0.003210
7.650000 0.003300
7.660000 0.003210
7.670000 0.003320
7.680000 0.003610
7.690000 0.003000
7.700000 0.003320
7.710000 0.003320
7.720000 0.003180
7.730000 0.003170
7.740000 0.003320
7.750000 0.003000
7.760000 0.003180
7.770000 0.003040
7.780000 0.003030
7.790000 0.003180
7.800000 0.002680
7.810000 0.003240
7.820000 0.002960
7.830000 0.002940
7.840000 0.003000
7.850000 0.002980
7.860000 0.002950
7.870000 0.002930
7.880000 0.003090
7.890000 0.002780
7.900000 0.002830
7.910000 0.002730
7.920000 0.002500
7.930000 0.002770
7.940000 0.002670
7.950000 0.002870
7.960000 0.002600
7.970000 0.002650
7.980000 0.002890
7.990000 0.002860
8.000000 0.002780
8.010000 0.002860
8.020000 0.002480
8.030000 0.002590
8.040000 0.002550
8.050000 0.002610
8.060000 0.002560
8.070000 0.002690
8.080000 0.002740
8.090000 0.002430
8.100000 0.002680
8.110000 0.002800
8.120000 0.002700
8.130000 0.002620
8.140000 0.002550
8.150000 0.002400
8.160000 0.002540
8.170000 0.002810
8.180000 0.002340
8.190000 0.002320
8.200000 0.002310
8.210000 0.002300
8.220000 0.002390
8.230000 0.002380
8.240000 0.002370
8.250000 0.002420
8.260000 0.002760
8.270000 0.002150
8.280000 0.002420
8.290000 0.002750
8.300000 0.002340
8.310000 0.002160
8.320000 0.002300
8.330000 0.002280
8.340000 0.002170
8.350000 0.002370
8.360000 0.002170
8.370000 0.002120
8.380000 0.002160
8.390000 0.002300
8.400000 0.002170
8.410000 0.002120
8.420000 0.002070
8.430000 0.002180
8.440000 0.002230
8.450000 0.002070
8.460000 0.002080
8.470000 0.001910
8.480000 0.002280
8.490000 0.002100
8.500000 0.001950
8.510000 0.001840
8.520000 0.001830
8.530000 0.001770
8.540000 0.001970
8.550000 0.002030
8.560000 0.002070
8.570000 0.002030
8.580000 0.002030
8.590000 0.001990
8.600000 0.001880
8.610000 0.001970
8.620000 0.001920
8.630000 0.002250
8.640000 0.002040
8.650000 0.001900
8.660000 0.001900
8.670000 0.001770
8.680000 0.002040
8.690000 0.001930
8.700000 0.001930
8.710000 0.001880
8.720000 0.001890
8.730000 0.002070
8.740000 0.001830
8.750000 0.002000
8.760000 0.001880
8.770000 0.001800
8.780000 0.001960
8.790000 0.001790
8.800000 0.002030
8.810000 0.001730
8.820000 0.001890
8.830000 0.001690
8.840000 0.001830
8.850000 0.001730
8.860000 0.001620
8.870000 0.001740
8.880000 0.001990
8.890000 0.001870
8.900000 0.001950
8.910000 0.001860
8.920000 0.001690
8.930000 0.001710
8.940000 0.001620
8.950000 0.001860
8.960000 0.002000
8.970000 0.001740
8.980000 0.001800
8.990000 0.001650
9.000000 0.001800
9.010000 0.001680
9.020000 0.001680
9.030000 0.001820
9.040000 0.001910
9.050000 0.001490
9.060000 0.001930
9.070000 0.001690
9.080000 0.001690
9.090000 0.001730
9.100000 0.001700
9.110000 0.001550
9.120000 0.001760
9.130000 0.001530
9.140000 0.001490
9.150000 0.001770
9.160000 0.001390
9.170000 0.001670
9.180000 0.001540
9.190000 0.001420
9.200000 0.001390
9.210000 0.001440
9.220000 0.001540
9.230000 0.001680
9.240000 0.001550
9.250000 0.001710
9.260000 0.001510
9.270000 0.001370
9.280000 0.001620
9.290000 0.001350
9.300000 0.001580
9.310000 0.001680
9.320000 0.001730
9.330000 0.001820
9.340000 0.001480
9.350000 0.001450
9.360000 0.001440
9.370000 0.001370
9.380000 0.001520
9.390000 0.001550
9.400000 0.001320
9.410000 0.001310
9.420000 0.001440
9.430000 0.001170
9.440000 0.001290
9.450000 0.001490
9.460000 0.001360
9.470000 0.001410
9.480000 0.001540
9.490000 0.001580
9.500000 0.001410
9.510000 0.001360
9.520000 0.001370
9.530000 0.001410
9.540000 0.001210
9.550000 0.001180
9.560000 0.001360
9.570000 0.001490
9.580000 0.001380
9.590000 0.001280
9.600000 0.001230
9.610000 0.001620
9.620000 0.001220
9.630000 0.001340
9.640000 0.001370
9.650000 0.001440
9.660000 0.001220
9.670000 0.001130
9.680000 0.001170
9.690000 0.001190
9.700000 0.001240
9.710000 0.001350
9.720000 0.001210
9.730000 0.001370
9.740000 0.001300
9.750000 0.001340
9.760000 0.001080
9.770000 0.001250
9.780000 0.001380
9.790000 0.001230
9.800000 0.001260
9.810000 0.001280
9.820000 0.001050
9.830000 0.001110
9.840000 0.001300
9.850000 0.001210
9.860000 0.001050
9.870000 0.001190
9.880000 0.001560
9.890000 0.001000
9.900000 0.001100
9.910000 0.001180
9.920000 0.001160
9.930000 0.001260
9.940000 0.001120
9.950000 0.001310
9.960000 0.001300
9.970000 0.001070
9.980000 0.001070
9.990000 0.001070
10.000000 0.001280
