0.000000 0.000000
0.010000 0.985600
0.020000 0.975500
0.030000 0.967500
0.040000 0.964600
0.050000 0.960300
0.060000 0.951700
0.070000 0.946700
0.080000 0.938400
0.090000 0.940200
0.100000 0.932900
0.110000 0.928900
0.120000 0.924300
0.130000 0.918900
0.140000 0.911500
0.150000 0.907700
0.160000 0.907900
0.170000 0.900000
0.180000 0.899800
0.190000 0.893300
0.200000 0.892100
0.210000 0.879100
0.220000 0.883400
0.230000 0.872000
0.240000 0.873300
0.250000 0.867200
0.260000 0.861900
0.270000 0.861300
0.280000 0.851600
0.290000 0.850800
0.300000 0.850700
0.310000 0.843800
0.320000 0.846300
0.330000 0.833500
0.340000 0.829700
0.350000 0.823400
0.360000 0.822300
0.370000 0.818500
0.380000 0.817200
0.390000 0.815000
0.400000 0.805700
0.410000 0.816300
0.420000 0.799700
0.430000 0.797800
0.440000 0.799100
0.450000 0.789000
0.460000 0.784800
0.470000 0.775200
0.480000 0.781000
0.490000 0.782900
0.500000 0.765100
0.510000 0.776300
0.520000 0.766000
0.530000 0.757400
0.540000 0.758300
0.550000 0.748400
0.560000 0.739500
0.570000 0.740400
0.580000 0.742800
0.590000 0.737100
0.600000 0.729500
0.610000 0.722500
0.620000 0.718300
0.630000 0.726900
0.640000 0.715600
0.650000 0.705700
0.660000 0.699300
0.670000 0.695900
0.680000 0.704100
0.690000 0.693900
0.700000 0.694200
0.710000 0.693800
0.720000 0.682200
0.730000 0.679300
0.740000 0.685000
0.750000 0.674900
0.760000 0.671200
0.770000 0.672800
0.780000 0.662200
0.790000 0.659300
0.800000 0.650600
0.810000 0.645100
0.820000 0.651100
0.830000 0.646800
0.840000 0.635000
0.850000 0.644300
0.860000 0.630700
0.870000 0.627700
0.880000 0.629900
0.890000 0.628200
0.900000 0.629400
0.910000 0.608800
0.920000 0.608000
0.930000 0.603100
0.940000 0.605500
0.950000 0.595000
0.960000 0.594400
0.970000 0.589200
0.980000 0.575000
0.990000 0.587600
1.000000 0.569500
1.010000 0.574600
1.020000 0.570100
1.030000 0.567500
1.040000 0.560300
1.050000 0.554600
1.060000 0.552500
1.070000 0.552700
1.080000 0.546300
1.090000 0.545600
1.100000 0.543300
1.110000 0.526600
1.120000 0.528700
1.130000 0.540400
1.140000 0.527700
1.150000 0.515200
1.160000 0.532000
1.170000 0.510600
1.180000 0.504100
1.190000 0.503000
1.200000 0.503400
1.210000 0.494200
1.220000 0.501400
1.230000 0.494300
1.240000 0.478500
1.250000 0.491200
1.260000 0.488100
1.270000 0.477900
1.280000 0.485300
1.290000 0.473700
1.300000 0.475300
1.310000 0.469000
1.320000 0.463100
1.330000 0.455300
1.340000 0.463300
1.350000 0.457400
1.360000 0.454300
1.370000 0.438500
1.380000 0.447200
1.390000 0.443900
1.400000 0.431200
1.410000 0.434500
1.420000 0.425500
1.430000 0.427200
1.440000 0.424100
1.450000 0.425100
1.460000 0.425100
1.470000 0.418100
1.480000 0.417000
1.490000 0.409200
1.500000 0.413300
1.510000 0.415500
1.520000 0.403200
1.530000 0.409300
1.540000 0.406600
1.550000 0.403900
1.560000 0.399400
1.570000 0.406000
1.580000 0.395900
1.590000 0.398500
1.600000 0.384600
1.610000 0.380000
1.620000 0.382600
1.630000 0.386500
1.640000 0.382000
1.650000 0.373100
1.660000 0.374100
1.670000 0.380900
1.680000 0.381900
1.690000 0.370700
1.700000 0.364200
1.710000 0.360000
1.720000 0.360100
1.730000 0.363600
1.740000 0.354200
1.750000 0.343900
1.760000 0.347100
1.770000 0.342600
1.780000 0.359000
1.790000 0.339100
1.800000 0.344400
1.810000 0.347700
1.820000 0.338800
1.830000 0.340000
1.840000 0.335600
1.850000 0.328900
1.860000 0.326500
1.870000 0.329700
1.880000 0.329200
1.890000 0.327800
1.900000 0.310300
1.910000 0.320600
1.920000 0.308800
1.930000 0.310600
1.940000 0.312100
1.950000 0.317000
1.960000 0.311700
1.970000 0.300900
1.980000 0.306100
1.990000 0.302400
2.000000 0.298000
2.010000 0.305200
2.020000 0.302900
2.030000 0.293300
2.040000 0.288900
2.050000 0.284600
2.060000 0.285300
2.070000 0.282300
2.080000 0.280900
2.090000 0.283700
2.100000 0.283200
2.110000 0.270400
2.120000 0.274600
2.130000 0.272900
2.140000 0.266600
2.150000 0.256500
2.160000 0.264500
2.170000 0.264300
2.180000 0.258100
2.190000 0.261200
2.200000 0.252800
2.210000 0.244200
2.220000 0.246800
2.230000 0.250800
2.240000 0.245600
2.250000 0.252500
2.260000 0.242300
2.270000 0.239000
2.280000 0.239300
2.290000 0.237400
2.300000 0.235200
2.310000 0.225700
2.320000 0.233700
2.330000 0.232300
2.340000 0.225300
2.350000 0.219900
2.360000 0.227900
2.370000 0.218600
2.380000 0.218600
2.390000 0.221800
2.400000 0.216000
2.410000 0.211500
2.420000 0.206700
2.430000 0.210000
2.440000 0.209800
2.450000 0.208500
2.460000 0.204300
2.470000 0.201300
2.480000 0.201300
2.490000 0.195300
2.500000 0.195700
2.510000 0.199000
2.520000 0.192800
2.530000 0.197700
2.540000 0.188400
2.550000 0.194700
2.560000 0.181600
2.570000 0.180700
2.580000 0.180700
2.590000 0.173500
2.600000 0.180500
2.610000 0.180300
2.620000 0.175000
2.630000 0.173100
2.640000 0.175300
2.650000 0.175000
2.660000 0.166900
2.670000 0.172500
2.680000 0.163500
2.690000 0.167100
2.700000 0.159200
2.710000 0.158000
2.720000 0.156400
2.730000 0.159900
2.740000 0.161100
2.750000 0.158000
2.760000 0.154300
2.770000 0.154300
2.780000 0.148300
2.790000 0.151200
2.800000 0.144700
2.810000 0.148700
2.820000 0.142000
2.830000 0.146600
2.840000 0.143100
2.850000 0.146800
2.860000 0.141000
2.870000 0.142300
2.880000 0.140800
2.890000 0.139300
2.900000 0.132800
2.910000 0.135300
2.920000 0.139700
2.930000 0.138500
2.940000 0.132500
2.950000 0.127800
2.960000 0.125300
2.970000 0.127900
2.980000 0.131300
2.990000 0.130700
3.000000 0.122800
3.010000 0.126100
3.020000 0.119900
3.030000 0.124100
3.040000 0.129600
3.050000 0.119400
3.060000 0.119400
3.070000 0.119300
3.080000 0.117100
3.090000 0.121600
3.100000 0.113900
3.110000 0.111200
3.120000 0.115600
3.130000 0.118600
3.140000 0.113000
3.150000 0.114000
3.160000 0.109600
3.170000 0.118300
3.180000 0.106200
3.190000 0.106000
3.200000 0.106200
3.210000 0.106100
3.220000 0.112200
3.230000 0.104100
3.240000 0.104500
3.250000 0.103000
3.260000 0.100000
3.270000 0.098200
3.280000 0.100000
3.290000 0.101800
3.300000 0.099800
3.310000 0.103000
3.320000 0.098200
3.330000 0.099900
3.340000 0.094600
3.350000 0.094400
3.360000 0.094500
3.370000 0.098600
3.380000 0.093500
3.390000 0.093100
3.400000 0.099100
3.410000 0.096600
3.420000 0.092400
3.430000 0.091100
3.440000 0.089300
3.450000 0.088900
3.460000 0.087300
3.470000 0.089100
3.480000 0.087800
3.490000 0.083900
3.500000 0.089000
3.510000 0.081400
3.520000 0.083000
3.530000 0.084400
3.540000 0.081600
3.550000 0.079500
3.560000 0.078200
3.570000 0.078800
3.580000 0.075400
3.590000 0.076500
3.600000 0.082400
3.610000 0.073800
3.620000 0.074500
3.630000 0.069500
3.640000 0.074000
3.650000 0.073800
3.660000 0.071700
3.670000 0.072000
3.680000 0.068700
3.690000 0.068700
3.700000 0.068700
3.710000 0.067200
3.720000 0.070400
3.730000 0.067200
3.740000 0.066900
3.750000 0.067900
3.760000 0.066900
3.770000 0.066700
3.780000 0.060500
3.790000 0.059700
3.800000 0.065100
3.810000 0.060400
3.820000 0.067400
3.830000 0.060400
3.840000 0.063300
3.850000 0.058200
3.860000 0.057800
3.870000 0.057400
3.880000 0.056200
3.890000 0.054800
3.900000 0.055200
3.910000 0.053500
3.920000 0.054200
3.930000 0.052600
3.940000 0.059200
3.950000 0.053100
3.960000 0.055900
3.970000 0.053700
3.980000 0.050500
3.990000 0.050600
4.000000 0.050600
4.010000 0.050700
4.020000 0.048200
4.030000 0.048100
4.040000 0.047700
4.050000 0.049800
4.060000 0.046900
4.070000 0.043200
4.080000 0.047300
4.090000 0.049000
4.100000 0.048700
4.110000 0.043900
4.120000 0.048800
4.130000 0.049400
4.140000 0.044700
4.150000 0.047300
4.160000 0.046100
4.170000 0.046800
4.180000 0.041600
4.190000 0.040400
4.200000 0.040600
4.210000 0.043600
4.220000 0.041400
4.230000 0.040100
4.240000 0.036600
4.250000 0.039500
4.260000 0.038700
4.270000 0.038000
4.280000 0.038400
4.290000 0.037700
4.300000 0.036700
4.310000 0.039300
4.320000 0.040600
4.330000 0.037000
4.340000 0.035000
4.350000 0.034600
4.360000 0.033400
4.370000 0.035500
4.380000 0.036300
4.390000 0.034000
4.400000 0.035600
4.410000 0.033000
4.420000 0.034800
4.430000 0.030100
4.440000 0.032200
4.450000 0.034700
4.460000 0.031900
4.470000 0.028300
4.480000 0.032300
4.490000 0.031100
4.500000 0.028400
4.510000 0.026600
4.520000 0.031200
4.530000 0.031500
4.540000 0.031200
4.550000 0.028100
4.560000 0.028400
4.570000 0.029000
4.580000 0.030100
4.590000 0.028300
4.600000 0.028500
4.610000 0.025800
4.620000 0.027500
4.630000 0.028100
4.640000 0.025400
4.650000 0.025200
4.660000 0.025800
4.670000 0.023000
4.680000 0.025500
4.690000 0.028800
4.700000 0.024300
4.710000 0.023300
4.720000 0.025200
4.730000 0.023700
4.740000 0.023800
4.750000 0.023800
4.760000 0.024100
4.770000 0.024300
4.780000 0.023400
4.790000 0.024400
4.800000 0.024000
4.810000 0.021400
4.820000 0.020200
4.830000 0.020200
4.840000 0.024500
4.850000 0.018800
4.860000 0.023200
4.870000 0.021000
4.880000 0.021700
4.890000 0.020900
4.900000 0.021400
4.910000 0.018700
4.920000 0.019000
4.930000 0.020400
4.940000 0.021700
4.950000 0.018700
4.960000 0.022600
4.970000 0.021300
4.980000 0.017300
4.990000 0.019400
5.000000 0.016900
5.010000 0.020000
5.020000 0.018400
5.030000 0.018600
5.040000 0.019200
5.050000 0.019300
5.060000 0.018100
5.070000 0.018500
5.080000 0.018000
5.090000 0.016500
5.100000 0.018900
5.110000 0.019700
5.120000 0.016000
5.130000 0.017900
5.140000 0.018500
5.150000 0.016100
5.160000 0.016400
5.170000 0.017000
5.180000 0.017400
5.190000 0.017400
5.200000 0.016000
5.210000 0.017600
5.220000 0.016900
5.230000 0.015900
5.240000 0.014600
5.250000 0.016700
5.260000 0.015800
5.270000 0.016400
5.280000 0.014900
5.290000 0.015400
5.300000 0.012300
5.310000 0.013700
5.320000 0.013400
5.330000 0.013700
5.340000 0.014700
5.350000 0.016800
5.360000 0.016700
5.370000 0.013500
5.380000 0.014400
5.390000 0.013600
5.400000 0.013500
5.410000 0.012600
5.420000 0.013400
5.430000 0.016400
5.440000 0.014400
5.450000 0.013700
5.460000 0.013300
5.470000 0.013600
5.480000 0.009700
5.490000 0.013000
5.500000 0.011800
5.510000 0.011800
5.520000 0.014000
5.530000 0.012200
5.540000 0.014600
5.550000 0.010200
5.560000 0.011600
5.570000 0.012100
5.580000 0.013600
5.590000 0.013100
5.600000 0.010800
5.610000 0.011200
5.620000 0.010600
5.630000 0.011300
5.640000 0.009400
5.650000 0.010100
5.660000 0.011500
5.670000 0.010200
5.680000 0.011400
5.690000 0.011900
5.700000 0.009400
5.710000 0.010400
5.720000 0.012200
5.730000 0.012400
5.740000 0.012100
5.750000 0.010600
5.760000 0.012300
5.770000 0.010200
5.780000 0.010900
5.790000 0.010500
5.800000 0.008800
5.810000 0.008700
5.820000 0.009200
5.830000 0.012200
5.840000 0.010000
5.850000 0.008600
5.860000 0.009500
5.870000 0.009100
5.880000 0.008800
5.890000 0.008500
5.900000 0.008300
5.910000 0.009700
5.920000 0.009400
5.930000 0.010500
5.940000 0.008400
5.950000 0.009400
5.960000 0.008200
5.970000 0.008900
5.980000 0.010000
5.990000 0.006800
6.000000 0.007900
6.010000 0.009000
6.020000 0.007600
6.030000 0.010600
6.040000 0.008500
6.050000 0.007900
6.060000 0.008700
6.070000 0.006900
6.080000 0.007900
6.090000 0.009900
6.100000 0.008500
6.110000 0.008000
6.120000 0.007300
6.130000 0.007600
6.140000 0.007200
6.150000 0.008100
6.160000 0.006800
6.170000 0.007100
6.180000 0.008000
6.190000 0.008100
6.200000 0.007500
6.210000 0.006200
6.220000 0.007700
6.230000 0.006600
6.240000 0.007800
6.250000 0.007700
6.260000 0.008500
6.270000 0.006900
6.280000 0.006900
6.290000 0.007400
6.300000 0.005800
6.310000 0.008700
6.320000 0.006600
6.330000 0.007300
6.340000 0.005400
6.350000 0.005700
6.360000 0.007100
6.370000 0.006100
6.380000 0.005200
6.390000 0.006300
6.400000 0.006500
6.410000 0.006200
6.420000 0.007200
6.430000 0.007300
6.440000 0.005700
6.450000 0.004500
6.460000 0.007000
6.470000 0.006400
6.480000 0.006000
6.490000 0.006700
6.500000 0.005200
6.510000 0.005000
6.520000 0.006200
6.530000 0.006600
6.540000 0.005700
6.550000 0.005000
6.560000 0.005300
6.570000 0.004500
6.580000 0.006000
6.590000 0.005100
6.600000 0.005900
6.610000 0.004100
6.620000 0.006200
6.630000 0.005100
6.640000 0.005300
6.650000 0.005700
6.660000 0.005900
6.670000 0.005100
6.680000 0.004500
6.690000 0.004300
6.700000 0.004700
6.710000 0.004900
6.720000 0.004900
6.730000 0.004600
6.740000 0.004300
6.750000 0.004600
6.760000 0.005200
6.770000 0.005400
6.780000 0.004800
6.790000 0.005000
6.800000 0.005700
6.810000 0.004900
6.820000 0.004500
6.830000 0.004900
6.840000 0.003600
6.850000 0.005200
6.860000 0.005300
6.870000 0.004300
6.880000 0.003300
6.890000 0.003800
6.900000 0.004300
6.910000 0.005500
6.920000 0.004100
6.930000 0.004300
6.940000 0.004300
6.950000 0.004100
6.960000 0.003700
6.970000 0.004500
6.980000 0.003800
6.990000 0.004300
7.000000 0.004000
7.010000 0.004100
7.020000 0.004600
7.030000 0.003000
7.040000 0.003300
7.050000 0.003400
7.060000 0.003200
7.070000 0.004400
7.080000 0.004100
7.090000 0.003700
7.100000 0.004100
7.110000 0.003600
7.120000 0.003200
7.130000 0.003400
7.140000 0.004800
7.150000 0.003200
7.160000 0.004500
7.170000 0.004700
7.180000 0.003100
7.190000 0.003900
7.200000 0.004100
7.210000 0.003500
7.220000 0.002600
7.230000 0.003500
7.240000 0.004200
7.250000 0.003400
7.260000 0.003500
7.270000 0.004000
7.280000 0.003600
7.290000 0.003100
7.300000 0.003100
7.310000 0.002800
7.320000 0.003400
7.330000 0.003900
7.340000 0.002600
7.350000 0.002600
7.360000 0.003400
7.370000 0.002600
7.380000 0.002800
7.390000 0.003300
7.400000 0.003300
7.410000 0.002900
7.420000 0.003600
7.430000 0.002900
7.440000 0.003200
7.450000 0.002500
7.460000 0.003100
7.470000 0.004000
7.480000 0.002700
7.490000 0.003100
7.500000 0.003200
7.510000 0.003200
7.520000 0.003300
7.530000 0.002600
7.540000 0.003100
7.550000 0.002600
7.560000 0.003400
7.570000 0.003200
7.580000 0.002300
7.590000 0.002600
7.600000 0.002800
7.610000 0.002100
7.620000 0.002700
7.630000 0.003000
7.640000 0.002800
7.650000 0.003200
7.660000 0.002200
7.670000 0.002600
7.680000 0.002600
7.690000 0.002600
7.700000 0.002200
7.710000 0.002300
7.720000 0.002700
7.730000 0.001600
7.740000 0.001900
7.750000 0.003200
7.760000 0.002400
7.770000 0.002200
7.780000 0.001800
7.790000 0.001600
7.800000 0.002700
7.810000 0.002900
7.820000 0.002200
7.830000 0.002800
7.840000 0.003100
7.850000 0.003200
7.860000 0.002400
7.870000 0.002500
7.880000 0.003000
7.890000 0.002400
7.900000 0.001400
7.910000 0.002000
7.920000 0.003100
7.930000 0.002600
7.940000 0.002700
7.950000 0.003200
7.960000 0.002200
7.970000 0.001600
7.980000 0.001600
7.990000 0.002400
8.000000 0.002200
8.010000 0.001700
8.020000 0.001700
8.030000 0.002000
8.040000 0.001900
8.050000 0.001900
8.060000 0.002100
8.070000 0.003100
8.080000 0.001400
8.090000 0.001900
8.100000 0.001500
8.110000 0.001600
8.120000 0.002000
8.130000 0.001700
8.140000 0.001400
8.150000 0.002400
8.160000 0.002600
8.170000 0.002100
8.180000 0.001700
8.190000 0.001400
8.200000 0.002300
8.210000 0.002000
8.220000 0.002000
8.230000 0.002200
8.240000 0.002500
8.250000 0.002400
8.260000 0.001400
8.270000 0.002100
8.280000 0.001600
8.290000 0.002600
8.300000 0.001700
8.310000 0.001800
8.320000 0.001700
8.330000 0.001100
8.340000 0.001100
8.350000 0.001800
8.360000 0.002200
8.370000 0.001600
8.380000 0.002400
8.390000 0.002000
8.400000 0.003200
8.410000 0.001100
8.420000 0.001600
8.430000 0.002200
8.440000 0.001700
8.450000 0.002000
8.460000 0.001500
8.470000 0.001200
8.480000 0.001800
8.490000 0.001300
8.500000 0.002400
8.510000 0.001600
8.520000 0.001300
8.530000 0.001600
8.540000 0.000700
8.550000 0.001300
8.560000 0.002600
8.570000 0.002200
8.580000 0.001600
8.590000 0.002200
8.600000 0.001100
8.610000 0.001100
8.620000 0.002300
8.630000 0.001700
8.640000 0.002300
8.650000 0.001000
8.660000 0.001400
8.670000 0.001700
8.680000 0.000600
8.690000 0.000700
8.700000 0.001900
8.710000 0.001300
8.720000 0.001600
8.730000 0.001800
8.740000 0.001500
8.750000 0.001200
8.760000 0.001000
8.770000 0.001300
8.780000 0.001700
8.790000 0.001200
8.800000 0.001200
8.810000 0.001900
8.820000 0.001400
8.830000 0.001600
8.840000 0.001900
8.850000 0.002100
8.860000 0.001600
8.870000 0.001100
8.880000 0.001800
8.890000 0.001200
8.900000 0.001100
8.910000 0.001200
8.920000 0.001200
8.930000 0.001400
8.940000 0.001700
8.950000 0.001000
8.960000 0.001100
8.970000 0.001700
8.980000 0.001600
8.990000 0.001000
9.000000 0.001500
9.010000 0.000900
9.020000 0.001800
9.030000 0.001400
9.040000 0.001200
9.050000 0.002200
9.060000 0.001200
9.070000 0.001500
9.080000 0.001300
9.090000 0.001600
9.100000 0.000900
9.110000 0.001300
9.120000 0.001400
9.130000 0.001900
9.140000 0.001300
9.150000 0.001500
9.160000 0.001400
9.170000 0.001400
9.180000 0.000900
9.190000 0.001600
9.200000 0.001700
9.210000 0.002000
9.220000 0.001600
9.230000 0.001000
9.240000 0.001300
9.250000 0.000900
9.260000 0.002200
9.270000 0.001300
9.280000 0.001600
9.290000 0.000900
9.300000 0.001300
9.310000 0.001400
9.320000 0.001100
9.330000 0.001300
9.340000 0.001700
9.350000 0.001400
9.360000 0.001100
9.370000 0.000800
9.380000 0.000900
9.390000 0.001300
9.400000 0.000800
9.410000 0.001500
9.420000 0.001500
9.430000 0.000500
9.440000 0.001100
9.450000 0.001100
9.460000 0.001600
9.470000 0.001200
9.480000 0.001800
9.490000 0.001500
9.500000 0.001300
9.510000 0.001600
9.520000 0.000900
9.530000 0.001300
9.540000 0.001400
9.550000 0.001400
9.560000 0.000900
9.570000 0.001400
9.580000 0.002000
9.590000 0.001400
9.600000 0.001400
9.610000 0.001400
9.620000 0.000600
9.630000 0.000700
9.640000 0.002000
9.650000 0.001800
9.660000 0.000700
9.670000 0.001300
9.680000 0.001400
9.690000 0.001900
9.700000 0.001600
9.710000 0.001400
9.720000 0.001200
9.730000 0.000900
9.740000 0.001200
9.750000 0.001500
9.760000 0.001500
9.770000 0.001500
9.780000 0.001200
9.790000 0.000800
9.800000 0.001100
9.810000 0.001400
9.820000 0.001000
9.830000 0.001200
9.840000 0.001400
9.850000 0.001800
9.860000 0.001400
9.870000 0.001100
9.880000 0.001100
9.890000 0.002100
9.900000 0.001200
9.910000 0.000700
9.920000 0.001200
9.930000 0.001200
9.940000 0.000800
9.950000 0.001500
9.960000 0.000900
9.970000 0.000900
9.980000 0.000900
9.990000 0.001100
10.000000 0.001000
