0.000000 0.985300
0.010000 0.974600
0.020000 0.963600
0.030000 0.956700
0.040000 0.950600
0.050000 0.949600
0.060000 0.937000
0.070000 0.933400
0.080000 0.923900
0.090000 0.925000
0.100000 0.922900
0.110000 0.914400
0.120000 0.911200
0.130000 0.907300
0.140000 0.900100
0.150000 0.895600
0.160000 0.892200
0.170000 0.890600
0.180000 0.887100
0.190000 0.887400
0.200000 0.881800
0.210000 0.878000
0.220000 0.873600
0.230000 0.868200
0.240000 0.866300
0.250000 0.861700
0.260000 0.857200
0.270000 0.856900
0.280000 0.857400
0.290000 0.850400
0.300000 0.850600
0.310000 0.844600
0.320000 0.838500
0.330000 0.840300
0.340000 0.837100
0.350000 0.833300
0.360000 0.830300
0.370000 0.824300
0.380000 0.827500
0.390000 0.817200
0.400000 0.816400
0.410000 0.814400
0.420000 0.809600
0.430000 0.809900
0.440000 0.796200
0.450000 0.797600
0.460000 0.787300
0.470000 0.794500
0.480000 0.781900
0.490000 0.783900
0.500000 0.776400
0.510000 0.771000
0.520000 0.762500
0.530000 0.752100
0.540000 0.752000
0.550000 0.747300
0.560000 0.750400
0.570000 0.737700
0.580000 0.739800
0.590000 0.737500
0.600000 0.734900
0.610000 0.735600
0.620000 0.727200
0.630000 0.725700
0.640000 0.711100
0.650000 0.705300
0.660000 0.695700
0.670000 0.700900
0.680000 0.677800
0.690000 0.686800
0.700000 0.674400
0.710000 0.670500
0.720000 0.667000
0.730000 0.664300
0.740000 0.657800
0.750000 0.652300
0.760000 0.637000
0.770000 0.647200
0.780000 0.640500
0.790000 0.636200
0.800000 0.644700
0.810000 0.630000
0.820000 0.639300
0.830000 0.624000
0.840000 0.623500
0.850000 0.624800
0.860000 0.611700
0.870000 0.612500
0.880000 0.603400
0.890000 0.610200
0.900000 0.605300
0.910000 0.601200
0.920000 0.596400
0.930000 0.602400
0.940000 0.596600
0.950000 0.591200
0.960000 0.586200
0.970000 0.585700
0.980000 0.578700
0.990000 0.572000
1.000000 0.560200
1.010000 0.560800
1.020000 0.560800
1.030000 0.546400
1.040000 0.550200
1.050000 0.547100
1.060000 0.529100
1.070000 0.539600
1.080000 0.533100
1.090000 0.525600
1.100000 0.524800
1.110000 0.510300
1.120000 0.512800
1.130000 0.512300
1.140000 0.503700
1.150000 0.506300
1.160000 0.504500
1.170000 0.500300
1.180000 0.495300
1.190000 0.495000
1.200000 0.479200
1.210000 0.477600
1.220000 0.472600
1.230000 0.464600
1.240000 0.463200
1.250000 0.461700
1.260000 0.461400
1.270000 0.457700
1.280000 0.449600
1.290000 0.453100
1.300000 0.442200
1.310000 0.439400
1.320000 0.446800
1.330000 0.436400
1.340000 0.424800
1.350000 0.438700
1.360000 0.436500
1.370000 0.428900
1.380000 0.425000
1.390000 0.427000
1.400000 0.419500
1.410000 0.413700
1.420000 0.417700
1.430000 0.418700
1.440000 0.413200
1.450000 0.409900
1.460000 0.410400
1.470000 0.399000
1.480000 0.412000
1.490000 0.382700
1.500000 0.393800
1.510000 0.398900
1.520000 0.389800
1.530000 0.388800
1.540000 0.389500
1.550000 0.378000
1.560000 0.378300
1.570000 0.381100
1.580000 0.379700
1.590000 0.372300
1.600000 0.375200
1.610000 0.376100
1.620000 0.370800
1.630000 0.359100
1.640000 0.367300
1.650000 0.370000
1.660000 0.367800
1.670000 0.365700
1.680000 0.348100
1.690000 0.354600
1.700000 0.354700
1.710000 0.357400
1.720000 0.350700
1.730000 0.342600
1.740000 0.349800
1.750000 0.338000
1.760000 0.335200
1.770000 0.338200
1.780000 0.329700
1.790000 0.337100
1.800000 0.325200
1.810000 0.319100
1.820000 0.324400
1.830000 0.316000
1.840000 0.320500
1.850000 0.313200
1.860000 0.312900
1.870000 0.317100
1.880000 0.309000
1.890000 0.312500
1.900000 0.310300
1.910000 0.308400
1.920000 0.303000
1.930000 0.304200
1.940000 0.301100
1.950000 0.296100
1.960000 0.295900
1.970000 0.289000
1.980000 0.288700
1.990000 0.283200
2.000000 0.282400
2.010000 0.285100
2.020000 0.283500
2.030000 0.277700
2.040000 0.273800
2.050000 0.271400
2.060000 0.277200
2.070000 0.267000
2.080000 0.275200
2.090000 0.265700
2.100000 0.256700
2.110000 0.265200
2.120000 0.266800
2.130000 0.253400
2.140000 0.266300
2.150000 0.250400
2.160000 0.250100
2.170000 0.245300
2.180000 0.245000
2.190000 0.254500
2.200000 0.242500
2.210000 0.246900
2.220000 0.244200
2.230000 0.242200
2.240000 0.250100
2.250000 0.240200
2.260000 0.237500
2.270000 0.240700
2.280000 0.224700
2.290000 0.231200
2.300000 0.228100
2.310000 0.235300
2.320000 0.231400
2.330000 0.232700
2.340000 0.224200
2.350000 0.224900
2.360000 0.226500
2.370000 0.222300
2.380000 0.221700
2.390000 0.219600
2.400000 0.222100
2.410000 0.216100
2.420000 0.215000
2.430000 0.213200
2.440000 0.212000
2.450000 0.219100
2.460000 0.212700
2.470000 0.215800
2.480000 0.210800
2.490000 0.204800
2.500000 0.202700
2.510000 0.210600
2.520000 0.208400
2.530000 0.200700
2.540000 0.205700
2.550000 0.202000
2.560000 0.195600
2.570000 0.203700
2.580000 0.193300
2.590000 0.184900
2.600000 0.194600
2.610000 0.196900
2.620000 0.193500
2.630000 0.194500
2.640000 0.191000
2.650000 0.189700
2.660000 0.184900
2.670000 0.181600
2.680000 0.182300
2.690000 0.181900
2.700000 0.182100
2.710000 0.183100
2.720000 0.178600
2.730000 0.181500
2.740000 0.172600
2.750000 0.175600
2.760000 0.171600
2.770000 0.171300
2.780000 0.168400
2.790000 0.172600
2.800000 0.165000
2.810000 0.161700
2.820000 0.162300
2.830000 0.165400
2.840000 0.164300
2.850000 0.158600
2.860000 0.159600
2.870000 0.154400
2.880000 0.158800
2.890000 0.155000
2.900000 0.153800
2.910000 0.146600
2.920000 0.149400
2.930000 0.154500
2.940000 0.152300
2.950000 0.143500
2.960000 0.146800
2.970000 0.145300
2.980000 0.142300
2.990000 0.138900
3.000000 0.144000
3.010000 0.143200
3.020000 0.148000
3.030000 0.138400
3.040000 0.140400
3.050000 0.140600
3.060000 0.136000
3.070000 0.133400
3.080000 0.136600
3.090000 0.136000
3.100000 0.136100
3.110000 0.134300
3.120000 0.134400
3.130000 0.128600
3.140000 0.139400
3.150000 0.132400
3.160000 0.130500
3.170000 0.130000
3.180000 0.125000
3.190000 0.134000
3.200000 0.129000
3.210000 0.123700
3.220000 0.123000
3.230000 0.116500
3.240000 0.121700
3.250000 0.124200
3.260000 0.120200
3.270000 0.123100
3.280000 0.118300
3.290000 0.118800
3.300000 0.116100
3.310000 0.115400
3.320000 0.117500
3.330000 0.111500
3.340000 0.120800
3.350000 0.115200
3.360000 0.116700
3.370000 0.110400
3.380000 0.112200
3.390000 0.112000
3.400000 0.107700
3.410000 0.102600
3.420000 0.106400
3.430000 0.115200
3.440000 0.103900
3.450000 0.103400
3.460000 0.105500
3.470000 0.106300
3.480000 0.102500
3.490000 0.099100
3.500000 0.102000
3.510000 0.096500
3.520000 0.097300
3.530000 0.098300
3.540000 0.102100
3.550000 0.102300
3.560000 0.099500
3.570000 0.095000
3.580000 0.103000
3.590000 0.098900
3.600000 0.093100
3.610000 0.100100
3.620000 0.096800
3.630000 0.098700
3.640000 0.092000
3.650000 0.090600
3.660000 0.093100
3.670000 0.093200
3.680000 0.091200
3.690000 0.092200
3.700000 0.088800
3.710000 0.092300
3.720000 0.088600
3.730000 0.088600
3.740000 0.087800
3.750000 0.086200
3.760000 0.089900
3.770000 0.085100
3.780000 0.085700
3.790000 0.087300
3.800000 0.084300
3.810000 0.082500
3.820000 0.082700
3.830000 0.083400
3.840000 0.083100
3.850000 0.078800
3.860000 0.082600
3.870000 0.078600
3.880000 0.083900
3.890000 0.081500
3.900000 0.079200
3.910000 0.080800
3.920000 0.078500
3.930000 0.076300
3.940000 0.082600
3.950000 0.077200
3.960000 0.077000
3.970000 0.078200
3.980000 0.073500
3.990000 0.074000
4.000000 0.073900
4.010000 0.072600
4.020000 0.076300
4.030000 0.071500
4.040000 0.073900
4.050000 0.075500
4.060000 0.066300
4.070000 0.069300
4.080000 0.071700
4.090000 0.068400
4.100000 0.073100
4.110000 0.072200
4.120000 0.069600
4.130000 0.063000
4.140000 0.071000
4.150000 0.066600
4.160000 0.066700
4.170000 0.068300
4.180000 0.063100
4.190000 0.067300
4.200000 0.061700
4.210000 0.067200
4.220000 0.064100
4.230000 0.063800
4.240000 0.060900
4.250000 0.063400
4.260000 0.060400
4.270000 0.061300
4.280000 0.061200
4.290000 0.060300
4.300000 0.061600
4.310000 0.061700
4.320000 0.057000
4.330000 0.059600
4.340000 0.062400
4.350000 0.058200
4.360000 0.058100
4.370000 0.056900
4.380000 0.056400
4.390000 0.053300
4.400000 0.057400
4.410000 0.060100
4.420000 0.055400
4.430000 0.051700
4.440000 0.058400
4.450000 0.051100
4.460000 0.054300
4.470000 0.055200
4.480000 0.056400
4.490000 0.053300
4.500000 0.052300
4.510000 0.056500
4.520000 0.049800
4.530000 0.048100
4.540000 0.048000
4.550000 0.052400
4.560000 0.049800
4.570000 0.046300
4.580000 0.049500
4.590000 0.050100
4.600000 0.051800
4.610000 0.048200
4.620000 0.045000
4.630000 0.047500
4.640000 0.050500
4.650000 0.051000
4.660000 0.047000
4.670000 0.045700
4.680000 0.045800
4.690000 0.045700
4.700000 0.046000
4.710000 0.046900
4.720000 0.046800
4.730000 0.040800
4.740000 0.044800
4.750000 0.045700
4.760000 0.042700
4.770000 0.044000
4.780000 0.039000
4.790000 0.042600
4.800000 0.042200
4.810000 0.042500
4.820000 0.041400
4.830000 0.041500
4.840000 0.039100
4.850000 0.038200
4.860000 0.041700
4.870000 0.042000
4.880000 0.038000
4.890000 0.043000
4.900000 0.039400
4.910000 0.035500
4.920000 0.035900
4.930000 0.038800
4.940000 0.041500
4.950000 0.039800
4.960000 0.041400
4.970000 0.036000
4.980000 0.037100
4.990000 0.039500
5.000000 0.038600
5.010000 0.035100
5.020000 0.037200
5.030000 0.035000
5.040000 0.032600
5.050000 0.032800
5.060000 0.031900
5.070000 0.035700
5.080000 0.032700
5.090000 0.033900
5.100000 0.033500
5.110000 0.035000
5.120000 0.030100
5.130000 0.034900
5.140000 0.029900
5.150000 0.032700
5.160000 0.029800
5.170000 0.027900
5.180000 0.032600
5.190000 0.033800
5.200000 0.030400
5.210000 0.028300
5.220000 0.031700
5.230000 0.029600
5.240000 0.031000
5.250000 0.028100
5.260000 0.026900
5.270000 0.032000
5.280000 0.030400
5.290000 0.031300
5.300000 0.025500
5.310000 0.025600
5.320000 0.028900
5.330000 0.031100
5.340000 0.028100
5.350000 0.024000
5.360000 0.024400
5.370000 0.025100
5.380000 0.027400
5.390000 0.025400
5.400000 0.024800
5.410000 0.023400
5.420000 0.025200
5.430000 0.024900
5.440000 0.024900
5.450000 0.022800
5.460000 0.026000
5.470000 0.024100
5.480000 0.022500
5.490000 0.020600
5.500000 0.021800
5.510000 0.020400
5.520000 0.022800
5.530000 0.022600
5.540000 0.022900
5.550000 0.023200
5.560000 0.022900
5.570000 0.018000
5.580000 0.021400
5.590000 0.022800
5.600000 0.023300
5.610000 0.018400
5.620000 0.021400
5.630000 0.023100
5.640000 0.021100
5.650000 0.020200
5.660000 0.020300
5.670000 0.020200
5.680000 0.018000
5.690000 0.019600
5.700000 0.021600
5.710000 0.019700
5.720000 0.017100
5.730000 0.018400
5.740000 0.020000
5.750000 0.018800
5.760000 0.019500
5.770000 0.017300
5.780000 0.021900
5.790000 0.018800
5.800000 0.019500
5.810000 0.018500
5.820000 0.015000
5.830000 0.018000
5.840000 0.017300
5.850000 0.017900
5.860000 0.017200
5.870000 0.018000
5.880000 0.016700
5.890000 0.019800
5.900000 0.015600
5.910000 0.016700
5.920000 0.017600
5.930000 0.017200
5.940000 0.015900
5.950000 0.016500
5.960000 0.016500
5.970000 0.015600
5.980000 0.015900
5.990000 0.014300
6.000000 0.016200
6.010000 0.014300
6.020000 0.013700
6.030000 0.015300
6.040000 0.015000
6.050000 0.013500
6.060000 0.012100
6.070000 0.014400
6.080000 0.012900
6.090000 0.013400
6.100000 0.012400
6.110000 0.013500
6.120000 0.013700
6.130000 0.014500
6.140000 0.012800
6.150000 0.013100
6.160000 0.013600
6.170000 0.012500
6.180000 0.014000
6.190000 0.013800
6.200000 0.012700
6.210000 0.013600
6.220000 0.013300
6.230000 0.012800
6.240000 0.014000
6.250000 0.012000
6.260000 0.013700
6.270000 0.010800
6.280000 0.011500
6.290000 0.011300
6.300000 0.010800
6.310000 0.012200
6.320000 0.013400
6.330000 0.011900
6.340000 0.010500
6.350000 0.013600
6.360000 0.013400
6.370000 0.011800
6.380000 0.010400
6.390000 0.012100
6.400000 0.011800
6.410000 0.013000
6.420000 0.009900
6.430000 0.010100
6.440000 0.011500
6.450000 0.012000
6.460000 0.013200
6.470000 0.011400
6.480000 0.010600
6.490000 0.010900
6.500000 0.010800
6.510000 0.013200
6.520000 0.010600
6.530000 0.012600
6.540000 0.008400
6.550000 0.009800
6.560000 0.010600
6.570000 0.011300
6.580000 0.010900
6.590000 0.009600
6.600000 0.012900
6.610000 0.011000
6.620000 0.011500
6.630000 0.010500
6.640000 0.008800
6.650000 0.010300
6.660000 0.010800
6.670000 0.011700
6.680000 0.011000
6.690000 0.007800
6.700000 0.008300
6.710000 0.010800
6.720000 0.008900
6.730000 0.009000
6.740000 0.009100
6.750000 0.009300
6.760000 0.009000
6.770000 0.009900
6.780000 0.010500
6.790000 0.008900
6.800000 0.010500
6.810000 0.011900
6.820000 0.010700
6.830000 0.008400
6.840000 0.010200
6.850000 0.009700
6.860000 0.008900
6.870000 0.008400
6.880000 0.008700
6.890000 0.008000
6.900000 0.007500
6.910000 0.008300
6.920000 0.006700
6.930000 0.008000
6.940000 0.008400
6.950000 0.007700
6.960000 0.009100
6.970000 0.009300
6.980000 0.008600
6.990000 0.008500
7.000000 0.007000
7.010000 0.008500
7.020000 0.007700
7.030000 0.008200
7.040000 0.008000
7.050000 0.007800
7.060000 0.008000
7.070000 0.006000
7.080000 0.007600
7.090000 0.007400
7.100000 0.007800
7.110000 0.007400
7.120000 0.006800
7.130000 0.006500
7.140000 0.006600
7.150000 0.006500
7.160000 0.008300
7.170000 0.006800
7.180000 0.007200
7.190000 0.008600
7.200000 0.006400
7.210000 0.007400
7.220000 0.007000
7.230000 0.007300
7.240000 0.007300
7.250000 0.006400
7.260000 0.006700
7.270000 0.006400
7.280000 0.006200
7.290000 0.007400
7.300000 0.007800
7.310000 0.006200
7.320000 0.006400
7.330000 0.004200
7.340000 0.005500
7.350000 0.005600
7.360000 0.005400
7.370000 0.006100
7.380000 0.007500
7.390000 0.005500
7.400000 0.006300
7.410000 0.007300
7.420000 0.006200
7.430000 0.006400
7.440000 0.005600
7.450000 0.006400
7.460000 0.006500
7.470000 0.004800
7.480000 0.006500
7.490000 0.005400
7.500000 0.005700
7.510000 0.006600
7.520000 0.005400
7.530000 0.007000
7.540000 0.005300
7.550000 0.004400
7.560000 0.004600
7.570000 0.006200
7.580000 0.006200
7.590000 0.005300
7.600000 0.004900
7.610000 0.005800
7.620000 0.006200
7.630000 0.005400
7.640000 0.004000
7.650000 0.005400
7.660000 0.005600
7.670000 0.005700
7.680000 0.005500
7.690000 0.005500
7.700000 0.005000
7.710000 0.005000
7.720000 0.004800
7.730000 0.005300
7.740000 0.006200
7.750000 0.004900
7.760000 0.004900
7.770000 0.005500
7.780000 0.004200
7.790000 0.004700
7.800000 0.005100
7.810000 0.006300
7.820000 0.004600
7.830000 0.005100
7.840000 0.005600
7.850000 0.004100
7.860000 0.003600
7.870000 0.004800
7.880000 0.004700
7.890000 0.004900
7.900000 0.004700
7.910000 0.004700
7.920000 0.005300
7.930000 0.003600
7.940000 0.004400
7.950000 0.005400
7.960000 0.005900
7.970000 0.004200
7.980000 0.004000
7.990000 0.003900
8.000000 0.003400
8.010000 0.003800
8.020000 0.005600
8.030000 0.003600
8.040000 0.004900
8.050000 0.005300
8.060000 0.004500
8.070000 0.004900
8.080000 0.004200
8.090000 0.004100
8.100000 0.004300
8.110000 0.004300
8.120000 0.003600
8.130000 0.003800
8.140000 0.004700
8.150000 0.003600
8.160000 0.003500
8.170000 0.004900
8.180000 0.003300
8.190000 0.003600
8.200000 0.004400
8.210000 0.004100
8.220000 0.003300
8.230000 0.003700
8.240000 0.004700
8.250000 0.003600
8.260000 0.004000
8.270000 0.003500
8.280000 0.004000
8.290000 0.004400
8.300000 0.003600
8.310000 0.004200
8.320000 0.004100
8.330000 0.004300
8.340000 0.004100
8.350000 0.003800
8.360000 0.003600
8.370000 0.004800
8.380000 0.004300
8.390000 0.004300
8.400000 0.004300
8.410000 0.003100
8.420000 0.003400
8.430000 0.004000
8.440000 0.004000
8.450000 0.002900
8.460000 0.002900
8.470000 0.003100
8.480000 0.002900
8.490000 0.004200
8.500000 0.004100
8.510000 0.004100
8.520000 0.003800
8.530000 0.004000
8.540000 0.002200
8.550000 0.004000
8.560000 0.003500
8.570000 0.003100
8.580000 0.004700
8.590000 0.004700
8.600000 0.003100
8.610000 0.003000
8.620000 0.003500
8.630000 0.004100
8.640000 0.003900
8.650000 0.002300
8.660000 0.004300
8.670000 0.003600
8.680000 0.003900
8.690000 0.003700
8.700000 0.002700
8.710000 0.002400
8.720000 0.002400
8.730000 0.002200
8.740000 0.002700
8.750000 0.002400
8.760000 0.003600
8.770000 0.002300
8.780000 0.002600
8.790000 0.003300
8.800000 0.002600
8.810000 0.002300
8.820000 0.002600
8.830000 0.003200
8.840000 0.002300
8.850000 0.003800
8.860000 0.002800
8.870000 0.002100
8.880000 0.002200
8.890000 0.003100
8.900000 0.003900
8.910000 0.002600
8.920000 0.003500
8.930000 0.002900
8.940000 0.002700
8.950000 0.002800
8.960000 0.002900
8.970000 0.002400
8.980000 0.002900
8.990000 0.002700
9.000000 0.003100
9.010000 0.003100
9.020000 0.003500
9.030000 0.002900
9.040000 0.002700
9.050000 0.002600
9.060000 0.002700
9.070000 0.002600
9.080000 0.002900
9.090000 0.002800
9.100000 0.002900
9.110000 0.002700
9.120000 0.003000
9.130000 0.002900
9.140000 0.002900
9.150000 0.002000
9.160000 0.001900
9.170000 0.001800
9.180000 0.002300
9.190000 0.002200
9.200000 0.001900
9.210000 0.003000
9.220000 0.003200
9.230000 0.002300
9.240000 0.003400
9.250000 0.001800
9.260000 0.002600
9.270000 0.001500
9.280000 0.002100
9.290000 0.002900
9.300000 0.002600
9.310000 0.002400
9.320000 0.002100
9.330000 0.002200
9.340000 0.002500
9.350000 0.001800
9.360000 0.002400
9.370000 0.002100
9.380000 0.001500
9.390000 0.002400
9.400000 0.002200
9.410000 0.003600
9.420000 0.002000
9.430000 0.003000
9.440000 0.002900
9.450000 0.002100
9.460000 0.002400
9.470000 0.001800
9.480000 0.002400
9.490000 0.001800
9.500000 0.002200
9.510000 0.002100
9.520000 0.002300
9.530000 0.002300
9.540000 0.002000
9.550000 0.002600
9.560000 0.002200
9.570000 0.002100
9.580000 0.001700
9.590000 0.002100
9.600000 0.002100
9.610000 0.000900
9.620000 0.001900
9.630000 0.002400
9.640000 0.003400
9.650000 0.001800
9.660000 0.002600
9.670000 0.002600
9.680000 0.001600
9.690000 0.002800
9.700000 0.002500
9.710000 0.002300
9.720000 0.001800
9.730000 0.001900
9.740000 0.002400
9.750000 0.001700
9.760000 0.002400
9.770000 0.002000
9.780000 0.002300
9.790000 0.001300
9.800000 0.002400
9.810000 0.002500
9.820000 0.001200
9.830000 0.001700
9.840000 0.002000
9.850000 0.002000
9.860000 0.002200
9.870000 0.001700
9.880000 0.001500
9.890000 0.002000
9.900000 0.001500
9.910000 0.001300
9.920000 0.002500
9.930000 0.002000
9.940000 0.002700
9.950000 0.002100
9.960000 0.001700
9.970000 0.001600
9.980000 0.002100
9.990000 0.001900
10.000000 0.001600
