0.000000 0.831200
0.010000 0.985100
0.020000 0.977100
0.030000 0.971700
0.040000 0.961200
0.050000 0.956800
0.060000 0.949600
0.070000 0.949300
0.080000 0.939700
0.090000 0.937300
0.100000 0.932200
0.110000 0.923500
0.120000 0.922500
0.130000 0.914400
0.140000 0.913100
0.150000 0.912000
0.160000 0.899700
0.170000 0.900300
0.180000 0.894300
0.190000 0.888500
0.200000 0.885800
0.210000 0.878200
0.220000 0.876500
0.230000 0.873000
0.240000 0.874200
0.250000 0.864000
0.260000 0.865000
0.270000 0.863100
0.280000 0.855700
0.290000 0.859300
0.300000 0.846600
0.310000 0.842800
0.320000 0.845300
0.330000 0.839800
0.340000 0.835100
0.350000 0.831700
0.360000 0.821600
0.370000 0.828200
0.380000 0.824700
0.390000 0.821200
0.400000 0.808200
0.410000 0.808600
0.420000 0.805200
0.430000 0.803900
0.440000 0.799000
0.450000 0.789900
0.460000 0.793100
0.470000 0.794500
0.480000 0.778700
0.490000 0.784300
0.500000 0.770700
0.510000 0.774300
0.520000 0.769400
0.530000 0.764400
0.540000 0.765500
0.550000 0.753500
0.560000 0.751100
0.570000 0.746800
0.580000 0.742500
0.590000 0.737200
0.600000 0.740600
0.610000 0.735000
0.620000 0.740200
0.630000 0.715600
0.640000 0.715500
0.650000 0.721000
0.660000 0.707900
0.670000 0.711900
0.680000 0.705300
0.690000 0.697400
0.700000 0.695300
0.710000 0.687800
0.720000 0.683900
0.730000 0.690900
0.740000 0.686700
0.750000 0.686900
0.760000 0.674700
0.770000 0.668500
0.780000 0.661900
0.790000 0.669300
0.800000 0.658300
0.810000 0.656500
0.820000 0.651000
0.830000 0.647200
0.840000 0.646000
0.850000 0.639300
0.860000 0.631200
0.870000 0.639000
0.880000 0.621800
0.890000 0.626300
0.900000 0.617000
0.910000 0.621300
0.920000 0.612500
0.930000 0.610900
0.940000 0.604300
0.950000 0.606700
0.960000 0.590300
0.970000 0.592600
0.980000 0.593900
0.990000 0.584800
1.000000 0.595200
1.010000 0.574900
1.020000 0.575100
1.030000 0.571200
1.040000 0.572800
1.050000 0.569100
1.060000 0.561800
1.070000 0.552100
1.080000 0.554900
1.090000 0.545800
1.100000 0.544400
1.110000 0.543700
1.120000 0.542800
1.130000 0.538200
1.140000 0.528100
1.150000 0.529000
1.160000 0.528400
1.170000 0.515800
1.180000 0.513100
1.190000 0.503500
1.200000 0.512500
1.210000 0.510700
1.220000 0.494600
1.230000 0.492800
1.240000 0.481700
1.250000 0.495100
1.260000 0.488300
1.270000 0.489000
1.280000 0.472600
1.290000 0.482000
1.300000 0.471900
1.310000 0.464500
1.320000 0.461100
1.330000 0.464400
1.340000 0.460100
1.350000 0.462300
1.360000 0.458500
1.370000 0.450300
1.380000 0.449200
1.390000 0.441400
1.400000 0.440100
1.410000 0.432900
1.420000 0.430400
1.430000 0.440600
1.440000 0.432800
1.450000 0.423700
1.460000 0.423800
1.470000 0.416600
1.480000 0.416000
1.490000 0.411700
1.500000 0.407300
1.510000 0.415200
1.520000 0.399200
1.530000 0.399700
1.540000 0.392300
1.550000 0.389200
1.560000 0.390000
1.570000 0.383500
1.580000 0.379700
1.590000 0.376400
1.600000 0.374700
1.610000 0.379700
1.620000 0.372600
1.630000 0.374600
1.640000 0.365700
1.650000 0.363900
1.660000 0.361000
1.670000 0.354600
1.680000 0.361100
1.690000 0.348400
1.700000 0.352300
1.710000 0.356100
1.720000 0.345200
1.730000 0.351700
1.740000 0.343700
1.750000 0.332800
1.760000 0.337800
1.770000 0.333600
1.780000 0.327300
1.790000 0.327600
1.800000 0.333300
1.810000 0.329500
1.820000 0.324700
1.830000 0.326900
1.840000 0.311300
1.850000 0.318500
1.860000 0.311200
1.870000 0.312700
1.880000 0.319500
1.890000 0.311600
1.900000 0.301700
1.910000 0.301700
1.920000 0.305700
1.930000 0.313600
1.940000 0.291900
1.950000 0.299700
1.960000 0.300100
1.970000 0.298800
1.980000 0.283700
1.990000 0.293800
2.000000 0.284600
2.010000 0.277100
2.020000 0.283800
2.030000 0.283000
2.040000 0.281100
2.050000 0.280200
2.060000 0.271300
2.070000 0.272700
2.080000 0.272200
2.090000 0.279600
2.100000 0.273300
2.110000 0.259700
2.120000 0.258700
2.130000 0.263000
2.140000 0.263400
2.150000 0.267300
2.160000 0.253100
2.170000 0.256400
2.180000 0.253000
2.190000 0.252600
2.200000 0.243100
2.210000 0.245700
2.220000 0.251100
2.230000 0.244400
2.240000 0.249100
2.250000 0.247700
2.260000 0.234700
2.270000 0.236700
2.280000 0.233900
2.290000 0.225600
2.300000 0.234400
2.310000 0.235700
2.320000 0.227000
2.330000 0.237800
2.340000 0.224300
2.350000 0.224800
2.360000 0.225600
2.370000 0.221200
2.380000 0.220500
2.390000 0.210300
2.400000 0.217900
2.410000 0.210700
2.420000 0.209000
2.430000 0.219700
2.440000 0.205800
2.450000 0.207400
2.460000 0.200200
2.470000 0.207400
2.480000 0.198600
2.490000 0.200300
2.500000 0.201600
2.510000 0.201500
2.520000 0.199000
2.530000 0.202000
2.540000 0.190800
2.550000 0.188700
2.560000 0.193700
2.570000 0.192700
2.580000 0.190000
2.590000 0.188400
2.600000 0.185200
2.610000 0.188400
2.620000 0.186500
2.630000 0.182000
2.640000 0.180700
2.650000 0.178200
2.660000 0.180600
2.670000 0.170900
2.680000 0.171600
2.690000 0.172900
2.700000 0.169500
2.710000 0.169200
2.720000 0.175600
2.730000 0.165600
2.740000 0.164600
2.750000 0.162700
2.760000 0.163600
2.770000 0.161500
2.780000 0.165600
2.790000 0.155500
2.800000 0.162100
2.810000 0.158500
2.820000 0.159600
2.830000 0.152000
2.840000 0.154500
2.850000 0.155600
2.860000 0.153100
2.870000 0.151700
2.880000 0.152100
2.890000 0.152500
2.900000 0.150500
2.910000 0.147100
2.920000 0.150300
2.930000 0.142300
2.940000 0.145800
2.950000 0.138400
2.960000 0.142400
2.970000 0.135100
2.980000 0.143500
2.990000 0.135300
3.000000 0.133400
3.010000 0.139900
3.020000 0.138300
3.030000 0.131000
3.040000 0.139100
3.050000 0.127700
3.060000 0.137300
3.070000 0.131400
3.080000 0.128900
3.090000 0.129200
3.100000 0.120800
3.110000 0.120700
3.120000 0.121500
3.130000 0.124700
3.140000 0.127700
3.150000 0.119800
3.160000 0.125900
3.170000 0.116800
3.180000 0.121200
3.190000 0.118400
3.200000 0.118600
3.210000 0.115500
3.220000 0.116800
3.230000 0.115700
3.240000 0.112700
3.250000 0.118300
3.260000 0.113400
3.270000 0.111300
3.280000 0.107000
3.290000 0.110900
3.300000 0.108600
3.310000 0.113400
3.320000 0.108600
3.330000 0.105400
3.340000 0.109000
3.350000 0.105200
3.360000 0.098700
3.370000 0.098500
3.380000 0.103300
3.390000 0.102600
3.400000 0.097900
3.410000 0.102400
3.420000 0.096400
3.430000 0.097600
3.440000 0.100100
3.450000 0.096800
3.460000 0.094100
3.470000 0.097700
3.480000 0.095500
3.490000 0.094500
3.500000 0.093800
3.510000 0.085300
3.520000 0.092900
3.530000 0.085400
3.540000 0.091600
3.550000 0.094000
3.560000 0.084100
3.570000 0.086900
3.580000 0.087000
3.590000 0.088900
3.600000 0.085400
3.610000 0.087000
3.620000 0.088200
3.630000 0.079000
3.640000 0.079600
3.650000 0.082100
3.660000 0.082000
3.670000 0.079000
3.680000 0.076900
3.690000 0.081100
3.700000 0.078600
3.710000 0.075100
3.720000 0.083100
3.730000 0.083400
3.740000 0.075500
3.750000 0.076000
3.760000 0.082100
3.770000 0.078700
3.780000 0.074100
3.790000 0.073000
3.800000 0.071000
3.810000 0.074100
3.820000 0.071400
3.830000 0.072000
3.840000 0.070000
3.850000 0.073300
3.860000 0.070000
3.870000 0.067800
3.880000 0.067000
3.890000 0.074000
3.900000 0.072900
3.910000 0.065700
3.920000 0.063200
3.930000 0.065200
3.940000 0.063000
3.950000 0.066500
3.960000 0.061000
3.970000 0.064000
3.980000 0.063200
3.990000 0.058100
4.000000 0.061900
4.010000 0.062500
4.020000 0.057600
4.030000 0.061600
4.040000 0.058500
4.050000 0.057700
4.060000 0.056900
4.070000 0.055800
4.080000 0.059100
4.090000 0.058700
4.100000 0.057500
4.110000 0.053300
4.120000 0.051300
4.130000 0.052800
4.140000 0.051300
4.150000 0.052900
4.160000 0.051000
4.170000 0.052200
4.180000 0.047800
4.190000 0.048600
4.200000 0.050500
4.210000 0.046700
4.220000 0.048600
4.230000 0.045700
4.240000 0.049300
4.250000 0.043300
4.260000 0.046300
4.270000 0.044500
4.280000 0.047500
4.290000 0.047600
4.300000 0.048300
4.310000 0.042900
4.320000 0.047400
4.330000 0.045000
4.340000 0.043100
4.350000 0.044600
4.360000 0.040100
4.370000 0.040200
4.380000 0.039100
4.390000 0.038800
4.400000 0.037100
4.410000 0.040000
4.420000 0.037900
4.430000 0.038200
4.440000 0.037700
4.450000 0.042000
4.460000 0.043100
4.470000 0.036500
4.480000 0.038600
4.490000 0.037000
4.500000 0.040400
4.510000 0.036200
4.520000 0.034000
4.530000 0.037000
4.540000 0.036500
4.550000 0.035100
4.560000 0.033100
4.570000 0.033000
4.580000 0.033900
4.590000 0.032200
4.600000 0.033300
4.610000 0.035700
4.620000 0.030200
4.630000 0.031400
4.640000 0.031300
4.650000 0.033700
4.660000 0.030900
4.670000 0.032100
4.680000 0.033200
4.690000 0.031200
4.700000 0.030200
4.710000 0.028700
4.720000 0.028100
4.730000 0.029400
4.740000 0.029900
4.750000 0.028100
4.760000 0.028100
4.770000 0.025900
4.780000 0.029800
4.790000 0.026900
4.800000 0.025600
4.810000 0.027200
4.820000 0.027100
4.830000 0.025300
4.840000 0.026300
4.850000 0.023400
4.860000 0.023800
4.870000 0.023900
4.880000 0.022200
4.890000 0.024000
4.900000 0.024800
4.910000 0.024600
4.920000 0.024400
4.930000 0.023500
4.940000 0.025400
4.950000 0.024300
4.960000 0.022100
4.970000 0.022900
4.980000 0.019800
4.990000 0.020600
5.000000 0.022400
5.010000 0.022500
5.020000 0.020800
5.030000 0.021600
5.040000 0.019800
5.050000 0.020800
5.060000 0.020200
5.070000 0.020800
5.080000 0.022200
5.090000 0.020300
5.100000 0.019700
5.110000 0.019100
5.120000 0.022600
5.130000 0.014900
5.140000 0.018000
5.150000 0.020800
5.160000 0.019200
5.170000 0.019400
5.180000 0.019900
5.190000 0.018700
5.200000 0.017400
5.210000 0.019600
5.220000 0.017000
5.230000 0.018300
5.240000 0.017300
5.250000 0.016300
5.260000 0.017900
5.270000 0.019000
5.280000 0.015300
5.290000 0.017400
5.300000 0.017700
5.310000 0.015100
5.320000 0.017200
5.330000 0.017400
5.340000 0.015700
5.350000 0.016800
5.360000 0.015900
5.370000 0.016100
5.380000 0.016500
5.390000 0.014300
5.400000 0.013100
5.410000 0.014700
5.420000 0.013300
5.430000 0.014300
5.440000 0.016100
5.450000 0.013700
5.460000 0.016100
5.470000 0.013400
5.480000 0.015100
5.490000 0.012700
5.500000 0.014300
5.510000 0.013800
5.520000 0.012600
5.530000 0.013700
5.540000 0.014100
5.550000 0.014800
5.560000 0.014800
5.570000 0.011200
5.580000 0.014000
5.590000 0.013500
5.600000 0.013200
5.610000 0.012900
5.620000 0.012400
5.630000 0.012100
5.640000 0.014100
5.650000 0.013700
5.660000 0.012000
5.670000 0.011500
5.680000 0.010200
5.690000 0.011800
5.700000 0.012500
5.710000 0.012900
5.720000 0.011500
5.730000 0.011400
5.740000 0.010500
5.750000 0.009600
5.760000 0.011000
5.770000 0.009500
5.780000 0.011500
5.790000 0.011100
5.800000 0.010600
5.810000 0.010100
5.820000 0.010700
5.830000 0.008200
5.840000 0.010200
5.850000 0.009700
5.860000 0.009900
5.870000 0.009600
5.880000 0.010700
5.890000 0.010700
5.900000 0.012800
5.910000 0.011000
5.920000 0.008400
5.930000 0.011700
5.940000 0.010600
5.950000 0.010200
5.960000 0.011400
5.970000 0.009300
5.980000 0.008800
5.990000 0.009700
6.000000 0.009200
6.010000 0.008900
6.020000 0.009300
6.030000 0.010500
6.040000 0.008400
6.050000 0.009700
6.060000 0.008300
6.070000 0.009200
6.080000 0.008900
6.090000 0.009000
6.100000 0.008000
6.110000 0.010300
6.120000 0.009600
6.130000 0.008000
6.140000 0.007900
6.150000 0.007900
6.160000 0.008900
6.170000 0.009400
6.180000 0.008600
6.190000 0.008700
6.200000 0.008200
6.210000 0.007100
6.220000 0.007700
6.230000 0.008200
6.240000 0.007300
6.250000 0.007400
6.260000 0.007500
6.270000 0.007600
6.280000 0.007800
6.290000 0.006900
6.300000 0.008100
6.310000 0.008700
6.320000 0.008000
6.330000 0.007500
6.340000 0.007000
6.350000 0.006100
6.360000 0.007800
6.370000 0.007900
6.380000 0.005500
6.390000 0.006800
6.400000 0.006900
6.410000 0.008100
6.420000 0.006200
6.430000 0.006600
6.440000 0.007500
6.450000 0.008000
6.460000 0.006000
6.470000 0.007000
6.480000 0.006500
6.490000 0.006500
6.500000 0.005900
6.510000 0.005800
6.520000 0.008300
6.530000 0.006200
6.540000 0.006100
6.550000 0.006200
6.560000 0.005600
6.570000 0.006000
6.580000 0.006700
6.590000 0.005700
6.600000 0.006800
6.610000 0.006900
6.620000 0.006900
6.630000 0.007200
6.640000 0.004700
6.650000 0.007500
6.660000 0.006400
6.670000 0.006600
6.680000 0.006000
6.690000 0.007000
6.700000 0.006200
6.710000 0.006000
6.720000 0.006300
6.730000 0.005000
6.740000 0.005000
6.750000 0.006400
6.760000 0.006300
6.770000 0.004700
6.780000 0.005800
6.790000 0.006000
6.800000 0.006100
6.810000 0.006500
6.820000 0.004800
6.830000 0.006400
6.840000 0.005100
6.850000 0.006900
6.860000 0.005600
6.870000 0.004600
6.880000 0.004500
6.890000 0.004600
6.900000 0.005000
6.910000 0.006200
6.920000 0.004500
6.930000 0.006200
6.940000 0.004000
6.950000 0.005400
6.960000 0.004400
6.970000 0.004800
6.980000 0.004800
6.990000 0.005800
7.000000 0.004400
7.010000 0.004800
7.020000 0.005500
7.030000 0.003800
7.040000 0.004100
7.050000 0.006500
7.060000 0.005100
7.070000 0.004100
7.080000 0.004400
7.090000 0.004600
7.100000 0.004600
7.110000 0.003400
7.120000 0.005200
7.130000 0.003700
7.140000 0.004900
7.150000 0.005600
7.160000 0.003900
7.170000 0.004600
7.180000 0.003700
7.190000 0.004100
7.200000 0.003900
7.210000 0.003600
7.220000 0.003700
7.230000 0.004900
7.240000 0.003000
7.250000 0.005100
7.260000 0.004900
7.270000 0.003800
7.280000 0.004600
7.290000 0.004200
7.300000 0.003200
7.310000 0.003600
7.320000 0.003400
7.330000 0.003000
7.340000 0.004400
7.350000 0.004000
7.360000 0.003500
7.370000 0.003800
7.380000 0.004100
7.390000 0.003500
7.400000 0.002700
7.410000 0.004200
7.420000 0.003500
7.430000 0.003900
7.440000 0.003800
7.450000 0.004000
7.460000 0.004200
7.470000 0.003000
7.480000 0.003200
7.490000 0.004100
7.500000 0.002900
7.510000 0.004000
7.520000 0.003500
7.530000 0.003500
7.540000 0.003000
7.550000 0.003700
7.560000 0.004700
7.570000 0.002800
7.580000 0.003200
7.590000 0.003000
7.600000 0.003100
7.610000 0.002600
7.620000 0.003100
7.630000 0.003300
7.640000 0.002700
7.650000 0.002900
7.660000 0.002800
7.670000 0.002600
7.680000 0.003200
7.690000 0.004900
7.700000 0.004400
7.710000 0.004600
7.720000 0.003900
7.730000 0.003400
7.740000 0.003200
7.750000 0.004700
7.760000 0.003100
7.770000 0.002400
7.780000 0.002600
7.790000 0.002900
7.800000 0.003300
7.810000 0.003500
7.820000 0.003900
7.830000 0.002400
7.840000 0.003400
7.850000 0.003200
7.860000 0.002500
7.870000 0.002900
7.880000 0.002200
7.890000 0.003100
7.900000 0.003400
7.910000 0.002200
7.920000 0.003200
7.930000 0.003100
7.940000 0.002700
7.950000 0.004100
7.960000 0.002500
7.970000 0.003200
7.980000 0.003800
7.990000 0.003100
8.000000 0.002900
8.010000 0.002600
8.020000 0.003000
8.030000 0.001700
8.040000 0.002000
8.050000 0.003200
8.060000 0.002300
8.070000 0.002900
8.080000 0.002500
8.090000 0.003100
8.100000 0.003400
8.110000 0.002400
8.120000 0.003200
8.130000 0.001800
8.140000 0.002600
8.150000 0.002800
8.160000 0.002400
8.170000 0.003000
8.180000 0.002900
8.190000 0.003800
8.200000 0.003200
8.210000 0.002400
8.220000 0.002600
8.230000 0.001900
8.240000 0.003200
8.250000 0.001700
8.260000 0.001700
8.270000 0.001700
8.280000 0.002000
8.290000 0.003000
8.300000 0.001800
8.310000 0.002100
8.320000 0.002600
8.330000 0.001900
8.340000 0.002500
8.350000 0.001600
8.360000 0.002300
8.370000 0.001900
8.380000 0.001800
8.390000 0.001900
8.400000 0.002500
8.410000 0.002600
8.420000 0.001900
8.430000 0.002200
8.440000 0.002300
8.450000 0.002300
8.460000 0.001800
8.470000 0.001800
8.480000 0.001500
8.490000 0.002100
8.500000 0.001700
8.510000 0.001800
8.520000 0.002800
8.530000 0.002300
8.540000 0.002300
8.550000 0.001700
8.560000 0.002200
8.570000 0.002200
8.580000 0.002100
8.590000 0.002000
8.600000 0.001500
8.610000 0.000800
8.620000 0.002000
8.630000 0.001500
8.640000 0.002100
8.650000 0.001800
8.660000 0.001700
8.670000 0.001700
8.680000 0.001700
8.690000 0.002600
8.700000 0.001900
8.710000 0.001900
8.720000 0.001200
8.730000 0.001800
8.740000 0.001900
8.750000 0.002500
8.760000 0.002400
8.770000 0.001600
8.780000 0.001300
8.790000 0.002100
8.800000 0.001800
8.810000 0.001400
8.820000 0.001600
8.830000 0.001900
8.840000 0.001600
8.850000 0.001000
8.860000 0.001300
8.870000 0.001600
8.880000 0.001600
8.890000 0.000800
8.900000 0.001500
8.910000 0.001500
8.920000 0.001600
8.930000 0.001300
8.940000 0.001600
8.950000 0.001600
8.960000 0.001700
8.970000 0.002100
8.980000 0.002500
8.990000 0.001800
9.000000 0.001400
9.010000 0.001900
9.020000 0.001700
9.030000 0.001000
9.040000 0.001300
9.050000 0.001800
9.060000 0.001300
9.070000 0.001800
9.080000 0.001600
9.090000 0.001100
9.100000 0.002100
9.110000 0.001800
9.120000 0.002000
9.130000 0.001200
9.140000 0.001800
9.150000 0.002000
9.160000 0.001300
9.170000 0.001700
9.180000 0.001300
9.190000 0.001600
9.200000 0.001200
9.210000 0.001400
9.220000 0.001100
9.230000 0.001600
9.240000 0.001600
9.250000 0.001300
9.260000 0.001800
9.270000 0.001700
9.280000 0.001800
9.290000 0.000700
9.300000 0.001600
9.310000 0.001900
9.320000 0.001900
9.330000 0.001900
9.340000 0.001800
9.350000 0.001500
9.360000 0.001200
9.370000 0.001900
9.380000 0.002100
9.390000 0.001200
9.400000 0.001400
9.410000 0.001600
9.420000 0.001200
9.430000 0.001000
9.440000 0.001300
9.450000 0.001600
9.460000 0.001800
9.470000 0.001300
9.480000 0.001900
9.490000 0.001600
9.500000 0.001500
9.510000 0.001000
9.520000 0.001600
9.530000 0.001800
9.540000 0.001200
9.550000 0.000800
9.560000 0.001500
9.570000 0.001000
9.580000 0.001900
9.590000 0.001200
9.600000 0.001100
9.610000 0.002100
9.620000 0.001500
9.630000 0.001600
9.640000 0.000900
9.650000 0.001200
9.660000 0.001700
9.670000 0.000800
9.680000 0.001100
9.690000 0.001000
9.700000 0.001200
9.710000 0.000300
9.720000 0.001300
9.730000 0.000900
9.740000 0.001300
9.750000 0.001100
9.760000 0.001600
9.770000 0.000700
9.780000 0.001300
9.790000 0.000900
9.800000 0.000700
9.810000 0.001100
9.820000 0.001800
9.830000 0.001300
9.840000 0.001700
9.850000 0.001800
9.860000 0.000800
9.870000 0.002000
9.880000 0.000900
9.890000 0.000600
9.900000 0.001000
9.910000 0.001100
9.920000 0.001200
9.930000 0.000900
9.940000 0.001300
9.950000 0.001500
9.960000 0.001200
9.970000 0.000900
9.980000 0.000800
9.990000 0.001400
10.000000 0.001300
