-601.509152542 0.0
-600.509152542 0.0
-599.509152542 0.0
-598.509152542 0.0
-597.509152542 0.0
-596.509152542 0.0
-595.509152542 0.0
-594.509152542 0.0
-593.509152542 0.0
-592.509152542 0.0
-591.509152542 0.0
-590.509152542 0.0
-589.509152542 0.0
-588.509152542 0.0
-587.509152542 0.0
-586.509152542 0.0
-585.509152542 0.0
-584.509152542 0.0
-583.509152542 0.0
-582.509152542 0.0
-581.509152542 0.0
-580.509152542 0.0
-579.509152542 0.0
-578.509152542 0.0
-577.509152542 0.0
-576.509152542 0.0
-575.509152542 0.0
-574.509152542 0.0
-573.509152542 0.0
-572.509152542 0.0
-571.509152542 0.0
-570.509152542 0.0
-569.509152542 0.0
-568.509152542 0.0
-567.509152542 0.0
-566.509152542 0.0
-565.509152542 0.0
-564.509152542 0.0
-563.509152542 0.0
-562.509152542 0.0
-561.509152542 0.0
-560.509152542 0.0
-559.509152542 0.0
-558.509152542 0.0
-557.509152542 0.0
-556.509152542 0.0
-555.509152542 0.0
-554.509152542 0.0
-553.509152542 0.0
-552.509152542 0.0
-551.509152542 0.0
-550.509152542 0.0
-549.509152542 0.0
-548.509152542 0.0
-547.509152542 0.0
-546.509152542 0.0
-545.509152542 0.0
-544.509152542 0.0
-543.509152542 0.0
-542.509152542 0.0
-541.509152542 0.0
-540.509152542 0.0
-539.509152542 0.0
-538.509152542 0.0
-537.509152542 0.0
-536.509152542 0.0
-535.509152542 0.0
-534.509152542 0.0
-533.509152542 0.0
-532.509152542 0.0
-531.509152542 0.0
-530.509152542 0.0
-529.509152542 0.0
-528.509152542 0.0
-527.509152542 0.0
-526.509152542 0.0
-525.509152542 0.0
-524.509152542 0.0
-523.509152542 0.0
-522.509152542 0.0
-521.509152542 0.0
-520.509152542 0.0
-519.509152542 0.0
-518.509152542 0.0
-517.509152542 0.0
-516.509152542 0.0
-515.509152542 0.0
-514.509152542 0.0
-513.509152542 0.0
-512.509152542 0.0
-511.509152542 0.0
-510.509152542 0.0
-509.509152542 0.0
-508.509152542 0.0
-507.509152542 0.0
-506.509152542 0.0
-505.509152542 0.0
-504.509152542 0.0
-503.509152542 0.0
-502.509152542 0.0
-501.509152542 0.0
-500.509152542 0.0
-499.509152542 0.0
-498.509152542 0.0
-497.509152542 0.0
-496.509152542 0.0
-495.509152542 0.0
-494.509152542 0.0
-493.509152542 0.0
-492.509152542 0.0
-491.509152542 0.0
-490.509152542 0.0
-489.509152542 0.0
-488.509152542 0.0
-487.509152542 0.0
-486.509152542 0.0
-485.509152542 0.0
-484.509152542 0.0
-483.509152542 0.0
-482.509152542 0.0
-481.509152542 0.0
-480.509152542 0.0
-479.509152542 0.0
-478.509152542 0.0
-477.509152542 0.0
-476.509152542 0.0
-475.509152542 0.0
-474.509152542 0.0
-473.509152542 0.0
-472.509152542 0.0
-471.509152542 0.0
-470.509152542 0.0
-469.509152542 0.0
-468.509152542 0.0
-467.509152542 0.0
-466.509152542 0.0
-465.509152542 0.0
-464.509152542 0.0
-463.509152542 0.0
-462.509152542 0.0
-461.509152542 0.0
-460.509152542 0.0
-459.509152542 0.0
-458.509152542 0.0
-457.509152542 0.0
-456.509152542 0.0
-455.509152542 0.0
-454.509152542 0.0
-453.509152542 0.0
-452.509152542 0.0
-451.509152542 0.0
-450.509152542 0.0
-449.509152542 0.0
-448.509152542 0.0
-447.509152542 0.0
-446.509152542 0.0
-445.509152542 0.0
-444.509152542 0.0
-443.509152542 0.0
-442.509152542 0.0
-441.509152542 0.0
-440.509152542 0.0
-439.509152542 0.0
-438.509152542 0.0
-437.509152542 0.0
-436.509152542 0.0
-435.509152542 0.0
-434.509152542 0.0
-433.509152542 0.0
-432.509152542 0.0
-431.509152542 0.0
-430.509152542 0.0
-429.509152542 0.0
-428.509152542 0.0
-427.509152542 0.0
-426.509152542 0.0
-425.509152542 0.0
-424.509152542 0.0
-423.509152542 0.0
-422.509152542 0.0
-421.509152542 0.0
-420.509152542 0.0
-419.509152542 0.0
-418.509152542 0.0
-417.509152542 0.0
-416.509152542 0.0
-415.509152542 0.0
-414.509152542 0.0
-413.509152542 0.0
-412.509152542 0.0
-411.509152542 0.0
-410.509152542 0.0
-409.509152542 0.0
-408.509152542 0.0
-407.509152542 0.0
-406.509152542 0.0
-405.509152542 0.0
-404.509152542 0.0
-403.509152542 0.0
-402.509152542 0.0
-401.509152542 0.0
-400.509152542 0.0
-399.509152542 0.0
-398.509152542 0.0
-397.509152542 0.0
-396.509152542 0.0
-395.509152542 0.0
-394.509152542 0.0
-393.509152542 0.0
-392.509152542 0.0
-391.509152542 0.0
-390.509152542 0.0
-389.509152542 0.0
-388.509152542 0.0
-387.509152542 0.0
-386.509152542 0.0
-385.509152542 0.0
-384.509152542 0.0
-383.509152542 0.0
-382.509152542 0.0
-381.509152542 0.0
-380.509152542 0.0
-379.509152542 0.0
-378.509152542 0.0
-377.509152542 0.0
-376.509152542 0.0
-375.509152542 0.0
-374.509152542 0.0
-373.509152542 0.0
-372.509152542 0.0
-371.509152542 0.0
-370.509152542 0.0
-369.509152542 0.0
-368.509152542 0.0
-367.509152542 0.0
-366.509152542 0.0
-365.509152542 0.0
-364.509152542 0.0
-363.509152542 0.0
-362.509152542 0.0
-361.509152542 0.0
-360.509152542 0.0
-359.509152542 0.0
-358.509152542 0.0
-357.509152542 0.0
-356.509152542 0.0
-355.509152542 0.0
-354.509152542 0.0
-353.509152542 0.0
-352.509152542 0.0
-351.509152542 0.0
-350.509152542 0.0
-349.509152542 0.0
-348.509152542 0.0
-347.509152542 0.0
-346.509152542 0.0
-345.509152542 0.0
-344.509152542 0.0
-343.509152542 0.0
-342.509152542 0.0
-341.509152542 0.0
-340.509152542 0.0
-339.509152542 0.0
-338.509152542 0.0
-337.509152542 0.0
-336.509152542 0.0
-335.509152542 0.0
-334.509152542 0.0
-333.509152542 0.0
-332.509152542 0.0
-331.509152542 0.0
-330.509152542 0.0
-329.509152542 0.0
-328.509152542 0.0
-327.509152542 0.0
-326.509152542 0.0
-325.509152542 0.0
-324.509152542 0.0
-323.509152542 0.0
-322.509152542 0.0
-321.509152542 0.0
-320.509152542 0.0
-319.509152542 0.0
-318.509152542 0.0
-317.509152542 0.0
-316.509152542 0.0
-315.509152542 0.0
-314.509152542 0.0
-313.509152542 0.0
-312.509152542 0.0
-311.509152542 0.0
-310.509152542 0.0
-309.509152542 0.0
-308.509152542 0.0
-307.509152542 0.0
-306.509152542 0.0
-305.509152542 0.0
-304.509152542 0.0
-303.509152542 0.0
-302.509152542 0.0
-301.509152542 0.0
-300.509152542 0.0
-299.509152542 0.0
-298.509152542 0.0
-297.509152542 0.0
-296.509152542 0.0
-295.509152542 0.0
-294.509152542 0.0
-293.509152542 0.0
-292.509152542 0.0
-291.509152542 0.0
-290.509152542 0.0
-289.509152542 0.0
-288.509152542 0.0
-287.509152542 0.0
-286.509152542 0.0
-285.509152542 0.0
-284.509152542 0.0
-283.509152542 0.0
-282.509152542 0.0
-281.509152542 0.0
-280.509152542 0.0
-279.509152542 0.0
-278.509152542 0.0
-277.509152542 0.0
-276.509152542 0.0
-275.509152542 0.0
-274.509152542 0.0
-273.509152542 0.0
-272.509152542 0.0
-271.509152542 0.0
-270.509152542 0.0
-269.509152542 0.0
-268.509152542 0.0
-267.509152542 0.0
-266.509152542 0.0
-265.509152542 0.0
-264.509152542 0.0
-263.509152542 0.0
-262.509152542 0.0
-261.509152542 0.0
-260.509152542 0.0
-259.509152542 0.0
-258.509152542 0.0
-257.509152542 0.0
-256.509152542 0.0
-255.509152542 0.0
-254.509152542 0.0
-253.509152542 0.0
-252.509152542 0.0
-251.509152542 0.0
-250.509152542 0.0
-249.509152542 0.0
-248.509152542 0.0
-247.509152542 0.0
-246.509152542 0.0
-245.509152542 0.0
-244.509152542 0.0
-243.509152542 0.0
-242.509152542 0.0
-241.509152542 0.0
-240.509152542 0.0
-239.509152542 0.0
-238.509152542 0.0
-237.509152542 0.0
-236.509152542 0.0
-235.509152542 0.0
-234.509152542 0.0
-233.509152542 0.0
-232.509152542 0.0
-231.509152542 0.0
-230.509152542 0.0
-229.509152542 0.0
-228.509152542 0.0
-227.509152542 0.0
-226.509152542 0.0
-225.509152542 0.0
-224.509152542 0.0
-223.509152542 0.0
-222.509152542 0.0
-221.509152542 0.0
-220.509152542 0.0
-219.509152542 0.0
-218.509152542 0.0
-217.509152542 0.0
-216.509152542 0.0
-215.509152542 0.0
-214.509152542 0.0
-213.509152542 0.0
-212.509152542 0.0
-211.509152542 0.0
-210.509152542 0.0
-209.509152542 0.0
-208.509152542 0.0
-207.509152542 0.0
-206.509152542 0.0
-205.509152542 0.0
-204.509152542 0.0
-203.509152542 0.0
-202.509152542 0.0
-201.509152542 0.0
-200.509152542 0.0
-199.509152542 0.0
-198.509152542 0.0
-197.509152542 0.0
-196.509152542 0.0
-195.509152542 0.0
-194.509152542 0.0
-193.509152542 0.0
-192.509152542 0.0
-191.509152542 0.0
-190.509152542 0.0
-189.509152542 0.0
-188.509152542 0.0
-187.509152542 0.0
-186.509152542 0.0
-185.509152542 0.0
-184.509152542 0.0
-183.509152542 0.0
-182.509152542 0.0
-181.509152542 0.0
-180.509152542 0.0
-179.509152542 0.0
-178.509152542 0.0
-177.509152542 0.0
-176.509152542 0.0
-175.509152542 0.0
-174.509152542 0.0
-173.509152542 0.0
-172.509152542 0.0
-171.509152542 0.0
-170.509152542 0.0
-169.509152542 0.0
-168.509152542 0.0
-167.509152542 0.0
-166.509152542 0.0
-165.509152542 0.0
-164.509152542 0.0
-163.509152542 0.0
-162.509152542 0.0
-161.509152542 0.0
-160.509152542 0.0
-159.509152542 0.0
-158.509152542 0.0
-157.509152542 0.0
-156.509152542 0.0
-155.509152542 0.0
-154.509152542 0.0
-153.509152542 0.0
-152.509152542 0.0
-151.509152542 0.0
-150.509152542 0.0
-149.509152542 0.0
-148.509152542 0.0
-147.509152542 0.0
-146.509152542 0.0
-145.509152542 0.0
-144.509152542 0.0
-143.509152542 0.0
-142.509152542 0.0
-141.509152542 0.0
-140.509152542 0.0
-139.509152542 0.0
-138.509152542 0.0
-137.509152542 0.0
-136.509152542 0.0
-135.509152542 0.0
-134.509152542 0.0
-133.509152542 0.0
-132.509152542 0.0
-131.509152542 0.0
-130.509152542 0.0
-129.509152542 0.0
-128.509152542 0.0
-127.509152542 0.0
-126.509152542 0.0
-125.509152542 0.0
-124.509152542 0.0
-123.509152542 0.0
-122.509152542 0.0
-121.509152542 0.0
-120.509152542 0.0
-119.509152542 0.0
-118.509152542 0.0
-117.509152542 0.0
-116.509152542 0.0
-115.509152542 0.0
-114.509152542 0.0
-113.509152542 0.0
-112.509152542 0.0
-111.509152542 0.0
-110.509152542 0.0
-109.509152542 0.0
-108.509152542 0.0
-107.509152542 0.0
-106.509152542 0.0
-105.509152542 0.0
-104.509152542 0.0
-103.509152542 0.0
-102.509152542 0.0
-101.509152542 0.000000e+00
-101.170169492 0.000000e+00
-100.831186441 0.000000e+00
-100.49220339 0.000000e+00
-100.153220339 0.000000e+00
-99.8142372881 0.000000e+00
-99.4752542373 0.000000e+00
-99.1362711864 0.000000e+00
-98.7972881356 0.000000e+00
-98.4583050847 0.000000e+00
-98.1193220339 0.000000e+00
-97.7803389831 0.000000e+00
-97.4413559322 0.000000e+00
-97.1023728814 0.000000e+00
-96.7633898305 0.000000e+00
-96.4244067797 0.000000e+00
-96.0854237288 0.000000e+00
-95.746440678 0.000000e+00
-95.4074576271 0.000000e+00
-95.0684745763 0.000000e+00
-94.7294915254 0.000000e+00
-94.3905084746 0.000000e+00
-94.0515254237 0.000000e+00
-93.7125423729 0.000000e+00
-93.373559322 0.000000e+00
-93.0345762712 0.000000e+00
-92.6955932203 0.000000e+00
-92.3566101695 0.000000e+00
-92.0176271186 0.000000e+00
-91.6786440678 0.000000e+00
-91.3396610169 0.000000e+00
-91.0006779661 0.000000e+00
-90.6616949153 0.000000e+00
-90.3227118644 0.000000e+00
-89.9837288136 0.000000e+00
-89.6447457627 0.000000e+00
-89.3057627119 0.000000e+00
-88.966779661 0.000000e+00
-88.6277966102 0.000000e+00
-88.2888135593 0.000000e+00
-87.9498305085 0.000000e+00
-87.6108474576 0.000000e+00
-87.2718644068 0.000000e+00
-86.9328813559 0.000000e+00
-86.5938983051 0.000000e+00
-86.2549152542 0.000000e+00
-85.9159322034 0.000000e+00
-85.5769491525 0.000000e+00
-85.2379661017 0.000000e+00
-84.8989830508 0.000000e+00
-84.56 0.000000e+00
-84.2210169492 0.000000e+00
-83.8820338983 0.000000e+00
-83.5430508475 0.000000e+00
-83.2040677966 0.000000e+00
-82.8650847458 0.000000e+00
-82.5261016949 0.000000e+00
-82.1871186441 0.000000e+00
-81.8481355932 0.000000e+00
-81.5091525424 0.000000e+00
-81.1701694915 0.000000e+00
-80.8311864407 0.000000e+00
-80.4922033898 0.000000e+00
-80.153220339 0.000000e+00
-79.8142372881 0.000000e+00
-79.4752542373 0.000000e+00
-79.1362711864 0.000000e+00
-78.7972881356 0.000000e+00
-78.4583050847 0.000000e+00
-78.1193220339 0.000000e+00
-77.7803389831 0.000000e+00
-77.4413559322 0.000000e+00
-77.1023728814 0.000000e+00
-76.7633898305 0.000000e+00
-76.4244067797 0.000000e+00
-76.0854237288 0.000000e+00
-75.746440678 0.000000e+00
-75.4074576271 0.000000e+00
-75.0684745763 0.000000e+00
-74.7294915254 0.000000e+00
-74.3905084746 0.000000e+00
-74.0515254237 0.000000e+00
-73.7125423729 0.000000e+00
-73.373559322 0.000000e+00
-73.0345762712 0.000000e+00
-72.6955932203 0.000000e+00
-72.3566101695 0.000000e+00
-72.0176271186 0.000000e+00
-71.6786440678 0.000000e+00
-71.3396610169 0.000000e+00
-71.0006779661 0.000000e+00
-70.6616949153 0.000000e+00
-70.3227118644 0.000000e+00
-69.9837288136 0.000000e+00
-69.6447457627 0.000000e+00
-69.3057627119 0.000000e+00
-68.966779661 0.000000e+00
-68.6277966102 0.000000e+00
-68.2888135593 0.000000e+00
-67.9498305085 0.000000e+00
-67.6108474576 0.000000e+00
-67.2718644068 0.000000e+00
-66.9328813559 0.000000e+00
-66.5938983051 0.000000e+00
-66.2549152542 0.000000e+00
-65.9159322034 0.000000e+00
-65.5769491525 0.000000e+00
-65.2379661017 0.000000e+00
-64.8989830508 0.000000e+00
-64.56 0.000000e+00
-64.2210169492 0.000000e+00
-63.8820338983 0.000000e+00
-63.5430508475 0.000000e+00
-63.2040677966 0.000000e+00
-62.8650847458 0.000000e+00
-62.5261016949 0.000000e+00
-62.1871186441 0.000000e+00
-61.8481355932 0.000000e+00
-61.5091525424 0.000000e+00
-61.1701694915 0.000000e+00
-60.8311864407 0.000000e+00
-60.4922033898 0.000000e+00
-60.153220339 0.000000e+00
-59.8142372881 0.000000e+00
-59.4752542373 0.000000e+00
-59.1362711864 0.000000e+00
-58.7972881356 0.000000e+00
-58.4583050847 0.000000e+00
-58.1193220339 0.000000e+00
-57.7803389831 0.000000e+00
-57.4413559322 0.000000e+00
-57.1023728814 0.000000e+00
-56.7633898305 0.000000e+00
-56.4244067797 0.000000e+00
-56.0854237288 0.000000e+00
-55.746440678 0.000000e+00
-55.4074576271 0.000000e+00
-55.0684745763 0.000000e+00
-54.7294915254 0.000000e+00
-54.3905084746 0.000000e+00
-54.0515254237 0.000000e+00
-53.7125423729 0.000000e+00
-53.373559322 0.000000e+00
-53.0345762712 0.000000e+00
-52.6955932203 0.000000e+00
-52.3566101695 0.000000e+00
-52.0176271186 0.000000e+00
-51.6786440678 0.000000e+00
-51.3396610169 0.000000e+00
-51.0006779661 0.000000e+00
-50.6616949153 0.000000e+00
-50.3227118644 0.000000e+00
-49.9837288136 0.000000e+00
-49.6447457627 0.000000e+00
-49.3057627119 0.000000e+00
-48.966779661 0.000000e+00
-48.6277966102 0.000000e+00
-48.2888135593 0.000000e+00
-47.9498305085 0.000000e+00
-47.6108474576 0.000000e+00
-47.2718644068 0.000000e+00
-46.9328813559 0.000000e+00
-46.5938983051 0.000000e+00
-46.2549152542 0.000000e+00
-45.9159322034 0.000000e+00
-45.5769491525 0.000000e+00
-45.2379661017 0.000000e+00
-44.8989830508 0.000000e+00
-44.56 0.000000e+00
-44.2210169492 0.000000e+00
-43.8820338983 0.000000e+00
-43.5430508475 0.000000e+00
-43.2040677966 0.000000e+00
-42.8650847458 0.000000e+00
-42.5261016949 0.000000e+00
-42.1871186441 0.000000e+00
-41.8481355932 0.000000e+00
-41.5091525424 0.000000e+00
-41.1701694915 0.000000e+00
-40.8311864407 0.000000e+00
-40.4922033898 0.000000e+00
-40.153220339 0.000000e+00
-39.8142372881 0.000000e+00
-39.4752542373 0.000000e+00
-39.1362711864 0.000000e+00
-38.7972881356 0.000000e+00
-38.4583050847 0.000000e+00
-38.1193220339 0.000000e+00
-37.7803389831 0.000000e+00
-37.4413559322 0.000000e+00
-37.1023728814 0.000000e+00
-36.7633898305 0.000000e+00
-36.4244067797 0.000000e+00
-36.0854237288 0.000000e+00
-35.746440678 0.000000e+00
-35.4074576271 0.000000e+00
-35.0684745763 0.000000e+00
-34.7294915254 0.000000e+00
-34.3905084746 0.000000e+00
-34.0515254237 0.000000e+00
-33.7125423729 0.000000e+00
-33.373559322 0.000000e+00
-33.0345762712 0.000000e+00
-32.6955932203 0.000000e+00
-32.3566101695 0.000000e+00
-32.0176271186 0.000000e+00
-31.6786440678 0.000000e+00
-31.3396610169 0.000000e+00
-31.0006779661 0.000000e+00
-30.6616949153 0.000000e+00
-30.3227118644 0.000000e+00
-29.9837288136 0.000000e+00
-29.6447457627 0.000000e+00
-29.3057627119 0.000000e+00
-28.966779661 0.000000e+00
-28.6277966102 0.000000e+00
-28.2888135593 0.000000e+00
-27.9498305085 0.000000e+00
-27.6108474576 0.000000e+00
-27.2718644068 0.000000e+00
-26.9328813559 0.000000e+00
-26.5938983051 0.000000e+00
-26.2549152542 0.000000e+00
-25.9159322034 0.000000e+00
-25.5769491525 0.000000e+00
-25.2379661017 0.000000e+00
-24.8989830508 0.000000e+00
-24.56 0.000000e+00
-24.2210169492 0.000000e+00
-23.8820338983 0.000000e+00
-23.5430508475 0.000000e+00
-23.2040677966 0.000000e+00
-22.8650847458 0.000000e+00
-22.5261016949 0.000000e+00
-22.1871186441 0.000000e+00
-21.8481355932 0.000000e+00
-21.5091525424 0.000000e+00
-21.1701694915 0.000000e+00
-20.8311864407 0.000000e+00
-20.4922033898 0.000000e+00
-20.153220339 0.000000e+00
-19.8142372881 0.000000e+00
-19.4752542373 0.000000e+00
-19.1362711864 0.000000e+00
-18.7972881356 2.769368e-01
-18.4583050847 2.393560e-01
-18.1193220339 0.000000e+00
-17.7803389831 2.749784e-01
-17.4413559322 0.000000e+00
-17.1023728814 2.492612e-01
-16.7633898305 0.000000e+00
-16.4244067797 0.000000e+00
-16.0854237288 0.000000e+00
-15.746440678 0.000000e+00
-15.4074576271 0.000000e+00
-15.0684745763 0.000000e+00
-14.7294915254 0.000000e+00
-14.3905084746 0.000000e+00
-14.0515254237 0.000000e+00
-13.7125423729 0.000000e+00
-13.373559322 0.000000e+00
-13.0345762712 0.000000e+00
-12.6955932203 0.000000e+00
-12.3566101695 2.525465e-01
-12.0176271186 0.000000e+00
-11.6786440678 2.966593e-01
-11.3396610169 0.000000e+00
-11.0006779661 0.000000e+00
-10.6616949153 0.000000e+00
-10.3227118644 0.000000e+00
-9.98372881356 0.000000e+00
-9.64474576271 0.000000e+00
-9.30576271186 0.000000e+00
-8.96677966102 0.000000e+00
-8.62779661017 0.000000e+00
-8.28881355932 2.347118e-01
-7.94983050847 0.000000e+00
-7.61084745763 0.000000e+00
-7.27186440678 0.000000e+00
-6.93288135593 0.000000e+00
-6.59389830508 0.000000e+00
-6.25491525424 0.000000e+00
-5.91593220339 0.000000e+00
-5.57694915254 0.000000e+00
-5.23796610169 0.000000e+00
-4.89898305085 2.583166e-01
-4.56 0.000000e+00
-4.22101694915 0.000000e+00
-3.88203389831 0.000000e+00
-3.54305084746 0.000000e+00
-3.20406779661 0.000000e+00
-2.86508474576 0.000000e+00
-2.52610169492 0.000000e+00
-2.18711864407 0.000000e+00
-1.84813559322 3.645167e-01
-1.50915254237 4.724079e-01
-1.17016949153 4.107297e-01
-0.831186440678 4.968140e-01
-0.492203389831 7.495955e-01
-0.153220338983 9.471278e-01
0.185762711864 8.997711e-01
0.524745762712 7.878643e-01
0.863728813559 8.602325e-01
1.20271186441 9.300278e-01
1.54169491525 9.611706e-01
1.8806779661 8.870615e-01
2.21966101695 7.020992e-01
2.5586440678 7.988797e-01
2.89762711864 6.110107e-01
3.23661016949 7.901597e-01
3.57559322034 7.116265e-01
3.91457627119 7.598940e-01
4.25355932203 7.298733e-01
4.59254237288 5.841321e-01
4.93152542373 4.979536e-01
5.27050847458 7.011915e-01
5.60949152542 6.075999e-01
5.94847457627 5.846467e-01
6.28745762712 4.138983e-01
6.62644067797 6.858829e-01
6.96542372881 5.415633e-01
7.30440677966 4.034055e-01
7.64338983051 8.042945e-01
7.98237288136 6.808310e-01
8.3213559322 9.572484e-01
8.66033898305 1.000000e+00
8.9993220339 6.609086e-01
9.33830508475 5.493293e-01
9.67728813559 4.672029e-01
10.0162711864 3.485816e-01
10.3552542373 2.683515e-01
10.6942372881 0.000000e+00
11.033220339 3.659340e-01
11.3722033898 2.042201e-01
11.7111864407 0.000000e+00
12.0501694915 2.905891e-01
12.3891525424 2.278703e-01
12.7281355932 2.454350e-01
13.0671186441 0.000000e+00
13.4061016949 0.000000e+00
13.7450847458 0.000000e+00
14.0840677966 2.254859e-01
14.4230508475 1.687390e-01
14.7620338983 1.847256e-01
15.1010169492 0.000000e+00
15.44 1.786690e-01
15.7789830508 1.828714e-01
16.1179661017 1.724704e-01
16.4569491525 2.006351e-01
16.7959322034 0.000000e+00
17.1349152542 0.000000e+00
17.4738983051 0.000000e+00
17.8128813559 0.000000e+00
18.1518644068 0.000000e+00
18.4908474576 0.000000e+00
18.8298305085 0.000000e+00
19.1688135593 0.000000e+00
19.5077966102 0.000000e+00
19.846779661 0.000000e+00
20.1857627119 0.000000e+00
20.5247457627 0.000000e+00
20.8637288136 0.000000e+00
21.2027118644 0.000000e+00
21.5416949153 0.000000e+00
21.8806779661 0.000000e+00
22.2196610169 0.000000e+00
22.5586440678 0.000000e+00
22.8976271186 0.000000e+00
23.2366101695 0.000000e+00
23.5755932203 0.000000e+00
23.9145762712 0.000000e+00
24.253559322 0.000000e+00
24.5925423729 0.000000e+00
24.9315254237 0.000000e+00
25.2705084746 0.000000e+00
25.6094915254 0.000000e+00
25.9484745763 0.000000e+00
26.2874576271 0.000000e+00
26.626440678 0.000000e+00
26.9654237288 0.000000e+00
27.3044067797 0.000000e+00
27.6433898305 0.000000e+00
27.9823728814 0.000000e+00
28.3213559322 0.000000e+00
28.6603389831 0.000000e+00
28.9993220339 0.000000e+00
29.3383050847 0.000000e+00
29.6772881356 0.000000e+00
30.0162711864 0.000000e+00
30.3552542373 0.000000e+00
30.6942372881 0.000000e+00
31.033220339 0.000000e+00
31.3722033898 0.000000e+00
31.7111864407 0.000000e+00
32.0501694915 0.000000e+00
32.3891525424 0.000000e+00
32.7281355932 0.000000e+00
33.0671186441 0.000000e+00
33.4061016949 0.000000e+00
33.7450847458 0.000000e+00
34.0840677966 0.000000e+00
34.4230508475 0.000000e+00
34.7620338983 0.000000e+00
35.1010169492 0.000000e+00
35.44 0.000000e+00
35.7789830508 0.000000e+00
36.1179661017 0.000000e+00
36.4569491525 0.000000e+00
36.7959322034 0.000000e+00
37.1349152542 0.000000e+00
37.4738983051 0.000000e+00
37.8128813559 0.000000e+00
38.1518644068 0.000000e+00
38.4908474576 0.000000e+00
38.8298305085 0.000000e+00
39.1688135593 0.000000e+00
39.5077966102 0.000000e+00
39.846779661 0.000000e+00
40.1857627119 0.000000e+00
40.5247457627 0.000000e+00
40.8637288136 0.000000e+00
41.2027118644 0.000000e+00
41.5416949153 0.000000e+00
41.8806779661 0.000000e+00
42.2196610169 0.000000e+00
42.5586440678 0.000000e+00
42.8976271186 0.000000e+00
43.2366101695 0.000000e+00
43.5755932203 0.000000e+00
43.9145762712 0.000000e+00
44.253559322 0.000000e+00
44.5925423729 0.000000e+00
44.9315254237 0.000000e+00
45.2705084746 0.000000e+00
45.6094915254 0.000000e+00
45.9484745763 0.000000e+00
46.2874576271 0.000000e+00
46.626440678 0.000000e+00
46.9654237288 0.000000e+00
47.3044067797 0.000000e+00
47.6433898305 0.000000e+00
47.9823728814 0.000000e+00
48.3213559322 0.000000e+00
48.6603389831 0.000000e+00
48.9993220339 0.000000e+00
49.3383050847 0.000000e+00
49.6772881356 0.000000e+00
50.0162711864 0.000000e+00
50.3552542373 0.000000e+00
50.6942372881 0.000000e+00
51.033220339 0.000000e+00
51.3722033898 0.000000e+00
51.7111864407 0.000000e+00
52.0501694915 0.000000e+00
52.3891525424 0.000000e+00
52.7281355932 0.000000e+00
53.0671186441 0.000000e+00
53.4061016949 0.000000e+00
53.7450847458 0.000000e+00
54.0840677966 0.000000e+00
54.4230508475 0.000000e+00
54.7620338983 0.000000e+00
55.1010169492 0.000000e+00
55.44 0.000000e+00
55.7789830508 0.000000e+00
56.1179661017 0.000000e+00
56.4569491525 0.000000e+00
56.7959322034 0.000000e+00
57.1349152542 0.000000e+00
57.4738983051 0.000000e+00
57.8128813559 0.000000e+00
58.1518644068 0.000000e+00
58.4908474576 0.000000e+00
58.8298305085 0.000000e+00
59.1688135593 0.000000e+00
59.5077966102 0.000000e+00
59.846779661 0.000000e+00
60.1857627119 0.000000e+00
60.5247457627 0.000000e+00
60.8637288136 0.000000e+00
61.2027118644 0.000000e+00
61.5416949153 0.000000e+00
61.8806779661 0.000000e+00
62.2196610169 0.000000e+00
62.5586440678 0.000000e+00
62.8976271186 0.000000e+00
63.2366101695 0.000000e+00
63.5755932203 0.000000e+00
63.9145762712 0.000000e+00
64.253559322 0.000000e+00
64.5925423729 0.000000e+00
64.9315254237 0.000000e+00
65.2705084746 0.000000e+00
65.6094915254 0.000000e+00
65.9484745763 0.000000e+00
66.2874576271 0.000000e+00
66.626440678 0.000000e+00
66.9654237288 0.000000e+00
67.3044067797 0.000000e+00
67.6433898305 0.000000e+00
67.9823728814 0.000000e+00
68.3213559322 0.000000e+00
68.6603389831 0.000000e+00
68.9993220339 0.000000e+00
69.3383050847 0.000000e+00
69.6772881356 0.000000e+00
70.0162711864 0.000000e+00
70.3552542373 0.000000e+00
70.6942372881 0.000000e+00
71.033220339 0.000000e+00
71.3722033898 0.000000e+00
71.7111864407 0.000000e+00
72.0501694915 0.000000e+00
72.3891525424 0.000000e+00
72.7281355932 0.000000e+00
73.0671186441 0.000000e+00
73.4061016949 0.000000e+00
73.7450847458 0.000000e+00
74.0840677966 0.000000e+00
74.4230508475 0.000000e+00
74.7620338983 0.000000e+00
75.1010169492 0.000000e+00
75.44 0.000000e+00
75.7789830508 0.000000e+00
76.1179661017 0.000000e+00
76.4569491525 0.000000e+00
76.7959322034 0.000000e+00
77.1349152542 0.000000e+00
77.4738983051 0.000000e+00
77.8128813559 0.000000e+00
78.1518644068 0.000000e+00
78.4908474576 0.000000e+00
78.8298305085 0.000000e+00
79.1688135593 0.000000e+00
79.5077966102 0.000000e+00
79.846779661 0.000000e+00
80.1857627119 0.000000e+00
80.5247457627 0.000000e+00
80.8637288136 0.000000e+00
81.2027118644 0.000000e+00
81.5416949153 0.000000e+00
81.8806779661 0.000000e+00
82.2196610169 0.000000e+00
82.5586440678 0.000000e+00
82.8976271186 0.000000e+00
83.2366101695 0.000000e+00
83.5755932203 0.000000e+00
83.9145762712 0.000000e+00
84.253559322 0.000000e+00
84.5925423729 0.000000e+00
84.9315254237 0.000000e+00
85.2705084746 0.000000e+00
85.6094915254 0.000000e+00
85.9484745763 0.000000e+00
86.2874576271 0.000000e+00
86.626440678 0.000000e+00
86.9654237288 0.000000e+00
87.3044067797 0.000000e+00
87.6433898305 0.000000e+00
87.9823728814 0.000000e+00
88.3213559322 0.000000e+00
88.6603389831 0.000000e+00
88.9993220339 0.000000e+00
89.3383050847 0.000000e+00
89.6772881356 0.000000e+00
90.0162711864 0.000000e+00
90.3552542373 0.000000e+00
90.6942372881 0.000000e+00
91.033220339 0.000000e+00
91.3722033898 0.000000e+00
91.7111864407 0.000000e+00
92.0501694915 0.000000e+00
92.3891525424 0.000000e+00
92.7281355932 0.000000e+00
93.0671186441 0.000000e+00
93.4061016949 0.000000e+00
93.7450847458 0.000000e+00
94.0840677966 0.000000e+00
94.4230508475 0.000000e+00
94.7620338983 0.000000e+00
95.1010169492 0.000000e+00
95.44 0.000000e+00
95.7789830508 0.000000e+00
96.1179661017 0.000000e+00
96.4569491525 0.000000e+00
96.7959322034 0.000000e+00
97.1349152542 0.000000e+00
97.4738983051 0.000000e+00
97.8128813559 0.000000e+00
98.1518644068 0.000000e+00
98.4908474576 0.000000e+00
98.8298305085 0.000000e+00
99.1688135593 0.000000e+00
99.5077966102 0.000000e+00
99.846779661 0.000000e+00
100.185762712 0.000000e+00
100.524745763 0.000000e+00
100.863728814 0.000000e+00
101.202711864 0.000000e+00
101.541694915 0.000000e+00
101.880677966 0.000000e+00
102.219661017 0.000000e+00
103.219661017 0.0
104.219661017 0.0
105.219661017 0.0
106.219661017 0.0
107.219661017 0.0
108.219661017 0.0
109.219661017 0.0
110.219661017 0.0
111.219661017 0.0
112.219661017 0.0
113.219661017 0.0
114.219661017 0.0
115.219661017 0.0
116.219661017 0.0
117.219661017 0.0
118.219661017 0.0
119.219661017 0.0
120.219661017 0.0
121.219661017 0.0
122.219661017 0.0
123.219661017 0.0
124.219661017 0.0
125.219661017 0.0
126.219661017 0.0
127.219661017 0.0
128.219661017 0.0
129.219661017 0.0
130.219661017 0.0
131.219661017 0.0
132.219661017 0.0
133.219661017 0.0
134.219661017 0.0
135.219661017 0.0
136.219661017 0.0
137.219661017 0.0
138.219661017 0.0
139.219661017 0.0
140.219661017 0.0
141.219661017 0.0
142.219661017 0.0
143.219661017 0.0
144.219661017 0.0
145.219661017 0.0
146.219661017 0.0
147.219661017 0.0
148.219661017 0.0
149.219661017 0.0
150.219661017 0.0
151.219661017 0.0
152.219661017 0.0
153.219661017 0.0
154.219661017 0.0
155.219661017 0.0
156.219661017 0.0
157.219661017 0.0
158.219661017 0.0
159.219661017 0.0
160.219661017 0.0
161.219661017 0.0
162.219661017 0.0
163.219661017 0.0
164.219661017 0.0
165.219661017 0.0
166.219661017 0.0
167.219661017 0.0
168.219661017 0.0
169.219661017 0.0
170.219661017 0.0
171.219661017 0.0
172.219661017 0.0
173.219661017 0.0
174.219661017 0.0
175.219661017 0.0
176.219661017 0.0
177.219661017 0.0
178.219661017 0.0
179.219661017 0.0
180.219661017 0.0
181.219661017 0.0
182.219661017 0.0
183.219661017 0.0
184.219661017 0.0
185.219661017 0.0
186.219661017 0.0
187.219661017 0.0
188.219661017 0.0
189.219661017 0.0
190.219661017 0.0
191.219661017 0.0
192.219661017 0.0
193.219661017 0.0
194.219661017 0.0
195.219661017 0.0
196.219661017 0.0
197.219661017 0.0
198.219661017 0.0
199.219661017 0.0
200.219661017 0.0
201.219661017 0.0
202.219661017 0.0
203.219661017 0.0
204.219661017 0.0
205.219661017 0.0
206.219661017 0.0
207.219661017 0.0
208.219661017 0.0
209.219661017 0.0
210.219661017 0.0
211.219661017 0.0
212.219661017 0.0
213.219661017 0.0
214.219661017 0.0
215.219661017 0.0
216.219661017 0.0
217.219661017 0.0
218.219661017 0.0
219.219661017 0.0
220.219661017 0.0
221.219661017 0.0
222.219661017 0.0
223.219661017 0.0
224.219661017 0.0
225.219661017 0.0
226.219661017 0.0
227.219661017 0.0
228.219661017 0.0
229.219661017 0.0
230.219661017 0.0
231.219661017 0.0
232.219661017 0.0
233.219661017 0.0
234.219661017 0.0
235.219661017 0.0
236.219661017 0.0
237.219661017 0.0
238.219661017 0.0
239.219661017 0.0
240.219661017 0.0
241.219661017 0.0
242.219661017 0.0
243.219661017 0.0
244.219661017 0.0
245.219661017 0.0
246.219661017 0.0
247.219661017 0.0
248.219661017 0.0
249.219661017 0.0
250.219661017 0.0
251.219661017 0.0
252.219661017 0.0
253.219661017 0.0
254.219661017 0.0
255.219661017 0.0
256.219661017 0.0
257.219661017 0.0
258.219661017 0.0
259.219661017 0.0
260.219661017 0.0
261.219661017 0.0
262.219661017 0.0
263.219661017 0.0
264.219661017 0.0
265.219661017 0.0
266.219661017 0.0
267.219661017 0.0
268.219661017 0.0
269.219661017 0.0
270.219661017 0.0
271.219661017 0.0
272.219661017 0.0
273.219661017 0.0
274.219661017 0.0
275.219661017 0.0
276.219661017 0.0
277.219661017 0.0
278.219661017 0.0
279.219661017 0.0
280.219661017 0.0
281.219661017 0.0
282.219661017 0.0
283.219661017 0.0
284.219661017 0.0
285.219661017 0.0
286.219661017 0.0
287.219661017 0.0
288.219661017 0.0
289.219661017 0.0
290.219661017 0.0
291.219661017 0.0
292.219661017 0.0
293.219661017 0.0
294.219661017 0.0
295.219661017 0.0
296.219661017 0.0
297.219661017 0.0
298.219661017 0.0
299.219661017 0.0
300.219661017 0.0
301.219661017 0.0
302.219661017 0.0
303.219661017 0.0
304.219661017 0.0
305.219661017 0.0
306.219661017 0.0
307.219661017 0.0
308.219661017 0.0
309.219661017 0.0
310.219661017 0.0
311.219661017 0.0
312.219661017 0.0
313.219661017 0.0
314.219661017 0.0
315.219661017 0.0
316.219661017 0.0
317.219661017 0.0
318.219661017 0.0
319.219661017 0.0
320.219661017 0.0
321.219661017 0.0
322.219661017 0.0
323.219661017 0.0
324.219661017 0.0
325.219661017 0.0
326.219661017 0.0
327.219661017 0.0
328.219661017 0.0
329.219661017 0.0
330.219661017 0.0
331.219661017 0.0
332.219661017 0.0
333.219661017 0.0
334.219661017 0.0
335.219661017 0.0
336.219661017 0.0
337.219661017 0.0
338.219661017 0.0
339.219661017 0.0
340.219661017 0.0
341.219661017 0.0
342.219661017 0.0
343.219661017 0.0
344.219661017 0.0
345.219661017 0.0
346.219661017 0.0
347.219661017 0.0
348.219661017 0.0
349.219661017 0.0
350.219661017 0.0
351.219661017 0.0
352.219661017 0.0
353.219661017 0.0
354.219661017 0.0
355.219661017 0.0
356.219661017 0.0
357.219661017 0.0
358.219661017 0.0
359.219661017 0.0
360.219661017 0.0
361.219661017 0.0
362.219661017 0.0
363.219661017 0.0
364.219661017 0.0
365.219661017 0.0
366.219661017 0.0
367.219661017 0.0
368.219661017 0.0
369.219661017 0.0
370.219661017 0.0
371.219661017 0.0
372.219661017 0.0
373.219661017 0.0
374.219661017 0.0
375.219661017 0.0
376.219661017 0.0
377.219661017 0.0
378.219661017 0.0
379.219661017 0.0
380.219661017 0.0
381.219661017 0.0
382.219661017 0.0
383.219661017 0.0
384.219661017 0.0
385.219661017 0.0
386.219661017 0.0
387.219661017 0.0
388.219661017 0.0
389.219661017 0.0
390.219661017 0.0
391.219661017 0.0
392.219661017 0.0
393.219661017 0.0
394.219661017 0.0
395.219661017 0.0
396.219661017 0.0
397.219661017 0.0
398.219661017 0.0
399.219661017 0.0
400.219661017 0.0
401.219661017 0.0
402.219661017 0.0
403.219661017 0.0
404.219661017 0.0
405.219661017 0.0
406.219661017 0.0
407.219661017 0.0
408.219661017 0.0
409.219661017 0.0
410.219661017 0.0
411.219661017 0.0
412.219661017 0.0
413.219661017 0.0
414.219661017 0.0
415.219661017 0.0
416.219661017 0.0
417.219661017 0.0
418.219661017 0.0
419.219661017 0.0
420.219661017 0.0
421.219661017 0.0
422.219661017 0.0
423.219661017 0.0
424.219661017 0.0
425.219661017 0.0
426.219661017 0.0
427.219661017 0.0
428.219661017 0.0
429.219661017 0.0
430.219661017 0.0
431.219661017 0.0
432.219661017 0.0
433.219661017 0.0
434.219661017 0.0
435.219661017 0.0
436.219661017 0.0
437.219661017 0.0
438.219661017 0.0
439.219661017 0.0
440.219661017 0.0
441.219661017 0.0
442.219661017 0.0
443.219661017 0.0
444.219661017 0.0
445.219661017 0.0
446.219661017 0.0
447.219661017 0.0
448.219661017 0.0
449.219661017 0.0
450.219661017 0.0
451.219661017 0.0
452.219661017 0.0
453.219661017 0.0
454.219661017 0.0
455.219661017 0.0
456.219661017 0.0
457.219661017 0.0
458.219661017 0.0
459.219661017 0.0
460.219661017 0.0
461.219661017 0.0
462.219661017 0.0
463.219661017 0.0
464.219661017 0.0
465.219661017 0.0
466.219661017 0.0
467.219661017 0.0
468.219661017 0.0
469.219661017 0.0
470.219661017 0.0
471.219661017 0.0
472.219661017 0.0
473.219661017 0.0
474.219661017 0.0
475.219661017 0.0
476.219661017 0.0
477.219661017 0.0
478.219661017 0.0
479.219661017 0.0
480.219661017 0.0
481.219661017 0.0
482.219661017 0.0
483.219661017 0.0
484.219661017 0.0
485.219661017 0.0
486.219661017 0.0
487.219661017 0.0
488.219661017 0.0
489.219661017 0.0
490.219661017 0.0
491.219661017 0.0
492.219661017 0.0
493.219661017 0.0
494.219661017 0.0
495.219661017 0.0
496.219661017 0.0
497.219661017 0.0
498.219661017 0.0
499.219661017 0.0
500.219661017 0.0
501.219661017 0.0
502.219661017 0.0
503.219661017 0.0
504.219661017 0.0
505.219661017 0.0
506.219661017 0.0
507.219661017 0.0
508.219661017 0.0
509.219661017 0.0
510.219661017 0.0
511.219661017 0.0
512.219661017 0.0
513.219661017 0.0
514.219661017 0.0
515.219661017 0.0
516.219661017 0.0
517.219661017 0.0
518.219661017 0.0
519.219661017 0.0
520.219661017 0.0
521.219661017 0.0
522.219661017 0.0
523.219661017 0.0
524.219661017 0.0
525.219661017 0.0
526.219661017 0.0
527.219661017 0.0
528.219661017 0.0
529.219661017 0.0
530.219661017 0.0
531.219661017 0.0
532.219661017 0.0
533.219661017 0.0
534.219661017 0.0
535.219661017 0.0
536.219661017 0.0
537.219661017 0.0
538.219661017 0.0
539.219661017 0.0
540.219661017 0.0
541.219661017 0.0
542.219661017 0.0
543.219661017 0.0
544.219661017 0.0
545.219661017 0.0
546.219661017 0.0
547.219661017 0.0
548.219661017 0.0
549.219661017 0.0
550.219661017 0.0
551.219661017 0.0
552.219661017 0.0
553.219661017 0.0
554.219661017 0.0
555.219661017 0.0
556.219661017 0.0
557.219661017 0.0
558.219661017 0.0
559.219661017 0.0
560.219661017 0.0
561.219661017 0.0
562.219661017 0.0
563.219661017 0.0
564.219661017 0.0
565.219661017 0.0
566.219661017 0.0
567.219661017 0.0
568.219661017 0.0
569.219661017 0.0
570.219661017 0.0
571.219661017 0.0
572.219661017 0.0
573.219661017 0.0
574.219661017 0.0
575.219661017 0.0
576.219661017 0.0
577.219661017 0.0
578.219661017 0.0
579.219661017 0.0
580.219661017 0.0
581.219661017 0.0
582.219661017 0.0
583.219661017 0.0
584.219661017 0.0
585.219661017 0.0
586.219661017 0.0
587.219661017 0.0
588.219661017 0.0
589.219661017 0.0
590.219661017 0.0
591.219661017 0.0
592.219661017 0.0
593.219661017 0.0
594.219661017 0.0
595.219661017 0.0
596.219661017 0.0
597.219661017 0.0
598.219661017 0.0
599.219661017 0.0
600.219661017 0.0
601.219661017 0.0
602.219661017 0.0
