-570.568768415 0.0
-569.568768415 0.0
-568.568768415 0.0
-567.568768415 0.0
-566.568768415 0.0
-565.568768415 0.0
-564.568768415 0.0
-563.568768415 0.0
-562.568768415 0.0
-561.568768415 0.0
-560.568768415 0.0
-559.568768415 0.0
-558.568768415 0.0
-557.568768415 0.0
-556.568768415 0.0
-555.568768415 0.0
-554.568768415 0.0
-553.568768415 0.0
-552.568768415 0.0
-551.568768415 0.0
-550.568768415 0.0
-549.568768415 0.0
-548.568768415 0.0
-547.568768415 0.0
-546.568768415 0.0
-545.568768415 0.0
-544.568768415 0.0
-543.568768415 0.0
-542.568768415 0.0
-541.568768415 0.0
-540.568768415 0.0
-539.568768415 0.0
-538.568768415 0.0
-537.568768415 0.0
-536.568768415 0.0
-535.568768415 0.0
-534.568768415 0.0
-533.568768415 0.0
-532.568768415 0.0
-531.568768415 0.0
-530.568768415 0.0
-529.568768415 0.0
-528.568768415 0.0
-527.568768415 0.0
-526.568768415 0.0
-525.568768415 0.0
-524.568768415 0.0
-523.568768415 0.0
-522.568768415 0.0
-521.568768415 0.0
-520.568768415 0.0
-519.568768415 0.0
-518.568768415 0.0
-517.568768415 0.0
-516.568768415 0.0
-515.568768415 0.0
-514.568768415 0.0
-513.568768415 0.0
-512.568768415 0.0
-511.568768415 0.0
-510.568768415 0.0
-509.568768415 0.0
-508.568768415 0.0
-507.568768415 0.0
-506.568768415 0.0
-505.568768415 0.0
-504.568768415 0.0
-503.568768415 0.0
-502.568768415 0.0
-501.568768415 0.0
-500.568768415 0.0
-499.568768415 0.0
-498.568768415 0.0
-497.568768415 0.0
-496.568768415 0.0
-495.568768415 0.0
-494.568768415 0.0
-493.568768415 0.0
-492.568768415 0.0
-491.568768415 0.0
-490.568768415 0.0
-489.568768415 0.0
-488.568768415 0.0
-487.568768415 0.0
-486.568768415 0.0
-485.568768415 0.0
-484.568768415 0.0
-483.568768415 0.0
-482.568768415 0.0
-481.568768415 0.0
-480.568768415 0.0
-479.568768415 0.0
-478.568768415 0.0
-477.568768415 0.0
-476.568768415 0.0
-475.568768415 0.0
-474.568768415 0.0
-473.568768415 0.0
-472.568768415 0.0
-471.568768415 0.0
-470.568768415 0.0
-469.568768415 0.0
-468.568768415 0.0
-467.568768415 0.0
-466.568768415 0.0
-465.568768415 0.0
-464.568768415 0.0
-463.568768415 0.0
-462.568768415 0.0
-461.568768415 0.0
-460.568768415 0.0
-459.568768415 0.0
-458.568768415 0.0
-457.568768415 0.0
-456.568768415 0.0
-455.568768415 0.0
-454.568768415 0.0
-453.568768415 0.0
-452.568768415 0.0
-451.568768415 0.0
-450.568768415 0.0
-449.568768415 0.0
-448.568768415 0.0
-447.568768415 0.0
-446.568768415 0.0
-445.568768415 0.0
-444.568768415 0.0
-443.568768415 0.0
-442.568768415 0.0
-441.568768415 0.0
-440.568768415 0.0
-439.568768415 0.0
-438.568768415 0.0
-437.568768415 0.0
-436.568768415 0.0
-435.568768415 0.0
-434.568768415 0.0
-433.568768415 0.0
-432.568768415 0.0
-431.568768415 0.0
-430.568768415 0.0
-429.568768415 0.0
-428.568768415 0.0
-427.568768415 0.0
-426.568768415 0.0
-425.568768415 0.0
-424.568768415 0.0
-423.568768415 0.0
-422.568768415 0.0
-421.568768415 0.0
-420.568768415 0.0
-419.568768415 0.0
-418.568768415 0.0
-417.568768415 0.0
-416.568768415 0.0
-415.568768415 0.0
-414.568768415 0.0
-413.568768415 0.0
-412.568768415 0.0
-411.568768415 0.0
-410.568768415 0.0
-409.568768415 0.0
-408.568768415 0.0
-407.568768415 0.0
-406.568768415 0.0
-405.568768415 0.0
-404.568768415 0.0
-403.568768415 0.0
-402.568768415 0.0
-401.568768415 0.0
-400.568768415 0.0
-399.568768415 0.0
-398.568768415 0.0
-397.568768415 0.0
-396.568768415 0.0
-395.568768415 0.0
-394.568768415 0.0
-393.568768415 0.0
-392.568768415 0.0
-391.568768415 0.0
-390.568768415 0.0
-389.568768415 0.0
-388.568768415 0.0
-387.568768415 0.0
-386.568768415 0.0
-385.568768415 0.0
-384.568768415 0.0
-383.568768415 0.0
-382.568768415 0.0
-381.568768415 0.0
-380.568768415 0.0
-379.568768415 0.0
-378.568768415 0.0
-377.568768415 0.0
-376.568768415 0.0
-375.568768415 0.0
-374.568768415 0.0
-373.568768415 0.0
-372.568768415 0.0
-371.568768415 0.0
-370.568768415 0.0
-369.568768415 0.0
-368.568768415 0.0
-367.568768415 0.0
-366.568768415 0.0
-365.568768415 0.0
-364.568768415 0.0
-363.568768415 0.0
-362.568768415 0.0
-361.568768415 0.0
-360.568768415 0.0
-359.568768415 0.0
-358.568768415 0.0
-357.568768415 0.0
-356.568768415 0.0
-355.568768415 0.0
-354.568768415 0.0
-353.568768415 0.0
-352.568768415 0.0
-351.568768415 0.0
-350.568768415 0.0
-349.568768415 0.0
-348.568768415 0.0
-347.568768415 0.0
-346.568768415 0.0
-345.568768415 0.0
-344.568768415 0.0
-343.568768415 0.0
-342.568768415 0.0
-341.568768415 0.0
-340.568768415 0.0
-339.568768415 0.0
-338.568768415 0.0
-337.568768415 0.0
-336.568768415 0.0
-335.568768415 0.0
-334.568768415 0.0
-333.568768415 0.0
-332.568768415 0.0
-331.568768415 0.0
-330.568768415 0.0
-329.568768415 0.0
-328.568768415 0.0
-327.568768415 0.0
-326.568768415 0.0
-325.568768415 0.0
-324.568768415 0.0
-323.568768415 0.0
-322.568768415 0.0
-321.568768415 0.0
-320.568768415 0.0
-319.568768415 0.0
-318.568768415 0.0
-317.568768415 0.0
-316.568768415 0.0
-315.568768415 0.0
-314.568768415 0.0
-313.568768415 0.0
-312.568768415 0.0
-311.568768415 0.0
-310.568768415 0.0
-309.568768415 0.0
-308.568768415 0.0
-307.568768415 0.0
-306.568768415 0.0
-305.568768415 0.0
-304.568768415 0.0
-303.568768415 0.0
-302.568768415 0.0
-301.568768415 0.0
-300.568768415 0.0
-299.568768415 0.0
-298.568768415 0.0
-297.568768415 0.0
-296.568768415 0.0
-295.568768415 0.0
-294.568768415 0.0
-293.568768415 0.0
-292.568768415 0.0
-291.568768415 0.0
-290.568768415 0.0
-289.568768415 0.0
-288.568768415 0.0
-287.568768415 0.0
-286.568768415 0.0
-285.568768415 0.0
-284.568768415 0.0
-283.568768415 0.0
-282.568768415 0.0
-281.568768415 0.0
-280.568768415 0.0
-279.568768415 0.0
-278.568768415 0.0
-277.568768415 0.0
-276.568768415 0.0
-275.568768415 0.0
-274.568768415 0.0
-273.568768415 0.0
-272.568768415 0.0
-271.568768415 0.0
-270.568768415 0.0
-269.568768415 0.0
-268.568768415 0.0
-267.568768415 0.0
-266.568768415 0.0
-265.568768415 0.0
-264.568768415 0.0
-263.568768415 0.0
-262.568768415 0.0
-261.568768415 0.0
-260.568768415 0.0
-259.568768415 0.0
-258.568768415 0.0
-257.568768415 0.0
-256.568768415 0.0
-255.568768415 0.0
-254.568768415 0.0
-253.568768415 0.0
-252.568768415 0.0
-251.568768415 0.0
-250.568768415 0.0
-249.568768415 0.0
-248.568768415 0.0
-247.568768415 0.0
-246.568768415 0.0
-245.568768415 0.0
-244.568768415 0.0
-243.568768415 0.0
-242.568768415 0.0
-241.568768415 0.0
-240.568768415 0.0
-239.568768415 0.0
-238.568768415 0.0
-237.568768415 0.0
-236.568768415 0.0
-235.568768415 0.0
-234.568768415 0.0
-233.568768415 0.0
-232.568768415 0.0
-231.568768415 0.0
-230.568768415 0.0
-229.568768415 0.0
-228.568768415 0.0
-227.568768415 0.0
-226.568768415 0.0
-225.568768415 0.0
-224.568768415 0.0
-223.568768415 0.0
-222.568768415 0.0
-221.568768415 0.0
-220.568768415 0.0
-219.568768415 0.0
-218.568768415 0.0
-217.568768415 0.0
-216.568768415 0.0
-215.568768415 0.0
-214.568768415 0.0
-213.568768415 0.0
-212.568768415 0.0
-211.568768415 0.0
-210.568768415 0.0
-209.568768415 0.0
-208.568768415 0.0
-207.568768415 0.0
-206.568768415 0.0
-205.568768415 0.0
-204.568768415 0.0
-203.568768415 0.0
-202.568768415 0.0
-201.568768415 0.0
-200.568768415 0.0
-199.568768415 0.0
-198.568768415 0.0
-197.568768415 0.0
-196.568768415 0.0
-195.568768415 0.0
-194.568768415 0.0
-193.568768415 0.0
-192.568768415 0.0
-191.568768415 0.0
-190.568768415 0.0
-189.568768415 0.0
-188.568768415 0.0
-187.568768415 0.0
-186.568768415 0.0
-185.568768415 0.0
-184.568768415 0.0
-183.568768415 0.0
-182.568768415 0.0
-181.568768415 0.0
-180.568768415 0.0
-179.568768415 0.0
-178.568768415 0.0
-177.568768415 0.0
-176.568768415 0.0
-175.568768415 0.0
-174.568768415 0.0
-173.568768415 0.0
-172.568768415 0.0
-171.568768415 0.0
-170.568768415 0.0
-169.568768415 0.0
-168.568768415 0.0
-167.568768415 0.0
-166.568768415 0.0
-165.568768415 0.0
-164.568768415 0.0
-163.568768415 0.0
-162.568768415 0.0
-161.568768415 0.0
-160.568768415 0.0
-159.568768415 0.0
-158.568768415 0.0
-157.568768415 0.0
-156.568768415 0.0
-155.568768415 0.0
-154.568768415 0.0
-153.568768415 0.0
-152.568768415 0.0
-151.568768415 0.0
-150.568768415 0.0
-149.568768415 0.0
-148.568768415 0.0
-147.568768415 0.0
-146.568768415 0.0
-145.568768415 0.0
-144.568768415 0.0
-143.568768415 0.0
-142.568768415 0.0
-141.568768415 0.0
-140.568768415 0.0
-139.568768415 0.0
-138.568768415 0.0
-137.568768415 0.0
-136.568768415 0.0
-135.568768415 0.0
-134.568768415 0.0
-133.568768415 0.0
-132.568768415 0.0
-131.568768415 0.0
-130.568768415 0.0
-129.568768415 0.0
-128.568768415 0.0
-127.568768415 0.0
-126.568768415 0.0
-125.568768415 0.0
-124.568768415 0.0
-123.568768415 0.0
-122.568768415 0.0
-121.568768415 0.0
-120.568768415 0.0
-119.568768415 0.0
-118.568768415 0.0
-117.568768415 0.0
-116.568768415 0.0
-115.568768415 0.0
-114.568768415 0.0
-113.568768415 0.0
-112.568768415 0.0
-111.568768415 0.0
-110.568768415 0.0
-109.568768415 0.0
-108.568768415 0.0
-107.568768415 0.0
-106.568768415 0.0
-105.568768415 0.0
-104.568768415 0.0
-103.568768415 0.0
-102.568768415 0.0
-101.568768415 0.0
-100.568768415 0.0
-99.5687684148 0.0
-98.5687684148 0.0
-97.5687684148 0.0
-96.5687684148 0.0
-95.5687684148 0.0
-94.5687684148 0.0
-93.5687684148 0.0
-92.5687684148 0.0
-91.5687684148 0.0
-90.5687684148 0.0
-89.5687684148 0.0
-88.5687684148 0.0
-87.5687684148 0.0
-86.5687684148 0.0
-85.5687684148 0.0
-84.5687684148 0.0
-83.5687684148 0.0
-82.5687684148 0.0
-81.5687684148 0.0
-80.5687684148 0.0
-79.5687684148 0.0
-78.5687684148 0.0
-77.5687684148 0.0
-76.5687684148 0.0
-75.5687684148 0.0
-74.5687684148 0.0
-73.5687684148 0.0
-72.5687684148 0.0
-71.5687684148 0.0
-70.5687684148 0.000000e+00
-70.3330583382 0.000000e+00
-70.0973482616 0.000000e+00
-69.861638185 0.000000e+00
-69.6259281084 0.000000e+00
-69.3902180318 0.000000e+00
-69.1545079552 0.000000e+00
-68.9187978786 0.000000e+00
-68.683087802 0.000000e+00
-68.4473777254 0.000000e+00
-68.2116676488 0.000000e+00
-67.9759575722 0.000000e+00
-67.7402474956 0.000000e+00
-67.504537419 0.000000e+00
-67.2688273424 0.000000e+00
-67.0331172658 0.000000e+00
-66.7974071892 0.000000e+00
-66.5616971126 0.000000e+00
-66.3259870359 0.000000e+00
-66.0902769593 0.000000e+00
-65.8545668827 0.000000e+00
-65.6188568061 0.000000e+00
-65.3831467295 0.000000e+00
-65.1474366529 0.000000e+00
-64.9117265763 0.000000e+00
-64.6760164997 0.000000e+00
-64.4403064231 0.000000e+00
-64.2045963465 0.000000e+00
-63.9688862699 0.000000e+00
-63.7331761933 0.000000e+00
-63.4974661167 0.000000e+00
-63.2617560401 0.000000e+00
-63.0260459635 0.000000e+00
-62.7903358869 0.000000e+00
-62.5546258103 0.000000e+00
-62.3189157336 0.000000e+00
-62.083205657 0.000000e+00
-61.8474955804 0.000000e+00
-61.6117855038 0.000000e+00
-61.3760754272 0.000000e+00
-61.1403653506 0.000000e+00
-60.904655274 0.000000e+00
-60.6689451974 0.000000e+00
-60.4332351208 0.000000e+00
-60.1975250442 0.000000e+00
-59.9618149676 0.000000e+00
-59.726104891 0.000000e+00
-59.4903948144 0.000000e+00
-59.2546847378 0.000000e+00
-59.0189746612 0.000000e+00
-58.7832645846 0.000000e+00
-58.547554508 0.000000e+00
-58.3118444313 0.000000e+00
-58.0761343547 0.000000e+00
-57.8404242781 0.000000e+00
-57.6047142015 0.000000e+00
-57.3690041249 0.000000e+00
-57.1332940483 0.000000e+00
-56.8975839717 0.000000e+00
-56.6618738951 0.000000e+00
-56.4261638185 0.000000e+00
-56.1904537419 0.000000e+00
-55.9547436653 0.000000e+00
-55.7190335887 0.000000e+00
-55.4833235121 0.000000e+00
-55.2476134355 0.000000e+00
-55.0119033589 0.000000e+00
-54.7761932823 0.000000e+00
-54.5404832057 0.000000e+00
-54.3047731291 0.000000e+00
-54.0690630524 0.000000e+00
-53.8333529758 0.000000e+00
-53.5976428992 0.000000e+00
-53.3619328226 0.000000e+00
-53.126222746 0.000000e+00
-52.8905126694 0.000000e+00
-52.6548025928 0.000000e+00
-52.4190925162 0.000000e+00
-52.1833824396 0.000000e+00
-51.947672363 0.000000e+00
-51.7119622864 0.000000e+00
-51.4762522098 0.000000e+00
-51.2405421332 0.000000e+00
-51.0048320566 0.000000e+00
-50.76912198 0.000000e+00
-50.5334119034 0.000000e+00
-50.2977018268 0.000000e+00
-50.0619917501 0.000000e+00
-49.8262816735 0.000000e+00
-49.5905715969 0.000000e+00
-49.3548615203 0.000000e+00
-49.1191514437 0.000000e+00
-48.8834413671 0.000000e+00
-48.6477312905 0.000000e+00
-48.4120212139 0.000000e+00
-48.1763111373 0.000000e+00
-47.9406010607 0.000000e+00
-47.7048909841 0.000000e+00
-47.4691809075 0.000000e+00
-47.2334708309 0.000000e+00
-46.9977607543 0.000000e+00
-46.7620506777 0.000000e+00
-46.5263406011 0.000000e+00
-46.2906305245 0.000000e+00
-46.0549204478 0.000000e+00
-45.8192103712 0.000000e+00
-45.5835002946 0.000000e+00
-45.347790218 0.000000e+00
-45.1120801414 0.000000e+00
-44.8763700648 0.000000e+00
-44.6406599882 0.000000e+00
-44.4049499116 0.000000e+00
-44.169239835 0.000000e+00
-43.9335297584 0.000000e+00
-43.6978196818 0.000000e+00
-43.4621096052 0.000000e+00
-43.2263995286 0.000000e+00
-42.990689452 0.000000e+00
-42.7549793754 0.000000e+00
-42.5192692988 0.000000e+00
-42.2835592222 0.000000e+00
-42.0478491456 0.000000e+00
-41.8121390689 0.000000e+00
-41.5764289923 0.000000e+00
-41.3407189157 0.000000e+00
-41.1050088391 0.000000e+00
-40.8692987625 0.000000e+00
-40.6335886859 0.000000e+00
-40.3978786093 0.000000e+00
-40.1621685327 0.000000e+00
-39.9264584561 0.000000e+00
-39.6907483795 0.000000e+00
-39.4550383029 0.000000e+00
-39.2193282263 0.000000e+00
-38.9836181497 0.000000e+00
-38.7479080731 0.000000e+00
-38.5121979965 0.000000e+00
-38.2764879199 0.000000e+00
-38.0407778433 0.000000e+00
-37.8050677666 0.000000e+00
-37.56935769 0.000000e+00
-37.3336476134 0.000000e+00
-37.0979375368 0.000000e+00
-36.8622274602 0.000000e+00
-36.6265173836 0.000000e+00
-36.390807307 0.000000e+00
-36.1550972304 0.000000e+00
-35.9193871538 0.000000e+00
-35.6836770772 0.000000e+00
-35.4479670006 0.000000e+00
-35.212256924 0.000000e+00
-34.9765468474 0.000000e+00
-34.7408367708 0.000000e+00
-34.5051266942 0.000000e+00
-34.2694166176 0.000000e+00
-34.033706541 0.000000e+00
-33.7979964643 0.000000e+00
-33.5622863877 0.000000e+00
-33.3265763111 0.000000e+00
-33.0908662345 0.000000e+00
-32.8551561579 0.000000e+00
-32.6194460813 0.000000e+00
-32.3837360047 0.000000e+00
-32.1480259281 0.000000e+00
-31.9123158515 0.000000e+00
-31.6766057749 0.000000e+00
-31.4408956983 8.399842e-01
-31.2051856217 4.303560e-01
-30.9694755451 0.000000e+00
-30.7337654685 1.772173e-01
-30.4980553919 0.000000e+00
-30.2623453153 0.000000e+00
-30.0266352387 2.820797e-01
-29.7909251621 0.000000e+00
-29.5552150854 2.989237e-01
-29.3195050088 3.415216e-01
-29.0837949322 3.399657e-01
-28.8480848556 3.814241e-01
-28.612374779 5.460698e-01
-28.3766647024 0.000000e+00
-28.1409546258 2.933610e-01
-27.9052445492 4.385387e-01
-27.6695344726 2.650245e-01
-27.433824396 0.000000e+00
-27.1981143194 0.000000e+00
-26.9624042428 0.000000e+00
-26.7266941662 0.000000e+00
-26.4909840896 0.000000e+00
-26.255274013 0.000000e+00
-26.0195639364 0.000000e+00
-25.7838538598 0.000000e+00
-25.5481437831 0.000000e+00
-25.3124337065 0.000000e+00
-25.0767236299 0.000000e+00
-24.8410135533 0.000000e+00
-24.6053034767 1.913526e-01
-24.3695934001 2.521957e-01
-24.1338833235 0.000000e+00
-23.8981732469 3.249516e-01
-23.6624631703 1.867945e-01
-23.4267530937 1.706160e-01
-23.1910430171 3.428648e-01
-22.9553329405 0.000000e+00
-22.7196228639 0.000000e+00
-22.4839127873 0.000000e+00
-22.2482027107 0.000000e+00
-22.0124926341 0.000000e+00
-21.7767825575 0.000000e+00
-21.5410724808 0.000000e+00
-21.3053624042 0.000000e+00
-21.0696523276 0.000000e+00
-20.833942251 0.000000e+00
-20.5982321744 0.000000e+00
-20.3625220978 0.000000e+00
-20.1268120212 0.000000e+00
-19.8911019446 0.000000e+00
-19.655391868 0.000000e+00
-19.4196817914 0.000000e+00
-19.1839717148 0.000000e+00
-18.9482616382 0.000000e+00
-18.7125515616 0.000000e+00
-18.476841485 0.000000e+00
-18.2411314084 0.000000e+00
-18.0054213318 0.000000e+00
-17.7697112552 0.000000e+00
-17.5340011786 0.000000e+00
-17.2982911019 0.000000e+00
-17.0625810253 0.000000e+00
-16.8268709487 0.000000e+00
-16.5911608721 0.000000e+00
-16.3554507955 0.000000e+00
-16.1197407189 0.000000e+00
-15.8840306423 0.000000e+00
-15.6483205657 0.000000e+00
-15.4126104891 0.000000e+00
-15.1769004125 0.000000e+00
-14.9411903359 0.000000e+00
-14.7054802593 0.000000e+00
-14.4697701827 0.000000e+00
-14.2340601061 0.000000e+00
-13.9983500295 0.000000e+00
-13.7626399529 0.000000e+00
-13.5269298763 0.000000e+00
-13.2912197996 0.000000e+00
-13.055509723 0.000000e+00
-12.8197996464 0.000000e+00
-12.5840895698 0.000000e+00
-12.3483794932 0.000000e+00
-12.1126694166 0.000000e+00
-11.87695934 0.000000e+00
-11.6412492634 0.000000e+00
-11.4055391868 0.000000e+00
-11.1698291102 0.000000e+00
-10.9341190336 0.000000e+00
-10.698408957 0.000000e+00
-10.4626988804 0.000000e+00
-10.2269888038 0.000000e+00
-9.99127872717 0.000000e+00
-9.75556865056 0.000000e+00
-9.51985857395 0.000000e+00
-9.28414849735 0.000000e+00
-9.04843842074 0.000000e+00
-8.81272834414 0.000000e+00
-8.57701826753 0.000000e+00
-8.34130819093 0.000000e+00
-8.10559811432 0.000000e+00
-7.86988803771 0.000000e+00
-7.63417796111 0.000000e+00
-7.3984678845 0.000000e+00
-7.1627578079 0.000000e+00
-6.92704773129 0.000000e+00
-6.69133765468 0.000000e+00
-6.45562757808 0.000000e+00
-6.21991750147 0.000000e+00
-5.98420742487 0.000000e+00
-5.74849734826 0.000000e+00
-5.51278727166 0.000000e+00
-5.27707719505 0.000000e+00
-5.04136711844 0.000000e+00
-4.80565704184 0.000000e+00
-4.56994696523 0.000000e+00
-4.33423688863 0.000000e+00
-4.09852681202 0.000000e+00
-3.86281673542 0.000000e+00
-3.62710665881 0.000000e+00
-3.3913965822 0.000000e+00
-3.1556865056 0.000000e+00
-2.91997642899 0.000000e+00
-2.68426635239 0.000000e+00
-2.44855627578 0.000000e+00
-2.21284619918 0.000000e+00
-1.97713612257 0.000000e+00
-1.74142604596 0.000000e+00
-1.50571596936 0.000000e+00
-1.27000589275 0.000000e+00
-1.03429581615 0.000000e+00
-0.79858573954 0.000000e+00
-0.562875662935 0.000000e+00
-0.327165586329 0.000000e+00
-0.091455509723 0.000000e+00
0.144254566883 1.000000e+00
0.379964643489 9.947449e-01
0.615674720094 6.048997e-01
0.8513847967 5.903851e-01
1.08709487331 6.409420e-01
1.32280494991 5.296110e-01
1.55851502652 4.633660e-01
1.79422510312 3.601238e-01
2.02993517973 3.349996e-01
2.26564525633 3.111982e-01
2.50135533294 0.000000e+00
2.73706540955 0.000000e+00
2.97277548615 0.000000e+00
3.20848556276 0.000000e+00
3.44419563936 0.000000e+00
3.67990571597 0.000000e+00
3.91561579258 0.000000e+00
4.15132586918 0.000000e+00
4.38703594579 0.000000e+00
4.62274602239 0.000000e+00
4.858456099 0.000000e+00
5.0941661756 0.000000e+00
5.32987625221 0.000000e+00
5.56558632882 0.000000e+00
5.80129640542 0.000000e+00
6.03700648203 0.000000e+00
6.27271655863 0.000000e+00
6.50842663524 0.000000e+00
6.74413671184 0.000000e+00
6.97984678845 0.000000e+00
7.21555686506 0.000000e+00
7.45126694166 0.000000e+00
7.68697701827 0.000000e+00
7.92268709487 0.000000e+00
8.15839717148 0.000000e+00
8.39410724808 0.000000e+00
8.62981732469 0.000000e+00
8.8655274013 0.000000e+00
9.1012374779 0.000000e+00
9.33694755451 0.000000e+00
9.57265763111 0.000000e+00
9.80836770772 0.000000e+00
10.0440777843 0.000000e+00
10.2797878609 0.000000e+00
10.5154979375 0.000000e+00
10.7512080141 0.000000e+00
10.9869180907 0.000000e+00
11.2226281674 0.000000e+00
11.458338244 0.000000e+00
11.6940483206 0.000000e+00
11.9297583972 0.000000e+00
12.1654684738 0.000000e+00
12.4011785504 0.000000e+00
12.636888627 0.000000e+00
12.8725987036 0.000000e+00
13.1083087802 0.000000e+00
13.3440188568 0.000000e+00
13.5797289334 0.000000e+00
13.81543901 0.000000e+00
14.0511490866 0.000000e+00
14.2868591632 0.000000e+00
14.5225692398 0.000000e+00
14.7582793164 0.000000e+00
14.993989393 0.000000e+00
15.2296994697 0.000000e+00
15.4654095463 0.000000e+00
15.7011196229 0.000000e+00
15.9368296995 0.000000e+00
16.1725397761 0.000000e+00
16.4082498527 0.000000e+00
16.6439599293 0.000000e+00
16.8796700059 0.000000e+00
17.1153800825 0.000000e+00
17.3510901591 0.000000e+00
17.5868002357 0.000000e+00
17.8225103123 0.000000e+00
18.0582203889 0.000000e+00
18.2939304655 0.000000e+00
18.5296405421 0.000000e+00
18.7653506187 0.000000e+00
19.0010606953 0.000000e+00
19.236770772 0.000000e+00
19.4724808486 0.000000e+00
19.7081909252 0.000000e+00
19.9439010018 0.000000e+00
20.1796110784 0.000000e+00
20.415321155 0.000000e+00
20.6510312316 0.000000e+00
20.8867413082 0.000000e+00
21.1224513848 0.000000e+00
21.3581614614 0.000000e+00
21.593871538 0.000000e+00
21.8295816146 0.000000e+00
22.0652916912 0.000000e+00
22.3010017678 0.000000e+00
22.5367118444 0.000000e+00
22.772421921 0.000000e+00
23.0081319976 0.000000e+00
23.2438420742 0.000000e+00
23.4795521509 0.000000e+00
23.7152622275 0.000000e+00
23.9509723041 0.000000e+00
24.1866823807 0.000000e+00
24.4223924573 0.000000e+00
24.6581025339 0.000000e+00
24.8938126105 0.000000e+00
25.1295226871 0.000000e+00
25.3652327637 0.000000e+00
25.6009428403 0.000000e+00
25.8366529169 0.000000e+00
26.0723629935 0.000000e+00
26.3080730701 0.000000e+00
26.5437831467 0.000000e+00
26.7794932233 0.000000e+00
27.0152032999 0.000000e+00
27.2509133765 0.000000e+00
27.4866234532 0.000000e+00
27.7223335298 0.000000e+00
27.9580436064 0.000000e+00
28.193753683 0.000000e+00
28.4294637596 0.000000e+00
28.6651738362 0.000000e+00
28.9008839128 0.000000e+00
29.1365939894 0.000000e+00
29.372304066 0.000000e+00
29.6080141426 0.000000e+00
29.8437242192 0.000000e+00
30.0794342958 0.000000e+00
30.3151443724 0.000000e+00
30.550854449 0.000000e+00
30.7865645256 0.000000e+00
31.0222746022 0.000000e+00
31.2579846788 0.000000e+00
31.4936947555 0.000000e+00
31.7294048321 0.000000e+00
31.9651149087 0.000000e+00
32.2008249853 0.000000e+00
32.4365350619 0.000000e+00
32.6722451385 0.000000e+00
32.9079552151 0.000000e+00
33.1436652917 0.000000e+00
33.3793753683 0.000000e+00
33.6150854449 0.000000e+00
33.8507955215 0.000000e+00
34.0865055981 0.000000e+00
34.3222156747 0.000000e+00
34.5579257513 0.000000e+00
34.7936358279 0.000000e+00
35.0293459045 0.000000e+00
35.2650559811 0.000000e+00
35.5007660577 0.000000e+00
35.7364761344 0.000000e+00
35.972186211 0.000000e+00
36.2078962876 0.000000e+00
36.4436063642 0.000000e+00
36.6793164408 0.000000e+00
36.9150265174 0.000000e+00
37.150736594 0.000000e+00
37.3864466706 0.000000e+00
37.6221567472 0.000000e+00
37.8578668238 0.000000e+00
38.0935769004 0.000000e+00
38.329286977 0.000000e+00
38.5649970536 0.000000e+00
38.8007071302 0.000000e+00
39.0364172068 0.000000e+00
39.2721272834 0.000000e+00
39.50783736 0.000000e+00
39.7435474367 0.000000e+00
39.9792575133 0.000000e+00
40.2149675899 0.000000e+00
40.4506776665 0.000000e+00
40.6863877431 0.000000e+00
40.9220978197 0.000000e+00
41.1578078963 0.000000e+00
41.3935179729 0.000000e+00
41.6292280495 0.000000e+00
41.8649381261 0.000000e+00
42.1006482027 0.000000e+00
42.3363582793 0.000000e+00
42.5720683559 0.000000e+00
42.8077784325 0.000000e+00
43.0434885091 0.000000e+00
43.2791985857 0.000000e+00
43.5149086623 0.000000e+00
43.750618739 0.000000e+00
43.9863288156 0.000000e+00
44.2220388922 0.000000e+00
44.4577489688 0.000000e+00
44.6934590454 0.000000e+00
44.929169122 0.000000e+00
45.1648791986 0.000000e+00
45.4005892752 0.000000e+00
45.6362993518 0.000000e+00
45.8720094284 0.000000e+00
46.107719505 0.000000e+00
46.3434295816 0.000000e+00
46.5791396582 0.000000e+00
46.8148497348 0.000000e+00
47.0505598114 0.000000e+00
47.286269888 0.000000e+00
47.5219799646 0.000000e+00
47.7576900412 0.000000e+00
47.9934001179 0.000000e+00
48.2291101945 0.000000e+00
48.4648202711 0.000000e+00
48.7005303477 0.000000e+00
48.9362404243 0.000000e+00
49.1719505009 0.000000e+00
49.4076605775 0.000000e+00
49.6433706541 0.000000e+00
49.8790807307 0.000000e+00
50.1147908073 0.000000e+00
50.3505008839 0.000000e+00
50.5862109605 0.000000e+00
50.8219210371 0.000000e+00
51.0576311137 0.000000e+00
51.2933411903 0.000000e+00
51.5290512669 0.000000e+00
51.7647613435 0.000000e+00
52.0004714202 0.000000e+00
52.2361814968 0.000000e+00
52.4718915734 0.000000e+00
52.70760165 0.000000e+00
52.9433117266 0.000000e+00
53.1790218032 0.000000e+00
53.4147318798 0.000000e+00
53.6504419564 0.000000e+00
53.886152033 0.000000e+00
54.1218621096 0.000000e+00
54.3575721862 0.000000e+00
54.5932822628 0.000000e+00
54.8289923394 0.000000e+00
55.064702416 0.000000e+00
55.3004124926 0.000000e+00
55.5361225692 0.000000e+00
55.7718326458 0.000000e+00
56.0075427225 0.000000e+00
56.2432527991 0.000000e+00
56.4789628757 0.000000e+00
56.7146729523 0.000000e+00
56.9503830289 0.000000e+00
57.1860931055 0.000000e+00
57.4218031821 0.000000e+00
57.6575132587 0.000000e+00
57.8932233353 0.000000e+00
58.1289334119 0.000000e+00
58.3646434885 0.000000e+00
58.6003535651 0.000000e+00
58.8360636417 0.000000e+00
59.0717737183 0.000000e+00
59.3074837949 0.000000e+00
59.5431938715 0.000000e+00
59.7789039481 0.000000e+00
60.0146140247 0.000000e+00
60.2503241014 0.000000e+00
60.486034178 0.000000e+00
60.7217442546 0.000000e+00
60.9574543312 0.000000e+00
61.1931644078 0.000000e+00
61.4288744844 0.000000e+00
61.664584561 0.000000e+00
61.9002946376 0.000000e+00
62.1360047142 0.000000e+00
62.3717147908 0.000000e+00
62.6074248674 0.000000e+00
62.843134944 0.000000e+00
63.0788450206 0.000000e+00
63.3145550972 0.000000e+00
63.5502651738 0.000000e+00
63.7859752504 0.000000e+00
64.021685327 0.000000e+00
64.2573954037 0.000000e+00
64.4931054803 0.000000e+00
64.7288155569 0.000000e+00
64.9645256335 0.000000e+00
65.2002357101 0.000000e+00
65.4359457867 0.000000e+00
65.6716558633 0.000000e+00
65.9073659399 0.000000e+00
66.1430760165 0.000000e+00
66.3787860931 0.000000e+00
66.6144961697 0.000000e+00
66.8502062463 0.000000e+00
67.0859163229 0.000000e+00
67.3216263995 0.000000e+00
67.5573364761 0.000000e+00
67.7930465527 0.000000e+00
68.0287566293 0.000000e+00
68.264466706 0.000000e+00
68.5001767826 0.000000e+00
68.7358868592 0.000000e+00
68.9715969358 0.000000e+00
69.2073070124 0.000000e+00
69.443017089 0.000000e+00
69.6787271656 0.000000e+00
69.9144372422 0.000000e+00
70.1501473188 0.000000e+00
70.3858573954 0.000000e+00
70.621567472 0.000000e+00
70.8572775486 0.000000e+00
71.0929876252 0.000000e+00
72.0929876252 0.0
73.0929876252 0.0
74.0929876252 0.0
75.0929876252 0.0
76.0929876252 0.0
77.0929876252 0.0
78.0929876252 0.0
79.0929876252 0.0
80.0929876252 0.0
81.0929876252 0.0
82.0929876252 0.0
83.0929876252 0.0
84.0929876252 0.0
85.0929876252 0.0
86.0929876252 0.0
87.0929876252 0.0
88.0929876252 0.0
89.0929876252 0.0
90.0929876252 0.0
91.0929876252 0.0
92.0929876252 0.0
93.0929876252 0.0
94.0929876252 0.0
95.0929876252 0.0
96.0929876252 0.0
97.0929876252 0.0
98.0929876252 0.0
99.0929876252 0.0
100.092987625 0.0
101.092987625 0.0
102.092987625 0.0
103.092987625 0.0
104.092987625 0.0
105.092987625 0.0
106.092987625 0.0
107.092987625 0.0
108.092987625 0.0
109.092987625 0.0
110.092987625 0.0
111.092987625 0.0
112.092987625 0.0
113.092987625 0.0
114.092987625 0.0
115.092987625 0.0
116.092987625 0.0
117.092987625 0.0
118.092987625 0.0
119.092987625 0.0
120.092987625 0.0
121.092987625 0.0
122.092987625 0.0
123.092987625 0.0
124.092987625 0.0
125.092987625 0.0
126.092987625 0.0
127.092987625 0.0
128.092987625 0.0
129.092987625 0.0
130.092987625 0.0
131.092987625 0.0
132.092987625 0.0
133.092987625 0.0
134.092987625 0.0
135.092987625 0.0
136.092987625 0.0
137.092987625 0.0
138.092987625 0.0
139.092987625 0.0
140.092987625 0.0
141.092987625 0.0
142.092987625 0.0
143.092987625 0.0
144.092987625 0.0
145.092987625 0.0
146.092987625 0.0
147.092987625 0.0
148.092987625 0.0
149.092987625 0.0
150.092987625 0.0
151.092987625 0.0
152.092987625 0.0
153.092987625 0.0
154.092987625 0.0
155.092987625 0.0
156.092987625 0.0
157.092987625 0.0
158.092987625 0.0
159.092987625 0.0
160.092987625 0.0
161.092987625 0.0
162.092987625 0.0
163.092987625 0.0
164.092987625 0.0
165.092987625 0.0
166.092987625 0.0
167.092987625 0.0
168.092987625 0.0
169.092987625 0.0
170.092987625 0.0
171.092987625 0.0
172.092987625 0.0
173.092987625 0.0
174.092987625 0.0
175.092987625 0.0
176.092987625 0.0
177.092987625 0.0
178.092987625 0.0
179.092987625 0.0
180.092987625 0.0
181.092987625 0.0
182.092987625 0.0
183.092987625 0.0
184.092987625 0.0
185.092987625 0.0
186.092987625 0.0
187.092987625 0.0
188.092987625 0.0
189.092987625 0.0
190.092987625 0.0
191.092987625 0.0
192.092987625 0.0
193.092987625 0.0
194.092987625 0.0
195.092987625 0.0
196.092987625 0.0
197.092987625 0.0
198.092987625 0.0
199.092987625 0.0
200.092987625 0.0
201.092987625 0.0
202.092987625 0.0
203.092987625 0.0
204.092987625 0.0
205.092987625 0.0
206.092987625 0.0
207.092987625 0.0
208.092987625 0.0
209.092987625 0.0
210.092987625 0.0
211.092987625 0.0
212.092987625 0.0
213.092987625 0.0
214.092987625 0.0
215.092987625 0.0
216.092987625 0.0
217.092987625 0.0
218.092987625 0.0
219.092987625 0.0
220.092987625 0.0
221.092987625 0.0
222.092987625 0.0
223.092987625 0.0
224.092987625 0.0
225.092987625 0.0
226.092987625 0.0
227.092987625 0.0
228.092987625 0.0
229.092987625 0.0
230.092987625 0.0
231.092987625 0.0
232.092987625 0.0
233.092987625 0.0
234.092987625 0.0
235.092987625 0.0
236.092987625 0.0
237.092987625 0.0
238.092987625 0.0
239.092987625 0.0
240.092987625 0.0
241.092987625 0.0
242.092987625 0.0
243.092987625 0.0
244.092987625 0.0
245.092987625 0.0
246.092987625 0.0
247.092987625 0.0
248.092987625 0.0
249.092987625 0.0
250.092987625 0.0
251.092987625 0.0
252.092987625 0.0
253.092987625 0.0
254.092987625 0.0
255.092987625 0.0
256.092987625 0.0
257.092987625 0.0
258.092987625 0.0
259.092987625 0.0
260.092987625 0.0
261.092987625 0.0
262.092987625 0.0
263.092987625 0.0
264.092987625 0.0
265.092987625 0.0
266.092987625 0.0
267.092987625 0.0
268.092987625 0.0
269.092987625 0.0
270.092987625 0.0
271.092987625 0.0
272.092987625 0.0
273.092987625 0.0
274.092987625 0.0
275.092987625 0.0
276.092987625 0.0
277.092987625 0.0
278.092987625 0.0
279.092987625 0.0
280.092987625 0.0
281.092987625 0.0
282.092987625 0.0
283.092987625 0.0
284.092987625 0.0
285.092987625 0.0
286.092987625 0.0
287.092987625 0.0
288.092987625 0.0
289.092987625 0.0
290.092987625 0.0
291.092987625 0.0
292.092987625 0.0
293.092987625 0.0
294.092987625 0.0
295.092987625 0.0
296.092987625 0.0
297.092987625 0.0
298.092987625 0.0
299.092987625 0.0
300.092987625 0.0
301.092987625 0.0
302.092987625 0.0
303.092987625 0.0
304.092987625 0.0
305.092987625 0.0
306.092987625 0.0
307.092987625 0.0
308.092987625 0.0
309.092987625 0.0
310.092987625 0.0
311.092987625 0.0
312.092987625 0.0
313.092987625 0.0
314.092987625 0.0
315.092987625 0.0
316.092987625 0.0
317.092987625 0.0
318.092987625 0.0
319.092987625 0.0
320.092987625 0.0
321.092987625 0.0
322.092987625 0.0
323.092987625 0.0
324.092987625 0.0
325.092987625 0.0
326.092987625 0.0
327.092987625 0.0
328.092987625 0.0
329.092987625 0.0
330.092987625 0.0
331.092987625 0.0
332.092987625 0.0
333.092987625 0.0
334.092987625 0.0
335.092987625 0.0
336.092987625 0.0
337.092987625 0.0
338.092987625 0.0
339.092987625 0.0
340.092987625 0.0
341.092987625 0.0
342.092987625 0.0
343.092987625 0.0
344.092987625 0.0
345.092987625 0.0
346.092987625 0.0
347.092987625 0.0
348.092987625 0.0
349.092987625 0.0
350.092987625 0.0
351.092987625 0.0
352.092987625 0.0
353.092987625 0.0
354.092987625 0.0
355.092987625 0.0
356.092987625 0.0
357.092987625 0.0
358.092987625 0.0
359.092987625 0.0
360.092987625 0.0
361.092987625 0.0
362.092987625 0.0
363.092987625 0.0
364.092987625 0.0
365.092987625 0.0
366.092987625 0.0
367.092987625 0.0
368.092987625 0.0
369.092987625 0.0
370.092987625 0.0
371.092987625 0.0
372.092987625 0.0
373.092987625 0.0
374.092987625 0.0
375.092987625 0.0
376.092987625 0.0
377.092987625 0.0
378.092987625 0.0
379.092987625 0.0
380.092987625 0.0
381.092987625 0.0
382.092987625 0.0
383.092987625 0.0
384.092987625 0.0
385.092987625 0.0
386.092987625 0.0
387.092987625 0.0
388.092987625 0.0
389.092987625 0.0
390.092987625 0.0
391.092987625 0.0
392.092987625 0.0
393.092987625 0.0
394.092987625 0.0
395.092987625 0.0
396.092987625 0.0
397.092987625 0.0
398.092987625 0.0
399.092987625 0.0
400.092987625 0.0
401.092987625 0.0
402.092987625 0.0
403.092987625 0.0
404.092987625 0.0
405.092987625 0.0
406.092987625 0.0
407.092987625 0.0
408.092987625 0.0
409.092987625 0.0
410.092987625 0.0
411.092987625 0.0
412.092987625 0.0
413.092987625 0.0
414.092987625 0.0
415.092987625 0.0
416.092987625 0.0
417.092987625 0.0
418.092987625 0.0
419.092987625 0.0
420.092987625 0.0
421.092987625 0.0
422.092987625 0.0
423.092987625 0.0
424.092987625 0.0
425.092987625 0.0
426.092987625 0.0
427.092987625 0.0
428.092987625 0.0
429.092987625 0.0
430.092987625 0.0
431.092987625 0.0
432.092987625 0.0
433.092987625 0.0
434.092987625 0.0
435.092987625 0.0
436.092987625 0.0
437.092987625 0.0
438.092987625 0.0
439.092987625 0.0
440.092987625 0.0
441.092987625 0.0
442.092987625 0.0
443.092987625 0.0
444.092987625 0.0
445.092987625 0.0
446.092987625 0.0
447.092987625 0.0
448.092987625 0.0
449.092987625 0.0
450.092987625 0.0
451.092987625 0.0
452.092987625 0.0
453.092987625 0.0
454.092987625 0.0
455.092987625 0.0
456.092987625 0.0
457.092987625 0.0
458.092987625 0.0
459.092987625 0.0
460.092987625 0.0
461.092987625 0.0
462.092987625 0.0
463.092987625 0.0
464.092987625 0.0
465.092987625 0.0
466.092987625 0.0
467.092987625 0.0
468.092987625 0.0
469.092987625 0.0
470.092987625 0.0
471.092987625 0.0
472.092987625 0.0
473.092987625 0.0
474.092987625 0.0
475.092987625 0.0
476.092987625 0.0
477.092987625 0.0
478.092987625 0.0
479.092987625 0.0
480.092987625 0.0
481.092987625 0.0
482.092987625 0.0
483.092987625 0.0
484.092987625 0.0
485.092987625 0.0
486.092987625 0.0
487.092987625 0.0
488.092987625 0.0
489.092987625 0.0
490.092987625 0.0
491.092987625 0.0
492.092987625 0.0
493.092987625 0.0
494.092987625 0.0
495.092987625 0.0
496.092987625 0.0
497.092987625 0.0
498.092987625 0.0
499.092987625 0.0
500.092987625 0.0
501.092987625 0.0
502.092987625 0.0
503.092987625 0.0
504.092987625 0.0
505.092987625 0.0
506.092987625 0.0
507.092987625 0.0
508.092987625 0.0
509.092987625 0.0
510.092987625 0.0
511.092987625 0.0
512.092987625 0.0
513.092987625 0.0
514.092987625 0.0
515.092987625 0.0
516.092987625 0.0
517.092987625 0.0
518.092987625 0.0
519.092987625 0.0
520.092987625 0.0
521.092987625 0.0
522.092987625 0.0
523.092987625 0.0
524.092987625 0.0
525.092987625 0.0
526.092987625 0.0
527.092987625 0.0
528.092987625 0.0
529.092987625 0.0
530.092987625 0.0
531.092987625 0.0
532.092987625 0.0
533.092987625 0.0
534.092987625 0.0
535.092987625 0.0
536.092987625 0.0
537.092987625 0.0
538.092987625 0.0
539.092987625 0.0
540.092987625 0.0
541.092987625 0.0
542.092987625 0.0
543.092987625 0.0
544.092987625 0.0
545.092987625 0.0
546.092987625 0.0
547.092987625 0.0
548.092987625 0.0
549.092987625 0.0
550.092987625 0.0
551.092987625 0.0
552.092987625 0.0
553.092987625 0.0
554.092987625 0.0
555.092987625 0.0
556.092987625 0.0
557.092987625 0.0
558.092987625 0.0
559.092987625 0.0
560.092987625 0.0
561.092987625 0.0
562.092987625 0.0
563.092987625 0.0
564.092987625 0.0
565.092987625 0.0
566.092987625 0.0
567.092987625 0.0
568.092987625 0.0
569.092987625 0.0
570.092987625 0.0
571.092987625 0.0
