-576.772952313 0.0
-575.772952313 0.0
-574.772952313 0.0
-573.772952313 0.0
-572.772952313 0.0
-571.772952313 0.0
-570.772952313 0.0
-569.772952313 0.0
-568.772952313 0.0
-567.772952313 0.0
-566.772952313 0.0
-565.772952313 0.0
-564.772952313 0.0
-563.772952313 0.0
-562.772952313 0.0
-561.772952313 0.0
-560.772952313 0.0
-559.772952313 0.0
-558.772952313 0.0
-557.772952313 0.0
-556.772952313 0.0
-555.772952313 0.0
-554.772952313 0.0
-553.772952313 0.0
-552.772952313 0.0
-551.772952313 0.0
-550.772952313 0.0
-549.772952313 0.0
-548.772952313 0.0
-547.772952313 0.0
-546.772952313 0.0
-545.772952313 0.0
-544.772952313 0.0
-543.772952313 0.0
-542.772952313 0.0
-541.772952313 0.0
-540.772952313 0.0
-539.772952313 0.0
-538.772952313 0.0
-537.772952313 0.0
-536.772952313 0.0
-535.772952313 0.0
-534.772952313 0.0
-533.772952313 0.0
-532.772952313 0.0
-531.772952313 0.0
-530.772952313 0.0
-529.772952313 0.0
-528.772952313 0.0
-527.772952313 0.0
-526.772952313 0.0
-525.772952313 0.0
-524.772952313 0.0
-523.772952313 0.0
-522.772952313 0.0
-521.772952313 0.0
-520.772952313 0.0
-519.772952313 0.0
-518.772952313 0.0
-517.772952313 0.0
-516.772952313 0.0
-515.772952313 0.0
-514.772952313 0.0
-513.772952313 0.0
-512.772952313 0.0
-511.772952313 0.0
-510.772952313 0.0
-509.772952313 0.0
-508.772952313 0.0
-507.772952313 0.0
-506.772952313 0.0
-505.772952313 0.0
-504.772952313 0.0
-503.772952313 0.0
-502.772952313 0.0
-501.772952313 0.0
-500.772952313 0.0
-499.772952313 0.0
-498.772952313 0.0
-497.772952313 0.0
-496.772952313 0.0
-495.772952313 0.0
-494.772952313 0.0
-493.772952313 0.0
-492.772952313 0.0
-491.772952313 0.0
-490.772952313 0.0
-489.772952313 0.0
-488.772952313 0.0
-487.772952313 0.0
-486.772952313 0.0
-485.772952313 0.0
-484.772952313 0.0
-483.772952313 0.0
-482.772952313 0.0
-481.772952313 0.0
-480.772952313 0.0
-479.772952313 0.0
-478.772952313 0.0
-477.772952313 0.0
-476.772952313 0.0
-475.772952313 0.0
-474.772952313 0.0
-473.772952313 0.0
-472.772952313 0.0
-471.772952313 0.0
-470.772952313 0.0
-469.772952313 0.0
-468.772952313 0.0
-467.772952313 0.0
-466.772952313 0.0
-465.772952313 0.0
-464.772952313 0.0
-463.772952313 0.0
-462.772952313 0.0
-461.772952313 0.0
-460.772952313 0.0
-459.772952313 0.0
-458.772952313 0.0
-457.772952313 0.0
-456.772952313 0.0
-455.772952313 0.0
-454.772952313 0.0
-453.772952313 0.0
-452.772952313 0.0
-451.772952313 0.0
-450.772952313 0.0
-449.772952313 0.0
-448.772952313 0.0
-447.772952313 0.0
-446.772952313 0.0
-445.772952313 0.0
-444.772952313 0.0
-443.772952313 0.0
-442.772952313 0.0
-441.772952313 0.0
-440.772952313 0.0
-439.772952313 0.0
-438.772952313 0.0
-437.772952313 0.0
-436.772952313 0.0
-435.772952313 0.0
-434.772952313 0.0
-433.772952313 0.0
-432.772952313 0.0
-431.772952313 0.0
-430.772952313 0.0
-429.772952313 0.0
-428.772952313 0.0
-427.772952313 0.0
-426.772952313 0.0
-425.772952313 0.0
-424.772952313 0.0
-423.772952313 0.0
-422.772952313 0.0
-421.772952313 0.0
-420.772952313 0.0
-419.772952313 0.0
-418.772952313 0.0
-417.772952313 0.0
-416.772952313 0.0
-415.772952313 0.0
-414.772952313 0.0
-413.772952313 0.0
-412.772952313 0.0
-411.772952313 0.0
-410.772952313 0.0
-409.772952313 0.0
-408.772952313 0.0
-407.772952313 0.0
-406.772952313 0.0
-405.772952313 0.0
-404.772952313 0.0
-403.772952313 0.0
-402.772952313 0.0
-401.772952313 0.0
-400.772952313 0.0
-399.772952313 0.0
-398.772952313 0.0
-397.772952313 0.0
-396.772952313 0.0
-395.772952313 0.0
-394.772952313 0.0
-393.772952313 0.0
-392.772952313 0.0
-391.772952313 0.0
-390.772952313 0.0
-389.772952313 0.0
-388.772952313 0.0
-387.772952313 0.0
-386.772952313 0.0
-385.772952313 0.0
-384.772952313 0.0
-383.772952313 0.0
-382.772952313 0.0
-381.772952313 0.0
-380.772952313 0.0
-379.772952313 0.0
-378.772952313 0.0
-377.772952313 0.0
-376.772952313 0.0
-375.772952313 0.0
-374.772952313 0.0
-373.772952313 0.0
-372.772952313 0.0
-371.772952313 0.0
-370.772952313 0.0
-369.772952313 0.0
-368.772952313 0.0
-367.772952313 0.0
-366.772952313 0.0
-365.772952313 0.0
-364.772952313 0.0
-363.772952313 0.0
-362.772952313 0.0
-361.772952313 0.0
-360.772952313 0.0
-359.772952313 0.0
-358.772952313 0.0
-357.772952313 0.0
-356.772952313 0.0
-355.772952313 0.0
-354.772952313 0.0
-353.772952313 0.0
-352.772952313 0.0
-351.772952313 0.0
-350.772952313 0.0
-349.772952313 0.0
-348.772952313 0.0
-347.772952313 0.0
-346.772952313 0.0
-345.772952313 0.0
-344.772952313 0.0
-343.772952313 0.0
-342.772952313 0.0
-341.772952313 0.0
-340.772952313 0.0
-339.772952313 0.0
-338.772952313 0.0
-337.772952313 0.0
-336.772952313 0.0
-335.772952313 0.0
-334.772952313 0.0
-333.772952313 0.0
-332.772952313 0.0
-331.772952313 0.0
-330.772952313 0.0
-329.772952313 0.0
-328.772952313 0.0
-327.772952313 0.0
-326.772952313 0.0
-325.772952313 0.0
-324.772952313 0.0
-323.772952313 0.0
-322.772952313 0.0
-321.772952313 0.0
-320.772952313 0.0
-319.772952313 0.0
-318.772952313 0.0
-317.772952313 0.0
-316.772952313 0.0
-315.772952313 0.0
-314.772952313 0.0
-313.772952313 0.0
-312.772952313 0.0
-311.772952313 0.0
-310.772952313 0.0
-309.772952313 0.0
-308.772952313 0.0
-307.772952313 0.0
-306.772952313 0.0
-305.772952313 0.0
-304.772952313 0.0
-303.772952313 0.0
-302.772952313 0.0
-301.772952313 0.0
-300.772952313 0.0
-299.772952313 0.0
-298.772952313 0.0
-297.772952313 0.0
-296.772952313 0.0
-295.772952313 0.0
-294.772952313 0.0
-293.772952313 0.0
-292.772952313 0.0
-291.772952313 0.0
-290.772952313 0.0
-289.772952313 0.0
-288.772952313 0.0
-287.772952313 0.0
-286.772952313 0.0
-285.772952313 0.0
-284.772952313 0.0
-283.772952313 0.0
-282.772952313 0.0
-281.772952313 0.0
-280.772952313 0.0
-279.772952313 0.0
-278.772952313 0.0
-277.772952313 0.0
-276.772952313 0.0
-275.772952313 0.0
-274.772952313 0.0
-273.772952313 0.0
-272.772952313 0.0
-271.772952313 0.0
-270.772952313 0.0
-269.772952313 0.0
-268.772952313 0.0
-267.772952313 0.0
-266.772952313 0.0
-265.772952313 0.0
-264.772952313 0.0
-263.772952313 0.0
-262.772952313 0.0
-261.772952313 0.0
-260.772952313 0.0
-259.772952313 0.0
-258.772952313 0.0
-257.772952313 0.0
-256.772952313 0.0
-255.772952313 0.0
-254.772952313 0.0
-253.772952313 0.0
-252.772952313 0.0
-251.772952313 0.0
-250.772952313 0.0
-249.772952313 0.0
-248.772952313 0.0
-247.772952313 0.0
-246.772952313 0.0
-245.772952313 0.0
-244.772952313 0.0
-243.772952313 0.0
-242.772952313 0.0
-241.772952313 0.0
-240.772952313 0.0
-239.772952313 0.0
-238.772952313 0.0
-237.772952313 0.0
-236.772952313 0.0
-235.772952313 0.0
-234.772952313 0.0
-233.772952313 0.0
-232.772952313 0.0
-231.772952313 0.0
-230.772952313 0.0
-229.772952313 0.0
-228.772952313 0.0
-227.772952313 0.0
-226.772952313 0.0
-225.772952313 0.0
-224.772952313 0.0
-223.772952313 0.0
-222.772952313 0.0
-221.772952313 0.0
-220.772952313 0.0
-219.772952313 0.0
-218.772952313 0.0
-217.772952313 0.0
-216.772952313 0.0
-215.772952313 0.0
-214.772952313 0.0
-213.772952313 0.0
-212.772952313 0.0
-211.772952313 0.0
-210.772952313 0.0
-209.772952313 0.0
-208.772952313 0.0
-207.772952313 0.0
-206.772952313 0.0
-205.772952313 0.0
-204.772952313 0.0
-203.772952313 0.0
-202.772952313 0.0
-201.772952313 0.0
-200.772952313 0.0
-199.772952313 0.0
-198.772952313 0.0
-197.772952313 0.0
-196.772952313 0.0
-195.772952313 0.0
-194.772952313 0.0
-193.772952313 0.0
-192.772952313 0.0
-191.772952313 0.0
-190.772952313 0.0
-189.772952313 0.0
-188.772952313 0.0
-187.772952313 0.0
-186.772952313 0.0
-185.772952313 0.0
-184.772952313 0.0
-183.772952313 0.0
-182.772952313 0.0
-181.772952313 0.0
-180.772952313 0.0
-179.772952313 0.0
-178.772952313 0.0
-177.772952313 0.0
-176.772952313 0.0
-175.772952313 0.0
-174.772952313 0.0
-173.772952313 0.0
-172.772952313 0.0
-171.772952313 0.0
-170.772952313 0.0
-169.772952313 0.0
-168.772952313 0.0
-167.772952313 0.0
-166.772952313 0.0
-165.772952313 0.0
-164.772952313 0.0
-163.772952313 0.0
-162.772952313 0.0
-161.772952313 0.0
-160.772952313 0.0
-159.772952313 0.0
-158.772952313 0.0
-157.772952313 0.0
-156.772952313 0.0
-155.772952313 0.0
-154.772952313 0.0
-153.772952313 0.0
-152.772952313 0.0
-151.772952313 0.0
-150.772952313 0.0
-149.772952313 0.0
-148.772952313 0.0
-147.772952313 0.0
-146.772952313 0.0
-145.772952313 0.0
-144.772952313 0.0
-143.772952313 0.0
-142.772952313 0.0
-141.772952313 0.0
-140.772952313 0.0
-139.772952313 0.0
-138.772952313 0.0
-137.772952313 0.0
-136.772952313 0.0
-135.772952313 0.0
-134.772952313 0.0
-133.772952313 0.0
-132.772952313 0.0
-131.772952313 0.0
-130.772952313 0.0
-129.772952313 0.0
-128.772952313 0.0
-127.772952313 0.0
-126.772952313 0.0
-125.772952313 0.0
-124.772952313 0.0
-123.772952313 0.0
-122.772952313 0.0
-121.772952313 0.0
-120.772952313 0.0
-119.772952313 0.0
-118.772952313 0.0
-117.772952313 0.0
-116.772952313 0.0
-115.772952313 0.0
-114.772952313 0.0
-113.772952313 0.0
-112.772952313 0.0
-111.772952313 0.0
-110.772952313 0.0
-109.772952313 0.0
-108.772952313 0.0
-107.772952313 0.0
-106.772952313 0.0
-105.772952313 0.0
-104.772952313 0.0
-103.772952313 0.0
-102.772952313 0.0
-101.772952313 0.0
-100.772952313 0.0
-99.7729523125 0.0
-98.7729523125 0.0
-97.7729523125 0.0
-96.7729523125 0.0
-95.7729523125 0.0
-94.7729523125 0.0
-93.7729523125 0.0
-92.7729523125 0.0
-91.7729523125 0.0
-90.7729523125 0.0
-89.7729523125 0.0
-88.7729523125 0.0
-87.7729523125 0.0
-86.7729523125 0.0
-85.7729523125 0.0
-84.7729523125 0.0
-83.7729523125 0.0
-82.7729523125 0.0
-81.7729523125 0.0
-80.7729523125 0.0
-79.7729523125 0.0
-78.7729523125 0.0
-77.7729523125 0.0
-76.7729523125 0.000000e+00
-76.5164302388 0.000000e+00
-76.2599081651 0.000000e+00
-76.0033860914 0.000000e+00
-75.7468640176 0.000000e+00
-75.4903419439 0.000000e+00
-75.2338198702 0.000000e+00
-74.9772977965 0.000000e+00
-74.7207757228 0.000000e+00
-74.464253649 0.000000e+00
-74.2077315753 0.000000e+00
-73.9512095016 0.000000e+00
-73.6946874279 0.000000e+00
-73.4381653541 0.000000e+00
-73.1816432804 0.000000e+00
-72.9251212067 0.000000e+00
-72.668599133 0.000000e+00
-72.4120770592 0.000000e+00
-72.1555549855 0.000000e+00
-71.8990329118 0.000000e+00
-71.6425108381 0.000000e+00
-71.3859887643 0.000000e+00
-71.1294666906 0.000000e+00
-70.8729446169 0.000000e+00
-70.6164225432 0.000000e+00
-70.3599004694 0.000000e+00
-70.1033783957 0.000000e+00
-69.846856322 0.000000e+00
-69.5903342483 0.000000e+00
-69.3338121745 0.000000e+00
-69.0772901008 0.000000e+00
-68.8207680271 0.000000e+00
-68.5642459534 0.000000e+00
-68.3077238796 0.000000e+00
-68.0512018059 0.000000e+00
-67.7946797322 0.000000e+00
-67.5381576585 0.000000e+00
-67.2816355847 0.000000e+00
-67.025113511 0.000000e+00
-66.7685914373 0.000000e+00
-66.5120693636 0.000000e+00
-66.2555472898 0.000000e+00
-65.9990252161 0.000000e+00
-65.7425031424 0.000000e+00
-65.4859810687 0.000000e+00
-65.2294589949 0.000000e+00
-64.9729369212 0.000000e+00
-64.7164148475 0.000000e+00
-64.4598927738 0.000000e+00
-64.2033707 0.000000e+00
-63.9468486263 0.000000e+00
-63.6903265526 0.000000e+00
-63.4338044789 0.000000e+00
-63.1772824052 0.000000e+00
-62.9207603314 0.000000e+00
-62.6642382577 0.000000e+00
-62.407716184 0.000000e+00
-62.1511941103 0.000000e+00
-61.8946720365 0.000000e+00
-61.6381499628 0.000000e+00
-61.3816278891 0.000000e+00
-61.1251058154 0.000000e+00
-60.8685837416 0.000000e+00
-60.6120616679 0.000000e+00
-60.3555395942 0.000000e+00
-60.0990175205 0.000000e+00
-59.8424954467 0.000000e+00
-59.585973373 0.000000e+00
-59.3294512993 0.000000e+00
-59.0729292256 0.000000e+00
-58.8164071518 0.000000e+00
-58.5598850781 0.000000e+00
-58.3033630044 0.000000e+00
-58.0468409307 0.000000e+00
-57.7903188569 0.000000e+00
-57.5337967832 0.000000e+00
-57.2772747095 0.000000e+00
-57.0207526358 0.000000e+00
-56.764230562 0.000000e+00
-56.5077084883 0.000000e+00
-56.2511864146 0.000000e+00
-55.9946643409 0.000000e+00
-55.7381422671 0.000000e+00
-55.4816201934 0.000000e+00
-55.2250981197 0.000000e+00
-54.968576046 0.000000e+00
-54.7120539722 0.000000e+00
-54.4555318985 0.000000e+00
-54.1990098248 0.000000e+00
-53.9424877511 0.000000e+00
-53.6859656773 0.000000e+00
-53.4294436036 0.000000e+00
-53.1729215299 0.000000e+00
-52.9163994562 0.000000e+00
-52.6598773824 0.000000e+00
-52.4033553087 0.000000e+00
-52.146833235 0.000000e+00
-51.8903111613 0.000000e+00
-51.6337890876 0.000000e+00
-51.3772670138 0.000000e+00
-51.1207449401 0.000000e+00
-50.8642228664 0.000000e+00
-50.6077007927 0.000000e+00
-50.3511787189 0.000000e+00
-50.0946566452 0.000000e+00
-49.8381345715 0.000000e+00
-49.5816124978 0.000000e+00
-49.325090424 0.000000e+00
-49.0685683503 0.000000e+00
-48.8120462766 0.000000e+00
-48.5555242029 0.000000e+00
-48.2990021291 0.000000e+00
-48.0424800554 0.000000e+00
-47.7859579817 0.000000e+00
-47.529435908 0.000000e+00
-47.2729138342 0.000000e+00
-47.0163917605 0.000000e+00
-46.7598696868 0.000000e+00
-46.5033476131 0.000000e+00
-46.2468255393 0.000000e+00
-45.9903034656 0.000000e+00
-45.7337813919 0.000000e+00
-45.4772593182 0.000000e+00
-45.2207372444 0.000000e+00
-44.9642151707 0.000000e+00
-44.707693097 0.000000e+00
-44.4511710233 0.000000e+00
-44.1946489495 0.000000e+00
-43.9381268758 0.000000e+00
-43.6816048021 0.000000e+00
-43.4250827284 0.000000e+00
-43.1685606546 0.000000e+00
-42.9120385809 0.000000e+00
-42.6555165072 0.000000e+00
-42.3989944335 0.000000e+00
-42.1424723597 0.000000e+00
-41.885950286 0.000000e+00
-41.6294282123 0.000000e+00
-41.3729061386 0.000000e+00
-41.1163840648 0.000000e+00
-40.8598619911 0.000000e+00
-40.6033399174 0.000000e+00
-40.3468178437 0.000000e+00
-40.09029577 0.000000e+00
-39.8337736962 0.000000e+00
-39.5772516225 0.000000e+00
-39.3207295488 0.000000e+00
-39.0642074751 0.000000e+00
-38.8076854013 0.000000e+00
-38.5511633276 0.000000e+00
-38.2946412539 0.000000e+00
-38.0381191802 0.000000e+00
-37.7815971064 0.000000e+00
-37.5250750327 0.000000e+00
-37.268552959 0.000000e+00
-37.0120308853 0.000000e+00
-36.7555088115 0.000000e+00
-36.4989867378 0.000000e+00
-36.2424646641 0.000000e+00
-35.9859425904 0.000000e+00
-35.7294205166 0.000000e+00
-35.4728984429 0.000000e+00
-35.2163763692 0.000000e+00
-34.9598542955 0.000000e+00
-34.7033322217 0.000000e+00
-34.446810148 0.000000e+00
-34.1902880743 0.000000e+00
-33.9337660006 0.000000e+00
-33.6772439268 0.000000e+00
-33.4207218531 0.000000e+00
-33.1641997794 0.000000e+00
-32.9076777057 0.000000e+00
-32.6511556319 0.000000e+00
-32.3946335582 0.000000e+00
-32.1381114845 0.000000e+00
-31.8815894108 0.000000e+00
-31.625067337 0.000000e+00
-31.3685452633 0.000000e+00
-31.1120231896 0.000000e+00
-30.8555011159 0.000000e+00
-30.5989790421 0.000000e+00
-30.3424569684 0.000000e+00
-30.0859348947 0.000000e+00
-29.829412821 0.000000e+00
-29.5728907472 0.000000e+00
-29.3163686735 0.000000e+00
-29.0598465998 0.000000e+00
-28.8033245261 0.000000e+00
-28.5468024524 0.000000e+00
-28.2902803786 0.000000e+00
-28.0337583049 0.000000e+00
-27.7772362312 0.000000e+00
-27.5207141575 0.000000e+00
-27.2641920837 0.000000e+00
-27.00767001 0.000000e+00
-26.7511479363 0.000000e+00
-26.4946258626 0.000000e+00
-26.2381037888 0.000000e+00
-25.9815817151 0.000000e+00
-25.7250596414 0.000000e+00
-25.4685375677 0.000000e+00
-25.2120154939 0.000000e+00
-24.9554934202 0.000000e+00
-24.6989713465 0.000000e+00
-24.4424492728 0.000000e+00
-24.185927199 0.000000e+00
-23.9294051253 0.000000e+00
-23.6728830516 0.000000e+00
-23.4163609779 0.000000e+00
-23.1598389041 0.000000e+00
-22.9033168304 0.000000e+00
-22.6467947567 0.000000e+00
-22.390272683 0.000000e+00
-22.1337506092 0.000000e+00
-21.8772285355 0.000000e+00
-21.6207064618 0.000000e+00
-21.3641843881 0.000000e+00
-21.1076623143 0.000000e+00
-20.8511402406 0.000000e+00
-20.5946181669 0.000000e+00
-20.3380960932 0.000000e+00
-20.0815740194 0.000000e+00
-19.8250519457 0.000000e+00
-19.568529872 0.000000e+00
-19.3120077983 0.000000e+00
-19.0554857245 0.000000e+00
-18.7989636508 0.000000e+00
-18.5424415771 0.000000e+00
-18.2859195034 0.000000e+00
-18.0293974296 0.000000e+00
-17.7728753559 0.000000e+00
-17.5163532822 0.000000e+00
-17.2598312085 0.000000e+00
-17.0033091348 0.000000e+00
-16.746787061 0.000000e+00
-16.4902649873 0.000000e+00
-16.2337429136 0.000000e+00
-15.9772208399 0.000000e+00
-15.7206987661 0.000000e+00
-15.4641766924 0.000000e+00
-15.2076546187 0.000000e+00
-14.951132545 0.000000e+00
-14.6946104712 0.000000e+00
-14.4380883975 0.000000e+00
-14.1815663238 0.000000e+00
-13.9250442501 0.000000e+00
-13.6685221763 0.000000e+00
-13.4120001026 0.000000e+00
-13.1554780289 0.000000e+00
-12.8989559552 0.000000e+00
-12.6424338814 0.000000e+00
-12.3859118077 0.000000e+00
-12.129389734 0.000000e+00
-11.8728676603 0.000000e+00
-11.6163455865 0.000000e+00
-11.3598235128 0.000000e+00
-11.1033014391 0.000000e+00
-10.8467793654 0.000000e+00
-10.5902572916 0.000000e+00
-10.3337352179 0.000000e+00
-10.0772131442 0.000000e+00
-9.82069107047 0.000000e+00
-9.56416899674 0.000000e+00
-9.30764692302 0.000000e+00
-9.05112484929 0.000000e+00
-8.79460277557 0.000000e+00
-8.53808070184 0.000000e+00
-8.28155862812 0.000000e+00
-8.0250365544 0.000000e+00
-7.76851448067 0.000000e+00
-7.51199240695 0.000000e+00
-7.25547033322 0.000000e+00
-6.9989482595 0.000000e+00
-6.74242618577 0.000000e+00
-6.48590411205 0.000000e+00
-6.22938203832 0.000000e+00
-5.9728599646 0.000000e+00
-5.71633789088 0.000000e+00
-5.45981581715 0.000000e+00
-5.20329374343 0.000000e+00
-4.9467716697 0.000000e+00
-4.69024959598 0.000000e+00
-4.43372752225 0.000000e+00
-4.17720544853 0.000000e+00
-3.9206833748 0.000000e+00
-3.66416130108 0.000000e+00
-3.40763922736 0.000000e+00
-3.15111715363 0.000000e+00
-2.89459507991 0.000000e+00
-2.63807300618 0.000000e+00
-2.38155093246 0.000000e+00
-2.12502885873 0.000000e+00
-1.86850678501 1.842187e-01
-1.61198471128 2.888780e-01
-1.35546263756 5.297621e-01
-1.09894056384 3.062888e-01
-0.842418490111 2.544956e-01
-0.585896416387 3.040760e-01
-0.329374342662 3.940247e-01
-0.0728522689377 7.247996e-01
0.183669804787 6.774727e-01
0.440191878511 2.229330e-01
0.696713952236 1.690157e-01
0.95323602596 4.885561e-01
1.20975809968 1.828283e-01
1.46628017341 1.288110e-01
1.72280224713 1.754723e-01
1.97932432086 1.764233e-01
2.23584639458 1.052316e-01
2.49236846831 0.000000e+00
2.74889054203 0.000000e+00
3.00541261576 0.000000e+00
3.26193468948 0.000000e+00
3.5184567632 0.000000e+00
3.77497883693 0.000000e+00
4.03150091065 0.000000e+00
4.28802298438 0.000000e+00
4.5445450581 0.000000e+00
4.80106713183 0.000000e+00
5.05758920555 0.000000e+00
5.31411127928 0.000000e+00
5.570633353 9.763645e-02
5.82715542672 0.000000e+00
6.08367750045 2.614206e-01
6.34019957417 1.000000e+00
6.5967216479 8.976351e-01
6.85324372162 6.283588e-01
7.10976579535 3.359105e-01
7.36628786907 2.416561e-01
7.6228099428 0.000000e+00
7.87933201652 0.000000e+00
8.13585409024 0.000000e+00
8.39237616397 0.000000e+00
8.64889823769 0.000000e+00
8.90542031142 0.000000e+00
9.16194238514 0.000000e+00
9.41846445887 0.000000e+00
9.67498653259 0.000000e+00
9.93150860632 0.000000e+00
10.18803068 0.000000e+00
10.4445527538 0.000000e+00
10.7010748275 0.000000e+00
10.9575969012 0.000000e+00
11.2141189749 0.000000e+00
11.4706410487 0.000000e+00
11.7271631224 0.000000e+00
11.9836851961 0.000000e+00
12.2402072698 0.000000e+00
12.4967293436 0.000000e+00
12.7532514173 0.000000e+00
13.009773491 0.000000e+00
13.2662955647 0.000000e+00
13.5228176385 0.000000e+00
13.7793397122 0.000000e+00
14.0358617859 0.000000e+00
14.2923838596 0.000000e+00
14.5489059334 0.000000e+00
14.8054280071 0.000000e+00
15.0619500808 0.000000e+00
15.3184721545 0.000000e+00
15.5749942283 0.000000e+00
15.831516302 0.000000e+00
16.0880383757 0.000000e+00
16.3445604494 0.000000e+00
16.6010825232 0.000000e+00
16.8576045969 0.000000e+00
17.1141266706 0.000000e+00
17.3706487443 0.000000e+00
17.627170818 0.000000e+00
17.8836928918 0.000000e+00
18.1402149655 0.000000e+00
18.3967370392 0.000000e+00
18.6532591129 0.000000e+00
18.9097811867 0.000000e+00
19.1663032604 0.000000e+00
19.4228253341 0.000000e+00
19.6793474078 0.000000e+00
19.9358694816 0.000000e+00
20.1923915553 0.000000e+00
20.448913629 0.000000e+00
20.7054357027 0.000000e+00
20.9619577765 0.000000e+00
21.2184798502 0.000000e+00
21.4750019239 0.000000e+00
21.7315239976 0.000000e+00
21.9880460714 0.000000e+00
22.2445681451 0.000000e+00
22.5010902188 0.000000e+00
22.7576122925 0.000000e+00
23.0141343663 0.000000e+00
23.27065644 0.000000e+00
23.5271785137 0.000000e+00
23.7837005874 0.000000e+00
24.0402226612 0.000000e+00
24.2967447349 0.000000e+00
24.5532668086 0.000000e+00
24.8097888823 0.000000e+00
25.0663109561 0.000000e+00
25.3228330298 0.000000e+00
25.5793551035 0.000000e+00
25.8358771772 0.000000e+00
26.092399251 0.000000e+00
26.3489213247 0.000000e+00
26.6054433984 0.000000e+00
26.8619654721 0.000000e+00
27.1184875459 0.000000e+00
27.3750096196 0.000000e+00
27.6315316933 0.000000e+00
27.888053767 0.000000e+00
28.1445758408 0.000000e+00
28.4010979145 0.000000e+00
28.6576199882 0.000000e+00
28.9141420619 0.000000e+00
29.1706641356 0.000000e+00
29.4271862094 0.000000e+00
29.6837082831 0.000000e+00
29.9402303568 0.000000e+00
30.1967524305 0.000000e+00
30.4532745043 0.000000e+00
30.709796578 0.000000e+00
30.9663186517 0.000000e+00
31.2228407254 0.000000e+00
31.4793627992 0.000000e+00
31.7358848729 0.000000e+00
31.9924069466 0.000000e+00
32.2489290203 0.000000e+00
32.5054510941 0.000000e+00
32.7619731678 0.000000e+00
33.0184952415 0.000000e+00
33.2750173152 0.000000e+00
33.531539389 0.000000e+00
33.7880614627 0.000000e+00
34.0445835364 0.000000e+00
34.3011056101 0.000000e+00
34.5576276839 0.000000e+00
34.8141497576 0.000000e+00
35.0706718313 0.000000e+00
35.327193905 0.000000e+00
35.5837159788 0.000000e+00
35.8402380525 0.000000e+00
36.0967601262 0.000000e+00
36.3532821999 0.000000e+00
36.6098042737 0.000000e+00
36.8663263474 0.000000e+00
37.1228484211 0.000000e+00
37.3793704948 0.000000e+00
37.6358925686 0.000000e+00
37.8924146423 0.000000e+00
38.148936716 0.000000e+00
38.4054587897 0.000000e+00
38.6619808635 0.000000e+00
38.9185029372 0.000000e+00
39.1750250109 0.000000e+00
39.4315470846 0.000000e+00
39.6880691584 0.000000e+00
39.9445912321 0.000000e+00
40.2011133058 0.000000e+00
40.4576353795 0.000000e+00
40.7141574532 0.000000e+00
40.970679527 0.000000e+00
41.2272016007 0.000000e+00
41.4837236744 0.000000e+00
41.7402457481 0.000000e+00
41.9967678219 0.000000e+00
42.2532898956 0.000000e+00
42.5098119693 0.000000e+00
42.766334043 0.000000e+00
43.0228561168 0.000000e+00
43.2793781905 0.000000e+00
43.5359002642 0.000000e+00
43.7924223379 0.000000e+00
44.0489444117 0.000000e+00
44.3054664854 0.000000e+00
44.5619885591 0.000000e+00
44.8185106328 0.000000e+00
45.0750327066 0.000000e+00
45.3315547803 0.000000e+00
45.588076854 0.000000e+00
45.8445989277 0.000000e+00
46.1011210015 0.000000e+00
46.3576430752 0.000000e+00
46.6141651489 0.000000e+00
46.8706872226 0.000000e+00
47.1272092964 0.000000e+00
47.3837313701 0.000000e+00
47.6402534438 0.000000e+00
47.8967755175 0.000000e+00
48.1532975913 0.000000e+00
48.409819665 0.000000e+00
48.6663417387 0.000000e+00
48.9228638124 0.000000e+00
49.1793858862 0.000000e+00
49.4359079599 0.000000e+00
49.6924300336 0.000000e+00
49.9489521073 0.000000e+00
50.2054741811 0.000000e+00
50.4619962548 0.000000e+00
50.7185183285 0.000000e+00
50.9750404022 0.000000e+00
51.231562476 0.000000e+00
51.4880845497 0.000000e+00
51.7446066234 0.000000e+00
52.0011286971 0.000000e+00
52.2576507708 0.000000e+00
52.5141728446 0.000000e+00
52.7706949183 0.000000e+00
53.027216992 0.000000e+00
53.2837390657 0.000000e+00
53.5402611395 0.000000e+00
53.7967832132 0.000000e+00
54.0533052869 0.000000e+00
54.3098273606 0.000000e+00
54.5663494344 0.000000e+00
54.8228715081 0.000000e+00
55.0793935818 0.000000e+00
55.3359156555 0.000000e+00
55.5924377293 0.000000e+00
55.848959803 0.000000e+00
56.1054818767 0.000000e+00
56.3620039504 0.000000e+00
56.6185260242 0.000000e+00
56.8750480979 0.000000e+00
57.1315701716 0.000000e+00
57.3880922453 0.000000e+00
57.6446143191 0.000000e+00
57.9011363928 0.000000e+00
58.1576584665 0.000000e+00
58.4141805402 0.000000e+00
58.670702614 0.000000e+00
58.9272246877 0.000000e+00
59.1837467614 0.000000e+00
59.4402688351 0.000000e+00
59.6967909089 0.000000e+00
59.9533129826 0.000000e+00
60.2098350563 0.000000e+00
60.46635713 0.000000e+00
60.7228792038 0.000000e+00
60.9794012775 0.000000e+00
61.2359233512 0.000000e+00
61.4924454249 0.000000e+00
61.7489674987 0.000000e+00
62.0054895724 0.000000e+00
62.2620116461 0.000000e+00
62.5185337198 0.000000e+00
62.7750557936 0.000000e+00
63.0315778673 0.000000e+00
63.288099941 0.000000e+00
63.5446220147 0.000000e+00
63.8011440884 0.000000e+00
64.0576661622 0.000000e+00
64.3141882359 0.000000e+00
64.5707103096 0.000000e+00
64.8272323833 0.000000e+00
65.0837544571 0.000000e+00
65.3402765308 0.000000e+00
65.5967986045 0.000000e+00
65.8533206782 0.000000e+00
66.109842752 0.000000e+00
66.3663648257 0.000000e+00
66.6228868994 0.000000e+00
66.8794089731 0.000000e+00
67.1359310469 0.000000e+00
67.3924531206 0.000000e+00
67.6489751943 0.000000e+00
67.905497268 0.000000e+00
68.1620193418 0.000000e+00
68.4185414155 0.000000e+00
68.6750634892 0.000000e+00
68.9315855629 0.000000e+00
69.1881076367 0.000000e+00
69.4446297104 0.000000e+00
69.7011517841 0.000000e+00
69.9576738578 0.000000e+00
70.2141959316 0.000000e+00
70.4707180053 0.000000e+00
70.727240079 0.000000e+00
70.9837621527 0.000000e+00
71.2402842265 0.000000e+00
71.4968063002 0.000000e+00
71.7533283739 0.000000e+00
72.0098504476 0.000000e+00
72.2663725214 0.000000e+00
72.5228945951 0.000000e+00
72.7794166688 0.000000e+00
73.0359387425 0.000000e+00
73.2924608163 0.000000e+00
73.54898289 0.000000e+00
73.8055049637 0.000000e+00
74.0620270374 0.000000e+00
74.3185491112 0.000000e+00
74.5750711849 0.000000e+00
74.8315932586 0.000000e+00
75.0881153323 0.000000e+00
75.344637406 0.000000e+00
75.6011594798 0.000000e+00
75.8576815535 0.000000e+00
76.1142036272 0.000000e+00
76.3707257009 0.000000e+00
76.6272477747 0.000000e+00
76.8837698484 0.000000e+00
77.1402919221 0.000000e+00
77.3968139958 0.000000e+00
78.3968139958 0.0
79.3968139958 0.0
80.3968139958 0.0
81.3968139958 0.0
82.3968139958 0.0
83.3968139958 0.0
84.3968139958 0.0
85.3968139958 0.0
86.3968139958 0.0
87.3968139958 0.0
88.3968139958 0.0
89.3968139958 0.0
90.3968139958 0.0
91.3968139958 0.0
92.3968139958 0.0
93.3968139958 0.0
94.3968139958 0.0
95.3968139958 0.0
96.3968139958 0.0
97.3968139958 0.0
98.3968139958 0.0
99.3968139958 0.0
100.396813996 0.0
101.396813996 0.0
102.396813996 0.0
103.396813996 0.0
104.396813996 0.0
105.396813996 0.0
106.396813996 0.0
107.396813996 0.0
108.396813996 0.0
109.396813996 0.0
110.396813996 0.0
111.396813996 0.0
112.396813996 0.0
113.396813996 0.0
114.396813996 0.0
115.396813996 0.0
116.396813996 0.0
117.396813996 0.0
118.396813996 0.0
119.396813996 0.0
120.396813996 0.0
121.396813996 0.0
122.396813996 0.0
123.396813996 0.0
124.396813996 0.0
125.396813996 0.0
126.396813996 0.0
127.396813996 0.0
128.396813996 0.0
129.396813996 0.0
130.396813996 0.0
131.396813996 0.0
132.396813996 0.0
133.396813996 0.0
134.396813996 0.0
135.396813996 0.0
136.396813996 0.0
137.396813996 0.0
138.396813996 0.0
139.396813996 0.0
140.396813996 0.0
141.396813996 0.0
142.396813996 0.0
143.396813996 0.0
144.396813996 0.0
145.396813996 0.0
146.396813996 0.0
147.396813996 0.0
148.396813996 0.0
149.396813996 0.0
150.396813996 0.0
151.396813996 0.0
152.396813996 0.0
153.396813996 0.0
154.396813996 0.0
155.396813996 0.0
156.396813996 0.0
157.396813996 0.0
158.396813996 0.0
159.396813996 0.0
160.396813996 0.0
161.396813996 0.0
162.396813996 0.0
163.396813996 0.0
164.396813996 0.0
165.396813996 0.0
166.396813996 0.0
167.396813996 0.0
168.396813996 0.0
169.396813996 0.0
170.396813996 0.0
171.396813996 0.0
172.396813996 0.0
173.396813996 0.0
174.396813996 0.0
175.396813996 0.0
176.396813996 0.0
177.396813996 0.0
178.396813996 0.0
179.396813996 0.0
180.396813996 0.0
181.396813996 0.0
182.396813996 0.0
183.396813996 0.0
184.396813996 0.0
185.396813996 0.0
186.396813996 0.0
187.396813996 0.0
188.396813996 0.0
189.396813996 0.0
190.396813996 0.0
191.396813996 0.0
192.396813996 0.0
193.396813996 0.0
194.396813996 0.0
195.396813996 0.0
196.396813996 0.0
197.396813996 0.0
198.396813996 0.0
199.396813996 0.0
200.396813996 0.0
201.396813996 0.0
202.396813996 0.0
203.396813996 0.0
204.396813996 0.0
205.396813996 0.0
206.396813996 0.0
207.396813996 0.0
208.396813996 0.0
209.396813996 0.0
210.396813996 0.0
211.396813996 0.0
212.396813996 0.0
213.396813996 0.0
214.396813996 0.0
215.396813996 0.0
216.396813996 0.0
217.396813996 0.0
218.396813996 0.0
219.396813996 0.0
220.396813996 0.0
221.396813996 0.0
222.396813996 0.0
223.396813996 0.0
224.396813996 0.0
225.396813996 0.0
226.396813996 0.0
227.396813996 0.0
228.396813996 0.0
229.396813996 0.0
230.396813996 0.0
231.396813996 0.0
232.396813996 0.0
233.396813996 0.0
234.396813996 0.0
235.396813996 0.0
236.396813996 0.0
237.396813996 0.0
238.396813996 0.0
239.396813996 0.0
240.396813996 0.0
241.396813996 0.0
242.396813996 0.0
243.396813996 0.0
244.396813996 0.0
245.396813996 0.0
246.396813996 0.0
247.396813996 0.0
248.396813996 0.0
249.396813996 0.0
250.396813996 0.0
251.396813996 0.0
252.396813996 0.0
253.396813996 0.0
254.396813996 0.0
255.396813996 0.0
256.396813996 0.0
257.396813996 0.0
258.396813996 0.0
259.396813996 0.0
260.396813996 0.0
261.396813996 0.0
262.396813996 0.0
263.396813996 0.0
264.396813996 0.0
265.396813996 0.0
266.396813996 0.0
267.396813996 0.0
268.396813996 0.0
269.396813996 0.0
270.396813996 0.0
271.396813996 0.0
272.396813996 0.0
273.396813996 0.0
274.396813996 0.0
275.396813996 0.0
276.396813996 0.0
277.396813996 0.0
278.396813996 0.0
279.396813996 0.0
280.396813996 0.0
281.396813996 0.0
282.396813996 0.0
283.396813996 0.0
284.396813996 0.0
285.396813996 0.0
286.396813996 0.0
287.396813996 0.0
288.396813996 0.0
289.396813996 0.0
290.396813996 0.0
291.396813996 0.0
292.396813996 0.0
293.396813996 0.0
294.396813996 0.0
295.396813996 0.0
296.396813996 0.0
297.396813996 0.0
298.396813996 0.0
299.396813996 0.0
300.396813996 0.0
301.396813996 0.0
302.396813996 0.0
303.396813996 0.0
304.396813996 0.0
305.396813996 0.0
306.396813996 0.0
307.396813996 0.0
308.396813996 0.0
309.396813996 0.0
310.396813996 0.0
311.396813996 0.0
312.396813996 0.0
313.396813996 0.0
314.396813996 0.0
315.396813996 0.0
316.396813996 0.0
317.396813996 0.0
318.396813996 0.0
319.396813996 0.0
320.396813996 0.0
321.396813996 0.0
322.396813996 0.0
323.396813996 0.0
324.396813996 0.0
325.396813996 0.0
326.396813996 0.0
327.396813996 0.0
328.396813996 0.0
329.396813996 0.0
330.396813996 0.0
331.396813996 0.0
332.396813996 0.0
333.396813996 0.0
334.396813996 0.0
335.396813996 0.0
336.396813996 0.0
337.396813996 0.0
338.396813996 0.0
339.396813996 0.0
340.396813996 0.0
341.396813996 0.0
342.396813996 0.0
343.396813996 0.0
344.396813996 0.0
345.396813996 0.0
346.396813996 0.0
347.396813996 0.0
348.396813996 0.0
349.396813996 0.0
350.396813996 0.0
351.396813996 0.0
352.396813996 0.0
353.396813996 0.0
354.396813996 0.0
355.396813996 0.0
356.396813996 0.0
357.396813996 0.0
358.396813996 0.0
359.396813996 0.0
360.396813996 0.0
361.396813996 0.0
362.396813996 0.0
363.396813996 0.0
364.396813996 0.0
365.396813996 0.0
366.396813996 0.0
367.396813996 0.0
368.396813996 0.0
369.396813996 0.0
370.396813996 0.0
371.396813996 0.0
372.396813996 0.0
373.396813996 0.0
374.396813996 0.0
375.396813996 0.0
376.396813996 0.0
377.396813996 0.0
378.396813996 0.0
379.396813996 0.0
380.396813996 0.0
381.396813996 0.0
382.396813996 0.0
383.396813996 0.0
384.396813996 0.0
385.396813996 0.0
386.396813996 0.0
387.396813996 0.0
388.396813996 0.0
389.396813996 0.0
390.396813996 0.0
391.396813996 0.0
392.396813996 0.0
393.396813996 0.0
394.396813996 0.0
395.396813996 0.0
396.396813996 0.0
397.396813996 0.0
398.396813996 0.0
399.396813996 0.0
400.396813996 0.0
401.396813996 0.0
402.396813996 0.0
403.396813996 0.0
404.396813996 0.0
405.396813996 0.0
406.396813996 0.0
407.396813996 0.0
408.396813996 0.0
409.396813996 0.0
410.396813996 0.0
411.396813996 0.0
412.396813996 0.0
413.396813996 0.0
414.396813996 0.0
415.396813996 0.0
416.396813996 0.0
417.396813996 0.0
418.396813996 0.0
419.396813996 0.0
420.396813996 0.0
421.396813996 0.0
422.396813996 0.0
423.396813996 0.0
424.396813996 0.0
425.396813996 0.0
426.396813996 0.0
427.396813996 0.0
428.396813996 0.0
429.396813996 0.0
430.396813996 0.0
431.396813996 0.0
432.396813996 0.0
433.396813996 0.0
434.396813996 0.0
435.396813996 0.0
436.396813996 0.0
437.396813996 0.0
438.396813996 0.0
439.396813996 0.0
440.396813996 0.0
441.396813996 0.0
442.396813996 0.0
443.396813996 0.0
444.396813996 0.0
445.396813996 0.0
446.396813996 0.0
447.396813996 0.0
448.396813996 0.0
449.396813996 0.0
450.396813996 0.0
451.396813996 0.0
452.396813996 0.0
453.396813996 0.0
454.396813996 0.0
455.396813996 0.0
456.396813996 0.0
457.396813996 0.0
458.396813996 0.0
459.396813996 0.0
460.396813996 0.0
461.396813996 0.0
462.396813996 0.0
463.396813996 0.0
464.396813996 0.0
465.396813996 0.0
466.396813996 0.0
467.396813996 0.0
468.396813996 0.0
469.396813996 0.0
470.396813996 0.0
471.396813996 0.0
472.396813996 0.0
473.396813996 0.0
474.396813996 0.0
475.396813996 0.0
476.396813996 0.0
477.396813996 0.0
478.396813996 0.0
479.396813996 0.0
480.396813996 0.0
481.396813996 0.0
482.396813996 0.0
483.396813996 0.0
484.396813996 0.0
485.396813996 0.0
486.396813996 0.0
487.396813996 0.0
488.396813996 0.0
489.396813996 0.0
490.396813996 0.0
491.396813996 0.0
492.396813996 0.0
493.396813996 0.0
494.396813996 0.0
495.396813996 0.0
496.396813996 0.0
497.396813996 0.0
498.396813996 0.0
499.396813996 0.0
500.396813996 0.0
501.396813996 0.0
502.396813996 0.0
503.396813996 0.0
504.396813996 0.0
505.396813996 0.0
506.396813996 0.0
507.396813996 0.0
508.396813996 0.0
509.396813996 0.0
510.396813996 0.0
511.396813996 0.0
512.396813996 0.0
513.396813996 0.0
514.396813996 0.0
515.396813996 0.0
516.396813996 0.0
517.396813996 0.0
518.396813996 0.0
519.396813996 0.0
520.396813996 0.0
521.396813996 0.0
522.396813996 0.0
523.396813996 0.0
524.396813996 0.0
525.396813996 0.0
526.396813996 0.0
527.396813996 0.0
528.396813996 0.0
529.396813996 0.0
530.396813996 0.0
531.396813996 0.0
532.396813996 0.0
533.396813996 0.0
534.396813996 0.0
535.396813996 0.0
536.396813996 0.0
537.396813996 0.0
538.396813996 0.0
539.396813996 0.0
540.396813996 0.0
541.396813996 0.0
542.396813996 0.0
543.396813996 0.0
544.396813996 0.0
545.396813996 0.0
546.396813996 0.0
547.396813996 0.0
548.396813996 0.0
549.396813996 0.0
550.396813996 0.0
551.396813996 0.0
552.396813996 0.0
553.396813996 0.0
554.396813996 0.0
555.396813996 0.0
556.396813996 0.0
557.396813996 0.0
558.396813996 0.0
559.396813996 0.0
560.396813996 0.0
561.396813996 0.0
562.396813996 0.0
563.396813996 0.0
564.396813996 0.0
565.396813996 0.0
566.396813996 0.0
567.396813996 0.0
568.396813996 0.0
569.396813996 0.0
570.396813996 0.0
571.396813996 0.0
572.396813996 0.0
573.396813996 0.0
574.396813996 0.0
575.396813996 0.0
576.396813996 0.0
577.396813996 0.0
