-634.705882353 0.000000e+00
-633.910969793 0.000000e+00
-633.116057234 0.000000e+00
-632.321144674 0.000000e+00
-631.526232114 0.000000e+00
-630.731319555 0.000000e+00
-629.936406995 0.000000e+00
-629.141494436 0.000000e+00
-628.346581876 0.000000e+00
-627.551669316 0.000000e+00
-626.756756757 0.000000e+00
-625.961844197 0.000000e+00
-625.166931638 0.000000e+00
-624.372019078 0.000000e+00
-623.577106518 0.000000e+00
-622.782193959 0.000000e+00
-621.987281399 0.000000e+00
-621.192368839 0.000000e+00
-620.39745628 0.000000e+00
-619.60254372 0.000000e+00
-618.807631161 0.000000e+00
-618.012718601 0.000000e+00
-617.217806041 0.000000e+00
-616.422893482 0.000000e+00
-615.627980922 0.000000e+00
-614.833068362 0.000000e+00
-614.038155803 0.000000e+00
-613.243243243 0.000000e+00
-612.448330684 0.000000e+00
-611.653418124 0.000000e+00
-610.858505564 0.000000e+00
-610.063593005 0.000000e+00
-609.268680445 0.000000e+00
-608.473767886 0.000000e+00
-607.678855326 0.000000e+00
-606.883942766 0.000000e+00
-606.089030207 0.000000e+00
-605.294117647 0.000000e+00
-604.499205087 0.000000e+00
-603.704292528 0.000000e+00
-602.909379968 0.000000e+00
-602.114467409 0.000000e+00
-601.319554849 0.000000e+00
-600.524642289 0.000000e+00
-599.72972973 0.000000e+00
-598.93481717 0.000000e+00
-598.13990461 0.000000e+00
-597.344992051 0.000000e+00
-596.550079491 0.000000e+00
-595.755166932 0.000000e+00
-594.960254372 0.000000e+00
-594.165341812 0.000000e+00
-593.370429253 0.000000e+00
-592.575516693 0.000000e+00
-591.780604134 0.000000e+00
-590.985691574 0.000000e+00
-590.190779014 0.000000e+00
-589.395866455 0.000000e+00
-588.600953895 0.000000e+00
-587.806041335 0.000000e+00
-587.011128776 0.000000e+00
-586.216216216 0.000000e+00
-585.421303657 0.000000e+00
-584.626391097 0.000000e+00
-583.831478537 0.000000e+00
-583.036565978 0.000000e+00
-582.241653418 0.000000e+00
-581.446740859 0.000000e+00
-580.651828299 0.000000e+00
-579.856915739 0.000000e+00
-579.06200318 0.000000e+00
-578.26709062 0.000000e+00
-577.47217806 0.000000e+00
-576.677265501 0.000000e+00
-575.882352941 0.000000e+00
-575.087440382 0.000000e+00
-574.292527822 0.000000e+00
-573.497615262 0.000000e+00
-572.702702703 0.000000e+00
-571.907790143 0.000000e+00
-571.112877583 0.000000e+00
-570.317965024 0.000000e+00
-569.523052464 0.000000e+00
-568.728139905 0.000000e+00
-567.933227345 0.000000e+00
-567.138314785 0.000000e+00
-566.343402226 0.000000e+00
-565.548489666 0.000000e+00
-564.753577107 0.000000e+00
-563.958664547 0.000000e+00
-563.163751987 0.000000e+00
-562.368839428 0.000000e+00
-561.573926868 0.000000e+00
-560.779014308 0.000000e+00
-559.984101749 0.000000e+00
-559.189189189 0.000000e+00
-558.39427663 0.000000e+00
-557.59936407 0.000000e+00
-556.80445151 0.000000e+00
-556.009538951 0.000000e+00
-555.214626391 0.000000e+00
-554.419713831 0.000000e+00
-553.624801272 0.000000e+00
-552.829888712 0.000000e+00
-552.034976153 0.000000e+00
-551.240063593 0.000000e+00
-550.445151033 0.000000e+00
-549.650238474 0.000000e+00
-548.855325914 0.000000e+00
-548.060413355 0.000000e+00
-547.265500795 0.000000e+00
-546.470588235 0.000000e+00
-545.675675676 0.000000e+00
-544.880763116 0.000000e+00
-544.085850556 0.000000e+00
-543.290937997 0.000000e+00
-542.496025437 0.000000e+00
-541.701112878 0.000000e+00
-540.906200318 0.000000e+00
-540.111287758 0.000000e+00
-539.316375199 0.000000e+00
-538.521462639 0.000000e+00
-537.726550079 0.000000e+00
-536.93163752 0.000000e+00
-536.13672496 0.000000e+00
-535.341812401 0.000000e+00
-534.546899841 0.000000e+00
-533.751987281 0.000000e+00
-532.957074722 0.000000e+00
-532.162162162 0.000000e+00
-531.367249603 0.000000e+00
-530.572337043 0.000000e+00
-529.777424483 0.000000e+00
-528.982511924 0.000000e+00
-528.187599364 0.000000e+00
-527.392686804 0.000000e+00
-526.597774245 0.000000e+00
-525.802861685 0.000000e+00
-525.007949126 0.000000e+00
-524.213036566 0.000000e+00
-523.418124006 0.000000e+00
-522.623211447 0.000000e+00
-521.828298887 0.000000e+00
-521.033386328 0.000000e+00
-520.238473768 0.000000e+00
-519.443561208 0.000000e+00
-518.648648649 0.000000e+00
-517.853736089 0.000000e+00
-517.058823529 0.000000e+00
-516.26391097 0.000000e+00
-515.46899841 0.000000e+00
-514.674085851 0.000000e+00
-513.879173291 0.000000e+00
-513.084260731 0.000000e+00
-512.289348172 0.000000e+00
-511.494435612 0.000000e+00
-510.699523052 0.000000e+00
-509.904610493 0.000000e+00
-509.109697933 0.000000e+00
-508.314785374 0.000000e+00
-507.519872814 0.000000e+00
-506.724960254 0.000000e+00
-505.930047695 0.000000e+00
-505.135135135 0.000000e+00
-504.340222576 0.000000e+00
-503.545310016 0.000000e+00
-502.750397456 0.000000e+00
-501.955484897 0.000000e+00
-501.160572337 0.000000e+00
-500.365659777 0.000000e+00
-499.570747218 0.000000e+00
-498.775834658 0.000000e+00
-497.980922099 0.000000e+00
-497.186009539 0.000000e+00
-496.391096979 0.000000e+00
-495.59618442 0.000000e+00
-494.80127186 0.000000e+00
-494.0063593 0.000000e+00
-493.211446741 0.000000e+00
-492.416534181 0.000000e+00
-491.621621622 0.000000e+00
-490.826709062 0.000000e+00
-490.031796502 0.000000e+00
-489.236883943 0.000000e+00
-488.441971383 0.000000e+00
-487.647058824 0.000000e+00
-486.852146264 0.000000e+00
-486.057233704 0.000000e+00
-485.262321145 0.000000e+00
-484.467408585 0.000000e+00
-483.672496025 0.000000e+00
-482.877583466 0.000000e+00
-482.082670906 0.000000e+00
-481.287758347 0.000000e+00
-480.492845787 0.000000e+00
-479.697933227 0.000000e+00
-478.903020668 0.000000e+00
-478.108108108 0.000000e+00
-477.313195548 0.000000e+00
-476.518282989 0.000000e+00
-475.723370429 0.000000e+00
-474.92845787 0.000000e+00
-474.13354531 0.000000e+00
-473.33863275 0.000000e+00
-472.543720191 0.000000e+00
-471.748807631 0.000000e+00
-470.953895072 0.000000e+00
-470.158982512 0.000000e+00
-469.364069952 0.000000e+00
-468.569157393 0.000000e+00
-467.774244833 0.000000e+00
-466.979332273 0.000000e+00
-466.184419714 0.000000e+00
-465.389507154 0.000000e+00
-464.594594595 0.000000e+00
-463.799682035 0.000000e+00
-463.004769475 0.000000e+00
-462.209856916 0.000000e+00
-461.414944356 0.000000e+00
-460.620031797 0.000000e+00
-459.825119237 0.000000e+00
-459.030206677 0.000000e+00
-458.235294118 0.000000e+00
-457.440381558 0.000000e+00
-456.645468998 0.000000e+00
-455.850556439 0.000000e+00
-455.055643879 0.000000e+00
-454.26073132 0.000000e+00
-453.46581876 0.000000e+00
-452.6709062 0.000000e+00
-451.875993641 0.000000e+00
-451.081081081 0.000000e+00
-450.286168521 0.000000e+00
-449.491255962 0.000000e+00
-448.696343402 0.000000e+00
-447.901430843 0.000000e+00
-447.106518283 0.000000e+00
-446.311605723 0.000000e+00
-445.516693164 0.000000e+00
-444.721780604 0.000000e+00
-443.926868045 0.000000e+00
-443.131955485 0.000000e+00
-442.337042925 0.000000e+00
-441.542130366 0.000000e+00
-440.747217806 0.000000e+00
-439.952305246 0.000000e+00
-439.157392687 0.000000e+00
-438.362480127 0.000000e+00
-437.567567568 0.000000e+00
-436.772655008 0.000000e+00
-435.977742448 0.000000e+00
-435.182829889 0.000000e+00
-434.387917329 0.000000e+00
-433.593004769 0.000000e+00
-432.79809221 0.000000e+00
-432.00317965 0.000000e+00
-431.208267091 0.000000e+00
-430.413354531 0.000000e+00
-429.618441971 0.000000e+00
-428.823529412 0.000000e+00
-428.028616852 0.000000e+00
-427.233704293 0.000000e+00
-426.438791733 0.000000e+00
-425.643879173 0.000000e+00
-424.848966614 0.000000e+00
-424.054054054 0.000000e+00
-423.259141494 0.000000e+00
-422.464228935 0.000000e+00
-421.669316375 0.000000e+00
-420.874403816 0.000000e+00
-420.079491256 0.000000e+00
-419.284578696 0.000000e+00
-418.489666137 0.000000e+00
-417.694753577 0.000000e+00
-416.899841017 0.000000e+00
-416.104928458 0.000000e+00
-415.310015898 0.000000e+00
-414.515103339 0.000000e+00
-413.720190779 0.000000e+00
-412.925278219 0.000000e+00
-412.13036566 0.000000e+00
-411.3354531 0.000000e+00
-410.540540541 0.000000e+00
-409.745627981 0.000000e+00
-408.950715421 0.000000e+00
-408.155802862 0.000000e+00
-407.360890302 0.000000e+00
-406.565977742 0.000000e+00
-405.771065183 0.000000e+00
-404.976152623 0.000000e+00
-404.181240064 0.000000e+00
-403.386327504 0.000000e+00
-402.591414944 0.000000e+00
-401.796502385 0.000000e+00
-401.001589825 0.000000e+00
-400.206677266 0.000000e+00
-399.411764706 0.000000e+00
-398.616852146 0.000000e+00
-397.821939587 0.000000e+00
-397.027027027 0.000000e+00
-396.232114467 0.000000e+00
-395.437201908 0.000000e+00
-394.642289348 0.000000e+00
-393.847376789 0.000000e+00
-393.052464229 0.000000e+00
-392.257551669 0.000000e+00
-391.46263911 0.000000e+00
-390.66772655 0.000000e+00
-389.87281399 0.000000e+00
-389.077901431 0.000000e+00
-388.282988871 0.000000e+00
-387.488076312 0.000000e+00
-386.693163752 0.000000e+00
-385.898251192 0.000000e+00
-385.103338633 0.000000e+00
-384.308426073 0.000000e+00
-383.513513514 0.000000e+00
-382.718600954 0.000000e+00
-381.923688394 0.000000e+00
-381.128775835 0.000000e+00
-380.333863275 0.000000e+00
-379.538950715 0.000000e+00
-378.744038156 0.000000e+00
-377.949125596 0.000000e+00
-377.154213037 0.000000e+00
-376.359300477 0.000000e+00
-375.564387917 0.000000e+00
-374.769475358 0.000000e+00
-373.974562798 0.000000e+00
-373.179650238 0.000000e+00
-372.384737679 0.000000e+00
-371.589825119 0.000000e+00
-370.79491256 0.000000e+00
-370.0 0.000000e+00
-369.20508744 0.000000e+00
-368.410174881 0.000000e+00
-367.615262321 0.000000e+00
-366.820349762 0.000000e+00
-366.025437202 0.000000e+00
-365.230524642 0.000000e+00
-364.435612083 0.000000e+00
-363.640699523 0.000000e+00
-362.845786963 0.000000e+00
-362.050874404 0.000000e+00
-361.255961844 0.000000e+00
-360.461049285 0.000000e+00
-359.666136725 0.000000e+00
-358.871224165 0.000000e+00
-358.076311606 0.000000e+00
-357.281399046 0.000000e+00
-356.486486486 0.000000e+00
-355.691573927 0.000000e+00
-354.896661367 0.000000e+00
-354.101748808 0.000000e+00
-353.306836248 0.000000e+00
-352.511923688 0.000000e+00
-351.717011129 0.000000e+00
-350.922098569 0.000000e+00
-350.12718601 0.000000e+00
-349.33227345 0.000000e+00
-348.53736089 0.000000e+00
-347.742448331 0.000000e+00
-346.947535771 0.000000e+00
-346.152623211 0.000000e+00
-345.357710652 0.000000e+00
-344.562798092 0.000000e+00
-343.767885533 0.000000e+00
-342.972972973 0.000000e+00
-342.178060413 0.000000e+00
-341.383147854 0.000000e+00
-340.588235294 0.000000e+00
-339.793322734 0.000000e+00
-338.998410175 0.000000e+00
-338.203497615 0.000000e+00
-337.408585056 0.000000e+00
-336.613672496 0.000000e+00
-335.818759936 0.000000e+00
-335.023847377 0.000000e+00
-334.228934817 0.000000e+00
-333.434022258 0.000000e+00
-332.639109698 0.000000e+00
-331.844197138 0.000000e+00
-331.049284579 0.000000e+00
-330.254372019 0.000000e+00
-329.459459459 0.000000e+00
-328.6645469 0.000000e+00
-327.86963434 0.000000e+00
-327.074721781 0.000000e+00
-326.279809221 0.000000e+00
-325.484896661 0.000000e+00
-324.689984102 0.000000e+00
-323.895071542 0.000000e+00
-323.100158983 0.000000e+00
-322.305246423 0.000000e+00
-321.510333863 0.000000e+00
-320.715421304 0.000000e+00
-319.920508744 0.000000e+00
-319.125596184 0.000000e+00
-318.330683625 0.000000e+00
-317.535771065 0.000000e+00
-316.740858506 0.000000e+00
-315.945945946 0.000000e+00
-315.151033386 0.000000e+00
-314.356120827 0.000000e+00
-313.561208267 0.000000e+00
-312.766295707 0.000000e+00
-311.971383148 0.000000e+00
-311.176470588 0.000000e+00
-310.381558029 0.000000e+00
-309.586645469 0.000000e+00
-308.791732909 0.000000e+00
-307.99682035 0.000000e+00
-307.20190779 0.000000e+00
-306.406995231 0.000000e+00
-305.612082671 0.000000e+00
-304.817170111 0.000000e+00
-304.022257552 0.000000e+00
-303.227344992 0.000000e+00
-302.432432432 0.000000e+00
-301.637519873 0.000000e+00
-300.842607313 0.000000e+00
-300.047694754 0.000000e+00
-299.252782194 0.000000e+00
-298.457869634 0.000000e+00
-297.662957075 0.000000e+00
-296.868044515 0.000000e+00
-296.073131955 0.000000e+00
-295.278219396 0.000000e+00
-294.483306836 0.000000e+00
-293.688394277 0.000000e+00
-292.893481717 0.000000e+00
-292.098569157 0.000000e+00
-291.303656598 0.000000e+00
-290.508744038 0.000000e+00
-289.713831479 0.000000e+00
-288.918918919 0.000000e+00
-288.124006359 0.000000e+00
-287.3290938 0.000000e+00
-286.53418124 0.000000e+00
-285.73926868 0.000000e+00
-284.944356121 0.000000e+00
-284.149443561 0.000000e+00
-283.354531002 0.000000e+00
-282.559618442 0.000000e+00
-281.764705882 0.000000e+00
-280.969793323 0.000000e+00
-280.174880763 0.000000e+00
-279.379968203 0.000000e+00
-278.585055644 0.000000e+00
-277.790143084 0.000000e+00
-276.995230525 0.000000e+00
-276.200317965 0.000000e+00
-275.405405405 0.000000e+00
-274.610492846 0.000000e+00
-273.815580286 0.000000e+00
-273.020667727 0.000000e+00
-272.225755167 0.000000e+00
-271.430842607 0.000000e+00
-270.635930048 0.000000e+00
-269.841017488 0.000000e+00
-269.046104928 0.000000e+00
-268.251192369 0.000000e+00
-267.456279809 0.000000e+00
-266.66136725 0.000000e+00
-265.86645469 0.000000e+00
-265.07154213 0.000000e+00
-264.276629571 0.000000e+00
-263.481717011 0.000000e+00
-262.686804452 0.000000e+00
-261.891891892 0.000000e+00
-261.096979332 0.000000e+00
-260.302066773 0.000000e+00
-259.507154213 0.000000e+00
-258.712241653 0.000000e+00
-257.917329094 0.000000e+00
-257.122416534 0.000000e+00
-256.327503975 0.000000e+00
-255.532591415 0.000000e+00
-254.737678855 0.000000e+00
-253.942766296 0.000000e+00
-253.147853736 0.000000e+00
-252.352941176 0.000000e+00
-251.558028617 0.000000e+00
-250.763116057 0.000000e+00
-249.968203498 0.000000e+00
-249.173290938 0.000000e+00
-248.378378378 0.000000e+00
-247.583465819 0.000000e+00
-246.788553259 0.000000e+00
-245.9936407 0.000000e+00
-245.19872814 0.000000e+00
-244.40381558 0.000000e+00
-243.608903021 0.000000e+00
-242.813990461 0.000000e+00
-242.019077901 0.000000e+00
-241.224165342 0.000000e+00
-240.429252782 0.000000e+00
-239.634340223 0.000000e+00
-238.839427663 0.000000e+00
-238.044515103 0.000000e+00
-237.249602544 0.000000e+00
-236.454689984 0.000000e+00
-235.659777424 0.000000e+00
-234.864864865 0.000000e+00
-234.069952305 0.000000e+00
-233.275039746 0.000000e+00
-232.480127186 0.000000e+00
-231.685214626 0.000000e+00
-230.890302067 0.000000e+00
-230.095389507 0.000000e+00
-229.300476948 0.000000e+00
-228.505564388 0.000000e+00
-227.710651828 0.000000e+00
-226.915739269 0.000000e+00
-226.120826709 0.000000e+00
-225.325914149 0.000000e+00
-224.53100159 0.000000e+00
-223.73608903 0.000000e+00
-222.941176471 0.000000e+00
-222.146263911 0.000000e+00
-221.351351351 0.000000e+00
-220.556438792 0.000000e+00
-219.761526232 0.000000e+00
-218.966613672 0.000000e+00
-218.171701113 0.000000e+00
-217.376788553 0.000000e+00
-216.581875994 0.000000e+00
-215.786963434 0.000000e+00
-214.992050874 0.000000e+00
-214.197138315 0.000000e+00
-213.402225755 0.000000e+00
-212.607313196 0.000000e+00
-211.812400636 0.000000e+00
-211.017488076 0.000000e+00
-210.222575517 0.000000e+00
-209.427662957 0.000000e+00
-208.632750397 0.000000e+00
-207.837837838 0.000000e+00
-207.042925278 0.000000e+00
-206.248012719 0.000000e+00
-205.453100159 0.000000e+00
-204.658187599 0.000000e+00
-203.86327504 0.000000e+00
-203.06836248 0.000000e+00
-202.273449921 0.000000e+00
-201.478537361 0.000000e+00
-200.683624801 0.000000e+00
-199.888712242 0.000000e+00
-199.093799682 0.000000e+00
-198.298887122 0.000000e+00
-197.503974563 0.000000e+00
-196.709062003 0.000000e+00
-195.914149444 0.000000e+00
-195.119236884 0.000000e+00
-194.324324324 0.000000e+00
-193.529411765 0.000000e+00
-192.734499205 0.000000e+00
-191.939586645 0.000000e+00
-191.144674086 0.000000e+00
-190.349761526 0.000000e+00
-189.554848967 0.000000e+00
-188.759936407 0.000000e+00
-187.965023847 0.000000e+00
-187.170111288 0.000000e+00
-186.375198728 0.000000e+00
-185.580286169 0.000000e+00
-184.785373609 0.000000e+00
-183.990461049 0.000000e+00
-183.19554849 0.000000e+00
-182.40063593 0.000000e+00
-181.60572337 0.000000e+00
-180.810810811 0.000000e+00
-180.015898251 0.000000e+00
-179.220985692 0.000000e+00
-178.426073132 0.000000e+00
-177.631160572 0.000000e+00
-176.836248013 0.000000e+00
-176.041335453 0.000000e+00
-175.246422893 0.000000e+00
-174.451510334 0.000000e+00
-173.656597774 0.000000e+00
-172.861685215 0.000000e+00
-172.066772655 0.000000e+00
-171.271860095 0.000000e+00
-170.476947536 0.000000e+00
-169.682034976 0.000000e+00
-168.887122417 0.000000e+00
-168.092209857 0.000000e+00
-167.297297297 0.000000e+00
-166.502384738 0.000000e+00
-165.707472178 0.000000e+00
-164.912559618 0.000000e+00
-164.117647059 0.000000e+00
-163.322734499 0.000000e+00
-162.52782194 0.000000e+00
-161.73290938 0.000000e+00
-160.93799682 0.000000e+00
-160.143084261 0.000000e+00
-159.348171701 0.000000e+00
-158.553259141 0.000000e+00
-157.758346582 0.000000e+00
-156.963434022 0.000000e+00
-156.168521463 0.000000e+00
-155.373608903 0.000000e+00
-154.578696343 0.000000e+00
-153.783783784 0.000000e+00
-152.988871224 0.000000e+00
-152.193958665 0.000000e+00
-151.399046105 0.000000e+00
-150.604133545 0.000000e+00
-149.809220986 0.000000e+00
-149.014308426 0.000000e+00
-148.219395866 0.000000e+00
-147.424483307 0.000000e+00
-146.629570747 0.000000e+00
-145.834658188 0.000000e+00
-145.039745628 0.000000e+00
-144.244833068 0.000000e+00
-143.449920509 0.000000e+00
-142.655007949 0.000000e+00
-141.86009539 0.000000e+00
-141.06518283 0.000000e+00
-140.27027027 0.000000e+00
-139.475357711 0.000000e+00
-138.680445151 0.000000e+00
-137.885532591 0.000000e+00
-137.090620032 0.000000e+00
-136.295707472 0.000000e+00
-135.500794913 0.000000e+00
-134.705882353 0.000000e+00
-133.910969793 0.000000e+00
-133.116057234 0.000000e+00
-132.321144674 0.000000e+00
-131.526232114 0.000000e+00
-130.731319555 0.000000e+00
-129.936406995 0.000000e+00
-129.141494436 0.000000e+00
-128.346581876 0.000000e+00
-127.551669316 0.000000e+00
-126.756756757 0.000000e+00
-125.961844197 0.000000e+00
-125.166931638 0.000000e+00
-124.372019078 0.000000e+00
-123.577106518 0.000000e+00
-122.782193959 0.000000e+00
-121.987281399 0.000000e+00
-121.192368839 0.000000e+00
-120.39745628 0.000000e+00
-119.60254372 0.000000e+00
-118.807631161 0.000000e+00
-118.012718601 0.000000e+00
-117.217806041 0.000000e+00
-116.422893482 0.000000e+00
-115.627980922 0.000000e+00
-114.833068362 0.000000e+00
-114.038155803 0.000000e+00
-113.243243243 0.000000e+00
-112.448330684 0.000000e+00
-111.653418124 0.000000e+00
-110.858505564 0.000000e+00
-110.063593005 0.000000e+00
-109.268680445 0.000000e+00
-108.473767886 0.000000e+00
-107.678855326 0.000000e+00
-106.883942766 0.000000e+00
-106.089030207 0.000000e+00
-105.294117647 0.000000e+00
-104.499205087 0.000000e+00
-103.704292528 0.000000e+00
-102.909379968 0.000000e+00
-102.114467409 0.000000e+00
-101.319554849 0.000000e+00
-100.524642289 0.000000e+00
-99.7297297297 0.000000e+00
-98.9348171701 0.000000e+00
-98.1399046105 0.000000e+00
-97.3449920509 0.000000e+00
-96.5500794913 0.000000e+00
-95.7551669316 0.000000e+00
-94.960254372 0.000000e+00
-94.1653418124 0.000000e+00
-93.3704292528 0.000000e+00
-92.5755166932 0.000000e+00
-91.7806041335 0.000000e+00
-90.9856915739 0.000000e+00
-90.1907790143 0.000000e+00
-89.3958664547 0.000000e+00
-88.6009538951 0.000000e+00
-87.8060413355 0.000000e+00
-87.0111287758 0.000000e+00
-86.2162162162 0.000000e+00
-85.4213036566 0.000000e+00
-84.626391097 0.000000e+00
-83.8314785374 0.000000e+00
-83.0365659777 0.000000e+00
-82.2416534181 0.000000e+00
-81.4467408585 0.000000e+00
-80.6518282989 0.000000e+00
-79.8569157393 0.000000e+00
-79.0620031797 0.000000e+00
-78.26709062 0.000000e+00
-77.4721780604 0.000000e+00
-76.6772655008 0.000000e+00
-75.8823529412 0.000000e+00
-75.0874403816 0.000000e+00
-74.2925278219 0.000000e+00
-73.4976152623 0.000000e+00
-72.7027027027 0.000000e+00
-71.9077901431 0.000000e+00
-71.1128775835 0.000000e+00
-70.3179650238 0.000000e+00
-69.5230524642 0.000000e+00
-68.7281399046 0.000000e+00
-67.933227345 0.000000e+00
-67.1383147854 0.000000e+00
-66.3434022258 0.000000e+00
-65.5484896661 0.000000e+00
-64.7535771065 0.000000e+00
-63.9586645469 0.000000e+00
-63.1637519873 0.000000e+00
-62.3688394277 0.000000e+00
-61.573926868 0.000000e+00
-60.7790143084 0.000000e+00
-59.9841017488 0.000000e+00
-59.1891891892 0.000000e+00
-58.3942766296 0.000000e+00
-57.59936407 0.000000e+00
-56.8044515103 0.000000e+00
-56.0095389507 0.000000e+00
-55.2146263911 0.000000e+00
-54.4197138315 0.000000e+00
-53.6248012719 0.000000e+00
-52.8298887122 0.000000e+00
-52.0349761526 0.000000e+00
-51.240063593 0.000000e+00
-50.4451510334 0.000000e+00
-49.6502384738 0.000000e+00
-48.8553259141 0.000000e+00
-48.0604133545 0.000000e+00
-47.2655007949 0.000000e+00
-46.4705882353 0.000000e+00
-45.6756756757 0.000000e+00
-44.8807631161 0.000000e+00
-44.0858505564 0.000000e+00
-43.2909379968 0.000000e+00
-42.4960254372 0.000000e+00
-41.7011128776 0.000000e+00
-40.906200318 0.000000e+00
-40.1112877583 0.000000e+00
-39.3163751987 0.000000e+00
-38.5214626391 0.000000e+00
-37.7265500795 0.000000e+00
-36.9316375199 0.000000e+00
-36.1367249603 0.000000e+00
-35.3418124006 0.000000e+00
-34.546899841 0.000000e+00
-33.7519872814 0.000000e+00
-32.9570747218 0.000000e+00
-32.1621621622 0.000000e+00
-31.3672496025 0.000000e+00
-30.5723370429 0.000000e+00
-29.7774244833 0.000000e+00
-28.9825119237 0.000000e+00
-28.1875993641 0.000000e+00
-27.3926868045 0.000000e+00
-26.5977742448 0.000000e+00
-25.8028616852 0.000000e+00
-25.0079491256 0.000000e+00
-24.213036566 0.000000e+00
-23.4181240064 0.000000e+00
-22.6232114467 0.000000e+00
-21.8282988871 0.000000e+00
-21.0333863275 0.000000e+00
-20.2384737679 0.000000e+00
-19.4435612083 0.000000e+00
-18.6486486486 0.000000e+00
-17.853736089 0.000000e+00
-17.0588235294 0.000000e+00
-16.2639109698 0.000000e+00
-15.4689984102 0.000000e+00
-14.6740858506 0.000000e+00
-13.8791732909 0.000000e+00
-13.0842607313 0.000000e+00
-12.2893481717 0.000000e+00
-11.4944356121 0.000000e+00
-10.6995230525 0.000000e+00
-9.90461049285 0.000000e+00
-9.10969793323 0.000000e+00
-8.31478537361 0.000000e+00
-7.51987281399 0.000000e+00
-6.72496025437 0.000000e+00
-5.93004769475 0.000000e+00
-5.13513513514 0.000000e+00
-4.34022257552 0.000000e+00
-3.5453100159 0.000000e+00
-2.75039745628 0.000000e+00
-1.95548489666 0.000000e+00
-1.16057233704 0.000000e+00
-0.365659777424 0.000000e+00
0.429252782194 1.000000e+00
1.22416534181 2.007787e-01
2.01907790143 1.975707e-01
2.81399046105 0.000000e+00
3.60890302067 0.000000e+00
4.40381558029 0.000000e+00
5.1987281399 0.000000e+00
5.99364069952 0.000000e+00
6.78855325914 0.000000e+00
7.58346581876 0.000000e+00
8.37837837838 0.000000e+00
9.173290938 0.000000e+00
9.96820349762 0.000000e+00
10.7631160572 0.000000e+00
11.5580286169 0.000000e+00
12.3529411765 0.000000e+00
13.1478537361 0.000000e+00
13.9427662957 0.000000e+00
14.7376788553 0.000000e+00
15.5325914149 0.000000e+00
16.3275039746 0.000000e+00
17.1224165342 0.000000e+00
17.9173290938 0.000000e+00
18.7122416534 0.000000e+00
19.507154213 0.000000e+00
20.3020667727 0.000000e+00
21.0969793323 1.100200e-01
21.8918918919 0.000000e+00
22.6868044515 0.000000e+00
23.4817170111 0.000000e+00
24.2766295707 0.000000e+00
25.0715421304 0.000000e+00
25.86645469 0.000000e+00
26.6613672496 0.000000e+00
27.4562798092 0.000000e+00
28.2511923688 0.000000e+00
29.0461049285 0.000000e+00
29.8410174881 0.000000e+00
30.6359300477 0.000000e+00
31.4308426073 0.000000e+00
32.2257551669 0.000000e+00
33.0206677266 0.000000e+00
33.8155802862 0.000000e+00
34.6104928458 0.000000e+00
35.4054054054 0.000000e+00
36.200317965 0.000000e+00
36.9952305246 0.000000e+00
37.7901430843 0.000000e+00
38.5850556439 0.000000e+00
39.3799682035 0.000000e+00
40.1748807631 0.000000e+00
40.9697933227 0.000000e+00
41.7647058824 0.000000e+00
42.559618442 0.000000e+00
43.3545310016 0.000000e+00
44.1494435612 0.000000e+00
44.9443561208 0.000000e+00
45.7392686804 0.000000e+00
46.5341812401 0.000000e+00
47.3290937997 0.000000e+00
48.1240063593 0.000000e+00
48.9189189189 0.000000e+00
49.7138314785 0.000000e+00
50.5087440382 0.000000e+00
51.3036565978 0.000000e+00
52.0985691574 0.000000e+00
52.893481717 0.000000e+00
53.6883942766 0.000000e+00
54.4833068362 0.000000e+00
55.2782193959 0.000000e+00
56.0731319555 0.000000e+00
56.8680445151 0.000000e+00
57.6629570747 0.000000e+00
58.4578696343 0.000000e+00
59.252782194 0.000000e+00
60.0476947536 0.000000e+00
60.8426073132 0.000000e+00
61.6375198728 0.000000e+00
62.4324324324 0.000000e+00
63.2273449921 0.000000e+00
64.0222575517 8.210077e-02
64.8171701113 0.000000e+00
65.6120826709 0.000000e+00
66.4069952305 8.630161e-02
67.2019077901 0.000000e+00
67.9968203498 1.278323e-01
68.7917329094 0.000000e+00
69.586645469 0.000000e+00
70.3815580286 0.000000e+00
71.1764705882 0.000000e+00
71.9713831479 0.000000e+00
72.7662957075 0.000000e+00
73.5612082671 0.000000e+00
74.3561208267 0.000000e+00
75.1510333863 0.000000e+00
75.9459459459 8.448438e-02
76.7408585056 0.000000e+00
77.5357710652 0.000000e+00
78.3306836248 0.000000e+00
79.1255961844 0.000000e+00
79.920508744 0.000000e+00
80.7154213037 0.000000e+00
81.5103338633 0.000000e+00
82.3052464229 0.000000e+00
83.1001589825 0.000000e+00
83.8950715421 0.000000e+00
84.6899841017 0.000000e+00
85.4848966614 0.000000e+00
86.279809221 0.000000e+00
87.0747217806 0.000000e+00
87.8696343402 0.000000e+00
88.6645468998 0.000000e+00
89.4594594595 0.000000e+00
90.2543720191 0.000000e+00
91.0492845787 0.000000e+00
91.8441971383 0.000000e+00
92.6391096979 0.000000e+00
93.4340222576 0.000000e+00
94.2289348172 0.000000e+00
95.0238473768 0.000000e+00
95.8187599364 0.000000e+00
96.613672496 0.000000e+00
97.4085850556 0.000000e+00
98.2034976153 0.000000e+00
98.9984101749 0.000000e+00
99.7933227345 0.000000e+00
100.588235294 0.000000e+00
101.383147854 0.000000e+00
102.178060413 0.000000e+00
102.972972973 0.000000e+00
103.767885533 0.000000e+00
104.562798092 0.000000e+00
105.357710652 0.000000e+00
106.152623211 0.000000e+00
106.947535771 0.000000e+00
107.742448331 0.000000e+00
108.53736089 0.000000e+00
109.33227345 0.000000e+00
110.12718601 0.000000e+00
110.922098569 0.000000e+00
111.717011129 0.000000e+00
112.511923688 0.000000e+00
113.306836248 0.000000e+00
114.101748808 0.000000e+00
114.896661367 0.000000e+00
115.691573927 0.000000e+00
116.486486486 0.000000e+00
117.281399046 0.000000e+00
118.076311606 0.000000e+00
118.871224165 0.000000e+00
119.666136725 0.000000e+00
120.461049285 0.000000e+00
121.255961844 0.000000e+00
122.050874404 0.000000e+00
122.845786963 0.000000e+00
123.640699523 0.000000e+00
124.435612083 0.000000e+00
125.230524642 0.000000e+00
126.025437202 0.000000e+00
126.820349762 0.000000e+00
127.615262321 0.000000e+00
128.410174881 0.000000e+00
129.20508744 0.000000e+00
130.0 0.000000e+00
130.79491256 0.000000e+00
131.589825119 0.000000e+00
132.384737679 0.000000e+00
133.179650238 0.000000e+00
133.974562798 0.000000e+00
134.769475358 0.000000e+00
135.564387917 0.000000e+00
136.359300477 0.000000e+00
137.154213037 0.000000e+00
137.949125596 0.000000e+00
138.744038156 0.000000e+00
139.538950715 0.000000e+00
140.333863275 0.000000e+00
141.128775835 0.000000e+00
141.923688394 0.000000e+00
142.718600954 0.000000e+00
143.513513514 0.000000e+00
144.308426073 0.000000e+00
145.103338633 0.000000e+00
145.898251192 0.000000e+00
146.693163752 0.000000e+00
147.488076312 0.000000e+00
148.282988871 0.000000e+00
149.077901431 0.000000e+00
149.87281399 0.000000e+00
150.66772655 0.000000e+00
151.46263911 0.000000e+00
152.257551669 0.000000e+00
153.052464229 0.000000e+00
153.847376789 0.000000e+00
154.642289348 0.000000e+00
155.437201908 0.000000e+00
156.232114467 0.000000e+00
157.027027027 0.000000e+00
157.821939587 0.000000e+00
158.616852146 0.000000e+00
159.411764706 0.000000e+00
160.206677266 0.000000e+00
161.001589825 0.000000e+00
161.796502385 0.000000e+00
162.591414944 0.000000e+00
163.386327504 0.000000e+00
164.181240064 0.000000e+00
164.976152623 0.000000e+00
165.771065183 0.000000e+00
166.565977742 0.000000e+00
167.360890302 0.000000e+00
168.155802862 0.000000e+00
168.950715421 0.000000e+00
169.745627981 0.000000e+00
170.540540541 0.000000e+00
171.3354531 0.000000e+00
172.13036566 0.000000e+00
172.925278219 0.000000e+00
173.720190779 0.000000e+00
174.515103339 0.000000e+00
175.310015898 0.000000e+00
176.104928458 0.000000e+00
176.899841017 0.000000e+00
177.694753577 0.000000e+00
178.489666137 0.000000e+00
179.284578696 0.000000e+00
180.079491256 0.000000e+00
180.874403816 0.000000e+00
181.669316375 0.000000e+00
182.464228935 0.000000e+00
183.259141494 0.000000e+00
184.054054054 0.000000e+00
184.848966614 0.000000e+00
185.643879173 0.000000e+00
186.438791733 0.000000e+00
187.233704293 0.000000e+00
188.028616852 0.000000e+00
188.823529412 0.000000e+00
189.618441971 0.000000e+00
190.413354531 0.000000e+00
191.208267091 0.000000e+00
192.00317965 0.000000e+00
192.79809221 0.000000e+00
193.593004769 0.000000e+00
194.387917329 0.000000e+00
195.182829889 0.000000e+00
195.977742448 0.000000e+00
196.772655008 0.000000e+00
197.567567568 0.000000e+00
198.362480127 0.000000e+00
199.157392687 0.000000e+00
199.952305246 0.000000e+00
200.747217806 0.000000e+00
201.542130366 0.000000e+00
202.337042925 0.000000e+00
203.131955485 0.000000e+00
203.926868045 0.000000e+00
204.721780604 0.000000e+00
205.516693164 0.000000e+00
206.311605723 0.000000e+00
207.106518283 0.000000e+00
207.901430843 0.000000e+00
208.696343402 0.000000e+00
209.491255962 0.000000e+00
210.286168521 0.000000e+00
211.081081081 0.000000e+00
211.875993641 0.000000e+00
212.6709062 0.000000e+00
213.46581876 0.000000e+00
214.26073132 0.000000e+00
215.055643879 0.000000e+00
215.850556439 0.000000e+00
216.645468998 0.000000e+00
217.440381558 0.000000e+00
218.235294118 0.000000e+00
219.030206677 0.000000e+00
219.825119237 0.000000e+00
220.620031797 0.000000e+00
221.414944356 0.000000e+00
222.209856916 0.000000e+00
223.004769475 0.000000e+00
223.799682035 0.000000e+00
224.594594595 0.000000e+00
225.389507154 0.000000e+00
226.184419714 0.000000e+00
226.979332273 0.000000e+00
227.774244833 0.000000e+00
228.569157393 0.000000e+00
229.364069952 0.000000e+00
230.158982512 0.000000e+00
230.953895072 0.000000e+00
231.748807631 0.000000e+00
232.543720191 0.000000e+00
233.33863275 0.000000e+00
234.13354531 0.000000e+00
234.92845787 0.000000e+00
235.723370429 0.000000e+00
236.518282989 0.000000e+00
237.313195548 0.000000e+00
238.108108108 0.000000e+00
238.903020668 0.000000e+00
239.697933227 0.000000e+00
240.492845787 0.000000e+00
241.287758347 0.000000e+00
242.082670906 0.000000e+00
242.877583466 0.000000e+00
243.672496025 0.000000e+00
244.467408585 0.000000e+00
245.262321145 0.000000e+00
246.057233704 0.000000e+00
246.852146264 0.000000e+00
247.647058824 0.000000e+00
248.441971383 0.000000e+00
249.236883943 0.000000e+00
250.031796502 0.000000e+00
250.826709062 0.000000e+00
251.621621622 0.000000e+00
252.416534181 0.000000e+00
253.211446741 0.000000e+00
254.0063593 0.000000e+00
254.80127186 0.000000e+00
255.59618442 0.000000e+00
256.391096979 0.000000e+00
257.186009539 0.000000e+00
257.980922099 0.000000e+00
258.775834658 0.000000e+00
259.570747218 0.000000e+00
260.365659777 0.000000e+00
261.160572337 0.000000e+00
261.955484897 0.000000e+00
262.750397456 0.000000e+00
263.545310016 0.000000e+00
264.340222576 0.000000e+00
265.135135135 0.000000e+00
265.930047695 0.000000e+00
266.724960254 0.000000e+00
267.519872814 0.000000e+00
268.314785374 0.000000e+00
269.109697933 0.000000e+00
269.904610493 0.000000e+00
270.699523052 0.000000e+00
271.494435612 0.000000e+00
272.289348172 0.000000e+00
273.084260731 0.000000e+00
273.879173291 0.000000e+00
274.674085851 0.000000e+00
275.46899841 0.000000e+00
276.26391097 0.000000e+00
277.058823529 0.000000e+00
277.853736089 0.000000e+00
278.648648649 0.000000e+00
279.443561208 0.000000e+00
280.238473768 0.000000e+00
281.033386328 0.000000e+00
281.828298887 0.000000e+00
282.623211447 0.000000e+00
283.418124006 0.000000e+00
284.213036566 0.000000e+00
285.007949126 0.000000e+00
285.802861685 0.000000e+00
286.597774245 0.000000e+00
287.392686804 0.000000e+00
288.187599364 0.000000e+00
288.982511924 0.000000e+00
289.777424483 0.000000e+00
290.572337043 0.000000e+00
291.367249603 0.000000e+00
292.162162162 0.000000e+00
292.957074722 0.000000e+00
293.751987281 0.000000e+00
294.546899841 0.000000e+00
295.341812401 0.000000e+00
296.13672496 0.000000e+00
296.93163752 0.000000e+00
297.726550079 0.000000e+00
298.521462639 0.000000e+00
299.316375199 0.000000e+00
300.111287758 0.000000e+00
300.906200318 0.000000e+00
301.701112878 0.000000e+00
302.496025437 0.000000e+00
303.290937997 0.000000e+00
304.085850556 0.000000e+00
304.880763116 0.000000e+00
305.675675676 0.000000e+00
306.470588235 0.000000e+00
307.265500795 0.000000e+00
308.060413355 0.000000e+00
308.855325914 0.000000e+00
309.650238474 0.000000e+00
310.445151033 0.000000e+00
311.240063593 0.000000e+00
312.034976153 0.000000e+00
312.829888712 0.000000e+00
313.624801272 0.000000e+00
314.419713831 0.000000e+00
315.214626391 0.000000e+00
316.009538951 0.000000e+00
316.80445151 0.000000e+00
317.59936407 0.000000e+00
318.39427663 0.000000e+00
319.189189189 0.000000e+00
319.984101749 0.000000e+00
320.779014308 0.000000e+00
321.573926868 0.000000e+00
322.368839428 0.000000e+00
323.163751987 0.000000e+00
323.958664547 0.000000e+00
324.753577107 0.000000e+00
325.548489666 0.000000e+00
326.343402226 0.000000e+00
327.138314785 0.000000e+00
327.933227345 0.000000e+00
328.728139905 0.000000e+00
329.523052464 0.000000e+00
330.317965024 0.000000e+00
331.112877583 0.000000e+00
331.907790143 0.000000e+00
332.702702703 0.000000e+00
333.497615262 0.000000e+00
334.292527822 0.000000e+00
335.087440382 0.000000e+00
335.882352941 0.000000e+00
336.677265501 0.000000e+00
337.47217806 0.000000e+00
338.26709062 0.000000e+00
339.06200318 0.000000e+00
339.856915739 0.000000e+00
340.651828299 0.000000e+00
341.446740859 0.000000e+00
342.241653418 0.000000e+00
343.036565978 0.000000e+00
343.831478537 0.000000e+00
344.626391097 0.000000e+00
345.421303657 0.000000e+00
346.216216216 0.000000e+00
347.011128776 0.000000e+00
347.806041335 0.000000e+00
348.600953895 0.000000e+00
349.395866455 0.000000e+00
350.190779014 0.000000e+00
350.985691574 0.000000e+00
351.780604134 0.000000e+00
352.575516693 0.000000e+00
353.370429253 0.000000e+00
354.165341812 0.000000e+00
354.960254372 0.000000e+00
355.755166932 0.000000e+00
356.550079491 0.000000e+00
357.344992051 0.000000e+00
358.13990461 0.000000e+00
358.93481717 0.000000e+00
359.72972973 0.000000e+00
360.524642289 0.000000e+00
361.319554849 0.000000e+00
362.114467409 0.000000e+00
362.909379968 0.000000e+00
363.704292528 0.000000e+00
364.499205087 0.000000e+00
365.294117647 0.000000e+00
366.089030207 0.000000e+00
366.883942766 0.000000e+00
367.678855326 0.000000e+00
368.473767886 0.000000e+00
369.268680445 0.000000e+00
370.063593005 0.000000e+00
370.858505564 0.000000e+00
371.653418124 0.000000e+00
372.448330684 0.000000e+00
373.243243243 0.000000e+00
374.038155803 0.000000e+00
374.833068362 0.000000e+00
375.627980922 0.000000e+00
376.422893482 0.000000e+00
377.217806041 0.000000e+00
378.012718601 0.000000e+00
378.807631161 0.000000e+00
379.60254372 0.000000e+00
380.39745628 0.000000e+00
381.192368839 0.000000e+00
381.987281399 0.000000e+00
382.782193959 0.000000e+00
383.577106518 0.000000e+00
384.372019078 0.000000e+00
385.166931638 0.000000e+00
385.961844197 0.000000e+00
386.756756757 0.000000e+00
387.551669316 0.000000e+00
388.346581876 0.000000e+00
389.141494436 0.000000e+00
389.936406995 0.000000e+00
390.731319555 0.000000e+00
391.526232114 0.000000e+00
392.321144674 0.000000e+00
393.116057234 0.000000e+00
393.910969793 0.000000e+00
394.705882353 0.000000e+00
395.500794913 0.000000e+00
396.295707472 0.000000e+00
397.090620032 0.000000e+00
397.885532591 0.000000e+00
398.680445151 0.000000e+00
399.475357711 0.000000e+00
400.27027027 0.000000e+00
401.06518283 0.000000e+00
401.86009539 0.000000e+00
402.655007949 0.000000e+00
403.449920509 0.000000e+00
404.244833068 0.000000e+00
405.039745628 0.000000e+00
405.834658188 0.000000e+00
406.629570747 0.000000e+00
407.424483307 0.000000e+00
408.219395866 0.000000e+00
409.014308426 0.000000e+00
409.809220986 0.000000e+00
410.604133545 0.000000e+00
411.399046105 0.000000e+00
412.193958665 0.000000e+00
412.988871224 0.000000e+00
413.783783784 0.000000e+00
414.578696343 0.000000e+00
415.373608903 0.000000e+00
416.168521463 0.000000e+00
416.963434022 0.000000e+00
417.758346582 0.000000e+00
418.553259141 0.000000e+00
419.348171701 0.000000e+00
420.143084261 0.000000e+00
420.93799682 0.000000e+00
421.73290938 0.000000e+00
422.52782194 0.000000e+00
423.322734499 0.000000e+00
424.117647059 0.000000e+00
424.912559618 0.000000e+00
425.707472178 0.000000e+00
426.502384738 0.000000e+00
427.297297297 0.000000e+00
428.092209857 0.000000e+00
428.887122417 0.000000e+00
429.682034976 0.000000e+00
430.476947536 0.000000e+00
431.271860095 0.000000e+00
432.066772655 0.000000e+00
432.861685215 0.000000e+00
433.656597774 0.000000e+00
434.451510334 0.000000e+00
435.246422893 0.000000e+00
436.041335453 0.000000e+00
436.836248013 0.000000e+00
437.631160572 0.000000e+00
438.426073132 0.000000e+00
439.220985692 0.000000e+00
440.015898251 0.000000e+00
440.810810811 0.000000e+00
441.60572337 0.000000e+00
442.40063593 0.000000e+00
443.19554849 0.000000e+00
443.990461049 0.000000e+00
444.785373609 0.000000e+00
445.580286169 0.000000e+00
446.375198728 0.000000e+00
447.170111288 0.000000e+00
447.965023847 0.000000e+00
448.759936407 0.000000e+00
449.554848967 0.000000e+00
450.349761526 0.000000e+00
451.144674086 0.000000e+00
451.939586645 0.000000e+00
452.734499205 0.000000e+00
453.529411765 0.000000e+00
454.324324324 0.000000e+00
455.119236884 0.000000e+00
455.914149444 0.000000e+00
456.709062003 0.000000e+00
457.503974563 0.000000e+00
458.298887122 0.000000e+00
459.093799682 0.000000e+00
459.888712242 0.000000e+00
460.683624801 0.000000e+00
461.478537361 0.000000e+00
462.273449921 0.000000e+00
463.06836248 0.000000e+00
463.86327504 0.000000e+00
464.658187599 0.000000e+00
465.453100159 0.000000e+00
466.248012719 0.000000e+00
467.042925278 0.000000e+00
467.837837838 0.000000e+00
468.632750397 0.000000e+00
469.427662957 0.000000e+00
470.222575517 0.000000e+00
471.017488076 0.000000e+00
471.812400636 0.000000e+00
472.607313196 0.000000e+00
473.402225755 0.000000e+00
474.197138315 0.000000e+00
474.992050874 0.000000e+00
475.786963434 0.000000e+00
476.581875994 0.000000e+00
477.376788553 0.000000e+00
478.171701113 0.000000e+00
478.966613672 0.000000e+00
479.761526232 0.000000e+00
480.556438792 0.000000e+00
481.351351351 0.000000e+00
482.146263911 0.000000e+00
482.941176471 0.000000e+00
483.73608903 0.000000e+00
484.53100159 0.000000e+00
485.325914149 0.000000e+00
486.120826709 0.000000e+00
486.915739269 0.000000e+00
487.710651828 0.000000e+00
488.505564388 0.000000e+00
489.300476948 0.000000e+00
490.095389507 0.000000e+00
490.890302067 0.000000e+00
491.685214626 0.000000e+00
492.480127186 0.000000e+00
493.275039746 0.000000e+00
494.069952305 0.000000e+00
494.864864865 0.000000e+00
495.659777424 0.000000e+00
496.454689984 0.000000e+00
497.249602544 0.000000e+00
498.044515103 0.000000e+00
498.839427663 0.000000e+00
499.634340223 0.000000e+00
500.429252782 0.000000e+00
501.224165342 0.000000e+00
502.019077901 0.000000e+00
502.813990461 0.000000e+00
503.608903021 0.000000e+00
504.40381558 0.000000e+00
505.19872814 0.000000e+00
505.9936407 0.000000e+00
506.788553259 0.000000e+00
507.583465819 0.000000e+00
508.378378378 0.000000e+00
509.173290938 0.000000e+00
509.968203498 0.000000e+00
510.763116057 0.000000e+00
511.558028617 0.000000e+00
512.352941176 0.000000e+00
513.147853736 0.000000e+00
513.942766296 0.000000e+00
514.737678855 0.000000e+00
515.532591415 0.000000e+00
516.327503975 0.000000e+00
517.122416534 0.000000e+00
517.917329094 0.000000e+00
518.712241653 0.000000e+00
519.507154213 0.000000e+00
520.302066773 0.000000e+00
521.096979332 0.000000e+00
521.891891892 0.000000e+00
522.686804452 0.000000e+00
523.481717011 0.000000e+00
524.276629571 0.000000e+00
525.07154213 0.000000e+00
525.86645469 0.000000e+00
526.66136725 0.000000e+00
527.456279809 0.000000e+00
528.251192369 0.000000e+00
529.046104928 0.000000e+00
529.841017488 0.000000e+00
530.635930048 0.000000e+00
531.430842607 0.000000e+00
532.225755167 0.000000e+00
533.020667727 0.000000e+00
533.815580286 0.000000e+00
534.610492846 0.000000e+00
535.405405405 0.000000e+00
536.200317965 0.000000e+00
536.995230525 0.000000e+00
537.790143084 0.000000e+00
538.585055644 0.000000e+00
539.379968203 0.000000e+00
540.174880763 0.000000e+00
540.969793323 0.000000e+00
541.764705882 0.000000e+00
542.559618442 0.000000e+00
543.354531002 0.000000e+00
544.149443561 0.000000e+00
544.944356121 0.000000e+00
545.73926868 0.000000e+00
546.53418124 0.000000e+00
547.3290938 0.000000e+00
548.124006359 0.000000e+00
548.918918919 0.000000e+00
549.713831479 0.000000e+00
550.508744038 0.000000e+00
551.303656598 0.000000e+00
552.098569157 0.000000e+00
552.893481717 0.000000e+00
553.688394277 0.000000e+00
554.483306836 0.000000e+00
555.278219396 0.000000e+00
556.073131955 0.000000e+00
556.868044515 0.000000e+00
557.662957075 0.000000e+00
558.457869634 0.000000e+00
559.252782194 0.000000e+00
560.047694754 0.000000e+00
560.842607313 0.000000e+00
561.637519873 0.000000e+00
562.432432432 0.000000e+00
563.227344992 0.000000e+00
564.022257552 0.000000e+00
564.817170111 0.000000e+00
565.612082671 0.000000e+00
566.406995231 0.000000e+00
567.20190779 0.000000e+00
567.99682035 0.000000e+00
568.791732909 0.000000e+00
569.586645469 0.000000e+00
570.381558029 0.000000e+00
571.176470588 0.000000e+00
571.971383148 0.000000e+00
572.766295707 0.000000e+00
573.561208267 0.000000e+00
574.356120827 0.000000e+00
575.151033386 0.000000e+00
575.945945946 0.000000e+00
576.740858506 0.000000e+00
577.535771065 0.000000e+00
578.330683625 0.000000e+00
579.125596184 0.000000e+00
579.920508744 0.000000e+00
580.715421304 0.000000e+00
581.510333863 0.000000e+00
582.305246423 0.000000e+00
583.100158983 0.000000e+00
583.895071542 0.000000e+00
584.689984102 0.000000e+00
585.484896661 0.000000e+00
586.279809221 0.000000e+00
587.074721781 0.000000e+00
587.86963434 0.000000e+00
588.6645469 0.000000e+00
589.459459459 0.000000e+00
590.254372019 0.000000e+00
591.049284579 0.000000e+00
591.844197138 0.000000e+00
592.639109698 0.000000e+00
593.434022258 0.000000e+00
594.228934817 0.000000e+00
595.023847377 0.000000e+00
595.818759936 0.000000e+00
596.613672496 0.000000e+00
597.408585056 0.000000e+00
598.203497615 0.000000e+00
598.998410175 0.000000e+00
599.793322734 0.000000e+00
600.588235294 0.000000e+00
601.383147854 0.000000e+00
602.178060413 0.000000e+00
602.972972973 0.000000e+00
603.767885533 0.000000e+00
604.562798092 0.000000e+00
605.357710652 0.000000e+00
606.152623211 0.000000e+00
606.947535771 0.000000e+00
607.742448331 0.000000e+00
608.53736089 0.000000e+00
609.33227345 0.000000e+00
610.12718601 0.000000e+00
610.922098569 0.000000e+00
611.717011129 0.000000e+00
612.511923688 0.000000e+00
613.306836248 0.000000e+00
614.101748808 0.000000e+00
614.896661367 0.000000e+00
615.691573927 0.000000e+00
616.486486486 0.000000e+00
617.281399046 0.000000e+00
618.076311606 0.000000e+00
618.871224165 0.000000e+00
619.666136725 0.000000e+00
620.461049285 0.000000e+00
621.255961844 0.000000e+00
622.050874404 0.000000e+00
622.845786963 0.000000e+00
623.640699523 0.000000e+00
624.435612083 0.000000e+00
625.230524642 0.000000e+00
626.025437202 0.000000e+00
626.820349762 0.000000e+00
627.615262321 0.000000e+00
628.410174881 0.000000e+00
629.20508744 0.000000e+00
630.0 0.000000e+00
630.79491256 0.000000e+00
631.589825119 0.000000e+00
632.384737679 0.000000e+00
633.179650238 0.000000e+00
633.974562798 0.000000e+00
634.769475358 0.000000e+00
635.564387917 0.000000e+00
636.359300477 0.000000e+00
637.154213037 0.000000e+00
637.949125596 0.000000e+00
