-566.201756328 0.0
-565.201756328 0.0
-564.201756328 0.0
-563.201756328 0.0
-562.201756328 0.0
-561.201756328 0.0
-560.201756328 0.0
-559.201756328 0.0
-558.201756328 0.0
-557.201756328 0.0
-556.201756328 0.0
-555.201756328 0.0
-554.201756328 0.0
-553.201756328 0.0
-552.201756328 0.0
-551.201756328 0.0
-550.201756328 0.0
-549.201756328 0.0
-548.201756328 0.0
-547.201756328 0.0
-546.201756328 0.0
-545.201756328 0.0
-544.201756328 0.0
-543.201756328 0.0
-542.201756328 0.0
-541.201756328 0.0
-540.201756328 0.0
-539.201756328 0.0
-538.201756328 0.0
-537.201756328 0.0
-536.201756328 0.0
-535.201756328 0.0
-534.201756328 0.0
-533.201756328 0.0
-532.201756328 0.0
-531.201756328 0.0
-530.201756328 0.0
-529.201756328 0.0
-528.201756328 0.0
-527.201756328 0.0
-526.201756328 0.0
-525.201756328 0.0
-524.201756328 0.0
-523.201756328 0.0
-522.201756328 0.0
-521.201756328 0.0
-520.201756328 0.0
-519.201756328 0.0
-518.201756328 0.0
-517.201756328 0.0
-516.201756328 0.0
-515.201756328 0.0
-514.201756328 0.0
-513.201756328 0.0
-512.201756328 0.0
-511.201756328 0.0
-510.201756328 0.0
-509.201756328 0.0
-508.201756328 0.0
-507.201756328 0.0
-506.201756328 0.0
-505.201756328 0.0
-504.201756328 0.0
-503.201756328 0.0
-502.201756328 0.0
-501.201756328 0.0
-500.201756328 0.0
-499.201756328 0.0
-498.201756328 0.0
-497.201756328 0.0
-496.201756328 0.0
-495.201756328 0.0
-494.201756328 0.0
-493.201756328 0.0
-492.201756328 0.0
-491.201756328 0.0
-490.201756328 0.0
-489.201756328 0.0
-488.201756328 0.0
-487.201756328 0.0
-486.201756328 0.0
-485.201756328 0.0
-484.201756328 0.0
-483.201756328 0.0
-482.201756328 0.0
-481.201756328 0.0
-480.201756328 0.0
-479.201756328 0.0
-478.201756328 0.0
-477.201756328 0.0
-476.201756328 0.0
-475.201756328 0.0
-474.201756328 0.0
-473.201756328 0.0
-472.201756328 0.0
-471.201756328 0.0
-470.201756328 0.0
-469.201756328 0.0
-468.201756328 0.0
-467.201756328 0.0
-466.201756328 0.0
-465.201756328 0.0
-464.201756328 0.0
-463.201756328 0.0
-462.201756328 0.0
-461.201756328 0.0
-460.201756328 0.0
-459.201756328 0.0
-458.201756328 0.0
-457.201756328 0.0
-456.201756328 0.0
-455.201756328 0.0
-454.201756328 0.0
-453.201756328 0.0
-452.201756328 0.0
-451.201756328 0.0
-450.201756328 0.0
-449.201756328 0.0
-448.201756328 0.0
-447.201756328 0.0
-446.201756328 0.0
-445.201756328 0.0
-444.201756328 0.0
-443.201756328 0.0
-442.201756328 0.0
-441.201756328 0.0
-440.201756328 0.0
-439.201756328 0.0
-438.201756328 0.0
-437.201756328 0.0
-436.201756328 0.0
-435.201756328 0.0
-434.201756328 0.0
-433.201756328 0.0
-432.201756328 0.0
-431.201756328 0.0
-430.201756328 0.0
-429.201756328 0.0
-428.201756328 0.0
-427.201756328 0.0
-426.201756328 0.0
-425.201756328 0.0
-424.201756328 0.0
-423.201756328 0.0
-422.201756328 0.0
-421.201756328 0.0
-420.201756328 0.0
-419.201756328 0.0
-418.201756328 0.0
-417.201756328 0.0
-416.201756328 0.0
-415.201756328 0.0
-414.201756328 0.0
-413.201756328 0.0
-412.201756328 0.0
-411.201756328 0.0
-410.201756328 0.0
-409.201756328 0.0
-408.201756328 0.0
-407.201756328 0.0
-406.201756328 0.0
-405.201756328 0.0
-404.201756328 0.0
-403.201756328 0.0
-402.201756328 0.0
-401.201756328 0.0
-400.201756328 0.0
-399.201756328 0.0
-398.201756328 0.0
-397.201756328 0.0
-396.201756328 0.0
-395.201756328 0.0
-394.201756328 0.0
-393.201756328 0.0
-392.201756328 0.0
-391.201756328 0.0
-390.201756328 0.0
-389.201756328 0.0
-388.201756328 0.0
-387.201756328 0.0
-386.201756328 0.0
-385.201756328 0.0
-384.201756328 0.0
-383.201756328 0.0
-382.201756328 0.0
-381.201756328 0.0
-380.201756328 0.0
-379.201756328 0.0
-378.201756328 0.0
-377.201756328 0.0
-376.201756328 0.0
-375.201756328 0.0
-374.201756328 0.0
-373.201756328 0.0
-372.201756328 0.0
-371.201756328 0.0
-370.201756328 0.0
-369.201756328 0.0
-368.201756328 0.0
-367.201756328 0.0
-366.201756328 0.0
-365.201756328 0.0
-364.201756328 0.0
-363.201756328 0.0
-362.201756328 0.0
-361.201756328 0.0
-360.201756328 0.0
-359.201756328 0.0
-358.201756328 0.0
-357.201756328 0.0
-356.201756328 0.0
-355.201756328 0.0
-354.201756328 0.0
-353.201756328 0.0
-352.201756328 0.0
-351.201756328 0.0
-350.201756328 0.0
-349.201756328 0.0
-348.201756328 0.0
-347.201756328 0.0
-346.201756328 0.0
-345.201756328 0.0
-344.201756328 0.0
-343.201756328 0.0
-342.201756328 0.0
-341.201756328 0.0
-340.201756328 0.0
-339.201756328 0.0
-338.201756328 0.0
-337.201756328 0.0
-336.201756328 0.0
-335.201756328 0.0
-334.201756328 0.0
-333.201756328 0.0
-332.201756328 0.0
-331.201756328 0.0
-330.201756328 0.0
-329.201756328 0.0
-328.201756328 0.0
-327.201756328 0.0
-326.201756328 0.0
-325.201756328 0.0
-324.201756328 0.0
-323.201756328 0.0
-322.201756328 0.0
-321.201756328 0.0
-320.201756328 0.0
-319.201756328 0.0
-318.201756328 0.0
-317.201756328 0.0
-316.201756328 0.0
-315.201756328 0.0
-314.201756328 0.0
-313.201756328 0.0
-312.201756328 0.0
-311.201756328 0.0
-310.201756328 0.0
-309.201756328 0.0
-308.201756328 0.0
-307.201756328 0.0
-306.201756328 0.0
-305.201756328 0.0
-304.201756328 0.0
-303.201756328 0.0
-302.201756328 0.0
-301.201756328 0.0
-300.201756328 0.0
-299.201756328 0.0
-298.201756328 0.0
-297.201756328 0.0
-296.201756328 0.0
-295.201756328 0.0
-294.201756328 0.0
-293.201756328 0.0
-292.201756328 0.0
-291.201756328 0.0
-290.201756328 0.0
-289.201756328 0.0
-288.201756328 0.0
-287.201756328 0.0
-286.201756328 0.0
-285.201756328 0.0
-284.201756328 0.0
-283.201756328 0.0
-282.201756328 0.0
-281.201756328 0.0
-280.201756328 0.0
-279.201756328 0.0
-278.201756328 0.0
-277.201756328 0.0
-276.201756328 0.0
-275.201756328 0.0
-274.201756328 0.0
-273.201756328 0.0
-272.201756328 0.0
-271.201756328 0.0
-270.201756328 0.0
-269.201756328 0.0
-268.201756328 0.0
-267.201756328 0.0
-266.201756328 0.0
-265.201756328 0.0
-264.201756328 0.0
-263.201756328 0.0
-262.201756328 0.0
-261.201756328 0.0
-260.201756328 0.0
-259.201756328 0.0
-258.201756328 0.0
-257.201756328 0.0
-256.201756328 0.0
-255.201756328 0.0
-254.201756328 0.0
-253.201756328 0.0
-252.201756328 0.0
-251.201756328 0.0
-250.201756328 0.0
-249.201756328 0.0
-248.201756328 0.0
-247.201756328 0.0
-246.201756328 0.0
-245.201756328 0.0
-244.201756328 0.0
-243.201756328 0.0
-242.201756328 0.0
-241.201756328 0.0
-240.201756328 0.0
-239.201756328 0.0
-238.201756328 0.0
-237.201756328 0.0
-236.201756328 0.0
-235.201756328 0.0
-234.201756328 0.0
-233.201756328 0.0
-232.201756328 0.0
-231.201756328 0.0
-230.201756328 0.0
-229.201756328 0.0
-228.201756328 0.0
-227.201756328 0.0
-226.201756328 0.0
-225.201756328 0.0
-224.201756328 0.0
-223.201756328 0.0
-222.201756328 0.0
-221.201756328 0.0
-220.201756328 0.0
-219.201756328 0.0
-218.201756328 0.0
-217.201756328 0.0
-216.201756328 0.0
-215.201756328 0.0
-214.201756328 0.0
-213.201756328 0.0
-212.201756328 0.0
-211.201756328 0.0
-210.201756328 0.0
-209.201756328 0.0
-208.201756328 0.0
-207.201756328 0.0
-206.201756328 0.0
-205.201756328 0.0
-204.201756328 0.0
-203.201756328 0.0
-202.201756328 0.0
-201.201756328 0.0
-200.201756328 0.0
-199.201756328 0.0
-198.201756328 0.0
-197.201756328 0.0
-196.201756328 0.0
-195.201756328 0.0
-194.201756328 0.0
-193.201756328 0.0
-192.201756328 0.0
-191.201756328 0.0
-190.201756328 0.0
-189.201756328 0.0
-188.201756328 0.0
-187.201756328 0.0
-186.201756328 0.0
-185.201756328 0.0
-184.201756328 0.0
-183.201756328 0.0
-182.201756328 0.0
-181.201756328 0.0
-180.201756328 0.0
-179.201756328 0.0
-178.201756328 0.0
-177.201756328 0.0
-176.201756328 0.0
-175.201756328 0.0
-174.201756328 0.0
-173.201756328 0.0
-172.201756328 0.0
-171.201756328 0.0
-170.201756328 0.0
-169.201756328 0.0
-168.201756328 0.0
-167.201756328 0.0
-166.201756328 0.0
-165.201756328 0.0
-164.201756328 0.0
-163.201756328 0.0
-162.201756328 0.0
-161.201756328 0.0
-160.201756328 0.0
-159.201756328 0.0
-158.201756328 0.0
-157.201756328 0.0
-156.201756328 0.0
-155.201756328 0.0
-154.201756328 0.0
-153.201756328 0.0
-152.201756328 0.0
-151.201756328 0.0
-150.201756328 0.0
-149.201756328 0.0
-148.201756328 0.0
-147.201756328 0.0
-146.201756328 0.0
-145.201756328 0.0
-144.201756328 0.0
-143.201756328 0.0
-142.201756328 0.0
-141.201756328 0.0
-140.201756328 0.0
-139.201756328 0.0
-138.201756328 0.0
-137.201756328 0.0
-136.201756328 0.0
-135.201756328 0.0
-134.201756328 0.0
-133.201756328 0.0
-132.201756328 0.0
-131.201756328 0.0
-130.201756328 0.0
-129.201756328 0.0
-128.201756328 0.0
-127.201756328 0.0
-126.201756328 0.0
-125.201756328 0.0
-124.201756328 0.0
-123.201756328 0.0
-122.201756328 0.0
-121.201756328 0.0
-120.201756328 0.0
-119.201756328 0.0
-118.201756328 0.0
-117.201756328 0.0
-116.201756328 0.0
-115.201756328 0.0
-114.201756328 0.0
-113.201756328 0.0
-112.201756328 0.0
-111.201756328 0.0
-110.201756328 0.0
-109.201756328 0.0
-108.201756328 0.0
-107.201756328 0.0
-106.201756328 0.0
-105.201756328 0.0
-104.201756328 0.0
-103.201756328 0.0
-102.201756328 0.0
-101.201756328 0.0
-100.201756328 0.0
-99.2017563279 0.0
-98.2017563279 0.0
-97.2017563279 0.0
-96.2017563279 0.0
-95.2017563279 0.0
-94.2017563279 0.0
-93.2017563279 0.0
-92.2017563279 0.0
-91.2017563279 0.0
-90.2017563279 0.0
-89.2017563279 0.0
-88.2017563279 0.0
-87.2017563279 0.0
-86.2017563279 0.0
-85.2017563279 0.0
-84.2017563279 0.0
-83.2017563279 0.0
-82.2017563279 0.0
-81.2017563279 0.0
-80.2017563279 0.0
-79.2017563279 0.0
-78.2017563279 0.0
-77.2017563279 0.0
-76.2017563279 0.0
-75.2017563279 0.0
-74.2017563279 0.0
-73.2017563279 0.0
-72.2017563279 0.0
-71.2017563279 0.0
-70.2017563279 0.0
-69.2017563279 0.0
-68.2017563279 0.0
-67.2017563279 0.0
-66.2017563279 0.000000e+00
-65.8327798686 0.000000e+00
-65.4638034093 0.000000e+00
-65.09482695 0.000000e+00
-64.7258504907 0.000000e+00
-64.3568740314 0.000000e+00
-63.9878975721 0.000000e+00
-63.6189211128 0.000000e+00
-63.2499446535 0.000000e+00
-62.8809681942 0.000000e+00
-62.5119917349 0.000000e+00
-62.1430152756 0.000000e+00
-61.7740388163 0.000000e+00
-61.405062357 0.000000e+00
-61.0360858977 0.000000e+00
-60.6671094384 0.000000e+00
-60.2981329791 0.000000e+00
-59.9291565198 0.000000e+00
-59.5601800605 0.000000e+00
-59.1912036012 0.000000e+00
-58.8222271419 0.000000e+00
-58.4532506826 0.000000e+00
-58.0842742233 0.000000e+00
-57.715297764 0.000000e+00
-57.3463213047 0.000000e+00
-56.9773448454 0.000000e+00
-56.6083683861 0.000000e+00
-56.2393919268 0.000000e+00
-55.8704154675 0.000000e+00
-55.5014390082 0.000000e+00
-55.1324625489 0.000000e+00
-54.7634860896 0.000000e+00
-54.3945096303 0.000000e+00
-54.025533171 0.000000e+00
-53.6565567117 0.000000e+00
-53.2875802524 0.000000e+00
-52.9186037931 0.000000e+00
-52.5496273338 0.000000e+00
-52.1806508745 0.000000e+00
-51.8116744152 0.000000e+00
-51.4426979559 0.000000e+00
-51.0737214966 0.000000e+00
-50.7047450373 0.000000e+00
-50.335768578 0.000000e+00
-49.9667921187 0.000000e+00
-49.5978156594 0.000000e+00
-49.2288392001 0.000000e+00
-48.8598627408 0.000000e+00
-48.4908862815 0.000000e+00
-48.1219098222 0.000000e+00
-47.7529333629 0.000000e+00
-47.3839569035 0.000000e+00
-47.0149804442 0.000000e+00
-46.6460039849 0.000000e+00
-46.2770275256 0.000000e+00
-45.9080510663 0.000000e+00
-45.539074607 0.000000e+00
-45.1700981477 0.000000e+00
-44.8011216884 0.000000e+00
-44.4321452291 0.000000e+00
-44.0631687698 0.000000e+00
-43.6941923105 0.000000e+00
-43.3252158512 0.000000e+00
-42.9562393919 0.000000e+00
-42.5872629326 0.000000e+00
-42.2182864733 0.000000e+00
-41.849310014 0.000000e+00
-41.4803335547 0.000000e+00
-41.1113570954 0.000000e+00
-40.7423806361 0.000000e+00
-40.3734041768 0.000000e+00
-40.0044277175 0.000000e+00
-39.6354512582 0.000000e+00
-39.2664747989 0.000000e+00
-38.8974983396 0.000000e+00
-38.5285218803 0.000000e+00
-38.159545421 0.000000e+00
-37.7905689617 0.000000e+00
-37.4215925024 0.000000e+00
-37.0526160431 0.000000e+00
-36.6836395838 0.000000e+00
-36.3146631245 0.000000e+00
-35.9456866652 0.000000e+00
-35.5767102059 0.000000e+00
-35.2077337466 0.000000e+00
-34.8387572873 0.000000e+00
-34.469780828 0.000000e+00
-34.1008043687 0.000000e+00
-33.7318279094 0.000000e+00
-33.3628514501 0.000000e+00
-32.9938749908 0.000000e+00
-32.6248985315 0.000000e+00
-32.2559220722 0.000000e+00
-31.8869456129 0.000000e+00
-31.5179691536 0.000000e+00
-31.1489926943 0.000000e+00
-30.780016235 0.000000e+00
-30.4110397757 0.000000e+00
-30.0420633164 0.000000e+00
-29.6730868571 0.000000e+00
-29.3041103978 0.000000e+00
-28.9351339385 0.000000e+00
-28.5661574792 0.000000e+00
-28.1971810199 0.000000e+00
-27.8282045605 0.000000e+00
-27.4592281012 0.000000e+00
-27.0902516419 0.000000e+00
-26.7212751826 0.000000e+00
-26.3522987233 0.000000e+00
-25.983322264 0.000000e+00
-25.6143458047 0.000000e+00
-25.2453693454 0.000000e+00
-24.8763928861 0.000000e+00
-24.5074164268 0.000000e+00
-24.1384399675 0.000000e+00
-23.7694635082 0.000000e+00
-23.4004870489 0.000000e+00
-23.0315105896 0.000000e+00
-22.6625341303 0.000000e+00
-22.293557671 0.000000e+00
-21.9245812117 0.000000e+00
-21.5556047524 0.000000e+00
-21.1866282931 0.000000e+00
-20.8176518338 0.000000e+00
-20.4486753745 0.000000e+00
-20.0796989152 0.000000e+00
-19.7107224559 0.000000e+00
-19.3417459966 0.000000e+00
-18.9727695373 0.000000e+00
-18.603793078 0.000000e+00
-18.2348166187 0.000000e+00
-17.8658401594 0.000000e+00
-17.4968637001 0.000000e+00
-17.1278872408 0.000000e+00
-16.7589107815 0.000000e+00
-16.3899343222 0.000000e+00
-16.0209578629 0.000000e+00
-15.6519814036 0.000000e+00
-15.2830049443 0.000000e+00
-14.914028485 0.000000e+00
-14.5450520257 0.000000e+00
-14.1760755664 0.000000e+00
-13.8070991071 0.000000e+00
-13.4381226478 0.000000e+00
-13.0691461885 0.000000e+00
-12.7001697292 0.000000e+00
-12.3311932699 0.000000e+00
-11.9622168106 0.000000e+00
-11.5932403513 0.000000e+00
-11.224263892 0.000000e+00
-10.8552874327 0.000000e+00
-10.4863109734 0.000000e+00
-10.1173345141 0.000000e+00
-9.74835805476 0.000000e+00
-9.37938159545 0.000000e+00
-9.01040513615 0.000000e+00
-8.64142867685 0.000000e+00
-8.27245221755 0.000000e+00
-7.90347575825 0.000000e+00
-7.53449929894 0.000000e+00
-7.16552283964 0.000000e+00
-6.79654638034 0.000000e+00
-6.42756992104 0.000000e+00
-6.05859346174 0.000000e+00
-5.68961700244 0.000000e+00
-5.32064054313 0.000000e+00
-4.95166408383 0.000000e+00
-4.58268762453 0.000000e+00
-4.21371116523 0.000000e+00
-3.84473470593 0.000000e+00
-3.47575824662 0.000000e+00
-3.10678178732 0.000000e+00
-2.73780532802 0.000000e+00
-2.36882886872 0.000000e+00
-1.99985240942 0.000000e+00
-1.63087595011 0.000000e+00
-1.26189949081 0.000000e+00
-0.892923031511 4.023594e-01
-0.523946572209 5.363196e-01
-0.154970112907 8.247407e-01
0.214006346395 1.000000e+00
0.582982805697 7.594341e-01
0.951959264999 5.494699e-01
1.3209357243 5.007633e-01
1.6899121836 5.392071e-01
2.0588886429 6.683287e-01
2.42786510221 7.991801e-01
2.79684156151 2.731560e-01
3.16581802081 0.000000e+00
3.53479448011 5.591141e-01
3.90377093941 0.000000e+00
4.27274739872 3.140693e-01
4.64172385802 0.000000e+00
5.01070031732 0.000000e+00
5.37967677662 0.000000e+00
5.74865323592 0.000000e+00
6.11762969523 0.000000e+00
6.48660615453 0.000000e+00
6.85558261383 0.000000e+00
7.22455907313 0.000000e+00
7.59353553243 0.000000e+00
7.96251199173 0.000000e+00
8.33148845104 0.000000e+00
8.70046491034 0.000000e+00
9.06944136964 0.000000e+00
9.43841782894 0.000000e+00
9.80739428824 0.000000e+00
10.1763707475 0.000000e+00
10.5453472068 0.000000e+00
10.9143236662 0.000000e+00
11.2833001255 0.000000e+00
11.6522765848 0.000000e+00
12.0212530441 0.000000e+00
12.3902295034 0.000000e+00
12.7592059627 0.000000e+00
13.128182422 0.000000e+00
13.4971588813 0.000000e+00
13.8661353406 0.000000e+00
14.2351117999 0.000000e+00
14.6040882592 0.000000e+00
14.9730647185 0.000000e+00
15.3420411778 0.000000e+00
16.0799940964 0.000000e+00
16.4489705557 0.000000e+00
16.817947015 0.000000e+00
17.1869234743 0.000000e+00
17.5558999336 0.000000e+00
17.9248763929 0.000000e+00
18.2938528522 0.000000e+00
18.6628293115 0.000000e+00
19.0318057708 0.000000e+00
19.4007822301 0.000000e+00
19.7697586894 0.000000e+00
20.1387351487 0.000000e+00
20.507711608 0.000000e+00
20.8766880673 0.000000e+00
21.2456645266 0.000000e+00
21.6146409859 0.000000e+00
21.9836174452 0.000000e+00
22.3525939045 0.000000e+00
22.7215703638 0.000000e+00
23.0905468231 0.000000e+00
23.4595232824 0.000000e+00
23.8284997417 0.000000e+00
24.197476201 0.000000e+00
24.5664526603 0.000000e+00
24.9354291196 0.000000e+00
25.3044055789 0.000000e+00
25.6733820382 0.000000e+00
26.0423584975 0.000000e+00
26.4113349568 0.000000e+00
26.7803114161 0.000000e+00
27.1492878754 0.000000e+00
27.5182643347 0.000000e+00
27.887240794 0.000000e+00
28.2562172533 0.000000e+00
28.6251937126 0.000000e+00
28.9941701719 0.000000e+00
29.3631466312 0.000000e+00
29.7321230905 0.000000e+00
30.1010995498 0.000000e+00
30.4700760092 0.000000e+00
30.8390524685 0.000000e+00
31.2080289278 0.000000e+00
31.5770053871 0.000000e+00
31.9459818464 0.000000e+00
32.3149583057 0.000000e+00
32.683934765 0.000000e+00
33.0529112243 0.000000e+00
33.4218876836 0.000000e+00
33.7908641429 0.000000e+00
34.1598406022 0.000000e+00
34.5288170615 0.000000e+00
34.8977935208 0.000000e+00
35.2667699801 0.000000e+00
35.6357464394 0.000000e+00
36.0047228987 0.000000e+00
36.373699358 0.000000e+00
36.7426758173 0.000000e+00
37.1116522766 0.000000e+00
37.4806287359 0.000000e+00
37.8496051952 0.000000e+00
38.2185816545 0.000000e+00
38.5875581138 0.000000e+00
38.9565345731 0.000000e+00
39.3255110324 0.000000e+00
39.6944874917 0.000000e+00
40.063463951 0.000000e+00
40.4324404103 0.000000e+00
40.8014168696 0.000000e+00
41.1703933289 0.000000e+00
41.5393697882 0.000000e+00
41.9083462475 0.000000e+00
42.2773227068 0.000000e+00
42.6462991661 0.000000e+00
43.0152756254 0.000000e+00
43.3842520847 0.000000e+00
43.753228544 0.000000e+00
44.1222050033 0.000000e+00
44.4911814626 0.000000e+00
44.8601579219 0.000000e+00
45.2291343812 0.000000e+00
45.5981108405 0.000000e+00
45.9670872998 0.000000e+00
46.3360637591 0.000000e+00
46.7050402184 0.000000e+00
47.0740166777 0.000000e+00
47.442993137 0.000000e+00
47.8119695963 0.000000e+00
48.1809460556 0.000000e+00
48.5499225149 0.000000e+00
48.9188989742 0.000000e+00
49.2878754335 0.000000e+00
49.6568518928 0.000000e+00
50.0258283522 0.000000e+00
50.3948048115 0.000000e+00
50.7637812708 0.000000e+00
51.1327577301 0.000000e+00
51.5017341894 0.000000e+00
51.8707106487 0.000000e+00
52.239687108 0.000000e+00
52.6086635673 0.000000e+00
52.9776400266 0.000000e+00
53.3466164859 0.000000e+00
53.7155929452 0.000000e+00
54.0845694045 0.000000e+00
54.4535458638 0.000000e+00
54.8225223231 0.000000e+00
55.1914987824 0.000000e+00
55.5604752417 0.000000e+00
55.929451701 0.000000e+00
56.2984281603 0.000000e+00
56.6674046196 0.000000e+00
57.0363810789 0.000000e+00
57.4053575382 0.000000e+00
57.7743339975 0.000000e+00
58.1433104568 0.000000e+00
58.5122869161 0.000000e+00
58.8812633754 0.000000e+00
59.2502398347 0.000000e+00
59.619216294 0.000000e+00
59.9881927533 0.000000e+00
60.3571692126 0.000000e+00
60.7261456719 0.000000e+00
61.0951221312 0.000000e+00
61.4640985905 0.000000e+00
61.8330750498 0.000000e+00
62.2020515091 0.000000e+00
62.5710279684 0.000000e+00
62.9400044277 0.000000e+00
63.308980887 0.000000e+00
63.6779573463 0.000000e+00
64.0469338056 0.000000e+00
64.4159102649 0.000000e+00
64.7848867242 0.000000e+00
65.1538631835 0.000000e+00
65.5228396428 0.000000e+00
65.8918161021 0.000000e+00
66.2607925614 0.000000e+00
66.6297690207 0.000000e+00
66.99874548 0.000000e+00
67.3677219393 0.000000e+00
67.7366983986 0.000000e+00
68.1056748579 0.000000e+00
68.4746513172 0.000000e+00
68.8436277765 0.000000e+00
69.2126042358 0.000000e+00
69.5815806952 0.000000e+00
69.9505571545 0.000000e+00
70.3195336138 0.000000e+00
70.6885100731 0.000000e+00
71.0574865324 0.000000e+00
71.4264629917 0.000000e+00
71.795439451 0.000000e+00
72.1644159103 0.000000e+00
72.5333923696 0.000000e+00
72.9023688289 0.000000e+00
73.2713452882 0.000000e+00
73.6403217475 0.000000e+00
74.0092982068 0.000000e+00
74.3782746661 0.000000e+00
74.7472511254 0.000000e+00
75.1162275847 0.000000e+00
75.485204044 0.000000e+00
75.8541805033 0.000000e+00
76.2231569626 0.000000e+00
76.5921334219 0.000000e+00
76.9611098812 0.000000e+00
77.3300863405 0.000000e+00
77.6990627998 0.000000e+00
78.0680392591 0.000000e+00
78.4370157184 0.000000e+00
78.8059921777 0.000000e+00
79.174968637 0.000000e+00
79.5439450963 0.000000e+00
79.9129215556 0.000000e+00
80.2818980149 0.000000e+00
80.6508744742 0.000000e+00
81.0198509335 0.000000e+00
81.3888273928 0.000000e+00
81.7578038521 0.000000e+00
82.1267803114 0.000000e+00
82.4957567707 0.000000e+00
82.86473323 0.000000e+00
83.2337096893 0.000000e+00
83.6026861486 0.000000e+00
83.9716626079 0.000000e+00
84.3406390672 0.000000e+00
84.7096155265 0.000000e+00
85.0785919858 0.000000e+00
85.4475684451 0.000000e+00
85.8165449044 0.000000e+00
86.1855213637 0.000000e+00
86.554497823 0.000000e+00
86.9234742823 0.000000e+00
87.2924507416 0.000000e+00
87.6614272009 0.000000e+00
88.0304036602 0.000000e+00
88.3993801195 0.000000e+00
88.7683565789 0.000000e+00
89.1373330382 0.000000e+00
89.5063094975 0.000000e+00
89.8752859568 0.000000e+00
90.2442624161 0.000000e+00
90.6132388754 0.000000e+00
90.9822153347 0.000000e+00
91.351191794 0.000000e+00
91.7201682533 0.000000e+00
92.0891447126 0.000000e+00
92.4581211719 0.000000e+00
92.8270976312 0.000000e+00
93.1960740905 0.000000e+00
93.5650505498 0.000000e+00
93.9340270091 0.000000e+00
94.3030034684 0.000000e+00
94.6719799277 0.000000e+00
95.040956387 0.000000e+00
95.4099328463 0.000000e+00
95.7789093056 0.000000e+00
96.1478857649 0.000000e+00
96.5168622242 0.000000e+00
96.8858386835 0.000000e+00
97.2548151428 0.000000e+00
97.6237916021 0.000000e+00
97.9927680614 0.000000e+00
98.3617445207 0.000000e+00
98.73072098 0.000000e+00
99.0996974393 0.000000e+00
99.4686738986 0.000000e+00
99.8376503579 0.000000e+00
100.206626817 0.000000e+00
100.575603277 0.000000e+00
100.944579736 0.000000e+00
101.313556195 0.000000e+00
101.682532654 0.000000e+00
102.051509114 0.000000e+00
102.420485573 0.000000e+00
102.789462032 0.000000e+00
103.158438492 0.000000e+00
103.527414951 0.000000e+00
103.89639141 0.000000e+00
104.26536787 0.000000e+00
104.634344329 0.000000e+00
105.003320788 0.000000e+00
105.372297247 0.000000e+00
105.741273707 0.000000e+00
106.110250166 0.000000e+00
106.479226625 0.000000e+00
106.848203085 0.000000e+00
107.217179544 0.000000e+00
107.586156003 0.000000e+00
107.955132463 0.000000e+00
108.324108922 0.000000e+00
108.693085381 0.000000e+00
109.06206184 0.000000e+00
109.4310383 0.000000e+00
109.800014759 0.000000e+00
110.168991218 0.000000e+00
110.537967678 0.000000e+00
110.906944137 0.000000e+00
111.275920596 0.000000e+00
112.275920596 0.0
113.275920596 0.0
114.275920596 0.0
115.275920596 0.0
116.275920596 0.0
117.275920596 0.0
118.275920596 0.0
119.275920596 0.0
120.275920596 0.0
121.275920596 0.0
122.275920596 0.0
123.275920596 0.0
124.275920596 0.0
125.275920596 0.0
126.275920596 0.0
127.275920596 0.0
128.275920596 0.0
129.275920596 0.0
130.275920596 0.0
131.275920596 0.0
132.275920596 0.0
133.275920596 0.0
134.275920596 0.0
135.275920596 0.0
136.275920596 0.0
137.275920596 0.0
138.275920596 0.0
139.275920596 0.0
140.275920596 0.0
141.275920596 0.0
142.275920596 0.0
143.275920596 0.0
144.275920596 0.0
145.275920596 0.0
146.275920596 0.0
147.275920596 0.0
148.275920596 0.0
149.275920596 0.0
150.275920596 0.0
151.275920596 0.0
152.275920596 0.0
153.275920596 0.0
154.275920596 0.0
155.275920596 0.0
156.275920596 0.0
157.275920596 0.0
158.275920596 0.0
159.275920596 0.0
160.275920596 0.0
161.275920596 0.0
162.275920596 0.0
163.275920596 0.0
164.275920596 0.0
165.275920596 0.0
166.275920596 0.0
167.275920596 0.0
168.275920596 0.0
169.275920596 0.0
170.275920596 0.0
171.275920596 0.0
172.275920596 0.0
173.275920596 0.0
174.275920596 0.0
175.275920596 0.0
176.275920596 0.0
177.275920596 0.0
178.275920596 0.0
179.275920596 0.0
180.275920596 0.0
181.275920596 0.0
182.275920596 0.0
183.275920596 0.0
184.275920596 0.0
185.275920596 0.0
186.275920596 0.0
187.275920596 0.0
188.275920596 0.0
189.275920596 0.0
190.275920596 0.0
191.275920596 0.0
192.275920596 0.0
193.275920596 0.0
194.275920596 0.0
195.275920596 0.0
196.275920596 0.0
197.275920596 0.0
198.275920596 0.0
199.275920596 0.0
200.275920596 0.0
201.275920596 0.0
202.275920596 0.0
203.275920596 0.0
204.275920596 0.0
205.275920596 0.0
206.275920596 0.0
207.275920596 0.0
208.275920596 0.0
209.275920596 0.0
210.275920596 0.0
211.275920596 0.0
212.275920596 0.0
213.275920596 0.0
214.275920596 0.0
215.275920596 0.0
216.275920596 0.0
217.275920596 0.0
218.275920596 0.0
219.275920596 0.0
220.275920596 0.0
221.275920596 0.0
222.275920596 0.0
223.275920596 0.0
224.275920596 0.0
225.275920596 0.0
226.275920596 0.0
227.275920596 0.0
228.275920596 0.0
229.275920596 0.0
230.275920596 0.0
231.275920596 0.0
232.275920596 0.0
233.275920596 0.0
234.275920596 0.0
235.275920596 0.0
236.275920596 0.0
237.275920596 0.0
238.275920596 0.0
239.275920596 0.0
240.275920596 0.0
241.275920596 0.0
242.275920596 0.0
243.275920596 0.0
244.275920596 0.0
245.275920596 0.0
246.275920596 0.0
247.275920596 0.0
248.275920596 0.0
249.275920596 0.0
250.275920596 0.0
251.275920596 0.0
252.275920596 0.0
253.275920596 0.0
254.275920596 0.0
255.275920596 0.0
256.275920596 0.0
257.275920596 0.0
258.275920596 0.0
259.275920596 0.0
260.275920596 0.0
261.275920596 0.0
262.275920596 0.0
263.275920596 0.0
264.275920596 0.0
265.275920596 0.0
266.275920596 0.0
267.275920596 0.0
268.275920596 0.0
269.275920596 0.0
270.275920596 0.0
271.275920596 0.0
272.275920596 0.0
273.275920596 0.0
274.275920596 0.0
275.275920596 0.0
276.275920596 0.0
277.275920596 0.0
278.275920596 0.0
279.275920596 0.0
280.275920596 0.0
281.275920596 0.0
282.275920596 0.0
283.275920596 0.0
284.275920596 0.0
285.275920596 0.0
286.275920596 0.0
287.275920596 0.0
288.275920596 0.0
289.275920596 0.0
290.275920596 0.0
291.275920596 0.0
292.275920596 0.0
293.275920596 0.0
294.275920596 0.0
295.275920596 0.0
296.275920596 0.0
297.275920596 0.0
298.275920596 0.0
299.275920596 0.0
300.275920596 0.0
301.275920596 0.0
302.275920596 0.0
303.275920596 0.0
304.275920596 0.0
305.275920596 0.0
306.275920596 0.0
307.275920596 0.0
308.275920596 0.0
309.275920596 0.0
310.275920596 0.0
311.275920596 0.0
312.275920596 0.0
313.275920596 0.0
314.275920596 0.0
315.275920596 0.0
316.275920596 0.0
317.275920596 0.0
318.275920596 0.0
319.275920596 0.0
320.275920596 0.0
321.275920596 0.0
322.275920596 0.0
323.275920596 0.0
324.275920596 0.0
325.275920596 0.0
326.275920596 0.0
327.275920596 0.0
328.275920596 0.0
329.275920596 0.0
330.275920596 0.0
331.275920596 0.0
332.275920596 0.0
333.275920596 0.0
334.275920596 0.0
335.275920596 0.0
336.275920596 0.0
337.275920596 0.0
338.275920596 0.0
339.275920596 0.0
340.275920596 0.0
341.275920596 0.0
342.275920596 0.0
343.275920596 0.0
344.275920596 0.0
345.275920596 0.0
346.275920596 0.0
347.275920596 0.0
348.275920596 0.0
349.275920596 0.0
350.275920596 0.0
351.275920596 0.0
352.275920596 0.0
353.275920596 0.0
354.275920596 0.0
355.275920596 0.0
356.275920596 0.0
357.275920596 0.0
358.275920596 0.0
359.275920596 0.0
360.275920596 0.0
361.275920596 0.0
362.275920596 0.0
363.275920596 0.0
364.275920596 0.0
365.275920596 0.0
366.275920596 0.0
367.275920596 0.0
368.275920596 0.0
369.275920596 0.0
370.275920596 0.0
371.275920596 0.0
372.275920596 0.0
373.275920596 0.0
374.275920596 0.0
375.275920596 0.0
376.275920596 0.0
377.275920596 0.0
378.275920596 0.0
379.275920596 0.0
380.275920596 0.0
381.275920596 0.0
382.275920596 0.0
383.275920596 0.0
384.275920596 0.0
385.275920596 0.0
386.275920596 0.0
387.275920596 0.0
388.275920596 0.0
389.275920596 0.0
390.275920596 0.0
391.275920596 0.0
392.275920596 0.0
393.275920596 0.0
394.275920596 0.0
395.275920596 0.0
396.275920596 0.0
397.275920596 0.0
398.275920596 0.0
399.275920596 0.0
400.275920596 0.0
401.275920596 0.0
402.275920596 0.0
403.275920596 0.0
404.275920596 0.0
405.275920596 0.0
406.275920596 0.0
407.275920596 0.0
408.275920596 0.0
409.275920596 0.0
410.275920596 0.0
411.275920596 0.0
412.275920596 0.0
413.275920596 0.0
414.275920596 0.0
415.275920596 0.0
416.275920596 0.0
417.275920596 0.0
418.275920596 0.0
419.275920596 0.0
420.275920596 0.0
421.275920596 0.0
422.275920596 0.0
423.275920596 0.0
424.275920596 0.0
425.275920596 0.0
426.275920596 0.0
427.275920596 0.0
428.275920596 0.0
429.275920596 0.0
430.275920596 0.0
431.275920596 0.0
432.275920596 0.0
433.275920596 0.0
434.275920596 0.0
435.275920596 0.0
436.275920596 0.0
437.275920596 0.0
438.275920596 0.0
439.275920596 0.0
440.275920596 0.0
441.275920596 0.0
442.275920596 0.0
443.275920596 0.0
444.275920596 0.0
445.275920596 0.0
446.275920596 0.0
447.275920596 0.0
448.275920596 0.0
449.275920596 0.0
450.275920596 0.0
451.275920596 0.0
452.275920596 0.0
453.275920596 0.0
454.275920596 0.0
455.275920596 0.0
456.275920596 0.0
457.275920596 0.0
458.275920596 0.0
459.275920596 0.0
460.275920596 0.0
461.275920596 0.0
462.275920596 0.0
463.275920596 0.0
464.275920596 0.0
465.275920596 0.0
466.275920596 0.0
467.275920596 0.0
468.275920596 0.0
469.275920596 0.0
470.275920596 0.0
471.275920596 0.0
472.275920596 0.0
473.275920596 0.0
474.275920596 0.0
475.275920596 0.0
476.275920596 0.0
477.275920596 0.0
478.275920596 0.0
479.275920596 0.0
480.275920596 0.0
481.275920596 0.0
482.275920596 0.0
483.275920596 0.0
484.275920596 0.0
485.275920596 0.0
486.275920596 0.0
487.275920596 0.0
488.275920596 0.0
489.275920596 0.0
490.275920596 0.0
491.275920596 0.0
492.275920596 0.0
493.275920596 0.0
494.275920596 0.0
495.275920596 0.0
496.275920596 0.0
497.275920596 0.0
498.275920596 0.0
499.275920596 0.0
500.275920596 0.0
501.275920596 0.0
502.275920596 0.0
503.275920596 0.0
504.275920596 0.0
505.275920596 0.0
506.275920596 0.0
507.275920596 0.0
508.275920596 0.0
509.275920596 0.0
510.275920596 0.0
511.275920596 0.0
512.275920596 0.0
513.275920596 0.0
514.275920596 0.0
515.275920596 0.0
516.275920596 0.0
517.275920596 0.0
518.275920596 0.0
519.275920596 0.0
520.275920596 0.0
521.275920596 0.0
522.275920596 0.0
523.275920596 0.0
524.275920596 0.0
525.275920596 0.0
526.275920596 0.0
527.275920596 0.0
528.275920596 0.0
529.275920596 0.0
530.275920596 0.0
531.275920596 0.0
532.275920596 0.0
533.275920596 0.0
534.275920596 0.0
535.275920596 0.0
536.275920596 0.0
537.275920596 0.0
538.275920596 0.0
539.275920596 0.0
540.275920596 0.0
541.275920596 0.0
542.275920596 0.0
543.275920596 0.0
544.275920596 0.0
545.275920596 0.0
546.275920596 0.0
547.275920596 0.0
548.275920596 0.0
549.275920596 0.0
550.275920596 0.0
551.275920596 0.0
552.275920596 0.0
553.275920596 0.0
554.275920596 0.0
555.275920596 0.0
556.275920596 0.0
557.275920596 0.0
558.275920596 0.0
559.275920596 0.0
560.275920596 0.0
561.275920596 0.0
562.275920596 0.0
563.275920596 0.0
564.275920596 0.0
565.275920596 0.0
566.275920596 0.0
567.275920596 0.0
568.275920596 0.0
569.275920596 0.0
570.275920596 0.0
571.275920596 0.0
572.275920596 0.0
573.275920596 0.0
574.275920596 0.0
575.275920596 0.0
576.275920596 0.0
577.275920596 0.0
578.275920596 0.0
579.275920596 0.0
580.275920596 0.0
581.275920596 0.0
582.275920596 0.0
583.275920596 0.0
584.275920596 0.0
585.275920596 0.0
586.275920596 0.0
587.275920596 0.0
588.275920596 0.0
589.275920596 0.0
590.275920596 0.0
591.275920596 0.0
592.275920596 0.0
593.275920596 0.0
594.275920596 0.0
595.275920596 0.0
596.275920596 0.0
597.275920596 0.0
598.275920596 0.0
599.275920596 0.0
600.275920596 0.0
601.275920596 0.0
602.275920596 0.0
603.275920596 0.0
604.275920596 0.0
605.275920596 0.0
606.275920596 0.0
607.275920596 0.0
608.275920596 0.0
609.275920596 0.0
610.275920596 0.0
611.275920596 0.0
