-593.340834505 0.0
-592.340834505 0.0
-591.340834505 0.0
-590.340834505 0.0
-589.340834505 0.0
-588.340834505 0.0
-587.340834505 0.0
-586.340834505 0.0
-585.340834505 0.0
-584.340834505 0.0
-583.340834505 0.0
-582.340834505 0.0
-581.340834505 0.0
-580.340834505 0.0
-579.340834505 0.0
-578.340834505 0.0
-577.340834505 0.0
-576.340834505 0.0
-575.340834505 0.0
-574.340834505 0.0
-573.340834505 0.0
-572.340834505 0.0
-571.340834505 0.0
-570.340834505 0.0
-569.340834505 0.0
-568.340834505 0.0
-567.340834505 0.0
-566.340834505 0.0
-565.340834505 0.0
-564.340834505 0.0
-563.340834505 0.0
-562.340834505 0.0
-561.340834505 0.0
-560.340834505 0.0
-559.340834505 0.0
-558.340834505 0.0
-557.340834505 0.0
-556.340834505 0.0
-555.340834505 0.0
-554.340834505 0.0
-553.340834505 0.0
-552.340834505 0.0
-551.340834505 0.0
-550.340834505 0.0
-549.340834505 0.0
-548.340834505 0.0
-547.340834505 0.0
-546.340834505 0.0
-545.340834505 0.0
-544.340834505 0.0
-543.340834505 0.0
-542.340834505 0.0
-541.340834505 0.0
-540.340834505 0.0
-539.340834505 0.0
-538.340834505 0.0
-537.340834505 0.0
-536.340834505 0.0
-535.340834505 0.0
-534.340834505 0.0
-533.340834505 0.0
-532.340834505 0.0
-531.340834505 0.0
-530.340834505 0.0
-529.340834505 0.0
-528.340834505 0.0
-527.340834505 0.0
-526.340834505 0.0
-525.340834505 0.0
-524.340834505 0.0
-523.340834505 0.0
-522.340834505 0.0
-521.340834505 0.0
-520.340834505 0.0
-519.340834505 0.0
-518.340834505 0.0
-517.340834505 0.0
-516.340834505 0.0
-515.340834505 0.0
-514.340834505 0.0
-513.340834505 0.0
-512.340834505 0.0
-511.340834505 0.0
-510.340834505 0.0
-509.340834505 0.0
-508.340834505 0.0
-507.340834505 0.0
-506.340834505 0.0
-505.340834505 0.0
-504.340834505 0.0
-503.340834505 0.0
-502.340834505 0.0
-501.340834505 0.0
-500.340834505 0.0
-499.340834505 0.0
-498.340834505 0.0
-497.340834505 0.0
-496.340834505 0.0
-495.340834505 0.0
-494.340834505 0.0
-493.340834505 0.0
-492.340834505 0.0
-491.340834505 0.0
-490.340834505 0.0
-489.340834505 0.0
-488.340834505 0.0
-487.340834505 0.0
-486.340834505 0.0
-485.340834505 0.0
-484.340834505 0.0
-483.340834505 0.0
-482.340834505 0.0
-481.340834505 0.0
-480.340834505 0.0
-479.340834505 0.0
-478.340834505 0.0
-477.340834505 0.0
-476.340834505 0.0
-475.340834505 0.0
-474.340834505 0.0
-473.340834505 0.0
-472.340834505 0.0
-471.340834505 0.0
-470.340834505 0.0
-469.340834505 0.0
-468.340834505 0.0
-467.340834505 0.0
-466.340834505 0.0
-465.340834505 0.0
-464.340834505 0.0
-463.340834505 0.0
-462.340834505 0.0
-461.340834505 0.0
-460.340834505 0.0
-459.340834505 0.0
-458.340834505 0.0
-457.340834505 0.0
-456.340834505 0.0
-455.340834505 0.0
-454.340834505 0.0
-453.340834505 0.0
-452.340834505 0.0
-451.340834505 0.0
-450.340834505 0.0
-449.340834505 0.0
-448.340834505 0.0
-447.340834505 0.0
-446.340834505 0.0
-445.340834505 0.0
-444.340834505 0.0
-443.340834505 0.0
-442.340834505 0.0
-441.340834505 0.0
-440.340834505 0.0
-439.340834505 0.0
-438.340834505 0.0
-437.340834505 0.0
-436.340834505 0.0
-435.340834505 0.0
-434.340834505 0.0
-433.340834505 0.0
-432.340834505 0.0
-431.340834505 0.0
-430.340834505 0.0
-429.340834505 0.0
-428.340834505 0.0
-427.340834505 0.0
-426.340834505 0.0
-425.340834505 0.0
-424.340834505 0.0
-423.340834505 0.0
-422.340834505 0.0
-421.340834505 0.0
-420.340834505 0.0
-419.340834505 0.0
-418.340834505 0.0
-417.340834505 0.0
-416.340834505 0.0
-415.340834505 0.0
-414.340834505 0.0
-413.340834505 0.0
-412.340834505 0.0
-411.340834505 0.0
-410.340834505 0.0
-409.340834505 0.0
-408.340834505 0.0
-407.340834505 0.0
-406.340834505 0.0
-405.340834505 0.0
-404.340834505 0.0
-403.340834505 0.0
-402.340834505 0.0
-401.340834505 0.0
-400.340834505 0.0
-399.340834505 0.0
-398.340834505 0.0
-397.340834505 0.0
-396.340834505 0.0
-395.340834505 0.0
-394.340834505 0.0
-393.340834505 0.0
-392.340834505 0.0
-391.340834505 0.0
-390.340834505 0.0
-389.340834505 0.0
-388.340834505 0.0
-387.340834505 0.0
-386.340834505 0.0
-385.340834505 0.0
-384.340834505 0.0
-383.340834505 0.0
-382.340834505 0.0
-381.340834505 0.0
-380.340834505 0.0
-379.340834505 0.0
-378.340834505 0.0
-377.340834505 0.0
-376.340834505 0.0
-375.340834505 0.0
-374.340834505 0.0
-373.340834505 0.0
-372.340834505 0.0
-371.340834505 0.0
-370.340834505 0.0
-369.340834505 0.0
-368.340834505 0.0
-367.340834505 0.0
-366.340834505 0.0
-365.340834505 0.0
-364.340834505 0.0
-363.340834505 0.0
-362.340834505 0.0
-361.340834505 0.0
-360.340834505 0.0
-359.340834505 0.0
-358.340834505 0.0
-357.340834505 0.0
-356.340834505 0.0
-355.340834505 0.0
-354.340834505 0.0
-353.340834505 0.0
-352.340834505 0.0
-351.340834505 0.0
-350.340834505 0.0
-349.340834505 0.0
-348.340834505 0.0
-347.340834505 0.0
-346.340834505 0.0
-345.340834505 0.0
-344.340834505 0.0
-343.340834505 0.0
-342.340834505 0.0
-341.340834505 0.0
-340.340834505 0.0
-339.340834505 0.0
-338.340834505 0.0
-337.340834505 0.0
-336.340834505 0.0
-335.340834505 0.0
-334.340834505 0.0
-333.340834505 0.0
-332.340834505 0.0
-331.340834505 0.0
-330.340834505 0.0
-329.340834505 0.0
-328.340834505 0.0
-327.340834505 0.0
-326.340834505 0.0
-325.340834505 0.0
-324.340834505 0.0
-323.340834505 0.0
-322.340834505 0.0
-321.340834505 0.0
-320.340834505 0.0
-319.340834505 0.0
-318.340834505 0.0
-317.340834505 0.0
-316.340834505 0.0
-315.340834505 0.0
-314.340834505 0.0
-313.340834505 0.0
-312.340834505 0.0
-311.340834505 0.0
-310.340834505 0.0
-309.340834505 0.0
-308.340834505 0.0
-307.340834505 0.0
-306.340834505 0.0
-305.340834505 0.0
-304.340834505 0.0
-303.340834505 0.0
-302.340834505 0.0
-301.340834505 0.0
-300.340834505 0.0
-299.340834505 0.0
-298.340834505 0.0
-297.340834505 0.0
-296.340834505 0.0
-295.340834505 0.0
-294.340834505 0.0
-293.340834505 0.0
-292.340834505 0.0
-291.340834505 0.0
-290.340834505 0.0
-289.340834505 0.0
-288.340834505 0.0
-287.340834505 0.0
-286.340834505 0.0
-285.340834505 0.0
-284.340834505 0.0
-283.340834505 0.0
-282.340834505 0.0
-281.340834505 0.0
-280.340834505 0.0
-279.340834505 0.0
-278.340834505 0.0
-277.340834505 0.0
-276.340834505 0.0
-275.340834505 0.0
-274.340834505 0.0
-273.340834505 0.0
-272.340834505 0.0
-271.340834505 0.0
-270.340834505 0.0
-269.340834505 0.0
-268.340834505 0.0
-267.340834505 0.0
-266.340834505 0.0
-265.340834505 0.0
-264.340834505 0.0
-263.340834505 0.0
-262.340834505 0.0
-261.340834505 0.0
-260.340834505 0.0
-259.340834505 0.0
-258.340834505 0.0
-257.340834505 0.0
-256.340834505 0.0
-255.340834505 0.0
-254.340834505 0.0
-253.340834505 0.0
-252.340834505 0.0
-251.340834505 0.0
-250.340834505 0.0
-249.340834505 0.0
-248.340834505 0.0
-247.340834505 0.0
-246.340834505 0.0
-245.340834505 0.0
-244.340834505 0.0
-243.340834505 0.0
-242.340834505 0.0
-241.340834505 0.0
-240.340834505 0.0
-239.340834505 0.0
-238.340834505 0.0
-237.340834505 0.0
-236.340834505 0.0
-235.340834505 0.0
-234.340834505 0.0
-233.340834505 0.0
-232.340834505 0.0
-231.340834505 0.0
-230.340834505 0.0
-229.340834505 0.0
-228.340834505 0.0
-227.340834505 0.0
-226.340834505 0.0
-225.340834505 0.0
-224.340834505 0.0
-223.340834505 0.0
-222.340834505 0.0
-221.340834505 0.0
-220.340834505 0.0
-219.340834505 0.0
-218.340834505 0.0
-217.340834505 0.0
-216.340834505 0.0
-215.340834505 0.0
-214.340834505 0.0
-213.340834505 0.0
-212.340834505 0.0
-211.340834505 0.0
-210.340834505 0.0
-209.340834505 0.0
-208.340834505 0.0
-207.340834505 0.0
-206.340834505 0.0
-205.340834505 0.0
-204.340834505 0.0
-203.340834505 0.0
-202.340834505 0.0
-201.340834505 0.0
-200.340834505 0.0
-199.340834505 0.0
-198.340834505 0.0
-197.340834505 0.0
-196.340834505 0.0
-195.340834505 0.0
-194.340834505 0.0
-193.340834505 0.0
-192.340834505 0.0
-191.340834505 0.0
-190.340834505 0.0
-189.340834505 0.0
-188.340834505 0.0
-187.340834505 0.0
-186.340834505 0.0
-185.340834505 0.0
-184.340834505 0.0
-183.340834505 0.0
-182.340834505 0.0
-181.340834505 0.0
-180.340834505 0.0
-179.340834505 0.0
-178.340834505 0.0
-177.340834505 0.0
-176.340834505 0.0
-175.340834505 0.0
-174.340834505 0.0
-173.340834505 0.0
-172.340834505 0.0
-171.340834505 0.0
-170.340834505 0.0
-169.340834505 0.0
-168.340834505 0.0
-167.340834505 0.0
-166.340834505 0.0
-165.340834505 0.0
-164.340834505 0.0
-163.340834505 0.0
-162.340834505 0.0
-161.340834505 0.0
-160.340834505 0.0
-159.340834505 0.0
-158.340834505 0.0
-157.340834505 0.0
-156.340834505 0.0
-155.340834505 0.0
-154.340834505 0.0
-153.340834505 0.0
-152.340834505 0.0
-151.340834505 0.0
-150.340834505 0.0
-149.340834505 0.0
-148.340834505 0.0
-147.340834505 0.0
-146.340834505 0.0
-145.340834505 0.0
-144.340834505 0.0
-143.340834505 0.0
-142.340834505 0.0
-141.340834505 0.0
-140.340834505 0.0
-139.340834505 0.0
-138.340834505 0.0
-137.340834505 0.0
-136.340834505 0.0
-135.340834505 0.0
-134.340834505 0.0
-133.340834505 0.0
-132.340834505 0.0
-131.340834505 0.0
-130.340834505 0.0
-129.340834505 0.0
-128.340834505 0.0
-127.340834505 0.0
-126.340834505 0.0
-125.340834505 0.0
-124.340834505 0.0
-123.340834505 0.0
-122.340834505 0.0
-121.340834505 0.0
-120.340834505 0.0
-119.340834505 0.0
-118.340834505 0.0
-117.340834505 0.0
-116.340834505 0.0
-115.340834505 0.0
-114.340834505 0.0
-113.340834505 0.0
-112.340834505 0.0
-111.340834505 0.0
-110.340834505 0.0
-109.340834505 0.0
-108.340834505 0.0
-107.340834505 0.0
-106.340834505 0.0
-105.340834505 0.0
-104.340834505 0.0
-103.340834505 0.0
-102.340834505 0.0
-101.340834505 0.0
-100.340834505 0.0
-99.3408345054 0.0
-98.3408345054 0.0
-97.3408345054 0.0
-96.3408345054 0.0
-95.3408345054 0.0
-94.3408345054 0.0
-93.3408345054 0.000000e+00
-93.0282856696 0.000000e+00
-92.7157368339 0.000000e+00
-92.4031879981 0.000000e+00
-92.0906391624 0.000000e+00
-91.7780903266 0.000000e+00
-91.4655414909 0.000000e+00
-91.1529926551 0.000000e+00
-90.8404438193 0.000000e+00
-90.5278949836 0.000000e+00
-90.2153461478 0.000000e+00
-89.9027973121 0.000000e+00
-89.5902484763 0.000000e+00
-89.2776996406 0.000000e+00
-88.9651508048 0.000000e+00
-88.6526019691 0.000000e+00
-88.3400531333 0.000000e+00
-88.0275042975 0.000000e+00
-87.7149554618 0.000000e+00
-87.402406626 0.000000e+00
-87.0898577903 0.000000e+00
-86.7773089545 0.000000e+00
-86.4647601188 0.000000e+00
-86.152211283 0.000000e+00
-85.8396624473 0.000000e+00
-85.5271136115 0.000000e+00
-85.2145647757 0.000000e+00
-84.90201594 0.000000e+00
-84.5894671042 0.000000e+00
-84.2769182685 0.000000e+00
-83.9643694327 0.000000e+00
-83.651820597 0.000000e+00
-83.3392717612 0.000000e+00
-83.0267229255 0.000000e+00
-82.7141740897 0.000000e+00
-82.4016252539 0.000000e+00
-82.0890764182 0.000000e+00
-81.7765275824 0.000000e+00
-81.4639787467 0.000000e+00
-81.1514299109 0.000000e+00
-80.8388810752 0.000000e+00
-80.5263322394 0.000000e+00
-80.2137834037 0.000000e+00
-79.9012345679 0.000000e+00
-79.5886857321 0.000000e+00
-79.2761368964 0.000000e+00
-78.9635880606 0.000000e+00
-78.6510392249 0.000000e+00
-78.3384903891 0.000000e+00
-78.0259415534 0.000000e+00
-77.7133927176 0.000000e+00
-77.4008438819 0.000000e+00
-77.0882950461 0.000000e+00
-76.7757462103 0.000000e+00
-76.4631973746 0.000000e+00
-76.1506485388 0.000000e+00
-75.8380997031 0.000000e+00
-75.5255508673 0.000000e+00
-75.2130020316 0.000000e+00
-74.9004531958 0.000000e+00
-74.5879043601 0.000000e+00
-74.2753555243 0.000000e+00
-73.9628066885 0.000000e+00
-73.6502578528 0.000000e+00
-73.337709017 0.000000e+00
-73.0251601813 0.000000e+00
-72.7126113455 0.000000e+00
-72.4000625098 0.000000e+00
-72.087513674 0.000000e+00
-71.7749648383 0.000000e+00
-71.4624160025 0.000000e+00
-71.1498671667 0.000000e+00
-70.837318331 0.000000e+00
-70.5247694952 0.000000e+00
-70.2122206595 0.000000e+00
-69.8996718237 0.000000e+00
-69.587122988 0.000000e+00
-69.2745741522 0.000000e+00
-68.9620253165 0.000000e+00
-68.6494764807 0.000000e+00
-68.3369276449 0.000000e+00
-68.0243788092 0.000000e+00
-67.7118299734 0.000000e+00
-67.3992811377 0.000000e+00
-67.0867323019 0.000000e+00
-66.7741834662 0.000000e+00
-66.4616346304 0.000000e+00
-66.1490857947 0.000000e+00
-65.8365369589 0.000000e+00
-65.5239881231 0.000000e+00
-65.2114392874 0.000000e+00
-64.8988904516 0.000000e+00
-64.5863416159 0.000000e+00
-64.2737927801 0.000000e+00
-63.9612439444 0.000000e+00
-63.6486951086 0.000000e+00
-63.3361462729 0.000000e+00
-63.0235974371 0.000000e+00
-62.7110486013 0.000000e+00
-62.3984997656 0.000000e+00
-62.0859509298 0.000000e+00
-61.7734020941 0.000000e+00
-61.4608532583 0.000000e+00
-61.1483044226 0.000000e+00
-60.8357555868 0.000000e+00
-60.5232067511 0.000000e+00
-60.2106579153 0.000000e+00
-59.8981090795 0.000000e+00
-59.5855602438 0.000000e+00
-59.273011408 0.000000e+00
-58.9604625723 0.000000e+00
-58.6479137365 0.000000e+00
-58.3353649008 0.000000e+00
-58.022816065 0.000000e+00
-57.7102672293 0.000000e+00
-57.3977183935 0.000000e+00
-57.0851695577 0.000000e+00
-56.772620722 0.000000e+00
-56.4600718862 0.000000e+00
-56.1475230505 0.000000e+00
-55.8349742147 0.000000e+00
-55.522425379 0.000000e+00
-55.2098765432 0.000000e+00
-54.8973277075 0.000000e+00
-54.5847788717 0.000000e+00
-54.2722300359 0.000000e+00
-53.9596812002 0.000000e+00
-53.6471323644 0.000000e+00
-53.3345835287 0.000000e+00
-53.0220346929 0.000000e+00
-52.7094858572 0.000000e+00
-52.3969370214 0.000000e+00
-52.0843881857 0.000000e+00
-51.7718393499 0.000000e+00
-51.4592905141 0.000000e+00
-51.1467416784 0.000000e+00
-50.8341928426 0.000000e+00
-50.5216440069 0.000000e+00
-50.2090951711 0.000000e+00
-49.8965463354 0.000000e+00
-49.5839974996 0.000000e+00
-49.2714486639 0.000000e+00
-48.9588998281 0.000000e+00
-48.6463509923 0.000000e+00
-48.3338021566 0.000000e+00
-48.0212533208 0.000000e+00
-47.7087044851 0.000000e+00
-47.3961556493 0.000000e+00
-47.0836068136 0.000000e+00
-46.7710579778 0.000000e+00
-46.4585091421 0.000000e+00
-46.1459603063 0.000000e+00
-45.8334114705 0.000000e+00
-45.5208626348 0.000000e+00
-45.208313799 0.000000e+00
-44.8957649633 0.000000e+00
-44.5832161275 0.000000e+00
-44.2706672918 0.000000e+00
-43.958118456 0.000000e+00
-43.6455696203 0.000000e+00
-43.3330207845 0.000000e+00
-43.0204719487 0.000000e+00
-42.707923113 0.000000e+00
-42.3953742772 0.000000e+00
-42.0828254415 0.000000e+00
-41.7702766057 0.000000e+00
-41.45772777 0.000000e+00
-41.1451789342 0.000000e+00
-40.8326300985 0.000000e+00
-40.5200812627 0.000000e+00
-40.2075324269 0.000000e+00
-39.8949835912 0.000000e+00
-39.5824347554 0.000000e+00
-39.2698859197 0.000000e+00
-38.9573370839 0.000000e+00
-38.6447882482 0.000000e+00
-38.3322394124 0.000000e+00
-38.0196905767 0.000000e+00
-37.7071417409 0.000000e+00
-37.3945929051 0.000000e+00
-37.0820440694 0.000000e+00
-36.7694952336 0.000000e+00
-36.4569463979 0.000000e+00
-36.1443975621 0.000000e+00
-35.8318487264 0.000000e+00
-35.5192998906 0.000000e+00
-35.2067510549 0.000000e+00
-34.8942022191 0.000000e+00
-34.5816533833 0.000000e+00
-34.2691045476 0.000000e+00
-33.9565557118 0.000000e+00
-33.6440068761 0.000000e+00
-33.3314580403 0.000000e+00
-33.0189092046 0.000000e+00
-32.7063603688 0.000000e+00
-32.3938115331 0.000000e+00
-32.0812626973 0.000000e+00
-31.7687138615 0.000000e+00
-31.4561650258 0.000000e+00
-31.14361619 0.000000e+00
-30.8310673543 0.000000e+00
-30.5185185185 0.000000e+00
-30.2059696828 0.000000e+00
-29.893420847 0.000000e+00
-29.5808720113 0.000000e+00
-29.2683231755 0.000000e+00
-28.9557743397 0.000000e+00
-28.643225504 0.000000e+00
-28.3306766682 0.000000e+00
-28.0181278325 0.000000e+00
-27.7055789967 0.000000e+00
-27.393030161 0.000000e+00
-27.0804813252 0.000000e+00
-26.7679324895 0.000000e+00
-26.4553836537 0.000000e+00
-26.1428348179 0.000000e+00
-25.8302859822 0.000000e+00
-25.5177371464 0.000000e+00
-25.2051883107 0.000000e+00
-24.8926394749 0.000000e+00
-24.5800906392 0.000000e+00
-24.2675418034 0.000000e+00
-23.9549929677 0.000000e+00
-23.6424441319 0.000000e+00
-23.3298952961 0.000000e+00
-23.0173464604 0.000000e+00
-22.7047976246 0.000000e+00
-22.3922487889 0.000000e+00
-22.0796999531 0.000000e+00
-21.7671511174 0.000000e+00
-21.4546022816 0.000000e+00
-21.1420534459 0.000000e+00
-20.8295046101 0.000000e+00
-20.5169557743 0.000000e+00
-20.2044069386 0.000000e+00
-19.8918581028 0.000000e+00
-19.5793092671 0.000000e+00
-19.2667604313 0.000000e+00
-18.9542115956 0.000000e+00
-18.6416627598 0.000000e+00
-18.3291139241 0.000000e+00
-18.0165650883 0.000000e+00
-17.7040162525 0.000000e+00
-17.3914674168 0.000000e+00
-17.078918581 0.000000e+00
-16.7663697453 0.000000e+00
-16.4538209095 0.000000e+00
-16.1412720738 0.000000e+00
-15.828723238 0.000000e+00
-15.5161744023 0.000000e+00
-15.2036255665 0.000000e+00
-14.8910767307 0.000000e+00
-14.578527895 0.000000e+00
-14.2659790592 0.000000e+00
-13.9534302235 0.000000e+00
-13.6408813877 0.000000e+00
-13.328332552 0.000000e+00
-13.0157837162 0.000000e+00
-12.7032348805 0.000000e+00
-12.3906860447 0.000000e+00
-12.0781372089 0.000000e+00
-11.7655883732 0.000000e+00
-11.4530395374 0.000000e+00
-11.1404907017 0.000000e+00
-10.8279418659 0.000000e+00
-10.5153930302 0.000000e+00
-10.2028441944 0.000000e+00
-9.89029535865 0.000000e+00
-9.57774652289 0.000000e+00
-9.26519768714 0.000000e+00
-8.95264885138 0.000000e+00
-8.64010001563 0.000000e+00
-8.32755117987 0.000000e+00
-8.01500234412 0.000000e+00
-7.70245350836 0.000000e+00
-7.38990467261 0.000000e+00
-7.07735583685 0.000000e+00
-6.76480700109 0.000000e+00
-6.45225816534 0.000000e+00
-6.13970932958 0.000000e+00
-5.82716049383 0.000000e+00
-5.51461165807 0.000000e+00
-5.20206282232 0.000000e+00
-4.88951398656 0.000000e+00
-4.5769651508 0.000000e+00
-4.26441631505 0.000000e+00
-3.95186747929 0.000000e+00
-3.63931864354 0.000000e+00
-3.32676980778 0.000000e+00
-3.01422097203 0.000000e+00
-2.70167213627 0.000000e+00
-2.38912330052 0.000000e+00
-2.07657446476 0.000000e+00
-1.764025629 0.000000e+00
-1.45147679325 0.000000e+00
-1.13892795749 0.000000e+00
-0.826379121738 1.019021e-01
-0.513830285982 1.520966e-01
-0.201281450227 6.467832e-01
0.111267385529 1.000000e+00
0.423816221285 5.892554e-01
0.73636505704 1.890310e-01
1.0489138928 8.017301e-02
1.36146272855 0.000000e+00
1.67401156431 0.000000e+00
1.98656040006 0.000000e+00
2.29910923582 0.000000e+00
2.61165807157 0.000000e+00
2.92420690733 0.000000e+00
3.23675574308 0.000000e+00
3.54930457884 0.000000e+00
3.8618534146 0.000000e+00
4.17440225035 0.000000e+00
4.48695108611 0.000000e+00
4.79949992186 0.000000e+00
5.11204875762 0.000000e+00
5.42459759337 0.000000e+00
5.73714642913 0.000000e+00
6.04969526489 0.000000e+00
6.36224410064 0.000000e+00
6.6747929364 0.000000e+00
6.98734177215 0.000000e+00
7.29989060791 0.000000e+00
7.61243944366 0.000000e+00
7.92498827942 0.000000e+00
8.23753711517 0.000000e+00
8.55008595093 0.000000e+00
8.86263478669 0.000000e+00
9.17518362244 0.000000e+00
9.4877324582 0.000000e+00
9.80028129395 0.000000e+00
10.1128301297 0.000000e+00
10.4253789655 0.000000e+00
10.7379278012 0.000000e+00
11.050476637 0.000000e+00
11.3630254727 0.000000e+00
11.6755743085 0.000000e+00
11.9881231442 0.000000e+00
12.30067198 0.000000e+00
12.6132208158 0.000000e+00
12.9257696515 0.000000e+00
13.2383184873 0.000000e+00
13.550867323 0.000000e+00
13.8634161588 0.000000e+00
14.1759649945 0.000000e+00
14.4885138303 0.000000e+00
14.801062666 0.000000e+00
15.1136115018 0.000000e+00
15.4261603376 0.000000e+00
15.7387091733 0.000000e+00
16.0512580091 0.000000e+00
16.3638068448 0.000000e+00
16.6763556806 0.000000e+00
16.9889045163 0.000000e+00
17.3014533521 0.000000e+00
17.6140021878 0.000000e+00
17.9265510236 0.000000e+00
18.2390998594 0.000000e+00
18.5516486951 0.000000e+00
18.8641975309 0.000000e+00
19.1767463666 0.000000e+00
19.4892952024 0.000000e+00
19.8018440381 0.000000e+00
20.1143928739 0.000000e+00
20.4269417096 0.000000e+00
20.7394905454 0.000000e+00
21.0520393812 0.000000e+00
21.3645882169 0.000000e+00
21.6771370527 0.000000e+00
21.9896858884 0.000000e+00
22.3022347242 0.000000e+00
22.6147835599 0.000000e+00
22.9273323957 0.000000e+00
23.2398812314 0.000000e+00
23.5524300672 0.000000e+00
23.864978903 0.000000e+00
24.1775277387 0.000000e+00
24.4900765745 0.000000e+00
24.8026254102 0.000000e+00
25.115174246 0.000000e+00
25.4277230817 0.000000e+00
25.7402719175 0.000000e+00
26.0528207532 0.000000e+00
26.365369589 0.000000e+00
26.6779184248 0.000000e+00
26.9904672605 0.000000e+00
27.3030160963 0.000000e+00
27.615564932 0.000000e+00
27.9281137678 0.000000e+00
28.2406626035 0.000000e+00
28.5532114393 0.000000e+00
28.865760275 0.000000e+00
29.1783091108 0.000000e+00
29.4908579466 0.000000e+00
29.8034067823 0.000000e+00
30.1159556181 0.000000e+00
30.4285044538 0.000000e+00
30.7410532896 0.000000e+00
31.0536021253 0.000000e+00
31.3661509611 0.000000e+00
31.6786997968 0.000000e+00
31.9912486326 0.000000e+00
32.3037974684 0.000000e+00
32.6163463041 0.000000e+00
32.9288951399 0.000000e+00
33.2414439756 0.000000e+00
33.5539928114 0.000000e+00
33.8665416471 0.000000e+00
34.1790904829 0.000000e+00
34.4916393186 0.000000e+00
34.8041881544 0.000000e+00
35.1167369902 0.000000e+00
35.4292858259 0.000000e+00
35.7418346617 0.000000e+00
36.0543834974 0.000000e+00
36.3669323332 0.000000e+00
36.6794811689 0.000000e+00
36.9920300047 0.000000e+00
37.3045788404 0.000000e+00
37.6171276762 0.000000e+00
37.929676512 0.000000e+00
38.2422253477 0.000000e+00
38.5547741835 0.000000e+00
38.8673230192 0.000000e+00
39.179871855 0.000000e+00
39.4924206907 0.000000e+00
39.8049695265 0.000000e+00
40.1175183622 0.000000e+00
40.430067198 0.000000e+00
40.7426160338 0.000000e+00
41.0551648695 0.000000e+00
41.3677137053 0.000000e+00
41.680262541 0.000000e+00
41.9928113768 0.000000e+00
42.3053602125 0.000000e+00
42.6179090483 0.000000e+00
42.930457884 0.000000e+00
43.2430067198 0.000000e+00
43.5555555556 0.000000e+00
43.8681043913 0.000000e+00
44.1806532271 0.000000e+00
44.4932020628 0.000000e+00
44.8057508986 0.000000e+00
45.1182997343 0.000000e+00
45.4308485701 0.000000e+00
45.7433974058 0.000000e+00
46.0559462416 0.000000e+00
46.3684950774 0.000000e+00
46.6810439131 0.000000e+00
46.9935927489 0.000000e+00
47.3061415846 0.000000e+00
47.6186904204 0.000000e+00
47.9312392561 0.000000e+00
48.2437880919 0.000000e+00
48.5563369276 0.000000e+00
48.8688857634 0.000000e+00
49.1814345992 0.000000e+00
49.4939834349 0.000000e+00
49.8065322707 0.000000e+00
50.1190811064 0.000000e+00
50.4316299422 0.000000e+00
50.7441787779 0.000000e+00
51.0567276137 0.000000e+00
51.3692764494 0.000000e+00
51.6818252852 0.000000e+00
51.994374121 0.000000e+00
52.3069229567 0.000000e+00
52.6194717925 0.000000e+00
52.9320206282 0.000000e+00
53.244569464 0.000000e+00
53.5571182997 0.000000e+00
53.8696671355 0.000000e+00
54.1822159712 0.000000e+00
54.494764807 0.000000e+00
54.8073136428 0.000000e+00
55.1198624785 0.000000e+00
55.4324113143 0.000000e+00
55.74496015 0.000000e+00
56.0575089858 0.000000e+00
56.3700578215 0.000000e+00
56.6826066573 0.000000e+00
56.995155493 0.000000e+00
57.3077043288 0.000000e+00
57.6202531646 0.000000e+00
57.9328020003 0.000000e+00
58.2453508361 0.000000e+00
58.5578996718 0.000000e+00
58.8704485076 0.000000e+00
59.1829973433 0.000000e+00
59.4955461791 0.000000e+00
59.8080950148 0.000000e+00
60.1206438506 0.000000e+00
60.4331926864 0.000000e+00
60.7457415221 0.000000e+00
61.0582903579 0.000000e+00
61.3708391936 0.000000e+00
61.6833880294 0.000000e+00
61.9959368651 0.000000e+00
62.3084857009 0.000000e+00
62.6210345366 0.000000e+00
62.9335833724 0.000000e+00
63.2461322082 0.000000e+00
63.5586810439 0.000000e+00
63.8712298797 0.000000e+00
64.1837787154 0.000000e+00
64.4963275512 0.000000e+00
64.8088763869 0.000000e+00
65.1214252227 0.000000e+00
65.4339740584 0.000000e+00
65.7465228942 0.000000e+00
66.05907173 0.000000e+00
66.3716205657 0.000000e+00
66.6841694015 0.000000e+00
66.9967182372 0.000000e+00
67.309267073 0.000000e+00
67.6218159087 0.000000e+00
67.9343647445 0.000000e+00
68.2469135802 0.000000e+00
68.559462416 0.000000e+00
68.8720112518 0.000000e+00
69.1845600875 0.000000e+00
69.4971089233 0.000000e+00
69.809657759 0.000000e+00
70.1222065948 0.000000e+00
70.4347554305 0.000000e+00
70.7473042663 0.000000e+00
71.059853102 0.000000e+00
71.3724019378 0.000000e+00
71.6849507736 0.000000e+00
71.9974996093 0.000000e+00
72.3100484451 0.000000e+00
72.6225972808 0.000000e+00
72.9351461166 0.000000e+00
73.2476949523 0.000000e+00
73.5602437881 0.000000e+00
73.8727926238 0.000000e+00
74.1853414596 0.000000e+00
74.4978902954 0.000000e+00
74.8104391311 0.000000e+00
75.1229879669 0.000000e+00
75.4355368026 0.000000e+00
75.7480856384 0.000000e+00
76.0606344741 0.000000e+00
76.3731833099 0.000000e+00
76.6857321456 0.000000e+00
76.9982809814 0.000000e+00
77.3108298172 0.000000e+00
77.6233786529 0.000000e+00
77.9359274887 0.000000e+00
78.2484763244 0.000000e+00
78.5610251602 0.000000e+00
78.8735739959 0.000000e+00
79.1861228317 0.000000e+00
79.4986716674 0.000000e+00
79.8112205032 0.000000e+00
80.123769339 0.000000e+00
80.4363181747 0.000000e+00
80.7488670105 0.000000e+00
81.0614158462 0.000000e+00
81.373964682 0.000000e+00
81.6865135177 0.000000e+00
81.9990623535 0.000000e+00
82.3116111892 0.000000e+00
82.624160025 0.000000e+00
82.9367088608 0.000000e+00
83.2492576965 0.000000e+00
83.5618065323 0.000000e+00
83.874355368 0.000000e+00
84.1869042038 0.000000e+00
84.4994530395 0.000000e+00
84.8120018753 0.000000e+00
85.124550711 0.000000e+00
85.4370995468 0.000000e+00
85.7496483826 0.000000e+00
86.0621972183 0.000000e+00
86.3747460541 0.000000e+00
86.6872948898 0.000000e+00
86.9998437256 0.000000e+00
87.3123925613 0.000000e+00
87.6249413971 0.000000e+00
87.9374902328 0.000000e+00
88.2500390686 0.000000e+00
88.5625879044 0.000000e+00
88.8751367401 0.000000e+00
89.1876855759 0.000000e+00
89.5002344116 0.000000e+00
89.8127832474 0.000000e+00
90.1253320831 0.000000e+00
90.4378809189 0.000000e+00
90.7504297546 0.000000e+00
91.0629785904 0.000000e+00
91.3755274262 0.000000e+00
91.6880762619 0.000000e+00
92.0006250977 0.000000e+00
92.3131739334 0.000000e+00
92.6257227692 0.000000e+00
92.9382716049 0.000000e+00
93.2508204407 0.000000e+00
93.5633692764 0.000000e+00
93.8759181122 0.000000e+00
94.188466948 0.000000e+00
94.5010157837 0.000000e+00
95.5010157837 0.0
96.5010157837 0.0
97.5010157837 0.0
98.5010157837 0.0
99.5010157837 0.0
100.501015784 0.0
101.501015784 0.0
102.501015784 0.0
103.501015784 0.0
104.501015784 0.0
105.501015784 0.0
106.501015784 0.0
107.501015784 0.0
108.501015784 0.0
109.501015784 0.0
110.501015784 0.0
111.501015784 0.0
112.501015784 0.0
113.501015784 0.0
114.501015784 0.0
115.501015784 0.0
116.501015784 0.0
117.501015784 0.0
118.501015784 0.0
119.501015784 0.0
120.501015784 0.0
121.501015784 0.0
122.501015784 0.0
123.501015784 0.0
124.501015784 0.0
125.501015784 0.0
126.501015784 0.0
127.501015784 0.0
128.501015784 0.0
129.501015784 0.0
130.501015784 0.0
131.501015784 0.0
132.501015784 0.0
133.501015784 0.0
134.501015784 0.0
135.501015784 0.0
136.501015784 0.0
137.501015784 0.0
138.501015784 0.0
139.501015784 0.0
140.501015784 0.0
141.501015784 0.0
142.501015784 0.0
143.501015784 0.0
144.501015784 0.0
145.501015784 0.0
146.501015784 0.0
147.501015784 0.0
148.501015784 0.0
149.501015784 0.0
150.501015784 0.0
151.501015784 0.0
152.501015784 0.0
153.501015784 0.0
154.501015784 0.0
155.501015784 0.0
156.501015784 0.0
157.501015784 0.0
158.501015784 0.0
159.501015784 0.0
160.501015784 0.0
161.501015784 0.0
162.501015784 0.0
163.501015784 0.0
164.501015784 0.0
165.501015784 0.0
166.501015784 0.0
167.501015784 0.0
168.501015784 0.0
169.501015784 0.0
170.501015784 0.0
171.501015784 0.0
172.501015784 0.0
173.501015784 0.0
174.501015784 0.0
175.501015784 0.0
176.501015784 0.0
177.501015784 0.0
178.501015784 0.0
179.501015784 0.0
180.501015784 0.0
181.501015784 0.0
182.501015784 0.0
183.501015784 0.0
184.501015784 0.0
185.501015784 0.0
186.501015784 0.0
187.501015784 0.0
188.501015784 0.0
189.501015784 0.0
190.501015784 0.0
191.501015784 0.0
192.501015784 0.0
193.501015784 0.0
194.501015784 0.0
195.501015784 0.0
196.501015784 0.0
197.501015784 0.0
198.501015784 0.0
199.501015784 0.0
200.501015784 0.0
201.501015784 0.0
202.501015784 0.0
203.501015784 0.0
204.501015784 0.0
205.501015784 0.0
206.501015784 0.0
207.501015784 0.0
208.501015784 0.0
209.501015784 0.0
210.501015784 0.0
211.501015784 0.0
212.501015784 0.0
213.501015784 0.0
214.501015784 0.0
215.501015784 0.0
216.501015784 0.0
217.501015784 0.0
218.501015784 0.0
219.501015784 0.0
220.501015784 0.0
221.501015784 0.0
222.501015784 0.0
223.501015784 0.0
224.501015784 0.0
225.501015784 0.0
226.501015784 0.0
227.501015784 0.0
228.501015784 0.0
229.501015784 0.0
230.501015784 0.0
231.501015784 0.0
232.501015784 0.0
233.501015784 0.0
234.501015784 0.0
235.501015784 0.0
236.501015784 0.0
237.501015784 0.0
238.501015784 0.0
239.501015784 0.0
240.501015784 0.0
241.501015784 0.0
242.501015784 0.0
243.501015784 0.0
244.501015784 0.0
245.501015784 0.0
246.501015784 0.0
247.501015784 0.0
248.501015784 0.0
249.501015784 0.0
250.501015784 0.0
251.501015784 0.0
252.501015784 0.0
253.501015784 0.0
254.501015784 0.0
255.501015784 0.0
256.501015784 0.0
257.501015784 0.0
258.501015784 0.0
259.501015784 0.0
260.501015784 0.0
261.501015784 0.0
262.501015784 0.0
263.501015784 0.0
264.501015784 0.0
265.501015784 0.0
266.501015784 0.0
267.501015784 0.0
268.501015784 0.0
269.501015784 0.0
270.501015784 0.0
271.501015784 0.0
272.501015784 0.0
273.501015784 0.0
274.501015784 0.0
275.501015784 0.0
276.501015784 0.0
277.501015784 0.0
278.501015784 0.0
279.501015784 0.0
280.501015784 0.0
281.501015784 0.0
282.501015784 0.0
283.501015784 0.0
284.501015784 0.0
285.501015784 0.0
286.501015784 0.0
287.501015784 0.0
288.501015784 0.0
289.501015784 0.0
290.501015784 0.0
291.501015784 0.0
292.501015784 0.0
293.501015784 0.0
294.501015784 0.0
295.501015784 0.0
296.501015784 0.0
297.501015784 0.0
298.501015784 0.0
299.501015784 0.0
300.501015784 0.0
301.501015784 0.0
302.501015784 0.0
303.501015784 0.0
304.501015784 0.0
305.501015784 0.0
306.501015784 0.0
307.501015784 0.0
308.501015784 0.0
309.501015784 0.0
310.501015784 0.0
311.501015784 0.0
312.501015784 0.0
313.501015784 0.0
314.501015784 0.0
315.501015784 0.0
316.501015784 0.0
317.501015784 0.0
318.501015784 0.0
319.501015784 0.0
320.501015784 0.0
321.501015784 0.0
322.501015784 0.0
323.501015784 0.0
324.501015784 0.0
325.501015784 0.0
326.501015784 0.0
327.501015784 0.0
328.501015784 0.0
329.501015784 0.0
330.501015784 0.0
331.501015784 0.0
332.501015784 0.0
333.501015784 0.0
334.501015784 0.0
335.501015784 0.0
336.501015784 0.0
337.501015784 0.0
338.501015784 0.0
339.501015784 0.0
340.501015784 0.0
341.501015784 0.0
342.501015784 0.0
343.501015784 0.0
344.501015784 0.0
345.501015784 0.0
346.501015784 0.0
347.501015784 0.0
348.501015784 0.0
349.501015784 0.0
350.501015784 0.0
351.501015784 0.0
352.501015784 0.0
353.501015784 0.0
354.501015784 0.0
355.501015784 0.0
356.501015784 0.0
357.501015784 0.0
358.501015784 0.0
359.501015784 0.0
360.501015784 0.0
361.501015784 0.0
362.501015784 0.0
363.501015784 0.0
364.501015784 0.0
365.501015784 0.0
366.501015784 0.0
367.501015784 0.0
368.501015784 0.0
369.501015784 0.0
370.501015784 0.0
371.501015784 0.0
372.501015784 0.0
373.501015784 0.0
374.501015784 0.0
375.501015784 0.0
376.501015784 0.0
377.501015784 0.0
378.501015784 0.0
379.501015784 0.0
380.501015784 0.0
381.501015784 0.0
382.501015784 0.0
383.501015784 0.0
384.501015784 0.0
385.501015784 0.0
386.501015784 0.0
387.501015784 0.0
388.501015784 0.0
389.501015784 0.0
390.501015784 0.0
391.501015784 0.0
392.501015784 0.0
393.501015784 0.0
394.501015784 0.0
395.501015784 0.0
396.501015784 0.0
397.501015784 0.0
398.501015784 0.0
399.501015784 0.0
400.501015784 0.0
401.501015784 0.0
402.501015784 0.0
403.501015784 0.0
404.501015784 0.0
405.501015784 0.0
406.501015784 0.0
407.501015784 0.0
408.501015784 0.0
409.501015784 0.0
410.501015784 0.0
411.501015784 0.0
412.501015784 0.0
413.501015784 0.0
414.501015784 0.0
415.501015784 0.0
416.501015784 0.0
417.501015784 0.0
418.501015784 0.0
419.501015784 0.0
420.501015784 0.0
421.501015784 0.0
422.501015784 0.0
423.501015784 0.0
424.501015784 0.0
425.501015784 0.0
426.501015784 0.0
427.501015784 0.0
428.501015784 0.0
429.501015784 0.0
430.501015784 0.0
431.501015784 0.0
432.501015784 0.0
433.501015784 0.0
434.501015784 0.0
435.501015784 0.0
436.501015784 0.0
437.501015784 0.0
438.501015784 0.0
439.501015784 0.0
440.501015784 0.0
441.501015784 0.0
442.501015784 0.0
443.501015784 0.0
444.501015784 0.0
445.501015784 0.0
446.501015784 0.0
447.501015784 0.0
448.501015784 0.0
449.501015784 0.0
450.501015784 0.0
451.501015784 0.0
452.501015784 0.0
453.501015784 0.0
454.501015784 0.0
455.501015784 0.0
456.501015784 0.0
457.501015784 0.0
458.501015784 0.0
459.501015784 0.0
460.501015784 0.0
461.501015784 0.0
462.501015784 0.0
463.501015784 0.0
464.501015784 0.0
465.501015784 0.0
466.501015784 0.0
467.501015784 0.0
468.501015784 0.0
469.501015784 0.0
470.501015784 0.0
471.501015784 0.0
472.501015784 0.0
473.501015784 0.0
474.501015784 0.0
475.501015784 0.0
476.501015784 0.0
477.501015784 0.0
478.501015784 0.0
479.501015784 0.0
480.501015784 0.0
481.501015784 0.0
482.501015784 0.0
483.501015784 0.0
484.501015784 0.0
485.501015784 0.0
486.501015784 0.0
487.501015784 0.0
488.501015784 0.0
489.501015784 0.0
490.501015784 0.0
491.501015784 0.0
492.501015784 0.0
493.501015784 0.0
494.501015784 0.0
495.501015784 0.0
496.501015784 0.0
497.501015784 0.0
498.501015784 0.0
499.501015784 0.0
500.501015784 0.0
501.501015784 0.0
502.501015784 0.0
503.501015784 0.0
504.501015784 0.0
505.501015784 0.0
506.501015784 0.0
507.501015784 0.0
508.501015784 0.0
509.501015784 0.0
510.501015784 0.0
511.501015784 0.0
512.501015784 0.0
513.501015784 0.0
514.501015784 0.0
515.501015784 0.0
516.501015784 0.0
517.501015784 0.0
518.501015784 0.0
519.501015784 0.0
520.501015784 0.0
521.501015784 0.0
522.501015784 0.0
523.501015784 0.0
524.501015784 0.0
525.501015784 0.0
526.501015784 0.0
527.501015784 0.0
528.501015784 0.0
529.501015784 0.0
530.501015784 0.0
531.501015784 0.0
532.501015784 0.0
533.501015784 0.0
534.501015784 0.0
535.501015784 0.0
536.501015784 0.0
537.501015784 0.0
538.501015784 0.0
539.501015784 0.0
540.501015784 0.0
541.501015784 0.0
542.501015784 0.0
543.501015784 0.0
544.501015784 0.0
545.501015784 0.0
546.501015784 0.0
547.501015784 0.0
548.501015784 0.0
549.501015784 0.0
550.501015784 0.0
551.501015784 0.0
552.501015784 0.0
553.501015784 0.0
554.501015784 0.0
555.501015784 0.0
556.501015784 0.0
557.501015784 0.0
558.501015784 0.0
559.501015784 0.0
560.501015784 0.0
561.501015784 0.0
562.501015784 0.0
563.501015784 0.0
564.501015784 0.0
565.501015784 0.0
566.501015784 0.0
567.501015784 0.0
568.501015784 0.0
569.501015784 0.0
570.501015784 0.0
571.501015784 0.0
572.501015784 0.0
573.501015784 0.0
574.501015784 0.0
575.501015784 0.0
576.501015784 0.0
577.501015784 0.0
578.501015784 0.0
579.501015784 0.0
580.501015784 0.0
581.501015784 0.0
582.501015784 0.0
583.501015784 0.0
584.501015784 0.0
585.501015784 0.0
586.501015784 0.0
587.501015784 0.0
588.501015784 0.0
589.501015784 0.0
590.501015784 0.0
591.501015784 0.0
592.501015784 0.0
593.501015784 0.0
594.501015784 0.0
