-595.917433035 0.0
-594.917433035 0.0
-593.917433035 0.0
-592.917433035 0.0
-591.917433035 0.0
-590.917433035 0.0
-589.917433035 0.0
-588.917433035 0.0
-587.917433035 0.0
-586.917433035 0.0
-585.917433035 0.0
-584.917433035 0.0
-583.917433035 0.0
-582.917433035 0.0
-581.917433035 0.0
-580.917433035 0.0
-579.917433035 0.0
-578.917433035 0.0
-577.917433035 0.0
-576.917433035 0.0
-575.917433035 0.0
-574.917433035 0.0
-573.917433035 0.0
-572.917433035 0.0
-571.917433035 0.0
-570.917433035 0.0
-569.917433035 0.0
-568.917433035 0.0
-567.917433035 0.0
-566.917433035 0.0
-565.917433035 0.0
-564.917433035 0.0
-563.917433035 0.0
-562.917433035 0.0
-561.917433035 0.0
-560.917433035 0.0
-559.917433035 0.0
-558.917433035 0.0
-557.917433035 0.0
-556.917433035 0.0
-555.917433035 0.0
-554.917433035 0.0
-553.917433035 0.0
-552.917433035 0.0
-551.917433035 0.0
-550.917433035 0.0
-549.917433035 0.0
-548.917433035 0.0
-547.917433035 0.0
-546.917433035 0.0
-545.917433035 0.0
-544.917433035 0.0
-543.917433035 0.0
-542.917433035 0.0
-541.917433035 0.0
-540.917433035 0.0
-539.917433035 0.0
-538.917433035 0.0
-537.917433035 0.0
-536.917433035 0.0
-535.917433035 0.0
-534.917433035 0.0
-533.917433035 0.0
-532.917433035 0.0
-531.917433035 0.0
-530.917433035 0.0
-529.917433035 0.0
-528.917433035 0.0
-527.917433035 0.0
-526.917433035 0.0
-525.917433035 0.0
-524.917433035 0.0
-523.917433035 0.0
-522.917433035 0.0
-521.917433035 0.0
-520.917433035 0.0
-519.917433035 0.0
-518.917433035 0.0
-517.917433035 0.0
-516.917433035 0.0
-515.917433035 0.0
-514.917433035 0.0
-513.917433035 0.0
-512.917433035 0.0
-511.917433035 0.0
-510.917433035 0.0
-509.917433035 0.0
-508.917433035 0.0
-507.917433035 0.0
-506.917433035 0.0
-505.917433035 0.0
-504.917433035 0.0
-503.917433035 0.0
-502.917433035 0.0
-501.917433035 0.0
-500.917433035 0.0
-499.917433035 0.0
-498.917433035 0.0
-497.917433035 0.0
-496.917433035 0.0
-495.917433035 0.0
-494.917433035 0.0
-493.917433035 0.0
-492.917433035 0.0
-491.917433035 0.0
-490.917433035 0.0
-489.917433035 0.0
-488.917433035 0.0
-487.917433035 0.0
-486.917433035 0.0
-485.917433035 0.0
-484.917433035 0.0
-483.917433035 0.0
-482.917433035 0.0
-481.917433035 0.0
-480.917433035 0.0
-479.917433035 0.0
-478.917433035 0.0
-477.917433035 0.0
-476.917433035 0.0
-475.917433035 0.0
-474.917433035 0.0
-473.917433035 0.0
-472.917433035 0.0
-471.917433035 0.0
-470.917433035 0.0
-469.917433035 0.0
-468.917433035 0.0
-467.917433035 0.0
-466.917433035 0.0
-465.917433035 0.0
-464.917433035 0.0
-463.917433035 0.0
-462.917433035 0.0
-461.917433035 0.0
-460.917433035 0.0
-459.917433035 0.0
-458.917433035 0.0
-457.917433035 0.0
-456.917433035 0.0
-455.917433035 0.0
-454.917433035 0.0
-453.917433035 0.0
-452.917433035 0.0
-451.917433035 0.0
-450.917433035 0.0
-449.917433035 0.0
-448.917433035 0.0
-447.917433035 0.0
-446.917433035 0.0
-445.917433035 0.0
-444.917433035 0.0
-443.917433035 0.0
-442.917433035 0.0
-441.917433035 0.0
-440.917433035 0.0
-439.917433035 0.0
-438.917433035 0.0
-437.917433035 0.0
-436.917433035 0.0
-435.917433035 0.0
-434.917433035 0.0
-433.917433035 0.0
-432.917433035 0.0
-431.917433035 0.0
-430.917433035 0.0
-429.917433035 0.0
-428.917433035 0.0
-427.917433035 0.0
-426.917433035 0.0
-425.917433035 0.0
-424.917433035 0.0
-423.917433035 0.0
-422.917433035 0.0
-421.917433035 0.0
-420.917433035 0.0
-419.917433035 0.0
-418.917433035 0.0
-417.917433035 0.0
-416.917433035 0.0
-415.917433035 0.0
-414.917433035 0.0
-413.917433035 0.0
-412.917433035 0.0
-411.917433035 0.0
-410.917433035 0.0
-409.917433035 0.0
-408.917433035 0.0
-407.917433035 0.0
-406.917433035 0.0
-405.917433035 0.0
-404.917433035 0.0
-403.917433035 0.0
-402.917433035 0.0
-401.917433035 0.0
-400.917433035 0.0
-399.917433035 0.0
-398.917433035 0.0
-397.917433035 0.0
-396.917433035 0.0
-395.917433035 0.0
-394.917433035 0.0
-393.917433035 0.0
-392.917433035 0.0
-391.917433035 0.0
-390.917433035 0.0
-389.917433035 0.0
-388.917433035 0.0
-387.917433035 0.0
-386.917433035 0.0
-385.917433035 0.0
-384.917433035 0.0
-383.917433035 0.0
-382.917433035 0.0
-381.917433035 0.0
-380.917433035 0.0
-379.917433035 0.0
-378.917433035 0.0
-377.917433035 0.0
-376.917433035 0.0
-375.917433035 0.0
-374.917433035 0.0
-373.917433035 0.0
-372.917433035 0.0
-371.917433035 0.0
-370.917433035 0.0
-369.917433035 0.0
-368.917433035 0.0
-367.917433035 0.0
-366.917433035 0.0
-365.917433035 0.0
-364.917433035 0.0
-363.917433035 0.0
-362.917433035 0.0
-361.917433035 0.0
-360.917433035 0.0
-359.917433035 0.0
-358.917433035 0.0
-357.917433035 0.0
-356.917433035 0.0
-355.917433035 0.0
-354.917433035 0.0
-353.917433035 0.0
-352.917433035 0.0
-351.917433035 0.0
-350.917433035 0.0
-349.917433035 0.0
-348.917433035 0.0
-347.917433035 0.0
-346.917433035 0.0
-345.917433035 0.0
-344.917433035 0.0
-343.917433035 0.0
-342.917433035 0.0
-341.917433035 0.0
-340.917433035 0.0
-339.917433035 0.0
-338.917433035 0.0
-337.917433035 0.0
-336.917433035 0.0
-335.917433035 0.0
-334.917433035 0.0
-333.917433035 0.0
-332.917433035 0.0
-331.917433035 0.0
-330.917433035 0.0
-329.917433035 0.0
-328.917433035 0.0
-327.917433035 0.0
-326.917433035 0.0
-325.917433035 0.0
-324.917433035 0.0
-323.917433035 0.0
-322.917433035 0.0
-321.917433035 0.0
-320.917433035 0.0
-319.917433035 0.0
-318.917433035 0.0
-317.917433035 0.0
-316.917433035 0.0
-315.917433035 0.0
-314.917433035 0.0
-313.917433035 0.0
-312.917433035 0.0
-311.917433035 0.0
-310.917433035 0.0
-309.917433035 0.0
-308.917433035 0.0
-307.917433035 0.0
-306.917433035 0.0
-305.917433035 0.0
-304.917433035 0.0
-303.917433035 0.0
-302.917433035 0.0
-301.917433035 0.0
-300.917433035 0.0
-299.917433035 0.0
-298.917433035 0.0
-297.917433035 0.0
-296.917433035 0.0
-295.917433035 0.0
-294.917433035 0.0
-293.917433035 0.0
-292.917433035 0.0
-291.917433035 0.0
-290.917433035 0.0
-289.917433035 0.0
-288.917433035 0.0
-287.917433035 0.0
-286.917433035 0.0
-285.917433035 0.0
-284.917433035 0.0
-283.917433035 0.0
-282.917433035 0.0
-281.917433035 0.0
-280.917433035 0.0
-279.917433035 0.0
-278.917433035 0.0
-277.917433035 0.0
-276.917433035 0.0
-275.917433035 0.0
-274.917433035 0.0
-273.917433035 0.0
-272.917433035 0.0
-271.917433035 0.0
-270.917433035 0.0
-269.917433035 0.0
-268.917433035 0.0
-267.917433035 0.0
-266.917433035 0.0
-265.917433035 0.0
-264.917433035 0.0
-263.917433035 0.0
-262.917433035 0.0
-261.917433035 0.0
-260.917433035 0.0
-259.917433035 0.0
-258.917433035 0.0
-257.917433035 0.0
-256.917433035 0.0
-255.917433035 0.0
-254.917433035 0.0
-253.917433035 0.0
-252.917433035 0.0
-251.917433035 0.0
-250.917433035 0.0
-249.917433035 0.0
-248.917433035 0.0
-247.917433035 0.0
-246.917433035 0.0
-245.917433035 0.0
-244.917433035 0.0
-243.917433035 0.0
-242.917433035 0.0
-241.917433035 0.0
-240.917433035 0.0
-239.917433035 0.0
-238.917433035 0.0
-237.917433035 0.0
-236.917433035 0.0
-235.917433035 0.0
-234.917433035 0.0
-233.917433035 0.0
-232.917433035 0.0
-231.917433035 0.0
-230.917433035 0.0
-229.917433035 0.0
-228.917433035 0.0
-227.917433035 0.0
-226.917433035 0.0
-225.917433035 0.0
-224.917433035 0.0
-223.917433035 0.0
-222.917433035 0.0
-221.917433035 0.0
-220.917433035 0.0
-219.917433035 0.0
-218.917433035 0.0
-217.917433035 0.0
-216.917433035 0.0
-215.917433035 0.0
-214.917433035 0.0
-213.917433035 0.0
-212.917433035 0.0
-211.917433035 0.0
-210.917433035 0.0
-209.917433035 0.0
-208.917433035 0.0
-207.917433035 0.0
-206.917433035 0.0
-205.917433035 0.0
-204.917433035 0.0
-203.917433035 0.0
-202.917433035 0.0
-201.917433035 0.0
-200.917433035 0.0
-199.917433035 0.0
-198.917433035 0.0
-197.917433035 0.0
-196.917433035 0.0
-195.917433035 0.0
-194.917433035 0.0
-193.917433035 0.0
-192.917433035 0.0
-191.917433035 0.0
-190.917433035 0.0
-189.917433035 0.0
-188.917433035 0.0
-187.917433035 0.0
-186.917433035 0.0
-185.917433035 0.0
-184.917433035 0.0
-183.917433035 0.0
-182.917433035 0.0
-181.917433035 0.0
-180.917433035 0.0
-179.917433035 0.0
-178.917433035 0.0
-177.917433035 0.0
-176.917433035 0.0
-175.917433035 0.0
-174.917433035 0.0
-173.917433035 0.0
-172.917433035 0.0
-171.917433035 0.0
-170.917433035 0.0
-169.917433035 0.0
-168.917433035 0.0
-167.917433035 0.0
-166.917433035 0.0
-165.917433035 0.0
-164.917433035 0.0
-163.917433035 0.0
-162.917433035 0.0
-161.917433035 0.0
-160.917433035 0.0
-159.917433035 0.0
-158.917433035 0.0
-157.917433035 0.0
-156.917433035 0.0
-155.917433035 0.0
-154.917433035 0.0
-153.917433035 0.0
-152.917433035 0.0
-151.917433035 0.0
-150.917433035 0.0
-149.917433035 0.0
-148.917433035 0.0
-147.917433035 0.0
-146.917433035 0.0
-145.917433035 0.0
-144.917433035 0.0
-143.917433035 0.0
-142.917433035 0.0
-141.917433035 0.0
-140.917433035 0.0
-139.917433035 0.0
-138.917433035 0.0
-137.917433035 0.0
-136.917433035 0.0
-135.917433035 0.0
-134.917433035 0.0
-133.917433035 0.0
-132.917433035 0.0
-131.917433035 0.0
-130.917433035 0.0
-129.917433035 0.0
-128.917433035 0.0
-127.917433035 0.0
-126.917433035 0.0
-125.917433035 0.0
-124.917433035 0.0
-123.917433035 0.0
-122.917433035 0.0
-121.917433035 0.0
-120.917433035 0.0
-119.917433035 0.0
-118.917433035 0.0
-117.917433035 0.0
-116.917433035 0.0
-115.917433035 0.0
-114.917433035 0.0
-113.917433035 0.0
-112.917433035 0.0
-111.917433035 0.0
-110.917433035 0.0
-109.917433035 0.0
-108.917433035 0.0
-107.917433035 0.0
-106.917433035 0.0
-105.917433035 0.0
-104.917433035 0.0
-103.917433035 0.0
-102.917433035 0.0
-101.917433035 0.0
-100.917433035 0.0
-99.9174330348 0.0
-98.9174330348 0.0
-97.9174330348 0.0
-96.9174330348 0.0
-95.9174330348 0.000000e+00
-95.5158427372 0.000000e+00
-95.1142524397 0.000000e+00
-94.7126621421 0.000000e+00
-94.3110718445 0.000000e+00
-93.9094815469 0.000000e+00
-93.5078912493 0.000000e+00
-93.1063009518 0.000000e+00
-92.7047106542 0.000000e+00
-92.3031203566 0.000000e+00
-91.901530059 0.000000e+00
-91.4999397615 0.000000e+00
-91.0983494639 0.000000e+00
-90.6967591663 0.000000e+00
-90.2951688687 0.000000e+00
-89.8935785711 0.000000e+00
-89.4919882736 0.000000e+00
-89.090397976 0.000000e+00
-88.6888076784 0.000000e+00
-88.2872173808 0.000000e+00
-87.8856270832 0.000000e+00
-87.4840367857 0.000000e+00
-87.0824464881 0.000000e+00
-86.6808561905 0.000000e+00
-86.2792658929 0.000000e+00
-85.8776755954 0.000000e+00
-85.4760852978 0.000000e+00
-85.0744950002 0.000000e+00
-84.6729047026 0.000000e+00
-84.271314405 0.000000e+00
-83.8697241075 0.000000e+00
-83.4681338099 0.000000e+00
-83.0665435123 0.000000e+00
-82.6649532147 0.000000e+00
-82.2633629172 0.000000e+00
-81.8617726196 0.000000e+00
-81.460182322 0.000000e+00
-81.0585920244 0.000000e+00
-80.6570017268 0.000000e+00
-80.2554114293 0.000000e+00
-79.8538211317 0.000000e+00
-79.4522308341 0.000000e+00
-79.0506405365 0.000000e+00
-78.6490502389 0.000000e+00
-78.2474599414 0.000000e+00
-77.8458696438 0.000000e+00
-77.4442793462 0.000000e+00
-77.0426890486 0.000000e+00
-76.6410987511 0.000000e+00
-76.2395084535 0.000000e+00
-75.8379181559 0.000000e+00
-75.4363278583 0.000000e+00
-75.0347375607 0.000000e+00
-74.6331472632 0.000000e+00
-74.2315569656 0.000000e+00
-73.829966668 0.000000e+00
-73.4283763704 0.000000e+00
-73.0267860728 0.000000e+00
-72.6251957753 0.000000e+00
-72.2236054777 0.000000e+00
-71.8220151801 0.000000e+00
-71.4204248825 0.000000e+00
-71.018834585 0.000000e+00
-70.6172442874 0.000000e+00
-70.2156539898 0.000000e+00
-69.8140636922 0.000000e+00
-69.4124733946 0.000000e+00
-69.0108830971 0.000000e+00
-68.6092927995 0.000000e+00
-68.2077025019 0.000000e+00
-67.8061122043 0.000000e+00
-67.4045219068 0.000000e+00
-67.0029316092 0.000000e+00
-66.6013413116 0.000000e+00
-66.199751014 0.000000e+00
-65.7981607164 0.000000e+00
-65.3965704189 0.000000e+00
-64.9949801213 0.000000e+00
-64.5933898237 0.000000e+00
-64.1917995261 0.000000e+00
-63.7902092285 0.000000e+00
-63.388618931 0.000000e+00
-62.9870286334 0.000000e+00
-62.5854383358 0.000000e+00
-62.1838480382 0.000000e+00
-61.7822577407 0.000000e+00
-61.3806674431 0.000000e+00
-60.9790771455 0.000000e+00
-60.5774868479 0.000000e+00
-60.1758965503 0.000000e+00
-59.7743062528 0.000000e+00
-59.3727159552 0.000000e+00
-58.9711256576 0.000000e+00
-58.56953536 0.000000e+00
-58.1679450624 0.000000e+00
-57.7663547649 0.000000e+00
-57.3647644673 0.000000e+00
-56.9631741697 0.000000e+00
-56.5615838721 0.000000e+00
-56.1599935746 0.000000e+00
-55.758403277 0.000000e+00
-55.3568129794 0.000000e+00
-54.9552226818 0.000000e+00
-54.5536323842 0.000000e+00
-54.1520420867 0.000000e+00
-53.7504517891 0.000000e+00
-53.3488614915 0.000000e+00
-52.9472711939 0.000000e+00
-52.5456808963 0.000000e+00
-52.1440905988 0.000000e+00
-51.7425003012 0.000000e+00
-51.3409100036 0.000000e+00
-50.939319706 0.000000e+00
-50.5377294085 0.000000e+00
-50.1361391109 0.000000e+00
-49.7345488133 0.000000e+00
-49.3329585157 0.000000e+00
-48.9313682181 0.000000e+00
-48.5297779206 0.000000e+00
-48.128187623 0.000000e+00
-47.7265973254 0.000000e+00
-47.3250070278 0.000000e+00
-46.9234167303 0.000000e+00
-46.5218264327 0.000000e+00
-46.1202361351 0.000000e+00
-45.7186458375 0.000000e+00
-45.3170555399 0.000000e+00
-44.9154652424 0.000000e+00
-44.5138749448 0.000000e+00
-44.1122846472 0.000000e+00
-43.7106943496 0.000000e+00
-43.309104052 0.000000e+00
-42.9075137545 0.000000e+00
-42.5059234569 0.000000e+00
-42.1043331593 0.000000e+00
-41.7027428617 0.000000e+00
-41.3011525642 0.000000e+00
-40.8995622666 0.000000e+00
-40.497971969 0.000000e+00
-40.0963816714 0.000000e+00
-39.6947913738 0.000000e+00
-39.2932010763 0.000000e+00
-38.8916107787 0.000000e+00
-38.4900204811 0.000000e+00
-38.0884301835 0.000000e+00
-37.6868398859 0.000000e+00
-37.2852495884 0.000000e+00
-36.8836592908 0.000000e+00
-36.4820689932 0.000000e+00
-36.0804786956 0.000000e+00
-35.6788883981 0.000000e+00
-35.2772981005 0.000000e+00
-34.8757078029 0.000000e+00
-34.4741175053 0.000000e+00
-34.0725272077 0.000000e+00
-33.6709369102 0.000000e+00
-33.2693466126 0.000000e+00
-32.867756315 0.000000e+00
-32.4661660174 0.000000e+00
-32.0645757199 0.000000e+00
-31.6629854223 0.000000e+00
-31.2613951247 0.000000e+00
-30.8598048271 0.000000e+00
-30.4582145295 0.000000e+00
-30.056624232 0.000000e+00
-29.6550339344 0.000000e+00
-29.2534436368 0.000000e+00
-28.8518533392 0.000000e+00
-28.4502630416 0.000000e+00
-28.0486727441 0.000000e+00
-27.6470824465 0.000000e+00
-27.2454921489 0.000000e+00
-26.8439018513 0.000000e+00
-26.4423115538 0.000000e+00
-26.0407212562 0.000000e+00
-25.6391309586 0.000000e+00
-25.237540661 0.000000e+00
-24.8359503634 0.000000e+00
-24.4343600659 0.000000e+00
-24.0327697683 0.000000e+00
-23.6311794707 0.000000e+00
-23.2295891731 0.000000e+00
-22.8279988755 0.000000e+00
-22.426408578 0.000000e+00
-22.0248182804 0.000000e+00
-21.6232279828 0.000000e+00
-21.2216376852 0.000000e+00
-20.8200473877 8.603046e-02
-20.4184570901 0.000000e+00
-20.0168667925 0.000000e+00
-19.6152764949 0.000000e+00
-19.2136861973 0.000000e+00
-18.8120958998 0.000000e+00
-18.4105056022 0.000000e+00
-18.0089153046 0.000000e+00
-17.607325007 0.000000e+00
-17.2057347094 0.000000e+00
-16.8041444119 0.000000e+00
-16.4025541143 0.000000e+00
-16.0009638167 0.000000e+00
-15.5993735191 0.000000e+00
-15.1977832216 0.000000e+00
-14.796192924 0.000000e+00
-14.3946026264 0.000000e+00
-13.9930123288 0.000000e+00
-13.5914220312 0.000000e+00
-13.1898317337 0.000000e+00
-12.7882414361 0.000000e+00
-12.3866511385 0.000000e+00
-11.9850608409 0.000000e+00
-11.5834705434 0.000000e+00
-11.1818802458 0.000000e+00
-10.7802899482 0.000000e+00
-10.3786996506 0.000000e+00
-9.97710935304 0.000000e+00
-9.57551905546 0.000000e+00
-9.17392875788 0.000000e+00
-8.7723384603 0.000000e+00
-8.37074816272 0.000000e+00
-7.96915786515 0.000000e+00
-7.56756756757 9.729890e-02
-7.16597726999 8.585254e-02
-6.76438697241 0.000000e+00
-6.36279667483 0.000000e+00
-5.96120637725 8.142954e-02
-5.55961607968 9.145061e-02
-5.1580257821 0.000000e+00
-4.75643548452 0.000000e+00
-4.35484518694 0.000000e+00
-3.95325488936 0.000000e+00
-3.55166459178 0.000000e+00
-3.15007429421 0.000000e+00
-2.74848399663 1.805610e-01
-2.34689369905 2.082325e-01
-1.94530340147 1.701294e-01
-1.54371310389 2.792641e-01
-1.14212280631 3.603992e-01
-0.740532508735 3.349006e-01
-0.338942211156 2.708573e-01
0.0626480864222 4.047085e-01
0.464238384001 4.709455e-01
0.865828681579 5.366765e-01
1.26741897916 4.775175e-01
1.66900927674 5.683779e-01
2.07059957431 5.524909e-01
2.47218987189 5.665046e-01
2.87378016947 5.115977e-01
3.27537046705 5.353049e-01
3.67696076463 5.061480e-01
4.07855106221 7.373939e-01
4.48014135978 4.972507e-01
4.88173165736 3.409741e-01
5.28332195494 3.552113e-01
5.68491225252 2.256055e-01
6.0865025501 2.621968e-01
6.48809284768 2.409431e-01
6.88968314526 3.131204e-01
7.29127344283 3.631905e-01
7.69286374041 3.251540e-01
8.09445403799 2.537867e-01
8.49604433557 1.751739e-01
8.89763463315 1.758695e-01
9.29922493073 1.302484e-01
9.7008152283 1.886682e-01
10.1024055259 3.777641e-01
10.5039958235 2.453865e-01
10.905586121 7.093852e-01
11.3071764186 1.000000e+00
11.7087667162 6.252558e-01
12.1103570138 3.739213e-01
12.5119473114 1.795785e-01
12.9135376089 1.206206e-01
13.3151279065 1.076752e-01
13.7167182041 7.470671e-02
14.1183085017 1.282416e-01
14.5198987992 8.355775e-02
14.9214890968 1.272929e-01
15.3230793944 9.643077e-02
15.724669692 5.929374e-02
16.1262599896 8.235496e-02
16.5278502871 8.151067e-02
16.9294405847 0.000000e+00
17.3310308823 5.016731e-02
17.7326211799 5.185394e-02
18.1342114775 4.943854e-02
18.535801775 4.882567e-02
18.9373920726 4.796119e-02
19.3389823702 4.957813e-02
19.7405726678 5.026054e-02
20.1421629653 5.381163e-02
20.5437532629 0.000000e+00
20.9453435605 0.000000e+00
21.3469338581 0.000000e+00
21.7485241557 0.000000e+00
22.1501144532 0.000000e+00
22.5517047508 0.000000e+00
22.9532950484 0.000000e+00
23.354885346 0.000000e+00
23.7564756435 0.000000e+00
24.1580659411 0.000000e+00
24.5596562387 0.000000e+00
24.9612465363 0.000000e+00
25.3628368339 0.000000e+00
25.7644271314 0.000000e+00
26.166017429 0.000000e+00
26.5676077266 0.000000e+00
26.9691980242 0.000000e+00
27.3707883218 0.000000e+00
27.7723786193 0.000000e+00
28.1739689169 0.000000e+00
28.5755592145 0.000000e+00
28.9771495121 0.000000e+00
29.3787398096 0.000000e+00
29.7803301072 0.000000e+00
30.1819204048 0.000000e+00
30.5835107024 0.000000e+00
30.985101 0.000000e+00
31.3866912975 0.000000e+00
31.7882815951 0.000000e+00
32.1898718927 0.000000e+00
32.5914621903 0.000000e+00
32.9930524879 0.000000e+00
33.3946427854 0.000000e+00
33.796233083 0.000000e+00
34.1978233806 0.000000e+00
34.5994136782 0.000000e+00
35.0010039757 0.000000e+00
35.4025942733 0.000000e+00
35.8041845709 0.000000e+00
36.2057748685 0.000000e+00
36.6073651661 0.000000e+00
37.0089554636 0.000000e+00
37.4105457612 0.000000e+00
37.8121360588 0.000000e+00
38.2137263564 0.000000e+00
38.6153166539 0.000000e+00
39.0169069515 0.000000e+00
39.4184972491 0.000000e+00
39.8200875467 0.000000e+00
40.2216778443 0.000000e+00
40.6232681418 0.000000e+00
41.0248584394 0.000000e+00
41.426448737 0.000000e+00
41.8280390346 0.000000e+00
42.2296293322 0.000000e+00
42.6312196297 0.000000e+00
43.0328099273 0.000000e+00
43.4344002249 0.000000e+00
43.8359905225 0.000000e+00
44.23758082 0.000000e+00
44.6391711176 0.000000e+00
45.0407614152 3.910538e-02
45.4423517128 0.000000e+00
45.8439420104 0.000000e+00
46.2455323079 0.000000e+00
46.6471226055 0.000000e+00
47.0487129031 0.000000e+00
47.4503032007 0.000000e+00
47.8518934983 0.000000e+00
48.2534837958 0.000000e+00
48.6550740934 0.000000e+00
49.056664391 0.000000e+00
49.4582546886 0.000000e+00
49.8598449861 0.000000e+00
50.2614352837 0.000000e+00
50.6630255813 0.000000e+00
51.0646158789 5.051909e-02
51.4662061765 4.009919e-02
51.867796474 0.000000e+00
52.2693867716 4.287929e-02
52.6709770692 6.403911e-02
53.0725673668 0.000000e+00
53.4741576644 6.386513e-02
53.8757479619 0.000000e+00
54.2773382595 5.036084e-02
54.6789285571 4.788165e-02
55.0805188547 0.000000e+00
55.4821091522 0.000000e+00
55.8836994498 0.000000e+00
56.2852897474 0.000000e+00
56.686880045 0.000000e+00
57.0884703426 0.000000e+00
57.4900606401 0.000000e+00
57.8916509377 0.000000e+00
58.2932412353 0.000000e+00
58.6948315329 0.000000e+00
59.0964218304 0.000000e+00
59.498012128 0.000000e+00
59.8996024256 0.000000e+00
60.3011927232 0.000000e+00
60.7027830208 0.000000e+00
61.1043733183 0.000000e+00
61.5059636159 0.000000e+00
61.9075539135 0.000000e+00
62.3091442111 0.000000e+00
62.7107345087 0.000000e+00
63.1123248062 0.000000e+00
63.5139151038 0.000000e+00
63.9155054014 0.000000e+00
64.317095699 0.000000e+00
64.7186859965 0.000000e+00
65.1202762941 0.000000e+00
65.5218665917 0.000000e+00
65.9234568893 0.000000e+00
66.3250471869 0.000000e+00
66.7266374844 0.000000e+00
67.128227782 0.000000e+00
67.5298180796 0.000000e+00
67.9314083772 0.000000e+00
68.3329986748 0.000000e+00
68.7345889723 0.000000e+00
69.1361792699 0.000000e+00
69.5377695675 0.000000e+00
69.9393598651 0.000000e+00
70.3409501626 0.000000e+00
70.7425404602 0.000000e+00
71.1441307578 0.000000e+00
71.5457210554 0.000000e+00
71.947311353 0.000000e+00
72.3489016505 0.000000e+00
72.7504919481 0.000000e+00
73.1520822457 0.000000e+00
73.5536725433 0.000000e+00
73.9552628408 0.000000e+00
74.3568531384 0.000000e+00
74.758443436 0.000000e+00
75.1600337336 0.000000e+00
75.5616240312 0.000000e+00
75.9632143287 0.000000e+00
76.3648046263 0.000000e+00
76.7663949239 0.000000e+00
77.1679852215 0.000000e+00
77.5695755191 0.000000e+00
77.9711658166 0.000000e+00
78.3727561142 0.000000e+00
78.7743464118 0.000000e+00
79.1759367094 0.000000e+00
79.5775270069 0.000000e+00
79.9791173045 0.000000e+00
80.3807076021 0.000000e+00
80.7822978997 0.000000e+00
81.1838881973 0.000000e+00
81.5854784948 0.000000e+00
81.9870687924 0.000000e+00
82.38865909 0.000000e+00
82.7902493876 0.000000e+00
83.1918396852 0.000000e+00
83.5934299827 0.000000e+00
83.9950202803 0.000000e+00
84.3966105779 0.000000e+00
84.7982008755 0.000000e+00
85.199791173 0.000000e+00
85.6013814706 0.000000e+00
86.0029717682 0.000000e+00
86.4045620658 0.000000e+00
86.8061523634 0.000000e+00
87.2077426609 0.000000e+00
87.6093329585 0.000000e+00
88.0109232561 0.000000e+00
88.4125135537 0.000000e+00
88.8141038513 0.000000e+00
89.2156941488 0.000000e+00
89.6172844464 0.000000e+00
90.018874744 0.000000e+00
90.4204650416 0.000000e+00
90.8220553391 0.000000e+00
91.2236456367 0.000000e+00
91.6252359343 0.000000e+00
92.0268262319 0.000000e+00
92.4284165295 0.000000e+00
92.830006827 0.000000e+00
93.2315971246 0.000000e+00
93.6331874222 0.000000e+00
94.0347777198 0.000000e+00
94.4363680173 0.000000e+00
94.8379583149 0.000000e+00
95.2395486125 0.000000e+00
95.6411389101 0.000000e+00
96.0427292077 0.000000e+00
96.4443195052 0.000000e+00
96.8459098028 0.000000e+00
97.2475001004 0.000000e+00
97.649090398 0.000000e+00
98.0506806956 0.000000e+00
98.4522709931 0.000000e+00
98.8538612907 0.000000e+00
99.2554515883 0.000000e+00
99.6570418859 0.000000e+00
100.058632183 0.000000e+00
100.460222481 0.000000e+00
100.861812779 0.000000e+00
101.263403076 0.000000e+00
101.664993374 0.000000e+00
102.066583671 0.000000e+00
102.468173969 0.000000e+00
102.869764266 0.000000e+00
103.271354564 0.000000e+00
103.672944862 0.000000e+00
104.074535159 0.000000e+00
104.476125457 0.000000e+00
104.877715754 0.000000e+00
105.279306052 0.000000e+00
105.68089635 0.000000e+00
106.082486647 0.000000e+00
106.484076945 0.000000e+00
106.885667242 0.000000e+00
107.28725754 0.000000e+00
107.688847837 0.000000e+00
108.090438135 0.000000e+00
108.492028433 0.000000e+00
108.89361873 0.000000e+00
109.295209028 0.000000e+00
109.696799325 0.000000e+00
110.098389623 0.000000e+00
110.49997992 0.000000e+00
110.901570218 0.000000e+00
111.303160516 0.000000e+00
111.704750813 0.000000e+00
112.106341111 0.000000e+00
112.507931408 0.000000e+00
112.909521706 0.000000e+00
113.311112004 0.000000e+00
113.712702301 0.000000e+00
114.114292599 0.000000e+00
114.515882896 0.000000e+00
114.917473194 0.000000e+00
115.319063491 0.000000e+00
115.720653789 0.000000e+00
116.122244087 0.000000e+00
116.523834384 0.000000e+00
116.925424682 0.000000e+00
117.327014979 0.000000e+00
117.728605277 0.000000e+00
118.130195574 0.000000e+00
118.531785872 0.000000e+00
118.93337617 0.000000e+00
119.334966467 0.000000e+00
119.736556765 0.000000e+00
120.138147062 0.000000e+00
120.53973736 0.000000e+00
120.941327658 0.000000e+00
121.342917955 0.000000e+00
121.744508253 0.000000e+00
122.14609855 0.000000e+00
122.547688848 0.000000e+00
122.949279145 0.000000e+00
123.350869443 0.000000e+00
123.752459741 0.000000e+00
124.154050038 0.000000e+00
124.555640336 0.000000e+00
124.957230633 0.000000e+00
125.358820931 0.000000e+00
125.760411228 0.000000e+00
126.162001526 0.000000e+00
126.563591824 0.000000e+00
126.965182121 0.000000e+00
127.366772419 0.000000e+00
127.768362716 0.000000e+00
128.169953014 0.000000e+00
128.571543312 0.000000e+00
128.973133609 0.000000e+00
129.374723907 0.000000e+00
129.776314204 0.000000e+00
130.177904502 0.000000e+00
130.579494799 0.000000e+00
130.981085097 0.000000e+00
131.382675395 0.000000e+00
131.784265692 0.000000e+00
132.18585599 0.000000e+00
132.587446287 0.000000e+00
132.989036585 0.000000e+00
133.390626882 0.000000e+00
133.79221718 0.000000e+00
134.193807478 0.000000e+00
134.595397775 0.000000e+00
134.996988073 0.000000e+00
135.39857837 0.000000e+00
135.800168668 0.000000e+00
136.201758966 0.000000e+00
136.603349263 0.000000e+00
137.004939561 0.000000e+00
137.406529858 0.000000e+00
137.808120156 0.000000e+00
138.209710453 0.000000e+00
138.611300751 0.000000e+00
139.012891049 0.000000e+00
139.414481346 0.000000e+00
139.816071644 0.000000e+00
140.217661941 0.000000e+00
140.619252239 0.000000e+00
141.020842536 0.000000e+00
141.422432834 0.000000e+00
141.824023132 0.000000e+00
142.225613429 0.000000e+00
142.627203727 0.000000e+00
143.028794024 0.000000e+00
143.430384322 0.000000e+00
143.831974619 0.000000e+00
144.233564917 0.000000e+00
144.635155215 0.000000e+00
145.036745512 0.000000e+00
145.43833581 0.000000e+00
145.839926107 0.000000e+00
146.241516405 0.000000e+00
146.643106703 0.000000e+00
147.044697 0.000000e+00
147.446287298 0.000000e+00
147.847877595 0.000000e+00
148.249467893 0.000000e+00
148.65105819 0.000000e+00
149.052648488 0.000000e+00
149.454238786 0.000000e+00
149.855829083 0.000000e+00
150.257419381 0.000000e+00
150.659009678 0.000000e+00
151.060599976 0.000000e+00
151.462190273 0.000000e+00
151.863780571 0.000000e+00
152.265370869 0.000000e+00
152.666961166 0.000000e+00
153.068551464 0.000000e+00
153.470141761 0.000000e+00
153.871732059 0.000000e+00
154.273322357 0.000000e+00
154.674912654 0.000000e+00
155.076502952 0.000000e+00
155.478093249 0.000000e+00
155.879683547 0.000000e+00
156.281273844 0.000000e+00
156.682864142 0.000000e+00
157.08445444 0.000000e+00
157.486044737 0.000000e+00
157.887635035 0.000000e+00
158.289225332 0.000000e+00
158.69081563 0.000000e+00
159.092405927 0.000000e+00
159.493996225 0.000000e+00
159.895586523 0.000000e+00
160.29717682 0.000000e+00
160.698767118 0.000000e+00
161.100357415 0.000000e+00
161.501947713 0.000000e+00
161.903538011 0.000000e+00
162.305128308 0.000000e+00
162.706718606 0.000000e+00
163.108308903 0.000000e+00
163.509899201 0.000000e+00
163.911489498 0.000000e+00
164.313079796 0.000000e+00
164.714670094 0.000000e+00
165.116260391 0.000000e+00
165.517850689 0.000000e+00
165.919440986 0.000000e+00
166.321031284 0.000000e+00
166.722621581 0.000000e+00
167.124211879 0.000000e+00
167.525802177 0.000000e+00
167.927392474 0.000000e+00
168.328982772 0.000000e+00
168.730573069 0.000000e+00
169.132163367 0.000000e+00
169.533753665 0.000000e+00
169.935343962 0.000000e+00
170.33693426 0.000000e+00
170.738524557 0.000000e+00
171.140114855 0.000000e+00
171.541705152 0.000000e+00
171.94329545 0.000000e+00
172.344885748 0.000000e+00
172.746476045 0.000000e+00
173.148066343 0.000000e+00
173.54965664 0.000000e+00
173.951246938 0.000000e+00
174.352837235 0.000000e+00
174.754427533 0.000000e+00
175.156017831 0.000000e+00
175.557608128 0.000000e+00
175.959198426 0.000000e+00
176.360788723 0.000000e+00
176.762379021 0.000000e+00
177.163969319 0.000000e+00
177.565559616 0.000000e+00
177.967149914 0.000000e+00
178.368740211 0.000000e+00
178.770330509 0.000000e+00
179.171920806 0.000000e+00
179.573511104 0.000000e+00
179.975101402 0.000000e+00
180.376691699 0.000000e+00
180.778281997 0.000000e+00
181.179872294 0.000000e+00
181.581462592 0.000000e+00
181.983052889 0.000000e+00
182.384643187 0.000000e+00
182.786233485 0.000000e+00
183.187823782 0.000000e+00
183.58941408 0.000000e+00
183.991004377 0.000000e+00
184.392594675 0.000000e+00
184.794184972 0.000000e+00
185.19577527 0.000000e+00
185.597365568 0.000000e+00
185.998955865 0.000000e+00
186.400546163 0.000000e+00
186.80213646 0.000000e+00
187.203726758 0.000000e+00
187.605317056 0.000000e+00
188.006907353 0.000000e+00
188.408497651 0.000000e+00
188.810087948 0.000000e+00
189.211678246 0.000000e+00
189.613268543 0.000000e+00
190.014858841 0.000000e+00
190.416449139 0.000000e+00
190.818039436 0.000000e+00
191.219629734 0.000000e+00
191.621220031 0.000000e+00
192.022810329 0.000000e+00
192.424400626 0.000000e+00
192.825990924 0.000000e+00
193.227581222 0.000000e+00
193.629171519 0.000000e+00
194.030761817 0.000000e+00
194.432352114 0.000000e+00
194.833942412 0.000000e+00
195.23553271 0.000000e+00
195.637123007 0.000000e+00
196.038713305 0.000000e+00
196.440303602 0.000000e+00
196.8418939 0.000000e+00
197.243484197 0.000000e+00
197.645074495 0.000000e+00
198.046664793 0.000000e+00
198.44825509 0.000000e+00
198.849845388 0.000000e+00
199.251435685 0.000000e+00
199.653025983 0.000000e+00
200.05461628 0.000000e+00
200.456206578 0.000000e+00
200.857796876 0.000000e+00
201.259387173 0.000000e+00
201.660977471 0.000000e+00
202.062567768 0.000000e+00
202.464158066 0.000000e+00
202.865748364 0.000000e+00
203.267338661 0.000000e+00
203.668928959 0.000000e+00
204.070519256 0.000000e+00
204.472109554 0.000000e+00
204.873699851 0.000000e+00
205.275290149 0.000000e+00
205.676880447 0.000000e+00
206.078470744 0.000000e+00
206.480061042 0.000000e+00
206.881651339 0.000000e+00
207.283241637 0.000000e+00
207.684831934 0.000000e+00
208.086422232 0.000000e+00
208.48801253 0.000000e+00
208.889602827 0.000000e+00
209.291193125 0.000000e+00
209.692783422 0.000000e+00
210.09437372 0.000000e+00
210.495964018 0.000000e+00
210.897554315 0.000000e+00
211.299144613 0.000000e+00
211.70073491 0.000000e+00
212.102325208 0.000000e+00
212.503915505 0.000000e+00
212.905505803 0.000000e+00
213.307096101 0.000000e+00
213.708686398 0.000000e+00
214.110276696 0.000000e+00
214.511866993 0.000000e+00
214.913457291 0.000000e+00
215.315047588 0.000000e+00
215.716637886 0.000000e+00
216.118228184 0.000000e+00
216.519818481 0.000000e+00
216.921408779 0.000000e+00
217.322999076 0.000000e+00
217.724589374 0.000000e+00
218.126179671 0.000000e+00
218.527769969 0.000000e+00
218.929360267 0.000000e+00
219.330950564 0.000000e+00
219.732540862 0.000000e+00
220.134131159 0.000000e+00
220.535721457 0.000000e+00
220.937311755 0.000000e+00
221.338902052 0.000000e+00
221.74049235 0.000000e+00
222.142082647 0.000000e+00
222.543672945 0.000000e+00
222.945263242 0.000000e+00
223.34685354 0.000000e+00
223.748443838 0.000000e+00
224.150034135 0.000000e+00
224.551624433 0.000000e+00
224.95321473 0.000000e+00
225.354805028 0.000000e+00
225.756395325 0.000000e+00
226.157985623 0.000000e+00
226.559575921 0.000000e+00
226.961166218 0.000000e+00
227.362756516 0.000000e+00
227.764346813 0.000000e+00
228.165937111 0.000000e+00
228.567527409 0.000000e+00
228.969117706 0.000000e+00
229.370708004 0.000000e+00
229.772298301 0.000000e+00
230.173888599 0.000000e+00
230.575478896 0.000000e+00
230.977069194 0.000000e+00
231.378659492 0.000000e+00
231.780249789 0.000000e+00
232.181840087 0.000000e+00
232.583430384 0.000000e+00
232.985020682 0.000000e+00
233.386610979 0.000000e+00
233.788201277 0.000000e+00
234.189791575 0.000000e+00
234.591381872 0.000000e+00
234.99297217 0.000000e+00
235.394562467 0.000000e+00
235.796152765 0.000000e+00
236.197743063 0.000000e+00
236.59933336 0.000000e+00
237.000923658 0.000000e+00
237.402513955 0.000000e+00
237.804104253 0.000000e+00
238.20569455 0.000000e+00
238.607284848 0.000000e+00
239.008875146 0.000000e+00
239.410465443 0.000000e+00
239.812055741 0.000000e+00
240.213646038 0.000000e+00
240.615236336 0.000000e+00
241.016826633 0.000000e+00
241.418416931 0.000000e+00
241.820007229 0.000000e+00
242.221597526 0.000000e+00
242.623187824 0.000000e+00
243.024778121 0.000000e+00
243.426368419 0.000000e+00
243.827958717 0.000000e+00
244.229549014 0.000000e+00
244.631139312 0.000000e+00
245.032729609 0.000000e+00
245.434319907 0.000000e+00
245.835910204 0.000000e+00
246.237500502 0.000000e+00
246.6390908 0.000000e+00
247.040681097 0.000000e+00
247.442271395 0.000000e+00
247.843861692 0.000000e+00
248.24545199 0.000000e+00
248.647042287 0.000000e+00
249.048632585 0.000000e+00
249.450222883 0.000000e+00
249.85181318 0.000000e+00
250.253403478 0.000000e+00
250.654993775 0.000000e+00
251.056584073 0.000000e+00
251.458174371 0.000000e+00
251.859764668 0.000000e+00
252.261354966 0.000000e+00
252.662945263 0.000000e+00
253.064535561 0.000000e+00
253.466125858 0.000000e+00
253.867716156 0.000000e+00
254.269306454 0.000000e+00
254.670896751 0.000000e+00
255.072487049 0.000000e+00
255.474077346 0.000000e+00
255.875667644 0.000000e+00
256.277257941 0.000000e+00
256.678848239 0.000000e+00
257.080438537 0.000000e+00
257.482028834 0.000000e+00
257.883619132 0.000000e+00
258.285209429 0.000000e+00
258.686799727 0.000000e+00
259.088390024 0.000000e+00
259.489980322 0.000000e+00
259.89157062 0.000000e+00
260.293160917 0.000000e+00
260.694751215 0.000000e+00
261.096341512 0.000000e+00
261.49793181 0.000000e+00
261.899522108 0.000000e+00
262.301112405 0.000000e+00
262.702702703 0.000000e+00
263.104293 0.000000e+00
263.505883298 0.000000e+00
263.907473595 0.000000e+00
264.309063893 0.000000e+00
264.710654191 0.000000e+00
265.112244488 0.000000e+00
265.513834786 0.000000e+00
265.915425083 0.000000e+00
266.317015381 0.000000e+00
266.718605678 0.000000e+00
267.120195976 0.000000e+00
267.521786274 0.000000e+00
267.923376571 0.000000e+00
268.324966869 0.000000e+00
268.726557166 0.000000e+00
269.128147464 0.000000e+00
269.529737762 0.000000e+00
269.931328059 0.000000e+00
270.332918357 0.000000e+00
270.734508654 0.000000e+00
271.136098952 0.000000e+00
271.537689249 0.000000e+00
271.939279547 0.000000e+00
272.340869845 0.000000e+00
272.742460142 0.000000e+00
273.14405044 0.000000e+00
273.545640737 0.000000e+00
273.947231035 0.000000e+00
274.348821332 0.000000e+00
274.75041163 0.000000e+00
275.152001928 0.000000e+00
275.553592225 0.000000e+00
275.955182523 0.000000e+00
276.35677282 0.000000e+00
276.758363118 0.000000e+00
277.159953416 0.000000e+00
277.561543713 0.000000e+00
277.963134011 0.000000e+00
278.364724308 0.000000e+00
278.766314606 0.000000e+00
279.167904903 0.000000e+00
279.569495201 0.000000e+00
279.971085499 0.000000e+00
280.372675796 0.000000e+00
280.774266094 0.000000e+00
281.175856391 0.000000e+00
281.577446689 0.000000e+00
281.979036986 0.000000e+00
282.380627284 0.000000e+00
282.782217582 0.000000e+00
283.183807879 0.000000e+00
283.585398177 0.000000e+00
283.986988474 0.000000e+00
284.388578772 0.000000e+00
284.79016907 0.000000e+00
285.191759367 0.000000e+00
285.593349665 0.000000e+00
285.994939962 0.000000e+00
286.39653026 0.000000e+00
286.798120557 0.000000e+00
287.199710855 0.000000e+00
287.601301153 0.000000e+00
288.00289145 0.000000e+00
288.404481748 0.000000e+00
288.806072045 0.000000e+00
289.207662343 0.000000e+00
289.60925264 0.000000e+00
290.010842938 0.000000e+00
290.412433236 0.000000e+00
290.814023533 0.000000e+00
291.215613831 0.000000e+00
291.617204128 0.000000e+00
292.018794426 0.000000e+00
292.420384724 0.000000e+00
292.821975021 0.000000e+00
293.223565319 0.000000e+00
293.625155616 0.000000e+00
294.026745914 0.000000e+00
294.428336211 0.000000e+00
294.829926509 0.000000e+00
295.231516807 0.000000e+00
295.633107104 0.000000e+00
296.034697402 0.000000e+00
296.436287699 0.000000e+00
296.837877997 0.000000e+00
297.239468294 0.000000e+00
297.641058592 0.000000e+00
298.04264889 0.000000e+00
298.444239187 0.000000e+00
298.845829485 0.000000e+00
299.247419782 0.000000e+00
299.64901008 0.000000e+00
300.050600377 0.000000e+00
300.452190675 0.000000e+00
300.853780973 0.000000e+00
301.25537127 0.000000e+00
301.656961568 0.000000e+00
302.058551865 0.000000e+00
302.460142163 0.000000e+00
302.861732461 0.000000e+00
303.263322758 0.000000e+00
303.664913056 0.000000e+00
304.066503353 0.000000e+00
304.468093651 0.000000e+00
304.869683948 0.000000e+00
305.271274246 0.000000e+00
305.672864544 0.000000e+00
306.074454841 0.000000e+00
306.476045139 0.000000e+00
306.877635436 0.000000e+00
307.279225734 0.000000e+00
307.680816031 0.000000e+00
308.082406329 0.000000e+00
308.483996627 0.000000e+00
308.885586924 0.000000e+00
309.287177222 0.000000e+00
309.688767519 0.000000e+00
310.090357817 0.000000e+00
310.491948115 0.000000e+00
310.893538412 0.000000e+00
311.29512871 0.000000e+00
311.696719007 0.000000e+00
312.098309305 0.000000e+00
312.499899602 0.000000e+00
312.9014899 0.000000e+00
313.303080198 0.000000e+00
313.704670495 0.000000e+00
314.106260793 0.000000e+00
314.50785109 0.000000e+00
314.909441388 0.000000e+00
315.311031685 0.000000e+00
315.712621983 0.000000e+00
316.114212281 0.000000e+00
316.515802578 0.000000e+00
316.917392876 0.000000e+00
317.318983173 0.000000e+00
317.720573471 0.000000e+00
318.122163769 0.000000e+00
318.523754066 0.000000e+00
318.925344364 0.000000e+00
319.326934661 0.000000e+00
319.728524959 0.000000e+00
320.130115256 0.000000e+00
320.531705554 0.000000e+00
320.933295852 0.000000e+00
321.334886149 0.000000e+00
321.736476447 0.000000e+00
322.138066744 0.000000e+00
322.539657042 0.000000e+00
322.941247339 0.000000e+00
323.342837637 0.000000e+00
323.744427935 0.000000e+00
324.146018232 0.000000e+00
324.54760853 0.000000e+00
324.949198827 0.000000e+00
325.350789125 0.000000e+00
325.752379423 0.000000e+00
326.15396972 0.000000e+00
326.555560018 0.000000e+00
326.957150315 0.000000e+00
327.358740613 0.000000e+00
327.76033091 0.000000e+00
328.161921208 0.000000e+00
328.563511506 0.000000e+00
328.965101803 0.000000e+00
329.366692101 0.000000e+00
329.768282398 0.000000e+00
330.169872696 0.000000e+00
330.571462993 0.000000e+00
330.973053291 0.000000e+00
331.374643589 0.000000e+00
331.776233886 0.000000e+00
332.177824184 0.000000e+00
332.579414481 0.000000e+00
332.981004779 0.000000e+00
333.382595077 0.000000e+00
333.784185374 0.000000e+00
334.185775672 0.000000e+00
334.587365969 0.000000e+00
334.988956267 0.000000e+00
335.390546564 0.000000e+00
335.792136862 0.000000e+00
336.19372716 0.000000e+00
336.595317457 0.000000e+00
336.996907755 0.000000e+00
337.398498052 0.000000e+00
337.80008835 0.000000e+00
338.201678647 0.000000e+00
338.603268945 0.000000e+00
339.004859243 0.000000e+00
339.40644954 0.000000e+00
339.808039838 0.000000e+00
340.209630135 0.000000e+00
340.611220433 0.000000e+00
341.01281073 0.000000e+00
341.414401028 0.000000e+00
341.815991326 0.000000e+00
342.217581623 0.000000e+00
342.619171921 0.000000e+00
343.020762218 0.000000e+00
343.422352516 0.000000e+00
343.823942814 0.000000e+00
344.225533111 0.000000e+00
344.627123409 0.000000e+00
345.028713706 0.000000e+00
345.430304004 0.000000e+00
345.831894301 0.000000e+00
346.233484599 0.000000e+00
346.635074897 0.000000e+00
347.036665194 0.000000e+00
347.438255492 0.000000e+00
347.839845789 0.000000e+00
348.241436087 0.000000e+00
348.643026384 0.000000e+00
349.044616682 0.000000e+00
349.44620698 0.000000e+00
349.847797277 0.000000e+00
350.249387575 0.000000e+00
350.650977872 0.000000e+00
351.05256817 0.000000e+00
351.454158468 0.000000e+00
351.855748765 0.000000e+00
352.257339063 0.000000e+00
352.65892936 0.000000e+00
353.060519658 0.000000e+00
353.462109955 0.000000e+00
353.863700253 0.000000e+00
354.265290551 0.000000e+00
354.666880848 0.000000e+00
355.068471146 0.000000e+00
355.470061443 0.000000e+00
355.871651741 0.000000e+00
356.273242038 0.000000e+00
356.674832336 0.000000e+00
357.076422634 0.000000e+00
357.478012931 0.000000e+00
357.879603229 0.000000e+00
358.281193526 0.000000e+00
358.682783824 0.000000e+00
359.084374122 0.000000e+00
359.485964419 0.000000e+00
359.887554717 0.000000e+00
360.289145014 0.000000e+00
360.690735312 0.000000e+00
361.092325609 0.000000e+00
361.493915907 0.000000e+00
361.895506205 0.000000e+00
362.297096502 0.000000e+00
362.6986868 0.000000e+00
363.100277097 0.000000e+00
363.501867395 0.000000e+00
363.903457692 0.000000e+00
364.30504799 0.000000e+00
364.706638288 0.000000e+00
365.108228585 0.000000e+00
365.509818883 0.000000e+00
365.91140918 0.000000e+00
366.312999478 0.000000e+00
366.714589776 0.000000e+00
367.116180073 0.000000e+00
367.517770371 0.000000e+00
367.919360668 0.000000e+00
368.320950966 0.000000e+00
368.722541263 0.000000e+00
369.124131561 0.000000e+00
369.525721859 0.000000e+00
369.927312156 0.000000e+00
370.328902454 0.000000e+00
370.730492751 0.000000e+00
371.132083049 0.000000e+00
371.533673346 0.000000e+00
371.935263644 0.000000e+00
372.336853942 0.000000e+00
372.738444239 0.000000e+00
373.140034537 0.000000e+00
373.541624834 0.000000e+00
373.943215132 0.000000e+00
374.34480543 0.000000e+00
374.746395727 0.000000e+00
375.147986025 0.000000e+00
375.549576322 0.000000e+00
375.95116662 0.000000e+00
376.352756917 0.000000e+00
376.754347215 0.000000e+00
377.155937513 0.000000e+00
377.55752781 0.000000e+00
377.959118108 0.000000e+00
378.360708405 0.000000e+00
378.762298703 0.000000e+00
379.163889 0.000000e+00
379.565479298 0.000000e+00
379.967069596 0.000000e+00
380.368659893 0.000000e+00
380.770250191 0.000000e+00
381.171840488 0.000000e+00
381.573430786 0.000000e+00
381.975021083 0.000000e+00
382.376611381 0.000000e+00
382.778201679 0.000000e+00
383.179791976 0.000000e+00
383.581382274 0.000000e+00
383.982972571 0.000000e+00
384.384562869 0.000000e+00
384.786153167 0.000000e+00
385.187743464 0.000000e+00
385.589333762 0.000000e+00
385.990924059 0.000000e+00
386.392514357 0.000000e+00
387.392514357 0.0
388.392514357 0.0
389.392514357 0.0
390.392514357 0.0
391.392514357 0.0
392.392514357 0.0
393.392514357 0.0
394.392514357 0.0
395.392514357 0.0
396.392514357 0.0
397.392514357 0.0
398.392514357 0.0
399.392514357 0.0
400.392514357 0.0
401.392514357 0.0
402.392514357 0.0
403.392514357 0.0
404.392514357 0.0
405.392514357 0.0
406.392514357 0.0
407.392514357 0.0
408.392514357 0.0
409.392514357 0.0
410.392514357 0.0
411.392514357 0.0
412.392514357 0.0
413.392514357 0.0
414.392514357 0.0
415.392514357 0.0
416.392514357 0.0
417.392514357 0.0
418.392514357 0.0
419.392514357 0.0
420.392514357 0.0
421.392514357 0.0
422.392514357 0.0
423.392514357 0.0
424.392514357 0.0
425.392514357 0.0
426.392514357 0.0
427.392514357 0.0
428.392514357 0.0
429.392514357 0.0
430.392514357 0.0
431.392514357 0.0
432.392514357 0.0
433.392514357 0.0
434.392514357 0.0
435.392514357 0.0
436.392514357 0.0
437.392514357 0.0
438.392514357 0.0
439.392514357 0.0
440.392514357 0.0
441.392514357 0.0
442.392514357 0.0
443.392514357 0.0
444.392514357 0.0
445.392514357 0.0
446.392514357 0.0
447.392514357 0.0
448.392514357 0.0
449.392514357 0.0
450.392514357 0.0
451.392514357 0.0
452.392514357 0.0
453.392514357 0.0
454.392514357 0.0
455.392514357 0.0
456.392514357 0.0
457.392514357 0.0
458.392514357 0.0
459.392514357 0.0
460.392514357 0.0
461.392514357 0.0
462.392514357 0.0
463.392514357 0.0
464.392514357 0.0
465.392514357 0.0
466.392514357 0.0
467.392514357 0.0
468.392514357 0.0
469.392514357 0.0
470.392514357 0.0
471.392514357 0.0
472.392514357 0.0
473.392514357 0.0
474.392514357 0.0
475.392514357 0.0
476.392514357 0.0
477.392514357 0.0
478.392514357 0.0
479.392514357 0.0
480.392514357 0.0
481.392514357 0.0
482.392514357 0.0
483.392514357 0.0
484.392514357 0.0
485.392514357 0.0
486.392514357 0.0
487.392514357 0.0
488.392514357 0.0
489.392514357 0.0
490.392514357 0.0
491.392514357 0.0
492.392514357 0.0
493.392514357 0.0
494.392514357 0.0
495.392514357 0.0
496.392514357 0.0
497.392514357 0.0
498.392514357 0.0
499.392514357 0.0
500.392514357 0.0
501.392514357 0.0
502.392514357 0.0
503.392514357 0.0
504.392514357 0.0
505.392514357 0.0
506.392514357 0.0
507.392514357 0.0
508.392514357 0.0
509.392514357 0.0
510.392514357 0.0
511.392514357 0.0
512.392514357 0.0
513.392514357 0.0
514.392514357 0.0
515.392514357 0.0
516.392514357 0.0
517.392514357 0.0
518.392514357 0.0
519.392514357 0.0
520.392514357 0.0
521.392514357 0.0
522.392514357 0.0
523.392514357 0.0
524.392514357 0.0
525.392514357 0.0
526.392514357 0.0
527.392514357 0.0
528.392514357 0.0
529.392514357 0.0
530.392514357 0.0
531.392514357 0.0
532.392514357 0.0
533.392514357 0.0
534.392514357 0.0
535.392514357 0.0
536.392514357 0.0
537.392514357 0.0
538.392514357 0.0
539.392514357 0.0
540.392514357 0.0
541.392514357 0.0
542.392514357 0.0
543.392514357 0.0
544.392514357 0.0
545.392514357 0.0
546.392514357 0.0
547.392514357 0.0
548.392514357 0.0
549.392514357 0.0
550.392514357 0.0
551.392514357 0.0
552.392514357 0.0
553.392514357 0.0
554.392514357 0.0
555.392514357 0.0
556.392514357 0.0
557.392514357 0.0
558.392514357 0.0
559.392514357 0.0
560.392514357 0.0
561.392514357 0.0
562.392514357 0.0
563.392514357 0.0
564.392514357 0.0
565.392514357 0.0
566.392514357 0.0
567.392514357 0.0
568.392514357 0.0
569.392514357 0.0
570.392514357 0.0
571.392514357 0.0
572.392514357 0.0
573.392514357 0.0
574.392514357 0.0
575.392514357 0.0
576.392514357 0.0
577.392514357 0.0
578.392514357 0.0
579.392514357 0.0
580.392514357 0.0
581.392514357 0.0
582.392514357 0.0
583.392514357 0.0
584.392514357 0.0
585.392514357 0.0
586.392514357 0.0
587.392514357 0.0
588.392514357 0.0
589.392514357 0.0
590.392514357 0.0
591.392514357 0.0
592.392514357 0.0
593.392514357 0.0
594.392514357 0.0
595.392514357 0.0
596.392514357 0.0
597.392514357 0.0
598.392514357 0.0
599.392514357 0.0
600.392514357 0.0
601.392514357 0.0
602.392514357 0.0
603.392514357 0.0
604.392514357 0.0
605.392514357 0.0
606.392514357 0.0
607.392514357 0.0
608.392514357 0.0
609.392514357 0.0
610.392514357 0.0
611.392514357 0.0
612.392514357 0.0
613.392514357 0.0
614.392514357 0.0
615.392514357 0.0
616.392514357 0.0
617.392514357 0.0
618.392514357 0.0
619.392514357 0.0
620.392514357 0.0
621.392514357 0.0
622.392514357 0.0
623.392514357 0.0
624.392514357 0.0
625.392514357 0.0
626.392514357 0.0
627.392514357 0.0
628.392514357 0.0
629.392514357 0.0
630.392514357 0.0
631.392514357 0.0
632.392514357 0.0
633.392514357 0.0
634.392514357 0.0
635.392514357 0.0
636.392514357 0.0
637.392514357 0.0
638.392514357 0.0
639.392514357 0.0
640.392514357 0.0
641.392514357 0.0
642.392514357 0.0
643.392514357 0.0
644.392514357 0.0
645.392514357 0.0
646.392514357 0.0
647.392514357 0.0
648.392514357 0.0
649.392514357 0.0
650.392514357 0.0
651.392514357 0.0
652.392514357 0.0
653.392514357 0.0
654.392514357 0.0
655.392514357 0.0
656.392514357 0.0
657.392514357 0.0
658.392514357 0.0
659.392514357 0.0
660.392514357 0.0
661.392514357 0.0
662.392514357 0.0
663.392514357 0.0
664.392514357 0.0
665.392514357 0.0
666.392514357 0.0
667.392514357 0.0
668.392514357 0.0
669.392514357 0.0
670.392514357 0.0
671.392514357 0.0
672.392514357 0.0
673.392514357 0.0
674.392514357 0.0
675.392514357 0.0
676.392514357 0.0
677.392514357 0.0
678.392514357 0.0
679.392514357 0.0
680.392514357 0.0
681.392514357 0.0
682.392514357 0.0
683.392514357 0.0
684.392514357 0.0
685.392514357 0.0
686.392514357 0.0
687.392514357 0.0
688.392514357 0.0
689.392514357 0.0
690.392514357 0.0
691.392514357 0.0
692.392514357 0.0
693.392514357 0.0
694.392514357 0.0
695.392514357 0.0
696.392514357 0.0
697.392514357 0.0
698.392514357 0.0
699.392514357 0.0
700.392514357 0.0
701.392514357 0.0
702.392514357 0.0
703.392514357 0.0
704.392514357 0.0
705.392514357 0.0
706.392514357 0.0
707.392514357 0.0
708.392514357 0.0
709.392514357 0.0
710.392514357 0.0
711.392514357 0.0
712.392514357 0.0
713.392514357 0.0
714.392514357 0.0
715.392514357 0.0
716.392514357 0.0
717.392514357 0.0
718.392514357 0.0
719.392514357 0.0
720.392514357 0.0
721.392514357 0.0
722.392514357 0.0
723.392514357 0.0
724.392514357 0.0
725.392514357 0.0
726.392514357 0.0
727.392514357 0.0
728.392514357 0.0
729.392514357 0.0
730.392514357 0.0
731.392514357 0.0
732.392514357 0.0
733.392514357 0.0
734.392514357 0.0
735.392514357 0.0
736.392514357 0.0
737.392514357 0.0
738.392514357 0.0
739.392514357 0.0
740.392514357 0.0
741.392514357 0.0
742.392514357 0.0
743.392514357 0.0
744.392514357 0.0
745.392514357 0.0
746.392514357 0.0
747.392514357 0.0
748.392514357 0.0
749.392514357 0.0
750.392514357 0.0
751.392514357 0.0
752.392514357 0.0
753.392514357 0.0
754.392514357 0.0
755.392514357 0.0
756.392514357 0.0
757.392514357 0.0
758.392514357 0.0
759.392514357 0.0
760.392514357 0.0
761.392514357 0.0
762.392514357 0.0
763.392514357 0.0
764.392514357 0.0
765.392514357 0.0
766.392514357 0.0
767.392514357 0.0
768.392514357 0.0
769.392514357 0.0
770.392514357 0.0
771.392514357 0.0
772.392514357 0.0
773.392514357 0.0
774.392514357 0.0
775.392514357 0.0
776.392514357 0.0
777.392514357 0.0
778.392514357 0.0
779.392514357 0.0
780.392514357 0.0
781.392514357 0.0
782.392514357 0.0
783.392514357 0.0
784.392514357 0.0
785.392514357 0.0
786.392514357 0.0
787.392514357 0.0
788.392514357 0.0
789.392514357 0.0
790.392514357 0.0
791.392514357 0.0
792.392514357 0.0
793.392514357 0.0
794.392514357 0.0
795.392514357 0.0
796.392514357 0.0
797.392514357 0.0
798.392514357 0.0
799.392514357 0.0
800.392514357 0.0
801.392514357 0.0
802.392514357 0.0
803.392514357 0.0
804.392514357 0.0
805.392514357 0.0
806.392514357 0.0
807.392514357 0.0
808.392514357 0.0
809.392514357 0.0
810.392514357 0.0
811.392514357 0.0
812.392514357 0.0
813.392514357 0.0
814.392514357 0.0
815.392514357 0.0
816.392514357 0.0
817.392514357 0.0
818.392514357 0.0
819.392514357 0.0
820.392514357 0.0
821.392514357 0.0
822.392514357 0.0
823.392514357 0.0
824.392514357 0.0
825.392514357 0.0
826.392514357 0.0
827.392514357 0.0
828.392514357 0.0
829.392514357 0.0
830.392514357 0.0
831.392514357 0.0
832.392514357 0.0
833.392514357 0.0
834.392514357 0.0
835.392514357 0.0
836.392514357 0.0
837.392514357 0.0
838.392514357 0.0
839.392514357 0.0
840.392514357 0.0
841.392514357 0.0
842.392514357 0.0
843.392514357 0.0
844.392514357 0.0
845.392514357 0.0
846.392514357 0.0
847.392514357 0.0
848.392514357 0.0
849.392514357 0.0
850.392514357 0.0
851.392514357 0.0
852.392514357 0.0
853.392514357 0.0
854.392514357 0.0
855.392514357 0.0
856.392514357 0.0
857.392514357 0.0
858.392514357 0.0
859.392514357 0.0
860.392514357 0.0
861.392514357 0.0
862.392514357 0.0
863.392514357 0.0
864.392514357 0.0
865.392514357 0.0
866.392514357 0.0
867.392514357 0.0
868.392514357 0.0
869.392514357 0.0
870.392514357 0.0
871.392514357 0.0
872.392514357 0.0
873.392514357 0.0
874.392514357 0.0
875.392514357 0.0
876.392514357 0.0
877.392514357 0.0
878.392514357 0.0
879.392514357 0.0
880.392514357 0.0
881.392514357 0.0
882.392514357 0.0
883.392514357 0.0
884.392514357 0.0
885.392514357 0.0
886.392514357 0.0
