-556.538980883 0.0
-555.538980883 0.0
-554.538980883 0.0
-553.538980883 0.0
-552.538980883 0.0
-551.538980883 0.0
-550.538980883 0.0
-549.538980883 0.0
-548.538980883 0.0
-547.538980883 0.0
-546.538980883 0.0
-545.538980883 0.0
-544.538980883 0.0
-543.538980883 0.0
-542.538980883 0.0
-541.538980883 0.0
-540.538980883 0.0
-539.538980883 0.0
-538.538980883 0.0
-537.538980883 0.0
-536.538980883 0.0
-535.538980883 0.0
-534.538980883 0.0
-533.538980883 0.0
-532.538980883 0.0
-531.538980883 0.0
-530.538980883 0.0
-529.538980883 0.0
-528.538980883 0.0
-527.538980883 0.0
-526.538980883 0.0
-525.538980883 0.0
-524.538980883 0.0
-523.538980883 0.0
-522.538980883 0.0
-521.538980883 0.0
-520.538980883 0.0
-519.538980883 0.0
-518.538980883 0.0
-517.538980883 0.0
-516.538980883 0.0
-515.538980883 0.0
-514.538980883 0.0
-513.538980883 0.0
-512.538980883 0.0
-511.538980883 0.0
-510.538980883 0.0
-509.538980883 0.0
-508.538980883 0.0
-507.538980883 0.0
-506.538980883 0.0
-505.538980883 0.0
-504.538980883 0.0
-503.538980883 0.0
-502.538980883 0.0
-501.538980883 0.0
-500.538980883 0.0
-499.538980883 0.0
-498.538980883 0.0
-497.538980883 0.0
-496.538980883 0.0
-495.538980883 0.0
-494.538980883 0.0
-493.538980883 0.0
-492.538980883 0.0
-491.538980883 0.0
-490.538980883 0.0
-489.538980883 0.0
-488.538980883 0.0
-487.538980883 0.0
-486.538980883 0.0
-485.538980883 0.0
-484.538980883 0.0
-483.538980883 0.0
-482.538980883 0.0
-481.538980883 0.0
-480.538980883 0.0
-479.538980883 0.0
-478.538980883 0.0
-477.538980883 0.0
-476.538980883 0.0
-475.538980883 0.0
-474.538980883 0.0
-473.538980883 0.0
-472.538980883 0.0
-471.538980883 0.0
-470.538980883 0.0
-469.538980883 0.0
-468.538980883 0.0
-467.538980883 0.0
-466.538980883 0.0
-465.538980883 0.0
-464.538980883 0.0
-463.538980883 0.0
-462.538980883 0.0
-461.538980883 0.0
-460.538980883 0.0
-459.538980883 0.0
-458.538980883 0.0
-457.538980883 0.0
-456.538980883 0.0
-455.538980883 0.0
-454.538980883 0.0
-453.538980883 0.0
-452.538980883 0.0
-451.538980883 0.0
-450.538980883 0.0
-449.538980883 0.0
-448.538980883 0.0
-447.538980883 0.0
-446.538980883 0.0
-445.538980883 0.0
-444.538980883 0.0
-443.538980883 0.0
-442.538980883 0.0
-441.538980883 0.0
-440.538980883 0.0
-439.538980883 0.0
-438.538980883 0.0
-437.538980883 0.0
-436.538980883 0.0
-435.538980883 0.0
-434.538980883 0.0
-433.538980883 0.0
-432.538980883 0.0
-431.538980883 0.0
-430.538980883 0.0
-429.538980883 0.0
-428.538980883 0.0
-427.538980883 0.0
-426.538980883 0.0
-425.538980883 0.0
-424.538980883 0.0
-423.538980883 0.0
-422.538980883 0.0
-421.538980883 0.0
-420.538980883 0.0
-419.538980883 0.0
-418.538980883 0.0
-417.538980883 0.0
-416.538980883 0.0
-415.538980883 0.0
-414.538980883 0.0
-413.538980883 0.0
-412.538980883 0.0
-411.538980883 0.0
-410.538980883 0.0
-409.538980883 0.0
-408.538980883 0.0
-407.538980883 0.0
-406.538980883 0.0
-405.538980883 0.0
-404.538980883 0.0
-403.538980883 0.0
-402.538980883 0.0
-401.538980883 0.0
-400.538980883 0.0
-399.538980883 0.0
-398.538980883 0.0
-397.538980883 0.0
-396.538980883 0.0
-395.538980883 0.0
-394.538980883 0.0
-393.538980883 0.0
-392.538980883 0.0
-391.538980883 0.0
-390.538980883 0.0
-389.538980883 0.0
-388.538980883 0.0
-387.538980883 0.0
-386.538980883 0.0
-385.538980883 0.0
-384.538980883 0.0
-383.538980883 0.0
-382.538980883 0.0
-381.538980883 0.0
-380.538980883 0.0
-379.538980883 0.0
-378.538980883 0.0
-377.538980883 0.0
-376.538980883 0.0
-375.538980883 0.0
-374.538980883 0.0
-373.538980883 0.0
-372.538980883 0.0
-371.538980883 0.0
-370.538980883 0.0
-369.538980883 0.0
-368.538980883 0.0
-367.538980883 0.0
-366.538980883 0.0
-365.538980883 0.0
-364.538980883 0.0
-363.538980883 0.0
-362.538980883 0.0
-361.538980883 0.0
-360.538980883 0.0
-359.538980883 0.0
-358.538980883 0.0
-357.538980883 0.0
-356.538980883 0.0
-355.538980883 0.0
-354.538980883 0.0
-353.538980883 0.0
-352.538980883 0.0
-351.538980883 0.0
-350.538980883 0.0
-349.538980883 0.0
-348.538980883 0.0
-347.538980883 0.0
-346.538980883 0.0
-345.538980883 0.0
-344.538980883 0.0
-343.538980883 0.0
-342.538980883 0.0
-341.538980883 0.0
-340.538980883 0.0
-339.538980883 0.0
-338.538980883 0.0
-337.538980883 0.0
-336.538980883 0.0
-335.538980883 0.0
-334.538980883 0.0
-333.538980883 0.0
-332.538980883 0.0
-331.538980883 0.0
-330.538980883 0.0
-329.538980883 0.0
-328.538980883 0.0
-327.538980883 0.0
-326.538980883 0.0
-325.538980883 0.0
-324.538980883 0.0
-323.538980883 0.0
-322.538980883 0.0
-321.538980883 0.0
-320.538980883 0.0
-319.538980883 0.0
-318.538980883 0.0
-317.538980883 0.0
-316.538980883 0.0
-315.538980883 0.0
-314.538980883 0.0
-313.538980883 0.0
-312.538980883 0.0
-311.538980883 0.0
-310.538980883 0.0
-309.538980883 0.0
-308.538980883 0.0
-307.538980883 0.0
-306.538980883 0.0
-305.538980883 0.0
-304.538980883 0.0
-303.538980883 0.0
-302.538980883 0.0
-301.538980883 0.0
-300.538980883 0.0
-299.538980883 0.0
-298.538980883 0.0
-297.538980883 0.0
-296.538980883 0.0
-295.538980883 0.0
-294.538980883 0.0
-293.538980883 0.0
-292.538980883 0.0
-291.538980883 0.0
-290.538980883 0.0
-289.538980883 0.0
-288.538980883 0.0
-287.538980883 0.0
-286.538980883 0.0
-285.538980883 0.0
-284.538980883 0.0
-283.538980883 0.0
-282.538980883 0.0
-281.538980883 0.0
-280.538980883 0.0
-279.538980883 0.0
-278.538980883 0.0
-277.538980883 0.0
-276.538980883 0.0
-275.538980883 0.0
-274.538980883 0.0
-273.538980883 0.0
-272.538980883 0.0
-271.538980883 0.0
-270.538980883 0.0
-269.538980883 0.0
-268.538980883 0.0
-267.538980883 0.0
-266.538980883 0.0
-265.538980883 0.0
-264.538980883 0.0
-263.538980883 0.0
-262.538980883 0.0
-261.538980883 0.0
-260.538980883 0.0
-259.538980883 0.0
-258.538980883 0.0
-257.538980883 0.0
-256.538980883 0.0
-255.538980883 0.0
-254.538980883 0.0
-253.538980883 0.0
-252.538980883 0.0
-251.538980883 0.0
-250.538980883 0.0
-249.538980883 0.0
-248.538980883 0.0
-247.538980883 0.0
-246.538980883 0.0
-245.538980883 0.0
-244.538980883 0.0
-243.538980883 0.0
-242.538980883 0.0
-241.538980883 0.0
-240.538980883 0.0
-239.538980883 0.0
-238.538980883 0.0
-237.538980883 0.0
-236.538980883 0.0
-235.538980883 0.0
-234.538980883 0.0
-233.538980883 0.0
-232.538980883 0.0
-231.538980883 0.0
-230.538980883 0.0
-229.538980883 0.0
-228.538980883 0.0
-227.538980883 0.0
-226.538980883 0.0
-225.538980883 0.0
-224.538980883 0.0
-223.538980883 0.0
-222.538980883 0.0
-221.538980883 0.0
-220.538980883 0.0
-219.538980883 0.0
-218.538980883 0.0
-217.538980883 0.0
-216.538980883 0.0
-215.538980883 0.0
-214.538980883 0.0
-213.538980883 0.0
-212.538980883 0.0
-211.538980883 0.0
-210.538980883 0.0
-209.538980883 0.0
-208.538980883 0.0
-207.538980883 0.0
-206.538980883 0.0
-205.538980883 0.0
-204.538980883 0.0
-203.538980883 0.0
-202.538980883 0.0
-201.538980883 0.0
-200.538980883 0.0
-199.538980883 0.0
-198.538980883 0.0
-197.538980883 0.0
-196.538980883 0.0
-195.538980883 0.0
-194.538980883 0.0
-193.538980883 0.0
-192.538980883 0.0
-191.538980883 0.0
-190.538980883 0.0
-189.538980883 0.0
-188.538980883 0.0
-187.538980883 0.0
-186.538980883 0.0
-185.538980883 0.0
-184.538980883 0.0
-183.538980883 0.0
-182.538980883 0.0
-181.538980883 0.0
-180.538980883 0.0
-179.538980883 0.0
-178.538980883 0.0
-177.538980883 0.0
-176.538980883 0.0
-175.538980883 0.0
-174.538980883 0.0
-173.538980883 0.0
-172.538980883 0.0
-171.538980883 0.0
-170.538980883 0.0
-169.538980883 0.0
-168.538980883 0.0
-167.538980883 0.0
-166.538980883 0.0
-165.538980883 0.0
-164.538980883 0.0
-163.538980883 0.0
-162.538980883 0.0
-161.538980883 0.0
-160.538980883 0.0
-159.538980883 0.0
-158.538980883 0.0
-157.538980883 0.0
-156.538980883 0.0
-155.538980883 0.0
-154.538980883 0.0
-153.538980883 0.0
-152.538980883 0.0
-151.538980883 0.0
-150.538980883 0.0
-149.538980883 0.0
-148.538980883 0.0
-147.538980883 0.0
-146.538980883 0.0
-145.538980883 0.0
-144.538980883 0.0
-143.538980883 0.0
-142.538980883 0.0
-141.538980883 0.0
-140.538980883 0.0
-139.538980883 0.0
-138.538980883 0.0
-137.538980883 0.0
-136.538980883 0.0
-135.538980883 0.0
-134.538980883 0.0
-133.538980883 0.0
-132.538980883 0.0
-131.538980883 0.0
-130.538980883 0.0
-129.538980883 0.0
-128.538980883 0.0
-127.538980883 0.0
-126.538980883 0.0
-125.538980883 0.0
-124.538980883 0.0
-123.538980883 0.0
-122.538980883 0.0
-121.538980883 0.0
-120.538980883 0.0
-119.538980883 0.0
-118.538980883 0.0
-117.538980883 0.0
-116.538980883 0.0
-115.538980883 0.0
-114.538980883 0.0
-113.538980883 0.0
-112.538980883 0.0
-111.538980883 0.0
-110.538980883 0.0
-109.538980883 0.0
-108.538980883 0.0
-107.538980883 0.0
-106.538980883 0.0
-105.538980883 0.0
-104.538980883 0.0
-103.538980883 0.0
-102.538980883 0.0
-101.538980883 0.0
-100.538980883 0.0
-99.5389808827 0.0
-98.5389808827 0.0
-97.5389808827 0.0
-96.5389808827 0.0
-95.5389808827 0.0
-94.5389808827 0.0
-93.5389808827 0.0
-92.5389808827 0.0
-91.5389808827 0.0
-90.5389808827 0.0
-89.5389808827 0.0
-88.5389808827 0.0
-87.5389808827 0.0
-86.5389808827 0.0
-85.5389808827 0.0
-84.5389808827 0.0
-83.5389808827 0.0
-82.5389808827 0.0
-81.5389808827 0.0
-80.5389808827 0.0
-79.5389808827 0.0
-78.5389808827 0.0
-77.5389808827 0.0
-76.5389808827 0.0
-75.5389808827 0.0
-74.5389808827 0.0
-73.5389808827 0.0
-72.5389808827 0.0
-71.5389808827 0.0
-70.5389808827 0.0
-69.5389808827 0.0
-68.5389808827 0.0
-67.5389808827 0.0
-66.5389808827 0.0
-65.5389808827 0.0
-64.5389808827 0.0
-63.5389808827 0.0
-62.5389808827 0.0
-61.5389808827 0.0
-60.5389808827 0.0
-59.5389808827 0.0
-58.5389808827 0.0
-57.5389808827 0.0
-56.5389808827 0.000000e+00
-56.3020870348 0.000000e+00
-56.0651931869 0.000000e+00
-55.8282993391 0.000000e+00
-55.5914054912 0.000000e+00
-55.3545116433 0.000000e+00
-55.1176177955 0.000000e+00
-54.8807239476 0.000000e+00
-54.6438300997 0.000000e+00
-54.4069362519 0.000000e+00
-54.170042404 0.000000e+00
-53.9331485561 0.000000e+00
-53.6962547083 0.000000e+00
-53.4593608604 0.000000e+00
-53.2224670125 0.000000e+00
-52.9855731647 0.000000e+00
-52.7486793168 0.000000e+00
-52.5117854689 0.000000e+00
-52.2748916211 0.000000e+00
-52.0379977732 0.000000e+00
-51.8011039253 0.000000e+00
-51.5642100775 0.000000e+00
-51.3273162296 0.000000e+00
-51.0904223817 0.000000e+00
-50.8535285339 0.000000e+00
-50.616634686 0.000000e+00
-50.3797408381 0.000000e+00
-50.1428469903 0.000000e+00
-49.9059531424 0.000000e+00
-49.6690592945 0.000000e+00
-49.4321654467 0.000000e+00
-49.1952715988 0.000000e+00
-48.9583777509 0.000000e+00
-48.7214839031 0.000000e+00
-48.4845900552 0.000000e+00
-48.2476962073 0.000000e+00
-48.0108023595 0.000000e+00
-47.7739085116 0.000000e+00
-47.5370146637 0.000000e+00
-47.3001208159 0.000000e+00
-47.063226968 0.000000e+00
-46.8263331201 0.000000e+00
-46.5894392723 0.000000e+00
-46.3525454244 0.000000e+00
-46.1156515765 0.000000e+00
-45.8787577287 0.000000e+00
-45.6418638808 0.000000e+00
-45.4049700329 0.000000e+00
-45.1680761851 0.000000e+00
-44.9311823372 0.000000e+00
-44.6942884893 0.000000e+00
-44.4573946415 0.000000e+00
-44.2205007936 0.000000e+00
-43.9836069457 0.000000e+00
-43.7467130979 0.000000e+00
-43.50981925 0.000000e+00
-43.2729254021 0.000000e+00
-43.0360315543 0.000000e+00
-42.7991377064 0.000000e+00
-42.5622438585 0.000000e+00
-42.3253500107 0.000000e+00
-42.0884561628 0.000000e+00
-41.8515623149 0.000000e+00
-41.6146684671 0.000000e+00
-41.3777746192 0.000000e+00
-41.1408807713 0.000000e+00
-40.9039869235 0.000000e+00
-40.6670930756 0.000000e+00
-40.4301992277 0.000000e+00
-40.1933053799 0.000000e+00
-39.956411532 0.000000e+00
-39.7195176841 0.000000e+00
-39.4826238363 0.000000e+00
-39.2457299884 0.000000e+00
-39.0088361405 0.000000e+00
-38.7719422927 0.000000e+00
-38.5350484448 0.000000e+00
-38.2981545969 0.000000e+00
-38.0612607491 0.000000e+00
-37.8243669012 0.000000e+00
-37.5874730533 0.000000e+00
-37.3505792055 0.000000e+00
-37.1136853576 0.000000e+00
-36.8767915097 0.000000e+00
-36.6398976619 0.000000e+00
-36.403003814 0.000000e+00
-36.1661099661 0.000000e+00
-35.9292161183 0.000000e+00
-35.6923222704 0.000000e+00
-35.4554284225 0.000000e+00
-35.2185345747 0.000000e+00
-34.9816407268 0.000000e+00
-34.7447468789 0.000000e+00
-34.5078530311 0.000000e+00
-34.2709591832 0.000000e+00
-34.0340653353 0.000000e+00
-33.7971714875 0.000000e+00
-33.5602776396 0.000000e+00
-33.3233837917 0.000000e+00
-33.0864899439 0.000000e+00
-32.849596096 0.000000e+00
-32.6127022481 0.000000e+00
-32.3758084003 0.000000e+00
-32.1389145524 0.000000e+00
-31.9020207045 0.000000e+00
-31.6651268567 0.000000e+00
-31.4282330088 0.000000e+00
-31.1913391609 0.000000e+00
-30.9544453131 0.000000e+00
-30.7175514652 0.000000e+00
-30.4806576173 0.000000e+00
-30.2437637695 0.000000e+00
-30.0068699216 0.000000e+00
-29.7699760737 0.000000e+00
-29.5330822259 0.000000e+00
-29.296188378 0.000000e+00
-29.0592945301 0.000000e+00
-28.8224006823 0.000000e+00
-28.5855068344 0.000000e+00
-28.3486129865 0.000000e+00
-28.1117191387 0.000000e+00
-27.8748252908 0.000000e+00
-27.6379314429 0.000000e+00
-27.4010375951 0.000000e+00
-27.1641437472 0.000000e+00
-26.9272498993 0.000000e+00
-26.6903560515 0.000000e+00
-26.4534622036 0.000000e+00
-26.2165683557 0.000000e+00
-25.9796745079 0.000000e+00
-25.74278066 0.000000e+00
-25.5058868121 0.000000e+00
-25.2689929643 0.000000e+00
-25.0320991164 0.000000e+00
-24.7952052685 0.000000e+00
-24.5583114207 0.000000e+00
-24.3214175728 0.000000e+00
-24.0845237249 0.000000e+00
-23.8476298771 0.000000e+00
-23.6107360292 0.000000e+00
-23.3738421813 0.000000e+00
-23.1369483335 0.000000e+00
-22.9000544856 0.000000e+00
-22.6631606377 0.000000e+00
-22.4262667899 0.000000e+00
-22.189372942 0.000000e+00
-21.9524790941 0.000000e+00
-21.7155852463 0.000000e+00
-21.4786913984 0.000000e+00
-21.2417975505 0.000000e+00
-21.0049037027 0.000000e+00
-20.7680098548 0.000000e+00
-20.5311160069 0.000000e+00
-20.2942221591 0.000000e+00
-20.0573283112 0.000000e+00
-19.8204344633 0.000000e+00
-19.5835406155 0.000000e+00
-19.3466467676 0.000000e+00
-19.1097529197 0.000000e+00
-18.8728590718 0.000000e+00
-18.635965224 0.000000e+00
-18.3990713761 0.000000e+00
-18.1621775282 0.000000e+00
-17.9252836804 0.000000e+00
-17.6883898325 0.000000e+00
-17.4514959846 0.000000e+00
-17.2146021368 0.000000e+00
-16.9777082889 0.000000e+00
-16.740814441 0.000000e+00
-16.5039205932 0.000000e+00
-16.2670267453 0.000000e+00
-16.0301328974 0.000000e+00
-15.7932390496 0.000000e+00
-15.5563452017 0.000000e+00
-15.3194513538 0.000000e+00
-15.082557506 0.000000e+00
-14.8456636581 0.000000e+00
-14.6087698102 0.000000e+00
-14.3718759624 0.000000e+00
-14.1349821145 0.000000e+00
-13.8980882666 0.000000e+00
-13.6611944188 0.000000e+00
-13.4243005709 0.000000e+00
-13.187406723 0.000000e+00
-12.9505128752 0.000000e+00
-12.7136190273 0.000000e+00
-12.4767251794 0.000000e+00
-12.2398313316 0.000000e+00
-12.0029374837 0.000000e+00
-11.7660436358 0.000000e+00
-11.529149788 0.000000e+00
-11.2922559401 0.000000e+00
-11.0553620922 0.000000e+00
-10.8184682444 0.000000e+00
-10.5815743965 0.000000e+00
-10.3446805486 0.000000e+00
-10.1077867008 0.000000e+00
-9.87089285291 0.000000e+00
-9.63399900505 0.000000e+00
-9.39710515718 0.000000e+00
-9.16021130931 0.000000e+00
-8.92331746145 0.000000e+00
-8.68642361358 0.000000e+00
-8.44952976571 0.000000e+00
-8.21263591785 0.000000e+00
-7.97574206998 0.000000e+00
-7.73884822211 0.000000e+00
-7.50195437424 0.000000e+00
-7.26506052638 0.000000e+00
-7.02816667851 0.000000e+00
-6.79127283064 0.000000e+00
-6.55437898278 0.000000e+00
-6.31748513491 0.000000e+00
-6.08059128704 0.000000e+00
-5.84369743918 0.000000e+00
-5.60680359131 0.000000e+00
-5.36990974344 0.000000e+00
-5.13301589558 0.000000e+00
-4.89612204771 0.000000e+00
-4.65922819984 0.000000e+00
-4.42233435198 0.000000e+00
-4.18544050411 0.000000e+00
-3.94854665624 0.000000e+00
-3.71165280838 0.000000e+00
-3.47475896051 0.000000e+00
-3.23786511264 0.000000e+00
-3.00097126478 0.000000e+00
-2.76407741691 0.000000e+00
-2.52718356904 0.000000e+00
-2.29028972118 0.000000e+00
-2.05339587331 0.000000e+00
-1.81650202544 0.000000e+00
-1.57960817758 0.000000e+00
-1.34271432971 0.000000e+00
-1.10582048184 0.000000e+00
-0.868926633975 0.000000e+00
-0.632032786109 0.000000e+00
-0.395138938242 0.000000e+00
-0.158245090375 2.113575e-01
0.0786487574918 1.000000e+00
0.315542605359 6.307508e-01
0.552436453225 2.853584e-01
0.789330301092 2.446637e-01
1.02622414896 0.000000e+00
1.26311799683 0.000000e+00
1.50001184469 4.691066e-01
1.73690569256 6.269257e-01
1.97379954043 2.661933e-01
2.21069338829 0.000000e+00
2.44758723616 0.000000e+00
2.68448108403 0.000000e+00
2.92137493189 0.000000e+00
3.15826877976 0.000000e+00
3.39516262763 0.000000e+00
3.63205647549 0.000000e+00
3.86895032336 0.000000e+00
4.10584417123 0.000000e+00
4.34273801909 0.000000e+00
4.57963186696 0.000000e+00
4.81652571483 0.000000e+00
5.05341956269 0.000000e+00
5.29031341056 0.000000e+00
5.52720725843 0.000000e+00
5.76410110629 0.000000e+00
6.00099495416 0.000000e+00
6.23788880203 0.000000e+00
6.47478264989 0.000000e+00
6.71167649776 0.000000e+00
6.94857034563 0.000000e+00
7.18546419349 0.000000e+00
7.42235804136 0.000000e+00
7.65925188923 0.000000e+00
7.8961457371 0.000000e+00
8.13303958496 0.000000e+00
8.36993343283 0.000000e+00
8.6068272807 0.000000e+00
8.84372112856 0.000000e+00
9.08061497643 0.000000e+00
9.3175088243 0.000000e+00
9.55440267216 0.000000e+00
9.79129652003 0.000000e+00
10.0281903679 0.000000e+00
10.2650842158 0.000000e+00
10.5019780636 0.000000e+00
10.7388719115 0.000000e+00
10.9757657594 0.000000e+00
11.2126596072 0.000000e+00
11.4495534551 0.000000e+00
11.686447303 0.000000e+00
11.9233411508 0.000000e+00
12.1602349987 0.000000e+00
12.3971288466 0.000000e+00
12.6340226944 0.000000e+00
12.8709165423 0.000000e+00
13.1078103902 0.000000e+00
13.344704238 0.000000e+00
13.5815980859 0.000000e+00
13.8184919338 0.000000e+00
14.0553857816 0.000000e+00
14.2922796295 0.000000e+00
14.5291734774 0.000000e+00
14.7660673252 0.000000e+00
15.0029611731 0.000000e+00
15.239855021 0.000000e+00
15.4767488688 0.000000e+00
15.7136427167 0.000000e+00
15.9505365646 0.000000e+00
16.1874304124 0.000000e+00
16.4243242603 0.000000e+00
16.6612181082 0.000000e+00
16.898111956 0.000000e+00
17.1350058039 0.000000e+00
17.3718996518 0.000000e+00
17.6087934996 0.000000e+00
17.8456873475 0.000000e+00
18.0825811954 0.000000e+00
18.3194750432 0.000000e+00
18.5563688911 0.000000e+00
18.793262739 0.000000e+00
19.2670504347 0.000000e+00
19.5039442826 0.000000e+00
19.7408381304 0.000000e+00
19.9777319783 0.000000e+00
20.2146258262 0.000000e+00
20.451519674 0.000000e+00
20.6884135219 0.000000e+00
20.9253073698 0.000000e+00
21.1622012176 0.000000e+00
21.3990950655 0.000000e+00
21.6359889134 0.000000e+00
21.8728827612 0.000000e+00
22.1097766091 0.000000e+00
22.346670457 0.000000e+00
22.5835643048 0.000000e+00
22.8204581527 0.000000e+00
23.0573520006 0.000000e+00
23.2942458484 0.000000e+00
23.5311396963 0.000000e+00
23.7680335442 0.000000e+00
24.004927392 0.000000e+00
24.2418212399 0.000000e+00
24.4787150878 0.000000e+00
24.7156089356 0.000000e+00
24.9525027835 0.000000e+00
25.1893966314 0.000000e+00
25.4262904792 0.000000e+00
25.6631843271 0.000000e+00
25.900078175 0.000000e+00
26.1369720228 0.000000e+00
26.3738658707 0.000000e+00
26.6107597186 0.000000e+00
26.8476535664 0.000000e+00
27.0845474143 0.000000e+00
27.3214412622 0.000000e+00
27.55833511 0.000000e+00
27.7952289579 0.000000e+00
28.0321228058 0.000000e+00
28.2690166536 0.000000e+00
28.5059105015 0.000000e+00
28.7428043494 0.000000e+00
28.9796981972 0.000000e+00
29.2165920451 0.000000e+00
29.453485893 0.000000e+00
29.6903797408 0.000000e+00
29.9272735887 0.000000e+00
30.1641674366 0.000000e+00
30.4010612844 0.000000e+00
30.6379551323 0.000000e+00
30.8748489802 0.000000e+00
31.111742828 0.000000e+00
31.3486366759 0.000000e+00
31.5855305238 0.000000e+00
31.8224243716 0.000000e+00
32.0593182195 0.000000e+00
32.2962120674 0.000000e+00
32.5331059152 0.000000e+00
32.7699997631 0.000000e+00
33.006893611 0.000000e+00
33.2437874588 0.000000e+00
33.4806813067 0.000000e+00
33.7175751546 0.000000e+00
33.9544690024 0.000000e+00
34.1913628503 0.000000e+00
34.4282566982 0.000000e+00
34.665150546 0.000000e+00
34.9020443939 0.000000e+00
35.1389382418 0.000000e+00
35.3758320896 0.000000e+00
35.6127259375 0.000000e+00
35.8496197854 0.000000e+00
36.0865136332 0.000000e+00
36.3234074811 0.000000e+00
36.560301329 0.000000e+00
36.7971951768 0.000000e+00
37.0340890247 0.000000e+00
37.2709828726 0.000000e+00
37.5078767204 0.000000e+00
37.7447705683 0.000000e+00
37.9816644162 0.000000e+00
38.218558264 0.000000e+00
38.4554521119 0.000000e+00
38.6923459598 0.000000e+00
38.9292398076 0.000000e+00
39.1661336555 0.000000e+00
39.4030275034 0.000000e+00
39.6399213512 0.000000e+00
39.8768151991 0.000000e+00
40.113709047 0.000000e+00
40.3506028948 0.000000e+00
40.5874967427 0.000000e+00
40.8243905906 0.000000e+00
41.0612844384 0.000000e+00
41.2981782863 0.000000e+00
41.5350721342 0.000000e+00
41.771965982 0.000000e+00
42.0088598299 0.000000e+00
42.2457536778 0.000000e+00
42.4826475256 0.000000e+00
42.7195413735 0.000000e+00
42.9564352214 0.000000e+00
43.1933290692 0.000000e+00
43.4302229171 0.000000e+00
43.667116765 0.000000e+00
43.9040106128 0.000000e+00
44.1409044607 0.000000e+00
44.3777983086 0.000000e+00
44.6146921564 0.000000e+00
44.8515860043 0.000000e+00
45.0884798522 0.000000e+00
45.3253737 0.000000e+00
45.5622675479 0.000000e+00
45.7991613958 0.000000e+00
46.0360552436 0.000000e+00
46.2729490915 0.000000e+00
46.5098429394 1.598849e-01
46.7467367872 0.000000e+00
46.9836306351 0.000000e+00
47.220524483 0.000000e+00
47.4574183308 0.000000e+00
47.6943121787 0.000000e+00
47.9312060266 0.000000e+00
48.1680998744 0.000000e+00
48.4049937223 0.000000e+00
48.6418875702 0.000000e+00
48.878781418 0.000000e+00
49.1156752659 0.000000e+00
49.3525691138 0.000000e+00
49.5894629616 0.000000e+00
49.8263568095 0.000000e+00
50.0632506574 0.000000e+00
50.3001445052 0.000000e+00
50.5370383531 0.000000e+00
50.773932201 0.000000e+00
51.0108260488 0.000000e+00
51.2477198967 0.000000e+00
51.4846137446 0.000000e+00
51.7215075924 0.000000e+00
51.9584014403 0.000000e+00
52.1952952882 0.000000e+00
52.432189136 0.000000e+00
52.6690829839 0.000000e+00
52.9059768318 0.000000e+00
53.1428706796 0.000000e+00
53.3797645275 0.000000e+00
53.6166583754 0.000000e+00
53.8535522232 0.000000e+00
54.0904460711 0.000000e+00
54.327339919 0.000000e+00
54.5642337668 0.000000e+00
54.8011276147 0.000000e+00
55.0380214626 0.000000e+00
55.2749153104 0.000000e+00
55.5118091583 0.000000e+00
55.7487030062 0.000000e+00
55.985596854 0.000000e+00
56.2224907019 0.000000e+00
56.4593845498 0.000000e+00
56.6962783977 1.553086e-01
56.9331722455 0.000000e+00
57.1700660934 0.000000e+00
57.4069599413 1.496874e-01
57.6438537891 1.508073e-01
57.880747637 0.000000e+00
58.1176414849 1.763407e-01
58.3545353327 3.079918e-01
58.5914291806 2.682981e-01
58.8283230285 4.437566e-01
59.0652168763 5.143831e-01
59.3021107242 3.398975e-01
59.5390045721 3.534098e-01
59.7758984199 3.161040e-01
60.0127922678 2.518284e-01
60.2496861157 3.845897e-01
60.4865799635 2.661438e-01
60.7234738114 1.904849e-01
60.9603676593 2.217820e-01
61.1972615071 2.939999e-01
61.434155355 0.000000e+00
61.6710492029 1.708671e-01
61.9079430507 1.810567e-01
62.1448368986 0.000000e+00
62.3817307465 0.000000e+00
62.6186245943 0.000000e+00
62.8555184422 0.000000e+00
63.0924122901 0.000000e+00
63.3293061379 0.000000e+00
63.5661999858 0.000000e+00
63.8030938337 0.000000e+00
64.0399876815 0.000000e+00
64.2768815294 0.000000e+00
64.5137753773 0.000000e+00
64.7506692251 0.000000e+00
64.987563073 0.000000e+00
65.2244569209 0.000000e+00
65.4613507687 0.000000e+00
65.6982446166 0.000000e+00
65.9351384645 0.000000e+00
66.1720323123 0.000000e+00
66.4089261602 0.000000e+00
66.6458200081 0.000000e+00
66.8827138559 0.000000e+00
67.1196077038 0.000000e+00
67.3565015517 0.000000e+00
67.5933953995 0.000000e+00
67.8302892474 0.000000e+00
68.0671830953 0.000000e+00
68.3040769431 0.000000e+00
68.540970791 0.000000e+00
68.7778646389 0.000000e+00
69.0147584867 0.000000e+00
69.2516523346 0.000000e+00
69.4885461825 0.000000e+00
69.7254400303 0.000000e+00
69.9623338782 0.000000e+00
70.1992277261 0.000000e+00
70.4361215739 0.000000e+00
70.6730154218 0.000000e+00
70.9099092697 0.000000e+00
71.1468031175 0.000000e+00
71.3836969654 0.000000e+00
71.6205908133 0.000000e+00
71.8574846611 0.000000e+00
72.094378509 0.000000e+00
72.3312723569 0.000000e+00
72.5681662047 0.000000e+00
72.8050600526 0.000000e+00
73.0419539005 0.000000e+00
73.2788477483 0.000000e+00
73.5157415962 0.000000e+00
73.7526354441 0.000000e+00
73.9895292919 0.000000e+00
74.2264231398 0.000000e+00
74.4633169877 0.000000e+00
74.7002108355 0.000000e+00
74.9371046834 0.000000e+00
75.1739985313 0.000000e+00
75.4108923791 0.000000e+00
75.647786227 0.000000e+00
75.8846800749 0.000000e+00
76.1215739227 0.000000e+00
76.3584677706 0.000000e+00
76.5953616185 0.000000e+00
76.8322554663 0.000000e+00
77.0691493142 0.000000e+00
77.3060431621 0.000000e+00
77.5429370099 0.000000e+00
77.7798308578 0.000000e+00
78.0167247057 0.000000e+00
78.2536185535 0.000000e+00
78.4905124014 0.000000e+00
78.7274062493 0.000000e+00
78.9643000971 0.000000e+00
79.201193945 0.000000e+00
79.4380877929 0.000000e+00
79.6749816407 0.000000e+00
79.9118754886 0.000000e+00
80.1487693365 0.000000e+00
80.3856631843 0.000000e+00
80.6225570322 0.000000e+00
80.8594508801 0.000000e+00
81.0963447279 0.000000e+00
81.3332385758 0.000000e+00
81.5701324237 0.000000e+00
81.8070262715 0.000000e+00
82.0439201194 0.000000e+00
82.2808139673 0.000000e+00
82.5177078151 0.000000e+00
82.754601663 0.000000e+00
82.9914955109 0.000000e+00
83.2283893587 0.000000e+00
83.4652832066 0.000000e+00
83.7021770545 0.000000e+00
83.9390709023 0.000000e+00
84.1759647502 0.000000e+00
84.4128585981 0.000000e+00
84.6497524459 0.000000e+00
84.8866462938 0.000000e+00
85.1235401417 0.000000e+00
85.3604339895 0.000000e+00
85.5973278374 0.000000e+00
85.8342216853 0.000000e+00
86.0711155331 0.000000e+00
86.308009381 0.000000e+00
86.5449032289 0.000000e+00
86.7817970767 0.000000e+00
87.0186909246 0.000000e+00
87.2555847725 0.000000e+00
87.4924786203 0.000000e+00
87.7293724682 0.000000e+00
87.9662663161 0.000000e+00
88.2031601639 0.000000e+00
88.4400540118 0.000000e+00
88.6769478597 0.000000e+00
88.9138417075 0.000000e+00
89.1507355554 0.000000e+00
89.3876294033 0.000000e+00
89.6245232511 0.000000e+00
89.861417099 0.000000e+00
90.0983109469 0.000000e+00
90.3352047947 0.000000e+00
90.5720986426 0.000000e+00
90.8089924905 0.000000e+00
91.0458863383 0.000000e+00
91.2827801862 0.000000e+00
91.5196740341 0.000000e+00
91.7565678819 0.000000e+00
91.9934617298 0.000000e+00
92.2303555777 0.000000e+00
92.4672494255 0.000000e+00
92.7041432734 0.000000e+00
92.9410371213 0.000000e+00
93.1779309691 0.000000e+00
93.414824817 0.000000e+00
93.6517186649 0.000000e+00
93.8886125127 0.000000e+00
94.1255063606 0.000000e+00
94.3624002085 0.000000e+00
94.5992940563 0.000000e+00
94.8361879042 0.000000e+00
95.0730817521 0.000000e+00
95.3099755999 0.000000e+00
95.5468694478 0.000000e+00
95.7837632957 0.000000e+00
96.0206571435 0.000000e+00
96.2575509914 0.000000e+00
96.4944448393 0.000000e+00
96.7313386871 0.000000e+00
96.968232535 0.000000e+00
97.2051263829 0.000000e+00
97.4420202307 0.000000e+00
97.6789140786 0.000000e+00
97.9158079265 0.000000e+00
98.1527017743 0.000000e+00
98.3895956222 0.000000e+00
98.6264894701 0.000000e+00
98.8633833179 0.000000e+00
99.1002771658 0.000000e+00
99.3371710137 0.000000e+00
99.5740648615 0.000000e+00
99.8109587094 0.000000e+00
100.047852557 0.000000e+00
100.284746405 0.000000e+00
100.521640253 0.000000e+00
100.758534101 0.000000e+00
100.995427949 0.000000e+00
101.232321797 0.000000e+00
101.469215644 0.000000e+00
101.706109492 0.000000e+00
101.94300334 0.000000e+00
102.179897188 0.000000e+00
102.416791036 0.000000e+00
102.653684884 0.000000e+00
102.890578732 0.000000e+00
103.12747258 0.000000e+00
103.364366427 0.000000e+00
103.601260275 0.000000e+00
103.838154123 0.000000e+00
104.075047971 0.000000e+00
104.311941819 0.000000e+00
104.548835667 0.000000e+00
104.785729515 0.000000e+00
105.022623362 0.000000e+00
105.25951721 0.000000e+00
105.496411058 0.000000e+00
105.733304906 0.000000e+00
105.970198754 0.000000e+00
106.207092602 0.000000e+00
106.44398645 0.000000e+00
106.680880298 0.000000e+00
106.917774145 0.000000e+00
107.154667993 0.000000e+00
107.391561841 0.000000e+00
107.628455689 0.000000e+00
107.865349537 0.000000e+00
108.102243385 0.000000e+00
108.339137233 0.000000e+00
108.57603108 0.000000e+00
108.812924928 0.000000e+00
109.049818776 0.000000e+00
109.286712624 0.000000e+00
109.523606472 0.000000e+00
109.76050032 0.000000e+00
109.997394168 0.000000e+00
110.234288016 0.000000e+00
110.471181863 0.000000e+00
110.708075711 0.000000e+00
110.944969559 0.000000e+00
111.181863407 0.000000e+00
111.418757255 0.000000e+00
111.655651103 0.000000e+00
111.892544951 0.000000e+00
112.129438798 0.000000e+00
112.366332646 0.000000e+00
112.603226494 0.000000e+00
112.840120342 0.000000e+00
113.07701419 0.000000e+00
113.313908038 0.000000e+00
113.550801886 0.000000e+00
113.787695734 0.000000e+00
114.024589581 0.000000e+00
114.261483429 0.000000e+00
114.498377277 0.000000e+00
114.735271125 0.000000e+00
114.972164973 0.000000e+00
115.209058821 0.000000e+00
115.445952669 0.000000e+00
115.682846516 0.000000e+00
115.919740364 0.000000e+00
116.156634212 0.000000e+00
116.39352806 0.000000e+00
116.630421908 0.000000e+00
116.867315756 0.000000e+00
117.104209604 0.000000e+00
117.341103452 0.000000e+00
117.577997299 0.000000e+00
117.814891147 0.000000e+00
118.051784995 0.000000e+00
118.288678843 0.000000e+00
118.525572691 0.000000e+00
118.762466539 0.000000e+00
118.999360387 0.000000e+00
119.236254234 0.000000e+00
119.473148082 0.000000e+00
119.71004193 0.000000e+00
119.946935778 0.000000e+00
120.183829626 0.000000e+00
120.420723474 0.000000e+00
120.657617322 0.000000e+00
120.89451117 0.000000e+00
121.131405017 0.000000e+00
121.368298865 0.000000e+00
121.605192713 0.000000e+00
121.842086561 0.000000e+00
122.078980409 0.000000e+00
122.315874257 0.000000e+00
122.552768105 0.000000e+00
122.789661952 0.000000e+00
123.0265558 0.000000e+00
123.263449648 0.000000e+00
123.500343496 0.000000e+00
123.737237344 0.000000e+00
123.974131192 0.000000e+00
124.21102504 0.000000e+00
124.447918888 0.000000e+00
124.684812735 0.000000e+00
124.921706583 0.000000e+00
125.158600431 0.000000e+00
125.395494279 0.000000e+00
125.632388127 0.000000e+00
125.869281975 0.000000e+00
126.106175823 0.000000e+00
126.34306967 0.000000e+00
126.579963518 0.000000e+00
126.816857366 0.000000e+00
127.053751214 0.000000e+00
127.290645062 0.000000e+00
127.52753891 0.000000e+00
127.764432758 0.000000e+00
128.001326606 0.000000e+00
128.238220453 0.000000e+00
128.475114301 0.000000e+00
128.712008149 0.000000e+00
128.948901997 0.000000e+00
129.185795845 0.000000e+00
129.422689693 0.000000e+00
129.659583541 0.000000e+00
129.896477388 0.000000e+00
130.133371236 0.000000e+00
130.370265084 0.000000e+00
130.607158932 0.000000e+00
130.84405278 0.000000e+00
131.080946628 0.000000e+00
131.317840476 0.000000e+00
131.554734324 0.000000e+00
131.791628171 0.000000e+00
132.028522019 0.000000e+00
132.265415867 0.000000e+00
132.502309715 0.000000e+00
132.739203563 0.000000e+00
132.976097411 0.000000e+00
133.212991259 0.000000e+00
133.449885106 0.000000e+00
133.686778954 0.000000e+00
133.923672802 0.000000e+00
134.16056665 0.000000e+00
134.397460498 0.000000e+00
134.634354346 0.000000e+00
134.871248194 0.000000e+00
135.108142042 0.000000e+00
135.345035889 0.000000e+00
135.581929737 0.000000e+00
135.818823585 0.000000e+00
136.055717433 0.000000e+00
136.292611281 0.000000e+00
136.529505129 0.000000e+00
136.766398977 0.000000e+00
137.003292824 0.000000e+00
137.240186672 0.000000e+00
137.47708052 0.000000e+00
137.713974368 0.000000e+00
137.950868216 0.000000e+00
138.187762064 0.000000e+00
138.424655912 0.000000e+00
138.66154976 0.000000e+00
138.898443607 0.000000e+00
139.135337455 0.000000e+00
139.372231303 0.000000e+00
139.609125151 0.000000e+00
139.846018999 0.000000e+00
140.082912847 0.000000e+00
140.319806695 0.000000e+00
140.556700542 0.000000e+00
140.79359439 0.000000e+00
141.030488238 0.000000e+00
141.267382086 0.000000e+00
141.504275934 0.000000e+00
141.741169782 0.000000e+00
141.97806363 0.000000e+00
142.214957478 0.000000e+00
142.451851325 0.000000e+00
142.688745173 0.000000e+00
142.925639021 0.000000e+00
143.162532869 0.000000e+00
143.399426717 0.000000e+00
143.636320565 0.000000e+00
143.873214413 0.000000e+00
144.11010826 0.000000e+00
144.347002108 0.000000e+00
144.583895956 0.000000e+00
144.820789804 0.000000e+00
145.057683652 0.000000e+00
145.2945775 0.000000e+00
145.531471348 0.000000e+00
145.768365196 0.000000e+00
146.005259043 0.000000e+00
146.242152891 0.000000e+00
146.479046739 0.000000e+00
146.715940587 0.000000e+00
146.952834435 0.000000e+00
147.189728283 0.000000e+00
147.426622131 0.000000e+00
147.663515978 0.000000e+00
147.900409826 0.000000e+00
148.137303674 0.000000e+00
148.374197522 0.000000e+00
148.61109137 0.000000e+00
148.847985218 0.000000e+00
149.084879066 0.000000e+00
149.321772914 0.000000e+00
149.558666761 0.000000e+00
149.795560609 0.000000e+00
150.032454457 0.000000e+00
150.269348305 0.000000e+00
150.506242153 0.000000e+00
150.743136001 0.000000e+00
150.980029849 0.000000e+00
151.216923696 0.000000e+00
151.453817544 0.000000e+00
151.690711392 0.000000e+00
151.92760524 0.000000e+00
152.164499088 0.000000e+00
152.401392936 0.000000e+00
152.638286784 0.000000e+00
152.875180632 0.000000e+00
153.112074479 0.000000e+00
153.348968327 0.000000e+00
153.585862175 0.000000e+00
153.822756023 0.000000e+00
154.059649871 0.000000e+00
154.296543719 0.000000e+00
154.533437567 0.000000e+00
154.770331414 0.000000e+00
155.007225262 0.000000e+00
155.24411911 0.000000e+00
155.481012958 0.000000e+00
155.717906806 0.000000e+00
155.954800654 0.000000e+00
156.191694502 0.000000e+00
156.42858835 0.000000e+00
156.665482197 0.000000e+00
156.902376045 0.000000e+00
157.139269893 0.000000e+00
157.376163741 0.000000e+00
157.613057589 0.000000e+00
157.849951437 0.000000e+00
158.086845285 0.000000e+00
158.323739132 0.000000e+00
158.56063298 0.000000e+00
158.797526828 0.000000e+00
159.034420676 0.000000e+00
159.271314524 0.000000e+00
159.508208372 0.000000e+00
159.74510222 0.000000e+00
159.981996068 0.000000e+00
160.218889915 0.000000e+00
160.455783763 0.000000e+00
160.692677611 0.000000e+00
160.929571459 0.000000e+00
161.166465307 0.000000e+00
161.403359155 0.000000e+00
161.640253003 0.000000e+00
161.87714685 0.000000e+00
162.114040698 0.000000e+00
162.350934546 0.000000e+00
162.587828394 0.000000e+00
162.824722242 0.000000e+00
163.06161609 0.000000e+00
163.298509938 0.000000e+00
163.535403786 0.000000e+00
163.772297633 0.000000e+00
164.009191481 0.000000e+00
164.246085329 0.000000e+00
164.482979177 0.000000e+00
164.719873025 0.000000e+00
164.956766873 0.000000e+00
165.193660721 0.000000e+00
165.430554568 0.000000e+00
165.667448416 0.000000e+00
165.904342264 0.000000e+00
166.141236112 0.000000e+00
166.37812996 0.000000e+00
166.615023808 0.000000e+00
166.851917656 0.000000e+00
167.088811504 0.000000e+00
167.325705351 0.000000e+00
167.562599199 0.000000e+00
167.799493047 0.000000e+00
168.036386895 0.000000e+00
168.273280743 0.000000e+00
168.510174591 0.000000e+00
168.747068439 0.000000e+00
168.983962286 0.000000e+00
169.220856134 0.000000e+00
169.457749982 0.000000e+00
169.69464383 0.000000e+00
169.931537678 0.000000e+00
170.168431526 0.000000e+00
170.405325374 0.000000e+00
170.642219222 0.000000e+00
170.879113069 0.000000e+00
171.116006917 0.000000e+00
171.352900765 0.000000e+00
171.589794613 0.000000e+00
171.826688461 0.000000e+00
172.063582309 0.000000e+00
172.300476157 0.000000e+00
172.537370005 0.000000e+00
172.774263852 0.000000e+00
173.0111577 0.000000e+00
173.248051548 0.000000e+00
173.484945396 0.000000e+00
173.721839244 0.000000e+00
173.958733092 0.000000e+00
174.19562694 0.000000e+00
174.432520787 0.000000e+00
174.669414635 0.000000e+00
174.906308483 0.000000e+00
175.143202331 0.000000e+00
175.380096179 0.000000e+00
175.616990027 0.000000e+00
175.853883875 0.000000e+00
176.090777723 0.000000e+00
176.32767157 0.000000e+00
176.564565418 0.000000e+00
176.801459266 0.000000e+00
177.038353114 0.000000e+00
177.275246962 0.000000e+00
177.51214081 0.000000e+00
177.749034658 0.000000e+00
177.985928505 0.000000e+00
178.222822353 0.000000e+00
178.459716201 0.000000e+00
178.696610049 0.000000e+00
178.933503897 0.000000e+00
179.170397745 0.000000e+00
179.407291593 0.000000e+00
179.644185441 0.000000e+00
179.881079288 0.000000e+00
180.117973136 0.000000e+00
180.354866984 0.000000e+00
180.591760832 0.000000e+00
180.82865468 0.000000e+00
181.065548528 0.000000e+00
181.302442376 0.000000e+00
181.539336223 0.000000e+00
181.776230071 0.000000e+00
182.013123919 0.000000e+00
182.250017767 0.000000e+00
182.486911615 0.000000e+00
182.723805463 0.000000e+00
182.960699311 0.000000e+00
183.197593159 0.000000e+00
183.434487006 0.000000e+00
183.671380854 0.000000e+00
183.908274702 0.000000e+00
184.14516855 0.000000e+00
184.382062398 0.000000e+00
184.618956246 0.000000e+00
184.855850094 0.000000e+00
185.092743941 0.000000e+00
185.329637789 0.000000e+00
185.566531637 0.000000e+00
185.803425485 0.000000e+00
186.040319333 0.000000e+00
186.277213181 0.000000e+00
186.514107029 0.000000e+00
186.751000877 0.000000e+00
186.987894724 0.000000e+00
187.224788572 0.000000e+00
187.46168242 0.000000e+00
187.698576268 0.000000e+00
187.935470116 0.000000e+00
188.172363964 0.000000e+00
188.409257812 0.000000e+00
188.646151659 0.000000e+00
188.883045507 0.000000e+00
189.119939355 0.000000e+00
189.356833203 0.000000e+00
189.593727051 0.000000e+00
189.830620899 0.000000e+00
190.067514747 0.000000e+00
190.304408595 0.000000e+00
190.541302442 0.000000e+00
190.77819629 0.000000e+00
191.015090138 0.000000e+00
191.251983986 0.000000e+00
191.488877834 0.000000e+00
191.725771682 0.000000e+00
191.96266553 0.000000e+00
192.199559377 0.000000e+00
192.436453225 0.000000e+00
192.673347073 0.000000e+00
192.910240921 0.000000e+00
193.147134769 0.000000e+00
193.384028617 0.000000e+00
193.620922465 0.000000e+00
193.857816313 0.000000e+00
194.09471016 0.000000e+00
194.331604008 0.000000e+00
194.568497856 0.000000e+00
194.805391704 0.000000e+00
195.042285552 0.000000e+00
195.2791794 0.000000e+00
195.516073248 0.000000e+00
195.752967095 0.000000e+00
195.989860943 0.000000e+00
196.226754791 0.000000e+00
196.463648639 0.000000e+00
196.700542487 0.000000e+00
196.937436335 0.000000e+00
197.174330183 0.000000e+00
197.411224031 0.000000e+00
197.648117878 0.000000e+00
197.885011726 0.000000e+00
198.121905574 0.000000e+00
198.358799422 0.000000e+00
198.59569327 0.000000e+00
198.832587118 0.000000e+00
199.069480966 0.000000e+00
199.306374813 0.000000e+00
199.543268661 0.000000e+00
199.780162509 0.000000e+00
200.017056357 0.000000e+00
200.253950205 0.000000e+00
200.490844053 0.000000e+00
200.727737901 0.000000e+00
200.964631749 0.000000e+00
201.201525596 0.000000e+00
201.438419444 0.000000e+00
201.675313292 0.000000e+00
201.91220714 0.000000e+00
202.149100988 0.000000e+00
202.385994836 0.000000e+00
202.622888684 0.000000e+00
202.859782531 0.000000e+00
203.096676379 0.000000e+00
203.333570227 0.000000e+00
203.570464075 0.000000e+00
203.807357923 0.000000e+00
204.044251771 0.000000e+00
204.281145619 0.000000e+00
204.518039467 0.000000e+00
204.754933314 0.000000e+00
204.991827162 0.000000e+00
205.22872101 0.000000e+00
205.465614858 0.000000e+00
205.702508706 0.000000e+00
205.939402554 0.000000e+00
206.176296402 0.000000e+00
206.413190249 0.000000e+00
206.650084097 0.000000e+00
206.886977945 0.000000e+00
207.123871793 0.000000e+00
207.360765641 0.000000e+00
207.597659489 0.000000e+00
207.834553337 0.000000e+00
208.071447185 0.000000e+00
208.308341032 0.000000e+00
208.54523488 0.000000e+00
208.782128728 0.000000e+00
209.019022576 0.000000e+00
209.255916424 0.000000e+00
209.492810272 0.000000e+00
209.72970412 0.000000e+00
209.966597967 0.000000e+00
210.203491815 0.000000e+00
210.440385663 0.000000e+00
210.677279511 0.000000e+00
210.914173359 0.000000e+00
211.151067207 0.000000e+00
211.387961055 0.000000e+00
211.624854903 0.000000e+00
211.86174875 0.000000e+00
212.098642598 0.000000e+00
212.335536446 0.000000e+00
212.572430294 0.000000e+00
212.809324142 0.000000e+00
213.04621799 0.000000e+00
213.283111838 0.000000e+00
213.520005685 0.000000e+00
213.756899533 0.000000e+00
213.993793381 0.000000e+00
214.230687229 0.000000e+00
214.467581077 0.000000e+00
214.704474925 0.000000e+00
214.941368773 0.000000e+00
215.178262621 0.000000e+00
215.415156468 0.000000e+00
215.652050316 0.000000e+00
215.888944164 0.000000e+00
216.125838012 0.000000e+00
216.36273186 0.000000e+00
216.599625708 0.000000e+00
216.836519556 0.000000e+00
217.073413403 0.000000e+00
217.310307251 0.000000e+00
217.547201099 0.000000e+00
217.784094947 0.000000e+00
218.020988795 0.000000e+00
218.257882643 0.000000e+00
218.494776491 0.000000e+00
218.731670339 0.000000e+00
218.968564186 0.000000e+00
219.205458034 0.000000e+00
219.442351882 0.000000e+00
219.67924573 0.000000e+00
219.916139578 0.000000e+00
220.153033426 0.000000e+00
220.389927274 0.000000e+00
220.626821121 0.000000e+00
220.863714969 0.000000e+00
221.100608817 0.000000e+00
221.337502665 0.000000e+00
221.574396513 0.000000e+00
221.811290361 0.000000e+00
222.048184209 0.000000e+00
222.285078057 0.000000e+00
222.521971904 0.000000e+00
222.758865752 0.000000e+00
222.9957596 0.000000e+00
223.232653448 0.000000e+00
223.469547296 0.000000e+00
223.706441144 0.000000e+00
223.943334992 0.000000e+00
224.180228839 0.000000e+00
224.417122687 0.000000e+00
224.654016535 0.000000e+00
224.890910383 0.000000e+00
225.127804231 0.000000e+00
225.364698079 0.000000e+00
225.601591927 0.000000e+00
225.838485775 0.000000e+00
226.075379622 0.000000e+00
226.31227347 0.000000e+00
226.549167318 0.000000e+00
226.786061166 0.000000e+00
227.022955014 0.000000e+00
227.259848862 0.000000e+00
227.49674271 0.000000e+00
227.733636557 0.000000e+00
227.970530405 0.000000e+00
228.970530405 0.0
229.970530405 0.0
230.970530405 0.0
231.970530405 0.0
232.970530405 0.0
233.970530405 0.0
234.970530405 0.0
235.970530405 0.0
236.970530405 0.0
237.970530405 0.0
238.970530405 0.0
239.970530405 0.0
240.970530405 0.0
241.970530405 0.0
242.970530405 0.0
243.970530405 0.0
244.970530405 0.0
245.970530405 0.0
246.970530405 0.0
247.970530405 0.0
248.970530405 0.0
249.970530405 0.0
250.970530405 0.0
251.970530405 0.0
252.970530405 0.0
253.970530405 0.0
254.970530405 0.0
255.970530405 0.0
256.970530405 0.0
257.970530405 0.0
258.970530405 0.0
259.970530405 0.0
260.970530405 0.0
261.970530405 0.0
262.970530405 0.0
263.970530405 0.0
264.970530405 0.0
265.970530405 0.0
266.970530405 0.0
267.970530405 0.0
268.970530405 0.0
269.970530405 0.0
270.970530405 0.0
271.970530405 0.0
272.970530405 0.0
273.970530405 0.0
274.970530405 0.0
275.970530405 0.0
276.970530405 0.0
277.970530405 0.0
278.970530405 0.0
279.970530405 0.0
280.970530405 0.0
281.970530405 0.0
282.970530405 0.0
283.970530405 0.0
284.970530405 0.0
285.970530405 0.0
286.970530405 0.0
287.970530405 0.0
288.970530405 0.0
289.970530405 0.0
290.970530405 0.0
291.970530405 0.0
292.970530405 0.0
293.970530405 0.0
294.970530405 0.0
295.970530405 0.0
296.970530405 0.0
297.970530405 0.0
298.970530405 0.0
299.970530405 0.0
300.970530405 0.0
301.970530405 0.0
302.970530405 0.0
303.970530405 0.0
304.970530405 0.0
305.970530405 0.0
306.970530405 0.0
307.970530405 0.0
308.970530405 0.0
309.970530405 0.0
310.970530405 0.0
311.970530405 0.0
312.970530405 0.0
313.970530405 0.0
314.970530405 0.0
315.970530405 0.0
316.970530405 0.0
317.970530405 0.0
318.970530405 0.0
319.970530405 0.0
320.970530405 0.0
321.970530405 0.0
322.970530405 0.0
323.970530405 0.0
324.970530405 0.0
325.970530405 0.0
326.970530405 0.0
327.970530405 0.0
328.970530405 0.0
329.970530405 0.0
330.970530405 0.0
331.970530405 0.0
332.970530405 0.0
333.970530405 0.0
334.970530405 0.0
335.970530405 0.0
336.970530405 0.0
337.970530405 0.0
338.970530405 0.0
339.970530405 0.0
340.970530405 0.0
341.970530405 0.0
342.970530405 0.0
343.970530405 0.0
344.970530405 0.0
345.970530405 0.0
346.970530405 0.0
347.970530405 0.0
348.970530405 0.0
349.970530405 0.0
350.970530405 0.0
351.970530405 0.0
352.970530405 0.0
353.970530405 0.0
354.970530405 0.0
355.970530405 0.0
356.970530405 0.0
357.970530405 0.0
358.970530405 0.0
359.970530405 0.0
360.970530405 0.0
361.970530405 0.0
362.970530405 0.0
363.970530405 0.0
364.970530405 0.0
365.970530405 0.0
366.970530405 0.0
367.970530405 0.0
368.970530405 0.0
369.970530405 0.0
370.970530405 0.0
371.970530405 0.0
372.970530405 0.0
373.970530405 0.0
374.970530405 0.0
375.970530405 0.0
376.970530405 0.0
377.970530405 0.0
378.970530405 0.0
379.970530405 0.0
380.970530405 0.0
381.970530405 0.0
382.970530405 0.0
383.970530405 0.0
384.970530405 0.0
385.970530405 0.0
386.970530405 0.0
387.970530405 0.0
388.970530405 0.0
389.970530405 0.0
390.970530405 0.0
391.970530405 0.0
392.970530405 0.0
393.970530405 0.0
394.970530405 0.0
395.970530405 0.0
396.970530405 0.0
397.970530405 0.0
398.970530405 0.0
399.970530405 0.0
400.970530405 0.0
401.970530405 0.0
402.970530405 0.0
403.970530405 0.0
404.970530405 0.0
405.970530405 0.0
406.970530405 0.0
407.970530405 0.0
408.970530405 0.0
409.970530405 0.0
410.970530405 0.0
411.970530405 0.0
412.970530405 0.0
413.970530405 0.0
414.970530405 0.0
415.970530405 0.0
416.970530405 0.0
417.970530405 0.0
418.970530405 0.0
419.970530405 0.0
420.970530405 0.0
421.970530405 0.0
422.970530405 0.0
423.970530405 0.0
424.970530405 0.0
425.970530405 0.0
426.970530405 0.0
427.970530405 0.0
428.970530405 0.0
429.970530405 0.0
430.970530405 0.0
431.970530405 0.0
432.970530405 0.0
433.970530405 0.0
434.970530405 0.0
435.970530405 0.0
436.970530405 0.0
437.970530405 0.0
438.970530405 0.0
439.970530405 0.0
440.970530405 0.0
441.970530405 0.0
442.970530405 0.0
443.970530405 0.0
444.970530405 0.0
445.970530405 0.0
446.970530405 0.0
447.970530405 0.0
448.970530405 0.0
449.970530405 0.0
450.970530405 0.0
451.970530405 0.0
452.970530405 0.0
453.970530405 0.0
454.970530405 0.0
455.970530405 0.0
456.970530405 0.0
457.970530405 0.0
458.970530405 0.0
459.970530405 0.0
460.970530405 0.0
461.970530405 0.0
462.970530405 0.0
463.970530405 0.0
464.970530405 0.0
465.970530405 0.0
466.970530405 0.0
467.970530405 0.0
468.970530405 0.0
469.970530405 0.0
470.970530405 0.0
471.970530405 0.0
472.970530405 0.0
473.970530405 0.0
474.970530405 0.0
475.970530405 0.0
476.970530405 0.0
477.970530405 0.0
478.970530405 0.0
479.970530405 0.0
480.970530405 0.0
481.970530405 0.0
482.970530405 0.0
483.970530405 0.0
484.970530405 0.0
485.970530405 0.0
486.970530405 0.0
487.970530405 0.0
488.970530405 0.0
489.970530405 0.0
490.970530405 0.0
491.970530405 0.0
492.970530405 0.0
493.970530405 0.0
494.970530405 0.0
495.970530405 0.0
496.970530405 0.0
497.970530405 0.0
498.970530405 0.0
499.970530405 0.0
500.970530405 0.0
501.970530405 0.0
502.970530405 0.0
503.970530405 0.0
504.970530405 0.0
505.970530405 0.0
506.970530405 0.0
507.970530405 0.0
508.970530405 0.0
509.970530405 0.0
510.970530405 0.0
511.970530405 0.0
512.970530405 0.0
513.970530405 0.0
514.970530405 0.0
515.970530405 0.0
516.970530405 0.0
517.970530405 0.0
518.970530405 0.0
519.970530405 0.0
520.970530405 0.0
521.970530405 0.0
522.970530405 0.0
523.970530405 0.0
524.970530405 0.0
525.970530405 0.0
526.970530405 0.0
527.970530405 0.0
528.970530405 0.0
529.970530405 0.0
530.970530405 0.0
531.970530405 0.0
532.970530405 0.0
533.970530405 0.0
534.970530405 0.0
535.970530405 0.0
536.970530405 0.0
537.970530405 0.0
538.970530405 0.0
539.970530405 0.0
540.970530405 0.0
541.970530405 0.0
542.970530405 0.0
543.970530405 0.0
544.970530405 0.0
545.970530405 0.0
546.970530405 0.0
547.970530405 0.0
548.970530405 0.0
549.970530405 0.0
550.970530405 0.0
551.970530405 0.0
552.970530405 0.0
553.970530405 0.0
554.970530405 0.0
555.970530405 0.0
556.970530405 0.0
557.970530405 0.0
558.970530405 0.0
559.970530405 0.0
560.970530405 0.0
561.970530405 0.0
562.970530405 0.0
563.970530405 0.0
564.970530405 0.0
565.970530405 0.0
566.970530405 0.0
567.970530405 0.0
568.970530405 0.0
569.970530405 0.0
570.970530405 0.0
571.970530405 0.0
572.970530405 0.0
573.970530405 0.0
574.970530405 0.0
575.970530405 0.0
576.970530405 0.0
577.970530405 0.0
578.970530405 0.0
579.970530405 0.0
580.970530405 0.0
581.970530405 0.0
582.970530405 0.0
583.970530405 0.0
584.970530405 0.0
585.970530405 0.0
586.970530405 0.0
587.970530405 0.0
588.970530405 0.0
589.970530405 0.0
590.970530405 0.0
591.970530405 0.0
592.970530405 0.0
593.970530405 0.0
594.970530405 0.0
595.970530405 0.0
596.970530405 0.0
597.970530405 0.0
598.970530405 0.0
599.970530405 0.0
600.970530405 0.0
601.970530405 0.0
602.970530405 0.0
603.970530405 0.0
604.970530405 0.0
605.970530405 0.0
606.970530405 0.0
607.970530405 0.0
608.970530405 0.0
609.970530405 0.0
610.970530405 0.0
611.970530405 0.0
612.970530405 0.0
613.970530405 0.0
614.970530405 0.0
615.970530405 0.0
616.970530405 0.0
617.970530405 0.0
618.970530405 0.0
619.970530405 0.0
620.970530405 0.0
621.970530405 0.0
622.970530405 0.0
623.970530405 0.0
624.970530405 0.0
625.970530405 0.0
626.970530405 0.0
627.970530405 0.0
628.970530405 0.0
629.970530405 0.0
630.970530405 0.0
631.970530405 0.0
632.970530405 0.0
633.970530405 0.0
634.970530405 0.0
635.970530405 0.0
636.970530405 0.0
637.970530405 0.0
638.970530405 0.0
639.970530405 0.0
640.970530405 0.0
641.970530405 0.0
642.970530405 0.0
643.970530405 0.0
644.970530405 0.0
645.970530405 0.0
646.970530405 0.0
647.970530405 0.0
648.970530405 0.0
649.970530405 0.0
650.970530405 0.0
651.970530405 0.0
652.970530405 0.0
653.970530405 0.0
654.970530405 0.0
655.970530405 0.0
656.970530405 0.0
657.970530405 0.0
658.970530405 0.0
659.970530405 0.0
660.970530405 0.0
661.970530405 0.0
662.970530405 0.0
663.970530405 0.0
664.970530405 0.0
665.970530405 0.0
666.970530405 0.0
667.970530405 0.0
668.970530405 0.0
669.970530405 0.0
670.970530405 0.0
671.970530405 0.0
672.970530405 0.0
673.970530405 0.0
674.970530405 0.0
675.970530405 0.0
676.970530405 0.0
677.970530405 0.0
678.970530405 0.0
679.970530405 0.0
680.970530405 0.0
681.970530405 0.0
682.970530405 0.0
683.970530405 0.0
684.970530405 0.0
685.970530405 0.0
686.970530405 0.0
687.970530405 0.0
688.970530405 0.0
689.970530405 0.0
690.970530405 0.0
691.970530405 0.0
692.970530405 0.0
693.970530405 0.0
694.970530405 0.0
695.970530405 0.0
696.970530405 0.0
697.970530405 0.0
698.970530405 0.0
699.970530405 0.0
700.970530405 0.0
701.970530405 0.0
702.970530405 0.0
703.970530405 0.0
704.970530405 0.0
705.970530405 0.0
706.970530405 0.0
707.970530405 0.0
708.970530405 0.0
709.970530405 0.0
710.970530405 0.0
711.970530405 0.0
712.970530405 0.0
713.970530405 0.0
714.970530405 0.0
715.970530405 0.0
716.970530405 0.0
717.970530405 0.0
718.970530405 0.0
719.970530405 0.0
720.970530405 0.0
721.970530405 0.0
722.970530405 0.0
723.970530405 0.0
724.970530405 0.0
725.970530405 0.0
726.970530405 0.0
727.970530405 0.0
