-558.674323296 0.0
-557.674323296 0.0
-556.674323296 0.0
-555.674323296 0.0
-554.674323296 0.0
-553.674323296 0.0
-552.674323296 0.0
-551.674323296 0.0
-550.674323296 0.0
-549.674323296 0.0
-548.674323296 0.0
-547.674323296 0.0
-546.674323296 0.0
-545.674323296 0.0
-544.674323296 0.0
-543.674323296 0.0
-542.674323296 0.0
-541.674323296 0.0
-540.674323296 0.0
-539.674323296 0.0
-538.674323296 0.0
-537.674323296 0.0
-536.674323296 0.0
-535.674323296 0.0
-534.674323296 0.0
-533.674323296 0.0
-532.674323296 0.0
-531.674323296 0.0
-530.674323296 0.0
-529.674323296 0.0
-528.674323296 0.0
-527.674323296 0.0
-526.674323296 0.0
-525.674323296 0.0
-524.674323296 0.0
-523.674323296 0.0
-522.674323296 0.0
-521.674323296 0.0
-520.674323296 0.0
-519.674323296 0.0
-518.674323296 0.0
-517.674323296 0.0
-516.674323296 0.0
-515.674323296 0.0
-514.674323296 0.0
-513.674323296 0.0
-512.674323296 0.0
-511.674323296 0.0
-510.674323296 0.0
-509.674323296 0.0
-508.674323296 0.0
-507.674323296 0.0
-506.674323296 0.0
-505.674323296 0.0
-504.674323296 0.0
-503.674323296 0.0
-502.674323296 0.0
-501.674323296 0.0
-500.674323296 0.0
-499.674323296 0.0
-498.674323296 0.0
-497.674323296 0.0
-496.674323296 0.0
-495.674323296 0.0
-494.674323296 0.0
-493.674323296 0.0
-492.674323296 0.0
-491.674323296 0.0
-490.674323296 0.0
-489.674323296 0.0
-488.674323296 0.0
-487.674323296 0.0
-486.674323296 0.0
-485.674323296 0.0
-484.674323296 0.0
-483.674323296 0.0
-482.674323296 0.0
-481.674323296 0.0
-480.674323296 0.0
-479.674323296 0.0
-478.674323296 0.0
-477.674323296 0.0
-476.674323296 0.0
-475.674323296 0.0
-474.674323296 0.0
-473.674323296 0.0
-472.674323296 0.0
-471.674323296 0.0
-470.674323296 0.0
-469.674323296 0.0
-468.674323296 0.0
-467.674323296 0.0
-466.674323296 0.0
-465.674323296 0.0
-464.674323296 0.0
-463.674323296 0.0
-462.674323296 0.0
-461.674323296 0.0
-460.674323296 0.0
-459.674323296 0.0
-458.674323296 0.0
-457.674323296 0.0
-456.674323296 0.0
-455.674323296 0.0
-454.674323296 0.0
-453.674323296 0.0
-452.674323296 0.0
-451.674323296 0.0
-450.674323296 0.0
-449.674323296 0.0
-448.674323296 0.0
-447.674323296 0.0
-446.674323296 0.0
-445.674323296 0.0
-444.674323296 0.0
-443.674323296 0.0
-442.674323296 0.0
-441.674323296 0.0
-440.674323296 0.0
-439.674323296 0.0
-438.674323296 0.0
-437.674323296 0.0
-436.674323296 0.0
-435.674323296 0.0
-434.674323296 0.0
-433.674323296 0.0
-432.674323296 0.0
-431.674323296 0.0
-430.674323296 0.0
-429.674323296 0.0
-428.674323296 0.0
-427.674323296 0.0
-426.674323296 0.0
-425.674323296 0.0
-424.674323296 0.0
-423.674323296 0.0
-422.674323296 0.0
-421.674323296 0.0
-420.674323296 0.0
-419.674323296 0.0
-418.674323296 0.0
-417.674323296 0.0
-416.674323296 0.0
-415.674323296 0.0
-414.674323296 0.0
-413.674323296 0.0
-412.674323296 0.0
-411.674323296 0.0
-410.674323296 0.0
-409.674323296 0.0
-408.674323296 0.0
-407.674323296 0.0
-406.674323296 0.0
-405.674323296 0.0
-404.674323296 0.0
-403.674323296 0.0
-402.674323296 0.0
-401.674323296 0.0
-400.674323296 0.0
-399.674323296 0.0
-398.674323296 0.0
-397.674323296 0.0
-396.674323296 0.0
-395.674323296 0.0
-394.674323296 0.0
-393.674323296 0.0
-392.674323296 0.0
-391.674323296 0.0
-390.674323296 0.0
-389.674323296 0.0
-388.674323296 0.0
-387.674323296 0.0
-386.674323296 0.0
-385.674323296 0.0
-384.674323296 0.0
-383.674323296 0.0
-382.674323296 0.0
-381.674323296 0.0
-380.674323296 0.0
-379.674323296 0.0
-378.674323296 0.0
-377.674323296 0.0
-376.674323296 0.0
-375.674323296 0.0
-374.674323296 0.0
-373.674323296 0.0
-372.674323296 0.0
-371.674323296 0.0
-370.674323296 0.0
-369.674323296 0.0
-368.674323296 0.0
-367.674323296 0.0
-366.674323296 0.0
-365.674323296 0.0
-364.674323296 0.0
-363.674323296 0.0
-362.674323296 0.0
-361.674323296 0.0
-360.674323296 0.0
-359.674323296 0.0
-358.674323296 0.0
-357.674323296 0.0
-356.674323296 0.0
-355.674323296 0.0
-354.674323296 0.0
-353.674323296 0.0
-352.674323296 0.0
-351.674323296 0.0
-350.674323296 0.0
-349.674323296 0.0
-348.674323296 0.0
-347.674323296 0.0
-346.674323296 0.0
-345.674323296 0.0
-344.674323296 0.0
-343.674323296 0.0
-342.674323296 0.0
-341.674323296 0.0
-340.674323296 0.0
-339.674323296 0.0
-338.674323296 0.0
-337.674323296 0.0
-336.674323296 0.0
-335.674323296 0.0
-334.674323296 0.0
-333.674323296 0.0
-332.674323296 0.0
-331.674323296 0.0
-330.674323296 0.0
-329.674323296 0.0
-328.674323296 0.0
-327.674323296 0.0
-326.674323296 0.0
-325.674323296 0.0
-324.674323296 0.0
-323.674323296 0.0
-322.674323296 0.0
-321.674323296 0.0
-320.674323296 0.0
-319.674323296 0.0
-318.674323296 0.0
-317.674323296 0.0
-316.674323296 0.0
-315.674323296 0.0
-314.674323296 0.0
-313.674323296 0.0
-312.674323296 0.0
-311.674323296 0.0
-310.674323296 0.0
-309.674323296 0.0
-308.674323296 0.0
-307.674323296 0.0
-306.674323296 0.0
-305.674323296 0.0
-304.674323296 0.0
-303.674323296 0.0
-302.674323296 0.0
-301.674323296 0.0
-300.674323296 0.0
-299.674323296 0.0
-298.674323296 0.0
-297.674323296 0.0
-296.674323296 0.0
-295.674323296 0.0
-294.674323296 0.0
-293.674323296 0.0
-292.674323296 0.0
-291.674323296 0.0
-290.674323296 0.0
-289.674323296 0.0
-288.674323296 0.0
-287.674323296 0.0
-286.674323296 0.0
-285.674323296 0.0
-284.674323296 0.0
-283.674323296 0.0
-282.674323296 0.0
-281.674323296 0.0
-280.674323296 0.0
-279.674323296 0.0
-278.674323296 0.0
-277.674323296 0.0
-276.674323296 0.0
-275.674323296 0.0
-274.674323296 0.0
-273.674323296 0.0
-272.674323296 0.0
-271.674323296 0.0
-270.674323296 0.0
-269.674323296 0.0
-268.674323296 0.0
-267.674323296 0.0
-266.674323296 0.0
-265.674323296 0.0
-264.674323296 0.0
-263.674323296 0.0
-262.674323296 0.0
-261.674323296 0.0
-260.674323296 0.0
-259.674323296 0.0
-258.674323296 0.0
-257.674323296 0.0
-256.674323296 0.0
-255.674323296 0.0
-254.674323296 0.0
-253.674323296 0.0
-252.674323296 0.0
-251.674323296 0.0
-250.674323296 0.0
-249.674323296 0.0
-248.674323296 0.0
-247.674323296 0.0
-246.674323296 0.0
-245.674323296 0.0
-244.674323296 0.0
-243.674323296 0.0
-242.674323296 0.0
-241.674323296 0.0
-240.674323296 0.0
-239.674323296 0.0
-238.674323296 0.0
-237.674323296 0.0
-236.674323296 0.0
-235.674323296 0.0
-234.674323296 0.0
-233.674323296 0.0
-232.674323296 0.0
-231.674323296 0.0
-230.674323296 0.0
-229.674323296 0.0
-228.674323296 0.0
-227.674323296 0.0
-226.674323296 0.0
-225.674323296 0.0
-224.674323296 0.0
-223.674323296 0.0
-222.674323296 0.0
-221.674323296 0.0
-220.674323296 0.0
-219.674323296 0.0
-218.674323296 0.0
-217.674323296 0.0
-216.674323296 0.0
-215.674323296 0.0
-214.674323296 0.0
-213.674323296 0.0
-212.674323296 0.0
-211.674323296 0.0
-210.674323296 0.0
-209.674323296 0.0
-208.674323296 0.0
-207.674323296 0.0
-206.674323296 0.0
-205.674323296 0.0
-204.674323296 0.0
-203.674323296 0.0
-202.674323296 0.0
-201.674323296 0.0
-200.674323296 0.0
-199.674323296 0.0
-198.674323296 0.0
-197.674323296 0.0
-196.674323296 0.0
-195.674323296 0.0
-194.674323296 0.0
-193.674323296 0.0
-192.674323296 0.0
-191.674323296 0.0
-190.674323296 0.0
-189.674323296 0.0
-188.674323296 0.0
-187.674323296 0.0
-186.674323296 0.0
-185.674323296 0.0
-184.674323296 0.0
-183.674323296 0.0
-182.674323296 0.0
-181.674323296 0.0
-180.674323296 0.0
-179.674323296 0.0
-178.674323296 0.0
-177.674323296 0.0
-176.674323296 0.0
-175.674323296 0.0
-174.674323296 0.0
-173.674323296 0.0
-172.674323296 0.0
-171.674323296 0.0
-170.674323296 0.0
-169.674323296 0.0
-168.674323296 0.0
-167.674323296 0.0
-166.674323296 0.0
-165.674323296 0.0
-164.674323296 0.0
-163.674323296 0.0
-162.674323296 0.0
-161.674323296 0.0
-160.674323296 0.0
-159.674323296 0.0
-158.674323296 0.0
-157.674323296 0.0
-156.674323296 0.0
-155.674323296 0.0
-154.674323296 0.0
-153.674323296 0.0
-152.674323296 0.0
-151.674323296 0.0
-150.674323296 0.0
-149.674323296 0.0
-148.674323296 0.0
-147.674323296 0.0
-146.674323296 0.0
-145.674323296 0.0
-144.674323296 0.0
-143.674323296 0.0
-142.674323296 0.0
-141.674323296 0.0
-140.674323296 0.0
-139.674323296 0.0
-138.674323296 0.0
-137.674323296 0.0
-136.674323296 0.0
-135.674323296 0.0
-134.674323296 0.0
-133.674323296 0.0
-132.674323296 0.0
-131.674323296 0.0
-130.674323296 0.0
-129.674323296 0.0
-128.674323296 0.0
-127.674323296 0.0
-126.674323296 0.0
-125.674323296 0.0
-124.674323296 0.0
-123.674323296 0.0
-122.674323296 0.0
-121.674323296 0.0
-120.674323296 0.0
-119.674323296 0.0
-118.674323296 0.0
-117.674323296 0.0
-116.674323296 0.0
-115.674323296 0.0
-114.674323296 0.0
-113.674323296 0.0
-112.674323296 0.0
-111.674323296 0.0
-110.674323296 0.0
-109.674323296 0.0
-108.674323296 0.0
-107.674323296 0.0
-106.674323296 0.0
-105.674323296 0.0
-104.674323296 0.0
-103.674323296 0.0
-102.674323296 0.0
-101.674323296 0.0
-100.674323296 0.0
-99.6743232963 0.0
-98.6743232963 0.0
-97.6743232963 0.0
-96.6743232963 0.0
-95.6743232963 0.0
-94.6743232963 0.0
-93.6743232963 0.0
-92.6743232963 0.0
-91.6743232963 0.0
-90.6743232963 0.0
-89.6743232963 0.0
-88.6743232963 0.0
-87.6743232963 0.0
-86.6743232963 0.0
-85.6743232963 0.0
-84.6743232963 0.0
-83.6743232963 0.0
-82.6743232963 0.0
-81.6743232963 0.0
-80.6743232963 0.0
-79.6743232963 0.0
-78.6743232963 0.0
-77.6743232963 0.0
-76.6743232963 0.0
-75.6743232963 0.0
-74.6743232963 0.0
-73.6743232963 0.0
-72.6743232963 0.0
-71.6743232963 0.0
-70.6743232963 0.0
-69.6743232963 0.0
-68.6743232963 0.0
-67.6743232963 0.0
-66.6743232963 0.0
-65.6743232963 0.0
-64.6743232963 0.0
-63.6743232963 0.0
-62.6743232963 0.0
-61.6743232963 0.0
-60.6743232963 0.0
-59.6743232963 0.0
-58.6743232963 0.000000e+00
-58.4289185011 0.000000e+00
-58.1835137059 0.000000e+00
-57.9381089106 0.000000e+00
-57.6927041154 0.000000e+00
-57.4472993202 0.000000e+00
-57.201894525 0.000000e+00
-56.9564897298 0.000000e+00
-56.7110849346 0.000000e+00
-56.4656801394 0.000000e+00
-56.2202753442 0.000000e+00
-55.974870549 0.000000e+00
-55.7294657538 0.000000e+00
-55.4840609586 0.000000e+00
-55.2386561633 0.000000e+00
-54.9932513681 0.000000e+00
-54.7478465729 0.000000e+00
-54.5024417777 0.000000e+00
-54.2570369825 0.000000e+00
-54.0116321873 0.000000e+00
-53.7662273921 0.000000e+00
-53.5208225969 0.000000e+00
-53.2754178017 0.000000e+00
-53.0300130065 0.000000e+00
-52.7846082112 0.000000e+00
-52.539203416 0.000000e+00
-52.2937986208 0.000000e+00
-52.0483938256 0.000000e+00
-51.8029890304 0.000000e+00
-51.5575842352 0.000000e+00
-51.31217944 0.000000e+00
-51.0667746448 0.000000e+00
-50.8213698496 0.000000e+00
-50.5759650544 0.000000e+00
-50.3305602591 0.000000e+00
-50.0851554639 0.000000e+00
-49.8397506687 0.000000e+00
-49.5943458735 0.000000e+00
-49.3489410783 0.000000e+00
-49.1035362831 0.000000e+00
-48.8581314879 0.000000e+00
-48.6127266927 0.000000e+00
-48.3673218975 0.000000e+00
-48.1219171023 0.000000e+00
-47.8765123071 0.000000e+00
-47.6311075118 0.000000e+00
-47.3857027166 0.000000e+00
-47.1402979214 0.000000e+00
-46.8948931262 0.000000e+00
-46.649488331 0.000000e+00
-46.4040835358 0.000000e+00
-46.1586787406 0.000000e+00
-45.9132739454 0.000000e+00
-45.6678691502 0.000000e+00
-45.422464355 0.000000e+00
-45.1770595597 0.000000e+00
-44.9316547645 0.000000e+00
-44.6862499693 0.000000e+00
-44.4408451741 0.000000e+00
-44.1954403789 0.000000e+00
-43.9500355837 0.000000e+00
-43.7046307885 0.000000e+00
-43.4592259933 0.000000e+00
-43.2138211981 0.000000e+00
-42.9684164029 0.000000e+00
-42.7230116076 0.000000e+00
-42.4776068124 0.000000e+00
-42.2322020172 0.000000e+00
-41.986797222 0.000000e+00
-41.7413924268 0.000000e+00
-41.4959876316 0.000000e+00
-41.2505828364 0.000000e+00
-41.0051780412 0.000000e+00
-40.759773246 0.000000e+00
-40.5143684508 0.000000e+00
-40.2689636555 0.000000e+00
-40.0235588603 0.000000e+00
-39.7781540651 0.000000e+00
-39.5327492699 0.000000e+00
-39.2873444747 0.000000e+00
-39.0419396795 0.000000e+00
-38.7965348843 0.000000e+00
-38.5511300891 0.000000e+00
-38.3057252939 0.000000e+00
-38.0603204987 0.000000e+00
-37.8149157035 0.000000e+00
-37.5695109082 0.000000e+00
-37.324106113 0.000000e+00
-37.0787013178 0.000000e+00
-36.8332965226 0.000000e+00
-36.5878917274 0.000000e+00
-36.3424869322 0.000000e+00
-36.097082137 0.000000e+00
-35.8516773418 0.000000e+00
-35.6062725466 0.000000e+00
-35.3608677514 0.000000e+00
-35.1154629561 0.000000e+00
-34.8700581609 0.000000e+00
-34.6246533657 0.000000e+00
-34.3792485705 0.000000e+00
-34.1338437753 0.000000e+00
-33.8884389801 0.000000e+00
-33.6430341849 0.000000e+00
-33.3976293897 0.000000e+00
-33.1522245945 0.000000e+00
-32.9068197993 0.000000e+00
-32.661415004 0.000000e+00
-32.4160102088 0.000000e+00
-32.1706054136 0.000000e+00
-31.9252006184 0.000000e+00
-31.6797958232 0.000000e+00
-31.434391028 0.000000e+00
-31.1889862328 0.000000e+00
-30.9435814376 0.000000e+00
-30.6981766424 0.000000e+00
-30.4527718472 0.000000e+00
-30.207367052 0.000000e+00
-29.9619622567 0.000000e+00
-29.7165574615 0.000000e+00
-29.4711526663 0.000000e+00
-29.2257478711 0.000000e+00
-28.9803430759 0.000000e+00
-28.7349382807 0.000000e+00
-28.4895334855 0.000000e+00
-28.2441286903 0.000000e+00
-27.9987238951 0.000000e+00
-27.7533190999 0.000000e+00
-27.5079143046 0.000000e+00
-27.2625095094 0.000000e+00
-27.0171047142 0.000000e+00
-26.771699919 0.000000e+00
-26.5262951238 0.000000e+00
-26.2808903286 0.000000e+00
-26.0354855334 0.000000e+00
-25.7900807382 0.000000e+00
-25.544675943 0.000000e+00
-25.2992711478 0.000000e+00
-25.0538663525 0.000000e+00
-24.8084615573 0.000000e+00
-24.5630567621 0.000000e+00
-24.3176519669 0.000000e+00
-24.0722471717 0.000000e+00
-23.8268423765 0.000000e+00
-23.5814375813 0.000000e+00
-23.3360327861 0.000000e+00
-23.0906279909 0.000000e+00
-22.8452231957 0.000000e+00
-22.5998184005 0.000000e+00
-22.3544136052 0.000000e+00
-22.10900881 0.000000e+00
-21.8636040148 0.000000e+00
-21.6181992196 0.000000e+00
-21.3727944244 0.000000e+00
-21.1273896292 0.000000e+00
-20.881984834 0.000000e+00
-20.6365800388 0.000000e+00
-20.3911752436 0.000000e+00
-20.1457704484 0.000000e+00
-19.9003656531 0.000000e+00
-19.6549608579 0.000000e+00
-19.4095560627 0.000000e+00
-19.1641512675 0.000000e+00
-18.9187464723 0.000000e+00
-18.6733416771 0.000000e+00
-18.4279368819 0.000000e+00
-18.1825320867 0.000000e+00
-17.9371272915 0.000000e+00
-17.6917224963 0.000000e+00
-17.446317701 0.000000e+00
-17.2009129058 0.000000e+00
-16.9555081106 0.000000e+00
-16.7101033154 0.000000e+00
-16.4646985202 0.000000e+00
-16.219293725 0.000000e+00
-15.9738889298 0.000000e+00
-15.7284841346 0.000000e+00
-15.4830793394 0.000000e+00
-15.2376745442 0.000000e+00
-14.992269749 0.000000e+00
-14.7468649537 0.000000e+00
-14.5014601585 0.000000e+00
-14.2560553633 0.000000e+00
-14.0106505681 0.000000e+00
-13.7652457729 0.000000e+00
-13.5198409777 0.000000e+00
-13.2744361825 0.000000e+00
-13.0290313873 0.000000e+00
-12.7836265921 0.000000e+00
-12.5382217969 0.000000e+00
-12.2928170016 0.000000e+00
-12.0474122064 0.000000e+00
-11.8020074112 0.000000e+00
-11.556602616 0.000000e+00
-11.3111978208 0.000000e+00
-11.0657930256 0.000000e+00
-10.8203882304 0.000000e+00
-10.5749834352 0.000000e+00
-10.32957864 0.000000e+00
-10.0841738448 0.000000e+00
-9.83876904955 0.000000e+00
-9.59336425434 0.000000e+00
-9.34795945913 0.000000e+00
-9.10255466392 0.000000e+00
-8.85714986871 0.000000e+00
-8.6117450735 0.000000e+00
-8.36634027829 0.000000e+00
-8.12093548308 0.000000e+00
-7.87553068787 0.000000e+00
-7.63012589266 0.000000e+00
-7.38472109745 0.000000e+00
-7.13931630224 0.000000e+00
-6.89391150703 0.000000e+00
-6.64850671182 0.000000e+00
-6.40310191661 0.000000e+00
-6.1576971214 0.000000e+00
-5.91229232619 0.000000e+00
-5.66688753098 0.000000e+00
-5.42148273577 0.000000e+00
-5.17607794056 0.000000e+00
-4.93067314535 0.000000e+00
-4.68526835014 0.000000e+00
-4.43986355493 0.000000e+00
-4.19445875972 0.000000e+00
-3.94905396451 0.000000e+00
-3.7036491693 0.000000e+00
-3.4582443741 0.000000e+00
-3.21283957889 1.481053e-01
-2.96743478368 0.000000e+00
-2.72202998847 0.000000e+00
-2.47662519326 0.000000e+00
-2.23122039805 0.000000e+00
-1.98581560284 0.000000e+00
-1.74041080763 0.000000e+00
-1.49500601242 1.906871e-01
-1.24960121721 0.000000e+00
-1.004196422 2.198151e-01
-0.758791626788 4.156645e-01
-0.513386831579 5.862787e-01
-0.267982036369 8.399272e-01
-0.0225772411593 9.827057e-01
0.22282755405 8.853192e-01
0.46823234926 9.102284e-01
0.71363714447 1.000000e+00
0.95904193968 7.807019e-01
1.20444673489 7.406992e-01
1.4498515301 6.904759e-01
1.69525632531 5.114840e-01
1.94066112052 4.884133e-01
2.18606591573 5.056645e-01
2.43147071094 3.374994e-01
2.67687550615 3.717882e-01
2.92228030136 2.889216e-01
3.16768509657 2.258337e-01
3.41308989178 3.229174e-01
3.65849468699 2.536560e-01
3.9038994822 3.582553e-01
4.14930427741 3.187084e-01
4.39470907262 3.928112e-01
4.64011386782 3.165834e-01
4.88551866303 3.168682e-01
5.13092345824 4.070883e-01
5.37632825345 3.957809e-01
5.62173304866 4.555631e-01
5.86713784387 3.323834e-01
6.11254263908 2.589047e-01
6.35794743429 2.284033e-01
6.6033522295 1.962026e-01
6.84875702471 3.061866e-01
7.09416181992 2.989178e-01
7.33956661513 2.005131e-01
7.58497141034 0.000000e+00
7.83037620555 1.870705e-01
8.07578100076 1.881779e-01
8.32118579597 2.088359e-01
8.56659059118 0.000000e+00
8.81199538639 1.664307e-01
9.0574001816 0.000000e+00
9.30280497681 0.000000e+00
9.54820977202 0.000000e+00
9.79361456723 0.000000e+00
10.0390193624 0.000000e+00
10.2844241576 1.603440e-01
10.5298289529 0.000000e+00
10.7752337481 0.000000e+00
11.0206385433 0.000000e+00
11.2660433385 0.000000e+00
11.5114481337 0.000000e+00
11.7568529289 0.000000e+00
12.0022577241 0.000000e+00
12.2476625193 1.467195e-01
12.4930673145 0.000000e+00
12.7384721097 1.848440e-01
12.983876905 0.000000e+00
13.2292817002 1.618881e-01
13.4746864954 0.000000e+00
13.7200912906 0.000000e+00
13.9654960858 0.000000e+00
14.210900881 0.000000e+00
14.4563056762 0.000000e+00
14.7017104714 0.000000e+00
14.9471152666 0.000000e+00
15.1925200618 0.000000e+00
15.4379248571 0.000000e+00
15.6833296523 0.000000e+00
15.9287344475 0.000000e+00
16.1741392427 0.000000e+00
16.4195440379 0.000000e+00
16.6649488331 0.000000e+00
16.9103536283 0.000000e+00
17.1557584235 0.000000e+00
17.4011632187 0.000000e+00
17.6465680139 0.000000e+00
17.8919728091 0.000000e+00
18.1373776044 0.000000e+00
18.3827823996 0.000000e+00
18.6281871948 0.000000e+00
18.87359199 0.000000e+00
19.1189967852 0.000000e+00
19.3644015804 0.000000e+00
19.6098063756 0.000000e+00
19.8552111708 0.000000e+00
20.100615966 0.000000e+00
20.3460207612 0.000000e+00
20.5914255565 0.000000e+00
20.8368303517 0.000000e+00
21.0822351469 0.000000e+00
21.3276399421 0.000000e+00
21.5730447373 0.000000e+00
21.8184495325 0.000000e+00
22.0638543277 0.000000e+00
22.3092591229 0.000000e+00
22.5546639181 0.000000e+00
22.8000687133 0.000000e+00
23.0454735086 0.000000e+00
23.2908783038 0.000000e+00
23.536283099 2.616286e-01
23.7816878942 2.407699e-01
24.0270926894 2.128865e-01
24.2724974846 0.000000e+00
24.5179022798 1.546832e-01
24.763307075 1.831094e-01
25.0087118702 0.000000e+00
25.2541166654 0.000000e+00
25.4995214606 0.000000e+00
25.7449262559 0.000000e+00
25.9903310511 0.000000e+00
26.2357358463 0.000000e+00
26.4811406415 0.000000e+00
26.7265454367 0.000000e+00
26.9719502319 0.000000e+00
27.2173550271 0.000000e+00
27.4627598223 0.000000e+00
27.7081646175 0.000000e+00
27.9535694127 0.000000e+00
28.198974208 0.000000e+00
28.4443790032 0.000000e+00
28.6897837984 0.000000e+00
28.9351885936 0.000000e+00
29.1805933888 0.000000e+00
29.425998184 0.000000e+00
29.6714029792 0.000000e+00
29.9168077744 0.000000e+00
30.1622125696 0.000000e+00
30.4076173648 0.000000e+00
30.6530221601 0.000000e+00
30.8984269553 0.000000e+00
31.1438317505 0.000000e+00
31.3892365457 0.000000e+00
31.6346413409 0.000000e+00
31.8800461361 0.000000e+00
32.1254509313 0.000000e+00
32.3708557265 0.000000e+00
32.6162605217 0.000000e+00
32.8616653169 0.000000e+00
33.1070701121 0.000000e+00
33.3524749074 0.000000e+00
33.5978797026 0.000000e+00
33.8432844978 0.000000e+00
34.088689293 0.000000e+00
34.3340940882 0.000000e+00
34.5794988834 0.000000e+00
34.8249036786 0.000000e+00
35.0703084738 0.000000e+00
35.315713269 0.000000e+00
35.5611180642 0.000000e+00
35.8065228595 0.000000e+00
36.0519276547 0.000000e+00
36.2973324499 0.000000e+00
36.5427372451 0.000000e+00
36.7881420403 0.000000e+00
37.0335468355 0.000000e+00
37.2789516307 0.000000e+00
37.5243564259 0.000000e+00
37.7697612211 0.000000e+00
38.0151660163 0.000000e+00
38.2605708116 0.000000e+00
38.5059756068 0.000000e+00
38.751380402 0.000000e+00
38.9967851972 0.000000e+00
39.2421899924 0.000000e+00
39.4875947876 0.000000e+00
39.7329995828 0.000000e+00
39.978404378 0.000000e+00
40.2238091732 0.000000e+00
40.4692139684 0.000000e+00
40.7146187637 0.000000e+00
40.9600235589 0.000000e+00
41.2054283541 0.000000e+00
41.4508331493 0.000000e+00
41.6962379445 0.000000e+00
41.9416427397 0.000000e+00
42.1870475349 0.000000e+00
42.4324523301 0.000000e+00
42.6778571253 0.000000e+00
42.9232619205 0.000000e+00
43.1686667157 0.000000e+00
43.414071511 0.000000e+00
43.6594763062 0.000000e+00
43.9048811014 0.000000e+00
44.1502858966 0.000000e+00
44.3956906918 0.000000e+00
44.641095487 0.000000e+00
44.8865002822 0.000000e+00
45.1319050774 0.000000e+00
45.3773098726 0.000000e+00
45.6227146678 0.000000e+00
45.8681194631 0.000000e+00
46.1135242583 0.000000e+00
46.3589290535 0.000000e+00
46.6043338487 0.000000e+00
46.8497386439 0.000000e+00
47.0951434391 0.000000e+00
47.3405482343 0.000000e+00
47.5859530295 0.000000e+00
47.8313578247 0.000000e+00
48.0767626199 0.000000e+00
48.3221674152 0.000000e+00
48.5675722104 0.000000e+00
48.8129770056 0.000000e+00
49.0583818008 0.000000e+00
49.303786596 0.000000e+00
49.5491913912 0.000000e+00
49.7945961864 0.000000e+00
50.0400009816 0.000000e+00
50.2854057768 0.000000e+00
50.530810572 0.000000e+00
50.7762153672 0.000000e+00
51.0216201625 0.000000e+00
51.2670249577 0.000000e+00
51.5124297529 0.000000e+00
51.7578345481 0.000000e+00
52.0032393433 0.000000e+00
52.2486441385 0.000000e+00
52.4940489337 0.000000e+00
52.7394537289 0.000000e+00
52.9848585241 0.000000e+00
53.2302633193 0.000000e+00
53.4756681146 0.000000e+00
53.7210729098 0.000000e+00
53.966477705 0.000000e+00
54.2118825002 0.000000e+00
54.4572872954 0.000000e+00
54.7026920906 0.000000e+00
54.9480968858 0.000000e+00
55.193501681 0.000000e+00
55.4389064762 0.000000e+00
55.6843112714 0.000000e+00
55.9297160667 0.000000e+00
56.1751208619 0.000000e+00
56.4205256571 0.000000e+00
56.6659304523 0.000000e+00
56.9113352475 0.000000e+00
57.1567400427 0.000000e+00
57.4021448379 0.000000e+00
57.6475496331 0.000000e+00
57.8929544283 0.000000e+00
58.1383592235 0.000000e+00
58.3837640187 0.000000e+00
58.629168814 0.000000e+00
58.8745736092 0.000000e+00
59.1199784044 0.000000e+00
59.3653831996 0.000000e+00
59.6107879948 0.000000e+00
59.85619279 0.000000e+00
60.1015975852 0.000000e+00
60.3470023804 0.000000e+00
60.5924071756 0.000000e+00
60.8378119708 0.000000e+00
61.0832167661 0.000000e+00
61.3286215613 0.000000e+00
61.5740263565 0.000000e+00
61.8194311517 0.000000e+00
62.0648359469 0.000000e+00
62.3102407421 0.000000e+00
62.5556455373 0.000000e+00
62.8010503325 0.000000e+00
63.0464551277 0.000000e+00
63.2918599229 0.000000e+00
63.5372647182 0.000000e+00
63.7826695134 0.000000e+00
64.0280743086 0.000000e+00
64.2734791038 0.000000e+00
64.518883899 0.000000e+00
64.7642886942 0.000000e+00
65.0096934894 0.000000e+00
65.2550982846 0.000000e+00
65.5005030798 0.000000e+00
65.745907875 0.000000e+00
65.9913126702 0.000000e+00
66.2367174655 0.000000e+00
66.4821222607 0.000000e+00
66.7275270559 0.000000e+00
66.9729318511 0.000000e+00
67.2183366463 0.000000e+00
67.4637414415 0.000000e+00
67.7091462367 0.000000e+00
67.9545510319 0.000000e+00
68.1999558271 0.000000e+00
68.4453606223 0.000000e+00
68.6907654176 0.000000e+00
68.9361702128 0.000000e+00
69.181575008 0.000000e+00
69.4269798032 0.000000e+00
69.6723845984 0.000000e+00
69.9177893936 0.000000e+00
70.1631941888 0.000000e+00
70.408598984 0.000000e+00
70.6540037792 0.000000e+00
70.8994085744 0.000000e+00
71.1448133697 0.000000e+00
71.3902181649 0.000000e+00
71.6356229601 0.000000e+00
71.8810277553 0.000000e+00
72.1264325505 0.000000e+00
72.3718373457 0.000000e+00
72.6172421409 0.000000e+00
72.8626469361 0.000000e+00
73.1080517313 0.000000e+00
73.3534565265 0.000000e+00
73.5988613218 0.000000e+00
73.844266117 0.000000e+00
74.0896709122 0.000000e+00
74.3350757074 0.000000e+00
74.5804805026 0.000000e+00
74.8258852978 0.000000e+00
75.071290093 0.000000e+00
75.3166948882 0.000000e+00
75.5620996834 0.000000e+00
75.8075044786 0.000000e+00
76.0529092738 0.000000e+00
76.2983140691 0.000000e+00
76.5437188643 0.000000e+00
76.7891236595 0.000000e+00
77.0345284547 0.000000e+00
77.2799332499 0.000000e+00
77.5253380451 0.000000e+00
77.7707428403 0.000000e+00
78.0161476355 0.000000e+00
78.2615524307 0.000000e+00
78.5069572259 0.000000e+00
78.7523620212 0.000000e+00
78.9977668164 0.000000e+00
79.2431716116 0.000000e+00
79.4885764068 0.000000e+00
79.733981202 0.000000e+00
79.9793859972 0.000000e+00
80.2247907924 0.000000e+00
80.4701955876 0.000000e+00
80.7156003828 0.000000e+00
80.961005178 0.000000e+00
81.2064099733 0.000000e+00
81.4518147685 0.000000e+00
81.6972195637 0.000000e+00
81.9426243589 0.000000e+00
82.1880291541 0.000000e+00
82.4334339493 0.000000e+00
82.6788387445 0.000000e+00
82.9242435397 0.000000e+00
83.1696483349 0.000000e+00
83.4150531301 0.000000e+00
83.6604579253 0.000000e+00
83.9058627206 0.000000e+00
84.1512675158 0.000000e+00
84.396672311 0.000000e+00
84.6420771062 0.000000e+00
84.8874819014 0.000000e+00
85.1328866966 0.000000e+00
85.3782914918 0.000000e+00
85.623696287 0.000000e+00
85.8691010822 0.000000e+00
86.1145058774 0.000000e+00
86.3599106727 0.000000e+00
86.6053154679 0.000000e+00
86.8507202631 0.000000e+00
87.0961250583 0.000000e+00
87.3415298535 0.000000e+00
87.5869346487 0.000000e+00
87.8323394439 0.000000e+00
88.0777442391 0.000000e+00
88.3231490343 0.000000e+00
88.5685538295 0.000000e+00
88.8139586248 0.000000e+00
89.05936342 0.000000e+00
89.3047682152 0.000000e+00
89.5501730104 0.000000e+00
89.7955778056 0.000000e+00
90.0409826008 0.000000e+00
90.286387396 0.000000e+00
90.5317921912 0.000000e+00
90.7771969864 0.000000e+00
91.0226017816 0.000000e+00
91.2680065768 0.000000e+00
91.5134113721 0.000000e+00
91.7588161673 0.000000e+00
92.0042209625 0.000000e+00
92.2496257577 0.000000e+00
92.4950305529 0.000000e+00
92.7404353481 0.000000e+00
92.9858401433 0.000000e+00
93.2312449385 0.000000e+00
93.4766497337 0.000000e+00
93.7220545289 0.000000e+00
93.9674593242 0.000000e+00
94.2128641194 0.000000e+00
94.4582689146 0.000000e+00
94.7036737098 0.000000e+00
94.949078505 0.000000e+00
95.1944833002 0.000000e+00
95.4398880954 0.000000e+00
95.6852928906 0.000000e+00
95.9306976858 0.000000e+00
96.176102481 0.000000e+00
96.4215072763 0.000000e+00
96.6669120715 0.000000e+00
96.9123168667 0.000000e+00
97.1577216619 0.000000e+00
97.4031264571 0.000000e+00
97.6485312523 0.000000e+00
97.8939360475 0.000000e+00
98.1393408427 0.000000e+00
98.3847456379 0.000000e+00
98.6301504331 0.000000e+00
98.8755552283 0.000000e+00
99.1209600236 0.000000e+00
99.3663648188 0.000000e+00
99.611769614 0.000000e+00
99.8571744092 0.000000e+00
100.102579204 0.000000e+00
100.347984 0.000000e+00
100.593388795 0.000000e+00
100.83879359 0.000000e+00
101.084198385 0.000000e+00
101.32960318 0.000000e+00
101.575007976 0.000000e+00
101.820412771 0.000000e+00
102.065817566 0.000000e+00
102.311222361 0.000000e+00
102.556627156 0.000000e+00
102.802031952 0.000000e+00
103.047436747 0.000000e+00
103.292841542 0.000000e+00
103.538246337 0.000000e+00
103.783651133 0.000000e+00
104.029055928 0.000000e+00
104.274460723 0.000000e+00
104.519865518 0.000000e+00
104.765270313 0.000000e+00
105.010675109 0.000000e+00
105.256079904 0.000000e+00
105.501484699 0.000000e+00
105.746889494 0.000000e+00
105.992294289 0.000000e+00
106.237699085 0.000000e+00
106.48310388 0.000000e+00
106.728508675 0.000000e+00
106.97391347 0.000000e+00
107.219318265 0.000000e+00
107.464723061 0.000000e+00
107.710127856 0.000000e+00
107.955532651 0.000000e+00
108.200937446 0.000000e+00
108.446342242 0.000000e+00
108.691747037 0.000000e+00
108.937151832 0.000000e+00
109.182556627 0.000000e+00
109.427961422 0.000000e+00
109.673366218 0.000000e+00
109.918771013 0.000000e+00
110.164175808 0.000000e+00
110.409580603 0.000000e+00
110.654985398 0.000000e+00
110.900390194 0.000000e+00
111.145794989 0.000000e+00
111.391199784 0.000000e+00
111.636604579 0.000000e+00
111.882009374 0.000000e+00
112.12741417 0.000000e+00
112.372818965 0.000000e+00
112.61822376 0.000000e+00
112.863628555 0.000000e+00
113.109033351 0.000000e+00
113.354438146 0.000000e+00
113.599842941 0.000000e+00
113.845247736 0.000000e+00
114.090652531 0.000000e+00
114.336057327 0.000000e+00
114.581462122 0.000000e+00
114.826866917 0.000000e+00
115.072271712 0.000000e+00
115.317676507 0.000000e+00
115.563081303 0.000000e+00
115.808486098 0.000000e+00
116.053890893 0.000000e+00
116.299295688 0.000000e+00
116.544700483 0.000000e+00
116.790105279 0.000000e+00
117.035510074 0.000000e+00
117.280914869 0.000000e+00
117.526319664 0.000000e+00
117.771724459 0.000000e+00
118.017129255 0.000000e+00
118.26253405 0.000000e+00
118.507938845 0.000000e+00
118.75334364 0.000000e+00
118.998748436 0.000000e+00
119.244153231 0.000000e+00
119.489558026 0.000000e+00
119.734962821 0.000000e+00
119.980367616 0.000000e+00
120.225772412 0.000000e+00
120.471177207 0.000000e+00
120.716582002 0.000000e+00
120.961986797 0.000000e+00
121.207391592 0.000000e+00
121.452796388 0.000000e+00
121.698201183 0.000000e+00
121.943605978 0.000000e+00
122.189010773 0.000000e+00
122.434415568 0.000000e+00
122.679820364 0.000000e+00
122.925225159 0.000000e+00
123.170629954 0.000000e+00
123.416034749 0.000000e+00
123.661439545 0.000000e+00
123.90684434 0.000000e+00
124.152249135 0.000000e+00
124.39765393 0.000000e+00
124.643058725 0.000000e+00
124.888463521 0.000000e+00
125.133868316 0.000000e+00
125.379273111 0.000000e+00
125.624677906 0.000000e+00
125.870082701 0.000000e+00
126.115487497 0.000000e+00
126.360892292 0.000000e+00
126.606297087 0.000000e+00
126.851701882 0.000000e+00
127.097106677 0.000000e+00
127.342511473 0.000000e+00
127.587916268 0.000000e+00
127.833321063 0.000000e+00
128.078725858 0.000000e+00
128.324130654 0.000000e+00
128.569535449 0.000000e+00
128.814940244 0.000000e+00
129.060345039 0.000000e+00
129.305749834 0.000000e+00
129.55115463 0.000000e+00
129.796559425 0.000000e+00
130.04196422 0.000000e+00
130.287369015 0.000000e+00
130.53277381 0.000000e+00
130.778178606 0.000000e+00
131.023583401 0.000000e+00
131.268988196 0.000000e+00
131.514392991 0.000000e+00
131.759797786 0.000000e+00
132.005202582 0.000000e+00
132.250607377 0.000000e+00
132.496012172 0.000000e+00
132.741416967 0.000000e+00
132.986821762 0.000000e+00
133.232226558 0.000000e+00
133.477631353 0.000000e+00
133.723036148 0.000000e+00
133.968440943 0.000000e+00
134.213845739 0.000000e+00
134.459250534 0.000000e+00
134.704655329 0.000000e+00
134.950060124 0.000000e+00
135.195464919 0.000000e+00
135.440869715 0.000000e+00
135.68627451 0.000000e+00
135.931679305 0.000000e+00
136.1770841 0.000000e+00
136.422488895 0.000000e+00
136.667893691 0.000000e+00
136.913298486 0.000000e+00
137.158703281 0.000000e+00
137.404108076 0.000000e+00
137.649512871 0.000000e+00
137.894917667 0.000000e+00
138.140322462 0.000000e+00
138.385727257 0.000000e+00
138.631132052 0.000000e+00
138.876536848 0.000000e+00
139.121941643 0.000000e+00
139.367346438 0.000000e+00
139.612751233 0.000000e+00
139.858156028 0.000000e+00
140.103560824 0.000000e+00
140.348965619 0.000000e+00
140.594370414 0.000000e+00
140.839775209 0.000000e+00
141.085180004 0.000000e+00
141.3305848 0.000000e+00
141.575989595 0.000000e+00
141.82139439 0.000000e+00
142.066799185 0.000000e+00
142.31220398 0.000000e+00
142.557608776 0.000000e+00
142.803013571 0.000000e+00
143.048418366 0.000000e+00
143.293823161 0.000000e+00
143.539227957 0.000000e+00
143.784632752 0.000000e+00
144.030037547 0.000000e+00
144.275442342 0.000000e+00
144.520847137 0.000000e+00
144.766251933 0.000000e+00
145.011656728 0.000000e+00
145.257061523 0.000000e+00
145.502466318 0.000000e+00
145.747871113 0.000000e+00
145.993275909 0.000000e+00
146.238680704 0.000000e+00
146.484085499 0.000000e+00
146.729490294 0.000000e+00
146.974895089 0.000000e+00
147.220299885 0.000000e+00
147.46570468 0.000000e+00
147.711109475 0.000000e+00
147.95651427 0.000000e+00
148.201919065 0.000000e+00
148.447323861 0.000000e+00
148.692728656 0.000000e+00
148.938133451 0.000000e+00
149.183538246 0.000000e+00
149.428943042 0.000000e+00
149.674347837 0.000000e+00
149.919752632 0.000000e+00
150.165157427 0.000000e+00
150.410562222 0.000000e+00
150.655967018 0.000000e+00
150.901371813 0.000000e+00
151.146776608 0.000000e+00
151.392181403 0.000000e+00
151.637586198 0.000000e+00
151.882990994 0.000000e+00
152.128395789 0.000000e+00
152.373800584 0.000000e+00
152.619205379 0.000000e+00
152.864610174 0.000000e+00
153.11001497 0.000000e+00
153.355419765 0.000000e+00
153.60082456 0.000000e+00
153.846229355 0.000000e+00
154.091634151 0.000000e+00
154.337038946 0.000000e+00
154.582443741 0.000000e+00
154.827848536 0.000000e+00
155.073253331 0.000000e+00
155.318658127 0.000000e+00
155.564062922 0.000000e+00
155.809467717 0.000000e+00
156.054872512 0.000000e+00
156.300277307 0.000000e+00
156.545682103 0.000000e+00
156.791086898 0.000000e+00
157.036491693 0.000000e+00
157.281896488 0.000000e+00
157.527301283 0.000000e+00
157.772706079 0.000000e+00
158.018110874 0.000000e+00
158.263515669 0.000000e+00
158.508920464 0.000000e+00
158.75432526 0.000000e+00
158.999730055 0.000000e+00
159.24513485 0.000000e+00
159.490539645 0.000000e+00
159.73594444 0.000000e+00
159.981349236 0.000000e+00
160.226754031 0.000000e+00
160.472158826 0.000000e+00
160.717563621 0.000000e+00
160.962968416 0.000000e+00
161.208373212 0.000000e+00
161.453778007 0.000000e+00
161.699182802 0.000000e+00
161.944587597 0.000000e+00
162.189992392 0.000000e+00
162.435397188 0.000000e+00
162.680801983 0.000000e+00
162.926206778 0.000000e+00
163.171611573 0.000000e+00
163.417016368 0.000000e+00
163.662421164 0.000000e+00
163.907825959 0.000000e+00
164.153230754 0.000000e+00
164.398635549 0.000000e+00
164.644040345 0.000000e+00
164.88944514 0.000000e+00
165.134849935 0.000000e+00
165.38025473 0.000000e+00
165.625659525 0.000000e+00
165.871064321 0.000000e+00
166.116469116 0.000000e+00
166.361873911 0.000000e+00
166.607278706 0.000000e+00
166.852683501 0.000000e+00
167.098088297 0.000000e+00
167.343493092 0.000000e+00
167.588897887 0.000000e+00
167.834302682 0.000000e+00
168.079707477 0.000000e+00
168.325112273 0.000000e+00
168.570517068 0.000000e+00
168.815921863 0.000000e+00
169.061326658 0.000000e+00
169.306731454 0.000000e+00
169.552136249 0.000000e+00
169.797541044 0.000000e+00
170.042945839 0.000000e+00
170.288350634 0.000000e+00
170.53375543 0.000000e+00
170.779160225 0.000000e+00
171.02456502 0.000000e+00
171.269969815 0.000000e+00
171.51537461 0.000000e+00
171.760779406 0.000000e+00
172.006184201 0.000000e+00
172.251588996 0.000000e+00
172.496993791 0.000000e+00
172.742398586 0.000000e+00
172.987803382 0.000000e+00
173.233208177 0.000000e+00
173.478612972 0.000000e+00
173.724017767 0.000000e+00
173.969422563 0.000000e+00
174.214827358 0.000000e+00
174.460232153 0.000000e+00
174.705636948 0.000000e+00
174.951041743 0.000000e+00
175.196446539 0.000000e+00
175.441851334 0.000000e+00
175.687256129 0.000000e+00
175.932660924 0.000000e+00
176.178065719 0.000000e+00
176.423470515 0.000000e+00
176.66887531 0.000000e+00
176.914280105 0.000000e+00
177.1596849 0.000000e+00
177.405089695 0.000000e+00
177.650494491 0.000000e+00
177.895899286 0.000000e+00
178.141304081 0.000000e+00
178.386708876 0.000000e+00
178.632113672 0.000000e+00
178.877518467 0.000000e+00
179.122923262 0.000000e+00
179.368328057 0.000000e+00
179.613732852 0.000000e+00
179.859137648 0.000000e+00
180.104542443 0.000000e+00
180.349947238 0.000000e+00
180.595352033 0.000000e+00
180.840756828 0.000000e+00
181.086161624 0.000000e+00
181.331566419 0.000000e+00
181.576971214 0.000000e+00
181.822376009 0.000000e+00
182.067780804 0.000000e+00
182.3131856 0.000000e+00
182.558590395 0.000000e+00
182.80399519 0.000000e+00
183.049399985 0.000000e+00
183.29480478 0.000000e+00
183.540209576 0.000000e+00
183.785614371 0.000000e+00
184.031019166 0.000000e+00
184.276423961 0.000000e+00
184.521828757 0.000000e+00
184.767233552 0.000000e+00
185.012638347 0.000000e+00
185.258043142 0.000000e+00
185.503447937 0.000000e+00
185.748852733 0.000000e+00
185.994257528 0.000000e+00
186.239662323 0.000000e+00
186.485067118 0.000000e+00
186.730471913 0.000000e+00
186.975876709 0.000000e+00
187.221281504 0.000000e+00
187.466686299 0.000000e+00
187.712091094 0.000000e+00
187.957495889 0.000000e+00
188.202900685 0.000000e+00
188.44830548 0.000000e+00
188.693710275 0.000000e+00
188.93911507 0.000000e+00
189.184519866 0.000000e+00
189.429924661 0.000000e+00
189.675329456 0.000000e+00
189.920734251 0.000000e+00
190.166139046 0.000000e+00
190.411543842 0.000000e+00
190.656948637 0.000000e+00
190.902353432 0.000000e+00
191.147758227 0.000000e+00
191.393163022 0.000000e+00
191.638567818 0.000000e+00
191.883972613 0.000000e+00
192.129377408 0.000000e+00
192.374782203 0.000000e+00
192.620186998 0.000000e+00
192.865591794 0.000000e+00
193.110996589 0.000000e+00
193.356401384 0.000000e+00
193.601806179 0.000000e+00
193.847210975 0.000000e+00
194.09261577 0.000000e+00
194.338020565 0.000000e+00
194.58342536 0.000000e+00
194.828830155 0.000000e+00
195.074234951 0.000000e+00
195.319639746 0.000000e+00
195.565044541 0.000000e+00
195.810449336 0.000000e+00
196.055854131 0.000000e+00
196.301258927 0.000000e+00
196.546663722 0.000000e+00
196.792068517 0.000000e+00
197.037473312 0.000000e+00
197.282878107 0.000000e+00
197.528282903 0.000000e+00
197.773687698 0.000000e+00
198.019092493 0.000000e+00
198.264497288 0.000000e+00
198.509902083 0.000000e+00
198.755306879 0.000000e+00
199.000711674 0.000000e+00
199.246116469 0.000000e+00
199.491521264 0.000000e+00
199.73692606 0.000000e+00
199.982330855 0.000000e+00
200.22773565 0.000000e+00
200.473140445 0.000000e+00
200.71854524 0.000000e+00
200.963950036 0.000000e+00
201.209354831 0.000000e+00
201.454759626 0.000000e+00
201.700164421 0.000000e+00
201.945569216 0.000000e+00
202.190974012 0.000000e+00
202.436378807 0.000000e+00
202.681783602 0.000000e+00
202.927188397 0.000000e+00
203.172593192 0.000000e+00
203.417997988 0.000000e+00
203.663402783 0.000000e+00
203.908807578 0.000000e+00
204.154212373 0.000000e+00
204.399617169 0.000000e+00
204.645021964 0.000000e+00
204.890426759 0.000000e+00
205.135831554 0.000000e+00
205.381236349 0.000000e+00
205.626641145 0.000000e+00
205.87204594 0.000000e+00
206.117450735 0.000000e+00
206.36285553 0.000000e+00
206.608260325 0.000000e+00
206.853665121 0.000000e+00
207.099069916 0.000000e+00
207.344474711 0.000000e+00
207.589879506 0.000000e+00
207.835284301 0.000000e+00
208.080689097 0.000000e+00
208.326093892 0.000000e+00
208.571498687 0.000000e+00
208.816903482 0.000000e+00
209.062308278 0.000000e+00
209.307713073 0.000000e+00
209.553117868 0.000000e+00
209.798522663 0.000000e+00
210.043927458 0.000000e+00
210.289332254 0.000000e+00
210.534737049 0.000000e+00
210.780141844 0.000000e+00
211.025546639 0.000000e+00
211.270951434 0.000000e+00
211.51635623 0.000000e+00
211.761761025 0.000000e+00
212.00716582 0.000000e+00
212.252570615 0.000000e+00
212.49797541 0.000000e+00
212.743380206 0.000000e+00
212.988785001 0.000000e+00
213.234189796 0.000000e+00
213.479594591 0.000000e+00
213.724999386 0.000000e+00
213.970404182 0.000000e+00
214.215808977 0.000000e+00
214.461213772 0.000000e+00
214.706618567 0.000000e+00
214.952023363 0.000000e+00
215.197428158 0.000000e+00
215.442832953 0.000000e+00
215.688237748 0.000000e+00
215.933642543 0.000000e+00
216.179047339 0.000000e+00
216.424452134 0.000000e+00
216.669856929 0.000000e+00
216.915261724 0.000000e+00
217.160666519 0.000000e+00
217.406071315 0.000000e+00
217.65147611 0.000000e+00
217.896880905 0.000000e+00
218.1422857 0.000000e+00
218.387690495 0.000000e+00
218.633095291 0.000000e+00
218.878500086 0.000000e+00
219.123904881 0.000000e+00
219.369309676 0.000000e+00
219.614714472 0.000000e+00
219.860119267 0.000000e+00
220.105524062 0.000000e+00
220.350928857 0.000000e+00
220.596333652 0.000000e+00
220.841738448 0.000000e+00
221.087143243 0.000000e+00
221.332548038 0.000000e+00
221.577952833 0.000000e+00
221.823357628 0.000000e+00
222.068762424 0.000000e+00
222.314167219 0.000000e+00
222.559572014 0.000000e+00
222.804976809 0.000000e+00
223.050381604 0.000000e+00
223.2957864 0.000000e+00
223.541191195 0.000000e+00
223.78659599 0.000000e+00
224.032000785 0.000000e+00
224.277405581 0.000000e+00
224.522810376 0.000000e+00
224.768215171 0.000000e+00
225.013619966 0.000000e+00
225.259024761 0.000000e+00
225.504429557 0.000000e+00
225.749834352 0.000000e+00
225.995239147 0.000000e+00
226.240643942 0.000000e+00
226.486048737 0.000000e+00
226.731453533 0.000000e+00
226.976858328 0.000000e+00
227.222263123 0.000000e+00
227.467667918 0.000000e+00
227.713072713 0.000000e+00
227.958477509 0.000000e+00
228.203882304 0.000000e+00
228.449287099 0.000000e+00
228.694691894 0.000000e+00
228.940096689 0.000000e+00
229.185501485 0.000000e+00
229.43090628 0.000000e+00
229.676311075 0.000000e+00
229.92171587 0.000000e+00
230.167120666 0.000000e+00
230.412525461 0.000000e+00
230.657930256 0.000000e+00
230.903335051 0.000000e+00
231.148739846 0.000000e+00
231.394144642 0.000000e+00
231.639549437 0.000000e+00
231.884954232 0.000000e+00
232.130359027 0.000000e+00
232.375763822 0.000000e+00
232.621168618 0.000000e+00
232.866573413 0.000000e+00
233.111978208 0.000000e+00
233.357383003 0.000000e+00
233.602787798 0.000000e+00
233.848192594 0.000000e+00
234.093597389 0.000000e+00
234.339002184 0.000000e+00
234.584406979 0.000000e+00
234.829811775 0.000000e+00
235.07521657 0.000000e+00
235.320621365 0.000000e+00
235.56602616 0.000000e+00
235.811430955 0.000000e+00
236.056835751 0.000000e+00
237.056835751 0.0
238.056835751 0.0
239.056835751 0.0
240.056835751 0.0
241.056835751 0.0
242.056835751 0.0
243.056835751 0.0
244.056835751 0.0
245.056835751 0.0
246.056835751 0.0
247.056835751 0.0
248.056835751 0.0
249.056835751 0.0
250.056835751 0.0
251.056835751 0.0
252.056835751 0.0
253.056835751 0.0
254.056835751 0.0
255.056835751 0.0
256.056835751 0.0
257.056835751 0.0
258.056835751 0.0
259.056835751 0.0
260.056835751 0.0
261.056835751 0.0
262.056835751 0.0
263.056835751 0.0
264.056835751 0.0
265.056835751 0.0
266.056835751 0.0
267.056835751 0.0
268.056835751 0.0
269.056835751 0.0
270.056835751 0.0
271.056835751 0.0
272.056835751 0.0
273.056835751 0.0
274.056835751 0.0
275.056835751 0.0
276.056835751 0.0
277.056835751 0.0
278.056835751 0.0
279.056835751 0.0
280.056835751 0.0
281.056835751 0.0
282.056835751 0.0
283.056835751 0.0
284.056835751 0.0
285.056835751 0.0
286.056835751 0.0
287.056835751 0.0
288.056835751 0.0
289.056835751 0.0
290.056835751 0.0
291.056835751 0.0
292.056835751 0.0
293.056835751 0.0
294.056835751 0.0
295.056835751 0.0
296.056835751 0.0
297.056835751 0.0
298.056835751 0.0
299.056835751 0.0
300.056835751 0.0
301.056835751 0.0
302.056835751 0.0
303.056835751 0.0
304.056835751 0.0
305.056835751 0.0
306.056835751 0.0
307.056835751 0.0
308.056835751 0.0
309.056835751 0.0
310.056835751 0.0
311.056835751 0.0
312.056835751 0.0
313.056835751 0.0
314.056835751 0.0
315.056835751 0.0
316.056835751 0.0
317.056835751 0.0
318.056835751 0.0
319.056835751 0.0
320.056835751 0.0
321.056835751 0.0
322.056835751 0.0
323.056835751 0.0
324.056835751 0.0
325.056835751 0.0
326.056835751 0.0
327.056835751 0.0
328.056835751 0.0
329.056835751 0.0
330.056835751 0.0
331.056835751 0.0
332.056835751 0.0
333.056835751 0.0
334.056835751 0.0
335.056835751 0.0
336.056835751 0.0
337.056835751 0.0
338.056835751 0.0
339.056835751 0.0
340.056835751 0.0
341.056835751 0.0
342.056835751 0.0
343.056835751 0.0
344.056835751 0.0
345.056835751 0.0
346.056835751 0.0
347.056835751 0.0
348.056835751 0.0
349.056835751 0.0
350.056835751 0.0
351.056835751 0.0
352.056835751 0.0
353.056835751 0.0
354.056835751 0.0
355.056835751 0.0
356.056835751 0.0
357.056835751 0.0
358.056835751 0.0
359.056835751 0.0
360.056835751 0.0
361.056835751 0.0
362.056835751 0.0
363.056835751 0.0
364.056835751 0.0
365.056835751 0.0
366.056835751 0.0
367.056835751 0.0
368.056835751 0.0
369.056835751 0.0
370.056835751 0.0
371.056835751 0.0
372.056835751 0.0
373.056835751 0.0
374.056835751 0.0
375.056835751 0.0
376.056835751 0.0
377.056835751 0.0
378.056835751 0.0
379.056835751 0.0
380.056835751 0.0
381.056835751 0.0
382.056835751 0.0
383.056835751 0.0
384.056835751 0.0
385.056835751 0.0
386.056835751 0.0
387.056835751 0.0
388.056835751 0.0
389.056835751 0.0
390.056835751 0.0
391.056835751 0.0
392.056835751 0.0
393.056835751 0.0
394.056835751 0.0
395.056835751 0.0
396.056835751 0.0
397.056835751 0.0
398.056835751 0.0
399.056835751 0.0
400.056835751 0.0
401.056835751 0.0
402.056835751 0.0
403.056835751 0.0
404.056835751 0.0
405.056835751 0.0
406.056835751 0.0
407.056835751 0.0
408.056835751 0.0
409.056835751 0.0
410.056835751 0.0
411.056835751 0.0
412.056835751 0.0
413.056835751 0.0
414.056835751 0.0
415.056835751 0.0
416.056835751 0.0
417.056835751 0.0
418.056835751 0.0
419.056835751 0.0
420.056835751 0.0
421.056835751 0.0
422.056835751 0.0
423.056835751 0.0
424.056835751 0.0
425.056835751 0.0
426.056835751 0.0
427.056835751 0.0
428.056835751 0.0
429.056835751 0.0
430.056835751 0.0
431.056835751 0.0
432.056835751 0.0
433.056835751 0.0
434.056835751 0.0
435.056835751 0.0
436.056835751 0.0
437.056835751 0.0
438.056835751 0.0
439.056835751 0.0
440.056835751 0.0
441.056835751 0.0
442.056835751 0.0
443.056835751 0.0
444.056835751 0.0
445.056835751 0.0
446.056835751 0.0
447.056835751 0.0
448.056835751 0.0
449.056835751 0.0
450.056835751 0.0
451.056835751 0.0
452.056835751 0.0
453.056835751 0.0
454.056835751 0.0
455.056835751 0.0
456.056835751 0.0
457.056835751 0.0
458.056835751 0.0
459.056835751 0.0
460.056835751 0.0
461.056835751 0.0
462.056835751 0.0
463.056835751 0.0
464.056835751 0.0
465.056835751 0.0
466.056835751 0.0
467.056835751 0.0
468.056835751 0.0
469.056835751 0.0
470.056835751 0.0
471.056835751 0.0
472.056835751 0.0
473.056835751 0.0
474.056835751 0.0
475.056835751 0.0
476.056835751 0.0
477.056835751 0.0
478.056835751 0.0
479.056835751 0.0
480.056835751 0.0
481.056835751 0.0
482.056835751 0.0
483.056835751 0.0
484.056835751 0.0
485.056835751 0.0
486.056835751 0.0
487.056835751 0.0
488.056835751 0.0
489.056835751 0.0
490.056835751 0.0
491.056835751 0.0
492.056835751 0.0
493.056835751 0.0
494.056835751 0.0
495.056835751 0.0
496.056835751 0.0
497.056835751 0.0
498.056835751 0.0
499.056835751 0.0
500.056835751 0.0
501.056835751 0.0
502.056835751 0.0
503.056835751 0.0
504.056835751 0.0
505.056835751 0.0
506.056835751 0.0
507.056835751 0.0
508.056835751 0.0
509.056835751 0.0
510.056835751 0.0
511.056835751 0.0
512.056835751 0.0
513.056835751 0.0
514.056835751 0.0
515.056835751 0.0
516.056835751 0.0
517.056835751 0.0
518.056835751 0.0
519.056835751 0.0
520.056835751 0.0
521.056835751 0.0
522.056835751 0.0
523.056835751 0.0
524.056835751 0.0
525.056835751 0.0
526.056835751 0.0
527.056835751 0.0
528.056835751 0.0
529.056835751 0.0
530.056835751 0.0
531.056835751 0.0
532.056835751 0.0
533.056835751 0.0
534.056835751 0.0
535.056835751 0.0
536.056835751 0.0
537.056835751 0.0
538.056835751 0.0
539.056835751 0.0
540.056835751 0.0
541.056835751 0.0
542.056835751 0.0
543.056835751 0.0
544.056835751 0.0
545.056835751 0.0
546.056835751 0.0
547.056835751 0.0
548.056835751 0.0
549.056835751 0.0
550.056835751 0.0
551.056835751 0.0
552.056835751 0.0
553.056835751 0.0
554.056835751 0.0
555.056835751 0.0
556.056835751 0.0
557.056835751 0.0
558.056835751 0.0
559.056835751 0.0
560.056835751 0.0
561.056835751 0.0
562.056835751 0.0
563.056835751 0.0
564.056835751 0.0
565.056835751 0.0
566.056835751 0.0
567.056835751 0.0
568.056835751 0.0
569.056835751 0.0
570.056835751 0.0
571.056835751 0.0
572.056835751 0.0
573.056835751 0.0
574.056835751 0.0
575.056835751 0.0
576.056835751 0.0
577.056835751 0.0
578.056835751 0.0
579.056835751 0.0
580.056835751 0.0
581.056835751 0.0
582.056835751 0.0
583.056835751 0.0
584.056835751 0.0
585.056835751 0.0
586.056835751 0.0
587.056835751 0.0
588.056835751 0.0
589.056835751 0.0
590.056835751 0.0
591.056835751 0.0
592.056835751 0.0
593.056835751 0.0
594.056835751 0.0
595.056835751 0.0
596.056835751 0.0
597.056835751 0.0
598.056835751 0.0
599.056835751 0.0
600.056835751 0.0
601.056835751 0.0
602.056835751 0.0
603.056835751 0.0
604.056835751 0.0
605.056835751 0.0
606.056835751 0.0
607.056835751 0.0
608.056835751 0.0
609.056835751 0.0
610.056835751 0.0
611.056835751 0.0
612.056835751 0.0
613.056835751 0.0
614.056835751 0.0
615.056835751 0.0
616.056835751 0.0
617.056835751 0.0
618.056835751 0.0
619.056835751 0.0
620.056835751 0.0
621.056835751 0.0
622.056835751 0.0
623.056835751 0.0
624.056835751 0.0
625.056835751 0.0
626.056835751 0.0
627.056835751 0.0
628.056835751 0.0
629.056835751 0.0
630.056835751 0.0
631.056835751 0.0
632.056835751 0.0
633.056835751 0.0
634.056835751 0.0
635.056835751 0.0
636.056835751 0.0
637.056835751 0.0
638.056835751 0.0
639.056835751 0.0
640.056835751 0.0
641.056835751 0.0
642.056835751 0.0
643.056835751 0.0
644.056835751 0.0
645.056835751 0.0
646.056835751 0.0
647.056835751 0.0
648.056835751 0.0
649.056835751 0.0
650.056835751 0.0
651.056835751 0.0
652.056835751 0.0
653.056835751 0.0
654.056835751 0.0
655.056835751 0.0
656.056835751 0.0
657.056835751 0.0
658.056835751 0.0
659.056835751 0.0
660.056835751 0.0
661.056835751 0.0
662.056835751 0.0
663.056835751 0.0
664.056835751 0.0
665.056835751 0.0
666.056835751 0.0
667.056835751 0.0
668.056835751 0.0
669.056835751 0.0
670.056835751 0.0
671.056835751 0.0
672.056835751 0.0
673.056835751 0.0
674.056835751 0.0
675.056835751 0.0
676.056835751 0.0
677.056835751 0.0
678.056835751 0.0
679.056835751 0.0
680.056835751 0.0
681.056835751 0.0
682.056835751 0.0
683.056835751 0.0
684.056835751 0.0
685.056835751 0.0
686.056835751 0.0
687.056835751 0.0
688.056835751 0.0
689.056835751 0.0
690.056835751 0.0
691.056835751 0.0
692.056835751 0.0
693.056835751 0.0
694.056835751 0.0
695.056835751 0.0
696.056835751 0.0
697.056835751 0.0
698.056835751 0.0
699.056835751 0.0
700.056835751 0.0
701.056835751 0.0
702.056835751 0.0
703.056835751 0.0
704.056835751 0.0
705.056835751 0.0
706.056835751 0.0
707.056835751 0.0
708.056835751 0.0
709.056835751 0.0
710.056835751 0.0
711.056835751 0.0
712.056835751 0.0
713.056835751 0.0
714.056835751 0.0
715.056835751 0.0
716.056835751 0.0
717.056835751 0.0
718.056835751 0.0
719.056835751 0.0
720.056835751 0.0
721.056835751 0.0
722.056835751 0.0
723.056835751 0.0
724.056835751 0.0
725.056835751 0.0
726.056835751 0.0
727.056835751 0.0
728.056835751 0.0
729.056835751 0.0
730.056835751 0.0
731.056835751 0.0
732.056835751 0.0
733.056835751 0.0
734.056835751 0.0
735.056835751 0.0
736.056835751 0.0
