-623.430046464 0.0
-622.430046464 0.0
-621.430046464 0.0
-620.430046464 0.0
-619.430046464 0.0
-618.430046464 0.0
-617.430046464 0.0
-616.430046464 0.0
-615.430046464 0.0
-614.430046464 0.0
-613.430046464 0.0
-612.430046464 0.0
-611.430046464 0.0
-610.430046464 0.0
-609.430046464 0.0
-608.430046464 0.0
-607.430046464 0.0
-606.430046464 0.0
-605.430046464 0.0
-604.430046464 0.0
-603.430046464 0.0
-602.430046464 0.0
-601.430046464 0.0
-600.430046464 0.0
-599.430046464 0.0
-598.430046464 0.0
-597.430046464 0.0
-596.430046464 0.0
-595.430046464 0.0
-594.430046464 0.0
-593.430046464 0.0
-592.430046464 0.0
-591.430046464 0.0
-590.430046464 0.0
-589.430046464 0.0
-588.430046464 0.0
-587.430046464 0.0
-586.430046464 0.0
-585.430046464 0.0
-584.430046464 0.0
-583.430046464 0.0
-582.430046464 0.0
-581.430046464 0.0
-580.430046464 0.0
-579.430046464 0.0
-578.430046464 0.0
-577.430046464 0.0
-576.430046464 0.0
-575.430046464 0.0
-574.430046464 0.0
-573.430046464 0.0
-572.430046464 0.0
-571.430046464 0.0
-570.430046464 0.0
-569.430046464 0.0
-568.430046464 0.0
-567.430046464 0.0
-566.430046464 0.0
-565.430046464 0.0
-564.430046464 0.0
-563.430046464 0.0
-562.430046464 0.0
-561.430046464 0.0
-560.430046464 0.0
-559.430046464 0.0
-558.430046464 0.0
-557.430046464 0.0
-556.430046464 0.0
-555.430046464 0.0
-554.430046464 0.0
-553.430046464 0.0
-552.430046464 0.0
-551.430046464 0.0
-550.430046464 0.0
-549.430046464 0.0
-548.430046464 0.0
-547.430046464 0.0
-546.430046464 0.0
-545.430046464 0.0
-544.430046464 0.0
-543.430046464 0.0
-542.430046464 0.0
-541.430046464 0.0
-540.430046464 0.0
-539.430046464 0.0
-538.430046464 0.0
-537.430046464 0.0
-536.430046464 0.0
-535.430046464 0.0
-534.430046464 0.0
-533.430046464 0.0
-532.430046464 0.0
-531.430046464 0.0
-530.430046464 0.0
-529.430046464 0.0
-528.430046464 0.0
-527.430046464 0.0
-526.430046464 0.0
-525.430046464 0.0
-524.430046464 0.0
-523.430046464 0.0
-522.430046464 0.0
-521.430046464 0.0
-520.430046464 0.0
-519.430046464 0.0
-518.430046464 0.0
-517.430046464 0.0
-516.430046464 0.0
-515.430046464 0.0
-514.430046464 0.0
-513.430046464 0.0
-512.430046464 0.0
-511.430046464 0.0
-510.430046464 0.0
-509.430046464 0.0
-508.430046464 0.0
-507.430046464 0.0
-506.430046464 0.0
-505.430046464 0.0
-504.430046464 0.0
-503.430046464 0.0
-502.430046464 0.0
-501.430046464 0.0
-500.430046464 0.0
-499.430046464 0.0
-498.430046464 0.0
-497.430046464 0.0
-496.430046464 0.0
-495.430046464 0.0
-494.430046464 0.0
-493.430046464 0.0
-492.430046464 0.0
-491.430046464 0.0
-490.430046464 0.0
-489.430046464 0.0
-488.430046464 0.0
-487.430046464 0.0
-486.430046464 0.0
-485.430046464 0.0
-484.430046464 0.0
-483.430046464 0.0
-482.430046464 0.0
-481.430046464 0.0
-480.430046464 0.0
-479.430046464 0.0
-478.430046464 0.0
-477.430046464 0.0
-476.430046464 0.0
-475.430046464 0.0
-474.430046464 0.0
-473.430046464 0.0
-472.430046464 0.0
-471.430046464 0.0
-470.430046464 0.0
-469.430046464 0.0
-468.430046464 0.0
-467.430046464 0.0
-466.430046464 0.0
-465.430046464 0.0
-464.430046464 0.0
-463.430046464 0.0
-462.430046464 0.0
-461.430046464 0.0
-460.430046464 0.0
-459.430046464 0.0
-458.430046464 0.0
-457.430046464 0.0
-456.430046464 0.0
-455.430046464 0.0
-454.430046464 0.0
-453.430046464 0.0
-452.430046464 0.0
-451.430046464 0.0
-450.430046464 0.0
-449.430046464 0.0
-448.430046464 0.0
-447.430046464 0.0
-446.430046464 0.0
-445.430046464 0.0
-444.430046464 0.0
-443.430046464 0.0
-442.430046464 0.0
-441.430046464 0.0
-440.430046464 0.0
-439.430046464 0.0
-438.430046464 0.0
-437.430046464 0.0
-436.430046464 0.0
-435.430046464 0.0
-434.430046464 0.0
-433.430046464 0.0
-432.430046464 0.0
-431.430046464 0.0
-430.430046464 0.0
-429.430046464 0.0
-428.430046464 0.0
-427.430046464 0.0
-426.430046464 0.0
-425.430046464 0.0
-424.430046464 0.0
-423.430046464 0.0
-422.430046464 0.0
-421.430046464 0.0
-420.430046464 0.0
-419.430046464 0.0
-418.430046464 0.0
-417.430046464 0.0
-416.430046464 0.0
-415.430046464 0.0
-414.430046464 0.0
-413.430046464 0.0
-412.430046464 0.0
-411.430046464 0.0
-410.430046464 0.0
-409.430046464 0.0
-408.430046464 0.0
-407.430046464 0.0
-406.430046464 0.0
-405.430046464 0.0
-404.430046464 0.0
-403.430046464 0.0
-402.430046464 0.0
-401.430046464 0.0
-400.430046464 0.0
-399.430046464 0.0
-398.430046464 0.0
-397.430046464 0.0
-396.430046464 0.0
-395.430046464 0.0
-394.430046464 0.0
-393.430046464 0.0
-392.430046464 0.0
-391.430046464 0.0
-390.430046464 0.0
-389.430046464 0.0
-388.430046464 0.0
-387.430046464 0.0
-386.430046464 0.0
-385.430046464 0.0
-384.430046464 0.0
-383.430046464 0.0
-382.430046464 0.0
-381.430046464 0.0
-380.430046464 0.0
-379.430046464 0.0
-378.430046464 0.0
-377.430046464 0.0
-376.430046464 0.0
-375.430046464 0.0
-374.430046464 0.0
-373.430046464 0.0
-372.430046464 0.0
-371.430046464 0.0
-370.430046464 0.0
-369.430046464 0.0
-368.430046464 0.0
-367.430046464 0.0
-366.430046464 0.0
-365.430046464 0.0
-364.430046464 0.0
-363.430046464 0.0
-362.430046464 0.0
-361.430046464 0.0
-360.430046464 0.0
-359.430046464 0.0
-358.430046464 0.0
-357.430046464 0.0
-356.430046464 0.0
-355.430046464 0.0
-354.430046464 0.0
-353.430046464 0.0
-352.430046464 0.0
-351.430046464 0.0
-350.430046464 0.0
-349.430046464 0.0
-348.430046464 0.0
-347.430046464 0.0
-346.430046464 0.0
-345.430046464 0.0
-344.430046464 0.0
-343.430046464 0.0
-342.430046464 0.0
-341.430046464 0.0
-340.430046464 0.0
-339.430046464 0.0
-338.430046464 0.0
-337.430046464 0.0
-336.430046464 0.0
-335.430046464 0.0
-334.430046464 0.0
-333.430046464 0.0
-332.430046464 0.0
-331.430046464 0.0
-330.430046464 0.0
-329.430046464 0.0
-328.430046464 0.0
-327.430046464 0.0
-326.430046464 0.0
-325.430046464 0.0
-324.430046464 0.0
-323.430046464 0.0
-322.430046464 0.0
-321.430046464 0.0
-320.430046464 0.0
-319.430046464 0.0
-318.430046464 0.0
-317.430046464 0.0
-316.430046464 0.0
-315.430046464 0.0
-314.430046464 0.0
-313.430046464 0.0
-312.430046464 0.0
-311.430046464 0.0
-310.430046464 0.0
-309.430046464 0.0
-308.430046464 0.0
-307.430046464 0.0
-306.430046464 0.0
-305.430046464 0.0
-304.430046464 0.0
-303.430046464 0.0
-302.430046464 0.0
-301.430046464 0.0
-300.430046464 0.0
-299.430046464 0.0
-298.430046464 0.0
-297.430046464 0.0
-296.430046464 0.0
-295.430046464 0.0
-294.430046464 0.0
-293.430046464 0.0
-292.430046464 0.0
-291.430046464 0.0
-290.430046464 0.0
-289.430046464 0.0
-288.430046464 0.0
-287.430046464 0.0
-286.430046464 0.0
-285.430046464 0.0
-284.430046464 0.0
-283.430046464 0.0
-282.430046464 0.0
-281.430046464 0.0
-280.430046464 0.0
-279.430046464 0.0
-278.430046464 0.0
-277.430046464 0.0
-276.430046464 0.0
-275.430046464 0.0
-274.430046464 0.0
-273.430046464 0.0
-272.430046464 0.0
-271.430046464 0.0
-270.430046464 0.0
-269.430046464 0.0
-268.430046464 0.0
-267.430046464 0.0
-266.430046464 0.0
-265.430046464 0.0
-264.430046464 0.0
-263.430046464 0.0
-262.430046464 0.0
-261.430046464 0.0
-260.430046464 0.0
-259.430046464 0.0
-258.430046464 0.0
-257.430046464 0.0
-256.430046464 0.0
-255.430046464 0.0
-254.430046464 0.0
-253.430046464 0.0
-252.430046464 0.0
-251.430046464 0.0
-250.430046464 0.0
-249.430046464 0.0
-248.430046464 0.0
-247.430046464 0.0
-246.430046464 0.0
-245.430046464 0.0
-244.430046464 0.0
-243.430046464 0.0
-242.430046464 0.0
-241.430046464 0.0
-240.430046464 0.0
-239.430046464 0.0
-238.430046464 0.0
-237.430046464 0.0
-236.430046464 0.0
-235.430046464 0.0
-234.430046464 0.0
-233.430046464 0.0
-232.430046464 0.0
-231.430046464 0.0
-230.430046464 0.0
-229.430046464 0.0
-228.430046464 0.0
-227.430046464 0.0
-226.430046464 0.0
-225.430046464 0.0
-224.430046464 0.0
-223.430046464 0.0
-222.430046464 0.0
-221.430046464 0.0
-220.430046464 0.0
-219.430046464 0.0
-218.430046464 0.0
-217.430046464 0.0
-216.430046464 0.0
-215.430046464 0.0
-214.430046464 0.0
-213.430046464 0.0
-212.430046464 0.0
-211.430046464 0.0
-210.430046464 0.0
-209.430046464 0.0
-208.430046464 0.0
-207.430046464 0.0
-206.430046464 0.0
-205.430046464 0.0
-204.430046464 0.0
-203.430046464 0.0
-202.430046464 0.0
-201.430046464 0.0
-200.430046464 0.0
-199.430046464 0.0
-198.430046464 0.0
-197.430046464 0.0
-196.430046464 0.0
-195.430046464 0.0
-194.430046464 0.0
-193.430046464 0.0
-192.430046464 0.0
-191.430046464 0.0
-190.430046464 0.0
-189.430046464 0.0
-188.430046464 0.0
-187.430046464 0.0
-186.430046464 0.0
-185.430046464 0.0
-184.430046464 0.0
-183.430046464 0.0
-182.430046464 0.0
-181.430046464 0.0
-180.430046464 0.0
-179.430046464 0.0
-178.430046464 0.0
-177.430046464 0.0
-176.430046464 0.0
-175.430046464 0.0
-174.430046464 0.0
-173.430046464 0.0
-172.430046464 0.0
-171.430046464 0.0
-170.430046464 0.0
-169.430046464 0.0
-168.430046464 0.0
-167.430046464 0.0
-166.430046464 0.0
-165.430046464 0.0
-164.430046464 0.0
-163.430046464 0.0
-162.430046464 0.0
-161.430046464 0.0
-160.430046464 0.0
-159.430046464 0.0
-158.430046464 0.0
-157.430046464 0.0
-156.430046464 0.0
-155.430046464 0.0
-154.430046464 0.0
-153.430046464 0.0
-152.430046464 0.0
-151.430046464 0.0
-150.430046464 0.0
-149.430046464 0.0
-148.430046464 0.0
-147.430046464 0.0
-146.430046464 0.0
-145.430046464 0.0
-144.430046464 0.0
-143.430046464 0.0
-142.430046464 0.0
-141.430046464 0.0
-140.430046464 0.0
-139.430046464 0.0
-138.430046464 0.0
-137.430046464 0.0
-136.430046464 0.0
-135.430046464 0.0
-134.430046464 0.0
-133.430046464 0.0
-132.430046464 0.0
-131.430046464 0.0
-130.430046464 0.0
-129.430046464 0.0
-128.430046464 0.0
-127.430046464 0.0
-126.430046464 0.0
-125.430046464 0.0
-124.430046464 0.0
-123.430046464 0.000000e+00
-122.913784202 0.000000e+00
-122.397521941 0.000000e+00
-121.88125968 0.000000e+00
-121.364997419 0.000000e+00
-120.848735157 0.000000e+00
-120.332472896 0.000000e+00
-119.816210635 0.000000e+00
-119.299948374 0.000000e+00
-118.783686113 0.000000e+00
-118.267423851 0.000000e+00
-117.75116159 0.000000e+00
-117.234899329 0.000000e+00
-116.718637068 0.000000e+00
-116.202374806 0.000000e+00
-115.686112545 0.000000e+00
-115.169850284 0.000000e+00
-114.653588023 0.000000e+00
-114.137325761 0.000000e+00
-113.6210635 0.000000e+00
-113.104801239 0.000000e+00
-112.588538978 0.000000e+00
-112.072276717 0.000000e+00
-111.556014455 0.000000e+00
-111.039752194 0.000000e+00
-110.523489933 0.000000e+00
-110.007227672 0.000000e+00
-109.49096541 0.000000e+00
-108.974703149 0.000000e+00
-108.458440888 0.000000e+00
-107.942178627 0.000000e+00
-107.425916366 0.000000e+00
-106.909654104 0.000000e+00
-106.393391843 0.000000e+00
-105.877129582 0.000000e+00
-105.360867321 0.000000e+00
-104.844605059 0.000000e+00
-104.328342798 0.000000e+00
-103.812080537 0.000000e+00
-103.295818276 0.000000e+00
-102.779556014 0.000000e+00
-102.263293753 0.000000e+00
-101.747031492 0.000000e+00
-101.230769231 0.000000e+00
-100.71450697 0.000000e+00
-100.198244708 0.000000e+00
-99.6819824471 0.000000e+00
-99.1657201859 0.000000e+00
-98.6494579246 0.000000e+00
-98.1331956634 0.000000e+00
-97.6169334022 0.000000e+00
-97.1006711409 0.000000e+00
-96.5844088797 0.000000e+00
-96.0681466185 0.000000e+00
-95.5518843573 0.000000e+00
-95.035622096 0.000000e+00
-94.5193598348 0.000000e+00
-94.0030975736 0.000000e+00
-93.4868353123 0.000000e+00
-92.9705730511 0.000000e+00
-92.4543107899 0.000000e+00
-91.9380485287 0.000000e+00
-91.4217862674 0.000000e+00
-90.9055240062 0.000000e+00
-90.389261745 0.000000e+00
-89.8729994837 0.000000e+00
-89.3567372225 0.000000e+00
-88.8404749613 0.000000e+00
-88.3242127001 0.000000e+00
-87.8079504388 0.000000e+00
-87.2916881776 0.000000e+00
-86.7754259164 0.000000e+00
-86.2591636551 0.000000e+00
-85.7429013939 0.000000e+00
-85.2266391327 0.000000e+00
-84.7103768715 0.000000e+00
-84.1941146102 0.000000e+00
-83.677852349 0.000000e+00
-83.1615900878 0.000000e+00
-82.6453278265 0.000000e+00
-82.1290655653 0.000000e+00
-81.6128033041 0.000000e+00
-81.0965410428 0.000000e+00
-80.5802787816 0.000000e+00
-80.0640165204 0.000000e+00
-79.5477542592 0.000000e+00
-79.0314919979 0.000000e+00
-78.5152297367 0.000000e+00
-77.9989674755 0.000000e+00
-77.4827052142 0.000000e+00
-76.966442953 0.000000e+00
-76.4501806918 0.000000e+00
-75.9339184306 0.000000e+00
-75.4176561693 0.000000e+00
-74.9013939081 0.000000e+00
-74.3851316469 0.000000e+00
-73.8688693856 0.000000e+00
-73.3526071244 0.000000e+00
-72.8363448632 0.000000e+00
-72.320082602 0.000000e+00
-71.8038203407 0.000000e+00
-71.2875580795 0.000000e+00
-70.7712958183 0.000000e+00
-70.255033557 0.000000e+00
-69.7387712958 0.000000e+00
-69.2225090346 0.000000e+00
-68.7062467734 0.000000e+00
-68.1899845121 0.000000e+00
-67.6737222509 0.000000e+00
-67.1574599897 0.000000e+00
-66.6411977284 0.000000e+00
-66.1249354672 0.000000e+00
-65.608673206 0.000000e+00
-65.0924109448 0.000000e+00
-64.5761486835 0.000000e+00
-64.0598864223 0.000000e+00
-63.5436241611 0.000000e+00
-63.0273618998 0.000000e+00
-62.5110996386 0.000000e+00
-61.9948373774 0.000000e+00
-61.4785751162 0.000000e+00
-60.9623128549 0.000000e+00
-60.4460505937 0.000000e+00
-59.9297883325 0.000000e+00
-59.4135260712 0.000000e+00
-58.89726381 0.000000e+00
-58.3810015488 0.000000e+00
-57.8647392876 0.000000e+00
-57.3484770263 0.000000e+00
-56.8322147651 0.000000e+00
-56.3159525039 0.000000e+00
-55.7996902426 0.000000e+00
-55.2834279814 0.000000e+00
-54.7671657202 0.000000e+00
-54.250903459 0.000000e+00
-53.7346411977 0.000000e+00
-53.2183789365 0.000000e+00
-52.7021166753 0.000000e+00
-52.185854414 0.000000e+00
-51.6695921528 0.000000e+00
-51.1533298916 0.000000e+00
-50.6370676304 0.000000e+00
-50.1208053691 0.000000e+00
-49.6045431079 0.000000e+00
-49.0882808467 0.000000e+00
-48.5720185854 0.000000e+00
-48.0557563242 0.000000e+00
-47.539494063 0.000000e+00
-47.0232318018 0.000000e+00
-46.5069695405 0.000000e+00
-45.9907072793 0.000000e+00
-45.4744450181 0.000000e+00
-44.9581827568 0.000000e+00
-44.4419204956 0.000000e+00
-43.9256582344 0.000000e+00
-43.4093959732 0.000000e+00
-42.8931337119 0.000000e+00
-42.3768714507 0.000000e+00
-41.8606091895 0.000000e+00
-41.3443469282 0.000000e+00
-40.828084667 0.000000e+00
-40.3118224058 0.000000e+00
-39.7955601446 0.000000e+00
-39.2792978833 0.000000e+00
-38.7630356221 0.000000e+00
-38.2467733609 0.000000e+00
-37.7305110996 0.000000e+00
-37.2142488384 0.000000e+00
-36.6979865772 0.000000e+00
-36.181724316 0.000000e+00
-35.6654620547 0.000000e+00
-35.1491997935 0.000000e+00
-34.6329375323 0.000000e+00
-34.116675271 0.000000e+00
-33.6004130098 0.000000e+00
-33.0841507486 0.000000e+00
-32.5678884874 0.000000e+00
-32.0516262261 0.000000e+00
-31.5353639649 0.000000e+00
-31.0191017037 0.000000e+00
-30.5028394424 0.000000e+00
-29.9865771812 0.000000e+00
-29.47031492 0.000000e+00
-28.9540526588 0.000000e+00
-28.4377903975 0.000000e+00
-27.9215281363 0.000000e+00
-27.4052658751 0.000000e+00
-26.8890036138 0.000000e+00
-26.3727413526 0.000000e+00
-25.8564790914 0.000000e+00
-25.3402168301 0.000000e+00
-24.8239545689 0.000000e+00
-24.3076923077 0.000000e+00
-23.7914300465 0.000000e+00
-23.2751677852 0.000000e+00
-22.758905524 0.000000e+00
-22.2426432628 0.000000e+00
-21.7263810015 0.000000e+00
-21.2101187403 0.000000e+00
-20.6938564791 0.000000e+00
-20.1775942179 0.000000e+00
-19.6613319566 0.000000e+00
-19.1450696954 0.000000e+00
-18.6288074342 0.000000e+00
-18.1125451729 0.000000e+00
-17.5962829117 0.000000e+00
-17.0800206505 0.000000e+00
-16.5637583893 0.000000e+00
-16.047496128 0.000000e+00
-15.5312338668 0.000000e+00
-15.0149716056 0.000000e+00
-14.4987093443 0.000000e+00
-13.9824470831 0.000000e+00
-13.4661848219 0.000000e+00
-12.9499225607 0.000000e+00
-12.4336602994 0.000000e+00
-11.9173980382 0.000000e+00
-11.401135777 0.000000e+00
-10.8848735157 0.000000e+00
-10.3686112545 0.000000e+00
-9.85234899329 0.000000e+00
-9.33608673206 0.000000e+00
-8.81982447083 0.000000e+00
-8.3035622096 0.000000e+00
-7.78729994837 0.000000e+00
-7.27103768715 0.000000e+00
-6.75477542592 0.000000e+00
-6.23851316469 0.000000e+00
-5.72225090346 0.000000e+00
-5.20598864223 0.000000e+00
-4.689726381 0.000000e+00
-4.17346411977 0.000000e+00
-3.65720185854 0.000000e+00
-3.14093959732 0.000000e+00
-2.62467733609 0.000000e+00
-2.10841507486 0.000000e+00
-1.59215281363 0.000000e+00
-1.0758905524 0.000000e+00
-0.559628291172 0.000000e+00
-0.0433660299432 7.532951e-01
0.472896231285 1.000000e+00
0.989158492514 4.674798e-01
1.50542075374 2.292849e-01
2.02168301497 1.595208e-01
2.5379452762 1.371777e-01
3.05420753743 9.648061e-02
3.57046979866 0.000000e+00
4.08673205989 0.000000e+00
4.60299432112 0.000000e+00
5.11925658234 0.000000e+00
5.63551884357 0.000000e+00
6.1517811048 0.000000e+00
6.66804336603 0.000000e+00
7.18430562726 0.000000e+00
7.70056788849 0.000000e+00
8.21683014972 0.000000e+00
8.73309241094 0.000000e+00
9.24935467217 0.000000e+00
9.7656169334 0.000000e+00
10.2818791946 0.000000e+00
10.7981414559 0.000000e+00
11.3144037171 0.000000e+00
11.8306659783 0.000000e+00
12.3469282395 0.000000e+00
12.8631905008 0.000000e+00
13.379452762 0.000000e+00
13.8957150232 0.000000e+00
14.4119772845 0.000000e+00
14.9282395457 0.000000e+00
15.4445018069 0.000000e+00
15.9607640681 0.000000e+00
16.4770263294 0.000000e+00
16.9932885906 0.000000e+00
17.5095508518 0.000000e+00
18.0258131131 0.000000e+00
18.5420753743 0.000000e+00
19.0583376355 0.000000e+00
19.5745998967 0.000000e+00
20.090862158 0.000000e+00
20.6071244192 0.000000e+00
21.1233866804 0.000000e+00
21.6396489417 0.000000e+00
22.1559112029 0.000000e+00
22.6721734641 0.000000e+00
23.1884357253 0.000000e+00
23.7046979866 0.000000e+00
24.2209602478 0.000000e+00
24.737222509 0.000000e+00
25.2534847703 0.000000e+00
25.7697470315 0.000000e+00
26.2860092927 0.000000e+00
26.8022715539 0.000000e+00
27.3185338152 0.000000e+00
27.8347960764 0.000000e+00
28.3510583376 0.000000e+00
28.8673205989 0.000000e+00
29.3835828601 0.000000e+00
29.8998451213 0.000000e+00
30.4161073826 0.000000e+00
30.9323696438 0.000000e+00
31.448631905 0.000000e+00
31.9648941662 0.000000e+00
32.4811564275 0.000000e+00
32.9974186887 0.000000e+00
33.5136809499 0.000000e+00
34.0299432112 0.000000e+00
34.5462054724 0.000000e+00
35.0624677336 0.000000e+00
35.5787299948 0.000000e+00
36.0949922561 0.000000e+00
36.6112545173 0.000000e+00
37.1275167785 0.000000e+00
37.6437790398 0.000000e+00
38.160041301 0.000000e+00
38.6763035622 0.000000e+00
39.1925658234 0.000000e+00
39.7088280847 0.000000e+00
40.2250903459 0.000000e+00
40.7413526071 0.000000e+00
41.2576148684 0.000000e+00
41.7738771296 0.000000e+00
42.2901393908 0.000000e+00
42.806401652 0.000000e+00
43.3226639133 0.000000e+00
43.8389261745 0.000000e+00
44.3551884357 0.000000e+00
44.871450697 0.000000e+00
45.3877129582 0.000000e+00
45.9039752194 0.000000e+00
46.4202374806 0.000000e+00
46.9364997419 0.000000e+00
47.4527620031 0.000000e+00
47.9690242643 0.000000e+00
48.4852865256 0.000000e+00
49.0015487868 0.000000e+00
49.517811048 0.000000e+00
50.0340733092 0.000000e+00
50.5503355705 0.000000e+00
51.0665978317 0.000000e+00
51.5828600929 0.000000e+00
52.0991223542 0.000000e+00
52.6153846154 0.000000e+00
53.1316468766 0.000000e+00
53.6479091378 0.000000e+00
54.1641713991 0.000000e+00
54.6804336603 0.000000e+00
55.1966959215 0.000000e+00
55.7129581828 0.000000e+00
56.229220444 0.000000e+00
56.7454827052 0.000000e+00
57.2617449664 0.000000e+00
57.7780072277 0.000000e+00
58.2942694889 0.000000e+00
58.8105317501 0.000000e+00
59.3267940114 0.000000e+00
59.8430562726 0.000000e+00
60.3593185338 0.000000e+00
60.875580795 0.000000e+00
61.3918430563 0.000000e+00
61.9081053175 0.000000e+00
62.4243675787 0.000000e+00
62.94062984 0.000000e+00
63.4568921012 0.000000e+00
63.9731543624 0.000000e+00
64.4894166236 0.000000e+00
65.0056788849 0.000000e+00
65.5219411461 0.000000e+00
66.0382034073 0.000000e+00
66.5544656686 0.000000e+00
67.0707279298 0.000000e+00
67.586990191 0.000000e+00
68.1032524522 0.000000e+00
68.6195147135 0.000000e+00
69.1357769747 0.000000e+00
69.6520392359 0.000000e+00
70.1683014972 0.000000e+00
70.6845637584 0.000000e+00
71.2008260196 0.000000e+00
71.7170882808 0.000000e+00
72.2333505421 0.000000e+00
72.7496128033 0.000000e+00
73.2658750645 0.000000e+00
73.7821373258 0.000000e+00
74.298399587 0.000000e+00
74.8146618482 0.000000e+00
75.3309241094 0.000000e+00
75.8471863707 0.000000e+00
76.3634486319 0.000000e+00
76.8797108931 0.000000e+00
77.3959731544 0.000000e+00
77.9122354156 0.000000e+00
78.4284976768 0.000000e+00
78.944759938 0.000000e+00
79.4610221993 0.000000e+00
79.9772844605 0.000000e+00
80.4935467217 0.000000e+00
81.009808983 0.000000e+00
81.5260712442 0.000000e+00
82.0423335054 0.000000e+00
82.5585957666 0.000000e+00
83.0748580279 0.000000e+00
83.5911202891 0.000000e+00
84.1073825503 0.000000e+00
84.6236448116 0.000000e+00
85.1399070728 0.000000e+00
85.656169334 0.000000e+00
86.1724315953 0.000000e+00
86.6886938565 0.000000e+00
87.2049561177 0.000000e+00
87.7212183789 0.000000e+00
88.2374806402 0.000000e+00
88.7537429014 0.000000e+00
89.2700051626 0.000000e+00
89.7862674239 0.000000e+00
90.3025296851 0.000000e+00
90.8187919463 0.000000e+00
91.3350542075 0.000000e+00
91.8513164688 0.000000e+00
92.36757873 0.000000e+00
92.8838409912 0.000000e+00
93.4001032525 0.000000e+00
93.9163655137 0.000000e+00
94.4326277749 0.000000e+00
94.9488900361 0.000000e+00
95.4651522974 0.000000e+00
95.9814145586 0.000000e+00
96.4976768198 0.000000e+00
97.0139390811 0.000000e+00
97.5302013423 0.000000e+00
98.0464636035 0.000000e+00
98.5627258647 0.000000e+00
99.078988126 0.000000e+00
99.5952503872 0.000000e+00
100.111512648 0.000000e+00
100.62777491 0.000000e+00
101.144037171 0.000000e+00
101.660299432 0.000000e+00
102.176561693 0.000000e+00
102.692823955 0.000000e+00
103.209086216 0.000000e+00
103.725348477 0.000000e+00
104.241610738 0.000000e+00
104.757872999 0.000000e+00
105.274135261 0.000000e+00
105.790397522 0.000000e+00
106.306659783 0.000000e+00
106.822922044 0.000000e+00
107.339184306 0.000000e+00
107.855446567 0.000000e+00
108.371708828 0.000000e+00
108.887971089 0.000000e+00
109.404233351 0.000000e+00
109.920495612 0.000000e+00
110.436757873 0.000000e+00
110.953020134 0.000000e+00
111.469282395 0.000000e+00
111.985544657 0.000000e+00
112.501806918 0.000000e+00
113.018069179 0.000000e+00
113.53433144 0.000000e+00
114.050593702 0.000000e+00
114.566855963 0.000000e+00
115.083118224 0.000000e+00
115.599380485 0.000000e+00
116.115642747 0.000000e+00
116.631905008 0.000000e+00
117.148167269 0.000000e+00
117.66442953 0.000000e+00
118.180691791 0.000000e+00
118.696954053 0.000000e+00
119.213216314 0.000000e+00
119.729478575 0.000000e+00
120.245740836 0.000000e+00
120.762003098 0.000000e+00
121.278265359 0.000000e+00
121.79452762 0.000000e+00
122.310789881 0.000000e+00
122.827052142 0.000000e+00
123.343314404 0.000000e+00
123.859576665 0.000000e+00
124.375838926 0.000000e+00
124.892101187 0.000000e+00
125.408363449 0.000000e+00
125.92462571 0.000000e+00
126.440887971 0.000000e+00
126.957150232 0.000000e+00
127.473412494 0.000000e+00
127.989674755 0.000000e+00
128.505937016 0.000000e+00
129.022199277 0.000000e+00
129.538461538 0.000000e+00
130.0547238 0.000000e+00
130.570986061 0.000000e+00
131.087248322 0.000000e+00
131.603510583 0.000000e+00
132.119772845 0.000000e+00
132.636035106 0.000000e+00
133.152297367 0.000000e+00
133.668559628 0.000000e+00
134.18482189 0.000000e+00
134.701084151 0.000000e+00
135.217346412 0.000000e+00
135.733608673 0.000000e+00
136.249870934 0.000000e+00
136.766133196 0.000000e+00
137.282395457 0.000000e+00
137.798657718 0.000000e+00
138.314919979 0.000000e+00
138.831182241 0.000000e+00
139.347444502 0.000000e+00
139.863706763 0.000000e+00
140.379969024 0.000000e+00
140.896231285 0.000000e+00
141.412493547 0.000000e+00
141.928755808 0.000000e+00
142.445018069 0.000000e+00
142.96128033 0.000000e+00
143.477542592 0.000000e+00
143.993804853 0.000000e+00
144.510067114 0.000000e+00
145.026329375 0.000000e+00
145.542591637 0.000000e+00
146.058853898 0.000000e+00
146.575116159 0.000000e+00
147.09137842 0.000000e+00
147.607640681 0.000000e+00
148.123902943 0.000000e+00
148.640165204 0.000000e+00
149.156427465 0.000000e+00
149.672689726 0.000000e+00
150.188951988 0.000000e+00
150.705214249 0.000000e+00
151.22147651 0.000000e+00
151.737738771 0.000000e+00
152.254001033 0.000000e+00
152.770263294 0.000000e+00
153.286525555 0.000000e+00
153.802787816 0.000000e+00
154.319050077 0.000000e+00
154.835312339 0.000000e+00
155.3515746 0.000000e+00
155.867836861 0.000000e+00
156.384099122 0.000000e+00
156.900361384 0.000000e+00
157.416623645 0.000000e+00
157.932885906 0.000000e+00
158.449148167 0.000000e+00
158.965410428 0.000000e+00
159.48167269 0.000000e+00
159.997934951 0.000000e+00
160.514197212 0.000000e+00
161.030459473 0.000000e+00
161.546721735 0.000000e+00
162.062983996 0.000000e+00
162.579246257 0.000000e+00
163.095508518 0.000000e+00
163.61177078 0.000000e+00
164.128033041 0.000000e+00
164.644295302 0.000000e+00
165.160557563 0.000000e+00
165.676819824 0.000000e+00
166.193082086 0.000000e+00
166.709344347 0.000000e+00
167.225606608 0.000000e+00
167.741868869 0.000000e+00
168.258131131 0.000000e+00
168.774393392 0.000000e+00
169.290655653 0.000000e+00
169.806917914 0.000000e+00
170.323180176 0.000000e+00
170.839442437 0.000000e+00
171.355704698 0.000000e+00
171.871966959 0.000000e+00
172.38822922 0.000000e+00
172.904491482 0.000000e+00
173.420753743 0.000000e+00
173.937016004 0.000000e+00
174.453278265 0.000000e+00
174.969540527 0.000000e+00
175.485802788 0.000000e+00
176.002065049 0.000000e+00
176.51832731 0.000000e+00
177.034589572 0.000000e+00
177.550851833 0.000000e+00
178.067114094 0.000000e+00
178.583376355 0.000000e+00
179.099638616 0.000000e+00
179.615900878 0.000000e+00
180.132163139 0.000000e+00
180.6484254 0.000000e+00
181.164687661 0.000000e+00
181.680949923 0.000000e+00
182.197212184 0.000000e+00
182.713474445 0.000000e+00
183.229736706 0.000000e+00
183.745998967 0.000000e+00
184.262261229 0.000000e+00
184.77852349 0.000000e+00
185.294785751 0.000000e+00
185.811048012 0.000000e+00
186.327310274 0.000000e+00
186.843572535 0.000000e+00
187.359834796 0.000000e+00
187.876097057 0.000000e+00
188.392359319 0.000000e+00
188.90862158 0.000000e+00
189.424883841 0.000000e+00
189.941146102 0.000000e+00
190.457408363 0.000000e+00
190.973670625 0.000000e+00
191.489932886 0.000000e+00
192.006195147 0.000000e+00
192.522457408 0.000000e+00
193.03871967 0.000000e+00
193.554981931 0.000000e+00
194.071244192 0.000000e+00
194.587506453 0.000000e+00
195.103768715 0.000000e+00
195.620030976 0.000000e+00
196.136293237 0.000000e+00
196.652555498 0.000000e+00
197.168817759 0.000000e+00
197.685080021 0.000000e+00
198.201342282 0.000000e+00
198.717604543 0.000000e+00
199.233866804 0.000000e+00
199.750129066 0.000000e+00
200.266391327 0.000000e+00
200.782653588 0.000000e+00
201.298915849 0.000000e+00
201.81517811 0.000000e+00
202.331440372 0.000000e+00
202.847702633 0.000000e+00
203.363964894 0.000000e+00
203.880227155 0.000000e+00
204.396489417 0.000000e+00
204.912751678 0.000000e+00
205.429013939 0.000000e+00
205.9452762 0.000000e+00
206.461538462 0.000000e+00
206.977800723 0.000000e+00
207.494062984 0.000000e+00
208.010325245 0.000000e+00
208.526587506 0.000000e+00
209.042849768 0.000000e+00
209.559112029 0.000000e+00
210.07537429 0.000000e+00
210.591636551 0.000000e+00
211.107898813 0.000000e+00
211.624161074 0.000000e+00
212.140423335 0.000000e+00
212.656685596 0.000000e+00
213.172947858 0.000000e+00
213.689210119 0.000000e+00
214.20547238 0.000000e+00
214.721734641 0.000000e+00
215.237996902 0.000000e+00
215.754259164 0.000000e+00
216.270521425 0.000000e+00
216.786783686 0.000000e+00
217.303045947 0.000000e+00
217.819308209 0.000000e+00
218.33557047 0.000000e+00
218.851832731 0.000000e+00
219.368094992 0.000000e+00
219.884357253 0.000000e+00
220.400619515 0.000000e+00
220.916881776 0.000000e+00
221.433144037 0.000000e+00
221.949406298 0.000000e+00
222.46566856 0.000000e+00
222.981930821 0.000000e+00
223.498193082 0.000000e+00
224.014455343 0.000000e+00
224.530717605 0.000000e+00
225.046979866 0.000000e+00
225.563242127 0.000000e+00
226.079504388 0.000000e+00
226.595766649 0.000000e+00
227.112028911 0.000000e+00
227.628291172 0.000000e+00
228.144553433 0.000000e+00
228.660815694 0.000000e+00
229.177077956 0.000000e+00
229.693340217 0.000000e+00
230.209602478 0.000000e+00
230.725864739 0.000000e+00
231.242127001 0.000000e+00
231.758389262 0.000000e+00
232.274651523 0.000000e+00
232.790913784 0.000000e+00
233.307176045 0.000000e+00
233.823438307 0.000000e+00
234.339700568 0.000000e+00
234.855962829 0.000000e+00
235.37222509 0.000000e+00
235.888487352 0.000000e+00
236.404749613 0.000000e+00
236.921011874 0.000000e+00
237.437274135 0.000000e+00
237.953536396 0.000000e+00
238.469798658 0.000000e+00
238.986060919 0.000000e+00
239.50232318 0.000000e+00
240.018585441 0.000000e+00
240.534847703 0.000000e+00
241.051109964 0.000000e+00
241.567372225 0.000000e+00
242.083634486 0.000000e+00
242.599896748 0.000000e+00
243.116159009 0.000000e+00
243.63242127 0.000000e+00
244.148683531 0.000000e+00
244.664945792 0.000000e+00
245.181208054 0.000000e+00
245.697470315 0.000000e+00
246.213732576 0.000000e+00
246.729994837 0.000000e+00
247.246257099 0.000000e+00
247.76251936 0.000000e+00
248.278781621 0.000000e+00
248.795043882 0.000000e+00
249.311306144 0.000000e+00
249.827568405 0.000000e+00
250.343830666 0.000000e+00
250.860092927 0.000000e+00
251.376355188 0.000000e+00
251.89261745 0.000000e+00
252.408879711 0.000000e+00
252.925141972 0.000000e+00
253.441404233 0.000000e+00
253.957666495 0.000000e+00
254.473928756 0.000000e+00
254.990191017 0.000000e+00
255.506453278 0.000000e+00
256.022715539 0.000000e+00
256.538977801 0.000000e+00
257.055240062 0.000000e+00
257.571502323 0.000000e+00
258.087764584 0.000000e+00
258.604026846 0.000000e+00
259.120289107 0.000000e+00
259.636551368 0.000000e+00
260.152813629 0.000000e+00
260.669075891 0.000000e+00
261.185338152 0.000000e+00
261.701600413 0.000000e+00
262.217862674 0.000000e+00
262.734124935 0.000000e+00
263.250387197 0.000000e+00
263.766649458 0.000000e+00
264.282911719 0.000000e+00
264.79917398 0.000000e+00
265.315436242 0.000000e+00
265.831698503 0.000000e+00
266.347960764 0.000000e+00
266.864223025 0.000000e+00
267.380485287 0.000000e+00
267.896747548 0.000000e+00
268.413009809 0.000000e+00
268.92927207 0.000000e+00
269.445534331 0.000000e+00
269.961796593 0.000000e+00
270.478058854 0.000000e+00
270.994321115 0.000000e+00
271.510583376 0.000000e+00
272.026845638 0.000000e+00
272.543107899 0.000000e+00
273.05937016 0.000000e+00
273.575632421 0.000000e+00
274.091894682 0.000000e+00
274.608156944 0.000000e+00
275.124419205 0.000000e+00
275.640681466 0.000000e+00
276.156943727 0.000000e+00
276.673205989 0.000000e+00
277.18946825 0.000000e+00
277.705730511 0.000000e+00
278.221992772 0.000000e+00
278.738255034 0.000000e+00
279.254517295 0.000000e+00
279.770779556 0.000000e+00
280.287041817 0.000000e+00
280.803304078 0.000000e+00
281.31956634 0.000000e+00
281.835828601 0.000000e+00
282.352090862 0.000000e+00
282.868353123 0.000000e+00
283.384615385 0.000000e+00
283.900877646 0.000000e+00
284.417139907 0.000000e+00
284.933402168 0.000000e+00
285.44966443 0.000000e+00
285.965926691 0.000000e+00
286.482188952 0.000000e+00
286.998451213 0.000000e+00
287.514713474 0.000000e+00
288.030975736 0.000000e+00
288.547237997 0.000000e+00
289.063500258 0.000000e+00
289.579762519 0.000000e+00
290.096024781 0.000000e+00
290.612287042 0.000000e+00
291.128549303 0.000000e+00
291.644811564 0.000000e+00
292.161073826 0.000000e+00
292.677336087 0.000000e+00
293.193598348 0.000000e+00
293.709860609 0.000000e+00
294.22612287 0.000000e+00
294.742385132 0.000000e+00
295.258647393 0.000000e+00
295.774909654 0.000000e+00
296.291171915 0.000000e+00
296.807434177 0.000000e+00
297.323696438 0.000000e+00
297.839958699 0.000000e+00
298.35622096 0.000000e+00
298.872483221 0.000000e+00
299.388745483 0.000000e+00
299.905007744 0.000000e+00
300.421270005 0.000000e+00
300.937532266 0.000000e+00
301.453794528 0.000000e+00
301.970056789 0.000000e+00
302.48631905 0.000000e+00
303.002581311 0.000000e+00
303.518843573 0.000000e+00
304.035105834 0.000000e+00
304.551368095 0.000000e+00
305.067630356 0.000000e+00
305.583892617 0.000000e+00
306.100154879 0.000000e+00
306.61641714 0.000000e+00
307.132679401 0.000000e+00
307.648941662 0.000000e+00
308.165203924 0.000000e+00
308.681466185 0.000000e+00
309.197728446 0.000000e+00
309.713990707 0.000000e+00
310.230252969 0.000000e+00
310.74651523 0.000000e+00
311.262777491 0.000000e+00
311.779039752 0.000000e+00
312.295302013 0.000000e+00
312.811564275 0.000000e+00
313.327826536 0.000000e+00
313.844088797 0.000000e+00
314.360351058 0.000000e+00
314.87661332 0.000000e+00
315.392875581 0.000000e+00
315.909137842 0.000000e+00
316.425400103 0.000000e+00
316.941662364 0.000000e+00
317.457924626 0.000000e+00
317.974186887 0.000000e+00
318.490449148 0.000000e+00
319.006711409 0.000000e+00
319.522973671 0.000000e+00
320.039235932 0.000000e+00
320.555498193 0.000000e+00
321.071760454 0.000000e+00
321.588022716 0.000000e+00
322.104284977 0.000000e+00
322.620547238 0.000000e+00
323.136809499 0.000000e+00
323.65307176 0.000000e+00
324.169334022 0.000000e+00
324.685596283 0.000000e+00
325.201858544 0.000000e+00
325.718120805 0.000000e+00
326.234383067 0.000000e+00
326.750645328 0.000000e+00
327.266907589 0.000000e+00
327.78316985 0.000000e+00
328.299432112 0.000000e+00
328.815694373 0.000000e+00
329.331956634 0.000000e+00
329.848218895 0.000000e+00
330.364481156 0.000000e+00
330.880743418 0.000000e+00
331.397005679 0.000000e+00
331.91326794 0.000000e+00
332.429530201 0.000000e+00
332.945792463 0.000000e+00
333.462054724 0.000000e+00
333.978316985 0.000000e+00
334.494579246 0.000000e+00
335.010841507 0.000000e+00
335.527103769 0.000000e+00
336.04336603 0.000000e+00
336.559628291 0.000000e+00
337.075890552 0.000000e+00
337.592152814 0.000000e+00
338.108415075 0.000000e+00
338.624677336 0.000000e+00
339.140939597 0.000000e+00
339.657201859 0.000000e+00
340.17346412 0.000000e+00
340.689726381 0.000000e+00
341.205988642 0.000000e+00
341.722250903 0.000000e+00
342.238513165 0.000000e+00
342.754775426 0.000000e+00
343.271037687 0.000000e+00
343.787299948 0.000000e+00
344.30356221 0.000000e+00
344.819824471 0.000000e+00
345.336086732 0.000000e+00
345.852348993 0.000000e+00
346.368611255 0.000000e+00
346.884873516 0.000000e+00
347.401135777 0.000000e+00
347.917398038 0.000000e+00
348.433660299 0.000000e+00
348.949922561 0.000000e+00
349.466184822 0.000000e+00
349.982447083 0.000000e+00
350.498709344 0.000000e+00
351.014971606 0.000000e+00
351.531233867 0.000000e+00
352.047496128 0.000000e+00
352.563758389 0.000000e+00
353.08002065 0.000000e+00
353.596282912 0.000000e+00
354.112545173 0.000000e+00
354.628807434 0.000000e+00
355.145069695 0.000000e+00
355.661331957 0.000000e+00
356.177594218 0.000000e+00
356.693856479 0.000000e+00
357.21011874 0.000000e+00
357.726381002 0.000000e+00
358.242643263 0.000000e+00
358.758905524 0.000000e+00
359.275167785 0.000000e+00
359.791430046 0.000000e+00
360.307692308 0.000000e+00
360.823954569 0.000000e+00
361.34021683 0.000000e+00
361.856479091 0.000000e+00
362.372741353 0.000000e+00
362.889003614 0.000000e+00
363.405265875 0.000000e+00
363.921528136 0.000000e+00
364.437790398 0.000000e+00
364.954052659 0.000000e+00
365.47031492 0.000000e+00
365.986577181 0.000000e+00
366.502839442 0.000000e+00
367.019101704 0.000000e+00
367.535363965 0.000000e+00
368.051626226 0.000000e+00
368.567888487 0.000000e+00
369.084150749 0.000000e+00
369.60041301 0.000000e+00
370.116675271 0.000000e+00
370.632937532 0.000000e+00
371.149199793 0.000000e+00
371.665462055 0.000000e+00
372.181724316 0.000000e+00
372.697986577 0.000000e+00
373.214248838 0.000000e+00
373.7305111 0.000000e+00
374.246773361 0.000000e+00
374.763035622 0.000000e+00
375.279297883 0.000000e+00
375.795560145 0.000000e+00
376.311822406 0.000000e+00
376.828084667 0.000000e+00
377.344346928 0.000000e+00
377.860609189 0.000000e+00
378.376871451 0.000000e+00
378.893133712 0.000000e+00
379.409395973 0.000000e+00
379.925658234 0.000000e+00
380.441920496 0.000000e+00
380.958182757 0.000000e+00
381.474445018 0.000000e+00
381.990707279 0.000000e+00
382.506969541 0.000000e+00
383.023231802 0.000000e+00
383.539494063 0.000000e+00
384.055756324 0.000000e+00
384.572018585 0.000000e+00
385.088280847 0.000000e+00
385.604543108 0.000000e+00
386.120805369 0.000000e+00
386.63706763 0.000000e+00
387.153329892 0.000000e+00
387.669592153 0.000000e+00
388.185854414 0.000000e+00
388.702116675 0.000000e+00
389.218378936 0.000000e+00
389.734641198 0.000000e+00
390.250903459 0.000000e+00
390.76716572 0.000000e+00
391.283427981 0.000000e+00
391.799690243 0.000000e+00
392.315952504 0.000000e+00
392.832214765 0.000000e+00
393.348477026 0.000000e+00
393.864739288 0.000000e+00
394.381001549 0.000000e+00
394.89726381 0.000000e+00
395.413526071 0.000000e+00
395.929788332 0.000000e+00
396.446050594 0.000000e+00
396.962312855 0.000000e+00
397.478575116 0.000000e+00
397.994837377 0.000000e+00
398.511099639 0.000000e+00
399.0273619 0.000000e+00
399.543624161 0.000000e+00
400.059886422 0.000000e+00
400.576148684 0.000000e+00
401.092410945 0.000000e+00
401.608673206 0.000000e+00
402.124935467 0.000000e+00
402.641197728 0.000000e+00
403.15745999 0.000000e+00
403.673722251 0.000000e+00
404.189984512 0.000000e+00
404.706246773 0.000000e+00
405.222509035 0.000000e+00
405.738771296 0.000000e+00
406.255033557 0.000000e+00
406.771295818 0.000000e+00
407.28755808 0.000000e+00
407.803820341 0.000000e+00
408.320082602 0.000000e+00
408.836344863 0.000000e+00
409.352607124 0.000000e+00
409.868869386 0.000000e+00
410.385131647 0.000000e+00
410.901393908 0.000000e+00
411.417656169 0.000000e+00
411.933918431 0.000000e+00
412.450180692 0.000000e+00
412.966442953 0.000000e+00
413.482705214 0.000000e+00
413.998967475 0.000000e+00
414.515229737 0.000000e+00
415.031491998 0.000000e+00
415.547754259 0.000000e+00
416.06401652 0.000000e+00
416.580278782 0.000000e+00
417.096541043 0.000000e+00
417.612803304 0.000000e+00
418.129065565 0.000000e+00
418.645327827 0.000000e+00
419.161590088 0.000000e+00
419.677852349 0.000000e+00
420.19411461 0.000000e+00
420.710376871 0.000000e+00
421.226639133 0.000000e+00
421.742901394 0.000000e+00
422.259163655 0.000000e+00
422.775425916 0.000000e+00
423.291688178 0.000000e+00
423.807950439 0.000000e+00
424.3242127 0.000000e+00
424.840474961 0.000000e+00
425.356737223 0.000000e+00
425.872999484 0.000000e+00
426.389261745 0.000000e+00
426.905524006 0.000000e+00
427.421786267 0.000000e+00
427.938048529 0.000000e+00
428.45431079 0.000000e+00
428.970573051 0.000000e+00
429.486835312 0.000000e+00
430.003097574 0.000000e+00
430.519359835 0.000000e+00
431.035622096 0.000000e+00
431.551884357 0.000000e+00
432.068146618 0.000000e+00
432.58440888 0.000000e+00
433.100671141 0.000000e+00
433.616933402 0.000000e+00
434.133195663 0.000000e+00
434.649457925 0.000000e+00
435.165720186 0.000000e+00
435.681982447 0.000000e+00
436.198244708 0.000000e+00
436.71450697 0.000000e+00
437.230769231 0.000000e+00
437.747031492 0.000000e+00
438.263293753 0.000000e+00
438.779556014 0.000000e+00
439.295818276 0.000000e+00
439.812080537 0.000000e+00
440.328342798 0.000000e+00
440.844605059 0.000000e+00
441.360867321 0.000000e+00
441.877129582 0.000000e+00
442.393391843 0.000000e+00
442.909654104 0.000000e+00
443.425916366 0.000000e+00
443.942178627 0.000000e+00
444.458440888 0.000000e+00
444.974703149 0.000000e+00
445.49096541 0.000000e+00
446.007227672 0.000000e+00
446.523489933 0.000000e+00
447.039752194 0.000000e+00
447.556014455 0.000000e+00
448.072276717 0.000000e+00
448.588538978 0.000000e+00
449.104801239 0.000000e+00
449.6210635 0.000000e+00
450.137325761 0.000000e+00
450.653588023 0.000000e+00
451.169850284 0.000000e+00
451.686112545 0.000000e+00
452.202374806 0.000000e+00
452.718637068 0.000000e+00
453.234899329 0.000000e+00
453.75116159 0.000000e+00
454.267423851 0.000000e+00
454.783686113 0.000000e+00
455.299948374 0.000000e+00
455.816210635 0.000000e+00
456.332472896 0.000000e+00
456.848735157 0.000000e+00
457.364997419 0.000000e+00
457.88125968 0.000000e+00
458.397521941 0.000000e+00
458.913784202 0.000000e+00
459.430046464 0.000000e+00
459.946308725 0.000000e+00
460.462570986 0.000000e+00
460.978833247 0.000000e+00
461.495095509 0.000000e+00
462.01135777 0.000000e+00
462.527620031 0.000000e+00
463.043882292 0.000000e+00
463.560144553 0.000000e+00
464.076406815 0.000000e+00
464.592669076 0.000000e+00
465.108931337 0.000000e+00
465.625193598 0.000000e+00
466.14145586 0.000000e+00
466.657718121 0.000000e+00
467.173980382 0.000000e+00
467.690242643 0.000000e+00
468.206504904 0.000000e+00
468.722767166 0.000000e+00
469.239029427 0.000000e+00
469.755291688 0.000000e+00
470.271553949 0.000000e+00
470.787816211 0.000000e+00
471.304078472 0.000000e+00
471.820340733 0.000000e+00
472.336602994 0.000000e+00
472.852865256 0.000000e+00
473.369127517 0.000000e+00
473.885389778 0.000000e+00
474.401652039 0.000000e+00
474.9179143 0.000000e+00
475.434176562 0.000000e+00
475.950438823 0.000000e+00
476.466701084 0.000000e+00
476.982963345 0.000000e+00
477.499225607 0.000000e+00
478.015487868 0.000000e+00
478.531750129 0.000000e+00
479.04801239 0.000000e+00
479.564274652 0.000000e+00
480.080536913 0.000000e+00
480.596799174 0.000000e+00
481.113061435 0.000000e+00
481.629323696 0.000000e+00
482.145585958 0.000000e+00
482.661848219 0.000000e+00
483.17811048 0.000000e+00
483.694372741 0.000000e+00
484.210635003 0.000000e+00
484.726897264 0.000000e+00
485.243159525 0.000000e+00
485.759421786 0.000000e+00
486.275684047 0.000000e+00
486.791946309 0.000000e+00
487.30820857 0.000000e+00
487.824470831 0.000000e+00
488.340733092 0.000000e+00
488.856995354 0.000000e+00
489.373257615 0.000000e+00
489.889519876 0.000000e+00
490.405782137 0.000000e+00
490.922044399 0.000000e+00
491.43830666 0.000000e+00
491.954568921 0.000000e+00
492.470831182 0.000000e+00
492.987093443 0.000000e+00
493.503355705 0.000000e+00
494.019617966 0.000000e+00
494.535880227 0.000000e+00
495.052142488 0.000000e+00
495.56840475 0.000000e+00
496.084667011 0.000000e+00
496.600929272 0.000000e+00
497.600929272 0.0
498.600929272 0.0
499.600929272 0.0
500.600929272 0.0
501.600929272 0.0
502.600929272 0.0
503.600929272 0.0
504.600929272 0.0
505.600929272 0.0
506.600929272 0.0
507.600929272 0.0
508.600929272 0.0
509.600929272 0.0
510.600929272 0.0
511.600929272 0.0
512.600929272 0.0
513.600929272 0.0
514.600929272 0.0
515.600929272 0.0
516.600929272 0.0
517.600929272 0.0
518.600929272 0.0
519.600929272 0.0
520.600929272 0.0
521.600929272 0.0
522.600929272 0.0
523.600929272 0.0
524.600929272 0.0
525.600929272 0.0
526.600929272 0.0
527.600929272 0.0
528.600929272 0.0
529.600929272 0.0
530.600929272 0.0
531.600929272 0.0
532.600929272 0.0
533.600929272 0.0
534.600929272 0.0
535.600929272 0.0
536.600929272 0.0
537.600929272 0.0
538.600929272 0.0
539.600929272 0.0
540.600929272 0.0
541.600929272 0.0
542.600929272 0.0
543.600929272 0.0
544.600929272 0.0
545.600929272 0.0
546.600929272 0.0
547.600929272 0.0
548.600929272 0.0
549.600929272 0.0
550.600929272 0.0
551.600929272 0.0
552.600929272 0.0
553.600929272 0.0
554.600929272 0.0
555.600929272 0.0
556.600929272 0.0
557.600929272 0.0
558.600929272 0.0
559.600929272 0.0
560.600929272 0.0
561.600929272 0.0
562.600929272 0.0
563.600929272 0.0
564.600929272 0.0
565.600929272 0.0
566.600929272 0.0
567.600929272 0.0
568.600929272 0.0
569.600929272 0.0
570.600929272 0.0
571.600929272 0.0
572.600929272 0.0
573.600929272 0.0
574.600929272 0.0
575.600929272 0.0
576.600929272 0.0
577.600929272 0.0
578.600929272 0.0
579.600929272 0.0
580.600929272 0.0
581.600929272 0.0
582.600929272 0.0
583.600929272 0.0
584.600929272 0.0
585.600929272 0.0
586.600929272 0.0
587.600929272 0.0
588.600929272 0.0
589.600929272 0.0
590.600929272 0.0
591.600929272 0.0
592.600929272 0.0
593.600929272 0.0
594.600929272 0.0
595.600929272 0.0
596.600929272 0.0
597.600929272 0.0
598.600929272 0.0
599.600929272 0.0
600.600929272 0.0
601.600929272 0.0
602.600929272 0.0
603.600929272 0.0
604.600929272 0.0
605.600929272 0.0
606.600929272 0.0
607.600929272 0.0
608.600929272 0.0
609.600929272 0.0
610.600929272 0.0
611.600929272 0.0
612.600929272 0.0
613.600929272 0.0
614.600929272 0.0
615.600929272 0.0
616.600929272 0.0
617.600929272 0.0
618.600929272 0.0
619.600929272 0.0
620.600929272 0.0
621.600929272 0.0
622.600929272 0.0
623.600929272 0.0
624.600929272 0.0
625.600929272 0.0
626.600929272 0.0
627.600929272 0.0
628.600929272 0.0
629.600929272 0.0
630.600929272 0.0
631.600929272 0.0
632.600929272 0.0
633.600929272 0.0
634.600929272 0.0
635.600929272 0.0
636.600929272 0.0
637.600929272 0.0
638.600929272 0.0
639.600929272 0.0
640.600929272 0.0
641.600929272 0.0
642.600929272 0.0
643.600929272 0.0
644.600929272 0.0
645.600929272 0.0
646.600929272 0.0
647.600929272 0.0
648.600929272 0.0
649.600929272 0.0
650.600929272 0.0
651.600929272 0.0
652.600929272 0.0
653.600929272 0.0
654.600929272 0.0
655.600929272 0.0
656.600929272 0.0
657.600929272 0.0
658.600929272 0.0
659.600929272 0.0
660.600929272 0.0
661.600929272 0.0
662.600929272 0.0
663.600929272 0.0
664.600929272 0.0
665.600929272 0.0
666.600929272 0.0
667.600929272 0.0
668.600929272 0.0
669.600929272 0.0
670.600929272 0.0
671.600929272 0.0
672.600929272 0.0
673.600929272 0.0
674.600929272 0.0
675.600929272 0.0
676.600929272 0.0
677.600929272 0.0
678.600929272 0.0
679.600929272 0.0
680.600929272 0.0
681.600929272 0.0
682.600929272 0.0
683.600929272 0.0
684.600929272 0.0
685.600929272 0.0
686.600929272 0.0
687.600929272 0.0
688.600929272 0.0
689.600929272 0.0
690.600929272 0.0
691.600929272 0.0
692.600929272 0.0
693.600929272 0.0
694.600929272 0.0
695.600929272 0.0
696.600929272 0.0
697.600929272 0.0
698.600929272 0.0
699.600929272 0.0
700.600929272 0.0
701.600929272 0.0
702.600929272 0.0
703.600929272 0.0
704.600929272 0.0
705.600929272 0.0
706.600929272 0.0
707.600929272 0.0
708.600929272 0.0
709.600929272 0.0
710.600929272 0.0
711.600929272 0.0
712.600929272 0.0
713.600929272 0.0
714.600929272 0.0
715.600929272 0.0
716.600929272 0.0
717.600929272 0.0
718.600929272 0.0
719.600929272 0.0
720.600929272 0.0
721.600929272 0.0
722.600929272 0.0
723.600929272 0.0
724.600929272 0.0
725.600929272 0.0
726.600929272 0.0
727.600929272 0.0
728.600929272 0.0
729.600929272 0.0
730.600929272 0.0
731.600929272 0.0
732.600929272 0.0
733.600929272 0.0
734.600929272 0.0
735.600929272 0.0
736.600929272 0.0
737.600929272 0.0
738.600929272 0.0
739.600929272 0.0
740.600929272 0.0
741.600929272 0.0
742.600929272 0.0
743.600929272 0.0
744.600929272 0.0
745.600929272 0.0
746.600929272 0.0
747.600929272 0.0
748.600929272 0.0
749.600929272 0.0
750.600929272 0.0
751.600929272 0.0
752.600929272 0.0
753.600929272 0.0
754.600929272 0.0
755.600929272 0.0
756.600929272 0.0
757.600929272 0.0
758.600929272 0.0
759.600929272 0.0
760.600929272 0.0
761.600929272 0.0
762.600929272 0.0
763.600929272 0.0
764.600929272 0.0
765.600929272 0.0
766.600929272 0.0
767.600929272 0.0
768.600929272 0.0
769.600929272 0.0
770.600929272 0.0
771.600929272 0.0
772.600929272 0.0
773.600929272 0.0
774.600929272 0.0
775.600929272 0.0
776.600929272 0.0
777.600929272 0.0
778.600929272 0.0
779.600929272 0.0
780.600929272 0.0
781.600929272 0.0
782.600929272 0.0
783.600929272 0.0
784.600929272 0.0
785.600929272 0.0
786.600929272 0.0
787.600929272 0.0
788.600929272 0.0
789.600929272 0.0
790.600929272 0.0
791.600929272 0.0
792.600929272 0.0
793.600929272 0.0
794.600929272 0.0
795.600929272 0.0
796.600929272 0.0
797.600929272 0.0
798.600929272 0.0
799.600929272 0.0
800.600929272 0.0
801.600929272 0.0
802.600929272 0.0
803.600929272 0.0
804.600929272 0.0
805.600929272 0.0
806.600929272 0.0
807.600929272 0.0
808.600929272 0.0
809.600929272 0.0
810.600929272 0.0
811.600929272 0.0
812.600929272 0.0
813.600929272 0.0
814.600929272 0.0
815.600929272 0.0
816.600929272 0.0
817.600929272 0.0
818.600929272 0.0
819.600929272 0.0
820.600929272 0.0
821.600929272 0.0
822.600929272 0.0
823.600929272 0.0
824.600929272 0.0
825.600929272 0.0
826.600929272 0.0
827.600929272 0.0
828.600929272 0.0
829.600929272 0.0
830.600929272 0.0
831.600929272 0.0
832.600929272 0.0
833.600929272 0.0
834.600929272 0.0
835.600929272 0.0
836.600929272 0.0
837.600929272 0.0
838.600929272 0.0
839.600929272 0.0
840.600929272 0.0
841.600929272 0.0
842.600929272 0.0
843.600929272 0.0
844.600929272 0.0
845.600929272 0.0
846.600929272 0.0
847.600929272 0.0
848.600929272 0.0
849.600929272 0.0
850.600929272 0.0
851.600929272 0.0
852.600929272 0.0
853.600929272 0.0
854.600929272 0.0
855.600929272 0.0
856.600929272 0.0
857.600929272 0.0
858.600929272 0.0
859.600929272 0.0
860.600929272 0.0
861.600929272 0.0
862.600929272 0.0
863.600929272 0.0
864.600929272 0.0
865.600929272 0.0
866.600929272 0.0
867.600929272 0.0
868.600929272 0.0
869.600929272 0.0
870.600929272 0.0
871.600929272 0.0
872.600929272 0.0
873.600929272 0.0
874.600929272 0.0
875.600929272 0.0
876.600929272 0.0
877.600929272 0.0
878.600929272 0.0
879.600929272 0.0
880.600929272 0.0
881.600929272 0.0
882.600929272 0.0
883.600929272 0.0
884.600929272 0.0
885.600929272 0.0
886.600929272 0.0
887.600929272 0.0
888.600929272 0.0
889.600929272 0.0
890.600929272 0.0
891.600929272 0.0
892.600929272 0.0
893.600929272 0.0
894.600929272 0.0
895.600929272 0.0
896.600929272 0.0
897.600929272 0.0
898.600929272 0.0
899.600929272 0.0
900.600929272 0.0
901.600929272 0.0
902.600929272 0.0
903.600929272 0.0
904.600929272 0.0
905.600929272 0.0
906.600929272 0.0
907.600929272 0.0
908.600929272 0.0
909.600929272 0.0
910.600929272 0.0
911.600929272 0.0
912.600929272 0.0
913.600929272 0.0
914.600929272 0.0
915.600929272 0.0
916.600929272 0.0
917.600929272 0.0
918.600929272 0.0
919.600929272 0.0
920.600929272 0.0
921.600929272 0.0
922.600929272 0.0
923.600929272 0.0
924.600929272 0.0
925.600929272 0.0
926.600929272 0.0
927.600929272 0.0
928.600929272 0.0
929.600929272 0.0
930.600929272 0.0
931.600929272 0.0
932.600929272 0.0
933.600929272 0.0
934.600929272 0.0
935.600929272 0.0
936.600929272 0.0
937.600929272 0.0
938.600929272 0.0
939.600929272 0.0
940.600929272 0.0
941.600929272 0.0
942.600929272 0.0
943.600929272 0.0
944.600929272 0.0
945.600929272 0.0
946.600929272 0.0
947.600929272 0.0
948.600929272 0.0
949.600929272 0.0
950.600929272 0.0
951.600929272 0.0
952.600929272 0.0
953.600929272 0.0
954.600929272 0.0
955.600929272 0.0
956.600929272 0.0
957.600929272 0.0
958.600929272 0.0
959.600929272 0.0
960.600929272 0.0
961.600929272 0.0
962.600929272 0.0
963.600929272 0.0
964.600929272 0.0
965.600929272 0.0
966.600929272 0.0
967.600929272 0.0
968.600929272 0.0
969.600929272 0.0
970.600929272 0.0
971.600929272 0.0
972.600929272 0.0
973.600929272 0.0
974.600929272 0.0
975.600929272 0.0
976.600929272 0.0
977.600929272 0.0
978.600929272 0.0
979.600929272 0.0
980.600929272 0.0
981.600929272 0.0
982.600929272 0.0
983.600929272 0.0
984.600929272 0.0
985.600929272 0.0
986.600929272 0.0
987.600929272 0.0
988.600929272 0.0
989.600929272 0.0
990.600929272 0.0
991.600929272 0.0
992.600929272 0.0
993.600929272 0.0
994.600929272 0.0
995.600929272 0.0
996.600929272 0.0
