-605.562726549 0.0
-604.562726549 0.0
-603.562726549 0.0
-602.562726549 0.0
-601.562726549 0.0
-600.562726549 0.0
-599.562726549 0.0
-598.562726549 0.0
-597.562726549 0.0
-596.562726549 0.0
-595.562726549 0.0
-594.562726549 0.0
-593.562726549 0.0
-592.562726549 0.0
-591.562726549 0.0
-590.562726549 0.0
-589.562726549 0.0
-588.562726549 0.0
-587.562726549 0.0
-586.562726549 0.0
-585.562726549 0.0
-584.562726549 0.0
-583.562726549 0.0
-582.562726549 0.0
-581.562726549 0.0
-580.562726549 0.0
-579.562726549 0.0
-578.562726549 0.0
-577.562726549 0.0
-576.562726549 0.0
-575.562726549 0.0
-574.562726549 0.0
-573.562726549 0.0
-572.562726549 0.0
-571.562726549 0.0
-570.562726549 0.0
-569.562726549 0.0
-568.562726549 0.0
-567.562726549 0.0
-566.562726549 0.0
-565.562726549 0.0
-564.562726549 0.0
-563.562726549 0.0
-562.562726549 0.0
-561.562726549 0.0
-560.562726549 0.0
-559.562726549 0.0
-558.562726549 0.0
-557.562726549 0.0
-556.562726549 0.0
-555.562726549 0.0
-554.562726549 0.0
-553.562726549 0.0
-552.562726549 0.0
-551.562726549 0.0
-550.562726549 0.0
-549.562726549 0.0
-548.562726549 0.0
-547.562726549 0.0
-546.562726549 0.0
-545.562726549 0.0
-544.562726549 0.0
-543.562726549 0.0
-542.562726549 0.0
-541.562726549 0.0
-540.562726549 0.0
-539.562726549 0.0
-538.562726549 0.0
-537.562726549 0.0
-536.562726549 0.0
-535.562726549 0.0
-534.562726549 0.0
-533.562726549 0.0
-532.562726549 0.0
-531.562726549 0.0
-530.562726549 0.0
-529.562726549 0.0
-528.562726549 0.0
-527.562726549 0.0
-526.562726549 0.0
-525.562726549 0.0
-524.562726549 0.0
-523.562726549 0.0
-522.562726549 0.0
-521.562726549 0.0
-520.562726549 0.0
-519.562726549 0.0
-518.562726549 0.0
-517.562726549 0.0
-516.562726549 0.0
-515.562726549 0.0
-514.562726549 0.0
-513.562726549 0.0
-512.562726549 0.0
-511.562726549 0.0
-510.562726549 0.0
-509.562726549 0.0
-508.562726549 0.0
-507.562726549 0.0
-506.562726549 0.0
-505.562726549 0.0
-504.562726549 0.0
-503.562726549 0.0
-502.562726549 0.0
-501.562726549 0.0
-500.562726549 0.0
-499.562726549 0.0
-498.562726549 0.0
-497.562726549 0.0
-496.562726549 0.0
-495.562726549 0.0
-494.562726549 0.0
-493.562726549 0.0
-492.562726549 0.0
-491.562726549 0.0
-490.562726549 0.0
-489.562726549 0.0
-488.562726549 0.0
-487.562726549 0.0
-486.562726549 0.0
-485.562726549 0.0
-484.562726549 0.0
-483.562726549 0.0
-482.562726549 0.0
-481.562726549 0.0
-480.562726549 0.0
-479.562726549 0.0
-478.562726549 0.0
-477.562726549 0.0
-476.562726549 0.0
-475.562726549 0.0
-474.562726549 0.0
-473.562726549 0.0
-472.562726549 0.0
-471.562726549 0.0
-470.562726549 0.0
-469.562726549 0.0
-468.562726549 0.0
-467.562726549 0.0
-466.562726549 0.0
-465.562726549 0.0
-464.562726549 0.0
-463.562726549 0.0
-462.562726549 0.0
-461.562726549 0.0
-460.562726549 0.0
-459.562726549 0.0
-458.562726549 0.0
-457.562726549 0.0
-456.562726549 0.0
-455.562726549 0.0
-454.562726549 0.0
-453.562726549 0.0
-452.562726549 0.0
-451.562726549 0.0
-450.562726549 0.0
-449.562726549 0.0
-448.562726549 0.0
-447.562726549 0.0
-446.562726549 0.0
-445.562726549 0.0
-444.562726549 0.0
-443.562726549 0.0
-442.562726549 0.0
-441.562726549 0.0
-440.562726549 0.0
-439.562726549 0.0
-438.562726549 0.0
-437.562726549 0.0
-436.562726549 0.0
-435.562726549 0.0
-434.562726549 0.0
-433.562726549 0.0
-432.562726549 0.0
-431.562726549 0.0
-430.562726549 0.0
-429.562726549 0.0
-428.562726549 0.0
-427.562726549 0.0
-426.562726549 0.0
-425.562726549 0.0
-424.562726549 0.0
-423.562726549 0.0
-422.562726549 0.0
-421.562726549 0.0
-420.562726549 0.0
-419.562726549 0.0
-418.562726549 0.0
-417.562726549 0.0
-416.562726549 0.0
-415.562726549 0.0
-414.562726549 0.0
-413.562726549 0.0
-412.562726549 0.0
-411.562726549 0.0
-410.562726549 0.0
-409.562726549 0.0
-408.562726549 0.0
-407.562726549 0.0
-406.562726549 0.0
-405.562726549 0.0
-404.562726549 0.0
-403.562726549 0.0
-402.562726549 0.0
-401.562726549 0.0
-400.562726549 0.0
-399.562726549 0.0
-398.562726549 0.0
-397.562726549 0.0
-396.562726549 0.0
-395.562726549 0.0
-394.562726549 0.0
-393.562726549 0.0
-392.562726549 0.0
-391.562726549 0.0
-390.562726549 0.0
-389.562726549 0.0
-388.562726549 0.0
-387.562726549 0.0
-386.562726549 0.0
-385.562726549 0.0
-384.562726549 0.0
-383.562726549 0.0
-382.562726549 0.0
-381.562726549 0.0
-380.562726549 0.0
-379.562726549 0.0
-378.562726549 0.0
-377.562726549 0.0
-376.562726549 0.0
-375.562726549 0.0
-374.562726549 0.0
-373.562726549 0.0
-372.562726549 0.0
-371.562726549 0.0
-370.562726549 0.0
-369.562726549 0.0
-368.562726549 0.0
-367.562726549 0.0
-366.562726549 0.0
-365.562726549 0.0
-364.562726549 0.0
-363.562726549 0.0
-362.562726549 0.0
-361.562726549 0.0
-360.562726549 0.0
-359.562726549 0.0
-358.562726549 0.0
-357.562726549 0.0
-356.562726549 0.0
-355.562726549 0.0
-354.562726549 0.0
-353.562726549 0.0
-352.562726549 0.0
-351.562726549 0.0
-350.562726549 0.0
-349.562726549 0.0
-348.562726549 0.0
-347.562726549 0.0
-346.562726549 0.0
-345.562726549 0.0
-344.562726549 0.0
-343.562726549 0.0
-342.562726549 0.0
-341.562726549 0.0
-340.562726549 0.0
-339.562726549 0.0
-338.562726549 0.0
-337.562726549 0.0
-336.562726549 0.0
-335.562726549 0.0
-334.562726549 0.0
-333.562726549 0.0
-332.562726549 0.0
-331.562726549 0.0
-330.562726549 0.0
-329.562726549 0.0
-328.562726549 0.0
-327.562726549 0.0
-326.562726549 0.0
-325.562726549 0.0
-324.562726549 0.0
-323.562726549 0.0
-322.562726549 0.0
-321.562726549 0.0
-320.562726549 0.0
-319.562726549 0.0
-318.562726549 0.0
-317.562726549 0.0
-316.562726549 0.0
-315.562726549 0.0
-314.562726549 0.0
-313.562726549 0.0
-312.562726549 0.0
-311.562726549 0.0
-310.562726549 0.0
-309.562726549 0.0
-308.562726549 0.0
-307.562726549 0.0
-306.562726549 0.0
-305.562726549 0.0
-304.562726549 0.0
-303.562726549 0.0
-302.562726549 0.0
-301.562726549 0.0
-300.562726549 0.0
-299.562726549 0.0
-298.562726549 0.0
-297.562726549 0.0
-296.562726549 0.0
-295.562726549 0.0
-294.562726549 0.0
-293.562726549 0.0
-292.562726549 0.0
-291.562726549 0.0
-290.562726549 0.0
-289.562726549 0.0
-288.562726549 0.0
-287.562726549 0.0
-286.562726549 0.0
-285.562726549 0.0
-284.562726549 0.0
-283.562726549 0.0
-282.562726549 0.0
-281.562726549 0.0
-280.562726549 0.0
-279.562726549 0.0
-278.562726549 0.0
-277.562726549 0.0
-276.562726549 0.0
-275.562726549 0.0
-274.562726549 0.0
-273.562726549 0.0
-272.562726549 0.0
-271.562726549 0.0
-270.562726549 0.0
-269.562726549 0.0
-268.562726549 0.0
-267.562726549 0.0
-266.562726549 0.0
-265.562726549 0.0
-264.562726549 0.0
-263.562726549 0.0
-262.562726549 0.0
-261.562726549 0.0
-260.562726549 0.0
-259.562726549 0.0
-258.562726549 0.0
-257.562726549 0.0
-256.562726549 0.0
-255.562726549 0.0
-254.562726549 0.0
-253.562726549 0.0
-252.562726549 0.0
-251.562726549 0.0
-250.562726549 0.0
-249.562726549 0.0
-248.562726549 0.0
-247.562726549 0.0
-246.562726549 0.0
-245.562726549 0.0
-244.562726549 0.0
-243.562726549 0.0
-242.562726549 0.0
-241.562726549 0.0
-240.562726549 0.0
-239.562726549 0.0
-238.562726549 0.0
-237.562726549 0.0
-236.562726549 0.0
-235.562726549 0.0
-234.562726549 0.0
-233.562726549 0.0
-232.562726549 0.0
-231.562726549 0.0
-230.562726549 0.0
-229.562726549 0.0
-228.562726549 0.0
-227.562726549 0.0
-226.562726549 0.0
-225.562726549 0.0
-224.562726549 0.0
-223.562726549 0.0
-222.562726549 0.0
-221.562726549 0.0
-220.562726549 0.0
-219.562726549 0.0
-218.562726549 0.0
-217.562726549 0.0
-216.562726549 0.0
-215.562726549 0.0
-214.562726549 0.0
-213.562726549 0.0
-212.562726549 0.0
-211.562726549 0.0
-210.562726549 0.0
-209.562726549 0.0
-208.562726549 0.0
-207.562726549 0.0
-206.562726549 0.0
-205.562726549 0.0
-204.562726549 0.0
-203.562726549 0.0
-202.562726549 0.0
-201.562726549 0.0
-200.562726549 0.0
-199.562726549 0.0
-198.562726549 0.0
-197.562726549 0.0
-196.562726549 0.0
-195.562726549 0.0
-194.562726549 0.0
-193.562726549 0.0
-192.562726549 0.0
-191.562726549 0.0
-190.562726549 0.0
-189.562726549 0.0
-188.562726549 0.0
-187.562726549 0.0
-186.562726549 0.0
-185.562726549 0.0
-184.562726549 0.0
-183.562726549 0.0
-182.562726549 0.0
-181.562726549 0.0
-180.562726549 0.0
-179.562726549 0.0
-178.562726549 0.0
-177.562726549 0.0
-176.562726549 0.0
-175.562726549 0.0
-174.562726549 0.0
-173.562726549 0.0
-172.562726549 0.0
-171.562726549 0.0
-170.562726549 0.0
-169.562726549 0.0
-168.562726549 0.0
-167.562726549 0.0
-166.562726549 0.0
-165.562726549 0.0
-164.562726549 0.0
-163.562726549 0.0
-162.562726549 0.0
-161.562726549 0.0
-160.562726549 0.0
-159.562726549 0.0
-158.562726549 0.0
-157.562726549 0.0
-156.562726549 0.0
-155.562726549 0.0
-154.562726549 0.0
-153.562726549 0.0
-152.562726549 0.0
-151.562726549 0.0
-150.562726549 0.0
-149.562726549 0.0
-148.562726549 0.0
-147.562726549 0.0
-146.562726549 0.0
-145.562726549 0.0
-144.562726549 0.0
-143.562726549 0.0
-142.562726549 0.0
-141.562726549 0.0
-140.562726549 0.0
-139.562726549 0.0
-138.562726549 0.0
-137.562726549 0.0
-136.562726549 0.0
-135.562726549 0.0
-134.562726549 0.0
-133.562726549 0.0
-132.562726549 0.0
-131.562726549 0.0
-130.562726549 0.0
-129.562726549 0.0
-128.562726549 0.0
-127.562726549 0.0
-126.562726549 0.0
-125.562726549 0.0
-124.562726549 0.0
-123.562726549 0.0
-122.562726549 0.0
-121.562726549 0.0
-120.562726549 0.0
-119.562726549 0.0
-118.562726549 0.0
-117.562726549 0.0
-116.562726549 0.0
-115.562726549 0.0
-114.562726549 0.0
-113.562726549 0.0
-112.562726549 0.0
-111.562726549 0.0
-110.562726549 0.0
-109.562726549 0.0
-108.562726549 0.0
-107.562726549 0.0
-106.562726549 0.0
-105.562726549 0.000000e+00
-105.120678985 0.000000e+00
-104.678631421 0.000000e+00
-104.236583856 0.000000e+00
-103.794536292 0.000000e+00
-103.352488728 0.000000e+00
-102.910441163 0.000000e+00
-102.468393599 0.000000e+00
-102.026346035 0.000000e+00
-101.584298471 0.000000e+00
-101.142250906 0.000000e+00
-100.700203342 0.000000e+00
-100.258155778 0.000000e+00
-99.8161082132 0.000000e+00
-99.3740606489 0.000000e+00
-98.9320130846 0.000000e+00
-98.4899655203 0.000000e+00
-98.047917956 0.000000e+00
-97.6058703917 0.000000e+00
-97.1638228273 0.000000e+00
-96.721775263 0.000000e+00
-96.2797276987 0.000000e+00
-95.8376801344 0.000000e+00
-95.3956325701 0.000000e+00
-94.9535850057 0.000000e+00
-94.5115374414 0.000000e+00
-94.0694898771 0.000000e+00
-93.6274423128 0.000000e+00
-93.1853947485 0.000000e+00
-92.7433471842 0.000000e+00
-92.3012996198 0.000000e+00
-91.8592520555 0.000000e+00
-91.4172044912 0.000000e+00
-90.9751569269 0.000000e+00
-90.5331093626 0.000000e+00
-90.0910617982 0.000000e+00
-89.6490142339 0.000000e+00
-89.2069666696 0.000000e+00
-88.7649191053 0.000000e+00
-88.322871541 0.000000e+00
-87.8808239767 0.000000e+00
-87.4387764123 0.000000e+00
-86.996728848 0.000000e+00
-86.5546812837 0.000000e+00
-86.1126337194 0.000000e+00
-85.6705861551 0.000000e+00
-85.2285385908 0.000000e+00
-84.7864910264 0.000000e+00
-84.3444434621 0.000000e+00
-83.9023958978 0.000000e+00
-83.4603483335 0.000000e+00
-83.0183007692 0.000000e+00
-82.5762532048 0.000000e+00
-82.1342056405 0.000000e+00
-81.6921580762 0.000000e+00
-81.2501105119 0.000000e+00
-80.8080629476 0.000000e+00
-80.3660153833 0.000000e+00
-79.9239678189 0.000000e+00
-79.4819202546 0.000000e+00
-79.0398726903 0.000000e+00
-78.597825126 0.000000e+00
-78.1557775617 0.000000e+00
-77.7137299973 0.000000e+00
-77.271682433 0.000000e+00
-76.8296348687 0.000000e+00
-76.3875873044 0.000000e+00
-75.9455397401 0.000000e+00
-75.5034921758 0.000000e+00
-75.0614446114 0.000000e+00
-74.6193970471 0.000000e+00
-74.1773494828 0.000000e+00
-73.7353019185 0.000000e+00
-73.2932543542 0.000000e+00
-72.8512067899 0.000000e+00
-72.4091592255 0.000000e+00
-71.9671116612 0.000000e+00
-71.5250640969 0.000000e+00
-71.0830165326 0.000000e+00
-70.6409689683 0.000000e+00
-70.1989214039 0.000000e+00
-69.7568738396 0.000000e+00
-69.3148262753 0.000000e+00
-68.872778711 0.000000e+00
-68.4307311467 0.000000e+00
-67.9886835824 0.000000e+00
-67.546636018 0.000000e+00
-67.1045884537 0.000000e+00
-66.6625408894 0.000000e+00
-66.2204933251 0.000000e+00
-65.7784457608 0.000000e+00
-65.3363981964 0.000000e+00
-64.8943506321 0.000000e+00
-64.4523030678 0.000000e+00
-64.0102555035 0.000000e+00
-63.5682079392 0.000000e+00
-63.1261603749 0.000000e+00
-62.6841128105 0.000000e+00
-62.2420652462 0.000000e+00
-61.8000176819 0.000000e+00
-61.3579701176 0.000000e+00
-60.9159225533 0.000000e+00
-60.4738749889 0.000000e+00
-60.0318274246 0.000000e+00
-59.5897798603 0.000000e+00
-59.147732296 0.000000e+00
-58.7056847317 0.000000e+00
-58.2636371674 0.000000e+00
-57.821589603 0.000000e+00
-57.3795420387 0.000000e+00
-56.9374944744 0.000000e+00
-56.4954469101 0.000000e+00
-56.0533993458 0.000000e+00
-55.6113517815 0.000000e+00
-55.1693042171 0.000000e+00
-54.7272566528 0.000000e+00
-54.2852090885 0.000000e+00
-53.8431615242 0.000000e+00
-53.4011139599 0.000000e+00
-52.9590663955 0.000000e+00
-52.5170188312 0.000000e+00
-52.0749712669 0.000000e+00
-51.6329237026 0.000000e+00
-51.1908761383 0.000000e+00
-50.748828574 0.000000e+00
-50.3067810096 0.000000e+00
-49.8647334453 0.000000e+00
-49.422685881 0.000000e+00
-48.9806383167 0.000000e+00
-48.5385907524 0.000000e+00
-48.096543188 0.000000e+00
-47.6544956237 0.000000e+00
-47.2124480594 0.000000e+00
-46.7704004951 0.000000e+00
-46.3283529308 0.000000e+00
-45.8863053665 0.000000e+00
-45.4442578021 0.000000e+00
-45.0022102378 0.000000e+00
-44.5601626735 0.000000e+00
-44.1181151092 0.000000e+00
-43.6760675449 0.000000e+00
-43.2340199805 0.000000e+00
-42.7919724162 0.000000e+00
-42.3499248519 0.000000e+00
-41.9078772876 0.000000e+00
-41.4658297233 0.000000e+00
-41.023782159 0.000000e+00
-40.5817345946 0.000000e+00
-40.1396870303 0.000000e+00
-39.697639466 0.000000e+00
-39.2555919017 0.000000e+00
-38.8135443374 0.000000e+00
-38.3714967731 0.000000e+00
-37.9294492087 0.000000e+00
-37.4874016444 0.000000e+00
-37.0453540801 0.000000e+00
-36.6033065158 0.000000e+00
-36.1612589515 0.000000e+00
-35.7192113871 0.000000e+00
-35.2771638228 0.000000e+00
-34.8351162585 0.000000e+00
-34.3930686942 0.000000e+00
-33.9510211299 0.000000e+00
-33.5089735656 0.000000e+00
-33.0669260012 0.000000e+00
-32.6248784369 0.000000e+00
-32.1828308726 0.000000e+00
-31.7407833083 0.000000e+00
-31.298735744 0.000000e+00
-30.8566881796 0.000000e+00
-30.4146406153 0.000000e+00
-29.972593051 0.000000e+00
-29.5305454867 0.000000e+00
-29.0884979224 0.000000e+00
-28.6464503581 0.000000e+00
-28.2044027937 0.000000e+00
-27.7623552294 0.000000e+00
-27.3203076651 0.000000e+00
-26.8782601008 0.000000e+00
-26.4362125365 0.000000e+00
-25.9941649722 0.000000e+00
-25.5521174078 0.000000e+00
-25.1100698435 0.000000e+00
-24.6680222792 0.000000e+00
-24.2259747149 0.000000e+00
-23.7839271506 0.000000e+00
-23.3418795862 0.000000e+00
-22.8998320219 0.000000e+00
-22.4577844576 0.000000e+00
-22.0157368933 0.000000e+00
-21.573689329 0.000000e+00
-21.1316417647 0.000000e+00
-20.6895942003 0.000000e+00
-20.247546636 0.000000e+00
-19.8054990717 0.000000e+00
-19.3634515074 0.000000e+00
-18.9214039431 0.000000e+00
-18.4793563787 0.000000e+00
-18.0373088144 0.000000e+00
-17.5952612501 0.000000e+00
-17.1532136858 0.000000e+00
-16.7111661215 0.000000e+00
-16.2691185572 0.000000e+00
-15.8270709928 0.000000e+00
-15.3850234285 0.000000e+00
-14.9429758642 0.000000e+00
-14.5009282999 0.000000e+00
-14.0588807356 0.000000e+00
-13.6168331712 0.000000e+00
-13.1747856069 0.000000e+00
-12.7327380426 0.000000e+00
-12.2906904783 0.000000e+00
-11.848642914 0.000000e+00
-11.4065953497 0.000000e+00
-10.9645477853 0.000000e+00
-10.522500221 0.000000e+00
-10.0804526567 0.000000e+00
-9.63840509239 0.000000e+00
-9.19635752807 0.000000e+00
-8.75430996375 0.000000e+00
-8.31226239943 0.000000e+00
-7.87021483512 0.000000e+00
-7.4281672708 0.000000e+00
-6.98611970648 0.000000e+00
-6.54407214216 0.000000e+00
-6.10202457784 0.000000e+00
-5.65997701353 0.000000e+00
-5.21792944921 0.000000e+00
-4.77588188489 0.000000e+00
-4.33383432057 0.000000e+00
-3.89178675625 0.000000e+00
-3.44973919194 0.000000e+00
-3.00769162762 0.000000e+00
-2.5656440633 0.000000e+00
-2.12359649898 0.000000e+00
-1.68154893467 4.254305e-02
-1.23950137035 6.433033e-02
-0.79745380603 1.271753e-01
-0.355406241712 2.005965e-01
0.0866413226063 3.660963e-01
0.528688886924 3.438366e-01
0.970736451242 2.885387e-01
1.41278401556 2.400724e-01
1.85483157988 3.201594e-01
2.2968791442 3.620791e-01
2.73892670851 3.078083e-01
3.18097427283 3.824225e-01
3.62302183715 3.789798e-01
4.06506940147 1.961362e-01
4.50711696579 2.546314e-01
4.9491645301 1.990438e-01
5.39121209442 1.393915e-01
5.83325965874 9.478145e-02
6.27530722306 8.244306e-02
6.71735478738 0.000000e+00
7.15940235169 0.000000e+00
7.60144991601 0.000000e+00
8.04349748033 0.000000e+00
8.48554504465 0.000000e+00
8.92759260896 4.038839e-02
9.36964017328 0.000000e+00
9.8116877376 3.739698e-02
10.2537353019 5.278357e-02
10.6957828662 8.149964e-02
11.1378304306 1.155452e-01
11.5798779949 2.444249e-01
12.0219255592 4.139338e-01
12.4639731235 5.326061e-01
12.9060206878 6.817280e-01
13.3480682521 7.559219e-01
13.7901158165 8.790314e-01
14.2321633808 8.417028e-01
14.6742109451 8.742907e-01
15.1162585094 6.867589e-01
15.5583060737 7.772852e-01
16.0003536381 8.730905e-01
16.4424012024 8.099314e-01
16.8844487667 9.352528e-01
17.326496331 9.720151e-01
17.7685438953 4.777085e-01
18.2105914596 1.771543e-01
18.652639024 2.278523e-01
19.0946865883 3.039952e-01
19.5367341526 3.503715e-01
19.9787817169 7.884527e-01
20.4208292812 9.611405e-01
20.8628768455 7.158693e-01
21.3049244099 7.509522e-01
21.7469719742 9.262446e-01
22.1890195385 6.010610e-01
22.6310671028 7.821818e-01
23.0731146671 7.525869e-01
23.5151622315 8.442405e-01
23.9572097958 1.000000e+00
24.3992573601 7.900951e-01
24.8413049244 6.359607e-01
25.2833524887 6.966715e-01
25.725400053 6.119238e-01
26.1674476174 5.723418e-01
26.6094951817 7.627615e-01
27.051542746 5.625685e-01
27.4935903103 6.387406e-01
27.9356378746 2.290025e-01
28.377685439 9.966207e-02
28.8197330033 6.221206e-02
29.2617805676 4.767922e-02
29.7038281319 3.611446e-02
30.1458756962 3.505012e-02
30.5879232605 2.774180e-02
31.0299708249 4.060577e-02
31.4720183892 3.880695e-02
31.9140659535 2.475255e-02
32.3561135178 4.169932e-02
32.7981610821 4.695258e-02
33.2402086465 8.016009e-02
33.6822562108 1.187424e-01
34.1243037751 1.008344e-01
34.5663513394 1.058509e-01
35.0083989037 9.399957e-02
35.450446468 5.233086e-02
35.8924940324 4.747182e-02
36.3345415967 4.362170e-02
36.776589161 4.889270e-02
37.2186367253 4.219607e-02
37.6606842896 4.777439e-02
38.1027318539 3.890996e-02
38.5447794183 2.830946e-02
38.9868269826 4.191210e-02
39.4288745469 2.914117e-02
39.8709221112 3.732005e-02
40.3129696755 3.672340e-02
40.7550172399 3.013068e-02
41.1970648042 2.750105e-02
41.6391123685 3.018085e-02
42.0811599328 3.151253e-02
42.5232074971 2.653511e-02
42.9652550614 2.221507e-02
43.4073026258 2.622079e-02
43.8493501901 2.062428e-02
44.2913977544 2.018285e-02
44.7334453187 1.772069e-02
45.175492883 1.914628e-02
45.6175404474 1.601485e-02
46.0595880117 0.000000e+00
46.501635576 1.643673e-02
46.9436831403 1.909082e-02
47.3857307046 0.000000e+00
47.8277782689 1.929279e-02
48.2698258333 0.000000e+00
48.7118733976 0.000000e+00
49.1539209619 0.000000e+00
49.5959685262 1.474781e-02
50.0380160905 0.000000e+00
50.4800636548 0.000000e+00
50.9221112192 1.817625e-02
51.3641587835 1.720655e-02
51.8062063478 1.585314e-02
52.2482539121 0.000000e+00
52.6903014764 1.602895e-02
53.1323490408 2.036645e-02
53.5743966051 1.523347e-02
54.0164441694 0.000000e+00
54.4584917337 0.000000e+00
54.900539298 0.000000e+00
55.3425868623 1.418835e-02
55.7846344267 0.000000e+00
56.226681991 0.000000e+00
56.6687295553 1.807127e-02
57.1107771196 0.000000e+00
57.5528246839 0.000000e+00
57.9948722483 1.421414e-02
58.4369198126 0.000000e+00
58.8789673769 0.000000e+00
59.3210149412 1.855421e-02
59.7630625055 0.000000e+00
60.2051100698 0.000000e+00
60.6471576342 0.000000e+00
61.0892051985 0.000000e+00
61.5312527628 0.000000e+00
61.9733003271 0.000000e+00
62.4153478914 0.000000e+00
62.8573954558 0.000000e+00
63.2994430201 0.000000e+00
63.7414905844 0.000000e+00
64.1835381487 1.854492e-02
64.625585713 0.000000e+00
65.0676332773 0.000000e+00
65.5096808417 0.000000e+00
65.951728406 0.000000e+00
66.3937759703 0.000000e+00
66.8358235346 0.000000e+00
67.2778710989 0.000000e+00
67.7199186632 0.000000e+00
68.1619662276 0.000000e+00
68.6040137919 0.000000e+00
69.0460613562 0.000000e+00
69.4881089205 1.628046e-02
69.9301564848 0.000000e+00
70.3722040492 0.000000e+00
70.8142516135 0.000000e+00
71.2562991778 0.000000e+00
71.6983467421 0.000000e+00
72.1403943064 0.000000e+00
72.5824418707 0.000000e+00
73.0244894351 0.000000e+00
73.4665369994 0.000000e+00
73.9085845637 0.000000e+00
74.350632128 0.000000e+00
74.7926796923 0.000000e+00
75.2347272567 0.000000e+00
75.676774821 0.000000e+00
76.1188223853 0.000000e+00
76.5608699496 0.000000e+00
77.0029175139 0.000000e+00
77.4449650782 0.000000e+00
77.8870126426 0.000000e+00
78.3290602069 0.000000e+00
78.7711077712 0.000000e+00
79.2131553355 0.000000e+00
79.6552028998 0.000000e+00
80.0972504641 0.000000e+00
80.5392980285 0.000000e+00
80.9813455928 0.000000e+00
81.4233931571 0.000000e+00
81.8654407214 0.000000e+00
82.3074882857 0.000000e+00
82.7495358501 0.000000e+00
83.1915834144 0.000000e+00
83.6336309787 0.000000e+00
84.075678543 0.000000e+00
84.5177261073 0.000000e+00
84.9597736716 0.000000e+00
85.401821236 0.000000e+00
85.8438688003 0.000000e+00
86.2859163646 0.000000e+00
86.7279639289 0.000000e+00
87.1700114932 0.000000e+00
87.6120590576 0.000000e+00
88.0541066219 0.000000e+00
88.4961541862 0.000000e+00
88.9382017505 0.000000e+00
89.3802493148 1.462753e-02
89.8222968791 0.000000e+00
90.2643444435 0.000000e+00
90.7063920078 0.000000e+00
91.1484395721 0.000000e+00
91.5904871364 0.000000e+00
92.0325347007 0.000000e+00
92.4745822651 0.000000e+00
92.9166298294 0.000000e+00
93.3586773937 0.000000e+00
93.800724958 0.000000e+00
94.2427725223 0.000000e+00
94.6848200866 0.000000e+00
95.126867651 0.000000e+00
95.5689152153 0.000000e+00
96.0109627796 0.000000e+00
96.4530103439 0.000000e+00
96.8950579082 0.000000e+00
97.3371054725 0.000000e+00
97.7791530369 0.000000e+00
98.2212006012 0.000000e+00
98.6632481655 0.000000e+00
99.1052957298 0.000000e+00
99.5473432941 0.000000e+00
99.9893908585 0.000000e+00
100.431438423 0.000000e+00
100.873485987 0.000000e+00
101.315533551 0.000000e+00
101.757581116 0.000000e+00
102.19962868 1.639422e-02
102.641676244 0.000000e+00
103.083723809 0.000000e+00
103.525771373 0.000000e+00
103.967818937 0.000000e+00
104.409866502 0.000000e+00
104.851914066 0.000000e+00
105.29396163 0.000000e+00
105.736009195 0.000000e+00
106.178056759 0.000000e+00
106.620104323 0.000000e+00
107.062151888 0.000000e+00
107.504199452 0.000000e+00
107.946247016 0.000000e+00
108.38829458 0.000000e+00
108.830342145 0.000000e+00
109.272389709 0.000000e+00
109.714437273 0.000000e+00
110.156484838 0.000000e+00
110.598532402 0.000000e+00
111.040579966 0.000000e+00
111.482627531 0.000000e+00
111.924675095 0.000000e+00
112.366722659 0.000000e+00
112.808770224 0.000000e+00
113.250817788 0.000000e+00
113.692865352 0.000000e+00
114.134912917 0.000000e+00
114.576960481 0.000000e+00
115.019008045 0.000000e+00
115.46105561 0.000000e+00
115.903103174 0.000000e+00
116.345150738 0.000000e+00
116.787198303 0.000000e+00
117.229245867 0.000000e+00
117.671293431 0.000000e+00
118.113340995 0.000000e+00
118.55538856 0.000000e+00
118.997436124 0.000000e+00
119.439483688 0.000000e+00
119.881531253 0.000000e+00
120.323578817 0.000000e+00
120.765626381 0.000000e+00
121.207673946 0.000000e+00
121.64972151 0.000000e+00
122.091769074 0.000000e+00
122.533816639 0.000000e+00
122.975864203 0.000000e+00
123.417911767 0.000000e+00
123.859959332 0.000000e+00
124.302006896 0.000000e+00
124.74405446 0.000000e+00
125.186102025 0.000000e+00
125.628149589 0.000000e+00
126.070197153 0.000000e+00
126.512244718 0.000000e+00
126.954292282 0.000000e+00
127.396339846 0.000000e+00
127.83838741 0.000000e+00
128.280434975 0.000000e+00
128.722482539 0.000000e+00
129.164530103 0.000000e+00
129.606577668 0.000000e+00
130.048625232 0.000000e+00
130.490672796 0.000000e+00
130.932720361 0.000000e+00
131.374767925 0.000000e+00
131.816815489 0.000000e+00
132.258863054 0.000000e+00
132.700910618 0.000000e+00
133.142958182 0.000000e+00
133.585005747 0.000000e+00
134.027053311 0.000000e+00
134.469100875 0.000000e+00
134.91114844 0.000000e+00
135.353196004 0.000000e+00
135.795243568 0.000000e+00
136.237291133 0.000000e+00
136.679338697 0.000000e+00
137.121386261 0.000000e+00
137.563433825 0.000000e+00
138.00548139 0.000000e+00
138.447528954 0.000000e+00
138.889576518 0.000000e+00
139.331624083 0.000000e+00
139.773671647 0.000000e+00
140.215719211 0.000000e+00
140.657766776 0.000000e+00
141.09981434 0.000000e+00
141.541861904 0.000000e+00
141.983909469 0.000000e+00
142.425957033 0.000000e+00
142.868004597 0.000000e+00
143.310052162 0.000000e+00
143.752099726 0.000000e+00
144.19414729 0.000000e+00
144.636194855 0.000000e+00
145.078242419 0.000000e+00
145.520289983 0.000000e+00
145.962337548 0.000000e+00
146.404385112 0.000000e+00
146.846432676 0.000000e+00
147.28848024 0.000000e+00
147.730527805 0.000000e+00
148.172575369 0.000000e+00
148.614622933 0.000000e+00
149.056670498 0.000000e+00
149.498718062 0.000000e+00
149.940765626 0.000000e+00
150.382813191 0.000000e+00
150.824860755 0.000000e+00
151.266908319 0.000000e+00
151.708955884 0.000000e+00
152.151003448 0.000000e+00
152.593051012 0.000000e+00
153.035098577 0.000000e+00
153.477146141 0.000000e+00
153.919193705 0.000000e+00
154.36124127 0.000000e+00
154.803288834 0.000000e+00
155.245336398 0.000000e+00
155.687383963 0.000000e+00
156.129431527 0.000000e+00
156.571479091 0.000000e+00
157.013526655 0.000000e+00
157.45557422 0.000000e+00
157.897621784 0.000000e+00
158.339669348 0.000000e+00
158.781716913 0.000000e+00
159.223764477 0.000000e+00
159.665812041 0.000000e+00
160.107859606 0.000000e+00
160.54990717 0.000000e+00
160.991954734 0.000000e+00
161.434002299 0.000000e+00
161.876049863 0.000000e+00
162.318097427 0.000000e+00
162.760144992 0.000000e+00
163.202192556 0.000000e+00
163.64424012 0.000000e+00
164.086287685 0.000000e+00
164.528335249 0.000000e+00
164.970382813 0.000000e+00
165.412430378 0.000000e+00
165.854477942 0.000000e+00
166.296525506 0.000000e+00
166.73857307 0.000000e+00
167.180620635 0.000000e+00
167.622668199 0.000000e+00
168.064715763 0.000000e+00
168.506763328 0.000000e+00
168.948810892 0.000000e+00
169.390858456 0.000000e+00
169.832906021 0.000000e+00
170.274953585 0.000000e+00
170.717001149 0.000000e+00
171.159048714 0.000000e+00
171.601096278 0.000000e+00
172.043143842 0.000000e+00
172.485191407 0.000000e+00
172.927238971 0.000000e+00
173.369286535 0.000000e+00
173.8113341 0.000000e+00
174.253381664 0.000000e+00
174.695429228 0.000000e+00
175.137476793 0.000000e+00
175.579524357 0.000000e+00
176.021571921 0.000000e+00
176.463619485 0.000000e+00
176.90566705 0.000000e+00
177.347714614 0.000000e+00
177.789762178 0.000000e+00
178.231809743 0.000000e+00
178.673857307 0.000000e+00
179.115904871 0.000000e+00
179.557952436 0.000000e+00
180.0 0.000000e+00
180.442047564 0.000000e+00
180.884095129 0.000000e+00
181.326142693 0.000000e+00
181.768190257 0.000000e+00
182.210237822 0.000000e+00
182.652285386 0.000000e+00
183.09433295 0.000000e+00
183.536380515 0.000000e+00
183.978428079 0.000000e+00
184.420475643 0.000000e+00
184.862523207 0.000000e+00
185.304570772 0.000000e+00
185.746618336 0.000000e+00
186.1886659 0.000000e+00
186.630713465 0.000000e+00
187.072761029 0.000000e+00
187.514808593 0.000000e+00
187.956856158 0.000000e+00
188.398903722 0.000000e+00
188.840951286 0.000000e+00
189.282998851 0.000000e+00
189.725046415 0.000000e+00
190.167093979 0.000000e+00
190.609141544 0.000000e+00
191.051189108 0.000000e+00
191.493236672 0.000000e+00
191.935284237 0.000000e+00
192.377331801 0.000000e+00
192.819379365 0.000000e+00
193.26142693 0.000000e+00
193.703474494 0.000000e+00
194.145522058 0.000000e+00
194.587569622 0.000000e+00
195.029617187 0.000000e+00
195.471664751 0.000000e+00
195.913712315 0.000000e+00
196.35575988 0.000000e+00
196.797807444 0.000000e+00
197.239855008 0.000000e+00
197.681902573 0.000000e+00
198.123950137 0.000000e+00
198.565997701 0.000000e+00
199.008045266 0.000000e+00
199.45009283 0.000000e+00
199.892140394 0.000000e+00
200.334187959 0.000000e+00
200.776235523 0.000000e+00
201.218283087 0.000000e+00
201.660330652 0.000000e+00
202.102378216 0.000000e+00
202.54442578 0.000000e+00
202.986473345 0.000000e+00
203.428520909 0.000000e+00
203.870568473 0.000000e+00
204.312616037 0.000000e+00
204.754663602 0.000000e+00
205.196711166 0.000000e+00
205.63875873 0.000000e+00
206.080806295 0.000000e+00
206.522853859 0.000000e+00
206.964901423 0.000000e+00
207.406948988 0.000000e+00
207.848996552 0.000000e+00
208.291044116 0.000000e+00
208.733091681 0.000000e+00
209.175139245 0.000000e+00
209.617186809 0.000000e+00
210.059234374 0.000000e+00
210.501281938 0.000000e+00
210.943329502 0.000000e+00
211.385377067 0.000000e+00
211.827424631 0.000000e+00
212.269472195 0.000000e+00
212.71151976 0.000000e+00
213.153567324 0.000000e+00
213.595614888 0.000000e+00
214.037662452 0.000000e+00
214.479710017 0.000000e+00
214.921757581 0.000000e+00
215.363805145 0.000000e+00
215.80585271 0.000000e+00
216.247900274 0.000000e+00
216.689947838 0.000000e+00
217.131995403 0.000000e+00
217.574042967 0.000000e+00
218.016090531 0.000000e+00
218.458138096 0.000000e+00
218.90018566 0.000000e+00
219.342233224 0.000000e+00
219.784280789 0.000000e+00
220.226328353 0.000000e+00
220.668375917 0.000000e+00
221.110423482 0.000000e+00
221.552471046 0.000000e+00
221.99451861 0.000000e+00
222.436566175 0.000000e+00
222.878613739 0.000000e+00
223.320661303 0.000000e+00
223.762708867 0.000000e+00
224.204756432 0.000000e+00
224.646803996 0.000000e+00
225.08885156 0.000000e+00
225.530899125 0.000000e+00
225.972946689 0.000000e+00
226.414994253 0.000000e+00
226.857041818 0.000000e+00
227.299089382 0.000000e+00
227.741136946 0.000000e+00
228.183184511 0.000000e+00
228.625232075 0.000000e+00
229.067279639 0.000000e+00
229.509327204 0.000000e+00
229.951374768 0.000000e+00
230.393422332 0.000000e+00
230.835469897 0.000000e+00
231.277517461 0.000000e+00
231.719565025 0.000000e+00
232.16161259 0.000000e+00
232.603660154 0.000000e+00
233.045707718 0.000000e+00
233.487755282 0.000000e+00
233.929802847 0.000000e+00
234.371850411 0.000000e+00
234.813897975 0.000000e+00
235.25594554 0.000000e+00
235.697993104 0.000000e+00
236.140040668 0.000000e+00
236.582088233 0.000000e+00
237.024135797 0.000000e+00
237.466183361 0.000000e+00
237.908230926 0.000000e+00
238.35027849 0.000000e+00
238.792326054 0.000000e+00
239.234373619 0.000000e+00
239.676421183 0.000000e+00
240.118468747 0.000000e+00
240.560516312 0.000000e+00
241.002563876 0.000000e+00
241.44461144 0.000000e+00
241.886659005 0.000000e+00
242.328706569 0.000000e+00
242.770754133 0.000000e+00
243.212801697 0.000000e+00
243.654849262 0.000000e+00
244.096896826 0.000000e+00
244.53894439 0.000000e+00
244.980991955 0.000000e+00
245.423039519 0.000000e+00
245.865087083 0.000000e+00
246.307134648 0.000000e+00
246.749182212 0.000000e+00
247.191229776 0.000000e+00
247.633277341 0.000000e+00
248.075324905 0.000000e+00
248.517372469 0.000000e+00
248.959420034 0.000000e+00
249.401467598 0.000000e+00
249.843515162 0.000000e+00
250.285562727 0.000000e+00
250.727610291 0.000000e+00
251.169657855 0.000000e+00
251.61170542 0.000000e+00
252.053752984 0.000000e+00
252.495800548 0.000000e+00
252.937848112 0.000000e+00
253.379895677 0.000000e+00
253.821943241 0.000000e+00
254.263990805 0.000000e+00
254.70603837 0.000000e+00
255.148085934 0.000000e+00
255.590133498 0.000000e+00
256.032181063 0.000000e+00
256.474228627 0.000000e+00
256.916276191 0.000000e+00
257.358323756 0.000000e+00
257.80037132 0.000000e+00
258.242418884 0.000000e+00
258.684466449 0.000000e+00
259.126514013 0.000000e+00
259.568561577 0.000000e+00
260.010609142 0.000000e+00
260.452656706 0.000000e+00
260.89470427 0.000000e+00
261.336751834 0.000000e+00
261.778799399 0.000000e+00
262.220846963 0.000000e+00
262.662894527 0.000000e+00
263.104942092 0.000000e+00
263.546989656 0.000000e+00
263.98903722 0.000000e+00
264.431084785 0.000000e+00
264.873132349 0.000000e+00
265.315179913 0.000000e+00
265.757227478 0.000000e+00
266.199275042 0.000000e+00
266.641322606 0.000000e+00
267.083370171 0.000000e+00
267.525417735 0.000000e+00
267.967465299 0.000000e+00
268.409512864 0.000000e+00
268.851560428 0.000000e+00
269.293607992 0.000000e+00
269.735655557 0.000000e+00
270.177703121 0.000000e+00
270.619750685 0.000000e+00
271.061798249 0.000000e+00
271.503845814 0.000000e+00
271.945893378 0.000000e+00
272.387940942 0.000000e+00
272.829988507 0.000000e+00
273.272036071 0.000000e+00
273.714083635 0.000000e+00
274.1561312 0.000000e+00
274.598178764 0.000000e+00
275.040226328 0.000000e+00
275.482273893 0.000000e+00
275.924321457 0.000000e+00
276.366369021 0.000000e+00
276.808416586 0.000000e+00
277.25046415 0.000000e+00
277.692511714 0.000000e+00
278.134559279 0.000000e+00
278.576606843 0.000000e+00
279.018654407 0.000000e+00
279.460701972 0.000000e+00
279.902749536 0.000000e+00
280.3447971 0.000000e+00
280.786844664 0.000000e+00
281.228892229 0.000000e+00
281.670939793 0.000000e+00
282.112987357 0.000000e+00
282.555034922 0.000000e+00
282.997082486 0.000000e+00
283.43913005 0.000000e+00
283.881177615 0.000000e+00
284.323225179 0.000000e+00
284.765272743 0.000000e+00
285.207320308 0.000000e+00
285.649367872 0.000000e+00
286.091415436 0.000000e+00
286.533463001 0.000000e+00
286.975510565 0.000000e+00
287.417558129 0.000000e+00
287.859605694 0.000000e+00
288.301653258 0.000000e+00
288.743700822 0.000000e+00
289.185748387 0.000000e+00
289.627795951 0.000000e+00
290.069843515 0.000000e+00
290.511891079 0.000000e+00
290.953938644 0.000000e+00
291.395986208 0.000000e+00
291.838033772 0.000000e+00
292.280081337 0.000000e+00
292.722128901 0.000000e+00
293.164176465 0.000000e+00
293.60622403 0.000000e+00
294.048271594 0.000000e+00
294.490319158 0.000000e+00
294.932366723 0.000000e+00
295.374414287 0.000000e+00
295.816461851 0.000000e+00
296.258509416 0.000000e+00
296.70055698 0.000000e+00
297.142604544 0.000000e+00
297.584652109 0.000000e+00
298.026699673 0.000000e+00
298.468747237 0.000000e+00
298.910794802 0.000000e+00
299.352842366 0.000000e+00
299.79488993 0.000000e+00
300.236937494 0.000000e+00
300.678985059 0.000000e+00
301.121032623 0.000000e+00
301.563080187 0.000000e+00
302.005127752 0.000000e+00
302.447175316 0.000000e+00
302.88922288 0.000000e+00
303.331270445 0.000000e+00
303.773318009 0.000000e+00
304.215365573 0.000000e+00
304.657413138 0.000000e+00
305.099460702 0.000000e+00
305.541508266 0.000000e+00
305.983555831 0.000000e+00
306.425603395 0.000000e+00
306.867650959 0.000000e+00
307.309698524 0.000000e+00
307.751746088 0.000000e+00
308.193793652 0.000000e+00
308.635841217 0.000000e+00
309.077888781 0.000000e+00
309.519936345 0.000000e+00
309.961983909 0.000000e+00
310.404031474 0.000000e+00
310.846079038 0.000000e+00
311.288126602 0.000000e+00
311.730174167 0.000000e+00
312.172221731 0.000000e+00
312.614269295 0.000000e+00
313.05631686 0.000000e+00
313.498364424 0.000000e+00
313.940411988 0.000000e+00
314.382459553 0.000000e+00
314.824507117 0.000000e+00
315.266554681 0.000000e+00
315.708602246 0.000000e+00
316.15064981 0.000000e+00
316.592697374 0.000000e+00
317.034744939 0.000000e+00
317.476792503 0.000000e+00
317.918840067 0.000000e+00
318.360887632 0.000000e+00
318.802935196 0.000000e+00
319.24498276 0.000000e+00
319.687030324 0.000000e+00
320.129077889 0.000000e+00
320.571125453 0.000000e+00
321.013173017 0.000000e+00
321.455220582 0.000000e+00
321.897268146 0.000000e+00
322.33931571 0.000000e+00
322.781363275 0.000000e+00
323.223410839 0.000000e+00
323.665458403 0.000000e+00
324.107505968 0.000000e+00
324.549553532 0.000000e+00
324.991601096 0.000000e+00
325.433648661 0.000000e+00
325.875696225 0.000000e+00
326.317743789 0.000000e+00
326.759791354 0.000000e+00
327.201838918 0.000000e+00
327.643886482 0.000000e+00
328.085934047 0.000000e+00
328.527981611 0.000000e+00
328.970029175 0.000000e+00
329.412076739 0.000000e+00
329.854124304 0.000000e+00
330.296171868 0.000000e+00
330.738219432 0.000000e+00
331.180266997 0.000000e+00
331.622314561 0.000000e+00
332.064362125 0.000000e+00
332.50640969 0.000000e+00
332.948457254 0.000000e+00
333.390504818 0.000000e+00
333.832552383 0.000000e+00
334.274599947 0.000000e+00
334.716647511 0.000000e+00
335.158695076 0.000000e+00
335.60074264 0.000000e+00
336.042790204 0.000000e+00
336.484837769 0.000000e+00
336.926885333 0.000000e+00
337.368932897 0.000000e+00
337.810980461 0.000000e+00
338.253028026 0.000000e+00
338.69507559 0.000000e+00
339.137123154 0.000000e+00
339.579170719 0.000000e+00
340.021218283 0.000000e+00
340.463265847 0.000000e+00
340.905313412 0.000000e+00
341.347360976 0.000000e+00
341.78940854 0.000000e+00
342.231456105 0.000000e+00
342.673503669 0.000000e+00
343.115551233 0.000000e+00
343.557598798 0.000000e+00
343.999646362 0.000000e+00
344.441693926 0.000000e+00
344.883741491 0.000000e+00
345.325789055 0.000000e+00
345.767836619 0.000000e+00
346.209884184 0.000000e+00
346.651931748 0.000000e+00
347.093979312 0.000000e+00
347.536026876 0.000000e+00
347.978074441 0.000000e+00
348.420122005 0.000000e+00
348.862169569 0.000000e+00
349.304217134 0.000000e+00
349.746264698 0.000000e+00
350.188312262 0.000000e+00
350.630359827 0.000000e+00
351.072407391 0.000000e+00
351.514454955 0.000000e+00
351.95650252 0.000000e+00
352.398550084 0.000000e+00
352.840597648 0.000000e+00
353.282645213 0.000000e+00
353.724692777 0.000000e+00
354.166740341 0.000000e+00
354.608787906 0.000000e+00
355.05083547 0.000000e+00
355.492883034 0.000000e+00
355.934930599 0.000000e+00
356.376978163 0.000000e+00
356.819025727 0.000000e+00
357.261073291 0.000000e+00
357.703120856 0.000000e+00
358.14516842 0.000000e+00
358.587215984 0.000000e+00
359.029263549 0.000000e+00
359.471311113 0.000000e+00
359.913358677 0.000000e+00
360.355406242 0.000000e+00
360.797453806 0.000000e+00
361.23950137 0.000000e+00
361.681548935 0.000000e+00
362.123596499 0.000000e+00
362.565644063 0.000000e+00
363.007691628 0.000000e+00
363.449739192 0.000000e+00
363.891786756 0.000000e+00
364.333834321 0.000000e+00
364.775881885 0.000000e+00
365.217929449 0.000000e+00
365.659977014 0.000000e+00
366.102024578 0.000000e+00
366.544072142 0.000000e+00
366.986119706 0.000000e+00
367.428167271 0.000000e+00
367.870214835 0.000000e+00
368.312262399 0.000000e+00
368.754309964 0.000000e+00
369.196357528 0.000000e+00
369.638405092 0.000000e+00
370.080452657 0.000000e+00
370.522500221 0.000000e+00
370.964547785 0.000000e+00
371.40659535 0.000000e+00
371.848642914 0.000000e+00
372.290690478 0.000000e+00
372.732738043 0.000000e+00
373.174785607 0.000000e+00
373.616833171 0.000000e+00
374.058880736 0.000000e+00
374.5009283 0.000000e+00
374.942975864 0.000000e+00
375.385023429 0.000000e+00
375.827070993 0.000000e+00
376.269118557 0.000000e+00
376.711166121 0.000000e+00
377.153213686 0.000000e+00
377.59526125 0.000000e+00
378.037308814 0.000000e+00
378.479356379 0.000000e+00
378.921403943 0.000000e+00
379.363451507 0.000000e+00
379.805499072 0.000000e+00
380.247546636 0.000000e+00
380.6895942 0.000000e+00
381.131641765 0.000000e+00
381.573689329 0.000000e+00
382.015736893 0.000000e+00
382.457784458 0.000000e+00
382.899832022 0.000000e+00
383.341879586 0.000000e+00
383.783927151 0.000000e+00
384.225974715 0.000000e+00
384.668022279 0.000000e+00
385.110069844 0.000000e+00
385.552117408 0.000000e+00
385.994164972 0.000000e+00
386.436212536 0.000000e+00
386.878260101 0.000000e+00
387.320307665 0.000000e+00
387.762355229 0.000000e+00
388.204402794 0.000000e+00
388.646450358 0.000000e+00
389.088497922 0.000000e+00
389.530545487 0.000000e+00
389.972593051 0.000000e+00
390.414640615 0.000000e+00
390.85668818 0.000000e+00
391.298735744 0.000000e+00
391.740783308 0.000000e+00
392.182830873 0.000000e+00
392.624878437 0.000000e+00
393.066926001 0.000000e+00
393.508973566 0.000000e+00
393.95102113 0.000000e+00
394.393068694 0.000000e+00
394.835116259 0.000000e+00
395.277163823 0.000000e+00
395.719211387 0.000000e+00
396.161258951 0.000000e+00
396.603306516 0.000000e+00
397.04535408 0.000000e+00
397.487401644 0.000000e+00
397.929449209 0.000000e+00
398.371496773 0.000000e+00
398.813544337 0.000000e+00
399.255591902 0.000000e+00
399.697639466 0.000000e+00
400.13968703 0.000000e+00
400.581734595 0.000000e+00
401.023782159 0.000000e+00
401.465829723 0.000000e+00
401.907877288 0.000000e+00
402.349924852 0.000000e+00
402.791972416 0.000000e+00
403.234019981 0.000000e+00
403.676067545 0.000000e+00
404.118115109 0.000000e+00
404.560162674 0.000000e+00
405.002210238 0.000000e+00
405.444257802 0.000000e+00
405.886305366 0.000000e+00
406.328352931 0.000000e+00
406.770400495 0.000000e+00
407.212448059 0.000000e+00
407.654495624 0.000000e+00
408.096543188 0.000000e+00
408.538590752 0.000000e+00
408.980638317 0.000000e+00
409.422685881 0.000000e+00
409.864733445 0.000000e+00
410.30678101 0.000000e+00
410.748828574 0.000000e+00
411.190876138 0.000000e+00
411.632923703 0.000000e+00
412.074971267 0.000000e+00
412.517018831 0.000000e+00
412.959066396 0.000000e+00
413.40111396 0.000000e+00
413.843161524 0.000000e+00
414.285209088 0.000000e+00
414.727256653 0.000000e+00
415.169304217 0.000000e+00
415.611351781 0.000000e+00
416.053399346 0.000000e+00
416.49544691 0.000000e+00
416.937494474 0.000000e+00
417.379542039 0.000000e+00
417.821589603 0.000000e+00
418.263637167 0.000000e+00
418.705684732 0.000000e+00
419.147732296 0.000000e+00
419.58977986 0.000000e+00
420.031827425 0.000000e+00
420.473874989 0.000000e+00
420.915922553 0.000000e+00
421.357970118 0.000000e+00
421.800017682 0.000000e+00
422.242065246 0.000000e+00
422.684112811 0.000000e+00
423.126160375 0.000000e+00
423.568207939 0.000000e+00
424.010255503 0.000000e+00
424.452303068 0.000000e+00
424.894350632 0.000000e+00
425.336398196 0.000000e+00
426.336398196 0.0
427.336398196 0.0
428.336398196 0.0
429.336398196 0.0
430.336398196 0.0
431.336398196 0.0
432.336398196 0.0
433.336398196 0.0
434.336398196 0.0
435.336398196 0.0
436.336398196 0.0
437.336398196 0.0
438.336398196 0.0
439.336398196 0.0
440.336398196 0.0
441.336398196 0.0
442.336398196 0.0
443.336398196 0.0
444.336398196 0.0
445.336398196 0.0
446.336398196 0.0
447.336398196 0.0
448.336398196 0.0
449.336398196 0.0
450.336398196 0.0
451.336398196 0.0
452.336398196 0.0
453.336398196 0.0
454.336398196 0.0
455.336398196 0.0
456.336398196 0.0
457.336398196 0.0
458.336398196 0.0
459.336398196 0.0
460.336398196 0.0
461.336398196 0.0
462.336398196 0.0
463.336398196 0.0
464.336398196 0.0
465.336398196 0.0
466.336398196 0.0
467.336398196 0.0
468.336398196 0.0
469.336398196 0.0
470.336398196 0.0
471.336398196 0.0
472.336398196 0.0
473.336398196 0.0
474.336398196 0.0
475.336398196 0.0
476.336398196 0.0
477.336398196 0.0
478.336398196 0.0
479.336398196 0.0
480.336398196 0.0
481.336398196 0.0
482.336398196 0.0
483.336398196 0.0
484.336398196 0.0
485.336398196 0.0
486.336398196 0.0
487.336398196 0.0
488.336398196 0.0
489.336398196 0.0
490.336398196 0.0
491.336398196 0.0
492.336398196 0.0
493.336398196 0.0
494.336398196 0.0
495.336398196 0.0
496.336398196 0.0
497.336398196 0.0
498.336398196 0.0
499.336398196 0.0
500.336398196 0.0
501.336398196 0.0
502.336398196 0.0
503.336398196 0.0
504.336398196 0.0
505.336398196 0.0
506.336398196 0.0
507.336398196 0.0
508.336398196 0.0
509.336398196 0.0
510.336398196 0.0
511.336398196 0.0
512.336398196 0.0
513.336398196 0.0
514.336398196 0.0
515.336398196 0.0
516.336398196 0.0
517.336398196 0.0
518.336398196 0.0
519.336398196 0.0
520.336398196 0.0
521.336398196 0.0
522.336398196 0.0
523.336398196 0.0
524.336398196 0.0
525.336398196 0.0
526.336398196 0.0
527.336398196 0.0
528.336398196 0.0
529.336398196 0.0
530.336398196 0.0
531.336398196 0.0
532.336398196 0.0
533.336398196 0.0
534.336398196 0.0
535.336398196 0.0
536.336398196 0.0
537.336398196 0.0
538.336398196 0.0
539.336398196 0.0
540.336398196 0.0
541.336398196 0.0
542.336398196 0.0
543.336398196 0.0
544.336398196 0.0
545.336398196 0.0
546.336398196 0.0
547.336398196 0.0
548.336398196 0.0
549.336398196 0.0
550.336398196 0.0
551.336398196 0.0
552.336398196 0.0
553.336398196 0.0
554.336398196 0.0
555.336398196 0.0
556.336398196 0.0
557.336398196 0.0
558.336398196 0.0
559.336398196 0.0
560.336398196 0.0
561.336398196 0.0
562.336398196 0.0
563.336398196 0.0
564.336398196 0.0
565.336398196 0.0
566.336398196 0.0
567.336398196 0.0
568.336398196 0.0
569.336398196 0.0
570.336398196 0.0
571.336398196 0.0
572.336398196 0.0
573.336398196 0.0
574.336398196 0.0
575.336398196 0.0
576.336398196 0.0
577.336398196 0.0
578.336398196 0.0
579.336398196 0.0
580.336398196 0.0
581.336398196 0.0
582.336398196 0.0
583.336398196 0.0
584.336398196 0.0
585.336398196 0.0
586.336398196 0.0
587.336398196 0.0
588.336398196 0.0
589.336398196 0.0
590.336398196 0.0
591.336398196 0.0
592.336398196 0.0
593.336398196 0.0
594.336398196 0.0
595.336398196 0.0
596.336398196 0.0
597.336398196 0.0
598.336398196 0.0
599.336398196 0.0
600.336398196 0.0
601.336398196 0.0
602.336398196 0.0
603.336398196 0.0
604.336398196 0.0
605.336398196 0.0
606.336398196 0.0
607.336398196 0.0
608.336398196 0.0
609.336398196 0.0
610.336398196 0.0
611.336398196 0.0
612.336398196 0.0
613.336398196 0.0
614.336398196 0.0
615.336398196 0.0
616.336398196 0.0
617.336398196 0.0
618.336398196 0.0
619.336398196 0.0
620.336398196 0.0
621.336398196 0.0
622.336398196 0.0
623.336398196 0.0
624.336398196 0.0
625.336398196 0.0
626.336398196 0.0
627.336398196 0.0
628.336398196 0.0
629.336398196 0.0
630.336398196 0.0
631.336398196 0.0
632.336398196 0.0
633.336398196 0.0
634.336398196 0.0
635.336398196 0.0
636.336398196 0.0
637.336398196 0.0
638.336398196 0.0
639.336398196 0.0
640.336398196 0.0
641.336398196 0.0
642.336398196 0.0
643.336398196 0.0
644.336398196 0.0
645.336398196 0.0
646.336398196 0.0
647.336398196 0.0
648.336398196 0.0
649.336398196 0.0
650.336398196 0.0
651.336398196 0.0
652.336398196 0.0
653.336398196 0.0
654.336398196 0.0
655.336398196 0.0
656.336398196 0.0
657.336398196 0.0
658.336398196 0.0
659.336398196 0.0
660.336398196 0.0
661.336398196 0.0
662.336398196 0.0
663.336398196 0.0
664.336398196 0.0
665.336398196 0.0
666.336398196 0.0
667.336398196 0.0
668.336398196 0.0
669.336398196 0.0
670.336398196 0.0
671.336398196 0.0
672.336398196 0.0
673.336398196 0.0
674.336398196 0.0
675.336398196 0.0
676.336398196 0.0
677.336398196 0.0
678.336398196 0.0
679.336398196 0.0
680.336398196 0.0
681.336398196 0.0
682.336398196 0.0
683.336398196 0.0
684.336398196 0.0
685.336398196 0.0
686.336398196 0.0
687.336398196 0.0
688.336398196 0.0
689.336398196 0.0
690.336398196 0.0
691.336398196 0.0
692.336398196 0.0
693.336398196 0.0
694.336398196 0.0
695.336398196 0.0
696.336398196 0.0
697.336398196 0.0
698.336398196 0.0
699.336398196 0.0
700.336398196 0.0
701.336398196 0.0
702.336398196 0.0
703.336398196 0.0
704.336398196 0.0
705.336398196 0.0
706.336398196 0.0
707.336398196 0.0
708.336398196 0.0
709.336398196 0.0
710.336398196 0.0
711.336398196 0.0
712.336398196 0.0
713.336398196 0.0
714.336398196 0.0
715.336398196 0.0
716.336398196 0.0
717.336398196 0.0
718.336398196 0.0
719.336398196 0.0
720.336398196 0.0
721.336398196 0.0
722.336398196 0.0
723.336398196 0.0
724.336398196 0.0
725.336398196 0.0
726.336398196 0.0
727.336398196 0.0
728.336398196 0.0
729.336398196 0.0
730.336398196 0.0
731.336398196 0.0
732.336398196 0.0
733.336398196 0.0
734.336398196 0.0
735.336398196 0.0
736.336398196 0.0
737.336398196 0.0
738.336398196 0.0
739.336398196 0.0
740.336398196 0.0
741.336398196 0.0
742.336398196 0.0
743.336398196 0.0
744.336398196 0.0
745.336398196 0.0
746.336398196 0.0
747.336398196 0.0
748.336398196 0.0
749.336398196 0.0
750.336398196 0.0
751.336398196 0.0
752.336398196 0.0
753.336398196 0.0
754.336398196 0.0
755.336398196 0.0
756.336398196 0.0
757.336398196 0.0
758.336398196 0.0
759.336398196 0.0
760.336398196 0.0
761.336398196 0.0
762.336398196 0.0
763.336398196 0.0
764.336398196 0.0
765.336398196 0.0
766.336398196 0.0
767.336398196 0.0
768.336398196 0.0
769.336398196 0.0
770.336398196 0.0
771.336398196 0.0
772.336398196 0.0
773.336398196 0.0
774.336398196 0.0
775.336398196 0.0
776.336398196 0.0
777.336398196 0.0
778.336398196 0.0
779.336398196 0.0
780.336398196 0.0
781.336398196 0.0
782.336398196 0.0
783.336398196 0.0
784.336398196 0.0
785.336398196 0.0
786.336398196 0.0
787.336398196 0.0
788.336398196 0.0
789.336398196 0.0
790.336398196 0.0
791.336398196 0.0
792.336398196 0.0
793.336398196 0.0
794.336398196 0.0
795.336398196 0.0
796.336398196 0.0
797.336398196 0.0
798.336398196 0.0
799.336398196 0.0
800.336398196 0.0
801.336398196 0.0
802.336398196 0.0
803.336398196 0.0
804.336398196 0.0
805.336398196 0.0
806.336398196 0.0
807.336398196 0.0
808.336398196 0.0
809.336398196 0.0
810.336398196 0.0
811.336398196 0.0
812.336398196 0.0
813.336398196 0.0
814.336398196 0.0
815.336398196 0.0
816.336398196 0.0
817.336398196 0.0
818.336398196 0.0
819.336398196 0.0
820.336398196 0.0
821.336398196 0.0
822.336398196 0.0
823.336398196 0.0
824.336398196 0.0
825.336398196 0.0
826.336398196 0.0
827.336398196 0.0
828.336398196 0.0
829.336398196 0.0
830.336398196 0.0
831.336398196 0.0
832.336398196 0.0
833.336398196 0.0
834.336398196 0.0
835.336398196 0.0
836.336398196 0.0
837.336398196 0.0
838.336398196 0.0
839.336398196 0.0
840.336398196 0.0
841.336398196 0.0
842.336398196 0.0
843.336398196 0.0
844.336398196 0.0
845.336398196 0.0
846.336398196 0.0
847.336398196 0.0
848.336398196 0.0
849.336398196 0.0
850.336398196 0.0
851.336398196 0.0
852.336398196 0.0
853.336398196 0.0
854.336398196 0.0
855.336398196 0.0
856.336398196 0.0
857.336398196 0.0
858.336398196 0.0
859.336398196 0.0
860.336398196 0.0
861.336398196 0.0
862.336398196 0.0
863.336398196 0.0
864.336398196 0.0
865.336398196 0.0
866.336398196 0.0
867.336398196 0.0
868.336398196 0.0
869.336398196 0.0
870.336398196 0.0
871.336398196 0.0
872.336398196 0.0
873.336398196 0.0
874.336398196 0.0
875.336398196 0.0
876.336398196 0.0
877.336398196 0.0
878.336398196 0.0
879.336398196 0.0
880.336398196 0.0
881.336398196 0.0
882.336398196 0.0
883.336398196 0.0
884.336398196 0.0
885.336398196 0.0
886.336398196 0.0
887.336398196 0.0
888.336398196 0.0
889.336398196 0.0
890.336398196 0.0
891.336398196 0.0
892.336398196 0.0
893.336398196 0.0
894.336398196 0.0
895.336398196 0.0
896.336398196 0.0
897.336398196 0.0
898.336398196 0.0
899.336398196 0.0
900.336398196 0.0
901.336398196 0.0
902.336398196 0.0
903.336398196 0.0
904.336398196 0.0
905.336398196 0.0
906.336398196 0.0
907.336398196 0.0
908.336398196 0.0
909.336398196 0.0
910.336398196 0.0
911.336398196 0.0
912.336398196 0.0
913.336398196 0.0
914.336398196 0.0
915.336398196 0.0
916.336398196 0.0
917.336398196 0.0
918.336398196 0.0
919.336398196 0.0
920.336398196 0.0
921.336398196 0.0
922.336398196 0.0
923.336398196 0.0
924.336398196 0.0
925.336398196 0.0
