-548.677115056 0.000000e+00
-547.934338558 0.000000e+00
-547.191562059 0.000000e+00
-546.44878556 0.000000e+00
-545.706009062 0.000000e+00
-544.963232563 0.000000e+00
-544.220456065 0.000000e+00
-543.477679566 0.000000e+00
-542.734903068 0.000000e+00
-541.992126569 0.000000e+00
-541.249350071 0.000000e+00
-540.506573572 0.000000e+00
-539.763797073 0.000000e+00
-539.021020575 0.000000e+00
-538.278244076 0.000000e+00
-537.535467578 0.000000e+00
-536.792691079 0.000000e+00
-536.049914581 0.000000e+00
-535.307138082 0.000000e+00
-534.564361584 0.000000e+00
-533.821585085 0.000000e+00
-533.078808586 0.000000e+00
-532.336032088 0.000000e+00
-531.593255589 0.000000e+00
-530.850479091 0.000000e+00
-530.107702592 0.000000e+00
-529.364926094 0.000000e+00
-528.622149595 0.000000e+00
-527.879373097 0.000000e+00
-527.136596598 0.000000e+00
-526.3938201 0.000000e+00
-525.651043601 0.000000e+00
-524.908267102 0.000000e+00
-524.165490604 0.000000e+00
-523.422714105 0.000000e+00
-522.679937607 0.000000e+00
-521.937161108 0.000000e+00
-521.19438461 0.000000e+00
-520.451608111 0.000000e+00
-519.708831613 0.000000e+00
-518.966055114 0.000000e+00
-518.223278615 0.000000e+00
-517.480502117 0.000000e+00
-516.737725618 0.000000e+00
-515.99494912 0.000000e+00
-515.252172621 0.000000e+00
-514.509396123 0.000000e+00
-513.766619624 0.000000e+00
-513.023843126 0.000000e+00
-512.281066627 0.000000e+00
-511.538290129 0.000000e+00
-510.79551363 0.000000e+00
-510.052737131 0.000000e+00
-509.309960633 0.000000e+00
-508.567184134 0.000000e+00
-507.824407636 0.000000e+00
-507.081631137 0.000000e+00
-506.338854639 0.000000e+00
-505.59607814 0.000000e+00
-504.853301642 0.000000e+00
-504.110525143 0.000000e+00
-503.367748644 0.000000e+00
-502.624972146 0.000000e+00
-501.882195647 0.000000e+00
-501.139419149 0.000000e+00
-500.39664265 0.000000e+00
-499.653866152 0.000000e+00
-498.911089653 0.000000e+00
-498.168313155 0.000000e+00
-497.425536656 0.000000e+00
-496.682760157 0.000000e+00
-495.939983659 0.000000e+00
-495.19720716 0.000000e+00
-494.454430662 0.000000e+00
-493.711654163 0.000000e+00
-492.968877665 0.000000e+00
-492.226101166 0.000000e+00
-491.483324668 0.000000e+00
-490.740548169 0.000000e+00
-489.997771671 0.000000e+00
-489.254995172 0.000000e+00
-488.512218673 0.000000e+00
-487.769442175 0.000000e+00
-487.026665676 0.000000e+00
-486.283889178 0.000000e+00
-485.541112679 0.000000e+00
-484.798336181 0.000000e+00
-484.055559682 0.000000e+00
-483.312783184 0.000000e+00
-482.570006685 0.000000e+00
-481.827230186 0.000000e+00
-481.084453688 0.000000e+00
-480.341677189 0.000000e+00
-479.598900691 0.000000e+00
-478.856124192 0.000000e+00
-478.113347694 0.000000e+00
-477.370571195 0.000000e+00
-476.627794697 0.000000e+00
-475.885018198 0.000000e+00
-475.142241699 0.000000e+00
-474.399465201 0.000000e+00
-473.656688702 0.000000e+00
-472.913912204 0.000000e+00
-472.171135705 0.000000e+00
-471.428359207 0.000000e+00
-470.685582708 0.000000e+00
-469.94280621 0.000000e+00
-469.200029711 0.000000e+00
-468.457253213 0.000000e+00
-467.714476714 0.000000e+00
-466.971700215 0.000000e+00
-466.228923717 0.000000e+00
-465.486147218 0.000000e+00
-464.74337072 0.000000e+00
-464.000594221 0.000000e+00
-463.257817723 0.000000e+00
-462.515041224 0.000000e+00
-461.772264726 0.000000e+00
-461.029488227 0.000000e+00
-460.286711728 0.000000e+00
-459.54393523 0.000000e+00
-458.801158731 0.000000e+00
-458.058382233 0.000000e+00
-457.315605734 0.000000e+00
-456.572829236 0.000000e+00
-455.830052737 0.000000e+00
-455.087276239 0.000000e+00
-454.34449974 0.000000e+00
-453.601723241 0.000000e+00
-452.858946743 0.000000e+00
-452.116170244 0.000000e+00
-451.373393746 0.000000e+00
-450.630617247 0.000000e+00
-449.887840749 0.000000e+00
-449.14506425 0.000000e+00
-448.402287752 0.000000e+00
-447.659511253 0.000000e+00
-446.916734755 0.000000e+00
-446.173958256 0.000000e+00
-445.431181757 0.000000e+00
-444.688405259 0.000000e+00
-443.94562876 0.000000e+00
-443.202852262 0.000000e+00
-442.460075763 0.000000e+00
-441.717299265 0.000000e+00
-440.974522766 0.000000e+00
-440.231746268 0.000000e+00
-439.488969769 0.000000e+00
-438.74619327 0.000000e+00
-438.003416772 0.000000e+00
-437.260640273 0.000000e+00
-436.517863775 0.000000e+00
-435.775087276 0.000000e+00
-435.032310778 0.000000e+00
-434.289534279 0.000000e+00
-433.546757781 0.000000e+00
-432.803981282 0.000000e+00
-432.061204783 0.000000e+00
-431.318428285 0.000000e+00
-430.575651786 0.000000e+00
-429.832875288 0.000000e+00
-429.090098789 0.000000e+00
-428.347322291 0.000000e+00
-427.604545792 0.000000e+00
-426.861769294 0.000000e+00
-426.118992795 0.000000e+00
-425.376216297 0.000000e+00
-424.633439798 0.000000e+00
-423.890663299 0.000000e+00
-423.147886801 0.000000e+00
-422.405110302 0.000000e+00
-421.662333804 0.000000e+00
-420.919557305 0.000000e+00
-420.176780807 0.000000e+00
-419.434004308 0.000000e+00
-418.69122781 0.000000e+00
-417.948451311 0.000000e+00
-417.205674812 0.000000e+00
-416.462898314 0.000000e+00
-415.720121815 0.000000e+00
-414.977345317 0.000000e+00
-414.234568818 0.000000e+00
-413.49179232 0.000000e+00
-412.749015821 0.000000e+00
-412.006239323 0.000000e+00
-411.263462824 0.000000e+00
-410.520686325 0.000000e+00
-409.777909827 0.000000e+00
-409.035133328 0.000000e+00
-408.29235683 0.000000e+00
-407.549580331 0.000000e+00
-406.806803833 0.000000e+00
-406.064027334 0.000000e+00
-405.321250836 0.000000e+00
-404.578474337 0.000000e+00
-403.835697839 0.000000e+00
-403.09292134 0.000000e+00
-402.350144841 0.000000e+00
-401.607368343 0.000000e+00
-400.864591844 0.000000e+00
-400.121815346 0.000000e+00
-399.379038847 0.000000e+00
-398.636262349 0.000000e+00
-397.89348585 0.000000e+00
-397.150709352 0.000000e+00
-396.407932853 0.000000e+00
-395.665156354 0.000000e+00
-394.922379856 0.000000e+00
-394.179603357 0.000000e+00
-393.436826859 0.000000e+00
-392.69405036 0.000000e+00
-391.951273862 0.000000e+00
-391.208497363 0.000000e+00
-390.465720865 0.000000e+00
-389.722944366 0.000000e+00
-388.980167867 0.000000e+00
-388.237391369 0.000000e+00
-387.49461487 0.000000e+00
-386.751838372 0.000000e+00
-386.009061873 0.000000e+00
-385.266285375 0.000000e+00
-384.523508876 0.000000e+00
-383.780732378 0.000000e+00
-383.037955879 0.000000e+00
-382.295179381 0.000000e+00
-381.552402882 0.000000e+00
-380.809626383 0.000000e+00
-380.066849885 0.000000e+00
-379.324073386 0.000000e+00
-378.581296888 0.000000e+00
-377.838520389 0.000000e+00
-377.095743891 0.000000e+00
-376.352967392 0.000000e+00
-375.610190894 0.000000e+00
-374.867414395 0.000000e+00
-374.124637896 0.000000e+00
-373.381861398 0.000000e+00
-372.639084899 0.000000e+00
-371.896308401 0.000000e+00
-371.153531902 0.000000e+00
-370.410755404 0.000000e+00
-369.667978905 0.000000e+00
-368.925202407 0.000000e+00
-368.182425908 0.000000e+00
-367.439649409 0.000000e+00
-366.696872911 0.000000e+00
-365.954096412 0.000000e+00
-365.211319914 0.000000e+00
-364.468543415 0.000000e+00
-363.725766917 0.000000e+00
-362.982990418 0.000000e+00
-362.24021392 0.000000e+00
-361.497437421 0.000000e+00
-360.754660923 0.000000e+00
-360.011884424 0.000000e+00
-359.269107925 0.000000e+00
-358.526331427 0.000000e+00
-357.783554928 0.000000e+00
-357.04077843 0.000000e+00
-356.298001931 0.000000e+00
-355.555225433 0.000000e+00
-354.812448934 0.000000e+00
-354.069672436 0.000000e+00
-353.326895937 0.000000e+00
-352.584119438 0.000000e+00
-351.84134294 0.000000e+00
-351.098566441 0.000000e+00
-350.355789943 0.000000e+00
-349.613013444 0.000000e+00
-348.870236946 0.000000e+00
-348.127460447 0.000000e+00
-347.384683949 0.000000e+00
-346.64190745 0.000000e+00
-345.899130951 0.000000e+00
-345.156354453 0.000000e+00
-344.413577954 0.000000e+00
-343.670801456 0.000000e+00
-342.928024957 0.000000e+00
-342.185248459 0.000000e+00
-341.44247196 0.000000e+00
-340.699695462 0.000000e+00
-339.956918963 0.000000e+00
-339.214142465 0.000000e+00
-338.471365966 0.000000e+00
-337.728589467 0.000000e+00
-336.985812969 0.000000e+00
-336.24303647 0.000000e+00
-335.500259972 0.000000e+00
-334.757483473 0.000000e+00
-334.014706975 0.000000e+00
-333.271930476 0.000000e+00
-332.529153978 0.000000e+00
-331.786377479 0.000000e+00
-331.04360098 0.000000e+00
-330.300824482 0.000000e+00
-329.558047983 0.000000e+00
-328.815271485 0.000000e+00
-328.072494986 0.000000e+00
-327.329718488 0.000000e+00
-326.586941989 0.000000e+00
-325.844165491 0.000000e+00
-325.101388992 0.000000e+00
-324.358612494 0.000000e+00
-323.615835995 0.000000e+00
-322.873059496 0.000000e+00
-322.130282998 0.000000e+00
-321.387506499 0.000000e+00
-320.644730001 0.000000e+00
-319.901953502 0.000000e+00
-319.159177004 0.000000e+00
-318.416400505 0.000000e+00
-317.673624007 0.000000e+00
-316.930847508 0.000000e+00
-316.188071009 0.000000e+00
-315.445294511 0.000000e+00
-314.702518012 0.000000e+00
-313.959741514 0.000000e+00
-313.216965015 0.000000e+00
-312.474188517 0.000000e+00
-311.731412018 0.000000e+00
-310.98863552 0.000000e+00
-310.245859021 0.000000e+00
-309.503082522 0.000000e+00
-308.760306024 0.000000e+00
-308.017529525 0.000000e+00
-307.274753027 0.000000e+00
-306.531976528 0.000000e+00
-305.78920003 0.000000e+00
-305.046423531 0.000000e+00
-304.303647033 0.000000e+00
-303.560870534 0.000000e+00
-302.818094036 0.000000e+00
-302.075317537 0.000000e+00
-301.332541038 0.000000e+00
-300.58976454 0.000000e+00
-299.846988041 0.000000e+00
-299.104211543 0.000000e+00
-298.361435044 0.000000e+00
-297.618658546 0.000000e+00
-296.875882047 0.000000e+00
-296.133105549 0.000000e+00
-295.39032905 0.000000e+00
-294.647552551 0.000000e+00
-293.904776053 0.000000e+00
-293.161999554 0.000000e+00
-292.419223056 0.000000e+00
-291.676446557 0.000000e+00
-290.933670059 0.000000e+00
-290.19089356 0.000000e+00
-289.448117062 0.000000e+00
-288.705340563 0.000000e+00
-287.962564064 0.000000e+00
-287.219787566 0.000000e+00
-286.477011067 0.000000e+00
-285.734234569 0.000000e+00
-284.99145807 0.000000e+00
-284.248681572 0.000000e+00
-283.505905073 0.000000e+00
-282.763128575 0.000000e+00
-282.020352076 0.000000e+00
-281.277575578 0.000000e+00
-280.534799079 0.000000e+00
-279.79202258 0.000000e+00
-279.049246082 0.000000e+00
-278.306469583 0.000000e+00
-277.563693085 0.000000e+00
-276.820916586 0.000000e+00
-276.078140088 0.000000e+00
-275.335363589 0.000000e+00
-274.592587091 0.000000e+00
-273.849810592 0.000000e+00
-273.107034093 0.000000e+00
-272.364257595 0.000000e+00
-271.621481096 0.000000e+00
-270.878704598 0.000000e+00
-270.135928099 0.000000e+00
-269.393151601 0.000000e+00
-268.650375102 0.000000e+00
-267.907598604 0.000000e+00
-267.164822105 0.000000e+00
-266.422045606 0.000000e+00
-265.679269108 0.000000e+00
-264.936492609 0.000000e+00
-264.193716111 0.000000e+00
-263.450939612 0.000000e+00
-262.708163114 0.000000e+00
-261.965386615 0.000000e+00
-261.222610117 0.000000e+00
-260.479833618 0.000000e+00
-259.73705712 0.000000e+00
-258.994280621 0.000000e+00
-258.251504122 0.000000e+00
-257.508727624 0.000000e+00
-256.765951125 0.000000e+00
-256.023174627 0.000000e+00
-255.280398128 0.000000e+00
-254.53762163 0.000000e+00
-253.794845131 0.000000e+00
-253.052068633 0.000000e+00
-252.309292134 0.000000e+00
-251.566515635 0.000000e+00
-250.823739137 0.000000e+00
-250.080962638 0.000000e+00
-249.33818614 0.000000e+00
-248.595409641 0.000000e+00
-247.852633143 0.000000e+00
-247.109856644 0.000000e+00
-246.367080146 0.000000e+00
-245.624303647 0.000000e+00
-244.881527148 0.000000e+00
-244.13875065 0.000000e+00
-243.395974151 0.000000e+00
-242.653197653 0.000000e+00
-241.910421154 0.000000e+00
-241.167644656 0.000000e+00
-240.424868157 0.000000e+00
-239.682091659 0.000000e+00
-238.93931516 0.000000e+00
-238.196538662 0.000000e+00
-237.453762163 0.000000e+00
-236.710985664 0.000000e+00
-235.968209166 0.000000e+00
-235.225432667 0.000000e+00
-234.482656169 0.000000e+00
-233.73987967 0.000000e+00
-232.997103172 0.000000e+00
-232.254326673 0.000000e+00
-231.511550175 0.000000e+00
-230.768773676 0.000000e+00
-230.025997177 0.000000e+00
-229.283220679 0.000000e+00
-228.54044418 0.000000e+00
-227.797667682 0.000000e+00
-227.054891183 0.000000e+00
-226.312114685 0.000000e+00
-225.569338186 0.000000e+00
-224.826561688 0.000000e+00
-224.083785189 0.000000e+00
-223.34100869 0.000000e+00
-222.598232192 0.000000e+00
-221.855455693 0.000000e+00
-221.112679195 0.000000e+00
-220.369902696 0.000000e+00
-219.627126198 0.000000e+00
-218.884349699 0.000000e+00
-218.141573201 0.000000e+00
-217.398796702 0.000000e+00
-216.656020204 0.000000e+00
-215.913243705 0.000000e+00
-215.170467206 0.000000e+00
-214.427690708 0.000000e+00
-213.684914209 0.000000e+00
-212.942137711 0.000000e+00
-212.199361212 0.000000e+00
-211.456584714 0.000000e+00
-210.713808215 0.000000e+00
-209.971031717 0.000000e+00
-209.228255218 0.000000e+00
-208.485478719 0.000000e+00
-207.742702221 0.000000e+00
-206.999925722 0.000000e+00
-206.257149224 0.000000e+00
-205.514372725 0.000000e+00
-204.771596227 0.000000e+00
-204.028819728 0.000000e+00
-203.28604323 0.000000e+00
-202.543266731 0.000000e+00
-201.800490232 0.000000e+00
-201.057713734 0.000000e+00
-200.314937235 0.000000e+00
-199.572160737 0.000000e+00
-198.829384238 0.000000e+00
-198.08660774 0.000000e+00
-197.343831241 0.000000e+00
-196.601054743 0.000000e+00
-195.858278244 0.000000e+00
-195.115501746 0.000000e+00
-194.372725247 0.000000e+00
-193.629948748 0.000000e+00
-192.88717225 0.000000e+00
-192.144395751 0.000000e+00
-191.401619253 0.000000e+00
-190.658842754 0.000000e+00
-189.916066256 0.000000e+00
-189.173289757 0.000000e+00
-188.430513259 0.000000e+00
-187.68773676 0.000000e+00
-186.944960261 0.000000e+00
-186.202183763 0.000000e+00
-185.459407264 0.000000e+00
-184.716630766 0.000000e+00
-183.973854267 0.000000e+00
-183.231077769 0.000000e+00
-182.48830127 0.000000e+00
-181.745524772 0.000000e+00
-181.002748273 0.000000e+00
-180.259971774 0.000000e+00
-179.517195276 0.000000e+00
-178.774418777 0.000000e+00
-178.031642279 0.000000e+00
-177.28886578 0.000000e+00
-176.546089282 0.000000e+00
-175.803312783 0.000000e+00
-175.060536285 0.000000e+00
-174.317759786 0.000000e+00
-173.574983288 0.000000e+00
-172.832206789 0.000000e+00
-172.08943029 0.000000e+00
-171.346653792 0.000000e+00
-170.603877293 0.000000e+00
-169.861100795 0.000000e+00
-169.118324296 0.000000e+00
-168.375547798 0.000000e+00
-167.632771299 0.000000e+00
-166.889994801 0.000000e+00
-166.147218302 0.000000e+00
-165.404441803 0.000000e+00
-164.661665305 0.000000e+00
-163.918888806 0.000000e+00
-163.176112308 0.000000e+00
-162.433335809 0.000000e+00
-161.690559311 0.000000e+00
-160.947782812 0.000000e+00
-160.205006314 0.000000e+00
-159.462229815 0.000000e+00
-158.719453316 0.000000e+00
-157.976676818 0.000000e+00
-157.233900319 0.000000e+00
-156.491123821 0.000000e+00
-155.748347322 0.000000e+00
-155.005570824 0.000000e+00
-154.262794325 0.000000e+00
-153.520017827 0.000000e+00
-152.777241328 0.000000e+00
-152.03446483 0.000000e+00
-151.291688331 0.000000e+00
-150.548911832 0.000000e+00
-149.806135334 0.000000e+00
-149.063358835 0.000000e+00
-148.320582337 0.000000e+00
-147.577805838 0.000000e+00
-146.83502934 0.000000e+00
-146.092252841 0.000000e+00
-145.349476343 0.000000e+00
-144.606699844 0.000000e+00
-143.863923345 0.000000e+00
-143.121146847 0.000000e+00
-142.378370348 0.000000e+00
-141.63559385 0.000000e+00
-140.892817351 0.000000e+00
-140.150040853 0.000000e+00
-139.407264354 0.000000e+00
-138.664487856 0.000000e+00
-137.921711357 0.000000e+00
-137.178934859 0.000000e+00
-136.43615836 0.000000e+00
-135.693381861 0.000000e+00
-134.950605363 0.000000e+00
-134.207828864 0.000000e+00
-133.465052366 0.000000e+00
-132.722275867 0.000000e+00
-131.979499369 0.000000e+00
-131.23672287 0.000000e+00
-130.493946372 0.000000e+00
-129.751169873 0.000000e+00
-129.008393374 0.000000e+00
-128.265616876 0.000000e+00
-127.522840377 0.000000e+00
-126.780063879 0.000000e+00
-126.03728738 0.000000e+00
-125.294510882 0.000000e+00
-124.551734383 0.000000e+00
-123.808957885 0.000000e+00
-123.066181386 0.000000e+00
-122.323404887 0.000000e+00
-121.580628389 0.000000e+00
-120.83785189 0.000000e+00
-120.095075392 0.000000e+00
-119.352298893 0.000000e+00
-118.609522395 0.000000e+00
-117.866745896 0.000000e+00
-117.123969398 0.000000e+00
-116.381192899 0.000000e+00
-115.638416401 0.000000e+00
-114.895639902 0.000000e+00
-114.152863403 0.000000e+00
-113.410086905 0.000000e+00
-112.667310406 0.000000e+00
-111.924533908 0.000000e+00
-111.181757409 0.000000e+00
-110.438980911 0.000000e+00
-109.696204412 0.000000e+00
-108.953427914 0.000000e+00
-108.210651415 0.000000e+00
-107.467874916 0.000000e+00
-106.725098418 0.000000e+00
-105.982321919 0.000000e+00
-105.239545421 0.000000e+00
-104.496768922 0.000000e+00
-103.753992424 0.000000e+00
-103.011215925 0.000000e+00
-102.268439427 0.000000e+00
-101.525662928 0.000000e+00
-100.782886429 0.000000e+00
-100.040109931 0.000000e+00
-99.2973334324 0.000000e+00
-98.5545569338 0.000000e+00
-97.8117804353 0.000000e+00
-97.0690039367 0.000000e+00
-96.3262274382 0.000000e+00
-95.5834509396 0.000000e+00
-94.8406744411 0.000000e+00
-94.0978979425 0.000000e+00
-93.355121444 0.000000e+00
-92.6123449454 0.000000e+00
-91.8695684469 0.000000e+00
-91.1267919483 0.000000e+00
-90.3840154498 0.000000e+00
-89.6412389512 0.000000e+00
-88.8984624526 0.000000e+00
-88.1556859541 0.000000e+00
-87.4129094555 0.000000e+00
-86.670132957 0.000000e+00
-85.9273564584 0.000000e+00
-85.1845799599 0.000000e+00
-84.4418034613 0.000000e+00
-83.6990269628 0.000000e+00
-82.9562504642 0.000000e+00
-82.2134739657 0.000000e+00
-81.4706974671 0.000000e+00
-80.7279209686 0.000000e+00
-79.98514447 0.000000e+00
-79.2423679715 0.000000e+00
-78.4995914729 0.000000e+00
-77.7568149744 0.000000e+00
-77.0140384758 0.000000e+00
-76.2712619773 0.000000e+00
-75.5284854787 0.000000e+00
-74.7857089802 0.000000e+00
-74.0429324816 0.000000e+00
-73.3001559831 0.000000e+00
-72.5573794845 0.000000e+00
-71.814602986 0.000000e+00
-71.0718264874 0.000000e+00
-70.3290499889 0.000000e+00
-69.5862734903 0.000000e+00
-68.8434969918 0.000000e+00
-68.1007204932 0.000000e+00
-67.3579439947 0.000000e+00
-66.6151674961 0.000000e+00
-65.8723909975 0.000000e+00
-65.129614499 0.000000e+00
-64.3868380004 0.000000e+00
-63.6440615019 0.000000e+00
-62.9012850033 0.000000e+00
-62.1585085048 0.000000e+00
-61.4157320062 0.000000e+00
-60.6729555077 0.000000e+00
-59.9301790091 0.000000e+00
-59.1874025106 0.000000e+00
-58.444626012 0.000000e+00
-57.7018495135 0.000000e+00
-56.9590730149 0.000000e+00
-56.2162965164 0.000000e+00
-55.4735200178 0.000000e+00
-54.7307435193 0.000000e+00
-53.9879670207 0.000000e+00
-53.2451905222 0.000000e+00
-52.5024140236 0.000000e+00
-51.7596375251 0.000000e+00
-51.0168610265 0.000000e+00
-50.274084528 0.000000e+00
-49.5313080294 0.000000e+00
-48.7885315309 0.000000e+00
-48.0457550323 0.000000e+00
-47.3029785338 0.000000e+00
-46.5602020352 0.000000e+00
-45.8174255367 0.000000e+00
-45.0746490381 0.000000e+00
-44.3318725396 0.000000e+00
-43.589096041 0.000000e+00
-42.8463195424 0.000000e+00
-42.1035430439 0.000000e+00
-41.3607665453 0.000000e+00
-40.6179900468 0.000000e+00
-39.8752135482 0.000000e+00
-39.1324370497 0.000000e+00
-38.3896605511 0.000000e+00
-37.6468840526 0.000000e+00
-36.904107554 0.000000e+00
-36.1613310555 0.000000e+00
-35.4185545569 0.000000e+00
-34.6757780584 0.000000e+00
-33.9330015598 0.000000e+00
-33.1902250613 0.000000e+00
-32.4474485627 0.000000e+00
-31.7046720642 0.000000e+00
-30.9618955656 0.000000e+00
-30.2191190671 0.000000e+00
-29.4763425685 0.000000e+00
-28.73356607 0.000000e+00
-27.9907895714 0.000000e+00
-27.2480130729 0.000000e+00
-26.5052365743 0.000000e+00
-25.7624600758 0.000000e+00
-25.0196835772 0.000000e+00
-24.2769070787 0.000000e+00
-23.5341305801 0.000000e+00
-22.7913540816 0.000000e+00
-22.048577583 0.000000e+00
-21.3058010845 0.000000e+00
-20.5630245859 0.000000e+00
-19.8202480874 0.000000e+00
-19.0774715888 0.000000e+00
-18.3346950902 0.000000e+00
-17.5919185917 0.000000e+00
-16.8491420931 0.000000e+00
-16.1063655946 0.000000e+00
-15.363589096 0.000000e+00
-14.6208125975 0.000000e+00
-13.8780360989 0.000000e+00
-13.1352596004 0.000000e+00
-12.3924831018 0.000000e+00
-11.6497066033 0.000000e+00
-10.9069301047 0.000000e+00
-10.1641536062 0.000000e+00
-9.42137710763 0.000000e+00
-8.67860060908 0.000000e+00
-7.93582411053 0.000000e+00
-7.19304761197 0.000000e+00
-6.45027111342 0.000000e+00
-5.70749461487 0.000000e+00
-4.96471811632 0.000000e+00
-4.22194161777 0.000000e+00
-3.47916511922 0.000000e+00
-2.73638862066 0.000000e+00
-1.99361212211 0.000000e+00
-1.25083562356 0.000000e+00
-0.508059125009 0.000000e+00
0.234717373542 1.616497e-01
0.977493872094 2.200876e-01
1.72027037065 8.323070e-01
2.4630468692 1.000000e+00
3.20582336775 6.249149e-01
3.9485998663 4.134644e-01
4.69137636485 3.434742e-01
5.4341528634 2.878089e-01
6.17692936195 2.347402e-01
6.91970586051 1.662861e-01
7.66248235906 1.381266e-01
8.40525885761 1.405092e-01
9.14803535616 1.113516e-01
9.89081185471 9.537334e-02
10.6335883533 1.065562e-01
11.3763648518 6.335032e-02
12.1191413504 0.000000e+00
12.8619178489 0.000000e+00
13.6046943475 5.469128e-02
14.347470846 0.000000e+00
15.0902473446 5.036076e-02
15.8330238431 0.000000e+00
16.5758003417 0.000000e+00
17.3185768402 0.000000e+00
18.0613533388 0.000000e+00
18.8041298373 0.000000e+00
19.5469063359 0.000000e+00
20.2896828344 0.000000e+00
21.032459333 4.144493e-02
21.7752358315 4.899960e-02
22.5180123301 0.000000e+00
23.2607888286 0.000000e+00
24.0035653272 5.891994e-02
24.7463418257 5.062789e-02
25.4891183243 0.000000e+00
26.2318948228 0.000000e+00
26.9746713214 4.426745e-02
27.71744782 0.000000e+00
28.4602243185 0.000000e+00
29.2030008171 0.000000e+00
29.9457773156 0.000000e+00
30.6885538142 0.000000e+00
31.4313303127 0.000000e+00
32.1741068113 0.000000e+00
32.9168833098 0.000000e+00
33.6596598084 0.000000e+00
34.4024363069 4.013316e-02
35.1452128055 0.000000e+00
35.887989304 0.000000e+00
36.6307658026 0.000000e+00
37.3735423011 0.000000e+00
38.1163187997 4.010248e-02
38.8590952982 0.000000e+00
39.6018717968 0.000000e+00
40.3446482953 0.000000e+00
41.0874247939 3.805180e-02
41.8302012924 0.000000e+00
42.572977791 0.000000e+00
43.3157542895 0.000000e+00
44.0585307881 0.000000e+00
44.8013072866 0.000000e+00
45.5440837852 0.000000e+00
46.2868602837 0.000000e+00
47.0296367823 0.000000e+00
47.7724132808 0.000000e+00
48.5151897794 0.000000e+00
49.2579662779 0.000000e+00
50.0007427765 0.000000e+00
50.7435192751 0.000000e+00
51.4862957736 0.000000e+00
52.2290722722 0.000000e+00
52.9718487707 0.000000e+00
53.7146252693 0.000000e+00
54.4574017678 0.000000e+00
55.2001782664 0.000000e+00
55.9429547649 0.000000e+00
56.6857312635 0.000000e+00
57.428507762 0.000000e+00
58.1712842606 0.000000e+00
58.9140607591 0.000000e+00
59.6568372577 0.000000e+00
60.3996137562 0.000000e+00
61.1423902548 0.000000e+00
61.8851667533 0.000000e+00
62.6279432519 0.000000e+00
63.3707197504 0.000000e+00
64.113496249 0.000000e+00
64.8562727475 0.000000e+00
65.5990492461 0.000000e+00
66.3418257446 0.000000e+00
67.0846022432 0.000000e+00
67.8273787417 0.000000e+00
68.5701552403 0.000000e+00
69.3129317388 0.000000e+00
70.0557082374 0.000000e+00
70.7984847359 0.000000e+00
71.5412612345 0.000000e+00
72.284037733 0.000000e+00
73.0268142316 0.000000e+00
73.7695907301 0.000000e+00
74.5123672287 0.000000e+00
75.2551437273 0.000000e+00
75.9979202258 0.000000e+00
76.7406967244 0.000000e+00
77.4834732229 0.000000e+00
78.2262497215 0.000000e+00
78.96902622 0.000000e+00
79.7118027186 0.000000e+00
80.4545792171 0.000000e+00
81.1973557157 0.000000e+00
81.9401322142 0.000000e+00
82.6829087128 0.000000e+00
83.4256852113 0.000000e+00
84.1684617099 0.000000e+00
84.9112382084 0.000000e+00
85.654014707 0.000000e+00
86.3967912055 0.000000e+00
87.1395677041 0.000000e+00
87.8823442026 0.000000e+00
88.6251207012 0.000000e+00
89.3678971997 0.000000e+00
90.1106736983 0.000000e+00
90.8534501968 0.000000e+00
91.5962266954 0.000000e+00
92.3390031939 0.000000e+00
93.0817796925 0.000000e+00
93.824556191 0.000000e+00
94.5673326896 0.000000e+00
95.3101091881 0.000000e+00
96.0528856867 0.000000e+00
96.7956621852 0.000000e+00
97.5384386838 0.000000e+00
98.2812151824 0.000000e+00
99.0239916809 0.000000e+00
99.7667681795 0.000000e+00
100.509544678 0.000000e+00
101.252321177 0.000000e+00
101.995097675 0.000000e+00
102.737874174 0.000000e+00
103.480650672 0.000000e+00
104.223427171 0.000000e+00
104.966203669 0.000000e+00
105.708980168 0.000000e+00
106.451756666 0.000000e+00
107.194533165 0.000000e+00
107.937309664 0.000000e+00
108.680086162 0.000000e+00
109.422862661 0.000000e+00
110.165639159 0.000000e+00
110.908415658 0.000000e+00
111.651192156 0.000000e+00
112.393968655 0.000000e+00
113.136745153 0.000000e+00
113.879521652 0.000000e+00
114.62229815 0.000000e+00
115.365074649 0.000000e+00
116.107851148 0.000000e+00
116.850627646 0.000000e+00
117.593404145 0.000000e+00
118.336180643 0.000000e+00
119.078957142 0.000000e+00
119.82173364 0.000000e+00
120.564510139 0.000000e+00
121.307286637 0.000000e+00
122.050063136 0.000000e+00
122.792839635 0.000000e+00
123.535616133 0.000000e+00
124.278392632 0.000000e+00
125.02116913 0.000000e+00
125.763945629 0.000000e+00
126.506722127 0.000000e+00
127.249498626 0.000000e+00
127.992275124 0.000000e+00
128.735051623 0.000000e+00
129.477828122 0.000000e+00
130.22060462 0.000000e+00
130.963381119 0.000000e+00
131.706157617 0.000000e+00
132.448934116 0.000000e+00
133.191710614 0.000000e+00
133.934487113 0.000000e+00
134.677263611 0.000000e+00
135.42004011 0.000000e+00
136.162816608 0.000000e+00
136.905593107 0.000000e+00
137.648369606 0.000000e+00
138.391146104 0.000000e+00
139.133922603 0.000000e+00
139.876699101 0.000000e+00
140.6194756 0.000000e+00
141.362252098 0.000000e+00
142.105028597 0.000000e+00
142.847805095 0.000000e+00
143.590581594 0.000000e+00
144.333358093 0.000000e+00
145.076134591 0.000000e+00
145.81891109 0.000000e+00
146.561687588 0.000000e+00
147.304464087 0.000000e+00
148.047240585 0.000000e+00
148.790017084 0.000000e+00
149.532793582 0.000000e+00
150.275570081 0.000000e+00
151.01834658 0.000000e+00
151.761123078 0.000000e+00
152.503899577 0.000000e+00
153.246676075 0.000000e+00
153.989452574 0.000000e+00
154.732229072 0.000000e+00
155.475005571 0.000000e+00
156.217782069 0.000000e+00
156.960558568 0.000000e+00
157.703335066 0.000000e+00
158.446111565 0.000000e+00
159.188888064 0.000000e+00
159.931664562 0.000000e+00
160.674441061 0.000000e+00
161.417217559 0.000000e+00
162.159994058 0.000000e+00
162.902770556 0.000000e+00
163.645547055 0.000000e+00
164.388323553 0.000000e+00
165.131100052 0.000000e+00
165.873876551 0.000000e+00
166.616653049 0.000000e+00
167.359429548 0.000000e+00
168.102206046 0.000000e+00
168.844982545 0.000000e+00
169.587759043 0.000000e+00
170.330535542 0.000000e+00
171.07331204 0.000000e+00
171.816088539 0.000000e+00
172.558865038 0.000000e+00
173.301641536 0.000000e+00
174.044418035 0.000000e+00
174.787194533 0.000000e+00
175.529971032 0.000000e+00
176.27274753 0.000000e+00
177.015524029 0.000000e+00
177.758300527 0.000000e+00
178.501077026 0.000000e+00
179.243853524 0.000000e+00
179.986630023 0.000000e+00
180.729406522 0.000000e+00
181.47218302 0.000000e+00
182.214959519 0.000000e+00
182.957736017 0.000000e+00
183.700512516 0.000000e+00
184.443289014 0.000000e+00
185.186065513 0.000000e+00
185.928842011 0.000000e+00
186.67161851 0.000000e+00
187.414395009 0.000000e+00
188.157171507 0.000000e+00
188.899948006 0.000000e+00
189.642724504 0.000000e+00
190.385501003 0.000000e+00
191.128277501 0.000000e+00
191.871054 0.000000e+00
192.613830498 0.000000e+00
193.356606997 0.000000e+00
194.099383496 0.000000e+00
194.842159994 0.000000e+00
195.584936493 0.000000e+00
196.327712991 0.000000e+00
197.07048949 0.000000e+00
197.813265988 0.000000e+00
198.556042487 0.000000e+00
199.298818985 0.000000e+00
200.041595484 0.000000e+00
200.784371982 0.000000e+00
201.527148481 0.000000e+00
202.26992498 0.000000e+00
203.012701478 0.000000e+00
203.755477977 0.000000e+00
204.498254475 0.000000e+00
205.241030974 0.000000e+00
205.983807472 0.000000e+00
206.726583971 0.000000e+00
207.469360469 0.000000e+00
208.212136968 0.000000e+00
208.954913467 0.000000e+00
209.697689965 0.000000e+00
210.440466464 0.000000e+00
211.183242962 0.000000e+00
211.926019461 0.000000e+00
212.668795959 0.000000e+00
213.411572458 0.000000e+00
214.154348956 0.000000e+00
214.897125455 0.000000e+00
215.639901954 0.000000e+00
216.382678452 0.000000e+00
217.125454951 0.000000e+00
217.868231449 0.000000e+00
218.611007948 0.000000e+00
219.353784446 0.000000e+00
220.096560945 0.000000e+00
220.839337443 0.000000e+00
221.582113942 0.000000e+00
222.32489044 0.000000e+00
223.067666939 0.000000e+00
223.810443438 0.000000e+00
224.553219936 0.000000e+00
225.295996435 0.000000e+00
226.038772933 0.000000e+00
226.781549432 0.000000e+00
227.52432593 0.000000e+00
228.267102429 0.000000e+00
229.009878927 0.000000e+00
229.752655426 0.000000e+00
230.495431925 0.000000e+00
231.238208423 0.000000e+00
231.980984922 0.000000e+00
232.72376142 0.000000e+00
233.466537919 0.000000e+00
234.209314417 0.000000e+00
234.952090916 0.000000e+00
235.694867414 0.000000e+00
236.437643913 0.000000e+00
237.180420411 0.000000e+00
237.92319691 0.000000e+00
238.665973409 0.000000e+00
239.408749907 0.000000e+00
240.151526406 0.000000e+00
240.894302904 0.000000e+00
241.637079403 0.000000e+00
242.379855901 0.000000e+00
243.1226324 0.000000e+00
243.865408898 0.000000e+00
244.608185397 0.000000e+00
245.350961896 0.000000e+00
246.093738394 0.000000e+00
246.836514893 0.000000e+00
247.579291391 0.000000e+00
248.32206789 0.000000e+00
249.064844388 0.000000e+00
249.807620887 0.000000e+00
250.550397385 0.000000e+00
251.293173884 0.000000e+00
252.035950383 0.000000e+00
252.778726881 0.000000e+00
253.52150338 0.000000e+00
254.264279878 0.000000e+00
255.007056377 0.000000e+00
255.749832875 0.000000e+00
256.492609374 0.000000e+00
257.235385872 0.000000e+00
257.978162371 0.000000e+00
258.720938869 0.000000e+00
259.463715368 0.000000e+00
260.206491867 0.000000e+00
260.949268365 0.000000e+00
261.692044864 0.000000e+00
262.434821362 0.000000e+00
263.177597861 0.000000e+00
263.920374359 0.000000e+00
264.663150858 0.000000e+00
265.405927356 0.000000e+00
266.148703855 0.000000e+00
266.891480354 0.000000e+00
267.634256852 0.000000e+00
268.377033351 0.000000e+00
269.119809849 0.000000e+00
269.862586348 0.000000e+00
270.605362846 0.000000e+00
271.348139345 0.000000e+00
272.090915843 0.000000e+00
272.833692342 0.000000e+00
273.576468841 0.000000e+00
274.319245339 0.000000e+00
275.062021838 0.000000e+00
275.804798336 0.000000e+00
276.547574835 0.000000e+00
277.290351333 0.000000e+00
278.033127832 0.000000e+00
278.77590433 0.000000e+00
279.518680829 0.000000e+00
280.261457327 0.000000e+00
281.004233826 0.000000e+00
281.747010325 0.000000e+00
282.489786823 0.000000e+00
283.232563322 0.000000e+00
283.97533982 0.000000e+00
284.718116319 0.000000e+00
285.460892817 0.000000e+00
286.203669316 0.000000e+00
286.946445814 0.000000e+00
287.689222313 0.000000e+00
288.431998812 0.000000e+00
289.17477531 0.000000e+00
289.917551809 0.000000e+00
290.660328307 0.000000e+00
291.403104806 0.000000e+00
292.145881304 0.000000e+00
292.888657803 0.000000e+00
293.631434301 0.000000e+00
294.3742108 0.000000e+00
295.116987299 0.000000e+00
295.859763797 0.000000e+00
296.602540296 0.000000e+00
297.345316794 0.000000e+00
298.088093293 0.000000e+00
298.830869791 0.000000e+00
299.57364629 0.000000e+00
300.316422788 0.000000e+00
301.059199287 0.000000e+00
301.801975785 0.000000e+00
302.544752284 0.000000e+00
303.287528783 0.000000e+00
304.030305281 0.000000e+00
304.77308178 0.000000e+00
305.515858278 0.000000e+00
306.258634777 0.000000e+00
307.001411275 0.000000e+00
307.744187774 0.000000e+00
308.486964272 0.000000e+00
309.229740771 0.000000e+00
309.97251727 0.000000e+00
310.715293768 0.000000e+00
311.458070267 0.000000e+00
312.200846765 0.000000e+00
312.943623264 0.000000e+00
313.686399762 0.000000e+00
314.429176261 0.000000e+00
315.171952759 0.000000e+00
315.914729258 0.000000e+00
316.657505757 0.000000e+00
317.400282255 0.000000e+00
318.143058754 0.000000e+00
318.885835252 0.000000e+00
319.628611751 0.000000e+00
320.371388249 0.000000e+00
321.114164748 0.000000e+00
321.856941246 0.000000e+00
322.599717745 0.000000e+00
323.342494243 0.000000e+00
324.085270742 0.000000e+00
324.828047241 0.000000e+00
325.570823739 0.000000e+00
326.313600238 0.000000e+00
327.056376736 0.000000e+00
327.799153235 0.000000e+00
328.541929733 0.000000e+00
329.284706232 0.000000e+00
330.02748273 0.000000e+00
330.770259229 0.000000e+00
331.513035728 0.000000e+00
332.255812226 0.000000e+00
332.998588725 0.000000e+00
333.741365223 0.000000e+00
334.484141722 0.000000e+00
335.22691822 0.000000e+00
335.969694719 0.000000e+00
336.712471217 0.000000e+00
337.455247716 0.000000e+00
338.198024215 0.000000e+00
338.940800713 0.000000e+00
339.683577212 0.000000e+00
340.42635371 0.000000e+00
341.169130209 0.000000e+00
341.911906707 0.000000e+00
342.654683206 0.000000e+00
343.397459704 0.000000e+00
344.140236203 0.000000e+00
344.883012701 0.000000e+00
345.6257892 0.000000e+00
346.368565699 0.000000e+00
347.111342197 0.000000e+00
347.854118696 0.000000e+00
348.596895194 0.000000e+00
349.339671693 0.000000e+00
350.082448191 0.000000e+00
350.82522469 0.000000e+00
351.568001188 0.000000e+00
352.310777687 0.000000e+00
353.053554186 0.000000e+00
353.796330684 0.000000e+00
354.539107183 0.000000e+00
355.281883681 0.000000e+00
356.02466018 0.000000e+00
356.767436678 0.000000e+00
357.510213177 0.000000e+00
358.252989675 0.000000e+00
358.995766174 0.000000e+00
359.738542673 0.000000e+00
360.481319171 0.000000e+00
361.22409567 0.000000e+00
361.966872168 0.000000e+00
362.709648667 0.000000e+00
363.452425165 0.000000e+00
364.195201664 0.000000e+00
364.937978162 0.000000e+00
365.680754661 0.000000e+00
366.423531159 0.000000e+00
367.166307658 0.000000e+00
367.909084157 0.000000e+00
368.651860655 0.000000e+00
369.394637154 0.000000e+00
370.137413652 0.000000e+00
370.880190151 0.000000e+00
371.622966649 0.000000e+00
372.365743148 0.000000e+00
373.108519646 0.000000e+00
373.851296145 0.000000e+00
374.594072644 0.000000e+00
375.336849142 0.000000e+00
376.079625641 0.000000e+00
376.822402139 0.000000e+00
377.565178638 0.000000e+00
378.307955136 0.000000e+00
379.050731635 0.000000e+00
379.793508133 0.000000e+00
380.536284632 0.000000e+00
381.279061131 0.000000e+00
382.021837629 0.000000e+00
382.764614128 0.000000e+00
383.507390626 0.000000e+00
384.250167125 0.000000e+00
384.992943623 0.000000e+00
385.735720122 0.000000e+00
386.47849662 0.000000e+00
387.221273119 0.000000e+00
387.964049617 0.000000e+00
388.706826116 0.000000e+00
389.449602615 0.000000e+00
390.192379113 0.000000e+00
390.935155612 0.000000e+00
391.67793211 0.000000e+00
392.420708609 0.000000e+00
393.163485107 0.000000e+00
393.906261606 0.000000e+00
394.649038104 0.000000e+00
395.391814603 0.000000e+00
396.134591102 0.000000e+00
396.8773676 0.000000e+00
397.620144099 0.000000e+00
398.362920597 0.000000e+00
399.105697096 0.000000e+00
399.848473594 0.000000e+00
400.591250093 0.000000e+00
401.334026591 0.000000e+00
402.07680309 0.000000e+00
402.819579589 0.000000e+00
403.562356087 0.000000e+00
404.305132586 0.000000e+00
405.047909084 0.000000e+00
405.790685583 0.000000e+00
406.533462081 0.000000e+00
407.27623858 0.000000e+00
408.019015078 0.000000e+00
408.761791577 0.000000e+00
409.504568075 0.000000e+00
410.247344574 0.000000e+00
410.990121073 0.000000e+00
411.732897571 0.000000e+00
412.47567407 0.000000e+00
413.218450568 0.000000e+00
413.961227067 0.000000e+00
414.704003565 0.000000e+00
415.446780064 0.000000e+00
416.189556562 0.000000e+00
416.932333061 0.000000e+00
417.67510956 0.000000e+00
418.417886058 0.000000e+00
419.160662557 0.000000e+00
419.903439055 0.000000e+00
420.646215554 0.000000e+00
421.388992052 0.000000e+00
422.131768551 0.000000e+00
422.874545049 0.000000e+00
423.617321548 0.000000e+00
424.360098046 0.000000e+00
425.102874545 0.000000e+00
425.845651044 0.000000e+00
426.588427542 0.000000e+00
427.331204041 0.000000e+00
428.073980539 0.000000e+00
428.816757038 0.000000e+00
429.559533536 0.000000e+00
430.302310035 0.000000e+00
431.045086533 0.000000e+00
431.787863032 0.000000e+00
432.530639531 0.000000e+00
433.273416029 0.000000e+00
434.016192528 0.000000e+00
434.758969026 0.000000e+00
435.501745525 0.000000e+00
436.244522023 0.000000e+00
436.987298522 0.000000e+00
437.73007502 0.000000e+00
438.472851519 0.000000e+00
439.215628018 0.000000e+00
439.958404516 0.000000e+00
440.701181015 0.000000e+00
441.443957513 0.000000e+00
442.186734012 0.000000e+00
442.92951051 0.000000e+00
443.672287009 0.000000e+00
444.415063507 0.000000e+00
445.157840006 0.000000e+00
445.900616504 0.000000e+00
446.643393003 0.000000e+00
447.386169502 0.000000e+00
448.128946 0.000000e+00
448.871722499 0.000000e+00
449.614498997 0.000000e+00
450.357275496 0.000000e+00
451.100051994 0.000000e+00
451.842828493 0.000000e+00
452.585604991 0.000000e+00
453.32838149 0.000000e+00
454.071157989 0.000000e+00
454.813934487 0.000000e+00
455.556710986 0.000000e+00
456.299487484 0.000000e+00
457.042263983 0.000000e+00
457.785040481 0.000000e+00
458.52781698 0.000000e+00
459.270593478 0.000000e+00
460.013369977 0.000000e+00
460.756146476 0.000000e+00
461.498922974 0.000000e+00
462.241699473 0.000000e+00
462.984475971 0.000000e+00
463.72725247 0.000000e+00
464.470028968 0.000000e+00
465.212805467 0.000000e+00
465.955581965 0.000000e+00
466.698358464 0.000000e+00
467.441134962 0.000000e+00
468.183911461 0.000000e+00
468.92668796 0.000000e+00
469.669464458 0.000000e+00
470.412240957 0.000000e+00
471.155017455 0.000000e+00
471.897793954 0.000000e+00
472.640570452 0.000000e+00
473.383346951 0.000000e+00
474.126123449 0.000000e+00
474.868899948 0.000000e+00
475.611676447 0.000000e+00
476.354452945 0.000000e+00
477.097229444 0.000000e+00
477.840005942 0.000000e+00
478.582782441 0.000000e+00
479.325558939 0.000000e+00
480.068335438 0.000000e+00
480.811111936 0.000000e+00
481.553888435 0.000000e+00
482.296664934 0.000000e+00
483.039441432 0.000000e+00
483.782217931 0.000000e+00
484.524994429 0.000000e+00
485.267770928 0.000000e+00
486.010547426 0.000000e+00
486.753323925 0.000000e+00
487.496100423 0.000000e+00
488.238876922 0.000000e+00
488.98165342 0.000000e+00
489.724429919 0.000000e+00
490.467206418 0.000000e+00
491.209982916 0.000000e+00
491.952759415 0.000000e+00
492.695535913 0.000000e+00
493.438312412 0.000000e+00
494.18108891 0.000000e+00
494.923865409 0.000000e+00
495.666641907 0.000000e+00
496.409418406 0.000000e+00
497.152194905 0.000000e+00
497.894971403 0.000000e+00
498.637747902 0.000000e+00
499.3805244 0.000000e+00
500.123300899 0.000000e+00
500.866077397 0.000000e+00
501.608853896 0.000000e+00
502.351630394 0.000000e+00
503.094406893 0.000000e+00
503.837183392 0.000000e+00
504.57995989 0.000000e+00
505.322736389 0.000000e+00
506.065512887 0.000000e+00
506.808289386 0.000000e+00
507.551065884 0.000000e+00
508.293842383 0.000000e+00
509.036618881 0.000000e+00
509.77939538 0.000000e+00
510.522171878 0.000000e+00
511.264948377 0.000000e+00
512.007724876 0.000000e+00
512.750501374 0.000000e+00
513.493277873 0.000000e+00
514.236054371 0.000000e+00
514.97883087 0.000000e+00
515.721607368 0.000000e+00
516.464383867 0.000000e+00
517.207160365 0.000000e+00
517.949936864 0.000000e+00
518.692713363 0.000000e+00
519.435489861 0.000000e+00
520.17826636 0.000000e+00
520.921042858 0.000000e+00
521.663819357 0.000000e+00
522.406595855 0.000000e+00
523.149372354 0.000000e+00
523.892148852 0.000000e+00
524.634925351 0.000000e+00
525.37770185 0.000000e+00
526.120478348 0.000000e+00
526.863254847 0.000000e+00
527.606031345 0.000000e+00
528.348807844 0.000000e+00
529.091584342 0.000000e+00
529.834360841 0.000000e+00
530.577137339 0.000000e+00
531.319913838 0.000000e+00
532.062690336 0.000000e+00
532.805466835 0.000000e+00
533.548243334 0.000000e+00
534.291019832 0.000000e+00
535.033796331 0.000000e+00
535.776572829 0.000000e+00
536.519349328 0.000000e+00
537.262125826 0.000000e+00
538.004902325 0.000000e+00
538.747678823 0.000000e+00
539.490455322 0.000000e+00
540.233231821 0.000000e+00
540.976008319 0.000000e+00
541.718784818 0.000000e+00
542.461561316 0.000000e+00
543.204337815 0.000000e+00
543.947114313 0.000000e+00
544.689890812 0.000000e+00
545.43266731 0.000000e+00
546.175443809 0.000000e+00
546.918220308 0.000000e+00
547.660996806 0.000000e+00
548.403773305 0.000000e+00
549.146549803 0.000000e+00
549.889326302 0.000000e+00
550.6321028 0.000000e+00
551.374879299 0.000000e+00
552.117655797 0.000000e+00
552.860432296 0.000000e+00
553.603208794 0.000000e+00
554.345985293 0.000000e+00
555.088761792 0.000000e+00
555.83153829 0.000000e+00
556.574314789 0.000000e+00
557.317091287 0.000000e+00
558.059867786 0.000000e+00
558.802644284 0.000000e+00
559.545420783 0.000000e+00
560.288197281 0.000000e+00
561.03097378 0.000000e+00
561.773750279 0.000000e+00
562.516526777 0.000000e+00
563.259303276 0.000000e+00
564.002079774 0.000000e+00
564.744856273 0.000000e+00
565.487632771 0.000000e+00
566.23040927 0.000000e+00
566.973185768 0.000000e+00
567.715962267 0.000000e+00
568.458738766 0.000000e+00
569.201515264 0.000000e+00
569.944291763 0.000000e+00
570.687068261 0.000000e+00
571.42984476 0.000000e+00
572.172621258 0.000000e+00
572.915397757 0.000000e+00
573.658174255 0.000000e+00
574.400950754 0.000000e+00
575.143727252 0.000000e+00
575.886503751 0.000000e+00
576.62928025 0.000000e+00
577.372056748 0.000000e+00
578.114833247 0.000000e+00
578.857609745 0.000000e+00
579.600386244 0.000000e+00
580.343162742 0.000000e+00
581.085939241 0.000000e+00
581.828715739 0.000000e+00
582.571492238 0.000000e+00
583.314268737 0.000000e+00
584.057045235 0.000000e+00
584.799821734 0.000000e+00
585.542598232 0.000000e+00
586.285374731 0.000000e+00
587.028151229 0.000000e+00
587.770927728 0.000000e+00
588.513704226 0.000000e+00
589.256480725 0.000000e+00
589.999257224 0.000000e+00
590.742033722 0.000000e+00
591.484810221 0.000000e+00
592.227586719 0.000000e+00
592.970363218 0.000000e+00
593.713139716 0.000000e+00
594.455916215 0.000000e+00
595.198692713 0.000000e+00
595.941469212 0.000000e+00
596.68424571 0.000000e+00
597.427022209 0.000000e+00
598.169798708 0.000000e+00
598.912575206 0.000000e+00
599.655351705 0.000000e+00
600.398128203 0.000000e+00
601.140904702 0.000000e+00
601.8836812 0.000000e+00
602.626457699 0.000000e+00
603.369234197 0.000000e+00
604.112010696 0.000000e+00
604.854787195 0.000000e+00
605.597563693 0.000000e+00
606.340340192 0.000000e+00
607.08311669 0.000000e+00
607.825893189 0.000000e+00
608.568669687 0.000000e+00
609.311446186 0.000000e+00
610.054222684 0.000000e+00
610.796999183 0.000000e+00
611.539775681 0.000000e+00
612.28255218 0.000000e+00
613.025328679 0.000000e+00
613.768105177 0.000000e+00
614.510881676 0.000000e+00
615.253658174 0.000000e+00
615.996434673 0.000000e+00
616.739211171 0.000000e+00
617.48198767 0.000000e+00
618.224764168 0.000000e+00
618.967540667 0.000000e+00
619.710317166 0.000000e+00
620.453093664 0.000000e+00
621.195870163 0.000000e+00
621.938646661 0.000000e+00
622.68142316 0.000000e+00
623.424199658 0.000000e+00
624.166976157 0.000000e+00
624.909752655 0.000000e+00
625.652529154 0.000000e+00
626.395305653 0.000000e+00
627.138082151 0.000000e+00
627.88085865 0.000000e+00
628.623635148 0.000000e+00
629.366411647 0.000000e+00
630.109188145 0.000000e+00
630.851964644 0.000000e+00
631.594741142 0.000000e+00
632.337517641 0.000000e+00
633.080294139 0.000000e+00
633.823070638 0.000000e+00
634.565847137 0.000000e+00
635.308623635 0.000000e+00
636.051400134 0.000000e+00
636.794176632 0.000000e+00
637.536953131 0.000000e+00
638.279729629 0.000000e+00
639.022506128 0.000000e+00
639.765282626 0.000000e+00
640.508059125 0.000000e+00
641.250835624 0.000000e+00
641.993612122 0.000000e+00
642.736388621 0.000000e+00
643.479165119 0.000000e+00
644.221941618 0.000000e+00
644.964718116 0.000000e+00
645.707494615 0.000000e+00
646.450271113 0.000000e+00
647.193047612 0.000000e+00
647.935824111 0.000000e+00
648.678600609 0.000000e+00
649.421377108 0.000000e+00
650.164153606 0.000000e+00
650.906930105 0.000000e+00
651.649706603 0.000000e+00
652.392483102 0.000000e+00
653.1352596 0.000000e+00
653.878036099 0.000000e+00
654.620812597 0.000000e+00
655.363589096 0.000000e+00
656.106365595 0.000000e+00
656.849142093 0.000000e+00
657.591918592 0.000000e+00
658.33469509 0.000000e+00
659.077471589 0.000000e+00
659.820248087 0.000000e+00
660.563024586 0.000000e+00
661.305801084 0.000000e+00
662.048577583 0.000000e+00
662.791354082 0.000000e+00
663.53413058 0.000000e+00
664.276907079 0.000000e+00
665.019683577 0.000000e+00
665.762460076 0.000000e+00
666.505236574 0.000000e+00
667.248013073 0.000000e+00
667.990789571 0.000000e+00
668.73356607 0.000000e+00
669.476342569 0.000000e+00
670.219119067 0.000000e+00
670.961895566 0.000000e+00
671.704672064 0.000000e+00
672.447448563 0.000000e+00
673.190225061 0.000000e+00
673.93300156 0.000000e+00
674.675778058 0.000000e+00
675.418554557 0.000000e+00
676.161331055 0.000000e+00
676.904107554 0.000000e+00
677.646884053 0.000000e+00
678.389660551 0.000000e+00
679.13243705 0.000000e+00
679.875213548 0.000000e+00
680.617990047 0.000000e+00
681.360766545 0.000000e+00
682.103543044 0.000000e+00
682.846319542 0.000000e+00
683.589096041 0.000000e+00
684.33187254 0.000000e+00
685.074649038 0.000000e+00
685.817425537 0.000000e+00
686.560202035 0.000000e+00
687.302978534 0.000000e+00
688.045755032 0.000000e+00
688.788531531 0.000000e+00
689.531308029 0.000000e+00
690.274084528 0.000000e+00
691.016861027 0.000000e+00
691.759637525 0.000000e+00
692.502414024 0.000000e+00
693.245190522 0.000000e+00
693.987967021 0.000000e+00
694.730743519 0.000000e+00
695.473520018 0.000000e+00
696.216296516 0.000000e+00
696.959073015 0.000000e+00
697.701849513 0.000000e+00
698.444626012 0.000000e+00
699.187402511 0.000000e+00
699.930179009 0.000000e+00
700.672955508 0.000000e+00
701.415732006 0.000000e+00
702.158508505 0.000000e+00
702.901285003 0.000000e+00
703.644061502 0.000000e+00
704.386838 0.000000e+00
705.129614499 0.000000e+00
705.872390998 0.000000e+00
706.615167496 0.000000e+00
707.357943995 0.000000e+00
708.100720493 0.000000e+00
708.843496992 0.000000e+00
709.58627349 0.000000e+00
710.329049989 0.000000e+00
711.071826487 0.000000e+00
711.814602986 0.000000e+00
712.557379485 0.000000e+00
713.300155983 0.000000e+00
714.042932482 0.000000e+00
714.78570898 0.000000e+00
715.528485479 0.000000e+00
716.271261977 0.000000e+00
717.014038476 0.000000e+00
717.756814974 0.000000e+00
718.499591473 0.000000e+00
719.242367971 0.000000e+00
719.98514447 0.000000e+00
720.727920969 0.000000e+00
721.470697467 0.000000e+00
722.213473966 0.000000e+00
722.956250464 0.000000e+00
723.699026963 0.000000e+00
724.441803461 0.000000e+00
725.18457996 0.000000e+00
725.927356458 0.000000e+00
726.670132957 0.000000e+00
727.412909456 0.000000e+00
728.155685954 0.000000e+00
728.898462453 0.000000e+00
729.641238951 0.000000e+00
730.38401545 0.000000e+00
731.126791948 0.000000e+00
731.869568447 0.000000e+00
732.612344945 0.000000e+00
733.355121444 0.000000e+00
734.097897943 0.000000e+00
734.840674441 0.000000e+00
735.58345094 0.000000e+00
736.326227438 0.000000e+00
737.069003937 0.000000e+00
737.811780435 0.000000e+00
738.554556934 0.000000e+00
739.297333432 0.000000e+00
740.040109931 0.000000e+00
740.782886429 0.000000e+00
741.525662928 0.000000e+00
742.268439427 0.000000e+00
743.011215925 0.000000e+00
743.753992424 0.000000e+00
744.496768922 0.000000e+00
745.239545421 0.000000e+00
745.982321919 0.000000e+00
746.725098418 0.000000e+00
747.467874916 0.000000e+00
748.210651415 0.000000e+00
748.953427914 0.000000e+00
749.696204412 0.000000e+00
750.438980911 0.000000e+00
751.181757409 0.000000e+00
751.924533908 0.000000e+00
752.667310406 0.000000e+00
753.410086905 0.000000e+00
754.152863403 0.000000e+00
754.895639902 0.000000e+00
755.638416401 0.000000e+00
756.381192899 0.000000e+00
757.123969398 0.000000e+00
757.866745896 0.000000e+00
758.609522395 0.000000e+00
759.352298893 0.000000e+00
760.095075392 0.000000e+00
760.83785189 0.000000e+00
761.580628389 0.000000e+00
762.323404887 0.000000e+00
763.066181386 0.000000e+00
763.808957885 0.000000e+00
764.551734383 0.000000e+00
765.294510882 0.000000e+00
766.03728738 0.000000e+00
766.780063879 0.000000e+00
767.522840377 0.000000e+00
768.265616876 0.000000e+00
769.008393374 0.000000e+00
769.751169873 0.000000e+00
770.493946372 0.000000e+00
771.23672287 0.000000e+00
771.979499369 0.000000e+00
772.722275867 0.000000e+00
773.465052366 0.000000e+00
774.207828864 0.000000e+00
