-610.485454882 0.0
-609.485454882 0.0
-608.485454882 0.0
-607.485454882 0.0
-606.485454882 0.0
-605.485454882 0.0
-604.485454882 0.0
-603.485454882 0.0
-602.485454882 0.0
-601.485454882 0.0
-600.485454882 0.0
-599.485454882 0.0
-598.485454882 0.0
-597.485454882 0.0
-596.485454882 0.0
-595.485454882 0.0
-594.485454882 0.0
-593.485454882 0.0
-592.485454882 0.0
-591.485454882 0.0
-590.485454882 0.0
-589.485454882 0.0
-588.485454882 0.0
-587.485454882 0.0
-586.485454882 0.0
-585.485454882 0.0
-584.485454882 0.0
-583.485454882 0.0
-582.485454882 0.0
-581.485454882 0.0
-580.485454882 0.0
-579.485454882 0.0
-578.485454882 0.0
-577.485454882 0.0
-576.485454882 0.0
-575.485454882 0.0
-574.485454882 0.0
-573.485454882 0.0
-572.485454882 0.0
-571.485454882 0.0
-570.485454882 0.0
-569.485454882 0.0
-568.485454882 0.0
-567.485454882 0.0
-566.485454882 0.0
-565.485454882 0.0
-564.485454882 0.0
-563.485454882 0.0
-562.485454882 0.0
-561.485454882 0.0
-560.485454882 0.0
-559.485454882 0.0
-558.485454882 0.0
-557.485454882 0.0
-556.485454882 0.0
-555.485454882 0.0
-554.485454882 0.0
-553.485454882 0.0
-552.485454882 0.0
-551.485454882 0.0
-550.485454882 0.0
-549.485454882 0.0
-548.485454882 0.0
-547.485454882 0.0
-546.485454882 0.0
-545.485454882 0.0
-544.485454882 0.0
-543.485454882 0.0
-542.485454882 0.0
-541.485454882 0.0
-540.485454882 0.0
-539.485454882 0.0
-538.485454882 0.0
-537.485454882 0.0
-536.485454882 0.0
-535.485454882 0.0
-534.485454882 0.0
-533.485454882 0.0
-532.485454882 0.0
-531.485454882 0.0
-530.485454882 0.0
-529.485454882 0.0
-528.485454882 0.0
-527.485454882 0.0
-526.485454882 0.0
-525.485454882 0.0
-524.485454882 0.0
-523.485454882 0.0
-522.485454882 0.0
-521.485454882 0.0
-520.485454882 0.0
-519.485454882 0.0
-518.485454882 0.0
-517.485454882 0.0
-516.485454882 0.0
-515.485454882 0.0
-514.485454882 0.0
-513.485454882 0.0
-512.485454882 0.0
-511.485454882 0.0
-510.485454882 0.0
-509.485454882 0.0
-508.485454882 0.0
-507.485454882 0.0
-506.485454882 0.0
-505.485454882 0.0
-504.485454882 0.0
-503.485454882 0.0
-502.485454882 0.0
-501.485454882 0.0
-500.485454882 0.0
-499.485454882 0.0
-498.485454882 0.0
-497.485454882 0.0
-496.485454882 0.0
-495.485454882 0.0
-494.485454882 0.0
-493.485454882 0.0
-492.485454882 0.0
-491.485454882 0.0
-490.485454882 0.0
-489.485454882 0.0
-488.485454882 0.0
-487.485454882 0.0
-486.485454882 0.0
-485.485454882 0.0
-484.485454882 0.0
-483.485454882 0.0
-482.485454882 0.0
-481.485454882 0.0
-480.485454882 0.0
-479.485454882 0.0
-478.485454882 0.0
-477.485454882 0.0
-476.485454882 0.0
-475.485454882 0.0
-474.485454882 0.0
-473.485454882 0.0
-472.485454882 0.0
-471.485454882 0.0
-470.485454882 0.0
-469.485454882 0.0
-468.485454882 0.0
-467.485454882 0.0
-466.485454882 0.0
-465.485454882 0.0
-464.485454882 0.0
-463.485454882 0.0
-462.485454882 0.0
-461.485454882 0.0
-460.485454882 0.0
-459.485454882 0.0
-458.485454882 0.0
-457.485454882 0.0
-456.485454882 0.0
-455.485454882 0.0
-454.485454882 0.0
-453.485454882 0.0
-452.485454882 0.0
-451.485454882 0.0
-450.485454882 0.0
-449.485454882 0.0
-448.485454882 0.0
-447.485454882 0.0
-446.485454882 0.0
-445.485454882 0.0
-444.485454882 0.0
-443.485454882 0.0
-442.485454882 0.0
-441.485454882 0.0
-440.485454882 0.0
-439.485454882 0.0
-438.485454882 0.0
-437.485454882 0.0
-436.485454882 0.0
-435.485454882 0.0
-434.485454882 0.0
-433.485454882 0.0
-432.485454882 0.0
-431.485454882 0.0
-430.485454882 0.0
-429.485454882 0.0
-428.485454882 0.0
-427.485454882 0.0
-426.485454882 0.0
-425.485454882 0.0
-424.485454882 0.0
-423.485454882 0.0
-422.485454882 0.0
-421.485454882 0.0
-420.485454882 0.0
-419.485454882 0.0
-418.485454882 0.0
-417.485454882 0.0
-416.485454882 0.0
-415.485454882 0.0
-414.485454882 0.0
-413.485454882 0.0
-412.485454882 0.0
-411.485454882 0.0
-410.485454882 0.0
-409.485454882 0.0
-408.485454882 0.0
-407.485454882 0.0
-406.485454882 0.0
-405.485454882 0.0
-404.485454882 0.0
-403.485454882 0.0
-402.485454882 0.0
-401.485454882 0.0
-400.485454882 0.0
-399.485454882 0.0
-398.485454882 0.0
-397.485454882 0.0
-396.485454882 0.0
-395.485454882 0.0
-394.485454882 0.0
-393.485454882 0.0
-392.485454882 0.0
-391.485454882 0.0
-390.485454882 0.0
-389.485454882 0.0
-388.485454882 0.0
-387.485454882 0.0
-386.485454882 0.0
-385.485454882 0.0
-384.485454882 0.0
-383.485454882 0.0
-382.485454882 0.0
-381.485454882 0.0
-380.485454882 0.0
-379.485454882 0.0
-378.485454882 0.0
-377.485454882 0.0
-376.485454882 0.0
-375.485454882 0.0
-374.485454882 0.0
-373.485454882 0.0
-372.485454882 0.0
-371.485454882 0.0
-370.485454882 0.0
-369.485454882 0.0
-368.485454882 0.0
-367.485454882 0.0
-366.485454882 0.0
-365.485454882 0.0
-364.485454882 0.0
-363.485454882 0.0
-362.485454882 0.0
-361.485454882 0.0
-360.485454882 0.0
-359.485454882 0.0
-358.485454882 0.0
-357.485454882 0.0
-356.485454882 0.0
-355.485454882 0.0
-354.485454882 0.0
-353.485454882 0.0
-352.485454882 0.0
-351.485454882 0.0
-350.485454882 0.0
-349.485454882 0.0
-348.485454882 0.0
-347.485454882 0.0
-346.485454882 0.0
-345.485454882 0.0
-344.485454882 0.0
-343.485454882 0.0
-342.485454882 0.0
-341.485454882 0.0
-340.485454882 0.0
-339.485454882 0.0
-338.485454882 0.0
-337.485454882 0.0
-336.485454882 0.0
-335.485454882 0.0
-334.485454882 0.0
-333.485454882 0.0
-332.485454882 0.0
-331.485454882 0.0
-330.485454882 0.0
-329.485454882 0.0
-328.485454882 0.0
-327.485454882 0.0
-326.485454882 0.0
-325.485454882 0.0
-324.485454882 0.0
-323.485454882 0.0
-322.485454882 0.0
-321.485454882 0.0
-320.485454882 0.0
-319.485454882 0.0
-318.485454882 0.0
-317.485454882 0.0
-316.485454882 0.0
-315.485454882 0.0
-314.485454882 0.0
-313.485454882 0.0
-312.485454882 0.0
-311.485454882 0.0
-310.485454882 0.0
-309.485454882 0.0
-308.485454882 0.0
-307.485454882 0.0
-306.485454882 0.0
-305.485454882 0.0
-304.485454882 0.0
-303.485454882 0.0
-302.485454882 0.0
-301.485454882 0.0
-300.485454882 0.0
-299.485454882 0.0
-298.485454882 0.0
-297.485454882 0.0
-296.485454882 0.0
-295.485454882 0.0
-294.485454882 0.0
-293.485454882 0.0
-292.485454882 0.0
-291.485454882 0.0
-290.485454882 0.0
-289.485454882 0.0
-288.485454882 0.0
-287.485454882 0.0
-286.485454882 0.0
-285.485454882 0.0
-284.485454882 0.0
-283.485454882 0.0
-282.485454882 0.0
-281.485454882 0.0
-280.485454882 0.0
-279.485454882 0.0
-278.485454882 0.0
-277.485454882 0.0
-276.485454882 0.0
-275.485454882 0.0
-274.485454882 0.0
-273.485454882 0.0
-272.485454882 0.0
-271.485454882 0.0
-270.485454882 0.0
-269.485454882 0.0
-268.485454882 0.0
-267.485454882 0.0
-266.485454882 0.0
-265.485454882 0.0
-264.485454882 0.0
-263.485454882 0.0
-262.485454882 0.0
-261.485454882 0.0
-260.485454882 0.0
-259.485454882 0.0
-258.485454882 0.0
-257.485454882 0.0
-256.485454882 0.0
-255.485454882 0.0
-254.485454882 0.0
-253.485454882 0.0
-252.485454882 0.0
-251.485454882 0.0
-250.485454882 0.0
-249.485454882 0.0
-248.485454882 0.0
-247.485454882 0.0
-246.485454882 0.0
-245.485454882 0.0
-244.485454882 0.0
-243.485454882 0.0
-242.485454882 0.0
-241.485454882 0.0
-240.485454882 0.0
-239.485454882 0.0
-238.485454882 0.0
-237.485454882 0.0
-236.485454882 0.0
-235.485454882 0.0
-234.485454882 0.0
-233.485454882 0.0
-232.485454882 0.0
-231.485454882 0.0
-230.485454882 0.0
-229.485454882 0.0
-228.485454882 0.0
-227.485454882 0.0
-226.485454882 0.0
-225.485454882 0.0
-224.485454882 0.0
-223.485454882 0.0
-222.485454882 0.0
-221.485454882 0.0
-220.485454882 0.0
-219.485454882 0.0
-218.485454882 0.0
-217.485454882 0.0
-216.485454882 0.0
-215.485454882 0.0
-214.485454882 0.0
-213.485454882 0.0
-212.485454882 0.0
-211.485454882 0.0
-210.485454882 0.0
-209.485454882 0.0
-208.485454882 0.0
-207.485454882 0.0
-206.485454882 0.0
-205.485454882 0.0
-204.485454882 0.0
-203.485454882 0.0
-202.485454882 0.0
-201.485454882 0.0
-200.485454882 0.0
-199.485454882 0.0
-198.485454882 0.0
-197.485454882 0.0
-196.485454882 0.0
-195.485454882 0.0
-194.485454882 0.0
-193.485454882 0.0
-192.485454882 0.0
-191.485454882 0.0
-190.485454882 0.0
-189.485454882 0.0
-188.485454882 0.0
-187.485454882 0.0
-186.485454882 0.0
-185.485454882 0.0
-184.485454882 0.0
-183.485454882 0.0
-182.485454882 0.0
-181.485454882 0.0
-180.485454882 0.0
-179.485454882 0.0
-178.485454882 0.0
-177.485454882 0.0
-176.485454882 0.0
-175.485454882 0.0
-174.485454882 0.0
-173.485454882 0.0
-172.485454882 0.0
-171.485454882 0.0
-170.485454882 0.0
-169.485454882 0.0
-168.485454882 0.0
-167.485454882 0.0
-166.485454882 0.0
-165.485454882 0.0
-164.485454882 0.0
-163.485454882 0.0
-162.485454882 0.0
-161.485454882 0.0
-160.485454882 0.0
-159.485454882 0.0
-158.485454882 0.0
-157.485454882 0.0
-156.485454882 0.0
-155.485454882 0.0
-154.485454882 0.0
-153.485454882 0.0
-152.485454882 0.0
-151.485454882 0.0
-150.485454882 0.0
-149.485454882 0.0
-148.485454882 0.0
-147.485454882 0.0
-146.485454882 0.0
-145.485454882 0.0
-144.485454882 0.0
-143.485454882 0.0
-142.485454882 0.0
-141.485454882 0.0
-140.485454882 0.0
-139.485454882 0.0
-138.485454882 0.0
-137.485454882 0.0
-136.485454882 0.0
-135.485454882 0.0
-134.485454882 0.0
-133.485454882 0.0
-132.485454882 0.0
-131.485454882 0.0
-130.485454882 0.0
-129.485454882 0.0
-128.485454882 0.0
-127.485454882 0.0
-126.485454882 0.0
-125.485454882 0.0
-124.485454882 0.0
-123.485454882 0.0
-122.485454882 0.0
-121.485454882 0.0
-120.485454882 0.0
-119.485454882 0.0
-118.485454882 0.0
-117.485454882 0.0
-116.485454882 0.0
-115.485454882 0.0
-114.485454882 0.0
-113.485454882 0.0
-112.485454882 0.0
-111.485454882 0.0
-110.485454882 0.000000e+00
-110.022234575 0.000000e+00
-109.559014267 0.000000e+00
-109.09579396 0.000000e+00
-108.632573652 0.000000e+00
-108.169353344 0.000000e+00
-107.706133037 0.000000e+00
-107.242912729 0.000000e+00
-106.779692422 0.000000e+00
-106.316472114 0.000000e+00
-105.853251807 0.000000e+00
-105.390031499 0.000000e+00
-104.926811191 0.000000e+00
-104.463590884 0.000000e+00
-104.000370576 0.000000e+00
-103.537150269 0.000000e+00
-103.073929961 0.000000e+00
-102.610709654 0.000000e+00
-102.147489346 0.000000e+00
-101.684269038 0.000000e+00
-101.221048731 0.000000e+00
-100.757828423 0.000000e+00
-100.294608116 0.000000e+00
-99.831387808 0.000000e+00
-99.3681675005 0.000000e+00
-98.9049471929 0.000000e+00
-98.4417268853 0.000000e+00
-97.9785065777 0.000000e+00
-97.5152862702 0.000000e+00
-97.0520659626 0.000000e+00
-96.588845655 0.000000e+00
-96.1256253474 0.000000e+00
-95.6624050398 0.000000e+00
-95.1991847323 0.000000e+00
-94.7359644247 0.000000e+00
-94.2727441171 0.000000e+00
-93.8095238095 0.000000e+00
-93.3463035019 0.000000e+00
-92.8830831944 0.000000e+00
-92.4198628868 0.000000e+00
-91.9566425792 0.000000e+00
-91.4934222716 0.000000e+00
-91.0302019641 0.000000e+00
-90.5669816565 0.000000e+00
-90.1037613489 0.000000e+00
-89.6405410413 0.000000e+00
-89.1773207337 0.000000e+00
-88.7141004262 0.000000e+00
-88.2508801186 0.000000e+00
-87.787659811 0.000000e+00
-87.3244395034 0.000000e+00
-86.8612191958 0.000000e+00
-86.3979988883 0.000000e+00
-85.9347785807 0.000000e+00
-85.4715582731 0.000000e+00
-85.0083379655 0.000000e+00
-84.545117658 0.000000e+00
-84.0818973504 0.000000e+00
-83.6186770428 0.000000e+00
-83.1554567352 0.000000e+00
-82.6922364276 0.000000e+00
-82.2290161201 0.000000e+00
-81.7657958125 0.000000e+00
-81.3025755049 0.000000e+00
-80.8393551973 0.000000e+00
-80.3761348898 0.000000e+00
-79.9129145822 0.000000e+00
-79.4496942746 0.000000e+00
-78.986473967 0.000000e+00
-78.5232536594 0.000000e+00
-78.0600333519 0.000000e+00
-77.5968130443 0.000000e+00
-77.1335927367 0.000000e+00
-76.6703724291 0.000000e+00
-76.2071521215 0.000000e+00
-75.743931814 0.000000e+00
-75.2807115064 0.000000e+00
-74.8174911988 0.000000e+00
-74.3542708912 0.000000e+00
-73.8910505837 0.000000e+00
-73.4278302761 0.000000e+00
-72.9646099685 0.000000e+00
-72.5013896609 0.000000e+00
-72.0381693533 0.000000e+00
-71.5749490458 0.000000e+00
-71.1117287382 0.000000e+00
-70.6485084306 0.000000e+00
-70.185288123 0.000000e+00
-69.7220678155 0.000000e+00
-69.2588475079 0.000000e+00
-68.7956272003 0.000000e+00
-68.3324068927 0.000000e+00
-67.8691865851 0.000000e+00
-67.4059662776 0.000000e+00
-66.94274597 0.000000e+00
-66.4795256624 0.000000e+00
-66.0163053548 0.000000e+00
-65.5530850472 0.000000e+00
-65.0898647397 0.000000e+00
-64.6266444321 0.000000e+00
-64.1634241245 0.000000e+00
-63.7002038169 0.000000e+00
-63.2369835094 0.000000e+00
-62.7737632018 0.000000e+00
-62.3105428942 0.000000e+00
-61.8473225866 0.000000e+00
-61.384102279 0.000000e+00
-60.9208819715 0.000000e+00
-60.4576616639 0.000000e+00
-59.9944413563 0.000000e+00
-59.5312210487 0.000000e+00
-59.0680007412 0.000000e+00
-58.6047804336 0.000000e+00
-58.141560126 0.000000e+00
-57.6783398184 0.000000e+00
-57.2151195108 0.000000e+00
-56.7518992033 0.000000e+00
-56.2886788957 0.000000e+00
-55.8254585881 0.000000e+00
-55.3622382805 0.000000e+00
-54.8990179729 0.000000e+00
-54.4357976654 0.000000e+00
-53.9725773578 0.000000e+00
-53.5093570502 0.000000e+00
-53.0461367426 0.000000e+00
-52.5829164351 0.000000e+00
-52.1196961275 0.000000e+00
-51.6564758199 0.000000e+00
-51.1932555123 0.000000e+00
-50.7300352047 0.000000e+00
-50.2668148972 0.000000e+00
-49.8035945896 0.000000e+00
-49.340374282 0.000000e+00
-48.8771539744 0.000000e+00
-48.4139336669 0.000000e+00
-47.9507133593 0.000000e+00
-47.4874930517 0.000000e+00
-47.0242727441 0.000000e+00
-46.5610524365 0.000000e+00
-46.097832129 0.000000e+00
-45.6346118214 0.000000e+00
-45.1713915138 0.000000e+00
-44.7081712062 0.000000e+00
-44.2449508986 0.000000e+00
-43.7817305911 0.000000e+00
-43.3185102835 0.000000e+00
-42.8552899759 0.000000e+00
-42.3920696683 0.000000e+00
-41.9288493608 0.000000e+00
-41.4656290532 0.000000e+00
-41.0024087456 0.000000e+00
-40.539188438 0.000000e+00
-40.0759681304 0.000000e+00
-39.6127478229 0.000000e+00
-39.1495275153 0.000000e+00
-38.6863072077 0.000000e+00
-38.2230869001 0.000000e+00
-37.7598665926 0.000000e+00
-37.296646285 0.000000e+00
-36.8334259774 0.000000e+00
-36.3702056698 0.000000e+00
-35.9069853622 0.000000e+00
-35.4437650547 0.000000e+00
-34.9805447471 0.000000e+00
-34.5173244395 0.000000e+00
-34.0541041319 0.000000e+00
-33.5908838243 0.000000e+00
-33.1276635168 0.000000e+00
-32.6644432092 0.000000e+00
-32.2012229016 0.000000e+00
-31.738002594 0.000000e+00
-31.2747822865 0.000000e+00
-30.8115619789 0.000000e+00
-30.3483416713 0.000000e+00
-29.8851213637 0.000000e+00
-29.4219010561 0.000000e+00
-28.9586807486 0.000000e+00
-28.495460441 0.000000e+00
-28.0322401334 0.000000e+00
-27.5690198258 0.000000e+00
-27.1057995183 0.000000e+00
-26.6425792107 0.000000e+00
-26.1793589031 0.000000e+00
-25.7161385955 0.000000e+00
-25.2529182879 0.000000e+00
-24.7896979804 0.000000e+00
-24.3264776728 0.000000e+00
-23.8632573652 0.000000e+00
-23.4000370576 0.000000e+00
-22.93681675 0.000000e+00
-22.4735964425 0.000000e+00
-22.0103761349 0.000000e+00
-21.5471558273 0.000000e+00
-21.0839355197 0.000000e+00
-20.6207152122 0.000000e+00
-20.1574949046 0.000000e+00
-19.694274597 0.000000e+00
-19.2310542894 0.000000e+00
-18.7678339818 0.000000e+00
-18.3046136743 0.000000e+00
-17.8413933667 0.000000e+00
-17.3781730591 0.000000e+00
-16.9149527515 0.000000e+00
-16.451732444 0.000000e+00
-15.9885121364 0.000000e+00
-15.5252918288 0.000000e+00
-15.0620715212 0.000000e+00
-14.5988512136 0.000000e+00
-14.1356309061 0.000000e+00
-13.6724105985 0.000000e+00
-13.2091902909 0.000000e+00
-12.7459699833 0.000000e+00
-12.2827496757 0.000000e+00
-11.8195293682 0.000000e+00
-11.3563090606 0.000000e+00
-10.893088753 0.000000e+00
-10.4298684454 0.000000e+00
-9.96664813785 0.000000e+00
-9.50342783028 0.000000e+00
-9.0402075227 0.000000e+00
-8.57698721512 0.000000e+00
-8.11376690754 0.000000e+00
-7.65054659996 0.000000e+00
-7.18732629238 0.000000e+00
-6.72410598481 0.000000e+00
-6.26088567723 0.000000e+00
-5.79766536965 0.000000e+00
-5.33444506207 0.000000e+00
-4.87122475449 0.000000e+00
-4.40800444691 0.000000e+00
-3.94478413934 0.000000e+00
-3.48156383176 0.000000e+00
-3.01834352418 0.000000e+00
-2.5551232166 0.000000e+00
-2.09190290902 7.569598e-02
-1.62868260145 9.541625e-02
-1.16546229387 9.941150e-02
-0.702241986289 1.391642e-01
-0.23902167871 1.507357e-01
0.224198628868 2.322706e-01
0.687418936446 1.805235e-01
1.15063924402 1.081246e-01
1.6138595516 1.551400e-01
2.07707985918 3.468839e-01
2.54030016676 5.601274e-01
3.00352047434 1.000000e+00
3.46674078192 9.761826e-01
3.92996108949 4.245339e-01
4.39318139707 2.905920e-01
4.85640170465 3.723511e-01
5.31962201223 2.157324e-01
5.78284231981 1.215307e-01
6.24606262739 1.054043e-01
6.70928293496 5.393875e-02
7.17250324254 6.882235e-02
7.63572355012 8.876081e-02
8.0989438577 1.017429e-01
8.56216416528 8.659969e-02
9.02538447286 2.173640e-01
9.48860478043 2.745205e-01
9.95182508801 4.504680e-01
10.4150453956 2.421236e-01
10.8782657032 1.359576e-01
11.3414860107 9.220983e-02
11.8047063183 7.010646e-02
12.2679266259 5.972961e-02
12.7311469335 5.329760e-02
13.1943672411 5.478289e-02
13.6575875486 0.000000e+00
14.1208078562 5.793531e-02
14.5840281638 3.893531e-02
15.0472484714 0.000000e+00
15.510468779 0.000000e+00
15.9736890865 0.000000e+00
16.4369093941 0.000000e+00
16.9001297017 0.000000e+00
17.3633500093 4.277005e-02
17.8265703168 0.000000e+00
18.2897906244 0.000000e+00
18.753010932 0.000000e+00
19.2162312396 0.000000e+00
19.6794515472 0.000000e+00
20.1426718547 0.000000e+00
20.6058921623 0.000000e+00
21.0691124699 4.859117e-02
21.5323327775 0.000000e+00
21.995553085 0.000000e+00
22.4587733926 0.000000e+00
22.9219937002 0.000000e+00
23.3852140078 0.000000e+00
23.8484343154 0.000000e+00
24.3116546229 0.000000e+00
24.7748749305 0.000000e+00
25.2380952381 0.000000e+00
25.7013155457 0.000000e+00
26.1645358533 0.000000e+00
26.6277561608 0.000000e+00
27.0909764684 0.000000e+00
27.554196776 0.000000e+00
28.0174170836 0.000000e+00
28.4806373911 0.000000e+00
28.9438576987 0.000000e+00
29.4070780063 0.000000e+00
29.8702983139 0.000000e+00
30.3335186215 0.000000e+00
30.796738929 0.000000e+00
31.2599592366 0.000000e+00
31.7231795442 0.000000e+00
32.1863998518 0.000000e+00
32.6496201593 0.000000e+00
33.1128404669 0.000000e+00
33.5760607745 0.000000e+00
34.0392810821 0.000000e+00
34.5025013897 0.000000e+00
34.9657216972 0.000000e+00
35.4289420048 0.000000e+00
35.8921623124 0.000000e+00
36.35538262 0.000000e+00
36.8186029276 0.000000e+00
37.2818232351 0.000000e+00
37.7450435427 0.000000e+00
38.2082638503 0.000000e+00
38.6714841579 0.000000e+00
39.1347044654 0.000000e+00
39.597924773 0.000000e+00
40.0611450806 0.000000e+00
40.5243653882 0.000000e+00
40.9875856958 0.000000e+00
41.4508060033 0.000000e+00
41.9140263109 0.000000e+00
42.3772466185 0.000000e+00
42.8404669261 0.000000e+00
43.3036872336 0.000000e+00
43.7669075412 0.000000e+00
44.2301278488 0.000000e+00
44.6933481564 0.000000e+00
45.156568464 0.000000e+00
45.6197887715 0.000000e+00
46.0830090791 0.000000e+00
46.5462293867 0.000000e+00
47.0094496943 0.000000e+00
47.4726700019 0.000000e+00
47.9358903094 0.000000e+00
48.399110617 0.000000e+00
48.8623309246 0.000000e+00
49.3255512322 0.000000e+00
49.7887715397 0.000000e+00
50.2519918473 0.000000e+00
50.7152121549 0.000000e+00
51.1784324625 0.000000e+00
51.6416527701 0.000000e+00
52.1048730776 0.000000e+00
52.5680933852 0.000000e+00
53.0313136928 0.000000e+00
53.4945340004 0.000000e+00
53.9577543079 0.000000e+00
54.4209746155 0.000000e+00
54.8841949231 0.000000e+00
55.3474152307 0.000000e+00
55.8106355383 0.000000e+00
56.2738558458 0.000000e+00
56.7370761534 0.000000e+00
57.200296461 0.000000e+00
57.6635167686 0.000000e+00
58.1267370762 0.000000e+00
58.5899573837 0.000000e+00
59.0531776913 0.000000e+00
59.5163979989 0.000000e+00
59.9796183065 0.000000e+00
60.442838614 0.000000e+00
60.9060589216 0.000000e+00
61.3692792292 0.000000e+00
61.8324995368 0.000000e+00
62.2957198444 0.000000e+00
62.7589401519 0.000000e+00
63.2221604595 0.000000e+00
63.6853807671 0.000000e+00
64.1486010747 0.000000e+00
64.6118213822 0.000000e+00
65.0750416898 0.000000e+00
65.5382619974 0.000000e+00
66.001482305 0.000000e+00
66.4647026126 0.000000e+00
66.9279229201 0.000000e+00
67.3911432277 0.000000e+00
67.8543635353 0.000000e+00
68.3175838429 0.000000e+00
68.7808041505 0.000000e+00
69.244024458 0.000000e+00
69.7072447656 0.000000e+00
70.1704650732 0.000000e+00
70.6336853808 0.000000e+00
71.0969056883 0.000000e+00
71.5601259959 0.000000e+00
72.0233463035 0.000000e+00
72.4865666111 0.000000e+00
72.9497869187 0.000000e+00
73.4130072262 0.000000e+00
73.8762275338 0.000000e+00
74.3394478414 0.000000e+00
74.802668149 0.000000e+00
75.2658884565 0.000000e+00
75.7291087641 0.000000e+00
76.1923290717 0.000000e+00
76.6555493793 0.000000e+00
77.1187696869 0.000000e+00
77.5819899944 0.000000e+00
78.045210302 0.000000e+00
78.5084306096 0.000000e+00
78.9716509172 0.000000e+00
79.4348712248 0.000000e+00
79.8980915323 0.000000e+00
80.3613118399 0.000000e+00
80.8245321475 0.000000e+00
81.2877524551 0.000000e+00
81.7509727626 0.000000e+00
82.2141930702 0.000000e+00
82.6774133778 0.000000e+00
83.1406336854 0.000000e+00
83.603853993 0.000000e+00
84.0670743005 0.000000e+00
84.5302946081 0.000000e+00
84.9935149157 0.000000e+00
85.4567352233 0.000000e+00
85.9199555309 0.000000e+00
86.3831758384 0.000000e+00
86.846396146 0.000000e+00
87.3096164536 0.000000e+00
87.7728367612 0.000000e+00
88.2360570687 0.000000e+00
88.6992773763 0.000000e+00
89.1624976839 0.000000e+00
89.6257179915 0.000000e+00
90.0889382991 0.000000e+00
90.5521586066 0.000000e+00
91.0153789142 0.000000e+00
91.4785992218 0.000000e+00
91.9418195294 0.000000e+00
92.4050398369 0.000000e+00
92.8682601445 0.000000e+00
93.3314804521 0.000000e+00
93.7947007597 0.000000e+00
94.2579210673 0.000000e+00
94.7211413748 0.000000e+00
95.1843616824 0.000000e+00
95.64758199 0.000000e+00
96.1108022976 0.000000e+00
96.5740226052 0.000000e+00
97.0372429127 0.000000e+00
97.5004632203 0.000000e+00
97.9636835279 0.000000e+00
98.4269038355 0.000000e+00
98.890124143 0.000000e+00
99.3533444506 0.000000e+00
99.8165647582 0.000000e+00
100.279785066 0.000000e+00
100.743005373 0.000000e+00
101.206225681 0.000000e+00
101.669445989 0.000000e+00
102.132666296 0.000000e+00
102.595886604 0.000000e+00
103.059106911 0.000000e+00
103.522327219 0.000000e+00
103.985547526 0.000000e+00
104.448767834 0.000000e+00
104.911988142 0.000000e+00
105.375208449 0.000000e+00
105.838428757 0.000000e+00
106.301649064 0.000000e+00
106.764869372 0.000000e+00
107.228089679 0.000000e+00
107.691309987 0.000000e+00
108.154530295 0.000000e+00
108.617750602 0.000000e+00
109.08097091 0.000000e+00
109.544191217 0.000000e+00
110.007411525 0.000000e+00
110.470631832 0.000000e+00
110.93385214 0.000000e+00
111.397072448 0.000000e+00
111.860292755 0.000000e+00
112.323513063 0.000000e+00
112.78673337 0.000000e+00
113.249953678 0.000000e+00
113.713173986 0.000000e+00
114.176394293 0.000000e+00
114.639614601 0.000000e+00
115.102834908 0.000000e+00
115.566055216 0.000000e+00
116.029275523 0.000000e+00
116.492495831 0.000000e+00
116.955716139 0.000000e+00
117.418936446 0.000000e+00
117.882156754 0.000000e+00
118.345377061 0.000000e+00
118.808597369 0.000000e+00
119.271817676 0.000000e+00
119.735037984 0.000000e+00
120.198258292 0.000000e+00
120.661478599 0.000000e+00
121.124698907 0.000000e+00
121.587919214 0.000000e+00
122.051139522 0.000000e+00
122.51435983 0.000000e+00
122.977580137 0.000000e+00
123.440800445 0.000000e+00
123.904020752 0.000000e+00
124.36724106 0.000000e+00
124.830461367 0.000000e+00
125.293681675 0.000000e+00
125.756901983 0.000000e+00
126.22012229 0.000000e+00
126.683342598 0.000000e+00
127.146562905 0.000000e+00
127.609783213 0.000000e+00
128.07300352 0.000000e+00
128.536223828 0.000000e+00
128.999444136 0.000000e+00
129.462664443 0.000000e+00
129.925884751 0.000000e+00
130.389105058 0.000000e+00
130.852325366 0.000000e+00
131.315545674 0.000000e+00
131.778765981 0.000000e+00
132.241986289 0.000000e+00
132.705206596 0.000000e+00
133.168426904 0.000000e+00
133.631647211 0.000000e+00
134.094867519 0.000000e+00
134.558087827 0.000000e+00
135.021308134 0.000000e+00
135.484528442 0.000000e+00
135.947748749 0.000000e+00
136.410969057 0.000000e+00
136.874189364 0.000000e+00
137.337409672 0.000000e+00
137.80062998 0.000000e+00
138.263850287 0.000000e+00
138.727070595 0.000000e+00
139.190290902 0.000000e+00
139.65351121 0.000000e+00
140.116731518 0.000000e+00
140.579951825 0.000000e+00
141.043172133 0.000000e+00
141.50639244 0.000000e+00
141.969612748 0.000000e+00
142.432833055 0.000000e+00
142.896053363 0.000000e+00
143.359273671 0.000000e+00
143.822493978 0.000000e+00
144.285714286 0.000000e+00
144.748934593 0.000000e+00
145.212154901 0.000000e+00
145.675375208 0.000000e+00
146.138595516 0.000000e+00
146.601815824 0.000000e+00
147.065036131 0.000000e+00
147.528256439 0.000000e+00
147.991476746 0.000000e+00
148.454697054 0.000000e+00
148.917917361 0.000000e+00
149.381137669 0.000000e+00
149.844357977 0.000000e+00
150.307578284 0.000000e+00
150.770798592 0.000000e+00
151.234018899 0.000000e+00
151.697239207 0.000000e+00
152.160459515 0.000000e+00
152.623679822 0.000000e+00
153.08690013 0.000000e+00
153.550120437 0.000000e+00
154.013340745 0.000000e+00
154.476561052 0.000000e+00
154.93978136 0.000000e+00
155.403001668 0.000000e+00
155.866221975 0.000000e+00
156.329442283 0.000000e+00
156.79266259 0.000000e+00
157.255882898 0.000000e+00
157.719103205 0.000000e+00
158.182323513 0.000000e+00
158.645543821 0.000000e+00
159.108764128 0.000000e+00
159.571984436 0.000000e+00
160.035204743 0.000000e+00
160.498425051 0.000000e+00
160.961645359 0.000000e+00
161.424865666 0.000000e+00
161.888085974 0.000000e+00
162.351306281 0.000000e+00
162.814526589 0.000000e+00
163.277746896 0.000000e+00
163.740967204 0.000000e+00
164.204187512 0.000000e+00
164.667407819 0.000000e+00
165.130628127 0.000000e+00
165.593848434 0.000000e+00
166.057068742 0.000000e+00
166.520289049 0.000000e+00
166.983509357 0.000000e+00
167.446729665 0.000000e+00
167.909949972 0.000000e+00
168.37317028 0.000000e+00
168.836390587 0.000000e+00
169.299610895 0.000000e+00
169.762831203 0.000000e+00
170.22605151 0.000000e+00
170.689271818 0.000000e+00
171.152492125 0.000000e+00
171.615712433 0.000000e+00
172.07893274 0.000000e+00
172.542153048 0.000000e+00
173.005373356 0.000000e+00
173.468593663 0.000000e+00
173.931813971 0.000000e+00
174.395034278 0.000000e+00
174.858254586 0.000000e+00
175.321474893 0.000000e+00
175.784695201 0.000000e+00
176.247915509 0.000000e+00
176.711135816 0.000000e+00
177.174356124 0.000000e+00
177.637576431 0.000000e+00
178.100796739 0.000000e+00
178.564017047 0.000000e+00
179.027237354 0.000000e+00
179.490457662 0.000000e+00
179.953677969 0.000000e+00
180.416898277 0.000000e+00
180.880118584 0.000000e+00
181.343338892 0.000000e+00
181.8065592 0.000000e+00
182.269779507 0.000000e+00
182.732999815 0.000000e+00
183.196220122 0.000000e+00
183.65944043 0.000000e+00
184.122660737 0.000000e+00
184.585881045 0.000000e+00
185.049101353 0.000000e+00
185.51232166 0.000000e+00
185.975541968 0.000000e+00
186.438762275 0.000000e+00
186.901982583 0.000000e+00
187.36520289 0.000000e+00
187.828423198 0.000000e+00
188.291643506 0.000000e+00
188.754863813 0.000000e+00
189.218084121 0.000000e+00
189.681304428 0.000000e+00
190.144524736 0.000000e+00
190.607745044 0.000000e+00
191.070965351 0.000000e+00
191.534185659 0.000000e+00
191.997405966 0.000000e+00
192.460626274 0.000000e+00
192.923846581 0.000000e+00
193.387066889 0.000000e+00
193.850287197 0.000000e+00
194.313507504 0.000000e+00
194.776727812 0.000000e+00
195.239948119 0.000000e+00
195.703168427 0.000000e+00
196.166388734 0.000000e+00
196.629609042 0.000000e+00
197.09282935 0.000000e+00
197.556049657 0.000000e+00
198.019269965 0.000000e+00
198.482490272 0.000000e+00
198.94571058 0.000000e+00
199.408930888 0.000000e+00
199.872151195 0.000000e+00
200.335371503 0.000000e+00
200.79859181 0.000000e+00
201.261812118 0.000000e+00
201.725032425 0.000000e+00
202.188252733 0.000000e+00
202.651473041 0.000000e+00
203.114693348 0.000000e+00
203.577913656 0.000000e+00
204.041133963 0.000000e+00
204.504354271 0.000000e+00
204.967574578 0.000000e+00
205.430794886 0.000000e+00
205.894015194 0.000000e+00
206.357235501 0.000000e+00
206.820455809 0.000000e+00
207.283676116 0.000000e+00
207.746896424 0.000000e+00
208.210116732 0.000000e+00
208.673337039 0.000000e+00
209.136557347 0.000000e+00
209.599777654 0.000000e+00
210.062997962 0.000000e+00
210.526218269 0.000000e+00
210.989438577 0.000000e+00
211.452658885 0.000000e+00
211.915879192 0.000000e+00
212.3790995 0.000000e+00
212.842319807 0.000000e+00
213.305540115 0.000000e+00
213.768760422 0.000000e+00
214.23198073 0.000000e+00
214.695201038 0.000000e+00
215.158421345 0.000000e+00
215.621641653 0.000000e+00
216.08486196 0.000000e+00
216.548082268 0.000000e+00
217.011302576 0.000000e+00
217.474522883 0.000000e+00
217.937743191 0.000000e+00
218.400963498 0.000000e+00
218.864183806 0.000000e+00
219.327404113 0.000000e+00
219.790624421 0.000000e+00
220.253844729 0.000000e+00
220.717065036 0.000000e+00
221.180285344 0.000000e+00
221.643505651 0.000000e+00
222.106725959 0.000000e+00
222.569946266 0.000000e+00
223.033166574 0.000000e+00
223.496386882 0.000000e+00
223.959607189 0.000000e+00
224.422827497 0.000000e+00
224.886047804 0.000000e+00
225.349268112 0.000000e+00
225.812488419 0.000000e+00
226.275708727 0.000000e+00
226.738929035 0.000000e+00
227.202149342 0.000000e+00
227.66536965 0.000000e+00
228.128589957 0.000000e+00
228.591810265 0.000000e+00
229.055030573 0.000000e+00
229.51825088 0.000000e+00
229.981471188 0.000000e+00
230.444691495 0.000000e+00
230.907911803 0.000000e+00
231.37113211 0.000000e+00
231.834352418 0.000000e+00
232.297572726 0.000000e+00
232.760793033 0.000000e+00
233.224013341 0.000000e+00
233.687233648 0.000000e+00
234.150453956 0.000000e+00
234.613674263 0.000000e+00
235.076894571 0.000000e+00
235.540114879 0.000000e+00
236.003335186 0.000000e+00
236.466555494 0.000000e+00
236.929775801 0.000000e+00
237.392996109 0.000000e+00
237.856216417 0.000000e+00
238.319436724 0.000000e+00
238.782657032 0.000000e+00
239.245877339 0.000000e+00
239.709097647 0.000000e+00
240.172317954 0.000000e+00
240.635538262 0.000000e+00
241.09875857 0.000000e+00
241.561978877 0.000000e+00
242.025199185 0.000000e+00
242.488419492 0.000000e+00
242.9516398 0.000000e+00
243.414860107 0.000000e+00
243.878080415 0.000000e+00
244.341300723 0.000000e+00
244.80452103 0.000000e+00
245.267741338 0.000000e+00
245.730961645 0.000000e+00
246.194181953 0.000000e+00
246.657402261 0.000000e+00
247.120622568 0.000000e+00
247.583842876 0.000000e+00
248.047063183 0.000000e+00
248.510283491 0.000000e+00
248.973503798 0.000000e+00
249.436724106 0.000000e+00
249.899944414 0.000000e+00
250.363164721 0.000000e+00
250.826385029 0.000000e+00
251.289605336 0.000000e+00
251.752825644 0.000000e+00
252.216045951 0.000000e+00
252.679266259 0.000000e+00
253.142486567 0.000000e+00
253.605706874 0.000000e+00
254.068927182 0.000000e+00
254.532147489 0.000000e+00
254.995367797 0.000000e+00
255.458588105 0.000000e+00
255.921808412 0.000000e+00
256.38502872 0.000000e+00
256.848249027 0.000000e+00
257.311469335 0.000000e+00
257.774689642 0.000000e+00
258.23790995 0.000000e+00
258.701130258 0.000000e+00
259.164350565 0.000000e+00
259.627570873 0.000000e+00
260.09079118 0.000000e+00
260.554011488 0.000000e+00
261.017231795 0.000000e+00
261.480452103 0.000000e+00
261.943672411 0.000000e+00
262.406892718 0.000000e+00
262.870113026 0.000000e+00
263.333333333 0.000000e+00
263.796553641 0.000000e+00
264.259773948 0.000000e+00
264.722994256 0.000000e+00
265.186214564 0.000000e+00
265.649434871 0.000000e+00
266.112655179 0.000000e+00
266.575875486 0.000000e+00
267.039095794 0.000000e+00
267.502316102 0.000000e+00
267.965536409 0.000000e+00
268.428756717 0.000000e+00
268.891977024 0.000000e+00
269.355197332 0.000000e+00
269.818417639 0.000000e+00
270.281637947 0.000000e+00
270.744858255 0.000000e+00
271.208078562 0.000000e+00
271.67129887 0.000000e+00
272.134519177 0.000000e+00
272.597739485 0.000000e+00
273.060959792 0.000000e+00
273.5241801 0.000000e+00
273.987400408 0.000000e+00
274.450620715 0.000000e+00
274.913841023 0.000000e+00
275.37706133 0.000000e+00
275.840281638 0.000000e+00
276.303501946 0.000000e+00
276.766722253 0.000000e+00
277.229942561 0.000000e+00
277.693162868 0.000000e+00
278.156383176 0.000000e+00
278.619603483 0.000000e+00
279.082823791 0.000000e+00
279.546044099 0.000000e+00
280.009264406 0.000000e+00
280.472484714 0.000000e+00
280.935705021 0.000000e+00
281.398925329 0.000000e+00
281.862145636 0.000000e+00
282.325365944 0.000000e+00
282.788586252 0.000000e+00
283.251806559 0.000000e+00
283.715026867 0.000000e+00
284.178247174 0.000000e+00
284.641467482 0.000000e+00
285.10468779 0.000000e+00
285.567908097 0.000000e+00
286.031128405 0.000000e+00
286.494348712 0.000000e+00
286.95756902 0.000000e+00
287.420789327 0.000000e+00
287.884009635 0.000000e+00
288.347229943 0.000000e+00
288.81045025 0.000000e+00
289.273670558 0.000000e+00
289.736890865 0.000000e+00
290.200111173 0.000000e+00
290.66333148 0.000000e+00
291.126551788 0.000000e+00
291.589772096 0.000000e+00
292.052992403 0.000000e+00
292.516212711 0.000000e+00
292.979433018 0.000000e+00
293.442653326 0.000000e+00
293.905873634 0.000000e+00
294.369093941 0.000000e+00
294.832314249 0.000000e+00
295.295534556 0.000000e+00
295.758754864 0.000000e+00
296.221975171 0.000000e+00
296.685195479 0.000000e+00
297.148415787 0.000000e+00
297.611636094 0.000000e+00
298.074856402 0.000000e+00
298.538076709 0.000000e+00
299.001297017 0.000000e+00
299.464517324 0.000000e+00
299.927737632 0.000000e+00
300.39095794 0.000000e+00
300.854178247 0.000000e+00
301.317398555 0.000000e+00
301.780618862 0.000000e+00
302.24383917 0.000000e+00
302.707059477 0.000000e+00
303.170279785 0.000000e+00
303.633500093 0.000000e+00
304.0967204 0.000000e+00
304.559940708 0.000000e+00
305.023161015 0.000000e+00
305.486381323 0.000000e+00
305.949601631 0.000000e+00
306.412821938 0.000000e+00
306.876042246 0.000000e+00
307.339262553 0.000000e+00
307.802482861 0.000000e+00
308.265703168 0.000000e+00
308.728923476 0.000000e+00
309.192143784 0.000000e+00
309.655364091 0.000000e+00
310.118584399 0.000000e+00
310.581804706 0.000000e+00
311.045025014 0.000000e+00
311.508245321 0.000000e+00
311.971465629 0.000000e+00
312.434685937 0.000000e+00
312.897906244 0.000000e+00
313.361126552 0.000000e+00
313.824346859 0.000000e+00
314.287567167 0.000000e+00
314.750787475 0.000000e+00
315.214007782 0.000000e+00
315.67722809 0.000000e+00
316.140448397 0.000000e+00
316.603668705 0.000000e+00
317.066889012 0.000000e+00
317.53010932 0.000000e+00
317.993329628 0.000000e+00
318.456549935 0.000000e+00
318.919770243 0.000000e+00
319.38299055 0.000000e+00
319.846210858 0.000000e+00
320.309431165 0.000000e+00
320.772651473 0.000000e+00
321.235871781 0.000000e+00
321.699092088 0.000000e+00
322.162312396 0.000000e+00
322.625532703 0.000000e+00
323.088753011 0.000000e+00
323.551973319 0.000000e+00
324.015193626 0.000000e+00
324.478413934 0.000000e+00
324.941634241 0.000000e+00
325.404854549 0.000000e+00
325.868074856 0.000000e+00
326.331295164 0.000000e+00
326.794515472 0.000000e+00
327.257735779 0.000000e+00
327.720956087 0.000000e+00
328.184176394 0.000000e+00
328.647396702 0.000000e+00
329.110617009 0.000000e+00
329.573837317 0.000000e+00
330.037057625 0.000000e+00
330.500277932 0.000000e+00
330.96349824 0.000000e+00
331.426718547 0.000000e+00
331.889938855 0.000000e+00
332.353159162 0.000000e+00
332.81637947 0.000000e+00
333.279599778 0.000000e+00
333.742820085 0.000000e+00
334.206040393 0.000000e+00
334.6692607 0.000000e+00
335.132481008 0.000000e+00
335.595701316 0.000000e+00
336.058921623 0.000000e+00
336.522141931 0.000000e+00
336.985362238 0.000000e+00
337.448582546 0.000000e+00
337.911802853 0.000000e+00
338.375023161 0.000000e+00
338.838243469 0.000000e+00
339.301463776 0.000000e+00
339.764684084 0.000000e+00
340.227904391 0.000000e+00
340.691124699 0.000000e+00
341.154345006 0.000000e+00
341.617565314 0.000000e+00
342.080785622 0.000000e+00
342.544005929 0.000000e+00
343.007226237 0.000000e+00
343.470446544 0.000000e+00
343.933666852 0.000000e+00
344.39688716 0.000000e+00
344.860107467 0.000000e+00
345.323327775 0.000000e+00
345.786548082 0.000000e+00
346.24976839 0.000000e+00
346.712988697 0.000000e+00
347.176209005 0.000000e+00
347.639429313 0.000000e+00
348.10264962 0.000000e+00
348.565869928 0.000000e+00
349.029090235 0.000000e+00
349.492310543 0.000000e+00
349.95553085 0.000000e+00
350.418751158 0.000000e+00
350.881971466 0.000000e+00
351.345191773 0.000000e+00
351.808412081 0.000000e+00
352.271632388 0.000000e+00
352.734852696 0.000000e+00
353.198073004 0.000000e+00
353.661293311 0.000000e+00
354.124513619 0.000000e+00
354.587733926 0.000000e+00
355.050954234 0.000000e+00
355.514174541 0.000000e+00
355.977394849 0.000000e+00
356.440615157 0.000000e+00
356.903835464 0.000000e+00
357.367055772 0.000000e+00
357.830276079 0.000000e+00
358.293496387 0.000000e+00
358.756716694 0.000000e+00
359.219937002 0.000000e+00
359.68315731 0.000000e+00
360.146377617 0.000000e+00
360.609597925 0.000000e+00
361.072818232 0.000000e+00
361.53603854 0.000000e+00
361.999258848 0.000000e+00
362.462479155 0.000000e+00
362.925699463 0.000000e+00
363.38891977 0.000000e+00
363.852140078 0.000000e+00
364.315360385 0.000000e+00
364.778580693 0.000000e+00
365.241801001 0.000000e+00
365.705021308 0.000000e+00
366.168241616 0.000000e+00
366.631461923 0.000000e+00
367.094682231 0.000000e+00
367.557902538 0.000000e+00
368.021122846 0.000000e+00
368.484343154 0.000000e+00
368.947563461 0.000000e+00
369.410783769 0.000000e+00
369.874004076 0.000000e+00
370.337224384 0.000000e+00
370.800444691 0.000000e+00
371.263664999 0.000000e+00
371.726885307 0.000000e+00
372.190105614 0.000000e+00
372.653325922 0.000000e+00
373.116546229 0.000000e+00
373.579766537 0.000000e+00
374.042986845 0.000000e+00
374.506207152 0.000000e+00
374.96942746 0.000000e+00
375.432647767 0.000000e+00
375.895868075 0.000000e+00
376.359088382 0.000000e+00
376.82230869 0.000000e+00
377.285528998 0.000000e+00
377.748749305 0.000000e+00
378.211969613 0.000000e+00
378.67518992 0.000000e+00
379.138410228 0.000000e+00
379.601630535 0.000000e+00
380.064850843 0.000000e+00
380.528071151 0.000000e+00
380.991291458 0.000000e+00
381.454511766 0.000000e+00
381.917732073 0.000000e+00
382.380952381 0.000000e+00
382.844172689 0.000000e+00
383.307392996 0.000000e+00
383.770613304 0.000000e+00
384.233833611 0.000000e+00
384.697053919 0.000000e+00
385.160274226 0.000000e+00
385.623494534 0.000000e+00
386.086714842 0.000000e+00
386.549935149 0.000000e+00
387.013155457 0.000000e+00
387.476375764 0.000000e+00
387.939596072 0.000000e+00
388.402816379 0.000000e+00
388.866036687 0.000000e+00
389.329256995 0.000000e+00
389.792477302 0.000000e+00
390.25569761 0.000000e+00
390.718917917 0.000000e+00
391.182138225 0.000000e+00
391.645358533 0.000000e+00
392.10857884 0.000000e+00
392.571799148 0.000000e+00
393.035019455 0.000000e+00
393.498239763 0.000000e+00
393.96146007 0.000000e+00
394.424680378 0.000000e+00
394.887900686 0.000000e+00
395.351120993 0.000000e+00
395.814341301 0.000000e+00
396.277561608 0.000000e+00
396.740781916 0.000000e+00
397.204002223 0.000000e+00
397.667222531 0.000000e+00
398.130442839 0.000000e+00
398.593663146 0.000000e+00
399.056883454 0.000000e+00
399.520103761 0.000000e+00
399.983324069 0.000000e+00
400.446544377 0.000000e+00
400.909764684 0.000000e+00
401.372984992 0.000000e+00
401.836205299 0.000000e+00
402.299425607 0.000000e+00
402.762645914 0.000000e+00
403.225866222 0.000000e+00
403.68908653 0.000000e+00
404.152306837 0.000000e+00
404.615527145 0.000000e+00
405.078747452 0.000000e+00
405.54196776 0.000000e+00
406.005188067 0.000000e+00
406.468408375 0.000000e+00
406.931628683 0.000000e+00
407.39484899 0.000000e+00
407.858069298 0.000000e+00
408.321289605 0.000000e+00
408.784509913 0.000000e+00
409.24773022 0.000000e+00
409.710950528 0.000000e+00
410.174170836 0.000000e+00
410.637391143 0.000000e+00
411.100611451 0.000000e+00
411.563831758 0.000000e+00
412.027052066 0.000000e+00
412.490272374 0.000000e+00
412.953492681 0.000000e+00
413.416712989 0.000000e+00
413.879933296 0.000000e+00
414.343153604 0.000000e+00
414.806373911 0.000000e+00
415.269594219 0.000000e+00
415.732814527 0.000000e+00
416.196034834 0.000000e+00
416.659255142 0.000000e+00
417.122475449 0.000000e+00
417.585695757 0.000000e+00
418.048916064 0.000000e+00
418.512136372 0.000000e+00
418.97535668 0.000000e+00
419.438576987 0.000000e+00
419.901797295 0.000000e+00
420.365017602 0.000000e+00
420.82823791 0.000000e+00
421.291458218 0.000000e+00
421.754678525 0.000000e+00
422.217898833 0.000000e+00
422.68111914 0.000000e+00
423.144339448 0.000000e+00
423.607559755 0.000000e+00
424.070780063 0.000000e+00
424.534000371 0.000000e+00
424.997220678 0.000000e+00
425.460440986 0.000000e+00
425.923661293 0.000000e+00
426.386881601 0.000000e+00
426.850101908 0.000000e+00
427.313322216 0.000000e+00
427.776542524 0.000000e+00
428.239762831 0.000000e+00
428.702983139 0.000000e+00
429.166203446 0.000000e+00
429.629423754 0.000000e+00
430.092644062 0.000000e+00
430.555864369 0.000000e+00
431.019084677 0.000000e+00
431.482304984 0.000000e+00
431.945525292 0.000000e+00
432.408745599 0.000000e+00
432.871965907 0.000000e+00
433.335186215 0.000000e+00
433.798406522 0.000000e+00
434.26162683 0.000000e+00
434.724847137 0.000000e+00
435.188067445 0.000000e+00
435.651287752 0.000000e+00
436.11450806 0.000000e+00
436.577728368 0.000000e+00
437.040948675 0.000000e+00
437.504168983 0.000000e+00
437.96738929 0.000000e+00
438.430609598 0.000000e+00
438.893829906 0.000000e+00
439.357050213 0.000000e+00
439.820270521 0.000000e+00
440.283490828 0.000000e+00
440.746711136 0.000000e+00
441.209931443 0.000000e+00
441.673151751 0.000000e+00
442.136372059 0.000000e+00
442.599592366 0.000000e+00
443.062812674 0.000000e+00
443.526032981 0.000000e+00
443.989253289 0.000000e+00
444.452473596 0.000000e+00
444.915693904 0.000000e+00
445.378914212 0.000000e+00
445.842134519 0.000000e+00
446.842134519 0.0
447.842134519 0.0
448.842134519 0.0
449.842134519 0.0
450.842134519 0.0
451.842134519 0.0
452.842134519 0.0
453.842134519 0.0
454.842134519 0.0
455.842134519 0.0
456.842134519 0.0
457.842134519 0.0
458.842134519 0.0
459.842134519 0.0
460.842134519 0.0
461.842134519 0.0
462.842134519 0.0
463.842134519 0.0
464.842134519 0.0
465.842134519 0.0
466.842134519 0.0
467.842134519 0.0
468.842134519 0.0
469.842134519 0.0
470.842134519 0.0
471.842134519 0.0
472.842134519 0.0
473.842134519 0.0
474.842134519 0.0
475.842134519 0.0
476.842134519 0.0
477.842134519 0.0
478.842134519 0.0
479.842134519 0.0
480.842134519 0.0
481.842134519 0.0
482.842134519 0.0
483.842134519 0.0
484.842134519 0.0
485.842134519 0.0
486.842134519 0.0
487.842134519 0.0
488.842134519 0.0
489.842134519 0.0
490.842134519 0.0
491.842134519 0.0
492.842134519 0.0
493.842134519 0.0
494.842134519 0.0
495.842134519 0.0
496.842134519 0.0
497.842134519 0.0
498.842134519 0.0
499.842134519 0.0
500.842134519 0.0
501.842134519 0.0
502.842134519 0.0
503.842134519 0.0
504.842134519 0.0
505.842134519 0.0
506.842134519 0.0
507.842134519 0.0
508.842134519 0.0
509.842134519 0.0
510.842134519 0.0
511.842134519 0.0
512.842134519 0.0
513.842134519 0.0
514.842134519 0.0
515.842134519 0.0
516.842134519 0.0
517.842134519 0.0
518.842134519 0.0
519.842134519 0.0
520.842134519 0.0
521.842134519 0.0
522.842134519 0.0
523.842134519 0.0
524.842134519 0.0
525.842134519 0.0
526.842134519 0.0
527.842134519 0.0
528.842134519 0.0
529.842134519 0.0
530.842134519 0.0
531.842134519 0.0
532.842134519 0.0
533.842134519 0.0
534.842134519 0.0
535.842134519 0.0
536.842134519 0.0
537.842134519 0.0
538.842134519 0.0
539.842134519 0.0
540.842134519 0.0
541.842134519 0.0
542.842134519 0.0
543.842134519 0.0
544.842134519 0.0
545.842134519 0.0
546.842134519 0.0
547.842134519 0.0
548.842134519 0.0
549.842134519 0.0
550.842134519 0.0
551.842134519 0.0
552.842134519 0.0
553.842134519 0.0
554.842134519 0.0
555.842134519 0.0
556.842134519 0.0
557.842134519 0.0
558.842134519 0.0
559.842134519 0.0
560.842134519 0.0
561.842134519 0.0
562.842134519 0.0
563.842134519 0.0
564.842134519 0.0
565.842134519 0.0
566.842134519 0.0
567.842134519 0.0
568.842134519 0.0
569.842134519 0.0
570.842134519 0.0
571.842134519 0.0
572.842134519 0.0
573.842134519 0.0
574.842134519 0.0
575.842134519 0.0
576.842134519 0.0
577.842134519 0.0
578.842134519 0.0
579.842134519 0.0
580.842134519 0.0
581.842134519 0.0
582.842134519 0.0
583.842134519 0.0
584.842134519 0.0
585.842134519 0.0
586.842134519 0.0
587.842134519 0.0
588.842134519 0.0
589.842134519 0.0
590.842134519 0.0
591.842134519 0.0
592.842134519 0.0
593.842134519 0.0
594.842134519 0.0
595.842134519 0.0
596.842134519 0.0
597.842134519 0.0
598.842134519 0.0
599.842134519 0.0
600.842134519 0.0
601.842134519 0.0
602.842134519 0.0
603.842134519 0.0
604.842134519 0.0
605.842134519 0.0
606.842134519 0.0
607.842134519 0.0
608.842134519 0.0
609.842134519 0.0
610.842134519 0.0
611.842134519 0.0
612.842134519 0.0
613.842134519 0.0
614.842134519 0.0
615.842134519 0.0
616.842134519 0.0
617.842134519 0.0
618.842134519 0.0
619.842134519 0.0
620.842134519 0.0
621.842134519 0.0
622.842134519 0.0
623.842134519 0.0
624.842134519 0.0
625.842134519 0.0
626.842134519 0.0
627.842134519 0.0
628.842134519 0.0
629.842134519 0.0
630.842134519 0.0
631.842134519 0.0
632.842134519 0.0
633.842134519 0.0
634.842134519 0.0
635.842134519 0.0
636.842134519 0.0
637.842134519 0.0
638.842134519 0.0
639.842134519 0.0
640.842134519 0.0
641.842134519 0.0
642.842134519 0.0
643.842134519 0.0
644.842134519 0.0
645.842134519 0.0
646.842134519 0.0
647.842134519 0.0
648.842134519 0.0
649.842134519 0.0
650.842134519 0.0
651.842134519 0.0
652.842134519 0.0
653.842134519 0.0
654.842134519 0.0
655.842134519 0.0
656.842134519 0.0
657.842134519 0.0
658.842134519 0.0
659.842134519 0.0
660.842134519 0.0
661.842134519 0.0
662.842134519 0.0
663.842134519 0.0
664.842134519 0.0
665.842134519 0.0
666.842134519 0.0
667.842134519 0.0
668.842134519 0.0
669.842134519 0.0
670.842134519 0.0
671.842134519 0.0
672.842134519 0.0
673.842134519 0.0
674.842134519 0.0
675.842134519 0.0
676.842134519 0.0
677.842134519 0.0
678.842134519 0.0
679.842134519 0.0
680.842134519 0.0
681.842134519 0.0
682.842134519 0.0
683.842134519 0.0
684.842134519 0.0
685.842134519 0.0
686.842134519 0.0
687.842134519 0.0
688.842134519 0.0
689.842134519 0.0
690.842134519 0.0
691.842134519 0.0
692.842134519 0.0
693.842134519 0.0
694.842134519 0.0
695.842134519 0.0
696.842134519 0.0
697.842134519 0.0
698.842134519 0.0
699.842134519 0.0
700.842134519 0.0
701.842134519 0.0
702.842134519 0.0
703.842134519 0.0
704.842134519 0.0
705.842134519 0.0
706.842134519 0.0
707.842134519 0.0
708.842134519 0.0
709.842134519 0.0
710.842134519 0.0
711.842134519 0.0
712.842134519 0.0
713.842134519 0.0
714.842134519 0.0
715.842134519 0.0
716.842134519 0.0
717.842134519 0.0
718.842134519 0.0
719.842134519 0.0
720.842134519 0.0
721.842134519 0.0
722.842134519 0.0
723.842134519 0.0
724.842134519 0.0
725.842134519 0.0
726.842134519 0.0
727.842134519 0.0
728.842134519 0.0
729.842134519 0.0
730.842134519 0.0
731.842134519 0.0
732.842134519 0.0
733.842134519 0.0
734.842134519 0.0
735.842134519 0.0
736.842134519 0.0
737.842134519 0.0
738.842134519 0.0
739.842134519 0.0
740.842134519 0.0
741.842134519 0.0
742.842134519 0.0
743.842134519 0.0
744.842134519 0.0
745.842134519 0.0
746.842134519 0.0
747.842134519 0.0
748.842134519 0.0
749.842134519 0.0
750.842134519 0.0
751.842134519 0.0
752.842134519 0.0
753.842134519 0.0
754.842134519 0.0
755.842134519 0.0
756.842134519 0.0
757.842134519 0.0
758.842134519 0.0
759.842134519 0.0
760.842134519 0.0
761.842134519 0.0
762.842134519 0.0
763.842134519 0.0
764.842134519 0.0
765.842134519 0.0
766.842134519 0.0
767.842134519 0.0
768.842134519 0.0
769.842134519 0.0
770.842134519 0.0
771.842134519 0.0
772.842134519 0.0
773.842134519 0.0
774.842134519 0.0
775.842134519 0.0
776.842134519 0.0
777.842134519 0.0
778.842134519 0.0
779.842134519 0.0
780.842134519 0.0
781.842134519 0.0
782.842134519 0.0
783.842134519 0.0
784.842134519 0.0
785.842134519 0.0
786.842134519 0.0
787.842134519 0.0
788.842134519 0.0
789.842134519 0.0
790.842134519 0.0
791.842134519 0.0
792.842134519 0.0
793.842134519 0.0
794.842134519 0.0
795.842134519 0.0
796.842134519 0.0
797.842134519 0.0
798.842134519 0.0
799.842134519 0.0
800.842134519 0.0
801.842134519 0.0
802.842134519 0.0
803.842134519 0.0
804.842134519 0.0
805.842134519 0.0
806.842134519 0.0
807.842134519 0.0
808.842134519 0.0
809.842134519 0.0
810.842134519 0.0
811.842134519 0.0
812.842134519 0.0
813.842134519 0.0
814.842134519 0.0
815.842134519 0.0
816.842134519 0.0
817.842134519 0.0
818.842134519 0.0
819.842134519 0.0
820.842134519 0.0
821.842134519 0.0
822.842134519 0.0
823.842134519 0.0
824.842134519 0.0
825.842134519 0.0
826.842134519 0.0
827.842134519 0.0
828.842134519 0.0
829.842134519 0.0
830.842134519 0.0
831.842134519 0.0
832.842134519 0.0
833.842134519 0.0
834.842134519 0.0
835.842134519 0.0
836.842134519 0.0
837.842134519 0.0
838.842134519 0.0
839.842134519 0.0
840.842134519 0.0
841.842134519 0.0
842.842134519 0.0
843.842134519 0.0
844.842134519 0.0
845.842134519 0.0
846.842134519 0.0
847.842134519 0.0
848.842134519 0.0
849.842134519 0.0
850.842134519 0.0
851.842134519 0.0
852.842134519 0.0
853.842134519 0.0
854.842134519 0.0
855.842134519 0.0
856.842134519 0.0
857.842134519 0.0
858.842134519 0.0
859.842134519 0.0
860.842134519 0.0
861.842134519 0.0
862.842134519 0.0
863.842134519 0.0
864.842134519 0.0
865.842134519 0.0
866.842134519 0.0
867.842134519 0.0
868.842134519 0.0
869.842134519 0.0
870.842134519 0.0
871.842134519 0.0
872.842134519 0.0
873.842134519 0.0
874.842134519 0.0
875.842134519 0.0
876.842134519 0.0
877.842134519 0.0
878.842134519 0.0
879.842134519 0.0
880.842134519 0.0
881.842134519 0.0
882.842134519 0.0
883.842134519 0.0
884.842134519 0.0
885.842134519 0.0
886.842134519 0.0
887.842134519 0.0
888.842134519 0.0
889.842134519 0.0
890.842134519 0.0
891.842134519 0.0
892.842134519 0.0
893.842134519 0.0
894.842134519 0.0
895.842134519 0.0
896.842134519 0.0
897.842134519 0.0
898.842134519 0.0
899.842134519 0.0
900.842134519 0.0
901.842134519 0.0
902.842134519 0.0
903.842134519 0.0
904.842134519 0.0
905.842134519 0.0
906.842134519 0.0
907.842134519 0.0
908.842134519 0.0
909.842134519 0.0
910.842134519 0.0
911.842134519 0.0
912.842134519 0.0
913.842134519 0.0
914.842134519 0.0
915.842134519 0.0
916.842134519 0.0
917.842134519 0.0
918.842134519 0.0
919.842134519 0.0
920.842134519 0.0
921.842134519 0.0
922.842134519 0.0
923.842134519 0.0
924.842134519 0.0
925.842134519 0.0
926.842134519 0.0
927.842134519 0.0
928.842134519 0.0
929.842134519 0.0
930.842134519 0.0
931.842134519 0.0
932.842134519 0.0
933.842134519 0.0
934.842134519 0.0
935.842134519 0.0
936.842134519 0.0
937.842134519 0.0
938.842134519 0.0
939.842134519 0.0
940.842134519 0.0
941.842134519 0.0
942.842134519 0.0
943.842134519 0.0
944.842134519 0.0
945.842134519 0.0
