-669.180560482 0.0
-668.180560482 0.0
-667.180560482 0.0
-666.180560482 0.0
-665.180560482 0.0
-664.180560482 0.0
-663.180560482 0.0
-662.180560482 0.0
-661.180560482 0.0
-660.180560482 0.0
-659.180560482 0.0
-658.180560482 0.0
-657.180560482 0.0
-656.180560482 0.0
-655.180560482 0.0
-654.180560482 0.0
-653.180560482 0.0
-652.180560482 0.0
-651.180560482 0.0
-650.180560482 0.0
-649.180560482 0.0
-648.180560482 0.0
-647.180560482 0.0
-646.180560482 0.0
-645.180560482 0.0
-644.180560482 0.0
-643.180560482 0.0
-642.180560482 0.0
-641.180560482 0.0
-640.180560482 0.0
-639.180560482 0.0
-638.180560482 0.0
-637.180560482 0.0
-636.180560482 0.0
-635.180560482 0.0
-634.180560482 0.0
-633.180560482 0.0
-632.180560482 0.0
-631.180560482 0.0
-630.180560482 0.0
-629.180560482 0.0
-628.180560482 0.0
-627.180560482 0.0
-626.180560482 0.0
-625.180560482 0.0
-624.180560482 0.0
-623.180560482 0.0
-622.180560482 0.0
-621.180560482 0.0
-620.180560482 0.0
-619.180560482 0.0
-618.180560482 0.0
-617.180560482 0.0
-616.180560482 0.0
-615.180560482 0.0
-614.180560482 0.0
-613.180560482 0.0
-612.180560482 0.0
-611.180560482 0.0
-610.180560482 0.0
-609.180560482 0.0
-608.180560482 0.0
-607.180560482 0.0
-606.180560482 0.0
-605.180560482 0.0
-604.180560482 0.0
-603.180560482 0.0
-602.180560482 0.0
-601.180560482 0.0
-600.180560482 0.0
-599.180560482 0.0
-598.180560482 0.0
-597.180560482 0.0
-596.180560482 0.0
-595.180560482 0.0
-594.180560482 0.0
-593.180560482 0.0
-592.180560482 0.0
-591.180560482 0.0
-590.180560482 0.0
-589.180560482 0.0
-588.180560482 0.0
-587.180560482 0.0
-586.180560482 0.0
-585.180560482 0.0
-584.180560482 0.0
-583.180560482 0.0
-582.180560482 0.0
-581.180560482 0.0
-580.180560482 0.0
-579.180560482 0.0
-578.180560482 0.0
-577.180560482 0.0
-576.180560482 0.0
-575.180560482 0.0
-574.180560482 0.0
-573.180560482 0.0
-572.180560482 0.0
-571.180560482 0.0
-570.180560482 0.0
-569.180560482 0.0
-568.180560482 0.0
-567.180560482 0.0
-566.180560482 0.0
-565.180560482 0.0
-564.180560482 0.0
-563.180560482 0.0
-562.180560482 0.0
-561.180560482 0.0
-560.180560482 0.0
-559.180560482 0.0
-558.180560482 0.0
-557.180560482 0.0
-556.180560482 0.0
-555.180560482 0.0
-554.180560482 0.0
-553.180560482 0.0
-552.180560482 0.0
-551.180560482 0.0
-550.180560482 0.0
-549.180560482 0.0
-548.180560482 0.0
-547.180560482 0.0
-546.180560482 0.0
-545.180560482 0.0
-544.180560482 0.0
-543.180560482 0.0
-542.180560482 0.0
-541.180560482 0.0
-540.180560482 0.0
-539.180560482 0.0
-538.180560482 0.0
-537.180560482 0.0
-536.180560482 0.0
-535.180560482 0.0
-534.180560482 0.0
-533.180560482 0.0
-532.180560482 0.0
-531.180560482 0.0
-530.180560482 0.0
-529.180560482 0.0
-528.180560482 0.0
-527.180560482 0.0
-526.180560482 0.0
-525.180560482 0.0
-524.180560482 0.0
-523.180560482 0.0
-522.180560482 0.0
-521.180560482 0.0
-520.180560482 0.0
-519.180560482 0.0
-518.180560482 0.0
-517.180560482 0.0
-516.180560482 0.0
-515.180560482 0.0
-514.180560482 0.0
-513.180560482 0.0
-512.180560482 0.0
-511.180560482 0.0
-510.180560482 0.0
-509.180560482 0.0
-508.180560482 0.0
-507.180560482 0.0
-506.180560482 0.0
-505.180560482 0.0
-504.180560482 0.0
-503.180560482 0.0
-502.180560482 0.0
-501.180560482 0.0
-500.180560482 0.0
-499.180560482 0.0
-498.180560482 0.0
-497.180560482 0.0
-496.180560482 0.0
-495.180560482 0.0
-494.180560482 0.0
-493.180560482 0.0
-492.180560482 0.0
-491.180560482 0.0
-490.180560482 0.0
-489.180560482 0.0
-488.180560482 0.0
-487.180560482 0.0
-486.180560482 0.0
-485.180560482 0.0
-484.180560482 0.0
-483.180560482 0.0
-482.180560482 0.0
-481.180560482 0.0
-480.180560482 0.0
-479.180560482 0.0
-478.180560482 0.0
-477.180560482 0.0
-476.180560482 0.0
-475.180560482 0.0
-474.180560482 0.0
-473.180560482 0.0
-472.180560482 0.0
-471.180560482 0.0
-470.180560482 0.0
-469.180560482 0.0
-468.180560482 0.0
-467.180560482 0.0
-466.180560482 0.0
-465.180560482 0.0
-464.180560482 0.0
-463.180560482 0.0
-462.180560482 0.0
-461.180560482 0.0
-460.180560482 0.0
-459.180560482 0.0
-458.180560482 0.0
-457.180560482 0.0
-456.180560482 0.0
-455.180560482 0.0
-454.180560482 0.0
-453.180560482 0.0
-452.180560482 0.0
-451.180560482 0.0
-450.180560482 0.0
-449.180560482 0.0
-448.180560482 0.0
-447.180560482 0.0
-446.180560482 0.0
-445.180560482 0.0
-444.180560482 0.0
-443.180560482 0.0
-442.180560482 0.0
-441.180560482 0.0
-440.180560482 0.0
-439.180560482 0.0
-438.180560482 0.0
-437.180560482 0.0
-436.180560482 0.0
-435.180560482 0.0
-434.180560482 0.0
-433.180560482 0.0
-432.180560482 0.0
-431.180560482 0.0
-430.180560482 0.0
-429.180560482 0.0
-428.180560482 0.0
-427.180560482 0.0
-426.180560482 0.0
-425.180560482 0.0
-424.180560482 0.0
-423.180560482 0.0
-422.180560482 0.0
-421.180560482 0.0
-420.180560482 0.0
-419.180560482 0.0
-418.180560482 0.0
-417.180560482 0.0
-416.180560482 0.0
-415.180560482 0.0
-414.180560482 0.0
-413.180560482 0.0
-412.180560482 0.0
-411.180560482 0.0
-410.180560482 0.0
-409.180560482 0.0
-408.180560482 0.0
-407.180560482 0.0
-406.180560482 0.0
-405.180560482 0.0
-404.180560482 0.0
-403.180560482 0.0
-402.180560482 0.0
-401.180560482 0.0
-400.180560482 0.0
-399.180560482 0.0
-398.180560482 0.0
-397.180560482 0.0
-396.180560482 0.0
-395.180560482 0.0
-394.180560482 0.0
-393.180560482 0.0
-392.180560482 0.0
-391.180560482 0.0
-390.180560482 0.0
-389.180560482 0.0
-388.180560482 0.0
-387.180560482 0.0
-386.180560482 0.0
-385.180560482 0.0
-384.180560482 0.0
-383.180560482 0.0
-382.180560482 0.0
-381.180560482 0.0
-380.180560482 0.0
-379.180560482 0.0
-378.180560482 0.0
-377.180560482 0.0
-376.180560482 0.0
-375.180560482 0.0
-374.180560482 0.0
-373.180560482 0.0
-372.180560482 0.0
-371.180560482 0.0
-370.180560482 0.0
-369.180560482 0.0
-368.180560482 0.0
-367.180560482 0.0
-366.180560482 0.0
-365.180560482 0.0
-364.180560482 0.0
-363.180560482 0.0
-362.180560482 0.0
-361.180560482 0.0
-360.180560482 0.0
-359.180560482 0.0
-358.180560482 0.0
-357.180560482 0.0
-356.180560482 0.0
-355.180560482 0.0
-354.180560482 0.0
-353.180560482 0.0
-352.180560482 0.0
-351.180560482 0.0
-350.180560482 0.0
-349.180560482 0.0
-348.180560482 0.0
-347.180560482 0.0
-346.180560482 0.0
-345.180560482 0.0
-344.180560482 0.0
-343.180560482 0.0
-342.180560482 0.0
-341.180560482 0.0
-340.180560482 0.0
-339.180560482 0.0
-338.180560482 0.0
-337.180560482 0.0
-336.180560482 0.0
-335.180560482 0.0
-334.180560482 0.0
-333.180560482 0.0
-332.180560482 0.0
-331.180560482 0.0
-330.180560482 0.0
-329.180560482 0.0
-328.180560482 0.0
-327.180560482 0.0
-326.180560482 0.0
-325.180560482 0.0
-324.180560482 0.0
-323.180560482 0.0
-322.180560482 0.0
-321.180560482 0.0
-320.180560482 0.0
-319.180560482 0.0
-318.180560482 0.0
-317.180560482 0.0
-316.180560482 0.0
-315.180560482 0.0
-314.180560482 0.0
-313.180560482 0.0
-312.180560482 0.0
-311.180560482 0.0
-310.180560482 0.0
-309.180560482 0.0
-308.180560482 0.0
-307.180560482 0.0
-306.180560482 0.0
-305.180560482 0.0
-304.180560482 0.0
-303.180560482 0.0
-302.180560482 0.0
-301.180560482 0.0
-300.180560482 0.0
-299.180560482 0.0
-298.180560482 0.0
-297.180560482 0.0
-296.180560482 0.0
-295.180560482 0.0
-294.180560482 0.0
-293.180560482 0.0
-292.180560482 0.0
-291.180560482 0.0
-290.180560482 0.0
-289.180560482 0.0
-288.180560482 0.0
-287.180560482 0.0
-286.180560482 0.0
-285.180560482 0.0
-284.180560482 0.0
-283.180560482 0.0
-282.180560482 0.0
-281.180560482 0.0
-280.180560482 0.0
-279.180560482 0.0
-278.180560482 0.0
-277.180560482 0.0
-276.180560482 0.0
-275.180560482 0.0
-274.180560482 0.0
-273.180560482 0.0
-272.180560482 0.0
-271.180560482 0.0
-270.180560482 0.0
-269.180560482 0.0
-268.180560482 0.0
-267.180560482 0.0
-266.180560482 0.0
-265.180560482 0.0
-264.180560482 0.0
-263.180560482 0.0
-262.180560482 0.0
-261.180560482 0.0
-260.180560482 0.0
-259.180560482 0.0
-258.180560482 0.0
-257.180560482 0.0
-256.180560482 0.0
-255.180560482 0.0
-254.180560482 0.0
-253.180560482 0.0
-252.180560482 0.0
-251.180560482 0.0
-250.180560482 0.0
-249.180560482 0.0
-248.180560482 0.0
-247.180560482 0.0
-246.180560482 0.0
-245.180560482 0.0
-244.180560482 0.0
-243.180560482 0.0
-242.180560482 0.0
-241.180560482 0.0
-240.180560482 0.0
-239.180560482 0.0
-238.180560482 0.0
-237.180560482 0.0
-236.180560482 0.0
-235.180560482 0.0
-234.180560482 0.0
-233.180560482 0.0
-232.180560482 0.0
-231.180560482 0.0
-230.180560482 0.0
-229.180560482 0.0
-228.180560482 0.0
-227.180560482 0.0
-226.180560482 0.0
-225.180560482 0.0
-224.180560482 0.0
-223.180560482 0.0
-222.180560482 0.0
-221.180560482 0.0
-220.180560482 0.0
-219.180560482 0.0
-218.180560482 0.0
-217.180560482 0.0
-216.180560482 0.0
-215.180560482 0.0
-214.180560482 0.0
-213.180560482 0.0
-212.180560482 0.0
-211.180560482 0.0
-210.180560482 0.0
-209.180560482 0.0
-208.180560482 0.0
-207.180560482 0.0
-206.180560482 0.0
-205.180560482 0.0
-204.180560482 0.0
-203.180560482 0.0
-202.180560482 0.0
-201.180560482 0.0
-200.180560482 0.0
-199.180560482 0.0
-198.180560482 0.0
-197.180560482 0.0
-196.180560482 0.0
-195.180560482 0.0
-194.180560482 0.0
-193.180560482 0.0
-192.180560482 0.0
-191.180560482 0.0
-190.180560482 0.0
-189.180560482 0.0
-188.180560482 0.0
-187.180560482 0.0
-186.180560482 0.0
-185.180560482 0.0
-184.180560482 0.0
-183.180560482 0.0
-182.180560482 0.0
-181.180560482 0.0
-180.180560482 0.0
-179.180560482 0.0
-178.180560482 0.0
-177.180560482 0.0
-176.180560482 0.0
-175.180560482 0.0
-174.180560482 0.0
-173.180560482 0.0
-172.180560482 0.0
-171.180560482 0.0
-170.180560482 0.0
-169.180560482 0.000000e+00
-168.471089039 0.000000e+00
-167.761617595 0.000000e+00
-167.052146151 0.000000e+00
-166.342674707 0.000000e+00
-165.633203264 0.000000e+00
-164.92373182 0.000000e+00
-164.214260376 0.000000e+00
-163.504788932 0.000000e+00
-162.795317488 0.000000e+00
-162.085846045 0.000000e+00
-161.376374601 0.000000e+00
-160.666903157 0.000000e+00
-159.957431713 0.000000e+00
-159.24796027 0.000000e+00
-158.538488826 0.000000e+00
-157.829017382 0.000000e+00
-157.119545938 0.000000e+00
-156.410074495 0.000000e+00
-155.700603051 0.000000e+00
-154.991131607 0.000000e+00
-154.281660163 0.000000e+00
-153.572188719 0.000000e+00
-152.862717276 0.000000e+00
-152.153245832 0.000000e+00
-151.443774388 0.000000e+00
-150.734302944 0.000000e+00
-150.024831501 0.000000e+00
-149.315360057 0.000000e+00
-148.605888613 0.000000e+00
-147.896417169 0.000000e+00
-147.186945725 0.000000e+00
-146.477474282 0.000000e+00
-145.768002838 0.000000e+00
-145.058531394 0.000000e+00
-144.34905995 0.000000e+00
-143.639588507 0.000000e+00
-142.930117063 0.000000e+00
-142.220645619 0.000000e+00
-141.511174175 0.000000e+00
-140.801702731 0.000000e+00
-140.092231288 0.000000e+00
-139.382759844 0.000000e+00
-138.6732884 0.000000e+00
-137.963816956 0.000000e+00
-137.254345513 0.000000e+00
-136.544874069 0.000000e+00
-135.835402625 0.000000e+00
-135.125931181 0.000000e+00
-134.416459737 0.000000e+00
-133.706988294 0.000000e+00
-132.99751685 0.000000e+00
-132.288045406 0.000000e+00
-131.578573962 0.000000e+00
-130.869102519 0.000000e+00
-130.159631075 0.000000e+00
-129.450159631 0.000000e+00
-128.740688187 0.000000e+00
-128.031216744 0.000000e+00
-127.3217453 0.000000e+00
-126.612273856 0.000000e+00
-125.902802412 0.000000e+00
-125.193330968 0.000000e+00
-124.483859525 0.000000e+00
-123.774388081 0.000000e+00
-123.064916637 0.000000e+00
-122.355445193 0.000000e+00
-121.64597375 0.000000e+00
-120.936502306 0.000000e+00
-120.227030862 0.000000e+00
-119.517559418 0.000000e+00
-118.808087974 0.000000e+00
-118.098616531 0.000000e+00
-117.389145087 0.000000e+00
-116.679673643 0.000000e+00
-115.970202199 0.000000e+00
-115.260730756 0.000000e+00
-114.551259312 0.000000e+00
-113.841787868 0.000000e+00
-113.132316424 0.000000e+00
-112.42284498 0.000000e+00
-111.713373537 0.000000e+00
-111.003902093 0.000000e+00
-110.294430649 0.000000e+00
-109.584959205 0.000000e+00
-108.875487762 0.000000e+00
-108.166016318 0.000000e+00
-107.456544874 0.000000e+00
-106.74707343 0.000000e+00
-106.037601987 0.000000e+00
-105.328130543 0.000000e+00
-104.618659099 0.000000e+00
-103.909187655 0.000000e+00
-103.199716211 0.000000e+00
-102.490244768 0.000000e+00
-101.780773324 0.000000e+00
-101.07130188 0.000000e+00
-100.361830436 0.000000e+00
-99.6523589926 0.000000e+00
-98.9428875488 0.000000e+00
-98.233416105 0.000000e+00
-97.5239446612 0.000000e+00
-96.8144732175 0.000000e+00
-96.1050017737 0.000000e+00
-95.3955303299 0.000000e+00
-94.6860588861 0.000000e+00
-93.9765874424 0.000000e+00
-93.2671159986 0.000000e+00
-92.5576445548 0.000000e+00
-91.848173111 0.000000e+00
-91.1387016673 0.000000e+00
-90.4292302235 0.000000e+00
-89.7197587797 0.000000e+00
-89.0102873359 0.000000e+00
-88.3008158922 0.000000e+00
-87.5913444484 0.000000e+00
-86.8818730046 0.000000e+00
-86.1724015608 0.000000e+00
-85.4629301171 0.000000e+00
-84.7534586733 0.000000e+00
-84.0439872295 0.000000e+00
-83.3345157857 0.000000e+00
-82.625044342 0.000000e+00
-81.9155728982 0.000000e+00
-81.2061014544 0.000000e+00
-80.4966300106 0.000000e+00
-79.7871585669 0.000000e+00
-79.0776871231 0.000000e+00
-78.3682156793 0.000000e+00
-77.6587442355 0.000000e+00
-76.9492727918 0.000000e+00
-76.239801348 0.000000e+00
-75.5303299042 0.000000e+00
-74.8208584604 0.000000e+00
-74.1113870167 0.000000e+00
-73.4019155729 0.000000e+00
-72.6924441291 0.000000e+00
-71.9829726853 0.000000e+00
-71.2735012416 0.000000e+00
-70.5640297978 0.000000e+00
-69.854558354 0.000000e+00
-69.1450869103 0.000000e+00
-68.4356154665 0.000000e+00
-67.7261440227 0.000000e+00
-67.0166725789 0.000000e+00
-66.3072011352 0.000000e+00
-65.5977296914 0.000000e+00
-64.8882582476 0.000000e+00
-64.1787868038 0.000000e+00
-63.4693153601 0.000000e+00
-62.7598439163 0.000000e+00
-62.0503724725 0.000000e+00
-61.3409010287 0.000000e+00
-60.631429585 0.000000e+00
-59.9219581412 0.000000e+00
-59.2124866974 0.000000e+00
-58.5030152536 0.000000e+00
-57.7935438099 0.000000e+00
-57.0840723661 0.000000e+00
-56.3746009223 0.000000e+00
-55.6651294785 0.000000e+00
-54.9556580348 0.000000e+00
-54.246186591 0.000000e+00
-53.5367151472 0.000000e+00
-52.8272437034 0.000000e+00
-52.1177722597 0.000000e+00
-51.4083008159 0.000000e+00
-50.6988293721 0.000000e+00
-49.9893579283 0.000000e+00
-49.2798864846 0.000000e+00
-48.5704150408 0.000000e+00
-47.860943597 0.000000e+00
-47.1514721532 0.000000e+00
-46.4420007095 0.000000e+00
-45.7325292657 0.000000e+00
-45.0230578219 0.000000e+00
-44.3135863781 0.000000e+00
-43.6041149344 0.000000e+00
-42.8946434906 0.000000e+00
-42.1851720468 0.000000e+00
-41.4757006031 0.000000e+00
-40.7662291593 0.000000e+00
-40.0567577155 0.000000e+00
-39.3472862717 0.000000e+00
-38.637814828 0.000000e+00
-37.9283433842 0.000000e+00
-37.2188719404 0.000000e+00
-36.5094004966 0.000000e+00
-35.7999290529 0.000000e+00
-35.0904576091 0.000000e+00
-34.3809861653 0.000000e+00
-33.6715147215 0.000000e+00
-32.9620432778 0.000000e+00
-32.252571834 0.000000e+00
-31.5431003902 0.000000e+00
-30.8336289464 0.000000e+00
-30.1241575027 0.000000e+00
-29.4146860589 0.000000e+00
-28.7052146151 0.000000e+00
-27.9957431713 0.000000e+00
-27.2862717276 0.000000e+00
-26.5768002838 0.000000e+00
-25.86732884 0.000000e+00
-25.1578573962 0.000000e+00
-24.4483859525 0.000000e+00
-23.7389145087 0.000000e+00
-23.0294430649 0.000000e+00
-22.3199716211 0.000000e+00
-21.6105001774 0.000000e+00
-20.9010287336 0.000000e+00
-20.1915572898 0.000000e+00
-19.482085846 0.000000e+00
-18.7726144023 0.000000e+00
-18.0631429585 0.000000e+00
-17.3536715147 0.000000e+00
-16.6442000709 0.000000e+00
-15.9347286272 0.000000e+00
-15.2252571834 0.000000e+00
-14.5157857396 0.000000e+00
-13.8063142958 0.000000e+00
-13.0968428521 0.000000e+00
-12.3873714083 0.000000e+00
-11.6778999645 0.000000e+00
-10.9684285208 0.000000e+00
-10.258957077 0.000000e+00
-9.5494856332 0.000000e+00
-8.84001418943 0.000000e+00
-8.13054274565 0.000000e+00
-7.42107130188 0.000000e+00
-6.71159985811 0.000000e+00
-6.00212841433 0.000000e+00
-5.29265697056 0.000000e+00
-4.58318552678 0.000000e+00
-3.87371408301 0.000000e+00
-3.16424263923 0.000000e+00
-2.45477119546 0.000000e+00
-1.74529975168 0.000000e+00
-1.03582830791 0.000000e+00
-0.326356864136 0.000000e+00
0.383114579638 1.000000e+00
1.09258602341 0.000000e+00
1.80205746719 0.000000e+00
2.51152891096 0.000000e+00
3.22100035474 0.000000e+00
3.93047179851 1.390196e-01
4.63994324228 0.000000e+00
5.34941468606 0.000000e+00
6.05888612983 0.000000e+00
6.76835757361 0.000000e+00
7.47782901738 0.000000e+00
8.18730046116 0.000000e+00
8.89677190493 0.000000e+00
9.60624334871 0.000000e+00
10.3157147925 0.000000e+00
11.0251862363 0.000000e+00
11.73465768 0.000000e+00
12.4441291238 0.000000e+00
13.1536005676 0.000000e+00
13.8630720114 0.000000e+00
14.5725434551 0.000000e+00
15.2820148989 0.000000e+00
15.9914863427 0.000000e+00
16.7009577864 0.000000e+00
17.4104292302 0.000000e+00
18.119900674 0.000000e+00
18.8293721178 0.000000e+00
19.5388435615 0.000000e+00
20.2483150053 0.000000e+00
20.9577864491 0.000000e+00
21.6672578929 0.000000e+00
22.3767293366 0.000000e+00
23.0862007804 0.000000e+00
23.7956722242 0.000000e+00
24.505143668 0.000000e+00
25.2146151117 0.000000e+00
25.9240865555 0.000000e+00
26.6335579993 0.000000e+00
27.3430294431 0.000000e+00
28.0525008868 0.000000e+00
28.7619723306 0.000000e+00
29.4714437744 0.000000e+00
30.1809152182 0.000000e+00
30.8903866619 0.000000e+00
31.5998581057 0.000000e+00
32.3093295495 0.000000e+00
33.0188009933 0.000000e+00
33.728272437 1.844993e-01
34.4377438808 0.000000e+00
35.1472153246 0.000000e+00
35.8566867684 0.000000e+00
36.5661582121 0.000000e+00
37.2756296559 0.000000e+00
37.9851010997 0.000000e+00
38.6945725435 0.000000e+00
39.4040439872 0.000000e+00
40.113515431 0.000000e+00
40.8229868748 0.000000e+00
41.5324583186 0.000000e+00
42.2419297623 0.000000e+00
42.9514012061 0.000000e+00
43.6608726499 0.000000e+00
44.3703440937 0.000000e+00
45.0798155374 0.000000e+00
45.7892869812 0.000000e+00
46.498758425 0.000000e+00
47.2082298687 0.000000e+00
47.9177013125 0.000000e+00
48.6271727563 0.000000e+00
49.3366442001 0.000000e+00
50.0461156438 0.000000e+00
50.7555870876 0.000000e+00
51.4650585314 0.000000e+00
52.1745299752 0.000000e+00
52.8840014189 0.000000e+00
53.5934728627 0.000000e+00
54.3029443065 0.000000e+00
55.0124157503 0.000000e+00
55.721887194 0.000000e+00
56.4313586378 0.000000e+00
57.1408300816 0.000000e+00
57.8503015254 0.000000e+00
58.5597729691 0.000000e+00
59.2692444129 0.000000e+00
59.9787158567 0.000000e+00
60.6881873005 0.000000e+00
61.3976587442 0.000000e+00
62.107130188 0.000000e+00
62.8166016318 0.000000e+00
63.5260730756 0.000000e+00
64.2355445193 0.000000e+00
64.9450159631 0.000000e+00
65.6544874069 0.000000e+00
66.3639588507 0.000000e+00
67.0734302944 0.000000e+00
67.7829017382 0.000000e+00
68.492373182 0.000000e+00
69.2018446258 0.000000e+00
69.9113160695 0.000000e+00
70.6207875133 0.000000e+00
71.3302589571 0.000000e+00
72.0397304009 0.000000e+00
72.7492018446 0.000000e+00
73.4586732884 0.000000e+00
74.1681447322 0.000000e+00
74.8776161759 0.000000e+00
75.5870876197 0.000000e+00
76.2965590635 0.000000e+00
77.0060305073 0.000000e+00
77.715501951 0.000000e+00
78.4249733948 0.000000e+00
79.1344448386 0.000000e+00
79.8439162824 0.000000e+00
80.5533877261 0.000000e+00
81.2628591699 0.000000e+00
81.9723306137 0.000000e+00
82.6818020575 0.000000e+00
83.3912735012 0.000000e+00
84.100744945 0.000000e+00
84.8102163888 0.000000e+00
85.5196878326 0.000000e+00
86.2291592763 0.000000e+00
86.9386307201 0.000000e+00
87.6481021639 0.000000e+00
88.3575736077 0.000000e+00
89.0670450514 0.000000e+00
89.7765164952 0.000000e+00
90.485987939 0.000000e+00
91.1954593828 0.000000e+00
91.9049308265 0.000000e+00
92.6144022703 0.000000e+00
93.3238737141 0.000000e+00
94.0333451579 0.000000e+00
94.7428166016 0.000000e+00
95.4522880454 0.000000e+00
96.1617594892 0.000000e+00
96.871230933 0.000000e+00
97.5807023767 0.000000e+00
98.2901738205 0.000000e+00
98.9996452643 0.000000e+00
99.7091167081 0.000000e+00
100.418588152 0.000000e+00
101.128059596 0.000000e+00
101.837531039 0.000000e+00
102.547002483 0.000000e+00
103.256473927 0.000000e+00
103.965945371 0.000000e+00
104.675416814 0.000000e+00
105.384888258 0.000000e+00
106.094359702 0.000000e+00
106.803831146 0.000000e+00
107.51330259 0.000000e+00
108.222774033 0.000000e+00
108.932245477 0.000000e+00
109.641716921 0.000000e+00
110.351188365 0.000000e+00
111.060659808 0.000000e+00
111.770131252 0.000000e+00
112.479602696 0.000000e+00
113.18907414 0.000000e+00
113.898545584 0.000000e+00
114.608017027 0.000000e+00
115.317488471 0.000000e+00
116.026959915 0.000000e+00
116.736431359 0.000000e+00
117.445902802 0.000000e+00
118.155374246 0.000000e+00
118.86484569 0.000000e+00
119.574317134 0.000000e+00
120.283788578 0.000000e+00
120.993260021 0.000000e+00
121.702731465 0.000000e+00
122.412202909 0.000000e+00
123.121674353 0.000000e+00
123.831145796 0.000000e+00
124.54061724 0.000000e+00
125.250088684 0.000000e+00
125.959560128 0.000000e+00
126.669031571 0.000000e+00
127.378503015 0.000000e+00
128.087974459 0.000000e+00
128.797445903 0.000000e+00
129.506917347 0.000000e+00
130.21638879 0.000000e+00
130.925860234 0.000000e+00
131.635331678 0.000000e+00
132.344803122 0.000000e+00
133.054274565 0.000000e+00
133.763746009 0.000000e+00
134.473217453 0.000000e+00
135.182688897 0.000000e+00
135.892160341 0.000000e+00
136.601631784 0.000000e+00
137.311103228 0.000000e+00
138.020574672 0.000000e+00
138.730046116 0.000000e+00
139.439517559 0.000000e+00
140.148989003 0.000000e+00
140.858460447 0.000000e+00
141.567931891 0.000000e+00
142.277403335 0.000000e+00
142.986874778 0.000000e+00
143.696346222 0.000000e+00
144.405817666 0.000000e+00
145.11528911 0.000000e+00
145.824760553 0.000000e+00
146.534231997 0.000000e+00
147.243703441 0.000000e+00
147.953174885 0.000000e+00
148.662646328 0.000000e+00
149.372117772 0.000000e+00
150.081589216 0.000000e+00
150.79106066 0.000000e+00
151.500532104 0.000000e+00
152.210003547 0.000000e+00
152.919474991 0.000000e+00
153.628946435 0.000000e+00
154.338417879 0.000000e+00
155.047889322 0.000000e+00
155.757360766 0.000000e+00
156.46683221 0.000000e+00
157.176303654 0.000000e+00
157.885775098 0.000000e+00
158.595246541 0.000000e+00
159.304717985 0.000000e+00
160.014189429 0.000000e+00
160.723660873 0.000000e+00
161.433132316 0.000000e+00
162.14260376 0.000000e+00
162.852075204 0.000000e+00
163.561546648 0.000000e+00
164.271018092 0.000000e+00
164.980489535 0.000000e+00
165.689960979 0.000000e+00
166.399432423 0.000000e+00
167.108903867 0.000000e+00
167.81837531 0.000000e+00
168.527846754 0.000000e+00
169.237318198 0.000000e+00
169.946789642 0.000000e+00
170.656261085 0.000000e+00
171.365732529 0.000000e+00
172.075203973 0.000000e+00
172.784675417 0.000000e+00
173.494146861 0.000000e+00
174.203618304 0.000000e+00
174.913089748 0.000000e+00
175.622561192 0.000000e+00
176.332032636 0.000000e+00
177.041504079 0.000000e+00
177.750975523 0.000000e+00
178.460446967 0.000000e+00
179.169918411 0.000000e+00
179.879389855 0.000000e+00
180.588861298 0.000000e+00
181.298332742 0.000000e+00
182.007804186 0.000000e+00
182.71727563 0.000000e+00
183.426747073 0.000000e+00
184.136218517 0.000000e+00
184.845689961 0.000000e+00
185.555161405 0.000000e+00
186.264632849 0.000000e+00
186.974104292 0.000000e+00
187.683575736 0.000000e+00
188.39304718 0.000000e+00
189.102518624 0.000000e+00
189.811990067 0.000000e+00
190.521461511 0.000000e+00
191.230932955 0.000000e+00
191.940404399 0.000000e+00
192.649875842 0.000000e+00
193.359347286 0.000000e+00
194.06881873 0.000000e+00
194.778290174 0.000000e+00
195.487761618 0.000000e+00
196.197233061 0.000000e+00
196.906704505 0.000000e+00
197.616175949 0.000000e+00
198.325647393 0.000000e+00
199.035118836 0.000000e+00
199.74459028 0.000000e+00
200.454061724 0.000000e+00
201.163533168 0.000000e+00
201.873004612 0.000000e+00
202.582476055 0.000000e+00
203.291947499 0.000000e+00
204.001418943 0.000000e+00
204.710890387 0.000000e+00
205.42036183 0.000000e+00
206.129833274 0.000000e+00
206.839304718 0.000000e+00
207.548776162 0.000000e+00
208.258247606 0.000000e+00
208.967719049 0.000000e+00
209.677190493 0.000000e+00
210.386661937 0.000000e+00
211.096133381 0.000000e+00
211.805604824 0.000000e+00
212.515076268 0.000000e+00
213.224547712 0.000000e+00
213.934019156 0.000000e+00
214.6434906 0.000000e+00
215.352962043 0.000000e+00
216.062433487 0.000000e+00
216.771904931 0.000000e+00
217.481376375 0.000000e+00
218.190847818 0.000000e+00
218.900319262 0.000000e+00
219.609790706 0.000000e+00
220.31926215 0.000000e+00
221.028733593 0.000000e+00
221.738205037 0.000000e+00
222.447676481 0.000000e+00
223.157147925 0.000000e+00
223.866619369 0.000000e+00
224.576090812 0.000000e+00
225.285562256 0.000000e+00
225.9950337 0.000000e+00
226.704505144 0.000000e+00
227.413976587 0.000000e+00
228.123448031 0.000000e+00
228.832919475 0.000000e+00
229.542390919 0.000000e+00
230.251862363 0.000000e+00
230.961333806 0.000000e+00
231.67080525 0.000000e+00
232.380276694 0.000000e+00
233.089748138 0.000000e+00
233.799219581 0.000000e+00
234.508691025 0.000000e+00
235.218162469 0.000000e+00
235.927633913 0.000000e+00
236.637105357 0.000000e+00
237.3465768 0.000000e+00
238.056048244 0.000000e+00
238.765519688 0.000000e+00
239.474991132 0.000000e+00
240.184462575 0.000000e+00
240.893934019 0.000000e+00
241.603405463 0.000000e+00
242.312876907 0.000000e+00
243.02234835 0.000000e+00
243.731819794 0.000000e+00
244.441291238 0.000000e+00
245.150762682 0.000000e+00
245.860234126 0.000000e+00
246.569705569 0.000000e+00
247.279177013 0.000000e+00
247.988648457 0.000000e+00
248.698119901 0.000000e+00
249.407591344 0.000000e+00
250.117062788 0.000000e+00
250.826534232 0.000000e+00
251.536005676 0.000000e+00
252.24547712 0.000000e+00
252.954948563 0.000000e+00
253.664420007 0.000000e+00
254.373891451 0.000000e+00
255.083362895 0.000000e+00
255.792834338 0.000000e+00
256.502305782 0.000000e+00
257.211777226 0.000000e+00
257.92124867 0.000000e+00
258.630720114 0.000000e+00
259.340191557 0.000000e+00
260.049663001 0.000000e+00
260.759134445 0.000000e+00
261.468605889 0.000000e+00
262.178077332 0.000000e+00
262.887548776 0.000000e+00
263.59702022 0.000000e+00
264.306491664 0.000000e+00
265.015963107 0.000000e+00
265.725434551 0.000000e+00
266.434905995 0.000000e+00
267.144377439 0.000000e+00
267.853848883 0.000000e+00
268.563320326 0.000000e+00
269.27279177 0.000000e+00
269.982263214 0.000000e+00
270.691734658 0.000000e+00
271.401206101 0.000000e+00
272.110677545 0.000000e+00
272.820148989 0.000000e+00
273.529620433 0.000000e+00
274.239091877 0.000000e+00
274.94856332 0.000000e+00
275.658034764 0.000000e+00
276.367506208 0.000000e+00
277.076977652 0.000000e+00
277.786449095 0.000000e+00
278.495920539 0.000000e+00
279.205391983 0.000000e+00
279.914863427 0.000000e+00
280.624334871 0.000000e+00
281.333806314 0.000000e+00
282.043277758 0.000000e+00
282.752749202 0.000000e+00
283.462220646 0.000000e+00
284.171692089 0.000000e+00
284.881163533 0.000000e+00
285.590634977 0.000000e+00
286.300106421 0.000000e+00
287.009577864 0.000000e+00
287.719049308 0.000000e+00
288.428520752 0.000000e+00
289.137992196 0.000000e+00
289.84746364 0.000000e+00
290.556935083 0.000000e+00
291.266406527 0.000000e+00
291.975877971 0.000000e+00
292.685349415 0.000000e+00
293.394820858 0.000000e+00
294.104292302 0.000000e+00
294.813763746 0.000000e+00
295.52323519 0.000000e+00
296.232706634 0.000000e+00
296.942178077 0.000000e+00
297.651649521 0.000000e+00
298.361120965 0.000000e+00
299.070592409 0.000000e+00
299.780063852 0.000000e+00
300.489535296 0.000000e+00
301.19900674 0.000000e+00
301.908478184 0.000000e+00
302.617949628 0.000000e+00
303.327421071 0.000000e+00
304.036892515 0.000000e+00
304.746363959 0.000000e+00
305.455835403 0.000000e+00
306.165306846 0.000000e+00
306.87477829 0.000000e+00
307.584249734 0.000000e+00
308.293721178 0.000000e+00
309.003192621 0.000000e+00
309.712664065 0.000000e+00
310.422135509 0.000000e+00
311.131606953 0.000000e+00
311.841078397 0.000000e+00
312.55054984 0.000000e+00
313.260021284 0.000000e+00
313.969492728 0.000000e+00
314.678964172 0.000000e+00
315.388435615 0.000000e+00
316.097907059 0.000000e+00
316.807378503 0.000000e+00
317.516849947 0.000000e+00
318.226321391 0.000000e+00
318.935792834 0.000000e+00
319.645264278 0.000000e+00
320.354735722 0.000000e+00
321.064207166 0.000000e+00
321.773678609 0.000000e+00
322.483150053 0.000000e+00
323.192621497 0.000000e+00
323.902092941 0.000000e+00
324.611564385 0.000000e+00
325.321035828 0.000000e+00
326.030507272 0.000000e+00
326.739978716 0.000000e+00
327.44945016 0.000000e+00
328.158921603 0.000000e+00
328.868393047 0.000000e+00
329.577864491 0.000000e+00
330.287335935 0.000000e+00
330.996807379 0.000000e+00
331.706278822 0.000000e+00
332.415750266 0.000000e+00
333.12522171 0.000000e+00
333.834693154 0.000000e+00
334.544164597 0.000000e+00
335.253636041 0.000000e+00
335.963107485 0.000000e+00
336.672578929 0.000000e+00
337.382050372 0.000000e+00
338.091521816 0.000000e+00
338.80099326 0.000000e+00
339.510464704 0.000000e+00
340.219936148 0.000000e+00
340.929407591 0.000000e+00
341.638879035 0.000000e+00
342.348350479 0.000000e+00
343.057821923 0.000000e+00
343.767293366 0.000000e+00
344.47676481 0.000000e+00
345.186236254 0.000000e+00
345.895707698 0.000000e+00
346.605179142 0.000000e+00
347.314650585 0.000000e+00
348.024122029 0.000000e+00
348.733593473 0.000000e+00
349.443064917 0.000000e+00
350.15253636 0.000000e+00
350.862007804 0.000000e+00
351.571479248 0.000000e+00
352.280950692 0.000000e+00
352.990422136 0.000000e+00
353.699893579 0.000000e+00
354.409365023 0.000000e+00
355.118836467 0.000000e+00
355.828307911 0.000000e+00
356.537779354 0.000000e+00
357.247250798 0.000000e+00
357.956722242 0.000000e+00
358.666193686 0.000000e+00
359.375665129 0.000000e+00
360.085136573 0.000000e+00
360.794608017 0.000000e+00
361.504079461 0.000000e+00
362.213550905 0.000000e+00
362.923022348 0.000000e+00
363.632493792 0.000000e+00
364.341965236 0.000000e+00
365.05143668 0.000000e+00
365.760908123 0.000000e+00
366.470379567 0.000000e+00
367.179851011 0.000000e+00
367.889322455 0.000000e+00
368.598793899 0.000000e+00
369.308265342 0.000000e+00
370.017736786 0.000000e+00
370.72720823 0.000000e+00
371.436679674 0.000000e+00
372.146151117 0.000000e+00
372.855622561 0.000000e+00
373.565094005 0.000000e+00
374.274565449 0.000000e+00
374.984036893 0.000000e+00
375.693508336 0.000000e+00
376.40297978 0.000000e+00
377.112451224 0.000000e+00
377.821922668 0.000000e+00
378.531394111 0.000000e+00
379.240865555 0.000000e+00
379.950336999 0.000000e+00
380.659808443 0.000000e+00
381.369279886 0.000000e+00
382.07875133 0.000000e+00
382.788222774 0.000000e+00
383.497694218 0.000000e+00
384.207165662 0.000000e+00
384.916637105 0.000000e+00
385.626108549 0.000000e+00
386.335579993 0.000000e+00
387.045051437 0.000000e+00
387.75452288 0.000000e+00
388.463994324 0.000000e+00
389.173465768 0.000000e+00
389.882937212 0.000000e+00
390.592408656 0.000000e+00
391.301880099 0.000000e+00
392.011351543 0.000000e+00
392.720822987 0.000000e+00
393.430294431 0.000000e+00
394.139765874 0.000000e+00
394.849237318 0.000000e+00
395.558708762 0.000000e+00
396.268180206 0.000000e+00
396.97765165 0.000000e+00
397.687123093 0.000000e+00
398.396594537 0.000000e+00
399.106065981 0.000000e+00
399.815537425 0.000000e+00
400.525008868 0.000000e+00
401.234480312 0.000000e+00
401.943951756 0.000000e+00
402.6534232 0.000000e+00
403.362894643 0.000000e+00
404.072366087 0.000000e+00
404.781837531 0.000000e+00
405.491308975 0.000000e+00
406.200780419 0.000000e+00
406.910251862 0.000000e+00
407.619723306 0.000000e+00
408.32919475 0.000000e+00
409.038666194 0.000000e+00
409.748137637 0.000000e+00
410.457609081 0.000000e+00
411.167080525 0.000000e+00
411.876551969 0.000000e+00
412.586023413 0.000000e+00
413.295494856 0.000000e+00
414.0049663 0.000000e+00
414.714437744 0.000000e+00
415.423909188 0.000000e+00
416.133380631 0.000000e+00
416.842852075 0.000000e+00
417.552323519 0.000000e+00
418.261794963 0.000000e+00
418.971266407 0.000000e+00
419.68073785 0.000000e+00
420.390209294 0.000000e+00
421.099680738 0.000000e+00
421.809152182 0.000000e+00
422.518623625 0.000000e+00
423.228095069 0.000000e+00
423.937566513 0.000000e+00
424.647037957 0.000000e+00
425.3565094 0.000000e+00
426.065980844 0.000000e+00
426.775452288 0.000000e+00
427.484923732 0.000000e+00
428.194395176 0.000000e+00
428.903866619 0.000000e+00
429.613338063 0.000000e+00
430.322809507 0.000000e+00
431.032280951 0.000000e+00
431.741752394 0.000000e+00
432.451223838 0.000000e+00
433.160695282 0.000000e+00
433.870166726 0.000000e+00
434.57963817 0.000000e+00
435.289109613 0.000000e+00
435.998581057 0.000000e+00
436.708052501 0.000000e+00
437.417523945 0.000000e+00
438.126995388 0.000000e+00
438.836466832 0.000000e+00
439.545938276 0.000000e+00
440.25540972 0.000000e+00
440.964881164 0.000000e+00
441.674352607 0.000000e+00
442.383824051 0.000000e+00
443.093295495 0.000000e+00
443.802766939 0.000000e+00
444.512238382 0.000000e+00
445.221709826 0.000000e+00
445.93118127 0.000000e+00
446.640652714 0.000000e+00
447.350124158 0.000000e+00
448.059595601 0.000000e+00
448.769067045 0.000000e+00
449.478538489 0.000000e+00
450.188009933 0.000000e+00
450.897481376 0.000000e+00
451.60695282 0.000000e+00
452.316424264 0.000000e+00
453.025895708 0.000000e+00
453.735367151 0.000000e+00
454.444838595 0.000000e+00
455.154310039 0.000000e+00
455.863781483 0.000000e+00
456.573252927 0.000000e+00
457.28272437 0.000000e+00
457.992195814 0.000000e+00
458.701667258 0.000000e+00
459.411138702 0.000000e+00
460.120610145 0.000000e+00
460.830081589 0.000000e+00
461.539553033 0.000000e+00
462.249024477 0.000000e+00
462.958495921 0.000000e+00
463.667967364 0.000000e+00
464.377438808 0.000000e+00
465.086910252 0.000000e+00
465.796381696 0.000000e+00
466.505853139 0.000000e+00
467.215324583 0.000000e+00
467.924796027 0.000000e+00
468.634267471 0.000000e+00
469.343738915 0.000000e+00
470.053210358 0.000000e+00
470.762681802 0.000000e+00
471.472153246 0.000000e+00
472.18162469 0.000000e+00
472.891096133 0.000000e+00
473.600567577 0.000000e+00
474.310039021 0.000000e+00
475.019510465 0.000000e+00
475.728981908 0.000000e+00
476.438453352 0.000000e+00
477.147924796 0.000000e+00
477.85739624 0.000000e+00
478.566867684 0.000000e+00
479.276339127 0.000000e+00
479.985810571 0.000000e+00
480.695282015 0.000000e+00
481.404753459 0.000000e+00
482.114224902 0.000000e+00
482.823696346 0.000000e+00
483.53316779 0.000000e+00
484.242639234 0.000000e+00
484.952110678 0.000000e+00
485.661582121 0.000000e+00
486.371053565 0.000000e+00
487.080525009 0.000000e+00
487.789996453 0.000000e+00
488.499467896 0.000000e+00
489.20893934 0.000000e+00
489.918410784 0.000000e+00
490.627882228 0.000000e+00
491.337353672 0.000000e+00
492.046825115 0.000000e+00
492.756296559 0.000000e+00
493.465768003 0.000000e+00
494.175239447 0.000000e+00
494.88471089 0.000000e+00
495.594182334 0.000000e+00
496.303653778 0.000000e+00
497.013125222 0.000000e+00
497.722596665 0.000000e+00
498.432068109 0.000000e+00
499.141539553 0.000000e+00
499.851010997 0.000000e+00
500.560482441 0.000000e+00
501.269953884 0.000000e+00
501.979425328 0.000000e+00
502.688896772 0.000000e+00
503.398368216 0.000000e+00
504.107839659 0.000000e+00
504.817311103 0.000000e+00
505.526782547 0.000000e+00
506.236253991 0.000000e+00
506.945725435 0.000000e+00
507.655196878 0.000000e+00
508.364668322 0.000000e+00
509.074139766 0.000000e+00
509.78361121 0.000000e+00
510.493082653 0.000000e+00
511.202554097 0.000000e+00
511.912025541 0.000000e+00
512.621496985 0.000000e+00
513.330968429 0.000000e+00
514.040439872 0.000000e+00
514.749911316 0.000000e+00
515.45938276 0.000000e+00
516.168854204 0.000000e+00
516.878325647 0.000000e+00
517.587797091 0.000000e+00
518.297268535 0.000000e+00
519.006739979 0.000000e+00
519.716211422 0.000000e+00
520.425682866 0.000000e+00
521.13515431 0.000000e+00
521.844625754 0.000000e+00
522.554097198 0.000000e+00
523.263568641 0.000000e+00
523.973040085 0.000000e+00
524.682511529 0.000000e+00
525.391982973 0.000000e+00
526.101454416 0.000000e+00
526.81092586 0.000000e+00
527.520397304 0.000000e+00
528.229868748 0.000000e+00
528.939340192 0.000000e+00
529.648811635 0.000000e+00
530.358283079 0.000000e+00
531.067754523 0.000000e+00
531.777225967 0.000000e+00
532.48669741 0.000000e+00
533.196168854 0.000000e+00
533.905640298 0.000000e+00
534.615111742 0.000000e+00
535.324583186 0.000000e+00
536.034054629 0.000000e+00
536.743526073 0.000000e+00
537.452997517 0.000000e+00
538.162468961 0.000000e+00
538.871940404 0.000000e+00
539.581411848 0.000000e+00
540.290883292 0.000000e+00
541.000354736 0.000000e+00
541.709826179 0.000000e+00
542.419297623 0.000000e+00
543.128769067 0.000000e+00
543.838240511 0.000000e+00
544.547711955 0.000000e+00
545.257183398 0.000000e+00
545.966654842 0.000000e+00
546.676126286 0.000000e+00
547.38559773 0.000000e+00
548.095069173 0.000000e+00
548.804540617 0.000000e+00
549.514012061 0.000000e+00
550.223483505 0.000000e+00
550.932954949 0.000000e+00
551.642426392 0.000000e+00
552.351897836 0.000000e+00
553.06136928 0.000000e+00
553.770840724 0.000000e+00
554.480312167 0.000000e+00
555.189783611 0.000000e+00
555.899255055 0.000000e+00
556.608726499 0.000000e+00
557.318197943 0.000000e+00
558.027669386 0.000000e+00
558.73714083 0.000000e+00
559.446612274 0.000000e+00
560.156083718 0.000000e+00
560.865555161 0.000000e+00
561.575026605 0.000000e+00
562.284498049 0.000000e+00
562.993969493 0.000000e+00
563.703440937 0.000000e+00
564.41291238 0.000000e+00
565.122383824 0.000000e+00
565.831855268 0.000000e+00
566.541326712 0.000000e+00
567.250798155 0.000000e+00
567.960269599 0.000000e+00
568.669741043 0.000000e+00
569.379212487 0.000000e+00
570.08868393 0.000000e+00
570.798155374 0.000000e+00
571.507626818 0.000000e+00
572.217098262 0.000000e+00
572.926569706 0.000000e+00
573.636041149 0.000000e+00
574.345512593 0.000000e+00
575.054984037 0.000000e+00
575.764455481 0.000000e+00
576.473926924 0.000000e+00
577.183398368 0.000000e+00
577.892869812 0.000000e+00
578.602341256 0.000000e+00
579.3118127 0.000000e+00
580.021284143 0.000000e+00
580.730755587 0.000000e+00
581.440227031 0.000000e+00
582.149698475 0.000000e+00
582.859169918 0.000000e+00
583.568641362 0.000000e+00
584.278112806 0.000000e+00
584.98758425 0.000000e+00
585.697055694 0.000000e+00
586.406527137 0.000000e+00
587.115998581 0.000000e+00
587.825470025 0.000000e+00
588.534941469 0.000000e+00
589.244412912 0.000000e+00
589.953884356 0.000000e+00
590.6633558 0.000000e+00
591.372827244 0.000000e+00
592.082298687 0.000000e+00
592.791770131 0.000000e+00
593.501241575 0.000000e+00
594.210713019 0.000000e+00
594.920184463 0.000000e+00
595.629655906 0.000000e+00
596.33912735 0.000000e+00
597.048598794 0.000000e+00
597.758070238 0.000000e+00
598.467541681 0.000000e+00
599.177013125 0.000000e+00
599.886484569 0.000000e+00
600.595956013 0.000000e+00
601.305427457 0.000000e+00
602.0148989 0.000000e+00
602.724370344 0.000000e+00
603.433841788 0.000000e+00
604.143313232 0.000000e+00
604.852784675 0.000000e+00
605.562256119 0.000000e+00
606.271727563 0.000000e+00
606.981199007 0.000000e+00
607.690670451 0.000000e+00
608.400141894 0.000000e+00
609.109613338 0.000000e+00
609.819084782 0.000000e+00
610.528556226 0.000000e+00
611.238027669 0.000000e+00
611.947499113 0.000000e+00
612.656970557 0.000000e+00
613.366442001 0.000000e+00
614.075913444 0.000000e+00
614.785384888 0.000000e+00
615.494856332 0.000000e+00
616.204327776 0.000000e+00
616.91379922 0.000000e+00
617.623270663 0.000000e+00
618.332742107 0.000000e+00
619.042213551 0.000000e+00
619.751684995 0.000000e+00
620.461156438 0.000000e+00
621.170627882 0.000000e+00
621.880099326 0.000000e+00
622.58957077 0.000000e+00
623.299042214 0.000000e+00
624.008513657 0.000000e+00
624.717985101 0.000000e+00
625.427456545 0.000000e+00
626.136927989 0.000000e+00
626.846399432 0.000000e+00
627.555870876 0.000000e+00
628.26534232 0.000000e+00
628.974813764 0.000000e+00
629.684285208 0.000000e+00
630.393756651 0.000000e+00
631.103228095 0.000000e+00
631.812699539 0.000000e+00
632.522170983 0.000000e+00
633.231642426 0.000000e+00
633.94111387 0.000000e+00
634.650585314 0.000000e+00
635.360056758 0.000000e+00
636.069528201 0.000000e+00
636.778999645 0.000000e+00
637.488471089 0.000000e+00
638.197942533 0.000000e+00
638.907413977 0.000000e+00
639.61688542 0.000000e+00
640.326356864 0.000000e+00
641.035828308 0.000000e+00
641.745299752 0.000000e+00
642.454771195 0.000000e+00
643.164242639 0.000000e+00
643.873714083 0.000000e+00
644.583185527 0.000000e+00
645.292656971 0.000000e+00
646.002128414 0.000000e+00
646.711599858 0.000000e+00
647.421071302 0.000000e+00
648.130542746 0.000000e+00
648.840014189 0.000000e+00
649.549485633 0.000000e+00
650.258957077 0.000000e+00
650.968428521 0.000000e+00
651.677899965 0.000000e+00
652.387371408 0.000000e+00
653.096842852 0.000000e+00
653.806314296 0.000000e+00
654.51578574 0.000000e+00
655.225257183 0.000000e+00
655.934728627 0.000000e+00
656.644200071 0.000000e+00
657.353671515 0.000000e+00
658.063142958 0.000000e+00
658.772614402 0.000000e+00
659.482085846 0.000000e+00
660.19155729 0.000000e+00
660.901028734 0.000000e+00
661.610500177 0.000000e+00
662.319971621 0.000000e+00
663.029443065 0.000000e+00
663.738914509 0.000000e+00
664.448385952 0.000000e+00
665.157857396 0.000000e+00
665.86732884 0.000000e+00
666.576800284 0.000000e+00
667.286271728 0.000000e+00
667.995743171 0.000000e+00
668.705214615 0.000000e+00
669.414686059 0.000000e+00
670.124157503 0.000000e+00
670.833628946 0.000000e+00
671.54310039 0.000000e+00
672.252571834 0.000000e+00
672.962043278 0.000000e+00
673.671514722 0.000000e+00
674.380986165 0.000000e+00
675.090457609 0.000000e+00
675.799929053 0.000000e+00
676.509400497 0.000000e+00
677.21887194 0.000000e+00
677.928343384 0.000000e+00
678.637814828 0.000000e+00
679.347286272 0.000000e+00
680.056757716 0.000000e+00
680.766229159 0.000000e+00
681.475700603 0.000000e+00
682.185172047 0.000000e+00
682.894643491 0.000000e+00
683.894643491 0.0
684.894643491 0.0
685.894643491 0.0
686.894643491 0.0
687.894643491 0.0
688.894643491 0.0
689.894643491 0.0
690.894643491 0.0
691.894643491 0.0
692.894643491 0.0
693.894643491 0.0
694.894643491 0.0
695.894643491 0.0
696.894643491 0.0
697.894643491 0.0
698.894643491 0.0
699.894643491 0.0
700.894643491 0.0
701.894643491 0.0
702.894643491 0.0
703.894643491 0.0
704.894643491 0.0
705.894643491 0.0
706.894643491 0.0
707.894643491 0.0
708.894643491 0.0
709.894643491 0.0
710.894643491 0.0
711.894643491 0.0
712.894643491 0.0
713.894643491 0.0
714.894643491 0.0
715.894643491 0.0
716.894643491 0.0
717.894643491 0.0
718.894643491 0.0
719.894643491 0.0
720.894643491 0.0
721.894643491 0.0
722.894643491 0.0
723.894643491 0.0
724.894643491 0.0
725.894643491 0.0
726.894643491 0.0
727.894643491 0.0
728.894643491 0.0
729.894643491 0.0
730.894643491 0.0
731.894643491 0.0
732.894643491 0.0
733.894643491 0.0
734.894643491 0.0
735.894643491 0.0
736.894643491 0.0
737.894643491 0.0
738.894643491 0.0
739.894643491 0.0
740.894643491 0.0
741.894643491 0.0
742.894643491 0.0
743.894643491 0.0
744.894643491 0.0
745.894643491 0.0
746.894643491 0.0
747.894643491 0.0
748.894643491 0.0
749.894643491 0.0
750.894643491 0.0
751.894643491 0.0
752.894643491 0.0
753.894643491 0.0
754.894643491 0.0
755.894643491 0.0
756.894643491 0.0
757.894643491 0.0
758.894643491 0.0
759.894643491 0.0
760.894643491 0.0
761.894643491 0.0
762.894643491 0.0
763.894643491 0.0
764.894643491 0.0
765.894643491 0.0
766.894643491 0.0
767.894643491 0.0
768.894643491 0.0
769.894643491 0.0
770.894643491 0.0
771.894643491 0.0
772.894643491 0.0
773.894643491 0.0
774.894643491 0.0
775.894643491 0.0
776.894643491 0.0
777.894643491 0.0
778.894643491 0.0
779.894643491 0.0
780.894643491 0.0
781.894643491 0.0
782.894643491 0.0
783.894643491 0.0
784.894643491 0.0
785.894643491 0.0
786.894643491 0.0
787.894643491 0.0
788.894643491 0.0
789.894643491 0.0
790.894643491 0.0
791.894643491 0.0
792.894643491 0.0
793.894643491 0.0
794.894643491 0.0
795.894643491 0.0
796.894643491 0.0
797.894643491 0.0
798.894643491 0.0
799.894643491 0.0
800.894643491 0.0
801.894643491 0.0
802.894643491 0.0
803.894643491 0.0
804.894643491 0.0
805.894643491 0.0
806.894643491 0.0
807.894643491 0.0
808.894643491 0.0
809.894643491 0.0
810.894643491 0.0
811.894643491 0.0
812.894643491 0.0
813.894643491 0.0
814.894643491 0.0
815.894643491 0.0
816.894643491 0.0
817.894643491 0.0
818.894643491 0.0
819.894643491 0.0
820.894643491 0.0
821.894643491 0.0
822.894643491 0.0
823.894643491 0.0
824.894643491 0.0
825.894643491 0.0
826.894643491 0.0
827.894643491 0.0
828.894643491 0.0
829.894643491 0.0
830.894643491 0.0
831.894643491 0.0
832.894643491 0.0
833.894643491 0.0
834.894643491 0.0
835.894643491 0.0
836.894643491 0.0
837.894643491 0.0
838.894643491 0.0
839.894643491 0.0
840.894643491 0.0
841.894643491 0.0
842.894643491 0.0
843.894643491 0.0
844.894643491 0.0
845.894643491 0.0
846.894643491 0.0
847.894643491 0.0
848.894643491 0.0
849.894643491 0.0
850.894643491 0.0
851.894643491 0.0
852.894643491 0.0
853.894643491 0.0
854.894643491 0.0
855.894643491 0.0
856.894643491 0.0
857.894643491 0.0
858.894643491 0.0
859.894643491 0.0
860.894643491 0.0
861.894643491 0.0
862.894643491 0.0
863.894643491 0.0
864.894643491 0.0
865.894643491 0.0
866.894643491 0.0
867.894643491 0.0
868.894643491 0.0
869.894643491 0.0
870.894643491 0.0
871.894643491 0.0
872.894643491 0.0
873.894643491 0.0
874.894643491 0.0
875.894643491 0.0
876.894643491 0.0
877.894643491 0.0
878.894643491 0.0
879.894643491 0.0
880.894643491 0.0
881.894643491 0.0
882.894643491 0.0
883.894643491 0.0
884.894643491 0.0
885.894643491 0.0
886.894643491 0.0
887.894643491 0.0
888.894643491 0.0
889.894643491 0.0
890.894643491 0.0
891.894643491 0.0
892.894643491 0.0
893.894643491 0.0
894.894643491 0.0
895.894643491 0.0
896.894643491 0.0
897.894643491 0.0
898.894643491 0.0
899.894643491 0.0
900.894643491 0.0
901.894643491 0.0
902.894643491 0.0
903.894643491 0.0
904.894643491 0.0
905.894643491 0.0
906.894643491 0.0
907.894643491 0.0
908.894643491 0.0
909.894643491 0.0
910.894643491 0.0
911.894643491 0.0
912.894643491 0.0
913.894643491 0.0
914.894643491 0.0
915.894643491 0.0
916.894643491 0.0
917.894643491 0.0
918.894643491 0.0
919.894643491 0.0
920.894643491 0.0
921.894643491 0.0
922.894643491 0.0
923.894643491 0.0
924.894643491 0.0
925.894643491 0.0
926.894643491 0.0
927.894643491 0.0
928.894643491 0.0
929.894643491 0.0
930.894643491 0.0
931.894643491 0.0
932.894643491 0.0
933.894643491 0.0
934.894643491 0.0
935.894643491 0.0
936.894643491 0.0
937.894643491 0.0
938.894643491 0.0
939.894643491 0.0
940.894643491 0.0
941.894643491 0.0
942.894643491 0.0
943.894643491 0.0
944.894643491 0.0
945.894643491 0.0
946.894643491 0.0
947.894643491 0.0
948.894643491 0.0
949.894643491 0.0
950.894643491 0.0
951.894643491 0.0
952.894643491 0.0
953.894643491 0.0
954.894643491 0.0
955.894643491 0.0
956.894643491 0.0
957.894643491 0.0
958.894643491 0.0
959.894643491 0.0
960.894643491 0.0
961.894643491 0.0
962.894643491 0.0
963.894643491 0.0
964.894643491 0.0
965.894643491 0.0
966.894643491 0.0
967.894643491 0.0
968.894643491 0.0
969.894643491 0.0
970.894643491 0.0
971.894643491 0.0
972.894643491 0.0
973.894643491 0.0
974.894643491 0.0
975.894643491 0.0
976.894643491 0.0
977.894643491 0.0
978.894643491 0.0
979.894643491 0.0
980.894643491 0.0
981.894643491 0.0
982.894643491 0.0
983.894643491 0.0
984.894643491 0.0
985.894643491 0.0
986.894643491 0.0
987.894643491 0.0
988.894643491 0.0
989.894643491 0.0
990.894643491 0.0
991.894643491 0.0
992.894643491 0.0
993.894643491 0.0
994.894643491 0.0
995.894643491 0.0
996.894643491 0.0
997.894643491 0.0
998.894643491 0.0
999.894643491 0.0
1000.89464349 0.0
1001.89464349 0.0
1002.89464349 0.0
1003.89464349 0.0
1004.89464349 0.0
1005.89464349 0.0
1006.89464349 0.0
1007.89464349 0.0
1008.89464349 0.0
1009.89464349 0.0
1010.89464349 0.0
1011.89464349 0.0
1012.89464349 0.0
1013.89464349 0.0
1014.89464349 0.0
1015.89464349 0.0
1016.89464349 0.0
1017.89464349 0.0
1018.89464349 0.0
1019.89464349 0.0
1020.89464349 0.0
1021.89464349 0.0
1022.89464349 0.0
1023.89464349 0.0
1024.89464349 0.0
1025.89464349 0.0
1026.89464349 0.0
1027.89464349 0.0
1028.89464349 0.0
1029.89464349 0.0
1030.89464349 0.0
1031.89464349 0.0
1032.89464349 0.0
1033.89464349 0.0
1034.89464349 0.0
1035.89464349 0.0
1036.89464349 0.0
1037.89464349 0.0
1038.89464349 0.0
1039.89464349 0.0
1040.89464349 0.0
1041.89464349 0.0
1042.89464349 0.0
1043.89464349 0.0
1044.89464349 0.0
1045.89464349 0.0
1046.89464349 0.0
1047.89464349 0.0
1048.89464349 0.0
1049.89464349 0.0
1050.89464349 0.0
1051.89464349 0.0
1052.89464349 0.0
1053.89464349 0.0
1054.89464349 0.0
1055.89464349 0.0
1056.89464349 0.0
1057.89464349 0.0
1058.89464349 0.0
1059.89464349 0.0
1060.89464349 0.0
1061.89464349 0.0
1062.89464349 0.0
1063.89464349 0.0
1064.89464349 0.0
1065.89464349 0.0
1066.89464349 0.0
1067.89464349 0.0
1068.89464349 0.0
1069.89464349 0.0
1070.89464349 0.0
1071.89464349 0.0
1072.89464349 0.0
1073.89464349 0.0
1074.89464349 0.0
1075.89464349 0.0
1076.89464349 0.0
1077.89464349 0.0
1078.89464349 0.0
1079.89464349 0.0
1080.89464349 0.0
1081.89464349 0.0
1082.89464349 0.0
1083.89464349 0.0
1084.89464349 0.0
1085.89464349 0.0
1086.89464349 0.0
1087.89464349 0.0
1088.89464349 0.0
1089.89464349 0.0
1090.89464349 0.0
1091.89464349 0.0
1092.89464349 0.0
1093.89464349 0.0
1094.89464349 0.0
1095.89464349 0.0
1096.89464349 0.0
1097.89464349 0.0
1098.89464349 0.0
1099.89464349 0.0
1100.89464349 0.0
1101.89464349 0.0
1102.89464349 0.0
1103.89464349 0.0
1104.89464349 0.0
1105.89464349 0.0
1106.89464349 0.0
1107.89464349 0.0
1108.89464349 0.0
1109.89464349 0.0
1110.89464349 0.0
1111.89464349 0.0
1112.89464349 0.0
1113.89464349 0.0
1114.89464349 0.0
1115.89464349 0.0
1116.89464349 0.0
1117.89464349 0.0
1118.89464349 0.0
1119.89464349 0.0
1120.89464349 0.0
1121.89464349 0.0
1122.89464349 0.0
1123.89464349 0.0
1124.89464349 0.0
1125.89464349 0.0
1126.89464349 0.0
1127.89464349 0.0
1128.89464349 0.0
1129.89464349 0.0
1130.89464349 0.0
1131.89464349 0.0
1132.89464349 0.0
1133.89464349 0.0
1134.89464349 0.0
1135.89464349 0.0
1136.89464349 0.0
1137.89464349 0.0
1138.89464349 0.0
1139.89464349 0.0
1140.89464349 0.0
1141.89464349 0.0
1142.89464349 0.0
1143.89464349 0.0
1144.89464349 0.0
1145.89464349 0.0
1146.89464349 0.0
1147.89464349 0.0
1148.89464349 0.0
1149.89464349 0.0
1150.89464349 0.0
1151.89464349 0.0
1152.89464349 0.0
1153.89464349 0.0
1154.89464349 0.0
1155.89464349 0.0
1156.89464349 0.0
1157.89464349 0.0
1158.89464349 0.0
1159.89464349 0.0
1160.89464349 0.0
1161.89464349 0.0
1162.89464349 0.0
1163.89464349 0.0
1164.89464349 0.0
1165.89464349 0.0
1166.89464349 0.0
1167.89464349 0.0
1168.89464349 0.0
1169.89464349 0.0
1170.89464349 0.0
1171.89464349 0.0
1172.89464349 0.0
1173.89464349 0.0
1174.89464349 0.0
1175.89464349 0.0
1176.89464349 0.0
1177.89464349 0.0
1178.89464349 0.0
1179.89464349 0.0
1180.89464349 0.0
1181.89464349 0.0
1182.89464349 0.0
