-630.140783823 0.0
-629.140783823 0.0
-628.140783823 0.0
-627.140783823 0.0
-626.140783823 0.0
-625.140783823 0.0
-624.140783823 0.0
-623.140783823 0.0
-622.140783823 0.0
-621.140783823 0.0
-620.140783823 0.0
-619.140783823 0.0
-618.140783823 0.0
-617.140783823 0.0
-616.140783823 0.0
-615.140783823 0.0
-614.140783823 0.0
-613.140783823 0.0
-612.140783823 0.0
-611.140783823 0.0
-610.140783823 0.0
-609.140783823 0.0
-608.140783823 0.0
-607.140783823 0.0
-606.140783823 0.0
-605.140783823 0.0
-604.140783823 0.0
-603.140783823 0.0
-602.140783823 0.0
-601.140783823 0.0
-600.140783823 0.0
-599.140783823 0.0
-598.140783823 0.0
-597.140783823 0.0
-596.140783823 0.0
-595.140783823 0.0
-594.140783823 0.0
-593.140783823 0.0
-592.140783823 0.0
-591.140783823 0.0
-590.140783823 0.0
-589.140783823 0.0
-588.140783823 0.0
-587.140783823 0.0
-586.140783823 0.0
-585.140783823 0.0
-584.140783823 0.0
-583.140783823 0.0
-582.140783823 0.0
-581.140783823 0.0
-580.140783823 0.0
-579.140783823 0.0
-578.140783823 0.0
-577.140783823 0.0
-576.140783823 0.0
-575.140783823 0.0
-574.140783823 0.0
-573.140783823 0.0
-572.140783823 0.0
-571.140783823 0.0
-570.140783823 0.0
-569.140783823 0.0
-568.140783823 0.0
-567.140783823 0.0
-566.140783823 0.0
-565.140783823 0.0
-564.140783823 0.0
-563.140783823 0.0
-562.140783823 0.0
-561.140783823 0.0
-560.140783823 0.0
-559.140783823 0.0
-558.140783823 0.0
-557.140783823 0.0
-556.140783823 0.0
-555.140783823 0.0
-554.140783823 0.0
-553.140783823 0.0
-552.140783823 0.0
-551.140783823 0.0
-550.140783823 0.0
-549.140783823 0.0
-548.140783823 0.0
-547.140783823 0.0
-546.140783823 0.0
-545.140783823 0.0
-544.140783823 0.0
-543.140783823 0.0
-542.140783823 0.0
-541.140783823 0.0
-540.140783823 0.0
-539.140783823 0.0
-538.140783823 0.0
-537.140783823 0.0
-536.140783823 0.0
-535.140783823 0.0
-534.140783823 0.0
-533.140783823 0.0
-532.140783823 0.0
-531.140783823 0.0
-530.140783823 0.0
-529.140783823 0.0
-528.140783823 0.0
-527.140783823 0.0
-526.140783823 0.0
-525.140783823 0.0
-524.140783823 0.0
-523.140783823 0.0
-522.140783823 0.0
-521.140783823 0.0
-520.140783823 0.0
-519.140783823 0.0
-518.140783823 0.0
-517.140783823 0.0
-516.140783823 0.0
-515.140783823 0.0
-514.140783823 0.0
-513.140783823 0.0
-512.140783823 0.0
-511.140783823 0.0
-510.140783823 0.0
-509.140783823 0.0
-508.140783823 0.0
-507.140783823 0.0
-506.140783823 0.0
-505.140783823 0.0
-504.140783823 0.0
-503.140783823 0.0
-502.140783823 0.0
-501.140783823 0.0
-500.140783823 0.0
-499.140783823 0.0
-498.140783823 0.0
-497.140783823 0.0
-496.140783823 0.0
-495.140783823 0.0
-494.140783823 0.0
-493.140783823 0.0
-492.140783823 0.0
-491.140783823 0.0
-490.140783823 0.0
-489.140783823 0.0
-488.140783823 0.0
-487.140783823 0.0
-486.140783823 0.0
-485.140783823 0.0
-484.140783823 0.0
-483.140783823 0.0
-482.140783823 0.0
-481.140783823 0.0
-480.140783823 0.0
-479.140783823 0.0
-478.140783823 0.0
-477.140783823 0.0
-476.140783823 0.0
-475.140783823 0.0
-474.140783823 0.0
-473.140783823 0.0
-472.140783823 0.0
-471.140783823 0.0
-470.140783823 0.0
-469.140783823 0.0
-468.140783823 0.0
-467.140783823 0.0
-466.140783823 0.0
-465.140783823 0.0
-464.140783823 0.0
-463.140783823 0.0
-462.140783823 0.0
-461.140783823 0.0
-460.140783823 0.0
-459.140783823 0.0
-458.140783823 0.0
-457.140783823 0.0
-456.140783823 0.0
-455.140783823 0.0
-454.140783823 0.0
-453.140783823 0.0
-452.140783823 0.0
-451.140783823 0.0
-450.140783823 0.0
-449.140783823 0.0
-448.140783823 0.0
-447.140783823 0.0
-446.140783823 0.0
-445.140783823 0.0
-444.140783823 0.0
-443.140783823 0.0
-442.140783823 0.0
-441.140783823 0.0
-440.140783823 0.0
-439.140783823 0.0
-438.140783823 0.0
-437.140783823 0.0
-436.140783823 0.0
-435.140783823 0.0
-434.140783823 0.0
-433.140783823 0.0
-432.140783823 0.0
-431.140783823 0.0
-430.140783823 0.0
-429.140783823 0.0
-428.140783823 0.0
-427.140783823 0.0
-426.140783823 0.0
-425.140783823 0.0
-424.140783823 0.0
-423.140783823 0.0
-422.140783823 0.0
-421.140783823 0.0
-420.140783823 0.0
-419.140783823 0.0
-418.140783823 0.0
-417.140783823 0.0
-416.140783823 0.0
-415.140783823 0.0
-414.140783823 0.0
-413.140783823 0.0
-412.140783823 0.0
-411.140783823 0.0
-410.140783823 0.0
-409.140783823 0.0
-408.140783823 0.0
-407.140783823 0.0
-406.140783823 0.0
-405.140783823 0.0
-404.140783823 0.0
-403.140783823 0.0
-402.140783823 0.0
-401.140783823 0.0
-400.140783823 0.0
-399.140783823 0.0
-398.140783823 0.0
-397.140783823 0.0
-396.140783823 0.0
-395.140783823 0.0
-394.140783823 0.0
-393.140783823 0.0
-392.140783823 0.0
-391.140783823 0.0
-390.140783823 0.0
-389.140783823 0.0
-388.140783823 0.0
-387.140783823 0.0
-386.140783823 0.0
-385.140783823 0.0
-384.140783823 0.0
-383.140783823 0.0
-382.140783823 0.0
-381.140783823 0.0
-380.140783823 0.0
-379.140783823 0.0
-378.140783823 0.0
-377.140783823 0.0
-376.140783823 0.0
-375.140783823 0.0
-374.140783823 0.0
-373.140783823 0.0
-372.140783823 0.0
-371.140783823 0.0
-370.140783823 0.0
-369.140783823 0.0
-368.140783823 0.0
-367.140783823 0.0
-366.140783823 0.0
-365.140783823 0.0
-364.140783823 0.0
-363.140783823 0.0
-362.140783823 0.0
-361.140783823 0.0
-360.140783823 0.0
-359.140783823 0.0
-358.140783823 0.0
-357.140783823 0.0
-356.140783823 0.0
-355.140783823 0.0
-354.140783823 0.0
-353.140783823 0.0
-352.140783823 0.0
-351.140783823 0.0
-350.140783823 0.0
-349.140783823 0.0
-348.140783823 0.0
-347.140783823 0.0
-346.140783823 0.0
-345.140783823 0.0
-344.140783823 0.0
-343.140783823 0.0
-342.140783823 0.0
-341.140783823 0.0
-340.140783823 0.0
-339.140783823 0.0
-338.140783823 0.0
-337.140783823 0.0
-336.140783823 0.0
-335.140783823 0.0
-334.140783823 0.0
-333.140783823 0.0
-332.140783823 0.0
-331.140783823 0.0
-330.140783823 0.0
-329.140783823 0.0
-328.140783823 0.0
-327.140783823 0.0
-326.140783823 0.0
-325.140783823 0.0
-324.140783823 0.0
-323.140783823 0.0
-322.140783823 0.0
-321.140783823 0.0
-320.140783823 0.0
-319.140783823 0.0
-318.140783823 0.0
-317.140783823 0.0
-316.140783823 0.0
-315.140783823 0.0
-314.140783823 0.0
-313.140783823 0.0
-312.140783823 0.0
-311.140783823 0.0
-310.140783823 0.0
-309.140783823 0.0
-308.140783823 0.0
-307.140783823 0.0
-306.140783823 0.0
-305.140783823 0.0
-304.140783823 0.0
-303.140783823 0.0
-302.140783823 0.0
-301.140783823 0.0
-300.140783823 0.0
-299.140783823 0.0
-298.140783823 0.0
-297.140783823 0.0
-296.140783823 0.0
-295.140783823 0.0
-294.140783823 0.0
-293.140783823 0.0
-292.140783823 0.0
-291.140783823 0.0
-290.140783823 0.0
-289.140783823 0.0
-288.140783823 0.0
-287.140783823 0.0
-286.140783823 0.0
-285.140783823 0.0
-284.140783823 0.0
-283.140783823 0.0
-282.140783823 0.0
-281.140783823 0.0
-280.140783823 0.0
-279.140783823 0.0
-278.140783823 0.0
-277.140783823 0.0
-276.140783823 0.0
-275.140783823 0.0
-274.140783823 0.0
-273.140783823 0.0
-272.140783823 0.0
-271.140783823 0.0
-270.140783823 0.0
-269.140783823 0.0
-268.140783823 0.0
-267.140783823 0.0
-266.140783823 0.0
-265.140783823 0.0
-264.140783823 0.0
-263.140783823 0.0
-262.140783823 0.0
-261.140783823 0.0
-260.140783823 0.0
-259.140783823 0.0
-258.140783823 0.0
-257.140783823 0.0
-256.140783823 0.0
-255.140783823 0.0
-254.140783823 0.0
-253.140783823 0.0
-252.140783823 0.0
-251.140783823 0.0
-250.140783823 0.0
-249.140783823 0.0
-248.140783823 0.0
-247.140783823 0.0
-246.140783823 0.0
-245.140783823 0.0
-244.140783823 0.0
-243.140783823 0.0
-242.140783823 0.0
-241.140783823 0.0
-240.140783823 0.0
-239.140783823 0.0
-238.140783823 0.0
-237.140783823 0.0
-236.140783823 0.0
-235.140783823 0.0
-234.140783823 0.0
-233.140783823 0.0
-232.140783823 0.0
-231.140783823 0.0
-230.140783823 0.0
-229.140783823 0.0
-228.140783823 0.0
-227.140783823 0.0
-226.140783823 0.0
-225.140783823 0.0
-224.140783823 0.0
-223.140783823 0.0
-222.140783823 0.0
-221.140783823 0.0
-220.140783823 0.0
-219.140783823 0.0
-218.140783823 0.0
-217.140783823 0.0
-216.140783823 0.0
-215.140783823 0.0
-214.140783823 0.0
-213.140783823 0.0
-212.140783823 0.0
-211.140783823 0.0
-210.140783823 0.0
-209.140783823 0.0
-208.140783823 0.0
-207.140783823 0.0
-206.140783823 0.0
-205.140783823 0.0
-204.140783823 0.0
-203.140783823 0.0
-202.140783823 0.0
-201.140783823 0.0
-200.140783823 0.0
-199.140783823 0.0
-198.140783823 0.0
-197.140783823 0.0
-196.140783823 0.0
-195.140783823 0.0
-194.140783823 0.0
-193.140783823 0.0
-192.140783823 0.0
-191.140783823 0.0
-190.140783823 0.0
-189.140783823 0.0
-188.140783823 0.0
-187.140783823 0.0
-186.140783823 0.0
-185.140783823 0.0
-184.140783823 0.0
-183.140783823 0.0
-182.140783823 0.0
-181.140783823 0.0
-180.140783823 0.0
-179.140783823 0.0
-178.140783823 0.0
-177.140783823 0.0
-176.140783823 0.0
-175.140783823 0.0
-174.140783823 0.0
-173.140783823 0.0
-172.140783823 0.0
-171.140783823 0.0
-170.140783823 0.0
-169.140783823 0.0
-168.140783823 0.0
-167.140783823 0.0
-166.140783823 0.0
-165.140783823 0.0
-164.140783823 0.0
-163.140783823 0.0
-162.140783823 0.0
-161.140783823 0.0
-160.140783823 0.0
-159.140783823 0.0
-158.140783823 0.0
-157.140783823 0.0
-156.140783823 0.0
-155.140783823 0.0
-154.140783823 0.0
-153.140783823 0.0
-152.140783823 0.0
-151.140783823 0.0
-150.140783823 0.0
-149.140783823 0.0
-148.140783823 0.0
-147.140783823 0.0
-146.140783823 0.0
-145.140783823 0.0
-144.140783823 0.0
-143.140783823 0.0
-142.140783823 0.0
-141.140783823 0.0
-140.140783823 0.0
-139.140783823 0.0
-138.140783823 0.0
-137.140783823 0.0
-136.140783823 0.0
-135.140783823 0.0
-134.140783823 0.0
-133.140783823 0.0
-132.140783823 0.0
-131.140783823 0.0
-130.140783823 0.000000e+00
-129.597216938 0.000000e+00
-129.053650052 0.000000e+00
-128.510083166 0.000000e+00
-127.96651628 0.000000e+00
-127.422949394 0.000000e+00
-126.879382508 0.000000e+00
-126.335815622 0.000000e+00
-125.792248736 0.000000e+00
-125.24868185 0.000000e+00
-124.705114964 0.000000e+00
-124.161548078 0.000000e+00
-123.617981193 0.000000e+00
-123.074414307 0.000000e+00
-122.530847421 0.000000e+00
-121.987280535 0.000000e+00
-121.443713649 0.000000e+00
-120.900146763 0.000000e+00
-120.356579877 0.000000e+00
-119.813012991 0.000000e+00
-119.269446105 0.000000e+00
-118.725879219 0.000000e+00
-118.182312334 0.000000e+00
-117.638745448 0.000000e+00
-117.095178562 0.000000e+00
-116.551611676 0.000000e+00
-116.00804479 0.000000e+00
-115.464477904 0.000000e+00
-114.920911018 0.000000e+00
-114.377344132 0.000000e+00
-113.833777246 0.000000e+00
-113.29021036 0.000000e+00
-112.746643474 0.000000e+00
-112.203076589 0.000000e+00
-111.659509703 0.000000e+00
-111.115942817 0.000000e+00
-110.572375931 0.000000e+00
-110.028809045 0.000000e+00
-109.485242159 0.000000e+00
-108.941675273 0.000000e+00
-108.398108387 0.000000e+00
-107.854541501 0.000000e+00
-107.310974615 0.000000e+00
-106.76740773 0.000000e+00
-106.223840844 0.000000e+00
-105.680273958 0.000000e+00
-105.136707072 0.000000e+00
-104.593140186 0.000000e+00
-104.0495733 0.000000e+00
-103.506006414 0.000000e+00
-102.962439528 0.000000e+00
-102.418872642 0.000000e+00
-101.875305756 0.000000e+00
-101.33173887 0.000000e+00
-100.788171985 0.000000e+00
-100.244605099 0.000000e+00
-99.7010382128 0.000000e+00
-99.1574713268 0.000000e+00
-98.6139044409 0.000000e+00
-98.070337555 0.000000e+00
-97.5267706691 0.000000e+00
-96.9832037832 0.000000e+00
-96.4396368973 0.000000e+00
-95.8960700114 0.000000e+00
-95.3525031255 0.000000e+00
-94.8089362396 0.000000e+00
-94.2653693537 0.000000e+00
-93.7218024678 0.000000e+00
-93.1782355819 0.000000e+00
-92.634668696 0.000000e+00
-92.0911018101 0.000000e+00
-91.5475349242 0.000000e+00
-91.0039680383 0.000000e+00
-90.4604011524 0.000000e+00
-89.9168342665 0.000000e+00
-89.3732673806 0.000000e+00
-88.8297004946 0.000000e+00
-88.2861336087 0.000000e+00
-87.7425667228 0.000000e+00
-87.1989998369 0.000000e+00
-86.655432951 0.000000e+00
-86.1118660651 0.000000e+00
-85.5682991792 0.000000e+00
-85.0247322933 0.000000e+00
-84.4811654074 0.000000e+00
-83.9375985215 0.000000e+00
-83.3940316356 0.000000e+00
-82.8504647497 0.000000e+00
-82.3068978638 0.000000e+00
-81.7633309779 0.000000e+00
-81.219764092 0.000000e+00
-80.6761972061 0.000000e+00
-80.1326303202 0.000000e+00
-79.5890634343 0.000000e+00
-79.0454965484 0.000000e+00
-78.5019296624 0.000000e+00
-77.9583627765 0.000000e+00
-77.4147958906 0.000000e+00
-76.8712290047 0.000000e+00
-76.3276621188 0.000000e+00
-75.7840952329 0.000000e+00
-75.240528347 0.000000e+00
-74.6969614611 0.000000e+00
-74.1533945752 0.000000e+00
-73.6098276893 0.000000e+00
-73.0662608034 0.000000e+00
-72.5226939175 0.000000e+00
-71.9791270316 0.000000e+00
-71.4355601457 0.000000e+00
-70.8919932598 0.000000e+00
-70.3484263739 0.000000e+00
-69.804859488 0.000000e+00
-69.2612926021 0.000000e+00
-68.7177257161 0.000000e+00
-68.1741588302 0.000000e+00
-67.6305919443 0.000000e+00
-67.0870250584 0.000000e+00
-66.5434581725 0.000000e+00
-65.9998912866 0.000000e+00
-65.4563244007 0.000000e+00
-64.9127575148 0.000000e+00
-64.3691906289 0.000000e+00
-63.825623743 0.000000e+00
-63.2820568571 0.000000e+00
-62.7384899712 0.000000e+00
-62.1949230853 0.000000e+00
-61.6513561994 0.000000e+00
-61.1077893135 0.000000e+00
-60.5642224276 0.000000e+00
-60.0206555417 0.000000e+00
-59.4770886558 0.000000e+00
-58.9335217699 0.000000e+00
-58.3899548839 0.000000e+00
-57.846387998 0.000000e+00
-57.3028211121 0.000000e+00
-56.7592542262 0.000000e+00
-56.2156873403 0.000000e+00
-55.6721204544 0.000000e+00
-55.1285535685 0.000000e+00
-54.5849866826 0.000000e+00
-54.0414197967 0.000000e+00
-53.4978529108 0.000000e+00
-52.9542860249 0.000000e+00
-52.410719139 0.000000e+00
-51.8671522531 0.000000e+00
-51.3235853672 0.000000e+00
-50.7800184813 0.000000e+00
-50.2364515954 0.000000e+00
-49.6928847095 0.000000e+00
-49.1493178236 0.000000e+00
-48.6057509377 0.000000e+00
-48.0621840517 0.000000e+00
-47.5186171658 0.000000e+00
-46.9750502799 0.000000e+00
-46.431483394 0.000000e+00
-45.8879165081 0.000000e+00
-45.3443496222 0.000000e+00
-44.8007827363 0.000000e+00
-44.2572158504 0.000000e+00
-43.7136489645 0.000000e+00
-43.1700820786 0.000000e+00
-42.6265151927 0.000000e+00
-42.0829483068 0.000000e+00
-41.5393814209 0.000000e+00
-40.995814535 0.000000e+00
-40.4522476491 0.000000e+00
-39.9086807632 0.000000e+00
-39.3651138773 0.000000e+00
-38.8215469914 0.000000e+00
-38.2779801055 0.000000e+00
-37.7344132195 0.000000e+00
-37.1908463336 0.000000e+00
-36.6472794477 0.000000e+00
-36.1037125618 0.000000e+00
-35.5601456759 0.000000e+00
-35.01657879 0.000000e+00
-34.4730119041 0.000000e+00
-33.9294450182 0.000000e+00
-33.3858781323 0.000000e+00
-32.8423112464 0.000000e+00
-32.2987443605 0.000000e+00
-31.7551774746 0.000000e+00
-31.2116105887 0.000000e+00
-30.6680437028 0.000000e+00
-30.1244768169 0.000000e+00
-29.580909931 0.000000e+00
-29.0373430451 0.000000e+00
-28.4937761592 0.000000e+00
-27.9502092733 0.000000e+00
-27.4066423873 0.000000e+00
-26.8630755014 0.000000e+00
-26.3195086155 0.000000e+00
-25.7759417296 0.000000e+00
-25.2323748437 0.000000e+00
-24.6888079578 0.000000e+00
-24.1452410719 0.000000e+00
-23.601674186 0.000000e+00
-23.0581073001 0.000000e+00
-22.5145404142 0.000000e+00
-21.9709735283 0.000000e+00
-21.4274066424 0.000000e+00
-20.8838397565 0.000000e+00
-20.3402728706 0.000000e+00
-19.7967059847 0.000000e+00
-19.2531390988 0.000000e+00
-18.7095722129 0.000000e+00
-18.166005327 0.000000e+00
-17.6224384411 0.000000e+00
-17.0788715551 0.000000e+00
-16.5353046692 0.000000e+00
-15.9917377833 0.000000e+00
-15.4481708974 0.000000e+00
-14.9046040115 0.000000e+00
-14.3610371256 0.000000e+00
-13.8174702397 0.000000e+00
-13.2739033538 0.000000e+00
-12.7303364679 0.000000e+00
-12.186769582 0.000000e+00
-11.6432026961 0.000000e+00
-11.0996358102 0.000000e+00
-10.5560689243 0.000000e+00
-10.0125020384 0.000000e+00
-9.46893515247 0.000000e+00
-8.92536826657 0.000000e+00
-8.38180138066 0.000000e+00
-7.83823449475 0.000000e+00
-7.29466760885 0.000000e+00
-6.75110072294 0.000000e+00
-6.20753383704 0.000000e+00
-5.66396695113 0.000000e+00
-5.12040006523 0.000000e+00
-4.57683317932 0.000000e+00
-4.03326629342 0.000000e+00
-3.48969940751 0.000000e+00
-2.94613252161 0.000000e+00
-2.4025656357 0.000000e+00
-1.8589987498 0.000000e+00
-1.31543186389 0.000000e+00
-0.771864977986 0.000000e+00
-0.22829809208 4.320484e-01
0.315268793825 9.217311e-01
0.85883567973 9.801658e-01
1.40240256564 1.000000e+00
1.94596945154 9.206857e-01
2.48953633745 8.395887e-01
3.03310322335 8.209392e-01
3.57667010926 7.164151e-01
4.12023699516 6.063965e-01
4.66380388107 5.463711e-01
5.20737076697 6.088350e-01
5.75093765288 4.506504e-01
6.29450453878 4.060564e-01
6.83807142469 4.451913e-01
7.38163831059 4.939786e-01
7.9252051965 3.320119e-01
8.4687720824 3.590107e-01
9.01233896831 2.487501e-01
9.55590585422 3.684326e-01
10.0994727401 3.036442e-01
10.643039626 3.106091e-01
11.1866065119 2.117049e-01
11.7301733978 2.861501e-01
12.2737402837 3.531176e-01
12.8173071696 2.622859e-01
13.3608740556 0.000000e+00
13.9044409415 2.593672e-01
14.4480078274 2.194880e-01
14.9915747133 1.899092e-01
15.5351415992 1.840552e-01
16.0787084851 0.000000e+00
16.622275371 2.465148e-01
17.1658422569 1.785216e-01
17.7094091428 1.576475e-01
18.2529760287 0.000000e+00
18.7965429146 1.969054e-01
19.3401098005 0.000000e+00
19.8836766864 0.000000e+00
20.4272435723 1.976212e-01
20.9708104582 1.503742e-01
21.5143773441 2.275373e-01
22.05794423 1.412004e-01
22.6015111159 1.722025e-01
23.1450780018 0.000000e+00
23.6886448878 1.553349e-01
24.2322117737 1.485627e-01
24.7757786596 1.433799e-01
25.3193455455 0.000000e+00
25.8629124314 0.000000e+00
26.4064793173 0.000000e+00
26.9500462032 0.000000e+00
27.4936130891 0.000000e+00
28.037179975 0.000000e+00
28.5807468609 0.000000e+00
29.1243137468 0.000000e+00
29.6678806327 0.000000e+00
30.2114475186 0.000000e+00
30.7550144045 0.000000e+00
31.2985812904 0.000000e+00
31.8421481763 0.000000e+00
32.3857150622 0.000000e+00
32.9292819481 0.000000e+00
33.472848834 0.000000e+00
34.01641572 0.000000e+00
34.5599826059 0.000000e+00
35.1035494918 0.000000e+00
35.6471163777 0.000000e+00
36.1906832636 0.000000e+00
36.7342501495 0.000000e+00
37.2778170354 0.000000e+00
37.8213839213 0.000000e+00
38.3649508072 0.000000e+00
38.9085176931 0.000000e+00
39.452084579 0.000000e+00
39.9956514649 0.000000e+00
40.5392183508 0.000000e+00
41.0827852367 0.000000e+00
41.6263521226 0.000000e+00
42.1699190085 0.000000e+00
42.7134858944 0.000000e+00
43.2570527803 0.000000e+00
43.8006196662 0.000000e+00
44.3441865522 0.000000e+00
44.8877534381 0.000000e+00
45.431320324 0.000000e+00
45.9748872099 0.000000e+00
46.5184540958 0.000000e+00
47.0620209817 0.000000e+00
47.6055878676 0.000000e+00
48.1491547535 0.000000e+00
48.6927216394 0.000000e+00
49.2362885253 0.000000e+00
49.7798554112 0.000000e+00
50.3234222971 0.000000e+00
50.866989183 0.000000e+00
51.4105560689 0.000000e+00
51.9541229548 0.000000e+00
52.4976898407 0.000000e+00
53.0412567266 0.000000e+00
53.5848236125 0.000000e+00
54.1283904985 0.000000e+00
54.6719573844 0.000000e+00
55.2155242703 0.000000e+00
55.7590911562 0.000000e+00
56.3026580421 0.000000e+00
56.846224928 0.000000e+00
57.3897918139 0.000000e+00
57.9333586998 0.000000e+00
58.4769255857 0.000000e+00
59.0204924716 0.000000e+00
59.5640593575 0.000000e+00
60.1076262434 0.000000e+00
60.6511931293 0.000000e+00
61.1947600152 0.000000e+00
61.7383269011 0.000000e+00
62.281893787 0.000000e+00
62.8254606729 0.000000e+00
63.3690275588 0.000000e+00
63.9125944447 0.000000e+00
64.4561613307 0.000000e+00
64.9997282166 0.000000e+00
65.5432951025 0.000000e+00
66.0868619884 0.000000e+00
66.6304288743 0.000000e+00
67.1739957602 0.000000e+00
67.7175626461 0.000000e+00
68.261129532 0.000000e+00
68.8046964179 0.000000e+00
69.3482633038 0.000000e+00
69.8918301897 0.000000e+00
70.4353970756 0.000000e+00
70.9789639615 0.000000e+00
71.5225308474 0.000000e+00
72.0660977333 0.000000e+00
72.6096646192 0.000000e+00
73.1532315051 0.000000e+00
73.696798391 0.000000e+00
74.2403652769 0.000000e+00
74.7839321629 0.000000e+00
75.3274990488 0.000000e+00
75.8710659347 0.000000e+00
76.4146328206 0.000000e+00
76.9581997065 0.000000e+00
77.5017665924 0.000000e+00
78.0453334783 0.000000e+00
78.5889003642 0.000000e+00
79.1324672501 0.000000e+00
79.676034136 0.000000e+00
80.2196010219 0.000000e+00
80.7631679078 0.000000e+00
81.3067347937 0.000000e+00
81.8503016796 0.000000e+00
82.3938685655 0.000000e+00
82.9374354514 0.000000e+00
83.4810023373 0.000000e+00
84.0245692232 0.000000e+00
84.5681361091 0.000000e+00
85.1117029951 0.000000e+00
85.655269881 0.000000e+00
86.1988367669 0.000000e+00
86.7424036528 0.000000e+00
87.2859705387 0.000000e+00
87.8295374246 0.000000e+00
88.3731043105 0.000000e+00
88.9166711964 0.000000e+00
89.4602380823 0.000000e+00
90.0038049682 0.000000e+00
90.5473718541 0.000000e+00
91.09093874 0.000000e+00
91.6345056259 0.000000e+00
92.1780725118 0.000000e+00
92.7216393977 0.000000e+00
93.2652062836 0.000000e+00
93.8087731695 0.000000e+00
94.3523400554 0.000000e+00
94.8959069413 0.000000e+00
95.4394738273 0.000000e+00
95.9830407132 0.000000e+00
96.5266075991 0.000000e+00
97.070174485 0.000000e+00
97.6137413709 0.000000e+00
98.1573082568 0.000000e+00
98.7008751427 0.000000e+00
99.2444420286 0.000000e+00
99.7880089145 0.000000e+00
100.3315758 0.000000e+00
100.875142686 0.000000e+00
101.418709572 0.000000e+00
101.962276458 0.000000e+00
102.505843344 0.000000e+00
103.04941023 0.000000e+00
103.592977116 0.000000e+00
104.136544002 0.000000e+00
104.680110888 0.000000e+00
105.223677774 0.000000e+00
105.767244659 0.000000e+00
106.310811545 0.000000e+00
106.854378431 0.000000e+00
107.397945317 0.000000e+00
107.941512203 0.000000e+00
108.485079089 0.000000e+00
109.028645975 0.000000e+00
109.572212861 0.000000e+00
110.115779747 0.000000e+00
110.659346633 0.000000e+00
111.202913519 0.000000e+00
111.746480404 0.000000e+00
112.29004729 0.000000e+00
112.833614176 0.000000e+00
113.377181062 0.000000e+00
113.920747948 0.000000e+00
114.464314834 0.000000e+00
115.00788172 0.000000e+00
115.551448606 0.000000e+00
116.095015492 0.000000e+00
116.638582378 0.000000e+00
117.182149263 0.000000e+00
117.725716149 0.000000e+00
118.269283035 0.000000e+00
118.812849921 0.000000e+00
119.356416807 0.000000e+00
119.899983693 0.000000e+00
120.443550579 0.000000e+00
120.987117465 0.000000e+00
121.530684351 0.000000e+00
122.074251237 0.000000e+00
122.617818123 0.000000e+00
123.161385008 0.000000e+00
123.704951894 0.000000e+00
124.24851878 0.000000e+00
124.792085666 0.000000e+00
125.335652552 0.000000e+00
125.879219438 0.000000e+00
126.422786324 0.000000e+00
126.96635321 0.000000e+00
127.509920096 0.000000e+00
128.053486982 0.000000e+00
128.597053867 0.000000e+00
129.140620753 0.000000e+00
129.684187639 0.000000e+00
130.227754525 0.000000e+00
130.771321411 0.000000e+00
131.314888297 0.000000e+00
131.858455183 0.000000e+00
132.402022069 0.000000e+00
132.945588955 0.000000e+00
133.489155841 0.000000e+00
134.032722727 0.000000e+00
134.576289612 0.000000e+00
135.119856498 0.000000e+00
135.663423384 0.000000e+00
136.20699027 0.000000e+00
136.750557156 0.000000e+00
137.294124042 0.000000e+00
137.837690928 0.000000e+00
138.381257814 0.000000e+00
138.9248247 0.000000e+00
139.468391586 0.000000e+00
140.011958471 0.000000e+00
140.555525357 0.000000e+00
141.099092243 0.000000e+00
141.642659129 0.000000e+00
142.186226015 0.000000e+00
142.729792901 0.000000e+00
143.273359787 0.000000e+00
143.816926673 0.000000e+00
144.360493559 0.000000e+00
144.904060445 0.000000e+00
145.447627331 0.000000e+00
145.991194216 0.000000e+00
146.534761102 0.000000e+00
147.078327988 0.000000e+00
147.621894874 0.000000e+00
148.16546176 0.000000e+00
148.709028646 0.000000e+00
149.252595532 0.000000e+00
149.796162418 0.000000e+00
150.339729304 0.000000e+00
150.88329619 0.000000e+00
151.426863076 0.000000e+00
151.970429961 0.000000e+00
152.513996847 0.000000e+00
153.057563733 0.000000e+00
153.601130619 0.000000e+00
154.144697505 0.000000e+00
154.688264391 0.000000e+00
155.231831277 0.000000e+00
155.775398163 0.000000e+00
156.318965049 0.000000e+00
156.862531935 0.000000e+00
157.40609882 0.000000e+00
157.949665706 0.000000e+00
158.493232592 0.000000e+00
159.036799478 0.000000e+00
159.580366364 0.000000e+00
160.12393325 0.000000e+00
160.667500136 0.000000e+00
161.211067022 0.000000e+00
161.754633908 0.000000e+00
162.298200794 0.000000e+00
162.84176768 0.000000e+00
163.385334565 0.000000e+00
163.928901451 0.000000e+00
164.472468337 0.000000e+00
165.016035223 0.000000e+00
165.559602109 0.000000e+00
166.103168995 0.000000e+00
166.646735881 0.000000e+00
167.190302767 0.000000e+00
167.733869653 0.000000e+00
168.277436539 0.000000e+00
168.821003424 0.000000e+00
169.36457031 0.000000e+00
169.908137196 0.000000e+00
170.451704082 0.000000e+00
170.995270968 0.000000e+00
171.538837854 0.000000e+00
172.08240474 0.000000e+00
172.625971626 0.000000e+00
173.169538512 0.000000e+00
173.713105398 0.000000e+00
174.256672284 0.000000e+00
174.800239169 0.000000e+00
175.343806055 0.000000e+00
175.887372941 0.000000e+00
176.430939827 0.000000e+00
176.974506713 0.000000e+00
177.518073599 0.000000e+00
178.061640485 0.000000e+00
178.605207371 0.000000e+00
179.148774257 0.000000e+00
179.692341143 0.000000e+00
180.235908028 0.000000e+00
180.779474914 0.000000e+00
181.3230418 0.000000e+00
181.866608686 0.000000e+00
182.410175572 0.000000e+00
182.953742458 0.000000e+00
183.497309344 0.000000e+00
184.04087623 0.000000e+00
184.584443116 0.000000e+00
185.128010002 0.000000e+00
185.671576888 0.000000e+00
186.215143773 0.000000e+00
186.758710659 0.000000e+00
187.302277545 0.000000e+00
187.845844431 0.000000e+00
188.389411317 0.000000e+00
188.932978203 0.000000e+00
189.476545089 0.000000e+00
190.020111975 0.000000e+00
190.563678861 0.000000e+00
191.107245747 0.000000e+00
191.650812632 0.000000e+00
192.194379518 0.000000e+00
192.737946404 0.000000e+00
193.28151329 0.000000e+00
193.825080176 0.000000e+00
194.368647062 0.000000e+00
194.912213948 0.000000e+00
195.455780834 0.000000e+00
195.99934772 0.000000e+00
196.542914606 0.000000e+00
197.086481492 0.000000e+00
197.630048377 0.000000e+00
198.173615263 0.000000e+00
198.717182149 0.000000e+00
199.260749035 0.000000e+00
199.804315921 0.000000e+00
200.347882807 0.000000e+00
200.891449693 0.000000e+00
201.435016579 0.000000e+00
201.978583465 0.000000e+00
202.522150351 0.000000e+00
203.065717237 0.000000e+00
203.609284122 0.000000e+00
204.152851008 0.000000e+00
204.696417894 0.000000e+00
205.23998478 0.000000e+00
205.783551666 0.000000e+00
206.327118552 0.000000e+00
206.870685438 0.000000e+00
207.414252324 0.000000e+00
207.95781921 0.000000e+00
208.501386096 0.000000e+00
209.044952981 0.000000e+00
209.588519867 0.000000e+00
210.132086753 0.000000e+00
210.675653639 0.000000e+00
211.219220525 0.000000e+00
211.762787411 0.000000e+00
212.306354297 0.000000e+00
212.849921183 0.000000e+00
213.393488069 0.000000e+00
213.937054955 0.000000e+00
214.480621841 0.000000e+00
215.024188726 0.000000e+00
215.567755612 0.000000e+00
216.111322498 0.000000e+00
216.654889384 0.000000e+00
217.19845627 0.000000e+00
217.742023156 0.000000e+00
218.285590042 0.000000e+00
218.829156928 0.000000e+00
219.372723814 0.000000e+00
219.9162907 0.000000e+00
220.459857585 0.000000e+00
221.003424471 0.000000e+00
221.546991357 0.000000e+00
222.090558243 0.000000e+00
222.634125129 0.000000e+00
223.177692015 0.000000e+00
223.721258901 0.000000e+00
224.264825787 0.000000e+00
224.808392673 0.000000e+00
225.351959559 0.000000e+00
225.895526445 0.000000e+00
226.43909333 0.000000e+00
226.982660216 0.000000e+00
227.526227102 0.000000e+00
228.069793988 0.000000e+00
228.613360874 0.000000e+00
229.15692776 0.000000e+00
229.700494646 0.000000e+00
230.244061532 0.000000e+00
230.787628418 0.000000e+00
231.331195304 0.000000e+00
231.874762189 0.000000e+00
232.418329075 0.000000e+00
232.961895961 0.000000e+00
233.505462847 0.000000e+00
234.049029733 0.000000e+00
234.592596619 0.000000e+00
235.136163505 0.000000e+00
235.679730391 0.000000e+00
236.223297277 0.000000e+00
236.766864163 0.000000e+00
237.310431049 0.000000e+00
237.853997934 0.000000e+00
238.39756482 0.000000e+00
238.941131706 0.000000e+00
239.484698592 0.000000e+00
240.028265478 0.000000e+00
240.571832364 0.000000e+00
241.11539925 0.000000e+00
241.658966136 0.000000e+00
242.202533022 0.000000e+00
242.746099908 0.000000e+00
243.289666793 0.000000e+00
243.833233679 0.000000e+00
244.376800565 0.000000e+00
244.920367451 0.000000e+00
245.463934337 0.000000e+00
246.007501223 0.000000e+00
246.551068109 0.000000e+00
247.094634995 0.000000e+00
247.638201881 0.000000e+00
248.181768767 0.000000e+00
248.725335653 0.000000e+00
249.268902538 0.000000e+00
249.812469424 0.000000e+00
250.35603631 0.000000e+00
250.899603196 0.000000e+00
251.443170082 0.000000e+00
251.986736968 0.000000e+00
252.530303854 0.000000e+00
253.07387074 0.000000e+00
253.617437626 0.000000e+00
254.161004512 0.000000e+00
254.704571398 0.000000e+00
255.248138283 0.000000e+00
255.791705169 0.000000e+00
256.335272055 0.000000e+00
256.878838941 0.000000e+00
257.422405827 0.000000e+00
257.965972713 0.000000e+00
258.509539599 0.000000e+00
259.053106485 0.000000e+00
259.596673371 0.000000e+00
260.140240257 0.000000e+00
260.683807142 0.000000e+00
261.227374028 0.000000e+00
261.770940914 0.000000e+00
262.3145078 0.000000e+00
262.858074686 0.000000e+00
263.401641572 0.000000e+00
263.945208458 0.000000e+00
264.488775344 0.000000e+00
265.03234223 0.000000e+00
265.575909116 0.000000e+00
266.119476002 0.000000e+00
266.663042887 0.000000e+00
267.206609773 0.000000e+00
267.750176659 0.000000e+00
268.293743545 0.000000e+00
268.837310431 0.000000e+00
269.380877317 0.000000e+00
269.924444203 0.000000e+00
270.468011089 0.000000e+00
271.011577975 0.000000e+00
271.555144861 0.000000e+00
272.098711746 0.000000e+00
272.642278632 0.000000e+00
273.185845518 0.000000e+00
273.729412404 0.000000e+00
274.27297929 0.000000e+00
274.816546176 0.000000e+00
275.360113062 0.000000e+00
275.903679948 0.000000e+00
276.447246834 0.000000e+00
276.99081372 0.000000e+00
277.534380606 0.000000e+00
278.077947491 0.000000e+00
278.621514377 0.000000e+00
279.165081263 0.000000e+00
279.708648149 0.000000e+00
280.252215035 0.000000e+00
280.795781921 0.000000e+00
281.339348807 0.000000e+00
281.882915693 0.000000e+00
282.426482579 0.000000e+00
282.970049465 0.000000e+00
283.51361635 0.000000e+00
284.057183236 0.000000e+00
284.600750122 0.000000e+00
285.144317008 0.000000e+00
285.687883894 0.000000e+00
286.23145078 0.000000e+00
286.775017666 0.000000e+00
287.318584552 0.000000e+00
287.862151438 0.000000e+00
288.405718324 0.000000e+00
288.94928521 0.000000e+00
289.492852095 0.000000e+00
290.036418981 0.000000e+00
290.579985867 0.000000e+00
291.123552753 0.000000e+00
291.667119639 0.000000e+00
292.210686525 0.000000e+00
292.754253411 0.000000e+00
293.297820297 0.000000e+00
293.841387183 0.000000e+00
294.384954069 0.000000e+00
294.928520955 0.000000e+00
295.47208784 0.000000e+00
296.015654726 0.000000e+00
296.559221612 0.000000e+00
297.102788498 0.000000e+00
297.646355384 0.000000e+00
298.18992227 0.000000e+00
298.733489156 0.000000e+00
299.277056042 0.000000e+00
299.820622928 0.000000e+00
300.364189814 0.000000e+00
300.907756699 0.000000e+00
301.451323585 0.000000e+00
301.994890471 0.000000e+00
302.538457357 0.000000e+00
303.082024243 0.000000e+00
303.625591129 0.000000e+00
304.169158015 0.000000e+00
304.712724901 0.000000e+00
305.256291787 0.000000e+00
305.799858673 0.000000e+00
306.343425559 0.000000e+00
306.886992444 0.000000e+00
307.43055933 0.000000e+00
307.974126216 0.000000e+00
308.517693102 0.000000e+00
309.061259988 0.000000e+00
309.604826874 0.000000e+00
310.14839376 0.000000e+00
310.691960646 0.000000e+00
311.235527532 0.000000e+00
311.779094418 0.000000e+00
312.322661303 0.000000e+00
312.866228189 0.000000e+00
313.409795075 0.000000e+00
313.953361961 0.000000e+00
314.496928847 0.000000e+00
315.040495733 0.000000e+00
315.584062619 0.000000e+00
316.127629505 0.000000e+00
316.671196391 0.000000e+00
317.214763277 0.000000e+00
317.758330163 0.000000e+00
318.301897048 0.000000e+00
318.845463934 0.000000e+00
319.38903082 0.000000e+00
319.932597706 0.000000e+00
320.476164592 0.000000e+00
321.019731478 0.000000e+00
321.563298364 0.000000e+00
322.10686525 0.000000e+00
322.650432136 0.000000e+00
323.193999022 0.000000e+00
323.737565907 0.000000e+00
324.281132793 0.000000e+00
324.824699679 0.000000e+00
325.368266565 0.000000e+00
325.911833451 0.000000e+00
326.455400337 0.000000e+00
326.998967223 0.000000e+00
327.542534109 0.000000e+00
328.086100995 0.000000e+00
328.629667881 0.000000e+00
329.173234767 0.000000e+00
329.716801652 0.000000e+00
330.260368538 0.000000e+00
330.803935424 0.000000e+00
331.34750231 0.000000e+00
331.891069196 0.000000e+00
332.434636082 0.000000e+00
332.978202968 0.000000e+00
333.521769854 0.000000e+00
334.06533674 0.000000e+00
334.608903626 0.000000e+00
335.152470511 0.000000e+00
335.696037397 0.000000e+00
336.239604283 0.000000e+00
336.783171169 0.000000e+00
337.326738055 0.000000e+00
337.870304941 0.000000e+00
338.413871827 0.000000e+00
338.957438713 0.000000e+00
339.501005599 0.000000e+00
340.044572485 0.000000e+00
340.588139371 0.000000e+00
341.131706256 0.000000e+00
341.675273142 0.000000e+00
342.218840028 0.000000e+00
342.762406914 0.000000e+00
343.3059738 0.000000e+00
343.849540686 0.000000e+00
344.393107572 0.000000e+00
344.936674458 0.000000e+00
345.480241344 0.000000e+00
346.02380823 0.000000e+00
346.567375116 0.000000e+00
347.110942001 0.000000e+00
347.654508887 0.000000e+00
348.198075773 0.000000e+00
348.741642659 0.000000e+00
349.285209545 0.000000e+00
349.828776431 0.000000e+00
350.372343317 0.000000e+00
350.915910203 0.000000e+00
351.459477089 0.000000e+00
352.003043975 0.000000e+00
352.54661086 0.000000e+00
353.090177746 0.000000e+00
353.633744632 0.000000e+00
354.177311518 0.000000e+00
354.720878404 0.000000e+00
355.26444529 0.000000e+00
355.808012176 0.000000e+00
356.351579062 0.000000e+00
356.895145948 0.000000e+00
357.438712834 0.000000e+00
357.98227972 0.000000e+00
358.525846605 0.000000e+00
359.069413491 0.000000e+00
359.612980377 0.000000e+00
360.156547263 0.000000e+00
360.700114149 0.000000e+00
361.243681035 0.000000e+00
361.787247921 0.000000e+00
362.330814807 0.000000e+00
362.874381693 0.000000e+00
363.417948579 0.000000e+00
363.961515464 0.000000e+00
364.50508235 0.000000e+00
365.048649236 0.000000e+00
365.592216122 0.000000e+00
366.135783008 0.000000e+00
366.679349894 0.000000e+00
367.22291678 0.000000e+00
367.766483666 0.000000e+00
368.310050552 0.000000e+00
368.853617438 0.000000e+00
369.397184324 0.000000e+00
369.940751209 0.000000e+00
370.484318095 0.000000e+00
371.027884981 0.000000e+00
371.571451867 0.000000e+00
372.115018753 0.000000e+00
372.658585639 0.000000e+00
373.202152525 0.000000e+00
373.745719411 0.000000e+00
374.289286297 0.000000e+00
374.832853183 0.000000e+00
375.376420068 0.000000e+00
375.919986954 0.000000e+00
376.46355384 0.000000e+00
377.007120726 0.000000e+00
377.550687612 0.000000e+00
378.094254498 0.000000e+00
378.637821384 0.000000e+00
379.18138827 0.000000e+00
379.724955156 0.000000e+00
380.268522042 0.000000e+00
380.812088928 0.000000e+00
381.355655813 0.000000e+00
381.899222699 0.000000e+00
382.442789585 0.000000e+00
382.986356471 0.000000e+00
383.529923357 0.000000e+00
384.073490243 0.000000e+00
384.617057129 0.000000e+00
385.160624015 0.000000e+00
385.704190901 0.000000e+00
386.247757787 0.000000e+00
386.791324673 0.000000e+00
387.334891558 0.000000e+00
387.878458444 0.000000e+00
388.42202533 0.000000e+00
388.965592216 0.000000e+00
389.509159102 0.000000e+00
390.052725988 0.000000e+00
390.596292874 0.000000e+00
391.13985976 0.000000e+00
391.683426646 0.000000e+00
392.226993532 0.000000e+00
392.770560417 0.000000e+00
393.314127303 0.000000e+00
393.857694189 0.000000e+00
394.401261075 0.000000e+00
394.944827961 0.000000e+00
395.488394847 0.000000e+00
396.031961733 0.000000e+00
396.575528619 0.000000e+00
397.119095505 0.000000e+00
397.662662391 0.000000e+00
398.206229277 0.000000e+00
398.749796162 0.000000e+00
399.293363048 0.000000e+00
399.836929934 0.000000e+00
400.38049682 0.000000e+00
400.924063706 0.000000e+00
401.467630592 0.000000e+00
402.011197478 0.000000e+00
402.554764364 0.000000e+00
403.09833125 0.000000e+00
403.641898136 0.000000e+00
404.185465021 0.000000e+00
404.729031907 0.000000e+00
405.272598793 0.000000e+00
405.816165679 0.000000e+00
406.359732565 0.000000e+00
406.903299451 0.000000e+00
407.446866337 0.000000e+00
407.990433223 0.000000e+00
408.534000109 0.000000e+00
409.077566995 0.000000e+00
409.621133881 0.000000e+00
410.164700766 0.000000e+00
410.708267652 0.000000e+00
411.251834538 0.000000e+00
411.795401424 0.000000e+00
412.33896831 0.000000e+00
412.882535196 0.000000e+00
413.426102082 0.000000e+00
413.969668968 0.000000e+00
414.513235854 0.000000e+00
415.05680274 0.000000e+00
415.600369625 0.000000e+00
416.143936511 0.000000e+00
416.687503397 0.000000e+00
417.231070283 0.000000e+00
417.774637169 0.000000e+00
418.318204055 0.000000e+00
418.861770941 0.000000e+00
419.405337827 0.000000e+00
419.948904713 0.000000e+00
420.492471599 0.000000e+00
421.036038485 0.000000e+00
421.57960537 0.000000e+00
422.123172256 0.000000e+00
422.666739142 0.000000e+00
423.210306028 0.000000e+00
423.753872914 0.000000e+00
424.2974398 0.000000e+00
424.841006686 0.000000e+00
425.384573572 0.000000e+00
425.928140458 0.000000e+00
426.471707344 0.000000e+00
427.015274229 0.000000e+00
427.558841115 0.000000e+00
428.102408001 0.000000e+00
428.645974887 0.000000e+00
429.189541773 0.000000e+00
429.733108659 0.000000e+00
430.276675545 0.000000e+00
430.820242431 0.000000e+00
431.363809317 0.000000e+00
431.907376203 0.000000e+00
432.450943089 0.000000e+00
432.994509974 0.000000e+00
433.53807686 0.000000e+00
434.081643746 0.000000e+00
434.625210632 0.000000e+00
435.168777518 0.000000e+00
435.712344404 0.000000e+00
436.25591129 0.000000e+00
436.799478176 0.000000e+00
437.343045062 0.000000e+00
437.886611948 0.000000e+00
438.430178834 0.000000e+00
438.973745719 0.000000e+00
439.517312605 0.000000e+00
440.060879491 0.000000e+00
440.604446377 0.000000e+00
441.148013263 0.000000e+00
441.691580149 0.000000e+00
442.235147035 0.000000e+00
442.778713921 0.000000e+00
443.322280807 0.000000e+00
443.865847693 0.000000e+00
444.409414578 0.000000e+00
444.952981464 0.000000e+00
445.49654835 0.000000e+00
446.040115236 0.000000e+00
446.583682122 0.000000e+00
447.127249008 0.000000e+00
447.670815894 0.000000e+00
448.21438278 0.000000e+00
448.757949666 0.000000e+00
449.301516552 0.000000e+00
449.845083438 0.000000e+00
450.388650323 0.000000e+00
450.932217209 0.000000e+00
451.475784095 0.000000e+00
452.019350981 0.000000e+00
452.562917867 0.000000e+00
453.106484753 0.000000e+00
453.650051639 0.000000e+00
454.193618525 0.000000e+00
454.737185411 0.000000e+00
455.280752297 0.000000e+00
455.824319182 0.000000e+00
456.367886068 0.000000e+00
456.911452954 0.000000e+00
457.45501984 0.000000e+00
457.998586726 0.000000e+00
458.542153612 0.000000e+00
459.085720498 0.000000e+00
459.629287384 0.000000e+00
460.17285427 0.000000e+00
460.716421156 0.000000e+00
461.259988042 0.000000e+00
461.803554927 0.000000e+00
462.347121813 0.000000e+00
462.890688699 0.000000e+00
463.434255585 0.000000e+00
463.977822471 0.000000e+00
464.521389357 0.000000e+00
465.064956243 0.000000e+00
465.608523129 0.000000e+00
466.152090015 0.000000e+00
466.695656901 0.000000e+00
467.239223786 0.000000e+00
467.782790672 0.000000e+00
468.326357558 0.000000e+00
468.869924444 0.000000e+00
469.41349133 0.000000e+00
469.957058216 0.000000e+00
470.500625102 0.000000e+00
471.044191988 0.000000e+00
471.587758874 0.000000e+00
472.13132576 0.000000e+00
472.674892646 0.000000e+00
473.218459531 0.000000e+00
473.762026417 0.000000e+00
474.305593303 0.000000e+00
474.849160189 0.000000e+00
475.392727075 0.000000e+00
475.936293961 0.000000e+00
476.479860847 0.000000e+00
477.023427733 0.000000e+00
477.566994619 0.000000e+00
478.110561505 0.000000e+00
478.65412839 0.000000e+00
479.197695276 0.000000e+00
479.741262162 0.000000e+00
480.284829048 0.000000e+00
480.828395934 0.000000e+00
481.37196282 0.000000e+00
481.915529706 0.000000e+00
482.459096592 0.000000e+00
483.002663478 0.000000e+00
483.546230364 0.000000e+00
484.08979725 0.000000e+00
484.633364135 0.000000e+00
485.176931021 0.000000e+00
485.720497907 0.000000e+00
486.264064793 0.000000e+00
486.807631679 0.000000e+00
487.351198565 0.000000e+00
487.894765451 0.000000e+00
488.438332337 0.000000e+00
488.981899223 0.000000e+00
489.525466109 0.000000e+00
490.069032995 0.000000e+00
490.61259988 0.000000e+00
491.156166766 0.000000e+00
491.699733652 0.000000e+00
492.243300538 0.000000e+00
492.786867424 0.000000e+00
493.33043431 0.000000e+00
493.874001196 0.000000e+00
494.417568082 0.000000e+00
494.961134968 0.000000e+00
495.504701854 0.000000e+00
496.048268739 0.000000e+00
496.591835625 0.000000e+00
497.135402511 0.000000e+00
497.678969397 0.000000e+00
498.222536283 0.000000e+00
498.766103169 0.000000e+00
499.309670055 0.000000e+00
499.853236941 0.000000e+00
500.396803827 0.000000e+00
500.940370713 0.000000e+00
501.483937599 0.000000e+00
502.027504484 0.000000e+00
502.57107137 0.000000e+00
503.114638256 0.000000e+00
503.658205142 0.000000e+00
504.201772028 0.000000e+00
504.745338914 0.000000e+00
505.2889058 0.000000e+00
505.832472686 0.000000e+00
506.376039572 0.000000e+00
506.919606458 0.000000e+00
507.463173343 0.000000e+00
508.006740229 0.000000e+00
508.550307115 0.000000e+00
509.093874001 0.000000e+00
509.637440887 0.000000e+00
510.181007773 0.000000e+00
510.724574659 0.000000e+00
511.268141545 0.000000e+00
511.811708431 0.000000e+00
512.355275317 0.000000e+00
512.898842203 0.000000e+00
513.442409088 0.000000e+00
513.985975974 0.000000e+00
514.52954286 0.000000e+00
515.073109746 0.000000e+00
515.616676632 0.000000e+00
516.160243518 0.000000e+00
516.703810404 0.000000e+00
517.24737729 0.000000e+00
517.790944176 0.000000e+00
518.334511062 0.000000e+00
518.878077947 0.000000e+00
519.421644833 0.000000e+00
519.965211719 0.000000e+00
520.508778605 0.000000e+00
521.052345491 0.000000e+00
521.595912377 0.000000e+00
522.139479263 0.000000e+00
522.683046149 0.000000e+00
523.683046149 0.0
524.683046149 0.0
525.683046149 0.0
526.683046149 0.0
527.683046149 0.0
528.683046149 0.0
529.683046149 0.0
530.683046149 0.0
531.683046149 0.0
532.683046149 0.0
533.683046149 0.0
534.683046149 0.0
535.683046149 0.0
536.683046149 0.0
537.683046149 0.0
538.683046149 0.0
539.683046149 0.0
540.683046149 0.0
541.683046149 0.0
542.683046149 0.0
543.683046149 0.0
544.683046149 0.0
545.683046149 0.0
546.683046149 0.0
547.683046149 0.0
548.683046149 0.0
549.683046149 0.0
550.683046149 0.0
551.683046149 0.0
552.683046149 0.0
553.683046149 0.0
554.683046149 0.0
555.683046149 0.0
556.683046149 0.0
557.683046149 0.0
558.683046149 0.0
559.683046149 0.0
560.683046149 0.0
561.683046149 0.0
562.683046149 0.0
563.683046149 0.0
564.683046149 0.0
565.683046149 0.0
566.683046149 0.0
567.683046149 0.0
568.683046149 0.0
569.683046149 0.0
570.683046149 0.0
571.683046149 0.0
572.683046149 0.0
573.683046149 0.0
574.683046149 0.0
575.683046149 0.0
576.683046149 0.0
577.683046149 0.0
578.683046149 0.0
579.683046149 0.0
580.683046149 0.0
581.683046149 0.0
582.683046149 0.0
583.683046149 0.0
584.683046149 0.0
585.683046149 0.0
586.683046149 0.0
587.683046149 0.0
588.683046149 0.0
589.683046149 0.0
590.683046149 0.0
591.683046149 0.0
592.683046149 0.0
593.683046149 0.0
594.683046149 0.0
595.683046149 0.0
596.683046149 0.0
597.683046149 0.0
598.683046149 0.0
599.683046149 0.0
600.683046149 0.0
601.683046149 0.0
602.683046149 0.0
603.683046149 0.0
604.683046149 0.0
605.683046149 0.0
606.683046149 0.0
607.683046149 0.0
608.683046149 0.0
609.683046149 0.0
610.683046149 0.0
611.683046149 0.0
612.683046149 0.0
613.683046149 0.0
614.683046149 0.0
615.683046149 0.0
616.683046149 0.0
617.683046149 0.0
618.683046149 0.0
619.683046149 0.0
620.683046149 0.0
621.683046149 0.0
622.683046149 0.0
623.683046149 0.0
624.683046149 0.0
625.683046149 0.0
626.683046149 0.0
627.683046149 0.0
628.683046149 0.0
629.683046149 0.0
630.683046149 0.0
631.683046149 0.0
632.683046149 0.0
633.683046149 0.0
634.683046149 0.0
635.683046149 0.0
636.683046149 0.0
637.683046149 0.0
638.683046149 0.0
639.683046149 0.0
640.683046149 0.0
641.683046149 0.0
642.683046149 0.0
643.683046149 0.0
644.683046149 0.0
645.683046149 0.0
646.683046149 0.0
647.683046149 0.0
648.683046149 0.0
649.683046149 0.0
650.683046149 0.0
651.683046149 0.0
652.683046149 0.0
653.683046149 0.0
654.683046149 0.0
655.683046149 0.0
656.683046149 0.0
657.683046149 0.0
658.683046149 0.0
659.683046149 0.0
660.683046149 0.0
661.683046149 0.0
662.683046149 0.0
663.683046149 0.0
664.683046149 0.0
665.683046149 0.0
666.683046149 0.0
667.683046149 0.0
668.683046149 0.0
669.683046149 0.0
670.683046149 0.0
671.683046149 0.0
672.683046149 0.0
673.683046149 0.0
674.683046149 0.0
675.683046149 0.0
676.683046149 0.0
677.683046149 0.0
678.683046149 0.0
679.683046149 0.0
680.683046149 0.0
681.683046149 0.0
682.683046149 0.0
683.683046149 0.0
684.683046149 0.0
685.683046149 0.0
686.683046149 0.0
687.683046149 0.0
688.683046149 0.0
689.683046149 0.0
690.683046149 0.0
691.683046149 0.0
692.683046149 0.0
693.683046149 0.0
694.683046149 0.0
695.683046149 0.0
696.683046149 0.0
697.683046149 0.0
698.683046149 0.0
699.683046149 0.0
700.683046149 0.0
701.683046149 0.0
702.683046149 0.0
703.683046149 0.0
704.683046149 0.0
705.683046149 0.0
706.683046149 0.0
707.683046149 0.0
708.683046149 0.0
709.683046149 0.0
710.683046149 0.0
711.683046149 0.0
712.683046149 0.0
713.683046149 0.0
714.683046149 0.0
715.683046149 0.0
716.683046149 0.0
717.683046149 0.0
718.683046149 0.0
719.683046149 0.0
720.683046149 0.0
721.683046149 0.0
722.683046149 0.0
723.683046149 0.0
724.683046149 0.0
725.683046149 0.0
726.683046149 0.0
727.683046149 0.0
728.683046149 0.0
729.683046149 0.0
730.683046149 0.0
731.683046149 0.0
732.683046149 0.0
733.683046149 0.0
734.683046149 0.0
735.683046149 0.0
736.683046149 0.0
737.683046149 0.0
738.683046149 0.0
739.683046149 0.0
740.683046149 0.0
741.683046149 0.0
742.683046149 0.0
743.683046149 0.0
744.683046149 0.0
745.683046149 0.0
746.683046149 0.0
747.683046149 0.0
748.683046149 0.0
749.683046149 0.0
750.683046149 0.0
751.683046149 0.0
752.683046149 0.0
753.683046149 0.0
754.683046149 0.0
755.683046149 0.0
756.683046149 0.0
757.683046149 0.0
758.683046149 0.0
759.683046149 0.0
760.683046149 0.0
761.683046149 0.0
762.683046149 0.0
763.683046149 0.0
764.683046149 0.0
765.683046149 0.0
766.683046149 0.0
767.683046149 0.0
768.683046149 0.0
769.683046149 0.0
770.683046149 0.0
771.683046149 0.0
772.683046149 0.0
773.683046149 0.0
774.683046149 0.0
775.683046149 0.0
776.683046149 0.0
777.683046149 0.0
778.683046149 0.0
779.683046149 0.0
780.683046149 0.0
781.683046149 0.0
782.683046149 0.0
783.683046149 0.0
784.683046149 0.0
785.683046149 0.0
786.683046149 0.0
787.683046149 0.0
788.683046149 0.0
789.683046149 0.0
790.683046149 0.0
791.683046149 0.0
792.683046149 0.0
793.683046149 0.0
794.683046149 0.0
795.683046149 0.0
796.683046149 0.0
797.683046149 0.0
798.683046149 0.0
799.683046149 0.0
800.683046149 0.0
801.683046149 0.0
802.683046149 0.0
803.683046149 0.0
804.683046149 0.0
805.683046149 0.0
806.683046149 0.0
807.683046149 0.0
808.683046149 0.0
809.683046149 0.0
810.683046149 0.0
811.683046149 0.0
812.683046149 0.0
813.683046149 0.0
814.683046149 0.0
815.683046149 0.0
816.683046149 0.0
817.683046149 0.0
818.683046149 0.0
819.683046149 0.0
820.683046149 0.0
821.683046149 0.0
822.683046149 0.0
823.683046149 0.0
824.683046149 0.0
825.683046149 0.0
826.683046149 0.0
827.683046149 0.0
828.683046149 0.0
829.683046149 0.0
830.683046149 0.0
831.683046149 0.0
832.683046149 0.0
833.683046149 0.0
834.683046149 0.0
835.683046149 0.0
836.683046149 0.0
837.683046149 0.0
838.683046149 0.0
839.683046149 0.0
840.683046149 0.0
841.683046149 0.0
842.683046149 0.0
843.683046149 0.0
844.683046149 0.0
845.683046149 0.0
846.683046149 0.0
847.683046149 0.0
848.683046149 0.0
849.683046149 0.0
850.683046149 0.0
851.683046149 0.0
852.683046149 0.0
853.683046149 0.0
854.683046149 0.0
855.683046149 0.0
856.683046149 0.0
857.683046149 0.0
858.683046149 0.0
859.683046149 0.0
860.683046149 0.0
861.683046149 0.0
862.683046149 0.0
863.683046149 0.0
864.683046149 0.0
865.683046149 0.0
866.683046149 0.0
867.683046149 0.0
868.683046149 0.0
869.683046149 0.0
870.683046149 0.0
871.683046149 0.0
872.683046149 0.0
873.683046149 0.0
874.683046149 0.0
875.683046149 0.0
876.683046149 0.0
877.683046149 0.0
878.683046149 0.0
879.683046149 0.0
880.683046149 0.0
881.683046149 0.0
882.683046149 0.0
883.683046149 0.0
884.683046149 0.0
885.683046149 0.0
886.683046149 0.0
887.683046149 0.0
888.683046149 0.0
889.683046149 0.0
890.683046149 0.0
891.683046149 0.0
892.683046149 0.0
893.683046149 0.0
894.683046149 0.0
895.683046149 0.0
896.683046149 0.0
897.683046149 0.0
898.683046149 0.0
899.683046149 0.0
900.683046149 0.0
901.683046149 0.0
902.683046149 0.0
903.683046149 0.0
904.683046149 0.0
905.683046149 0.0
906.683046149 0.0
907.683046149 0.0
908.683046149 0.0
909.683046149 0.0
910.683046149 0.0
911.683046149 0.0
912.683046149 0.0
913.683046149 0.0
914.683046149 0.0
915.683046149 0.0
916.683046149 0.0
917.683046149 0.0
918.683046149 0.0
919.683046149 0.0
920.683046149 0.0
921.683046149 0.0
922.683046149 0.0
923.683046149 0.0
924.683046149 0.0
925.683046149 0.0
926.683046149 0.0
927.683046149 0.0
928.683046149 0.0
929.683046149 0.0
930.683046149 0.0
931.683046149 0.0
932.683046149 0.0
933.683046149 0.0
934.683046149 0.0
935.683046149 0.0
936.683046149 0.0
937.683046149 0.0
938.683046149 0.0
939.683046149 0.0
940.683046149 0.0
941.683046149 0.0
942.683046149 0.0
943.683046149 0.0
944.683046149 0.0
945.683046149 0.0
946.683046149 0.0
947.683046149 0.0
948.683046149 0.0
949.683046149 0.0
950.683046149 0.0
951.683046149 0.0
952.683046149 0.0
953.683046149 0.0
954.683046149 0.0
955.683046149 0.0
956.683046149 0.0
957.683046149 0.0
958.683046149 0.0
959.683046149 0.0
960.683046149 0.0
961.683046149 0.0
962.683046149 0.0
963.683046149 0.0
964.683046149 0.0
965.683046149 0.0
966.683046149 0.0
967.683046149 0.0
968.683046149 0.0
969.683046149 0.0
970.683046149 0.0
971.683046149 0.0
972.683046149 0.0
973.683046149 0.0
974.683046149 0.0
975.683046149 0.0
976.683046149 0.0
977.683046149 0.0
978.683046149 0.0
979.683046149 0.0
980.683046149 0.0
981.683046149 0.0
982.683046149 0.0
983.683046149 0.0
984.683046149 0.0
985.683046149 0.0
986.683046149 0.0
987.683046149 0.0
988.683046149 0.0
989.683046149 0.0
990.683046149 0.0
991.683046149 0.0
992.683046149 0.0
993.683046149 0.0
994.683046149 0.0
995.683046149 0.0
996.683046149 0.0
997.683046149 0.0
998.683046149 0.0
999.683046149 0.0
1000.68304615 0.0
1001.68304615 0.0
1002.68304615 0.0
1003.68304615 0.0
1004.68304615 0.0
1005.68304615 0.0
1006.68304615 0.0
1007.68304615 0.0
1008.68304615 0.0
1009.68304615 0.0
1010.68304615 0.0
1011.68304615 0.0
1012.68304615 0.0
1013.68304615 0.0
1014.68304615 0.0
1015.68304615 0.0
1016.68304615 0.0
1017.68304615 0.0
1018.68304615 0.0
1019.68304615 0.0
1020.68304615 0.0
1021.68304615 0.0
1022.68304615 0.0
