-560.372300066 0.0
-559.372300066 0.0
-558.372300066 0.0
-557.372300066 0.0
-556.372300066 0.0
-555.372300066 0.0
-554.372300066 0.0
-553.372300066 0.0
-552.372300066 0.0
-551.372300066 0.0
-550.372300066 0.0
-549.372300066 0.0
-548.372300066 0.0
-547.372300066 0.0
-546.372300066 0.0
-545.372300066 0.0
-544.372300066 0.0
-543.372300066 0.0
-542.372300066 0.0
-541.372300066 0.0
-540.372300066 0.0
-539.372300066 0.0
-538.372300066 0.0
-537.372300066 0.0
-536.372300066 0.0
-535.372300066 0.0
-534.372300066 0.0
-533.372300066 0.0
-532.372300066 0.0
-531.372300066 0.0
-530.372300066 0.0
-529.372300066 0.0
-528.372300066 0.0
-527.372300066 0.0
-526.372300066 0.0
-525.372300066 0.0
-524.372300066 0.0
-523.372300066 0.0
-522.372300066 0.0
-521.372300066 0.0
-520.372300066 0.0
-519.372300066 0.0
-518.372300066 0.0
-517.372300066 0.0
-516.372300066 0.0
-515.372300066 0.0
-514.372300066 0.0
-513.372300066 0.0
-512.372300066 0.0
-511.372300066 0.0
-510.372300066 0.0
-509.372300066 0.0
-508.372300066 0.0
-507.372300066 0.0
-506.372300066 0.0
-505.372300066 0.0
-504.372300066 0.0
-503.372300066 0.0
-502.372300066 0.0
-501.372300066 0.0
-500.372300066 0.0
-499.372300066 0.0
-498.372300066 0.0
-497.372300066 0.0
-496.372300066 0.0
-495.372300066 0.0
-494.372300066 0.0
-493.372300066 0.0
-492.372300066 0.0
-491.372300066 0.0
-490.372300066 0.0
-489.372300066 0.0
-488.372300066 0.0
-487.372300066 0.0
-486.372300066 0.0
-485.372300066 0.0
-484.372300066 0.0
-483.372300066 0.0
-482.372300066 0.0
-481.372300066 0.0
-480.372300066 0.0
-479.372300066 0.0
-478.372300066 0.0
-477.372300066 0.0
-476.372300066 0.0
-475.372300066 0.0
-474.372300066 0.0
-473.372300066 0.0
-472.372300066 0.0
-471.372300066 0.0
-470.372300066 0.0
-469.372300066 0.0
-468.372300066 0.0
-467.372300066 0.0
-466.372300066 0.0
-465.372300066 0.0
-464.372300066 0.0
-463.372300066 0.0
-462.372300066 0.0
-461.372300066 0.0
-460.372300066 0.0
-459.372300066 0.0
-458.372300066 0.0
-457.372300066 0.0
-456.372300066 0.0
-455.372300066 0.0
-454.372300066 0.0
-453.372300066 0.0
-452.372300066 0.0
-451.372300066 0.0
-450.372300066 0.0
-449.372300066 0.0
-448.372300066 0.0
-447.372300066 0.0
-446.372300066 0.0
-445.372300066 0.0
-444.372300066 0.0
-443.372300066 0.0
-442.372300066 0.0
-441.372300066 0.0
-440.372300066 0.0
-439.372300066 0.0
-438.372300066 0.0
-437.372300066 0.0
-436.372300066 0.0
-435.372300066 0.0
-434.372300066 0.0
-433.372300066 0.0
-432.372300066 0.0
-431.372300066 0.0
-430.372300066 0.0
-429.372300066 0.0
-428.372300066 0.0
-427.372300066 0.0
-426.372300066 0.0
-425.372300066 0.0
-424.372300066 0.0
-423.372300066 0.0
-422.372300066 0.0
-421.372300066 0.0
-420.372300066 0.0
-419.372300066 0.0
-418.372300066 0.0
-417.372300066 0.0
-416.372300066 0.0
-415.372300066 0.0
-414.372300066 0.0
-413.372300066 0.0
-412.372300066 0.0
-411.372300066 0.0
-410.372300066 0.0
-409.372300066 0.0
-408.372300066 0.0
-407.372300066 0.0
-406.372300066 0.0
-405.372300066 0.0
-404.372300066 0.0
-403.372300066 0.0
-402.372300066 0.0
-401.372300066 0.0
-400.372300066 0.0
-399.372300066 0.0
-398.372300066 0.0
-397.372300066 0.0
-396.372300066 0.0
-395.372300066 0.0
-394.372300066 0.0
-393.372300066 0.0
-392.372300066 0.0
-391.372300066 0.0
-390.372300066 0.0
-389.372300066 0.0
-388.372300066 0.0
-387.372300066 0.0
-386.372300066 0.0
-385.372300066 0.0
-384.372300066 0.0
-383.372300066 0.0
-382.372300066 0.0
-381.372300066 0.0
-380.372300066 0.0
-379.372300066 0.0
-378.372300066 0.0
-377.372300066 0.0
-376.372300066 0.0
-375.372300066 0.0
-374.372300066 0.0
-373.372300066 0.0
-372.372300066 0.0
-371.372300066 0.0
-370.372300066 0.0
-369.372300066 0.0
-368.372300066 0.0
-367.372300066 0.0
-366.372300066 0.0
-365.372300066 0.0
-364.372300066 0.0
-363.372300066 0.0
-362.372300066 0.0
-361.372300066 0.0
-360.372300066 0.0
-359.372300066 0.0
-358.372300066 0.0
-357.372300066 0.0
-356.372300066 0.0
-355.372300066 0.0
-354.372300066 0.0
-353.372300066 0.0
-352.372300066 0.0
-351.372300066 0.0
-350.372300066 0.0
-349.372300066 0.0
-348.372300066 0.0
-347.372300066 0.0
-346.372300066 0.0
-345.372300066 0.0
-344.372300066 0.0
-343.372300066 0.0
-342.372300066 0.0
-341.372300066 0.0
-340.372300066 0.0
-339.372300066 0.0
-338.372300066 0.0
-337.372300066 0.0
-336.372300066 0.0
-335.372300066 0.0
-334.372300066 0.0
-333.372300066 0.0
-332.372300066 0.0
-331.372300066 0.0
-330.372300066 0.0
-329.372300066 0.0
-328.372300066 0.0
-327.372300066 0.0
-326.372300066 0.0
-325.372300066 0.0
-324.372300066 0.0
-323.372300066 0.0
-322.372300066 0.0
-321.372300066 0.0
-320.372300066 0.0
-319.372300066 0.0
-318.372300066 0.0
-317.372300066 0.0
-316.372300066 0.0
-315.372300066 0.0
-314.372300066 0.0
-313.372300066 0.0
-312.372300066 0.0
-311.372300066 0.0
-310.372300066 0.0
-309.372300066 0.0
-308.372300066 0.0
-307.372300066 0.0
-306.372300066 0.0
-305.372300066 0.0
-304.372300066 0.0
-303.372300066 0.0
-302.372300066 0.0
-301.372300066 0.0
-300.372300066 0.0
-299.372300066 0.0
-298.372300066 0.0
-297.372300066 0.0
-296.372300066 0.0
-295.372300066 0.0
-294.372300066 0.0
-293.372300066 0.0
-292.372300066 0.0
-291.372300066 0.0
-290.372300066 0.0
-289.372300066 0.0
-288.372300066 0.0
-287.372300066 0.0
-286.372300066 0.0
-285.372300066 0.0
-284.372300066 0.0
-283.372300066 0.0
-282.372300066 0.0
-281.372300066 0.0
-280.372300066 0.0
-279.372300066 0.0
-278.372300066 0.0
-277.372300066 0.0
-276.372300066 0.0
-275.372300066 0.0
-274.372300066 0.0
-273.372300066 0.0
-272.372300066 0.0
-271.372300066 0.0
-270.372300066 0.0
-269.372300066 0.0
-268.372300066 0.0
-267.372300066 0.0
-266.372300066 0.0
-265.372300066 0.0
-264.372300066 0.0
-263.372300066 0.0
-262.372300066 0.0
-261.372300066 0.0
-260.372300066 0.0
-259.372300066 0.0
-258.372300066 0.0
-257.372300066 0.0
-256.372300066 0.0
-255.372300066 0.0
-254.372300066 0.0
-253.372300066 0.0
-252.372300066 0.0
-251.372300066 0.0
-250.372300066 0.0
-249.372300066 0.0
-248.372300066 0.0
-247.372300066 0.0
-246.372300066 0.0
-245.372300066 0.0
-244.372300066 0.0
-243.372300066 0.0
-242.372300066 0.0
-241.372300066 0.0
-240.372300066 0.0
-239.372300066 0.0
-238.372300066 0.0
-237.372300066 0.0
-236.372300066 0.0
-235.372300066 0.0
-234.372300066 0.0
-233.372300066 0.0
-232.372300066 0.0
-231.372300066 0.0
-230.372300066 0.0
-229.372300066 0.0
-228.372300066 0.0
-227.372300066 0.0
-226.372300066 0.0
-225.372300066 0.0
-224.372300066 0.0
-223.372300066 0.0
-222.372300066 0.0
-221.372300066 0.0
-220.372300066 0.0
-219.372300066 0.0
-218.372300066 0.0
-217.372300066 0.0
-216.372300066 0.0
-215.372300066 0.0
-214.372300066 0.0
-213.372300066 0.0
-212.372300066 0.0
-211.372300066 0.0
-210.372300066 0.0
-209.372300066 0.0
-208.372300066 0.0
-207.372300066 0.0
-206.372300066 0.0
-205.372300066 0.0
-204.372300066 0.0
-203.372300066 0.0
-202.372300066 0.0
-201.372300066 0.0
-200.372300066 0.0
-199.372300066 0.0
-198.372300066 0.0
-197.372300066 0.0
-196.372300066 0.0
-195.372300066 0.0
-194.372300066 0.0
-193.372300066 0.0
-192.372300066 0.0
-191.372300066 0.0
-190.372300066 0.0
-189.372300066 0.0
-188.372300066 0.0
-187.372300066 0.0
-186.372300066 0.0
-185.372300066 0.0
-184.372300066 0.0
-183.372300066 0.0
-182.372300066 0.0
-181.372300066 0.0
-180.372300066 0.0
-179.372300066 0.0
-178.372300066 0.0
-177.372300066 0.0
-176.372300066 0.0
-175.372300066 0.0
-174.372300066 0.0
-173.372300066 0.0
-172.372300066 0.0
-171.372300066 0.0
-170.372300066 0.0
-169.372300066 0.0
-168.372300066 0.0
-167.372300066 0.0
-166.372300066 0.0
-165.372300066 0.0
-164.372300066 0.0
-163.372300066 0.0
-162.372300066 0.0
-161.372300066 0.0
-160.372300066 0.0
-159.372300066 0.0
-158.372300066 0.0
-157.372300066 0.0
-156.372300066 0.0
-155.372300066 0.0
-154.372300066 0.0
-153.372300066 0.0
-152.372300066 0.0
-151.372300066 0.0
-150.372300066 0.0
-149.372300066 0.0
-148.372300066 0.0
-147.372300066 0.0
-146.372300066 0.0
-145.372300066 0.0
-144.372300066 0.0
-143.372300066 0.0
-142.372300066 0.0
-141.372300066 0.0
-140.372300066 0.0
-139.372300066 0.0
-138.372300066 0.0
-137.372300066 0.0
-136.372300066 0.0
-135.372300066 0.0
-134.372300066 0.0
-133.372300066 0.0
-132.372300066 0.0
-131.372300066 0.0
-130.372300066 0.0
-129.372300066 0.0
-128.372300066 0.0
-127.372300066 0.0
-126.372300066 0.0
-125.372300066 0.0
-124.372300066 0.0
-123.372300066 0.0
-122.372300066 0.0
-121.372300066 0.0
-120.372300066 0.0
-119.372300066 0.0
-118.372300066 0.0
-117.372300066 0.0
-116.372300066 0.0
-115.372300066 0.0
-114.372300066 0.0
-113.372300066 0.0
-112.372300066 0.0
-111.372300066 0.0
-110.372300066 0.0
-109.372300066 0.0
-108.372300066 0.0
-107.372300066 0.0
-106.372300066 0.0
-105.372300066 0.0
-104.372300066 0.0
-103.372300066 0.0
-102.372300066 0.0
-101.372300066 0.0
-100.372300066 0.0
-99.3723000658 0.0
-98.3723000658 0.0
-97.3723000658 0.0
-96.3723000658 0.0
-95.3723000658 0.0
-94.3723000658 0.0
-93.3723000658 0.0
-92.3723000658 0.0
-91.3723000658 0.0
-90.3723000658 0.0
-89.3723000658 0.0
-88.3723000658 0.0
-87.3723000658 0.0
-86.3723000658 0.0
-85.3723000658 0.0
-84.3723000658 0.0
-83.3723000658 0.0
-82.3723000658 0.0
-81.3723000658 0.0
-80.3723000658 0.0
-79.3723000658 0.0
-78.3723000658 0.0
-77.3723000658 0.0
-76.3723000658 0.0
-75.3723000658 0.0
-74.3723000658 0.0
-73.3723000658 0.0
-72.3723000658 0.0
-71.3723000658 0.0
-70.3723000658 0.0
-69.3723000658 0.0
-68.3723000658 0.0
-67.3723000658 0.0
-66.3723000658 0.0
-65.3723000658 0.0
-64.3723000658 0.0
-63.3723000658 0.0
-62.3723000658 0.0
-61.3723000658 0.0
-60.3723000658 0.000000e+00
-60.1193788254 0.000000e+00
-59.8664575851 0.000000e+00
-59.6135363448 0.000000e+00
-59.3606151045 0.000000e+00
-59.1076938641 0.000000e+00
-58.8547726238 0.000000e+00
-58.6018513835 0.000000e+00
-58.3489301432 0.000000e+00
-58.0960089028 0.000000e+00
-57.8430876625 0.000000e+00
-57.5901664222 0.000000e+00
-57.3372451819 0.000000e+00
-57.0843239415 0.000000e+00
-56.8314027012 0.000000e+00
-56.5784814609 0.000000e+00
-56.3255602205 0.000000e+00
-56.0726389802 0.000000e+00
-55.8197177399 0.000000e+00
-55.5667964996 0.000000e+00
-55.3138752592 0.000000e+00
-55.0609540189 0.000000e+00
-54.8080327786 0.000000e+00
-54.5551115383 0.000000e+00
-54.3021902979 0.000000e+00
-54.0492690576 0.000000e+00
-53.7963478173 0.000000e+00
-53.543426577 0.000000e+00
-53.2905053366 0.000000e+00
-53.0375840963 0.000000e+00
-52.784662856 0.000000e+00
-52.5317416157 0.000000e+00
-52.2788203753 0.000000e+00
-52.025899135 0.000000e+00
-51.7729778947 0.000000e+00
-51.5200566544 0.000000e+00
-51.267135414 0.000000e+00
-51.0142141737 0.000000e+00
-50.7612929334 0.000000e+00
-50.5083716931 0.000000e+00
-50.2554504527 0.000000e+00
-50.0025292124 0.000000e+00
-49.7496079721 0.000000e+00
-49.4966867318 0.000000e+00
-49.2437654914 0.000000e+00
-48.9908442511 0.000000e+00
-48.7379230108 0.000000e+00
-48.4850017704 0.000000e+00
-48.2320805301 0.000000e+00
-47.9791592898 0.000000e+00
-47.7262380495 0.000000e+00
-47.4733168091 0.000000e+00
-47.2203955688 0.000000e+00
-46.9674743285 0.000000e+00
-46.7145530882 0.000000e+00
-46.4616318478 0.000000e+00
-46.2087106075 0.000000e+00
-45.9557893672 0.000000e+00
-45.7028681269 0.000000e+00
-45.4499468865 0.000000e+00
-45.1970256462 0.000000e+00
-44.9441044059 0.000000e+00
-44.6911831656 0.000000e+00
-44.4382619252 0.000000e+00
-44.1853406849 0.000000e+00
-43.9324194446 0.000000e+00
-43.6794982043 0.000000e+00
-43.4265769639 0.000000e+00
-43.1736557236 0.000000e+00
-42.9207344833 0.000000e+00
-42.667813243 0.000000e+00
-42.4148920026 0.000000e+00
-42.1619707623 0.000000e+00
-41.909049522 0.000000e+00
-41.6561282817 0.000000e+00
-41.4032070413 0.000000e+00
-41.150285801 0.000000e+00
-40.8973645607 0.000000e+00
-40.6444433204 0.000000e+00
-40.39152208 0.000000e+00
-40.1386008397 0.000000e+00
-39.8856795994 0.000000e+00
-39.632758359 0.000000e+00
-39.3798371187 0.000000e+00
-39.1269158784 0.000000e+00
-38.8739946381 0.000000e+00
-38.6210733977 0.000000e+00
-38.3681521574 0.000000e+00
-38.1152309171 0.000000e+00
-37.8623096768 0.000000e+00
-37.6093884364 0.000000e+00
-37.3564671961 0.000000e+00
-37.1035459558 0.000000e+00
-36.8506247155 0.000000e+00
-36.5977034751 0.000000e+00
-36.3447822348 0.000000e+00
-36.0918609945 0.000000e+00
-35.8389397542 0.000000e+00
-35.5860185138 0.000000e+00
-35.3330972735 0.000000e+00
-35.0801760332 0.000000e+00
-34.8272547929 0.000000e+00
-34.5743335525 0.000000e+00
-34.3214123122 0.000000e+00
-34.0684910719 0.000000e+00
-33.8155698316 0.000000e+00
-33.5626485912 0.000000e+00
-33.3097273509 0.000000e+00
-33.0568061106 0.000000e+00
-32.8038848703 0.000000e+00
-32.5509636299 0.000000e+00
-32.2980423896 0.000000e+00
-32.0451211493 0.000000e+00
-31.7921999089 0.000000e+00
-31.5392786686 0.000000e+00
-31.2863574283 0.000000e+00
-31.033436188 0.000000e+00
-30.7805149476 0.000000e+00
-30.5275937073 0.000000e+00
-30.274672467 0.000000e+00
-30.0217512267 0.000000e+00
-29.7688299863 0.000000e+00
-29.515908746 0.000000e+00
-29.2629875057 0.000000e+00
-29.0100662654 0.000000e+00
-28.757145025 0.000000e+00
-28.5042237847 0.000000e+00
-28.2513025444 0.000000e+00
-27.9983813041 0.000000e+00
-27.7454600637 0.000000e+00
-27.4925388234 0.000000e+00
-27.2396175831 0.000000e+00
-26.9866963428 0.000000e+00
-26.7337751024 0.000000e+00
-26.4808538621 0.000000e+00
-26.2279326218 0.000000e+00
-25.9750113815 0.000000e+00
-25.7220901411 0.000000e+00
-25.4691689008 0.000000e+00
-25.2162476605 0.000000e+00
-24.9633264202 0.000000e+00
-24.7104051798 0.000000e+00
-24.4574839395 0.000000e+00
-24.2045626992 0.000000e+00
-23.9516414588 0.000000e+00
-23.6987202185 0.000000e+00
-23.4457989782 0.000000e+00
-23.1928777379 0.000000e+00
-22.9399564975 0.000000e+00
-22.6870352572 0.000000e+00
-22.4341140169 0.000000e+00
-22.1811927766 0.000000e+00
-21.9282715362 0.000000e+00
-21.6753502959 0.000000e+00
-21.4224290556 0.000000e+00
-21.1695078153 0.000000e+00
-20.9165865749 0.000000e+00
-20.6636653346 0.000000e+00
-20.4107440943 0.000000e+00
-20.157822854 0.000000e+00
-19.9049016136 0.000000e+00
-19.6519803733 0.000000e+00
-19.399059133 0.000000e+00
-19.1461378927 0.000000e+00
-18.8932166523 0.000000e+00
-18.640295412 0.000000e+00
-18.3873741717 0.000000e+00
-18.1344529314 0.000000e+00
-17.881531691 0.000000e+00
-17.6286104507 0.000000e+00
-17.3756892104 0.000000e+00
-17.1227679701 0.000000e+00
-16.8698467297 0.000000e+00
-16.6169254894 0.000000e+00
-16.3640042491 0.000000e+00
-16.1110830088 0.000000e+00
-15.8581617684 0.000000e+00
-15.6052405281 0.000000e+00
-15.3523192878 0.000000e+00
-15.0993980474 0.000000e+00
-14.8464768071 0.000000e+00
-14.5935555668 0.000000e+00
-14.3406343265 0.000000e+00
-14.0877130861 0.000000e+00
-13.8347918458 0.000000e+00
-13.5818706055 0.000000e+00
-13.3289493652 0.000000e+00
-13.0760281248 0.000000e+00
-12.8231068845 0.000000e+00
-12.5701856442 0.000000e+00
-12.3172644039 0.000000e+00
-12.0643431635 0.000000e+00
-11.8114219232 0.000000e+00
-11.5585006829 0.000000e+00
-11.3055794426 0.000000e+00
-11.0526582022 0.000000e+00
-10.7997369619 0.000000e+00
-10.5468157216 0.000000e+00
-10.2938944813 0.000000e+00
-10.0409732409 0.000000e+00
-9.78805200061 0.000000e+00
-9.53513076028 0.000000e+00
-9.28220951996 0.000000e+00
-9.02928827963 0.000000e+00
-8.7763670393 0.000000e+00
-8.52344579898 0.000000e+00
-8.27052455865 0.000000e+00
-8.01760331833 0.000000e+00
-7.764682078 0.000000e+00
-7.51176083768 0.000000e+00
-7.25883959735 0.000000e+00
-7.00591835702 0.000000e+00
-6.7529971167 0.000000e+00
-6.50007587637 0.000000e+00
-6.24715463605 0.000000e+00
-5.99423339572 0.000000e+00
-5.74131215539 0.000000e+00
-5.48839091507 0.000000e+00
-5.23546967474 0.000000e+00
-4.98254843442 0.000000e+00
-4.72962719409 0.000000e+00
-4.47670595377 0.000000e+00
-4.22378471344 0.000000e+00
-3.97086347311 3.836717e-01
-3.71794223279 4.002235e-01
-3.46502099246 0.000000e+00
-3.21209975214 0.000000e+00
-2.95917851181 3.332553e-01
-2.70625727149 0.000000e+00
-2.45333603116 0.000000e+00
-2.20041479083 0.000000e+00
-1.94749355051 0.000000e+00
-1.69457231018 3.624486e-01
-1.44165106986 4.266261e-01
-1.18872982953 0.000000e+00
-0.935808589205 3.470004e-01
-0.68288734888 0.000000e+00
-0.429966108554 0.000000e+00
-0.177044868228 0.000000e+00
0.0758763720977 4.821498e-01
0.328797612423 7.952530e-01
0.581718852749 3.509612e-01
0.834640093075 5.611953e-01
1.0875613334 7.203577e-01
1.34048257373 0.000000e+00
1.59340381405 6.061659e-01
1.84632505438 0.000000e+00
2.0992462947 4.987554e-01
2.35216753503 4.110215e-01
2.60508877536 0.000000e+00
2.85801001568 6.280082e-01
3.11093125601 5.102233e-01
3.36385249633 3.510650e-01
3.61677373666 0.000000e+00
3.86969497698 0.000000e+00
4.12261621731 0.000000e+00
4.37553745764 0.000000e+00
4.62845869796 4.551103e-01
4.88137993829 4.198684e-01
5.13430117861 0.000000e+00
5.38722241894 0.000000e+00
5.64014365926 4.230286e-01
5.89306489959 4.245904e-01
6.14598613992 3.829126e-01
6.39890738024 0.000000e+00
6.65182862057 0.000000e+00
6.90474986089 4.317889e-01
7.15767110122 0.000000e+00
7.41059234154 4.516190e-01
7.66351358187 0.000000e+00
7.9164348222 0.000000e+00
8.16935606252 3.257559e-01
8.42227730285 0.000000e+00
8.67519854317 0.000000e+00
8.9281197835 0.000000e+00
9.18104102383 0.000000e+00
9.43396226415 0.000000e+00
9.68688350448 0.000000e+00
9.9398047448 0.000000e+00
10.1927259851 0.000000e+00
10.4456472255 0.000000e+00
10.6985684658 0.000000e+00
10.9514897061 0.000000e+00
11.2044109464 0.000000e+00
11.4573321868 0.000000e+00
11.7102534271 0.000000e+00
11.9631746674 0.000000e+00
12.2160959077 0.000000e+00
12.4690171481 0.000000e+00
12.7219383884 0.000000e+00
12.9748596287 0.000000e+00
13.227780869 0.000000e+00
13.4807021094 0.000000e+00
13.7336233497 0.000000e+00
13.98654459 3.350198e-01
14.2394658303 5.176248e-01
14.4923870707 3.353096e-01
14.745308311 4.344697e-01
14.9982295513 4.714024e-01
15.2511507916 7.367771e-01
15.504072032 5.182109e-01
15.7569932723 8.723753e-01
16.0099145126 7.537622e-01
16.2628357529 9.725439e-01
16.5157569933 6.211095e-01
16.7686782336 8.456232e-01
17.0215994739 6.763397e-01
17.2745207142 6.457549e-01
17.5274419546 5.514577e-01
17.7803631949 1.000000e+00
18.0332844352 8.234051e-01
18.2862056756 9.660916e-01
18.5391269159 5.225540e-01
18.7920481562 5.314582e-01
19.0449693965 0.000000e+00
19.2978906369 0.000000e+00
19.5508118772 0.000000e+00
19.8037331175 0.000000e+00
20.0566543578 0.000000e+00
20.3095755982 3.771115e-01
20.5624968385 5.094755e-01
20.8154180788 5.108084e-01
21.0683393191 3.863935e-01
21.3212605595 0.000000e+00
21.5741817998 3.280584e-01
21.8271030401 4.529176e-01
22.0800242804 4.259920e-01
22.3329455208 4.382330e-01
22.5858667611 5.693089e-01
22.8387880014 4.291797e-01
23.0917092417 0.000000e+00
23.3446304821 0.000000e+00
23.5975517224 0.000000e+00
23.8504729627 0.000000e+00
24.103394203 3.023708e-01
24.3563154434 0.000000e+00
24.6092366837 0.000000e+00
24.862157924 0.000000e+00
25.1150791643 0.000000e+00
25.3680004047 0.000000e+00
25.620921645 0.000000e+00
25.8738428853 0.000000e+00
26.1267641257 0.000000e+00
26.379685366 0.000000e+00
26.6326066063 0.000000e+00
26.8855278466 0.000000e+00
27.138449087 0.000000e+00
27.3913703273 0.000000e+00
27.6442915676 0.000000e+00
27.8972128079 0.000000e+00
28.1501340483 0.000000e+00
28.4030552886 0.000000e+00
28.6559765289 0.000000e+00
28.9088977692 0.000000e+00
29.1618190096 0.000000e+00
29.4147402499 0.000000e+00
29.6676614902 0.000000e+00
29.9205827305 0.000000e+00
30.1735039709 0.000000e+00
30.4264252112 0.000000e+00
30.6793464515 0.000000e+00
30.9322676918 0.000000e+00
31.1851889322 0.000000e+00
31.4381101725 0.000000e+00
31.6910314128 0.000000e+00
31.9439526531 0.000000e+00
32.1968738935 0.000000e+00
32.4497951338 0.000000e+00
32.7027163741 0.000000e+00
32.9556376144 0.000000e+00
33.2085588548 0.000000e+00
33.4614800951 0.000000e+00
33.7144013354 0.000000e+00
33.9673225757 0.000000e+00
34.2202438161 0.000000e+00
34.4731650564 0.000000e+00
34.7260862967 0.000000e+00
34.9790075371 0.000000e+00
35.2319287774 0.000000e+00
35.4848500177 0.000000e+00
35.737771258 0.000000e+00
35.9906924984 0.000000e+00
36.2436137387 0.000000e+00
36.496534979 0.000000e+00
36.7494562193 0.000000e+00
37.0023774597 0.000000e+00
37.2552987 0.000000e+00
37.5082199403 0.000000e+00
37.7611411806 0.000000e+00
38.014062421 0.000000e+00
38.2669836613 0.000000e+00
38.5199049016 0.000000e+00
38.7728261419 0.000000e+00
39.0257473823 0.000000e+00
39.2786686226 0.000000e+00
39.5315898629 0.000000e+00
39.7845111032 0.000000e+00
40.0374323436 0.000000e+00
40.2903535839 0.000000e+00
40.5432748242 0.000000e+00
40.7961960645 0.000000e+00
41.0491173049 0.000000e+00
41.3020385452 0.000000e+00
41.5549597855 0.000000e+00
41.8078810258 0.000000e+00
42.0608022662 0.000000e+00
42.3137235065 0.000000e+00
42.5666447468 0.000000e+00
42.8195659872 0.000000e+00
43.0724872275 0.000000e+00
43.3254084678 0.000000e+00
43.5783297081 0.000000e+00
43.8312509485 0.000000e+00
44.0841721888 0.000000e+00
44.3370934291 0.000000e+00
44.5900146694 0.000000e+00
44.8429359098 0.000000e+00
45.0958571501 0.000000e+00
45.3487783904 0.000000e+00
45.6016996307 0.000000e+00
45.8546208711 0.000000e+00
46.1075421114 0.000000e+00
46.3604633517 0.000000e+00
46.613384592 0.000000e+00
46.8663058324 0.000000e+00
47.1192270727 0.000000e+00
47.372148313 0.000000e+00
47.6250695533 0.000000e+00
47.8779907937 0.000000e+00
48.130912034 0.000000e+00
48.3838332743 0.000000e+00
48.6367545146 0.000000e+00
48.889675755 0.000000e+00
49.1425969953 0.000000e+00
49.3955182356 0.000000e+00
49.6484394759 0.000000e+00
49.9013607163 0.000000e+00
50.1542819566 0.000000e+00
50.4072031969 0.000000e+00
50.6601244373 0.000000e+00
50.9130456776 0.000000e+00
51.1659669179 0.000000e+00
51.4188881582 0.000000e+00
51.6718093986 0.000000e+00
51.9247306389 0.000000e+00
52.1776518792 0.000000e+00
52.4305731195 0.000000e+00
52.6834943599 0.000000e+00
52.9364156002 0.000000e+00
53.1893368405 0.000000e+00
53.4422580808 0.000000e+00
53.6951793212 0.000000e+00
53.9481005615 0.000000e+00
54.2010218018 0.000000e+00
54.4539430421 0.000000e+00
54.7068642825 0.000000e+00
54.9597855228 0.000000e+00
55.2127067631 0.000000e+00
55.4656280034 0.000000e+00
55.7185492438 0.000000e+00
55.9714704841 0.000000e+00
56.2243917244 0.000000e+00
56.4773129647 0.000000e+00
56.7302342051 0.000000e+00
56.9831554454 0.000000e+00
57.2360766857 0.000000e+00
57.488997926 0.000000e+00
57.7419191664 0.000000e+00
57.9948404067 0.000000e+00
58.247761647 0.000000e+00
58.5006828873 0.000000e+00
58.7536041277 0.000000e+00
59.006525368 0.000000e+00
59.2594466083 0.000000e+00
59.5123678487 0.000000e+00
59.765289089 0.000000e+00
60.0182103293 0.000000e+00
60.2711315696 0.000000e+00
60.52405281 0.000000e+00
60.7769740503 0.000000e+00
61.0298952906 0.000000e+00
61.2828165309 0.000000e+00
61.5357377713 0.000000e+00
61.7886590116 0.000000e+00
62.0415802519 0.000000e+00
62.2945014922 0.000000e+00
62.5474227326 0.000000e+00
62.8003439729 0.000000e+00
63.0532652132 0.000000e+00
63.3061864535 0.000000e+00
63.5591076939 0.000000e+00
63.8120289342 0.000000e+00
64.0649501745 0.000000e+00
64.3178714148 0.000000e+00
64.5707926552 0.000000e+00
64.8237138955 0.000000e+00
65.0766351358 0.000000e+00
65.3295563761 0.000000e+00
65.5824776165 0.000000e+00
65.8353988568 0.000000e+00
66.0883200971 0.000000e+00
66.3412413374 0.000000e+00
66.5941625778 0.000000e+00
66.8470838181 0.000000e+00
67.1000050584 0.000000e+00
67.3529262988 0.000000e+00
67.6058475391 0.000000e+00
67.8587687794 0.000000e+00
68.1116900197 0.000000e+00
68.3646112601 0.000000e+00
68.6175325004 0.000000e+00
68.8704537407 0.000000e+00
69.123374981 0.000000e+00
69.3762962214 0.000000e+00
69.6292174617 0.000000e+00
69.882138702 0.000000e+00
70.1350599423 0.000000e+00
70.3879811827 0.000000e+00
70.640902423 0.000000e+00
70.8938236633 0.000000e+00
71.1467449036 0.000000e+00
71.399666144 0.000000e+00
71.6525873843 0.000000e+00
71.9055086246 0.000000e+00
72.1584298649 0.000000e+00
72.4113511053 0.000000e+00
72.6642723456 0.000000e+00
72.9171935859 0.000000e+00
73.1701148262 0.000000e+00
73.4230360666 0.000000e+00
73.6759573069 0.000000e+00
73.9288785472 0.000000e+00
74.1817997875 0.000000e+00
74.4347210279 0.000000e+00
74.6876422682 0.000000e+00
74.9405635085 0.000000e+00
75.1934847488 0.000000e+00
75.4464059892 0.000000e+00
75.6993272295 0.000000e+00
75.9522484698 0.000000e+00
76.2051697102 0.000000e+00
76.4580909505 0.000000e+00
106.555718549 0.000000e+00
106.80863979 0.000000e+00
107.06156103 0.000000e+00
107.31448227 0.000000e+00
107.567403511 0.000000e+00
107.820324751 0.000000e+00
108.073245991 0.000000e+00
108.326167232 0.000000e+00
108.579088472 0.000000e+00
108.832009712 0.000000e+00
109.084930953 0.000000e+00
109.337852193 0.000000e+00
109.590773433 0.000000e+00
109.843694673 0.000000e+00
110.096615914 0.000000e+00
110.349537154 0.000000e+00
110.602458394 0.000000e+00
110.855379635 0.000000e+00
111.108300875 0.000000e+00
111.361222115 0.000000e+00
111.614143356 0.000000e+00
111.867064596 0.000000e+00
112.119985836 0.000000e+00
112.372907077 0.000000e+00
112.625828317 0.000000e+00
112.878749557 0.000000e+00
113.131670798 0.000000e+00
113.384592038 0.000000e+00
113.637513278 0.000000e+00
113.890434519 0.000000e+00
114.143355759 0.000000e+00
114.396276999 0.000000e+00
114.64919824 0.000000e+00
114.90211948 0.000000e+00
115.15504072 0.000000e+00
115.407961961 0.000000e+00
115.660883201 0.000000e+00
115.913804441 0.000000e+00
116.166725682 0.000000e+00
116.419646922 0.000000e+00
116.672568162 0.000000e+00
116.925489403 0.000000e+00
117.178410643 0.000000e+00
117.431331883 0.000000e+00
117.684253124 0.000000e+00
117.937174364 0.000000e+00
118.190095604 0.000000e+00
118.443016845 0.000000e+00
118.695938085 0.000000e+00
118.948859325 0.000000e+00
119.201780566 0.000000e+00
119.454701806 0.000000e+00
119.707623046 0.000000e+00
119.960544287 0.000000e+00
120.213465527 0.000000e+00
120.466386767 0.000000e+00
120.719308007 0.000000e+00
120.972229248 0.000000e+00
121.225150488 0.000000e+00
121.478071728 0.000000e+00
121.730992969 0.000000e+00
121.983914209 0.000000e+00
122.236835449 0.000000e+00
122.48975669 0.000000e+00
122.74267793 0.000000e+00
122.99559917 0.000000e+00
123.248520411 0.000000e+00
123.501441651 0.000000e+00
123.754362891 0.000000e+00
124.007284132 0.000000e+00
124.260205372 0.000000e+00
124.513126612 0.000000e+00
124.766047853 0.000000e+00
125.018969093 0.000000e+00
125.271890333 0.000000e+00
125.524811574 0.000000e+00
125.777732814 0.000000e+00
126.030654054 0.000000e+00
126.283575295 0.000000e+00
126.536496535 0.000000e+00
126.789417775 0.000000e+00
127.042339016 0.000000e+00
127.295260256 0.000000e+00
127.548181496 0.000000e+00
127.801102737 0.000000e+00
128.054023977 0.000000e+00
128.306945217 0.000000e+00
128.559866458 0.000000e+00
128.812787698 0.000000e+00
129.065708938 0.000000e+00
129.318630179 0.000000e+00
129.571551419 0.000000e+00
129.824472659 0.000000e+00
130.0773939 0.000000e+00
130.33031514 0.000000e+00
130.58323638 0.000000e+00
130.836157621 0.000000e+00
131.089078861 0.000000e+00
131.342000101 0.000000e+00
131.594921341 0.000000e+00
131.847842582 0.000000e+00
132.100763822 0.000000e+00
132.353685062 0.000000e+00
132.606606303 0.000000e+00
132.859527543 0.000000e+00
133.112448783 0.000000e+00
133.365370024 0.000000e+00
133.618291264 0.000000e+00
133.871212504 0.000000e+00
134.124133745 0.000000e+00
134.377054985 0.000000e+00
134.629976225 0.000000e+00
134.882897466 0.000000e+00
135.135818706 0.000000e+00
135.388739946 0.000000e+00
135.641661187 0.000000e+00
135.894582427 0.000000e+00
136.147503667 0.000000e+00
136.400424908 0.000000e+00
136.653346148 0.000000e+00
136.906267388 0.000000e+00
137.159188629 0.000000e+00
152.081541808 0.000000e+00
152.334463048 0.000000e+00
152.587384289 0.000000e+00
152.840305529 0.000000e+00
153.093226769 0.000000e+00
153.34614801 0.000000e+00
153.59906925 0.000000e+00
153.85199049 0.000000e+00
154.10491173 0.000000e+00
154.357832971 0.000000e+00
154.610754211 0.000000e+00
154.863675451 0.000000e+00
155.116596692 0.000000e+00
155.369517932 0.000000e+00
155.622439172 0.000000e+00
155.875360413 0.000000e+00
156.128281653 0.000000e+00
156.381202893 0.000000e+00
156.634124134 0.000000e+00
156.887045374 0.000000e+00
157.139966614 0.000000e+00
157.392887855 0.000000e+00
157.645809095 0.000000e+00
157.898730335 0.000000e+00
158.151651576 0.000000e+00
158.404572816 0.000000e+00
158.657494056 0.000000e+00
158.910415297 0.000000e+00
159.163336537 0.000000e+00
159.416257777 0.000000e+00
159.669179018 0.000000e+00
159.922100258 0.000000e+00
160.175021498 0.000000e+00
160.427942739 0.000000e+00
160.680863979 0.000000e+00
160.933785219 0.000000e+00
161.18670646 0.000000e+00
161.4396277 0.000000e+00
161.69254894 0.000000e+00
161.945470181 0.000000e+00
162.198391421 0.000000e+00
162.451312661 0.000000e+00
162.704233902 0.000000e+00
162.957155142 0.000000e+00
163.210076382 0.000000e+00
163.462997623 0.000000e+00
163.715918863 0.000000e+00
163.968840103 0.000000e+00
164.221761344 0.000000e+00
164.474682584 0.000000e+00
164.727603824 0.000000e+00
164.980525064 0.000000e+00
165.233446305 0.000000e+00
165.486367545 0.000000e+00
165.739288785 0.000000e+00
165.992210026 0.000000e+00
166.245131266 0.000000e+00
166.498052506 0.000000e+00
166.750973747 0.000000e+00
167.003894987 0.000000e+00
167.256816227 0.000000e+00
167.509737468 0.000000e+00
212.782639486 0.000000e+00
213.035560726 0.000000e+00
213.288481967 0.000000e+00
213.541403207 0.000000e+00
213.794324447 0.000000e+00
214.047245688 0.000000e+00
214.300166928 0.000000e+00
214.553088168 0.000000e+00
214.806009409 0.000000e+00
215.058930649 0.000000e+00
215.311851889 0.000000e+00
215.56477313 0.000000e+00
215.81769437 0.000000e+00
216.07061561 0.000000e+00
216.323536851 0.000000e+00
216.576458091 0.000000e+00
216.829379331 0.000000e+00
217.082300572 0.000000e+00
217.335221812 0.000000e+00
217.588143052 0.000000e+00
217.841064293 0.000000e+00
218.093985533 0.000000e+00
218.346906773 0.000000e+00
218.599828014 0.000000e+00
218.852749254 0.000000e+00
219.105670494 0.000000e+00
219.358591735 0.000000e+00
219.611512975 0.000000e+00
219.864434215 0.000000e+00
220.117355456 0.000000e+00
220.370276696 0.000000e+00
220.623197936 0.000000e+00
220.876119176 0.000000e+00
221.129040417 0.000000e+00
221.381961657 0.000000e+00
221.634882897 0.000000e+00
221.887804138 0.000000e+00
222.140725378 0.000000e+00
222.393646618 0.000000e+00
222.646567859 0.000000e+00
222.899489099 0.000000e+00
223.152410339 0.000000e+00
223.40533158 0.000000e+00
223.65825282 0.000000e+00
223.91117406 0.000000e+00
224.164095301 0.000000e+00
224.417016541 0.000000e+00
224.669937781 0.000000e+00
224.922859022 0.000000e+00
225.175780262 0.000000e+00
225.428701502 0.000000e+00
225.681622743 0.000000e+00
225.934543983 0.000000e+00
226.187465223 0.000000e+00
226.440386464 0.000000e+00
226.693307704 0.000000e+00
226.946228944 0.000000e+00
227.199150185 0.000000e+00
227.452071425 0.000000e+00
227.704992665 0.000000e+00
227.957913906 0.000000e+00
228.210835146 0.000000e+00
229.210835146 0.0
230.210835146 0.0
231.210835146 0.0
232.210835146 0.0
233.210835146 0.0
234.210835146 0.0
235.210835146 0.0
236.210835146 0.0
237.210835146 0.0
238.210835146 0.0
239.210835146 0.0
240.210835146 0.0
241.210835146 0.0
242.210835146 0.0
243.210835146 0.0
244.210835146 0.0
245.210835146 0.0
246.210835146 0.0
247.210835146 0.0
248.210835146 0.0
249.210835146 0.0
250.210835146 0.0
251.210835146 0.0
252.210835146 0.0
253.210835146 0.0
254.210835146 0.0
255.210835146 0.0
256.210835146 0.0
257.210835146 0.0
258.210835146 0.0
259.210835146 0.0
260.210835146 0.0
261.210835146 0.0
262.210835146 0.0
263.210835146 0.0
264.210835146 0.0
265.210835146 0.0
266.210835146 0.0
267.210835146 0.0
268.210835146 0.0
269.210835146 0.0
270.210835146 0.0
271.210835146 0.0
272.210835146 0.0
273.210835146 0.0
274.210835146 0.0
275.210835146 0.0
276.210835146 0.0
277.210835146 0.0
278.210835146 0.0
279.210835146 0.0
280.210835146 0.0
281.210835146 0.0
282.210835146 0.0
283.210835146 0.0
284.210835146 0.0
285.210835146 0.0
286.210835146 0.0
287.210835146 0.0
288.210835146 0.0
289.210835146 0.0
290.210835146 0.0
291.210835146 0.0
292.210835146 0.0
293.210835146 0.0
294.210835146 0.0
295.210835146 0.0
296.210835146 0.0
297.210835146 0.0
298.210835146 0.0
299.210835146 0.0
300.210835146 0.0
301.210835146 0.0
302.210835146 0.0
303.210835146 0.0
304.210835146 0.0
305.210835146 0.0
306.210835146 0.0
307.210835146 0.0
308.210835146 0.0
309.210835146 0.0
310.210835146 0.0
311.210835146 0.0
312.210835146 0.0
313.210835146 0.0
314.210835146 0.0
315.210835146 0.0
316.210835146 0.0
317.210835146 0.0
318.210835146 0.0
319.210835146 0.0
320.210835146 0.0
321.210835146 0.0
322.210835146 0.0
323.210835146 0.0
324.210835146 0.0
325.210835146 0.0
326.210835146 0.0
327.210835146 0.0
328.210835146 0.0
329.210835146 0.0
330.210835146 0.0
331.210835146 0.0
332.210835146 0.0
333.210835146 0.0
334.210835146 0.0
335.210835146 0.0
336.210835146 0.0
337.210835146 0.0
338.210835146 0.0
339.210835146 0.0
340.210835146 0.0
341.210835146 0.0
342.210835146 0.0
343.210835146 0.0
344.210835146 0.0
345.210835146 0.0
346.210835146 0.0
347.210835146 0.0
348.210835146 0.0
349.210835146 0.0
350.210835146 0.0
351.210835146 0.0
352.210835146 0.0
353.210835146 0.0
354.210835146 0.0
355.210835146 0.0
356.210835146 0.0
357.210835146 0.0
358.210835146 0.0
359.210835146 0.0
360.210835146 0.0
361.210835146 0.0
362.210835146 0.0
363.210835146 0.0
364.210835146 0.0
365.210835146 0.0
366.210835146 0.0
367.210835146 0.0
368.210835146 0.0
369.210835146 0.0
370.210835146 0.0
371.210835146 0.0
372.210835146 0.0
373.210835146 0.0
374.210835146 0.0
375.210835146 0.0
376.210835146 0.0
377.210835146 0.0
378.210835146 0.0
379.210835146 0.0
380.210835146 0.0
381.210835146 0.0
382.210835146 0.0
383.210835146 0.0
384.210835146 0.0
385.210835146 0.0
386.210835146 0.0
387.210835146 0.0
388.210835146 0.0
389.210835146 0.0
390.210835146 0.0
391.210835146 0.0
392.210835146 0.0
393.210835146 0.0
394.210835146 0.0
395.210835146 0.0
396.210835146 0.0
397.210835146 0.0
398.210835146 0.0
399.210835146 0.0
400.210835146 0.0
401.210835146 0.0
402.210835146 0.0
403.210835146 0.0
404.210835146 0.0
405.210835146 0.0
406.210835146 0.0
407.210835146 0.0
408.210835146 0.0
409.210835146 0.0
410.210835146 0.0
411.210835146 0.0
412.210835146 0.0
413.210835146 0.0
414.210835146 0.0
415.210835146 0.0
416.210835146 0.0
417.210835146 0.0
418.210835146 0.0
419.210835146 0.0
420.210835146 0.0
421.210835146 0.0
422.210835146 0.0
423.210835146 0.0
424.210835146 0.0
425.210835146 0.0
426.210835146 0.0
427.210835146 0.0
428.210835146 0.0
429.210835146 0.0
430.210835146 0.0
431.210835146 0.0
432.210835146 0.0
433.210835146 0.0
434.210835146 0.0
435.210835146 0.0
436.210835146 0.0
437.210835146 0.0
438.210835146 0.0
439.210835146 0.0
440.210835146 0.0
441.210835146 0.0
442.210835146 0.0
443.210835146 0.0
444.210835146 0.0
445.210835146 0.0
446.210835146 0.0
447.210835146 0.0
448.210835146 0.0
449.210835146 0.0
450.210835146 0.0
451.210835146 0.0
452.210835146 0.0
453.210835146 0.0
454.210835146 0.0
455.210835146 0.0
456.210835146 0.0
457.210835146 0.0
458.210835146 0.0
459.210835146 0.0
460.210835146 0.0
461.210835146 0.0
462.210835146 0.0
463.210835146 0.0
464.210835146 0.0
465.210835146 0.0
466.210835146 0.0
467.210835146 0.0
468.210835146 0.0
469.210835146 0.0
470.210835146 0.0
471.210835146 0.0
472.210835146 0.0
473.210835146 0.0
474.210835146 0.0
475.210835146 0.0
476.210835146 0.0
477.210835146 0.0
478.210835146 0.0
479.210835146 0.0
480.210835146 0.0
481.210835146 0.0
482.210835146 0.0
483.210835146 0.0
484.210835146 0.0
485.210835146 0.0
486.210835146 0.0
487.210835146 0.0
488.210835146 0.0
489.210835146 0.0
490.210835146 0.0
491.210835146 0.0
492.210835146 0.0
493.210835146 0.0
494.210835146 0.0
495.210835146 0.0
496.210835146 0.0
497.210835146 0.0
498.210835146 0.0
499.210835146 0.0
500.210835146 0.0
501.210835146 0.0
502.210835146 0.0
503.210835146 0.0
504.210835146 0.0
505.210835146 0.0
506.210835146 0.0
507.210835146 0.0
508.210835146 0.0
509.210835146 0.0
510.210835146 0.0
511.210835146 0.0
512.210835146 0.0
513.210835146 0.0
514.210835146 0.0
515.210835146 0.0
516.210835146 0.0
517.210835146 0.0
518.210835146 0.0
519.210835146 0.0
520.210835146 0.0
521.210835146 0.0
522.210835146 0.0
523.210835146 0.0
524.210835146 0.0
525.210835146 0.0
526.210835146 0.0
527.210835146 0.0
528.210835146 0.0
529.210835146 0.0
530.210835146 0.0
531.210835146 0.0
532.210835146 0.0
533.210835146 0.0
534.210835146 0.0
535.210835146 0.0
536.210835146 0.0
537.210835146 0.0
538.210835146 0.0
539.210835146 0.0
540.210835146 0.0
541.210835146 0.0
542.210835146 0.0
543.210835146 0.0
544.210835146 0.0
545.210835146 0.0
546.210835146 0.0
547.210835146 0.0
548.210835146 0.0
549.210835146 0.0
550.210835146 0.0
551.210835146 0.0
552.210835146 0.0
553.210835146 0.0
554.210835146 0.0
555.210835146 0.0
556.210835146 0.0
557.210835146 0.0
558.210835146 0.0
559.210835146 0.0
560.210835146 0.0
561.210835146 0.0
562.210835146 0.0
563.210835146 0.0
564.210835146 0.0
565.210835146 0.0
566.210835146 0.0
567.210835146 0.0
568.210835146 0.0
569.210835146 0.0
570.210835146 0.0
571.210835146 0.0
572.210835146 0.0
573.210835146 0.0
574.210835146 0.0
575.210835146 0.0
576.210835146 0.0
577.210835146 0.0
578.210835146 0.0
579.210835146 0.0
580.210835146 0.0
581.210835146 0.0
582.210835146 0.0
583.210835146 0.0
584.210835146 0.0
585.210835146 0.0
586.210835146 0.0
587.210835146 0.0
588.210835146 0.0
589.210835146 0.0
590.210835146 0.0
591.210835146 0.0
592.210835146 0.0
593.210835146 0.0
594.210835146 0.0
595.210835146 0.0
596.210835146 0.0
597.210835146 0.0
598.210835146 0.0
599.210835146 0.0
600.210835146 0.0
601.210835146 0.0
602.210835146 0.0
603.210835146 0.0
604.210835146 0.0
605.210835146 0.0
606.210835146 0.0
607.210835146 0.0
608.210835146 0.0
609.210835146 0.0
610.210835146 0.0
611.210835146 0.0
612.210835146 0.0
613.210835146 0.0
614.210835146 0.0
615.210835146 0.0
616.210835146 0.0
617.210835146 0.0
618.210835146 0.0
619.210835146 0.0
620.210835146 0.0
621.210835146 0.0
622.210835146 0.0
623.210835146 0.0
624.210835146 0.0
625.210835146 0.0
626.210835146 0.0
627.210835146 0.0
628.210835146 0.0
629.210835146 0.0
630.210835146 0.0
631.210835146 0.0
632.210835146 0.0
633.210835146 0.0
634.210835146 0.0
635.210835146 0.0
636.210835146 0.0
637.210835146 0.0
638.210835146 0.0
639.210835146 0.0
640.210835146 0.0
641.210835146 0.0
642.210835146 0.0
643.210835146 0.0
644.210835146 0.0
645.210835146 0.0
646.210835146 0.0
647.210835146 0.0
648.210835146 0.0
649.210835146 0.0
650.210835146 0.0
651.210835146 0.0
652.210835146 0.0
653.210835146 0.0
654.210835146 0.0
655.210835146 0.0
656.210835146 0.0
657.210835146 0.0
658.210835146 0.0
659.210835146 0.0
660.210835146 0.0
661.210835146 0.0
662.210835146 0.0
663.210835146 0.0
664.210835146 0.0
665.210835146 0.0
666.210835146 0.0
667.210835146 0.0
668.210835146 0.0
669.210835146 0.0
670.210835146 0.0
671.210835146 0.0
672.210835146 0.0
673.210835146 0.0
674.210835146 0.0
675.210835146 0.0
676.210835146 0.0
677.210835146 0.0
678.210835146 0.0
679.210835146 0.0
680.210835146 0.0
681.210835146 0.0
682.210835146 0.0
683.210835146 0.0
684.210835146 0.0
685.210835146 0.0
686.210835146 0.0
687.210835146 0.0
688.210835146 0.0
689.210835146 0.0
690.210835146 0.0
691.210835146 0.0
692.210835146 0.0
693.210835146 0.0
694.210835146 0.0
695.210835146 0.0
696.210835146 0.0
697.210835146 0.0
698.210835146 0.0
699.210835146 0.0
700.210835146 0.0
701.210835146 0.0
702.210835146 0.0
703.210835146 0.0
704.210835146 0.0
705.210835146 0.0
706.210835146 0.0
707.210835146 0.0
708.210835146 0.0
709.210835146 0.0
710.210835146 0.0
711.210835146 0.0
712.210835146 0.0
713.210835146 0.0
714.210835146 0.0
715.210835146 0.0
716.210835146 0.0
717.210835146 0.0
718.210835146 0.0
719.210835146 0.0
720.210835146 0.0
721.210835146 0.0
722.210835146 0.0
723.210835146 0.0
724.210835146 0.0
725.210835146 0.0
726.210835146 0.0
727.210835146 0.0
728.210835146 0.0
