-551.603956974 0.0
-550.603956974 0.0
-549.603956974 0.0
-548.603956974 0.0
-547.603956974 0.0
-546.603956974 0.0
-545.603956974 0.0
-544.603956974 0.0
-543.603956974 0.0
-542.603956974 0.0
-541.603956974 0.0
-540.603956974 0.0
-539.603956974 0.0
-538.603956974 0.0
-537.603956974 0.0
-536.603956974 0.0
-535.603956974 0.0
-534.603956974 0.0
-533.603956974 0.0
-532.603956974 0.0
-531.603956974 0.0
-530.603956974 0.0
-529.603956974 0.0
-528.603956974 0.0
-527.603956974 0.0
-526.603956974 0.0
-525.603956974 0.0
-524.603956974 0.0
-523.603956974 0.0
-522.603956974 0.0
-521.603956974 0.0
-520.603956974 0.0
-519.603956974 0.0
-518.603956974 0.0
-517.603956974 0.0
-516.603956974 0.0
-515.603956974 0.0
-514.603956974 0.0
-513.603956974 0.0
-512.603956974 0.0
-511.603956974 0.0
-510.603956974 0.0
-509.603956974 0.0
-508.603956974 0.0
-507.603956974 0.0
-506.603956974 0.0
-505.603956974 0.0
-504.603956974 0.0
-503.603956974 0.0
-502.603956974 0.0
-501.603956974 0.0
-500.603956974 0.0
-499.603956974 0.0
-498.603956974 0.0
-497.603956974 0.0
-496.603956974 0.0
-495.603956974 0.0
-494.603956974 0.0
-493.603956974 0.0
-492.603956974 0.0
-491.603956974 0.0
-490.603956974 0.0
-489.603956974 0.0
-488.603956974 0.0
-487.603956974 0.0
-486.603956974 0.0
-485.603956974 0.0
-484.603956974 0.0
-483.603956974 0.0
-482.603956974 0.0
-481.603956974 0.0
-480.603956974 0.0
-479.603956974 0.0
-478.603956974 0.0
-477.603956974 0.0
-476.603956974 0.0
-475.603956974 0.0
-474.603956974 0.0
-473.603956974 0.0
-472.603956974 0.0
-471.603956974 0.0
-470.603956974 0.0
-469.603956974 0.0
-468.603956974 0.0
-467.603956974 0.0
-466.603956974 0.0
-465.603956974 0.0
-464.603956974 0.0
-463.603956974 0.0
-462.603956974 0.0
-461.603956974 0.0
-460.603956974 0.0
-459.603956974 0.0
-458.603956974 0.0
-457.603956974 0.0
-456.603956974 0.0
-455.603956974 0.0
-454.603956974 0.0
-453.603956974 0.0
-452.603956974 0.0
-451.603956974 0.0
-450.603956974 0.0
-449.603956974 0.0
-448.603956974 0.0
-447.603956974 0.0
-446.603956974 0.0
-445.603956974 0.0
-444.603956974 0.0
-443.603956974 0.0
-442.603956974 0.0
-441.603956974 0.0
-440.603956974 0.0
-439.603956974 0.0
-438.603956974 0.0
-437.603956974 0.0
-436.603956974 0.0
-435.603956974 0.0
-434.603956974 0.0
-433.603956974 0.0
-432.603956974 0.0
-431.603956974 0.0
-430.603956974 0.0
-429.603956974 0.0
-428.603956974 0.0
-427.603956974 0.0
-426.603956974 0.0
-425.603956974 0.0
-424.603956974 0.0
-423.603956974 0.0
-422.603956974 0.0
-421.603956974 0.0
-420.603956974 0.0
-419.603956974 0.0
-418.603956974 0.0
-417.603956974 0.0
-416.603956974 0.0
-415.603956974 0.0
-414.603956974 0.0
-413.603956974 0.0
-412.603956974 0.0
-411.603956974 0.0
-410.603956974 0.0
-409.603956974 0.0
-408.603956974 0.0
-407.603956974 0.0
-406.603956974 0.0
-405.603956974 0.0
-404.603956974 0.0
-403.603956974 0.0
-402.603956974 0.0
-401.603956974 0.0
-400.603956974 0.0
-399.603956974 0.0
-398.603956974 0.0
-397.603956974 0.0
-396.603956974 0.0
-395.603956974 0.0
-394.603956974 0.0
-393.603956974 0.0
-392.603956974 0.0
-391.603956974 0.0
-390.603956974 0.0
-389.603956974 0.0
-388.603956974 0.0
-387.603956974 0.0
-386.603956974 0.0
-385.603956974 0.0
-384.603956974 0.0
-383.603956974 0.0
-382.603956974 0.0
-381.603956974 0.0
-380.603956974 0.0
-379.603956974 0.0
-378.603956974 0.0
-377.603956974 0.0
-376.603956974 0.0
-375.603956974 0.0
-374.603956974 0.0
-373.603956974 0.0
-372.603956974 0.0
-371.603956974 0.0
-370.603956974 0.0
-369.603956974 0.0
-368.603956974 0.0
-367.603956974 0.0
-366.603956974 0.0
-365.603956974 0.0
-364.603956974 0.0
-363.603956974 0.0
-362.603956974 0.0
-361.603956974 0.0
-360.603956974 0.0
-359.603956974 0.0
-358.603956974 0.0
-357.603956974 0.0
-356.603956974 0.0
-355.603956974 0.0
-354.603956974 0.0
-353.603956974 0.0
-352.603956974 0.0
-351.603956974 0.0
-350.603956974 0.0
-349.603956974 0.0
-348.603956974 0.0
-347.603956974 0.0
-346.603956974 0.0
-345.603956974 0.0
-344.603956974 0.0
-343.603956974 0.0
-342.603956974 0.0
-341.603956974 0.0
-340.603956974 0.0
-339.603956974 0.0
-338.603956974 0.0
-337.603956974 0.0
-336.603956974 0.0
-335.603956974 0.0
-334.603956974 0.0
-333.603956974 0.0
-332.603956974 0.0
-331.603956974 0.0
-330.603956974 0.0
-329.603956974 0.0
-328.603956974 0.0
-327.603956974 0.0
-326.603956974 0.0
-325.603956974 0.0
-324.603956974 0.0
-323.603956974 0.0
-322.603956974 0.0
-321.603956974 0.0
-320.603956974 0.0
-319.603956974 0.0
-318.603956974 0.0
-317.603956974 0.0
-316.603956974 0.0
-315.603956974 0.0
-314.603956974 0.0
-313.603956974 0.0
-312.603956974 0.0
-311.603956974 0.0
-310.603956974 0.0
-309.603956974 0.0
-308.603956974 0.0
-307.603956974 0.0
-306.603956974 0.0
-305.603956974 0.0
-304.603956974 0.0
-303.603956974 0.0
-302.603956974 0.0
-301.603956974 0.0
-300.603956974 0.0
-299.603956974 0.0
-298.603956974 0.0
-297.603956974 0.0
-296.603956974 0.0
-295.603956974 0.0
-294.603956974 0.0
-293.603956974 0.0
-292.603956974 0.0
-291.603956974 0.0
-290.603956974 0.0
-289.603956974 0.0
-288.603956974 0.0
-287.603956974 0.0
-286.603956974 0.0
-285.603956974 0.0
-284.603956974 0.0
-283.603956974 0.0
-282.603956974 0.0
-281.603956974 0.0
-280.603956974 0.0
-279.603956974 0.0
-278.603956974 0.0
-277.603956974 0.0
-276.603956974 0.0
-275.603956974 0.0
-274.603956974 0.0
-273.603956974 0.0
-272.603956974 0.0
-271.603956974 0.0
-270.603956974 0.0
-269.603956974 0.0
-268.603956974 0.0
-267.603956974 0.0
-266.603956974 0.0
-265.603956974 0.0
-264.603956974 0.0
-263.603956974 0.0
-262.603956974 0.0
-261.603956974 0.0
-260.603956974 0.0
-259.603956974 0.0
-258.603956974 0.0
-257.603956974 0.0
-256.603956974 0.0
-255.603956974 0.0
-254.603956974 0.0
-253.603956974 0.0
-252.603956974 0.0
-251.603956974 0.0
-250.603956974 0.0
-249.603956974 0.0
-248.603956974 0.0
-247.603956974 0.0
-246.603956974 0.0
-245.603956974 0.0
-244.603956974 0.0
-243.603956974 0.0
-242.603956974 0.0
-241.603956974 0.0
-240.603956974 0.0
-239.603956974 0.0
-238.603956974 0.0
-237.603956974 0.0
-236.603956974 0.0
-235.603956974 0.0
-234.603956974 0.0
-233.603956974 0.0
-232.603956974 0.0
-231.603956974 0.0
-230.603956974 0.0
-229.603956974 0.0
-228.603956974 0.0
-227.603956974 0.0
-226.603956974 0.0
-225.603956974 0.0
-224.603956974 0.0
-223.603956974 0.0
-222.603956974 0.0
-221.603956974 0.0
-220.603956974 0.0
-219.603956974 0.0
-218.603956974 0.0
-217.603956974 0.0
-216.603956974 0.0
-215.603956974 0.0
-214.603956974 0.0
-213.603956974 0.0
-212.603956974 0.0
-211.603956974 0.0
-210.603956974 0.0
-209.603956974 0.0
-208.603956974 0.0
-207.603956974 0.0
-206.603956974 0.0
-205.603956974 0.0
-204.603956974 0.0
-203.603956974 0.0
-202.603956974 0.0
-201.603956974 0.0
-200.603956974 0.0
-199.603956974 0.0
-198.603956974 0.0
-197.603956974 0.0
-196.603956974 0.0
-195.603956974 0.0
-194.603956974 0.0
-193.603956974 0.0
-192.603956974 0.0
-191.603956974 0.0
-190.603956974 0.0
-189.603956974 0.0
-188.603956974 0.0
-187.603956974 0.0
-186.603956974 0.0
-185.603956974 0.0
-184.603956974 0.0
-183.603956974 0.0
-182.603956974 0.0
-181.603956974 0.0
-180.603956974 0.0
-179.603956974 0.0
-178.603956974 0.0
-177.603956974 0.0
-176.603956974 0.0
-175.603956974 0.0
-174.603956974 0.0
-173.603956974 0.0
-172.603956974 0.0
-171.603956974 0.0
-170.603956974 0.0
-169.603956974 0.0
-168.603956974 0.0
-167.603956974 0.0
-166.603956974 0.0
-165.603956974 0.0
-164.603956974 0.0
-163.603956974 0.0
-162.603956974 0.0
-161.603956974 0.0
-160.603956974 0.0
-159.603956974 0.0
-158.603956974 0.0
-157.603956974 0.0
-156.603956974 0.0
-155.603956974 0.0
-154.603956974 0.0
-153.603956974 0.0
-152.603956974 0.0
-151.603956974 0.0
-150.603956974 0.0
-149.603956974 0.0
-148.603956974 0.0
-147.603956974 0.0
-146.603956974 0.0
-145.603956974 0.0
-144.603956974 0.0
-143.603956974 0.0
-142.603956974 0.0
-141.603956974 0.0
-140.603956974 0.0
-139.603956974 0.0
-138.603956974 0.0
-137.603956974 0.0
-136.603956974 0.0
-135.603956974 0.0
-134.603956974 0.0
-133.603956974 0.0
-132.603956974 0.0
-131.603956974 0.0
-130.603956974 0.0
-129.603956974 0.0
-128.603956974 0.0
-127.603956974 0.0
-126.603956974 0.0
-125.603956974 0.0
-124.603956974 0.0
-123.603956974 0.0
-122.603956974 0.0
-121.603956974 0.0
-120.603956974 0.0
-119.603956974 0.0
-118.603956974 0.0
-117.603956974 0.0
-116.603956974 0.0
-115.603956974 0.0
-114.603956974 0.0
-113.603956974 0.0
-112.603956974 0.0
-111.603956974 0.0
-110.603956974 0.0
-109.603956974 0.0
-108.603956974 0.0
-107.603956974 0.0
-106.603956974 0.0
-105.603956974 0.0
-104.603956974 0.0
-103.603956974 0.0
-102.603956974 0.0
-101.603956974 0.0
-100.603956974 0.0
-99.6039569744 0.0
-98.6039569744 0.0
-97.6039569744 0.0
-96.6039569744 0.0
-95.6039569744 0.0
-94.6039569744 0.0
-93.6039569744 0.0
-92.6039569744 0.0
-91.6039569744 0.0
-90.6039569744 0.0
-89.6039569744 0.0
-88.6039569744 0.0
-87.6039569744 0.0
-86.6039569744 0.0
-85.6039569744 0.0
-84.6039569744 0.0
-83.6039569744 0.0
-82.6039569744 0.0
-81.6039569744 0.0
-80.6039569744 0.0
-79.6039569744 0.0
-78.6039569744 0.0
-77.6039569744 0.0
-76.6039569744 0.0
-75.6039569744 0.0
-74.6039569744 0.0
-73.6039569744 0.0
-72.6039569744 0.0
-71.6039569744 0.0
-70.6039569744 0.0
-69.6039569744 0.0
-68.6039569744 0.0
-67.6039569744 0.0
-66.6039569744 0.0
-65.6039569744 0.0
-64.6039569744 0.0
-63.6039569744 0.0
-62.6039569744 0.0
-61.6039569744 0.0
-60.6039569744 0.0
-59.6039569744 0.0
-58.6039569744 0.0
-57.6039569744 0.0
-56.6039569744 0.0
-55.6039569744 0.0
-54.6039569744 0.0
-53.6039569744 0.0
-52.6039569744 0.0
-51.6039569744 0.000000e+00
-51.3879649229 0.000000e+00
-51.1719728714 0.000000e+00
-50.9559808199 0.000000e+00
-50.7399887684 0.000000e+00
-50.5239967169 0.000000e+00
-50.3080046654 0.000000e+00
-50.0920126139 0.000000e+00
-49.8760205624 0.000000e+00
-49.660028511 0.000000e+00
-49.4440364595 0.000000e+00
-49.228044408 0.000000e+00
-49.0120523565 0.000000e+00
-48.796060305 0.000000e+00
-48.5800682535 0.000000e+00
-48.364076202 0.000000e+00
-48.1480841505 0.000000e+00
-47.932092099 0.000000e+00
-47.7161000475 0.000000e+00
-47.500107996 0.000000e+00
-47.2841159445 0.000000e+00
-47.068123893 0.000000e+00
-46.8521318415 0.000000e+00
-46.6361397901 0.000000e+00
-46.4201477386 0.000000e+00
-46.2041556871 0.000000e+00
-45.9881636356 0.000000e+00
-45.7721715841 0.000000e+00
-45.5561795326 0.000000e+00
-45.3401874811 0.000000e+00
-45.1241954296 0.000000e+00
-44.9082033781 0.000000e+00
-44.6922113266 0.000000e+00
-44.4762192751 0.000000e+00
-44.2602272236 0.000000e+00
-44.0442351721 0.000000e+00
-43.8282431207 0.000000e+00
-43.6122510692 0.000000e+00
-43.3962590177 0.000000e+00
-43.1802669662 0.000000e+00
-42.9642749147 0.000000e+00
-42.7482828632 0.000000e+00
-42.5322908117 0.000000e+00
-42.3162987602 0.000000e+00
-42.1003067087 0.000000e+00
-41.8843146572 0.000000e+00
-41.6683226057 0.000000e+00
-41.4523305542 0.000000e+00
-41.2363385027 0.000000e+00
-41.0203464513 0.000000e+00
-40.8043543998 0.000000e+00
-40.5883623483 0.000000e+00
-40.3723702968 0.000000e+00
-40.1563782453 0.000000e+00
-39.9403861938 0.000000e+00
-39.7243941423 0.000000e+00
-39.5084020908 0.000000e+00
-39.2924100393 0.000000e+00
-39.0764179878 0.000000e+00
-38.8604259363 0.000000e+00
-38.6444338848 0.000000e+00
-38.4284418333 0.000000e+00
-38.2124497818 0.000000e+00
-37.9964577304 0.000000e+00
-37.7804656789 0.000000e+00
-37.5644736274 0.000000e+00
-37.3484815759 0.000000e+00
-37.1324895244 0.000000e+00
-36.9164974729 0.000000e+00
-36.7005054214 0.000000e+00
-36.4845133699 0.000000e+00
-36.2685213184 0.000000e+00
-36.0525292669 0.000000e+00
-35.8365372154 0.000000e+00
-35.6205451639 0.000000e+00
-35.4045531124 0.000000e+00
-35.188561061 0.000000e+00
-34.9725690095 0.000000e+00
-34.756576958 0.000000e+00
-34.5405849065 0.000000e+00
-34.324592855 0.000000e+00
-34.1086008035 0.000000e+00
-33.892608752 0.000000e+00
-33.6766167005 0.000000e+00
-33.460624649 0.000000e+00
-33.2446325975 0.000000e+00
-33.028640546 0.000000e+00
-32.8126484945 0.000000e+00
-32.596656443 0.000000e+00
-32.3806643916 0.000000e+00
-32.1646723401 0.000000e+00
-31.9486802886 0.000000e+00
-31.7326882371 0.000000e+00
-31.5166961856 0.000000e+00
-31.3007041341 0.000000e+00
-31.0847120826 0.000000e+00
-30.8687200311 0.000000e+00
-30.6527279796 0.000000e+00
-30.4367359281 0.000000e+00
-30.2207438766 0.000000e+00
-30.0047518251 0.000000e+00
-29.7887597736 0.000000e+00
-29.5727677221 0.000000e+00
-29.3567756707 0.000000e+00
-29.1407836192 0.000000e+00
-28.9247915677 0.000000e+00
-28.7087995162 0.000000e+00
-28.4928074647 0.000000e+00
-28.2768154132 0.000000e+00
-28.0608233617 0.000000e+00
-27.8448313102 0.000000e+00
-27.6288392587 0.000000e+00
-27.4128472072 0.000000e+00
-27.1968551557 0.000000e+00
-26.9808631042 0.000000e+00
-26.7648710527 0.000000e+00
-26.5488790013 0.000000e+00
-26.3328869498 0.000000e+00
-26.1168948983 0.000000e+00
-25.9009028468 0.000000e+00
-25.6849107953 0.000000e+00
-25.4689187438 0.000000e+00
-25.2529266923 0.000000e+00
-25.0369346408 0.000000e+00
-24.8209425893 0.000000e+00
-24.6049505378 0.000000e+00
-24.3889584863 0.000000e+00
-24.1729664348 0.000000e+00
-23.9569743833 0.000000e+00
-23.7409823319 0.000000e+00
-23.5249902804 0.000000e+00
-23.3089982289 0.000000e+00
-23.0930061774 0.000000e+00
-22.8770141259 0.000000e+00
-22.6610220744 0.000000e+00
-22.4450300229 0.000000e+00
-22.2290379714 0.000000e+00
-22.0130459199 0.000000e+00
-21.7970538684 0.000000e+00
-21.5810618169 0.000000e+00
-21.3650697654 0.000000e+00
-21.1490777139 0.000000e+00
-20.9330856624 0.000000e+00
-20.717093611 0.000000e+00
-20.5011015595 0.000000e+00
-20.285109508 0.000000e+00
-20.0691174565 0.000000e+00
-19.853125405 0.000000e+00
-19.6371333535 0.000000e+00
-19.421141302 0.000000e+00
-19.2051492505 0.000000e+00
-18.989157199 0.000000e+00
-18.7731651475 0.000000e+00
-18.557173096 0.000000e+00
-18.3411810445 0.000000e+00
-18.125188993 0.000000e+00
-17.9091969416 0.000000e+00
-17.6932048901 0.000000e+00
-17.4772128386 0.000000e+00
-17.2612207871 0.000000e+00
-17.0452287356 0.000000e+00
-16.8292366841 0.000000e+00
-16.6132446326 0.000000e+00
-16.3972525811 0.000000e+00
-16.1812605296 0.000000e+00
-15.9652684781 0.000000e+00
-15.7492764266 0.000000e+00
-15.5332843751 0.000000e+00
-15.3172923236 0.000000e+00
-15.1013002721 0.000000e+00
-14.8853082207 0.000000e+00
-14.6693161692 0.000000e+00
-14.4533241177 0.000000e+00
-14.2373320662 0.000000e+00
-14.0213400147 0.000000e+00
-13.8053479632 0.000000e+00
-13.5893559117 0.000000e+00
-13.3733638602 0.000000e+00
-13.1573718087 0.000000e+00
-12.9413797572 0.000000e+00
-12.7253877057 0.000000e+00
-12.5093956542 0.000000e+00
-12.2934036027 0.000000e+00
-12.0774115513 0.000000e+00
-11.8614194998 0.000000e+00
-11.6454274483 0.000000e+00
-11.4294353968 0.000000e+00
-11.2134433453 0.000000e+00
-10.9974512938 0.000000e+00
-10.7814592423 0.000000e+00
-10.5654671908 0.000000e+00
-10.3494751393 0.000000e+00
-10.1334830878 0.000000e+00
-9.91749103633 0.000000e+00
-9.70149898484 0.000000e+00
-9.48550693334 0.000000e+00
-9.26951488185 0.000000e+00
-9.05352283036 0.000000e+00
-8.83753077887 0.000000e+00
-8.62153872737 0.000000e+00
-8.40554667588 0.000000e+00
-8.18955462439 0.000000e+00
-7.9735625729 0.000000e+00
-7.7575705214 0.000000e+00
-7.54157846991 0.000000e+00
-7.32558641842 0.000000e+00
-7.10959436693 0.000000e+00
-6.89360231543 0.000000e+00
-6.67761026394 0.000000e+00
-6.46161821245 0.000000e+00
-6.24562616096 0.000000e+00
-6.02963410946 0.000000e+00
-5.81364205797 0.000000e+00
-5.59765000648 0.000000e+00
-5.38165795499 0.000000e+00
-5.16566590349 0.000000e+00
-4.949673852 0.000000e+00
-4.73368180051 0.000000e+00
-4.51768974902 0.000000e+00
-4.30169769752 0.000000e+00
-4.08570564603 0.000000e+00
-3.86971359454 0.000000e+00
-3.65372154305 0.000000e+00
-3.43772949155 0.000000e+00
-3.22173744006 0.000000e+00
-3.00574538857 0.000000e+00
-2.78975333708 0.000000e+00
-2.57376128558 0.000000e+00
-2.35776923409 0.000000e+00
-2.1417771826 0.000000e+00
-1.92578513111 0.000000e+00
-1.70979307961 0.000000e+00
-1.49380102812 0.000000e+00
-1.27780897663 3.626428e-01
-1.06181692514 5.393515e-01
-0.845824873645 7.968698e-01
-0.629832822152 6.336584e-01
-0.41384077066 5.542317e-01
-0.197848719167 8.453064e-01
0.0181433323254 8.304869e-01
0.234135383818 9.823797e-01
0.45012743531 1.000000e+00
0.666119486803 6.036768e-01
0.882111538295 8.654843e-01
1.09810358979 7.037732e-01
1.31409564128 9.939842e-01
1.53008769277 5.871963e-01
1.74607974427 4.492978e-01
1.96207179576 6.185486e-01
2.17806384725 4.366545e-01
2.39405589874 6.464579e-01
2.61004795024 3.322420e-01
2.82604000173 5.311922e-01
3.04203205322 5.182656e-01
3.25802410471 4.090960e-01
3.47401615621 0.000000e+00
3.6900082077 0.000000e+00
3.90600025919 0.000000e+00
4.12199231068 0.000000e+00
4.33798436218 0.000000e+00
4.55397641367 0.000000e+00
4.76996846516 0.000000e+00
4.98596051665 0.000000e+00
5.20195256815 0.000000e+00
5.41794461964 0.000000e+00
5.63393667113 0.000000e+00
5.84992872262 3.419128e-01
6.06592077412 0.000000e+00
6.28191282561 0.000000e+00
6.4979048771 0.000000e+00
6.71389692859 0.000000e+00
6.92988898009 0.000000e+00
7.14588103158 0.000000e+00
7.36187308307 0.000000e+00
7.57786513456 0.000000e+00
7.79385718606 0.000000e+00
8.00984923755 0.000000e+00
8.22584128904 0.000000e+00
8.44183334053 0.000000e+00
8.65782539203 0.000000e+00
8.87381744352 0.000000e+00
9.08980949501 0.000000e+00
9.3058015465 0.000000e+00
9.521793598 0.000000e+00
9.73778564949 0.000000e+00
9.95377770098 0.000000e+00
10.1697697525 0.000000e+00
10.385761804 0.000000e+00
10.6017538555 0.000000e+00
10.817745907 0.000000e+00
11.0337379584 0.000000e+00
11.2497300099 0.000000e+00
11.4657220614 0.000000e+00
11.6817141129 0.000000e+00
11.8977061644 0.000000e+00
12.1136982159 0.000000e+00
12.3296902674 0.000000e+00
12.5456823189 0.000000e+00
12.7616743704 0.000000e+00
12.9776664219 0.000000e+00
13.1936584734 0.000000e+00
13.4096505249 1.535014e-01
13.6256425764 0.000000e+00
13.8416346278 0.000000e+00
14.0576266793 0.000000e+00
14.2736187308 0.000000e+00
14.4896107823 0.000000e+00
14.7056028338 0.000000e+00
14.9215948853 0.000000e+00
15.1375869368 0.000000e+00
15.3535789883 0.000000e+00
15.5695710398 0.000000e+00
15.7855630913 0.000000e+00
16.0015551428 0.000000e+00
16.2175471943 0.000000e+00
16.4335392458 0.000000e+00
16.6495312972 0.000000e+00
16.8655233487 0.000000e+00
17.0815154002 0.000000e+00
17.2975074517 0.000000e+00
17.5134995032 0.000000e+00
17.7294915547 0.000000e+00
17.9454836062 0.000000e+00
18.1614756577 0.000000e+00
18.3774677092 0.000000e+00
18.5934597607 0.000000e+00
18.8094518122 0.000000e+00
19.0254438637 0.000000e+00
19.2414359152 0.000000e+00
19.4574279667 0.000000e+00
19.6734200181 0.000000e+00
19.8894120696 0.000000e+00
20.1054041211 0.000000e+00
20.3213961726 0.000000e+00
20.5373882241 0.000000e+00
20.7533802756 0.000000e+00
20.9693723271 0.000000e+00
21.1853643786 0.000000e+00
21.4013564301 0.000000e+00
21.6173484816 0.000000e+00
21.8333405331 0.000000e+00
22.0493325846 0.000000e+00
22.2653246361 0.000000e+00
22.4813166875 0.000000e+00
22.697308739 0.000000e+00
22.9133007905 0.000000e+00
23.129292842 0.000000e+00
23.3452848935 0.000000e+00
23.561276945 0.000000e+00
23.7772689965 0.000000e+00
23.993261048 0.000000e+00
24.2092530995 0.000000e+00
24.425245151 0.000000e+00
24.6412372025 0.000000e+00
24.857229254 0.000000e+00
25.0732213055 0.000000e+00
25.2892133569 0.000000e+00
25.5052054084 0.000000e+00
25.7211974599 0.000000e+00
25.9371895114 0.000000e+00
26.1531815629 0.000000e+00
26.3691736144 0.000000e+00
26.5851656659 0.000000e+00
26.8011577174 0.000000e+00
27.0171497689 0.000000e+00
27.2331418204 0.000000e+00
27.4491338719 0.000000e+00
27.6651259234 0.000000e+00
27.8811179749 0.000000e+00
28.0971100264 0.000000e+00
28.3131020778 0.000000e+00
28.5290941293 0.000000e+00
28.7450861808 0.000000e+00
28.9610782323 0.000000e+00
29.1770702838 0.000000e+00
29.3930623353 0.000000e+00
29.6090543868 0.000000e+00
29.8250464383 0.000000e+00
30.0410384898 0.000000e+00
30.2570305413 0.000000e+00
30.4730225928 0.000000e+00
30.6890146443 0.000000e+00
30.9050066958 0.000000e+00
31.1209987472 0.000000e+00
31.3369907987 0.000000e+00
31.5529828502 0.000000e+00
31.7689749017 0.000000e+00
31.9849669532 0.000000e+00
32.2009590047 0.000000e+00
32.4169510562 0.000000e+00
32.6329431077 0.000000e+00
32.8489351592 0.000000e+00
33.0649272107 0.000000e+00
33.2809192622 0.000000e+00
33.4969113137 0.000000e+00
33.7129033652 0.000000e+00
33.9288954166 0.000000e+00
34.1448874681 0.000000e+00
34.3608795196 0.000000e+00
34.5768715711 0.000000e+00
34.7928636226 0.000000e+00
35.0088556741 0.000000e+00
35.2248477256 0.000000e+00
35.4408397771 0.000000e+00
35.6568318286 0.000000e+00
35.8728238801 0.000000e+00
36.0888159316 0.000000e+00
36.3048079831 0.000000e+00
36.5208000346 0.000000e+00
36.7367920861 0.000000e+00
36.9527841375 0.000000e+00
37.168776189 0.000000e+00
37.3847682405 0.000000e+00
37.600760292 0.000000e+00
37.8167523435 0.000000e+00
38.032744395 0.000000e+00
38.2487364465 0.000000e+00
38.464728498 0.000000e+00
38.6807205495 0.000000e+00
38.896712601 0.000000e+00
39.1127046525 0.000000e+00
39.328696704 0.000000e+00
39.5446887555 0.000000e+00
39.7606808069 0.000000e+00
39.9766728584 0.000000e+00
40.1926649099 0.000000e+00
40.4086569614 0.000000e+00
40.6246490129 0.000000e+00
40.8406410644 0.000000e+00
41.0566331159 0.000000e+00
41.2726251674 0.000000e+00
41.4886172189 0.000000e+00
41.7046092704 0.000000e+00
41.9206013219 0.000000e+00
42.1365933734 0.000000e+00
42.3525854249 0.000000e+00
42.5685774763 0.000000e+00
42.7845695278 0.000000e+00
43.0005615793 0.000000e+00
43.2165536308 0.000000e+00
43.4325456823 0.000000e+00
43.6485377338 0.000000e+00
43.8645297853 0.000000e+00
44.0805218368 0.000000e+00
44.2965138883 0.000000e+00
44.5125059398 0.000000e+00
44.7284979913 0.000000e+00
44.9444900428 0.000000e+00
45.1604820943 0.000000e+00
45.3764741458 0.000000e+00
45.5924661972 0.000000e+00
45.8084582487 0.000000e+00
46.0244503002 0.000000e+00
46.2404423517 0.000000e+00
46.4564344032 0.000000e+00
46.6724264547 0.000000e+00
46.8884185062 0.000000e+00
47.1044105577 0.000000e+00
47.3204026092 0.000000e+00
47.5363946607 0.000000e+00
47.7523867122 0.000000e+00
47.9683787637 0.000000e+00
48.1843708152 0.000000e+00
48.4003628666 0.000000e+00
48.6163549181 0.000000e+00
48.8323469696 0.000000e+00
49.0483390211 0.000000e+00
49.2643310726 0.000000e+00
49.4803231241 0.000000e+00
49.6963151756 0.000000e+00
49.9123072271 0.000000e+00
50.1282992786 0.000000e+00
50.3442913301 0.000000e+00
50.5602833816 0.000000e+00
50.7762754331 0.000000e+00
50.9922674846 0.000000e+00
51.208259536 0.000000e+00
51.4242515875 0.000000e+00
51.640243639 0.000000e+00
51.8562356905 0.000000e+00
52.072227742 0.000000e+00
52.2882197935 0.000000e+00
52.504211845 0.000000e+00
52.7202038965 0.000000e+00
52.936195948 0.000000e+00
53.1521879995 0.000000e+00
53.368180051 0.000000e+00
53.5841721025 0.000000e+00
53.800164154 0.000000e+00
54.0161562055 0.000000e+00
54.2321482569 0.000000e+00
54.4481403084 0.000000e+00
54.6641323599 0.000000e+00
54.8801244114 1.401358e-01
55.0961164629 0.000000e+00
55.3121085144 0.000000e+00
55.5281005659 0.000000e+00
55.7440926174 0.000000e+00
55.9600846689 0.000000e+00
56.1760767204 0.000000e+00
56.3920687719 0.000000e+00
56.6080608234 0.000000e+00
56.8240528749 0.000000e+00
57.0400449263 0.000000e+00
57.2560369778 0.000000e+00
57.4720290293 0.000000e+00
57.6880210808 0.000000e+00
57.9040131323 1.745444e-01
58.1200051838 0.000000e+00
58.3359972353 0.000000e+00
58.5519892868 0.000000e+00
58.7679813383 0.000000e+00
58.9839733898 0.000000e+00
59.1999654413 0.000000e+00
59.4159574928 0.000000e+00
59.6319495443 0.000000e+00
59.8479415957 0.000000e+00
60.0639336472 0.000000e+00
60.2799256987 0.000000e+00
60.4959177502 0.000000e+00
60.7119098017 0.000000e+00
60.9279018532 0.000000e+00
61.1438939047 0.000000e+00
61.3598859562 0.000000e+00
61.5758780077 0.000000e+00
61.7918700592 0.000000e+00
62.0078621107 0.000000e+00
62.2238541622 0.000000e+00
62.4398462137 0.000000e+00
62.6558382652 0.000000e+00
62.8718303166 0.000000e+00
63.0878223681 0.000000e+00
63.3038144196 0.000000e+00
63.5198064711 0.000000e+00
63.7357985226 0.000000e+00
63.9517905741 0.000000e+00
64.1677826256 0.000000e+00
64.3837746771 0.000000e+00
64.5997667286 0.000000e+00
64.8157587801 0.000000e+00
65.0317508316 0.000000e+00
65.2477428831 0.000000e+00
65.4637349346 0.000000e+00
65.679726986 1.601647e-01
65.8957190375 1.563240e-01
66.111711089 3.287585e-01
66.3277031405 3.682571e-01
66.543695192 4.285037e-01
66.7596872435 5.435142e-01
66.975679295 3.649362e-01
67.1916713465 6.427926e-01
67.407663398 4.400791e-01
67.6236554495 3.101794e-01
67.839647501 1.637304e-01
68.0556395525 0.000000e+00
68.271631604 0.000000e+00
68.4876236554 0.000000e+00
68.7036157069 0.000000e+00
68.9196077584 0.000000e+00
69.1355998099 0.000000e+00
69.3515918614 0.000000e+00
69.5675839129 0.000000e+00
69.7835759644 1.350054e-01
69.9995680159 0.000000e+00
70.2155600674 0.000000e+00
70.4315521189 0.000000e+00
70.6475441704 0.000000e+00
70.8635362219 0.000000e+00
71.0795282734 0.000000e+00
71.2955203249 0.000000e+00
71.5115123763 0.000000e+00
71.7275044278 0.000000e+00
71.9434964793 0.000000e+00
72.1594885308 0.000000e+00
72.3754805823 0.000000e+00
72.5914726338 0.000000e+00
72.8074646853 0.000000e+00
73.0234567368 0.000000e+00
73.2394487883 0.000000e+00
73.4554408398 0.000000e+00
73.6714328913 0.000000e+00
73.8874249428 0.000000e+00
74.1034169943 0.000000e+00
74.3194090457 0.000000e+00
74.5354010972 0.000000e+00
74.7513931487 0.000000e+00
74.9673852002 1.473282e-01
75.1833772517 0.000000e+00
75.3993693032 0.000000e+00
75.6153613547 0.000000e+00
75.8313534062 0.000000e+00
76.0473454577 0.000000e+00
76.2633375092 0.000000e+00
76.4793295607 0.000000e+00
76.6953216122 0.000000e+00
76.9113136637 0.000000e+00
77.1273057151 0.000000e+00
77.3432977666 0.000000e+00
77.5592898181 0.000000e+00
77.7752818696 0.000000e+00
77.9912739211 0.000000e+00
78.2072659726 0.000000e+00
78.4232580241 0.000000e+00
78.6392500756 0.000000e+00
78.8552421271 0.000000e+00
79.0712341786 0.000000e+00
79.2872262301 0.000000e+00
79.5032182816 0.000000e+00
79.7192103331 0.000000e+00
79.9352023846 0.000000e+00
80.151194436 0.000000e+00
80.3671864875 0.000000e+00
80.583178539 0.000000e+00
80.7991705905 0.000000e+00
81.015162642 0.000000e+00
81.2311546935 0.000000e+00
81.447146745 0.000000e+00
81.6631387965 0.000000e+00
81.879130848 0.000000e+00
82.0951228995 0.000000e+00
82.311114951 0.000000e+00
82.5271070025 0.000000e+00
82.743099054 0.000000e+00
82.9590911054 0.000000e+00
83.1750831569 0.000000e+00
83.3910752084 0.000000e+00
83.6070672599 0.000000e+00
83.8230593114 0.000000e+00
84.0390513629 0.000000e+00
84.2550434144 0.000000e+00
84.4710354659 0.000000e+00
84.6870275174 0.000000e+00
84.9030195689 0.000000e+00
85.1190116204 0.000000e+00
85.3350036719 0.000000e+00
85.5509957234 0.000000e+00
85.7669877748 0.000000e+00
85.9829798263 0.000000e+00
86.1989718778 0.000000e+00
86.4149639293 0.000000e+00
86.6309559808 0.000000e+00
86.8469480323 0.000000e+00
87.0629400838 0.000000e+00
87.2789321353 0.000000e+00
87.4949241868 0.000000e+00
87.7109162383 0.000000e+00
87.9269082898 0.000000e+00
88.1429003413 0.000000e+00
88.3588923928 0.000000e+00
88.5748844443 0.000000e+00
88.7908764957 0.000000e+00
89.0068685472 0.000000e+00
89.2228605987 0.000000e+00
89.4388526502 0.000000e+00
89.6548447017 0.000000e+00
89.8708367532 0.000000e+00
90.0868288047 0.000000e+00
90.3028208562 0.000000e+00
90.5188129077 0.000000e+00
90.7348049592 0.000000e+00
90.9507970107 0.000000e+00
91.1667890622 0.000000e+00
91.3827811137 0.000000e+00
91.5987731651 0.000000e+00
91.8147652166 0.000000e+00
92.0307572681 0.000000e+00
92.2467493196 0.000000e+00
92.4627413711 0.000000e+00
92.6787334226 0.000000e+00
92.8947254741 0.000000e+00
93.1107175256 0.000000e+00
93.3267095771 0.000000e+00
93.5427016286 0.000000e+00
93.7586936801 0.000000e+00
93.9746857316 0.000000e+00
94.1906777831 0.000000e+00
94.4066698346 0.000000e+00
94.622661886 0.000000e+00
94.8386539375 0.000000e+00
95.054645989 0.000000e+00
95.2706380405 0.000000e+00
95.486630092 0.000000e+00
95.7026221435 0.000000e+00
95.918614195 0.000000e+00
96.1346062465 0.000000e+00
96.350598298 0.000000e+00
96.5665903495 0.000000e+00
96.782582401 0.000000e+00
96.9985744525 0.000000e+00
97.214566504 0.000000e+00
97.4305585554 0.000000e+00
97.6465506069 0.000000e+00
97.8625426584 0.000000e+00
98.0785347099 0.000000e+00
98.2945267614 0.000000e+00
98.5105188129 0.000000e+00
98.7265108644 0.000000e+00
98.9425029159 0.000000e+00
99.1584949674 0.000000e+00
99.3744870189 0.000000e+00
99.5904790704 0.000000e+00
99.8064711219 0.000000e+00
100.022463173 0.000000e+00
100.238455225 0.000000e+00
100.454447276 0.000000e+00
100.670439328 0.000000e+00
100.886431379 0.000000e+00
101.102423431 0.000000e+00
101.318415482 0.000000e+00
101.534407534 0.000000e+00
101.750399585 0.000000e+00
101.966391637 0.000000e+00
102.182383688 0.000000e+00
102.39837574 0.000000e+00
102.614367791 0.000000e+00
102.830359843 0.000000e+00
103.046351894 0.000000e+00
103.262343946 0.000000e+00
103.478335997 0.000000e+00
103.694328049 0.000000e+00
103.9103201 0.000000e+00
104.126312152 0.000000e+00
104.342304203 0.000000e+00
104.558296255 0.000000e+00
104.774288306 0.000000e+00
104.990280358 0.000000e+00
105.206272409 0.000000e+00
105.422264461 0.000000e+00
105.638256512 0.000000e+00
105.854248564 0.000000e+00
106.070240615 0.000000e+00
106.286232667 0.000000e+00
106.502224718 0.000000e+00
106.71821677 0.000000e+00
106.934208821 0.000000e+00
107.150200873 0.000000e+00
107.366192924 0.000000e+00
107.582184976 0.000000e+00
107.798177027 0.000000e+00
108.014169079 0.000000e+00
108.23016113 0.000000e+00
108.446153182 0.000000e+00
108.662145233 0.000000e+00
108.878137285 0.000000e+00
109.094129336 0.000000e+00
109.310121388 0.000000e+00
109.526113439 0.000000e+00
109.742105491 0.000000e+00
109.958097542 0.000000e+00
110.174089594 0.000000e+00
110.390081645 0.000000e+00
110.606073696 0.000000e+00
110.822065748 0.000000e+00
111.038057799 0.000000e+00
111.254049851 0.000000e+00
111.470041902 0.000000e+00
111.686033954 0.000000e+00
111.902026005 0.000000e+00
112.118018057 0.000000e+00
112.334010108 0.000000e+00
112.55000216 0.000000e+00
112.765994211 0.000000e+00
112.981986263 0.000000e+00
113.197978314 0.000000e+00
113.413970366 0.000000e+00
113.629962417 0.000000e+00
113.845954469 0.000000e+00
114.06194652 0.000000e+00
114.277938572 0.000000e+00
114.493930623 0.000000e+00
114.709922675 0.000000e+00
114.925914726 0.000000e+00
115.141906778 0.000000e+00
115.357898829 0.000000e+00
115.573890881 0.000000e+00
115.789882932 0.000000e+00
116.005874984 0.000000e+00
116.221867035 0.000000e+00
116.437859087 0.000000e+00
116.653851138 0.000000e+00
116.86984319 0.000000e+00
117.085835241 0.000000e+00
142.788889369 0.000000e+00
143.00488142 0.000000e+00
143.220873472 0.000000e+00
143.436865523 0.000000e+00
143.652857575 0.000000e+00
143.868849626 0.000000e+00
144.084841678 0.000000e+00
144.300833729 0.000000e+00
144.516825781 0.000000e+00
144.732817832 0.000000e+00
144.948809884 0.000000e+00
145.164801935 0.000000e+00
145.380793987 0.000000e+00
145.596786038 0.000000e+00
145.81277809 0.000000e+00
146.028770141 0.000000e+00
146.244762193 0.000000e+00
146.460754244 0.000000e+00
146.676746296 0.000000e+00
146.892738347 0.000000e+00
147.108730399 0.000000e+00
147.32472245 0.000000e+00
147.540714502 0.000000e+00
147.756706553 0.000000e+00
147.972698605 0.000000e+00
148.188690656 0.000000e+00
148.404682708 0.000000e+00
148.620674759 0.000000e+00
148.836666811 0.000000e+00
149.052658862 0.000000e+00
149.268650914 0.000000e+00
149.484642965 0.000000e+00
149.700635017 0.000000e+00
149.916627068 0.000000e+00
150.13261912 0.000000e+00
150.348611171 0.000000e+00
150.564603223 0.000000e+00
150.780595274 0.000000e+00
150.996587326 0.000000e+00
151.212579377 0.000000e+00
151.428571429 0.000000e+00
151.64456348 0.000000e+00
151.860555532 0.000000e+00
152.076547583 0.000000e+00
152.292539635 0.000000e+00
152.508531686 0.000000e+00
152.724523738 0.000000e+00
152.940515789 0.000000e+00
153.156507841 0.000000e+00
153.372499892 0.000000e+00
153.588491943 0.000000e+00
153.804483995 0.000000e+00
154.020476046 0.000000e+00
154.236468098 0.000000e+00
154.452460149 0.000000e+00
154.668452201 0.000000e+00
154.884444252 0.000000e+00
155.100436304 0.000000e+00
155.316428355 0.000000e+00
155.532420407 0.000000e+00
155.748412458 0.000000e+00
155.96440451 0.000000e+00
181.667458638 0.000000e+00
181.883450689 0.000000e+00
182.099442741 0.000000e+00
182.315434792 0.000000e+00
182.531426843 0.000000e+00
182.747418895 0.000000e+00
182.963410946 0.000000e+00
183.179402998 0.000000e+00
183.395395049 0.000000e+00
183.611387101 0.000000e+00
183.827379152 0.000000e+00
184.043371204 0.000000e+00
184.259363255 0.000000e+00
184.475355307 0.000000e+00
184.691347358 0.000000e+00
184.90733941 0.000000e+00
185.123331461 0.000000e+00
185.339323513 0.000000e+00
185.555315564 0.000000e+00
185.771307616 0.000000e+00
185.987299667 0.000000e+00
186.203291719 0.000000e+00
186.41928377 0.000000e+00
186.635275822 0.000000e+00
186.851267873 0.000000e+00
187.067259925 0.000000e+00
187.283251976 0.000000e+00
187.499244028 0.000000e+00
187.715236079 0.000000e+00
187.931228131 0.000000e+00
188.147220182 0.000000e+00
188.363212234 0.000000e+00
188.579204285 0.000000e+00
188.795196337 0.000000e+00
189.011188388 0.000000e+00
189.22718044 0.000000e+00
189.443172491 0.000000e+00
189.659164543 0.000000e+00
189.875156594 0.000000e+00
190.091148646 0.000000e+00
190.307140697 0.000000e+00
190.523132749 0.000000e+00
190.7391248 0.000000e+00
190.955116852 0.000000e+00
191.171108903 0.000000e+00
191.387100955 0.000000e+00
191.603093006 0.000000e+00
191.819085058 0.000000e+00
192.035077109 0.000000e+00
192.251069161 0.000000e+00
192.467061212 0.000000e+00
192.683053264 0.000000e+00
192.899045315 0.000000e+00
193.115037367 0.000000e+00
193.331029418 0.000000e+00
193.54702147 0.000000e+00
193.763013521 0.000000e+00
193.979005573 0.000000e+00
194.194997624 0.000000e+00
194.410989676 0.000000e+00
194.626981727 0.000000e+00
194.842973779 0.000000e+00
195.842973779 0.0
196.842973779 0.0
197.842973779 0.0
198.842973779 0.0
199.842973779 0.0
200.842973779 0.0
201.842973779 0.0
202.842973779 0.0
203.842973779 0.0
204.842973779 0.0
205.842973779 0.0
206.842973779 0.0
207.842973779 0.0
208.842973779 0.0
209.842973779 0.0
210.842973779 0.0
211.842973779 0.0
212.842973779 0.0
213.842973779 0.0
214.842973779 0.0
215.842973779 0.0
216.842973779 0.0
217.842973779 0.0
218.842973779 0.0
219.842973779 0.0
220.842973779 0.0
221.842973779 0.0
222.842973779 0.0
223.842973779 0.0
224.842973779 0.0
225.842973779 0.0
226.842973779 0.0
227.842973779 0.0
228.842973779 0.0
229.842973779 0.0
230.842973779 0.0
231.842973779 0.0
232.842973779 0.0
233.842973779 0.0
234.842973779 0.0
235.842973779 0.0
236.842973779 0.0
237.842973779 0.0
238.842973779 0.0
239.842973779 0.0
240.842973779 0.0
241.842973779 0.0
242.842973779 0.0
243.842973779 0.0
244.842973779 0.0
245.842973779 0.0
246.842973779 0.0
247.842973779 0.0
248.842973779 0.0
249.842973779 0.0
250.842973779 0.0
251.842973779 0.0
252.842973779 0.0
253.842973779 0.0
254.842973779 0.0
255.842973779 0.0
256.842973779 0.0
257.842973779 0.0
258.842973779 0.0
259.842973779 0.0
260.842973779 0.0
261.842973779 0.0
262.842973779 0.0
263.842973779 0.0
264.842973779 0.0
265.842973779 0.0
266.842973779 0.0
267.842973779 0.0
268.842973779 0.0
269.842973779 0.0
270.842973779 0.0
271.842973779 0.0
272.842973779 0.0
273.842973779 0.0
274.842973779 0.0
275.842973779 0.0
276.842973779 0.0
277.842973779 0.0
278.842973779 0.0
279.842973779 0.0
280.842973779 0.0
281.842973779 0.0
282.842973779 0.0
283.842973779 0.0
284.842973779 0.0
285.842973779 0.0
286.842973779 0.0
287.842973779 0.0
288.842973779 0.0
289.842973779 0.0
290.842973779 0.0
291.842973779 0.0
292.842973779 0.0
293.842973779 0.0
294.842973779 0.0
295.842973779 0.0
296.842973779 0.0
297.842973779 0.0
298.842973779 0.0
299.842973779 0.0
300.842973779 0.0
301.842973779 0.0
302.842973779 0.0
303.842973779 0.0
304.842973779 0.0
305.842973779 0.0
306.842973779 0.0
307.842973779 0.0
308.842973779 0.0
309.842973779 0.0
310.842973779 0.0
311.842973779 0.0
312.842973779 0.0
313.842973779 0.0
314.842973779 0.0
315.842973779 0.0
316.842973779 0.0
317.842973779 0.0
318.842973779 0.0
319.842973779 0.0
320.842973779 0.0
321.842973779 0.0
322.842973779 0.0
323.842973779 0.0
324.842973779 0.0
325.842973779 0.0
326.842973779 0.0
327.842973779 0.0
328.842973779 0.0
329.842973779 0.0
330.842973779 0.0
331.842973779 0.0
332.842973779 0.0
333.842973779 0.0
334.842973779 0.0
335.842973779 0.0
336.842973779 0.0
337.842973779 0.0
338.842973779 0.0
339.842973779 0.0
340.842973779 0.0
341.842973779 0.0
342.842973779 0.0
343.842973779 0.0
344.842973779 0.0
345.842973779 0.0
346.842973779 0.0
347.842973779 0.0
348.842973779 0.0
349.842973779 0.0
350.842973779 0.0
351.842973779 0.0
352.842973779 0.0
353.842973779 0.0
354.842973779 0.0
355.842973779 0.0
356.842973779 0.0
357.842973779 0.0
358.842973779 0.0
359.842973779 0.0
360.842973779 0.0
361.842973779 0.0
362.842973779 0.0
363.842973779 0.0
364.842973779 0.0
365.842973779 0.0
366.842973779 0.0
367.842973779 0.0
368.842973779 0.0
369.842973779 0.0
370.842973779 0.0
371.842973779 0.0
372.842973779 0.0
373.842973779 0.0
374.842973779 0.0
375.842973779 0.0
376.842973779 0.0
377.842973779 0.0
378.842973779 0.0
379.842973779 0.0
380.842973779 0.0
381.842973779 0.0
382.842973779 0.0
383.842973779 0.0
384.842973779 0.0
385.842973779 0.0
386.842973779 0.0
387.842973779 0.0
388.842973779 0.0
389.842973779 0.0
390.842973779 0.0
391.842973779 0.0
392.842973779 0.0
393.842973779 0.0
394.842973779 0.0
395.842973779 0.0
396.842973779 0.0
397.842973779 0.0
398.842973779 0.0
399.842973779 0.0
400.842973779 0.0
401.842973779 0.0
402.842973779 0.0
403.842973779 0.0
404.842973779 0.0
405.842973779 0.0
406.842973779 0.0
407.842973779 0.0
408.842973779 0.0
409.842973779 0.0
410.842973779 0.0
411.842973779 0.0
412.842973779 0.0
413.842973779 0.0
414.842973779 0.0
415.842973779 0.0
416.842973779 0.0
417.842973779 0.0
418.842973779 0.0
419.842973779 0.0
420.842973779 0.0
421.842973779 0.0
422.842973779 0.0
423.842973779 0.0
424.842973779 0.0
425.842973779 0.0
426.842973779 0.0
427.842973779 0.0
428.842973779 0.0
429.842973779 0.0
430.842973779 0.0
431.842973779 0.0
432.842973779 0.0
433.842973779 0.0
434.842973779 0.0
435.842973779 0.0
436.842973779 0.0
437.842973779 0.0
438.842973779 0.0
439.842973779 0.0
440.842973779 0.0
441.842973779 0.0
442.842973779 0.0
443.842973779 0.0
444.842973779 0.0
445.842973779 0.0
446.842973779 0.0
447.842973779 0.0
448.842973779 0.0
449.842973779 0.0
450.842973779 0.0
451.842973779 0.0
452.842973779 0.0
453.842973779 0.0
454.842973779 0.0
455.842973779 0.0
456.842973779 0.0
457.842973779 0.0
458.842973779 0.0
459.842973779 0.0
460.842973779 0.0
461.842973779 0.0
462.842973779 0.0
463.842973779 0.0
464.842973779 0.0
465.842973779 0.0
466.842973779 0.0
467.842973779 0.0
468.842973779 0.0
469.842973779 0.0
470.842973779 0.0
471.842973779 0.0
472.842973779 0.0
473.842973779 0.0
474.842973779 0.0
475.842973779 0.0
476.842973779 0.0
477.842973779 0.0
478.842973779 0.0
479.842973779 0.0
480.842973779 0.0
481.842973779 0.0
482.842973779 0.0
483.842973779 0.0
484.842973779 0.0
485.842973779 0.0
486.842973779 0.0
487.842973779 0.0
488.842973779 0.0
489.842973779 0.0
490.842973779 0.0
491.842973779 0.0
492.842973779 0.0
493.842973779 0.0
494.842973779 0.0
495.842973779 0.0
496.842973779 0.0
497.842973779 0.0
498.842973779 0.0
499.842973779 0.0
500.842973779 0.0
501.842973779 0.0
502.842973779 0.0
503.842973779 0.0
504.842973779 0.0
505.842973779 0.0
506.842973779 0.0
507.842973779 0.0
508.842973779 0.0
509.842973779 0.0
510.842973779 0.0
511.842973779 0.0
512.842973779 0.0
513.842973779 0.0
514.842973779 0.0
515.842973779 0.0
516.842973779 0.0
517.842973779 0.0
518.842973779 0.0
519.842973779 0.0
520.842973779 0.0
521.842973779 0.0
522.842973779 0.0
523.842973779 0.0
524.842973779 0.0
525.842973779 0.0
526.842973779 0.0
527.842973779 0.0
528.842973779 0.0
529.842973779 0.0
530.842973779 0.0
531.842973779 0.0
532.842973779 0.0
533.842973779 0.0
534.842973779 0.0
535.842973779 0.0
536.842973779 0.0
537.842973779 0.0
538.842973779 0.0
539.842973779 0.0
540.842973779 0.0
541.842973779 0.0
542.842973779 0.0
543.842973779 0.0
544.842973779 0.0
545.842973779 0.0
546.842973779 0.0
547.842973779 0.0
548.842973779 0.0
549.842973779 0.0
550.842973779 0.0
551.842973779 0.0
552.842973779 0.0
553.842973779 0.0
554.842973779 0.0
555.842973779 0.0
556.842973779 0.0
557.842973779 0.0
558.842973779 0.0
559.842973779 0.0
560.842973779 0.0
561.842973779 0.0
562.842973779 0.0
563.842973779 0.0
564.842973779 0.0
565.842973779 0.0
566.842973779 0.0
567.842973779 0.0
568.842973779 0.0
569.842973779 0.0
570.842973779 0.0
571.842973779 0.0
572.842973779 0.0
573.842973779 0.0
574.842973779 0.0
575.842973779 0.0
576.842973779 0.0
577.842973779 0.0
578.842973779 0.0
579.842973779 0.0
580.842973779 0.0
581.842973779 0.0
582.842973779 0.0
583.842973779 0.0
584.842973779 0.0
585.842973779 0.0
586.842973779 0.0
587.842973779 0.0
588.842973779 0.0
589.842973779 0.0
590.842973779 0.0
591.842973779 0.0
592.842973779 0.0
593.842973779 0.0
594.842973779 0.0
595.842973779 0.0
596.842973779 0.0
597.842973779 0.0
598.842973779 0.0
599.842973779 0.0
600.842973779 0.0
601.842973779 0.0
602.842973779 0.0
603.842973779 0.0
604.842973779 0.0
605.842973779 0.0
606.842973779 0.0
607.842973779 0.0
608.842973779 0.0
609.842973779 0.0
610.842973779 0.0
611.842973779 0.0
612.842973779 0.0
613.842973779 0.0
614.842973779 0.0
615.842973779 0.0
616.842973779 0.0
617.842973779 0.0
618.842973779 0.0
619.842973779 0.0
620.842973779 0.0
621.842973779 0.0
622.842973779 0.0
623.842973779 0.0
624.842973779 0.0
625.842973779 0.0
626.842973779 0.0
627.842973779 0.0
628.842973779 0.0
629.842973779 0.0
630.842973779 0.0
631.842973779 0.0
632.842973779 0.0
633.842973779 0.0
634.842973779 0.0
635.842973779 0.0
636.842973779 0.0
637.842973779 0.0
638.842973779 0.0
639.842973779 0.0
640.842973779 0.0
641.842973779 0.0
642.842973779 0.0
643.842973779 0.0
644.842973779 0.0
645.842973779 0.0
646.842973779 0.0
647.842973779 0.0
648.842973779 0.0
649.842973779 0.0
650.842973779 0.0
651.842973779 0.0
652.842973779 0.0
653.842973779 0.0
654.842973779 0.0
655.842973779 0.0
656.842973779 0.0
657.842973779 0.0
658.842973779 0.0
659.842973779 0.0
660.842973779 0.0
661.842973779 0.0
662.842973779 0.0
663.842973779 0.0
664.842973779 0.0
665.842973779 0.0
666.842973779 0.0
667.842973779 0.0
668.842973779 0.0
669.842973779 0.0
670.842973779 0.0
671.842973779 0.0
672.842973779 0.0
673.842973779 0.0
674.842973779 0.0
675.842973779 0.0
676.842973779 0.0
677.842973779 0.0
678.842973779 0.0
679.842973779 0.0
680.842973779 0.0
681.842973779 0.0
682.842973779 0.0
683.842973779 0.0
684.842973779 0.0
685.842973779 0.0
686.842973779 0.0
687.842973779 0.0
688.842973779 0.0
689.842973779 0.0
690.842973779 0.0
691.842973779 0.0
692.842973779 0.0
693.842973779 0.0
694.842973779 0.0
