-591.685065371 0.0
-590.685065371 0.0
-589.685065371 0.0
-588.685065371 0.0
-587.685065371 0.0
-586.685065371 0.0
-585.685065371 0.0
-584.685065371 0.0
-583.685065371 0.0
-582.685065371 0.0
-581.685065371 0.0
-580.685065371 0.0
-579.685065371 0.0
-578.685065371 0.0
-577.685065371 0.0
-576.685065371 0.0
-575.685065371 0.0
-574.685065371 0.0
-573.685065371 0.0
-572.685065371 0.0
-571.685065371 0.0
-570.685065371 0.0
-569.685065371 0.0
-568.685065371 0.0
-567.685065371 0.0
-566.685065371 0.0
-565.685065371 0.0
-564.685065371 0.0
-563.685065371 0.0
-562.685065371 0.0
-561.685065371 0.0
-560.685065371 0.0
-559.685065371 0.0
-558.685065371 0.0
-557.685065371 0.0
-556.685065371 0.0
-555.685065371 0.0
-554.685065371 0.0
-553.685065371 0.0
-552.685065371 0.0
-551.685065371 0.0
-550.685065371 0.0
-549.685065371 0.0
-548.685065371 0.0
-547.685065371 0.0
-546.685065371 0.0
-545.685065371 0.0
-544.685065371 0.0
-543.685065371 0.0
-542.685065371 0.0
-541.685065371 0.0
-540.685065371 0.0
-539.685065371 0.0
-538.685065371 0.0
-537.685065371 0.0
-536.685065371 0.0
-535.685065371 0.0
-534.685065371 0.0
-533.685065371 0.0
-532.685065371 0.0
-531.685065371 0.0
-530.685065371 0.0
-529.685065371 0.0
-528.685065371 0.0
-527.685065371 0.0
-526.685065371 0.0
-525.685065371 0.0
-524.685065371 0.0
-523.685065371 0.0
-522.685065371 0.0
-521.685065371 0.0
-520.685065371 0.0
-519.685065371 0.0
-518.685065371 0.0
-517.685065371 0.0
-516.685065371 0.0
-515.685065371 0.0
-514.685065371 0.0
-513.685065371 0.0
-512.685065371 0.0
-511.685065371 0.0
-510.685065371 0.0
-509.685065371 0.0
-508.685065371 0.0
-507.685065371 0.0
-506.685065371 0.0
-505.685065371 0.0
-504.685065371 0.0
-503.685065371 0.0
-502.685065371 0.0
-501.685065371 0.0
-500.685065371 0.0
-499.685065371 0.0
-498.685065371 0.0
-497.685065371 0.0
-496.685065371 0.0
-495.685065371 0.0
-494.685065371 0.0
-493.685065371 0.0
-492.685065371 0.0
-491.685065371 0.0
-490.685065371 0.0
-489.685065371 0.0
-488.685065371 0.0
-487.685065371 0.0
-486.685065371 0.0
-485.685065371 0.0
-484.685065371 0.0
-483.685065371 0.0
-482.685065371 0.0
-481.685065371 0.0
-480.685065371 0.0
-479.685065371 0.0
-478.685065371 0.0
-477.685065371 0.0
-476.685065371 0.0
-475.685065371 0.0
-474.685065371 0.0
-473.685065371 0.0
-472.685065371 0.0
-471.685065371 0.0
-470.685065371 0.0
-469.685065371 0.0
-468.685065371 0.0
-467.685065371 0.0
-466.685065371 0.0
-465.685065371 0.0
-464.685065371 0.0
-463.685065371 0.0
-462.685065371 0.0
-461.685065371 0.0
-460.685065371 0.0
-459.685065371 0.0
-458.685065371 0.0
-457.685065371 0.0
-456.685065371 0.0
-455.685065371 0.0
-454.685065371 0.0
-453.685065371 0.0
-452.685065371 0.0
-451.685065371 0.0
-450.685065371 0.0
-449.685065371 0.0
-448.685065371 0.0
-447.685065371 0.0
-446.685065371 0.0
-445.685065371 0.0
-444.685065371 0.0
-443.685065371 0.0
-442.685065371 0.0
-441.685065371 0.0
-440.685065371 0.0
-439.685065371 0.0
-438.685065371 0.0
-437.685065371 0.0
-436.685065371 0.0
-435.685065371 0.0
-434.685065371 0.0
-433.685065371 0.0
-432.685065371 0.0
-431.685065371 0.0
-430.685065371 0.0
-429.685065371 0.0
-428.685065371 0.0
-427.685065371 0.0
-426.685065371 0.0
-425.685065371 0.0
-424.685065371 0.0
-423.685065371 0.0
-422.685065371 0.0
-421.685065371 0.0
-420.685065371 0.0
-419.685065371 0.0
-418.685065371 0.0
-417.685065371 0.0
-416.685065371 0.0
-415.685065371 0.0
-414.685065371 0.0
-413.685065371 0.0
-412.685065371 0.0
-411.685065371 0.0
-410.685065371 0.0
-409.685065371 0.0
-408.685065371 0.0
-407.685065371 0.0
-406.685065371 0.0
-405.685065371 0.0
-404.685065371 0.0
-403.685065371 0.0
-402.685065371 0.0
-401.685065371 0.0
-400.685065371 0.0
-399.685065371 0.0
-398.685065371 0.0
-397.685065371 0.0
-396.685065371 0.0
-395.685065371 0.0
-394.685065371 0.0
-393.685065371 0.0
-392.685065371 0.0
-391.685065371 0.0
-390.685065371 0.0
-389.685065371 0.0
-388.685065371 0.0
-387.685065371 0.0
-386.685065371 0.0
-385.685065371 0.0
-384.685065371 0.0
-383.685065371 0.0
-382.685065371 0.0
-381.685065371 0.0
-380.685065371 0.0
-379.685065371 0.0
-378.685065371 0.0
-377.685065371 0.0
-376.685065371 0.0
-375.685065371 0.0
-374.685065371 0.0
-373.685065371 0.0
-372.685065371 0.0
-371.685065371 0.0
-370.685065371 0.0
-369.685065371 0.0
-368.685065371 0.0
-367.685065371 0.0
-366.685065371 0.0
-365.685065371 0.0
-364.685065371 0.0
-363.685065371 0.0
-362.685065371 0.0
-361.685065371 0.0
-360.685065371 0.0
-359.685065371 0.0
-358.685065371 0.0
-357.685065371 0.0
-356.685065371 0.0
-355.685065371 0.0
-354.685065371 0.0
-353.685065371 0.0
-352.685065371 0.0
-351.685065371 0.0
-350.685065371 0.0
-349.685065371 0.0
-348.685065371 0.0
-347.685065371 0.0
-346.685065371 0.0
-345.685065371 0.0
-344.685065371 0.0
-343.685065371 0.0
-342.685065371 0.0
-341.685065371 0.0
-340.685065371 0.0
-339.685065371 0.0
-338.685065371 0.0
-337.685065371 0.0
-336.685065371 0.0
-335.685065371 0.0
-334.685065371 0.0
-333.685065371 0.0
-332.685065371 0.0
-331.685065371 0.0
-330.685065371 0.0
-329.685065371 0.0
-328.685065371 0.0
-327.685065371 0.0
-326.685065371 0.0
-325.685065371 0.0
-324.685065371 0.0
-323.685065371 0.0
-322.685065371 0.0
-321.685065371 0.0
-320.685065371 0.0
-319.685065371 0.0
-318.685065371 0.0
-317.685065371 0.0
-316.685065371 0.0
-315.685065371 0.0
-314.685065371 0.0
-313.685065371 0.0
-312.685065371 0.0
-311.685065371 0.0
-310.685065371 0.0
-309.685065371 0.0
-308.685065371 0.0
-307.685065371 0.0
-306.685065371 0.0
-305.685065371 0.0
-304.685065371 0.0
-303.685065371 0.0
-302.685065371 0.0
-301.685065371 0.0
-300.685065371 0.0
-299.685065371 0.0
-298.685065371 0.0
-297.685065371 0.0
-296.685065371 0.0
-295.685065371 0.0
-294.685065371 0.0
-293.685065371 0.0
-292.685065371 0.0
-291.685065371 0.0
-290.685065371 0.0
-289.685065371 0.0
-288.685065371 0.0
-287.685065371 0.0
-286.685065371 0.0
-285.685065371 0.0
-284.685065371 0.0
-283.685065371 0.0
-282.685065371 0.0
-281.685065371 0.0
-280.685065371 0.0
-279.685065371 0.0
-278.685065371 0.0
-277.685065371 0.0
-276.685065371 0.0
-275.685065371 0.0
-274.685065371 0.0
-273.685065371 0.0
-272.685065371 0.0
-271.685065371 0.0
-270.685065371 0.0
-269.685065371 0.0
-268.685065371 0.0
-267.685065371 0.0
-266.685065371 0.0
-265.685065371 0.0
-264.685065371 0.0
-263.685065371 0.0
-262.685065371 0.0
-261.685065371 0.0
-260.685065371 0.0
-259.685065371 0.0
-258.685065371 0.0
-257.685065371 0.0
-256.685065371 0.0
-255.685065371 0.0
-254.685065371 0.0
-253.685065371 0.0
-252.685065371 0.0
-251.685065371 0.0
-250.685065371 0.0
-249.685065371 0.0
-248.685065371 0.0
-247.685065371 0.0
-246.685065371 0.0
-245.685065371 0.0
-244.685065371 0.0
-243.685065371 0.0
-242.685065371 0.0
-241.685065371 0.0
-240.685065371 0.0
-239.685065371 0.0
-238.685065371 0.0
-237.685065371 0.0
-236.685065371 0.0
-235.685065371 0.0
-234.685065371 0.0
-233.685065371 0.0
-232.685065371 0.0
-231.685065371 0.0
-230.685065371 0.0
-229.685065371 0.0
-228.685065371 0.0
-227.685065371 0.0
-226.685065371 0.0
-225.685065371 0.0
-224.685065371 0.0
-223.685065371 0.0
-222.685065371 0.0
-221.685065371 0.0
-220.685065371 0.0
-219.685065371 0.0
-218.685065371 0.0
-217.685065371 0.0
-216.685065371 0.0
-215.685065371 0.0
-214.685065371 0.0
-213.685065371 0.0
-212.685065371 0.0
-211.685065371 0.0
-210.685065371 0.0
-209.685065371 0.0
-208.685065371 0.0
-207.685065371 0.0
-206.685065371 0.0
-205.685065371 0.0
-204.685065371 0.0
-203.685065371 0.0
-202.685065371 0.0
-201.685065371 0.0
-200.685065371 0.0
-199.685065371 0.0
-198.685065371 0.0
-197.685065371 0.0
-196.685065371 0.0
-195.685065371 0.0
-194.685065371 0.0
-193.685065371 0.0
-192.685065371 0.0
-191.685065371 0.0
-190.685065371 0.0
-189.685065371 0.0
-188.685065371 0.0
-187.685065371 0.0
-186.685065371 0.0
-185.685065371 0.0
-184.685065371 0.0
-183.685065371 0.0
-182.685065371 0.0
-181.685065371 0.0
-180.685065371 0.0
-179.685065371 0.0
-178.685065371 0.0
-177.685065371 0.0
-176.685065371 0.0
-175.685065371 0.0
-174.685065371 0.0
-173.685065371 0.0
-172.685065371 0.0
-171.685065371 0.0
-170.685065371 0.0
-169.685065371 0.0
-168.685065371 0.0
-167.685065371 0.0
-166.685065371 0.0
-165.685065371 0.0
-164.685065371 0.0
-163.685065371 0.0
-162.685065371 0.0
-161.685065371 0.0
-160.685065371 0.0
-159.685065371 0.0
-158.685065371 0.0
-157.685065371 0.0
-156.685065371 0.0
-155.685065371 0.0
-154.685065371 0.0
-153.685065371 0.0
-152.685065371 0.0
-151.685065371 0.0
-150.685065371 0.0
-149.685065371 0.0
-148.685065371 0.0
-147.685065371 0.0
-146.685065371 0.0
-145.685065371 0.0
-144.685065371 0.0
-143.685065371 0.0
-142.685065371 0.0
-141.685065371 0.0
-140.685065371 0.0
-139.685065371 0.0
-138.685065371 0.0
-137.685065371 0.0
-136.685065371 0.0
-135.685065371 0.0
-134.685065371 0.0
-133.685065371 0.0
-132.685065371 0.0
-131.685065371 0.0
-130.685065371 0.0
-129.685065371 0.0
-128.685065371 0.0
-127.685065371 0.0
-126.685065371 0.0
-125.685065371 0.0
-124.685065371 0.0
-123.685065371 0.0
-122.685065371 0.0
-121.685065371 0.0
-120.685065371 0.0
-119.685065371 0.0
-118.685065371 0.0
-117.685065371 0.0
-116.685065371 0.0
-115.685065371 0.0
-114.685065371 0.0
-113.685065371 0.0
-112.685065371 0.0
-111.685065371 0.0
-110.685065371 0.0
-109.685065371 0.0
-108.685065371 0.0
-107.685065371 0.0
-106.685065371 0.0
-105.685065371 0.0
-104.685065371 0.0
-103.685065371 0.0
-102.685065371 0.0
-101.685065371 0.0
-100.685065371 0.0
-99.6850653714 0.0
-98.6850653714 0.0
-97.6850653714 0.0
-96.6850653714 0.0
-95.6850653714 0.0
-94.6850653714 0.0
-93.6850653714 0.0
-92.6850653714 0.0
-91.6850653714 0.000000e+00
-91.3010924031 0.000000e+00
-90.9171194348 0.000000e+00
-90.5331464665 0.000000e+00
-90.1491734982 0.000000e+00
-89.7652005299 0.000000e+00
-89.3812275616 0.000000e+00
-88.9972545933 0.000000e+00
-88.613281625 0.000000e+00
-88.2293086567 0.000000e+00
-87.8453356884 0.000000e+00
-87.4613627201 0.000000e+00
-87.0773897518 0.000000e+00
-86.6934167835 0.000000e+00
-86.3094438152 0.000000e+00
-85.9254708469 0.000000e+00
-85.5414978785 0.000000e+00
-85.1575249102 0.000000e+00
-84.7735519419 0.000000e+00
-84.3895789736 0.000000e+00
-84.0056060053 0.000000e+00
-83.621633037 0.000000e+00
-83.2376600687 0.000000e+00
-82.8536871004 0.000000e+00
-82.4697141321 0.000000e+00
-82.0857411638 0.000000e+00
-81.7017681955 0.000000e+00
-81.3177952272 0.000000e+00
-80.9338222589 0.000000e+00
-80.5498492906 0.000000e+00
-80.1658763223 0.000000e+00
-79.781903354 0.000000e+00
-79.3979303857 0.000000e+00
-79.0139574174 0.000000e+00
-78.6299844491 0.000000e+00
-78.2460114808 0.000000e+00
-77.8620385125 0.000000e+00
-77.4780655442 0.000000e+00
-77.0940925759 0.000000e+00
-76.7101196076 0.000000e+00
-76.3261466393 0.000000e+00
-75.942173671 0.000000e+00
-75.5582007027 0.000000e+00
-75.1742277344 0.000000e+00
-74.7902547661 0.000000e+00
-74.4062817978 0.000000e+00
-74.0223088295 0.000000e+00
-73.6383358612 0.000000e+00
-73.2543628929 0.000000e+00
-72.8703899245 0.000000e+00
-72.4864169562 0.000000e+00
-72.1024439879 0.000000e+00
-71.7184710196 0.000000e+00
-71.3344980513 0.000000e+00
-70.950525083 0.000000e+00
-70.5665521147 0.000000e+00
-70.1825791464 0.000000e+00
-69.7986061781 0.000000e+00
-69.4146332098 0.000000e+00
-69.0306602415 0.000000e+00
-68.6466872732 0.000000e+00
-68.2627143049 0.000000e+00
-67.8787413366 0.000000e+00
-67.4947683683 0.000000e+00
-67.1107954 0.000000e+00
-66.7268224317 0.000000e+00
-66.3428494634 0.000000e+00
-65.9588764951 0.000000e+00
-65.5749035268 0.000000e+00
-65.1909305585 0.000000e+00
-64.8069575902 0.000000e+00
-64.4229846219 0.000000e+00
-64.0390116536 0.000000e+00
-63.6550386853 0.000000e+00
-63.271065717 0.000000e+00
-62.8870927487 0.000000e+00
-62.5031197804 0.000000e+00
-62.1191468121 0.000000e+00
-61.7351738438 0.000000e+00
-61.3512008755 0.000000e+00
-60.9672279072 0.000000e+00
-60.5832549389 0.000000e+00
-60.1992819705 0.000000e+00
-59.8153090022 0.000000e+00
-59.4313360339 0.000000e+00
-59.0473630656 0.000000e+00
-58.6633900973 0.000000e+00
-58.279417129 0.000000e+00
-57.8954441607 0.000000e+00
-57.5114711924 0.000000e+00
-57.1274982241 0.000000e+00
-56.7435252558 0.000000e+00
-56.3595522875 0.000000e+00
-55.9755793192 0.000000e+00
-55.5916063509 0.000000e+00
-55.2076333826 0.000000e+00
-54.8236604143 0.000000e+00
-54.439687446 0.000000e+00
-54.0557144777 0.000000e+00
-53.6717415094 0.000000e+00
-53.2877685411 0.000000e+00
-52.9037955728 0.000000e+00
-52.5198226045 0.000000e+00
-52.1358496362 0.000000e+00
-51.7518766679 0.000000e+00
-51.3679036996 0.000000e+00
-50.9839307313 0.000000e+00
-50.599957763 0.000000e+00
-50.2159847947 0.000000e+00
-49.8320118264 0.000000e+00
-49.4480388581 0.000000e+00
-49.0640658898 0.000000e+00
-48.6800929215 0.000000e+00
-48.2961199532 0.000000e+00
-47.9121469849 0.000000e+00
-47.5281740165 0.000000e+00
-47.1442010482 0.000000e+00
-46.7602280799 0.000000e+00
-46.3762551116 0.000000e+00
-45.9922821433 0.000000e+00
-45.608309175 0.000000e+00
-45.2243362067 0.000000e+00
-44.8403632384 0.000000e+00
-44.4563902701 0.000000e+00
-44.0724173018 0.000000e+00
-43.6884443335 0.000000e+00
-43.3044713652 0.000000e+00
-42.9204983969 0.000000e+00
-42.5365254286 0.000000e+00
-42.1525524603 0.000000e+00
-41.768579492 0.000000e+00
-41.3846065237 0.000000e+00
-41.0006335554 0.000000e+00
-40.6166605871 0.000000e+00
-40.2326876188 0.000000e+00
-39.8487146505 0.000000e+00
-39.4647416822 0.000000e+00
-39.0807687139 0.000000e+00
-38.6967957456 0.000000e+00
-38.3128227773 0.000000e+00
-37.928849809 0.000000e+00
-37.5448768407 0.000000e+00
-37.1609038724 0.000000e+00
-36.7769309041 0.000000e+00
-36.3929579358 0.000000e+00
-36.0089849675 0.000000e+00
-35.6250119992 0.000000e+00
-35.2410390309 0.000000e+00
-34.8570660625 0.000000e+00
-34.4730930942 0.000000e+00
-34.0891201259 0.000000e+00
-33.7051471576 0.000000e+00
-33.3211741893 0.000000e+00
-32.937201221 0.000000e+00
-32.5532282527 0.000000e+00
-32.1692552844 0.000000e+00
-31.7852823161 0.000000e+00
-31.4013093478 0.000000e+00
-31.0173363795 0.000000e+00
-30.6333634112 0.000000e+00
-30.2493904429 0.000000e+00
-29.8654174746 0.000000e+00
-29.4814445063 0.000000e+00
-29.097471538 0.000000e+00
-28.7134985697 0.000000e+00
-28.3295256014 0.000000e+00
-27.9455526331 0.000000e+00
-27.5615796648 0.000000e+00
-27.1776066965 0.000000e+00
-26.7936337282 0.000000e+00
-26.4096607599 0.000000e+00
-26.0256877916 0.000000e+00
-25.6417148233 0.000000e+00
-25.257741855 0.000000e+00
-24.8737688867 0.000000e+00
-24.4897959184 0.000000e+00
-24.1058229501 0.000000e+00
-23.7218499818 0.000000e+00
-23.3378770135 0.000000e+00
-22.9539040452 0.000000e+00
-22.5699310769 0.000000e+00
-22.1859581085 0.000000e+00
-21.8019851402 0.000000e+00
-21.4180121719 0.000000e+00
-21.0340392036 0.000000e+00
-20.6500662353 0.000000e+00
-20.266093267 0.000000e+00
-19.8821202987 0.000000e+00
-19.4981473304 0.000000e+00
-19.1141743621 0.000000e+00
-18.7302013938 0.000000e+00
-18.3462284255 0.000000e+00
-17.9622554572 0.000000e+00
-17.5782824889 0.000000e+00
-17.1943095206 0.000000e+00
-16.8103365523 0.000000e+00
-16.426363584 0.000000e+00
-16.0423906157 0.000000e+00
-15.6584176474 0.000000e+00
-15.2744446791 0.000000e+00
-14.8904717108 0.000000e+00
-14.5064987425 0.000000e+00
-14.1225257742 0.000000e+00
-13.7385528059 0.000000e+00
-13.3545798376 0.000000e+00
-12.9706068693 0.000000e+00
-12.586633901 0.000000e+00
-12.2026609327 0.000000e+00
-11.8186879644 0.000000e+00
-11.4347149961 0.000000e+00
-11.0507420278 0.000000e+00
-10.6667690595 0.000000e+00
-10.2827960912 0.000000e+00
-9.89882312285 0.000000e+00
-9.51485015455 0.000000e+00
-9.13087718625 0.000000e+00
-8.74690421794 0.000000e+00
-8.36293124964 0.000000e+00
-7.97895828134 0.000000e+00
-7.59498531303 0.000000e+00
-7.21101234473 0.000000e+00
-6.82703937643 0.000000e+00
-6.44306640812 0.000000e+00
-6.05909343982 0.000000e+00
-5.67512047152 0.000000e+00
-5.29114750322 0.000000e+00
-4.90717453491 0.000000e+00
-4.52320156661 0.000000e+00
-4.13922859831 0.000000e+00
-3.75525563 0.000000e+00
-3.3712826617 0.000000e+00
-2.9873096934 0.000000e+00
-2.60333672509 7.508425e-02
-2.21936375679 7.711024e-02
-1.83539078849 1.487611e-01
-1.45141782019 1.085177e-01
-1.06744485188 1.466174e-01
-0.683471883579 2.501350e-01
-0.299498915276 5.264013e-01
0.0844740530267 8.953239e-01
0.46844702133 1.000000e+00
0.852419989633 9.045393e-01
1.23639295794 4.601622e-01
1.62036592624 5.016161e-01
2.00433889454 7.806913e-01
2.38831186284 5.885787e-01
2.77228483115 5.093324e-01
3.15625779945 4.378727e-01
3.54023076775 3.880122e-01
3.92420373606 4.904658e-01
4.30817670436 6.044453e-01
4.69214967266 5.809080e-01
5.07612264097 3.746442e-01
5.46009560927 3.621631e-01
5.84406857757 2.256935e-01
6.22804154588 3.551952e-01
6.61201451418 2.343285e-01
6.99598748248 1.297396e-01
7.37996045078 1.751850e-01
7.76393341909 4.906925e-01
8.14790638739 3.510709e-01
8.53187935569 1.123503e-01
8.915852324 8.606911e-02
9.2998252923 1.365368e-01
9.6837982606 1.162939e-01
10.0677712289 1.392254e-01
10.4517441972 1.492543e-01
10.8357171655 8.812713e-02
11.2196901338 0.000000e+00
11.6036631021 8.199940e-02
11.9876360704 0.000000e+00
12.3716090387 0.000000e+00
12.755582007 8.519811e-02
13.1395549753 0.000000e+00
13.5235279436 0.000000e+00
13.9075009119 0.000000e+00
14.2914738802 1.216072e-01
14.6754468485 0.000000e+00
15.0594198168 0.000000e+00
15.4433927851 0.000000e+00
15.8273657535 0.000000e+00
16.2113387218 0.000000e+00
16.5953116901 0.000000e+00
16.9792846584 0.000000e+00
17.3632576267 0.000000e+00
17.747230595 0.000000e+00
18.1312035633 0.000000e+00
18.5151765316 0.000000e+00
18.8991494999 0.000000e+00
19.2831224682 0.000000e+00
19.6670954365 0.000000e+00
20.0510684048 0.000000e+00
20.4350413731 0.000000e+00
20.8190143414 0.000000e+00
21.2029873097 0.000000e+00
21.586960278 0.000000e+00
21.9709332463 0.000000e+00
22.3549062146 0.000000e+00
22.7388791829 0.000000e+00
23.1228521512 7.675973e-02
23.5068251195 0.000000e+00
23.8907980878 0.000000e+00
24.2747710561 0.000000e+00
24.6587440244 0.000000e+00
25.0427169927 0.000000e+00
25.426689961 0.000000e+00
25.8106629293 0.000000e+00
26.1946358976 0.000000e+00
26.5786088659 0.000000e+00
26.9625818342 0.000000e+00
27.3465548025 0.000000e+00
27.7305277708 0.000000e+00
28.1145007391 0.000000e+00
28.4984737075 0.000000e+00
28.8824466758 0.000000e+00
29.2664196441 0.000000e+00
29.6503926124 0.000000e+00
30.0343655807 0.000000e+00
30.418338549 0.000000e+00
30.8023115173 0.000000e+00
31.1862844856 0.000000e+00
31.5702574539 0.000000e+00
31.9542304222 0.000000e+00
32.3382033905 0.000000e+00
32.7221763588 0.000000e+00
33.1061493271 0.000000e+00
33.4901222954 0.000000e+00
33.8740952637 0.000000e+00
34.258068232 0.000000e+00
34.6420412003 0.000000e+00
35.0260141686 0.000000e+00
35.4099871369 0.000000e+00
35.7939601052 0.000000e+00
36.1779330735 0.000000e+00
36.5619060418 0.000000e+00
36.9458790101 0.000000e+00
37.3298519784 0.000000e+00
37.7138249467 0.000000e+00
38.097797915 0.000000e+00
38.4817708833 0.000000e+00
38.8657438516 0.000000e+00
39.2497168199 0.000000e+00
39.6336897882 0.000000e+00
40.0176627565 0.000000e+00
40.4016357248 0.000000e+00
40.7856086931 0.000000e+00
41.1695816615 0.000000e+00
41.5535546298 0.000000e+00
41.9375275981 0.000000e+00
42.3215005664 0.000000e+00
42.7054735347 0.000000e+00
43.089446503 0.000000e+00
43.4734194713 0.000000e+00
43.8573924396 0.000000e+00
44.2413654079 0.000000e+00
44.6253383762 0.000000e+00
45.0093113445 0.000000e+00
45.3932843128 0.000000e+00
45.7772572811 0.000000e+00
46.1612302494 0.000000e+00
46.5452032177 0.000000e+00
46.929176186 0.000000e+00
47.3131491543 0.000000e+00
47.6971221226 0.000000e+00
48.0810950909 0.000000e+00
48.4650680592 0.000000e+00
48.8490410275 0.000000e+00
49.2330139958 0.000000e+00
49.6169869641 0.000000e+00
50.0009599324 0.000000e+00
50.3849329007 0.000000e+00
50.768905869 0.000000e+00
51.1528788373 7.919260e-02
51.5368518056 0.000000e+00
51.9208247739 0.000000e+00
52.3047977422 6.405959e-02
52.6887707105 0.000000e+00
53.0727436788 0.000000e+00
53.4567166471 0.000000e+00
53.8406896155 0.000000e+00
54.2246625838 7.838805e-02
54.6086355521 9.637218e-02
54.9926085204 1.430793e-01
55.3765814887 8.608696e-02
55.760554457 8.300676e-02
56.1445274253 1.017142e-01
56.5285003936 9.662713e-02
56.9124733619 7.605802e-02
57.2964463302 5.448514e-02
57.6804192985 5.807523e-02
58.0643922668 7.756682e-02
58.4483652351 0.000000e+00
58.8323382034 0.000000e+00
59.2163111717 0.000000e+00
59.60028414 5.923844e-02
59.9842571083 0.000000e+00
60.3682300766 0.000000e+00
60.7522030449 0.000000e+00
61.1361760132 0.000000e+00
61.5201489815 0.000000e+00
61.9041219498 0.000000e+00
62.2880949181 0.000000e+00
62.6720678864 0.000000e+00
63.0560408547 0.000000e+00
63.440013823 4.570185e-02
63.8239867913 0.000000e+00
64.2079597596 0.000000e+00
64.5919327279 0.000000e+00
64.9759056962 0.000000e+00
65.3598786645 0.000000e+00
65.7438516328 0.000000e+00
66.1278246011 0.000000e+00
66.5117975695 0.000000e+00
66.8957705378 0.000000e+00
67.2797435061 0.000000e+00
67.6637164744 0.000000e+00
68.0476894427 0.000000e+00
68.431662411 0.000000e+00
68.8156353793 0.000000e+00
69.1996083476 0.000000e+00
69.5835813159 0.000000e+00
69.9675542842 0.000000e+00
70.3515272525 0.000000e+00
70.7355002208 0.000000e+00
71.1194731891 0.000000e+00
71.5034461574 0.000000e+00
71.8874191257 0.000000e+00
72.271392094 0.000000e+00
72.6553650623 0.000000e+00
73.0393380306 0.000000e+00
73.4233109989 0.000000e+00
73.8072839672 0.000000e+00
74.1912569355 0.000000e+00
74.5752299038 0.000000e+00
74.9592028721 0.000000e+00
75.3431758404 0.000000e+00
75.7271488087 0.000000e+00
76.111121777 0.000000e+00
76.4950947453 0.000000e+00
76.8790677136 0.000000e+00
77.2630406819 0.000000e+00
77.6470136502 0.000000e+00
78.0309866185 0.000000e+00
78.4149595868 0.000000e+00
78.7989325551 0.000000e+00
79.1829055235 0.000000e+00
79.5668784918 0.000000e+00
79.9508514601 0.000000e+00
80.3348244284 0.000000e+00
80.7187973967 0.000000e+00
81.102770365 0.000000e+00
81.4867433333 0.000000e+00
81.8707163016 0.000000e+00
82.2546892699 0.000000e+00
82.6386622382 0.000000e+00
83.0226352065 0.000000e+00
83.4066081748 0.000000e+00
83.7905811431 0.000000e+00
84.1745541114 0.000000e+00
84.5585270797 0.000000e+00
84.942500048 0.000000e+00
85.3264730163 0.000000e+00
85.7104459846 0.000000e+00
86.0944189529 0.000000e+00
86.4783919212 0.000000e+00
86.8623648895 0.000000e+00
87.2463378578 0.000000e+00
87.6303108261 0.000000e+00
88.0142837944 0.000000e+00
88.3982567627 0.000000e+00
88.782229731 0.000000e+00
89.1662026993 0.000000e+00
89.5501756676 0.000000e+00
89.9341486359 0.000000e+00
90.3181216042 0.000000e+00
90.7020945725 0.000000e+00
91.0860675408 0.000000e+00
91.4700405091 0.000000e+00
91.8540134775 0.000000e+00
92.2379864458 0.000000e+00
92.6219594141 0.000000e+00
93.0059323824 0.000000e+00
93.3899053507 0.000000e+00
93.773878319 0.000000e+00
94.1578512873 0.000000e+00
94.5418242556 0.000000e+00
94.9257972239 0.000000e+00
95.3097701922 0.000000e+00
95.6937431605 0.000000e+00
96.0777161288 0.000000e+00
96.4616890971 0.000000e+00
96.8456620654 0.000000e+00
97.2296350337 0.000000e+00
97.613608002 0.000000e+00
97.9975809703 0.000000e+00
98.3815539386 0.000000e+00
98.7655269069 0.000000e+00
99.1494998752 0.000000e+00
99.5334728435 0.000000e+00
99.9174458118 0.000000e+00
100.30141878 0.000000e+00
100.685391748 0.000000e+00
101.069364717 0.000000e+00
101.453337685 0.000000e+00
101.837310653 0.000000e+00
102.221283622 0.000000e+00
102.60525659 0.000000e+00
102.989229558 0.000000e+00
103.373202527 0.000000e+00
103.757175495 0.000000e+00
104.141148463 0.000000e+00
104.525121431 0.000000e+00
104.9090944 0.000000e+00
105.293067368 0.000000e+00
105.677040336 0.000000e+00
106.061013305 0.000000e+00
106.444986273 0.000000e+00
106.828959241 0.000000e+00
107.21293221 0.000000e+00
107.596905178 0.000000e+00
107.980878146 0.000000e+00
108.364851114 0.000000e+00
108.748824083 0.000000e+00
109.132797051 0.000000e+00
109.516770019 0.000000e+00
109.900742988 0.000000e+00
110.284715956 0.000000e+00
110.668688924 0.000000e+00
111.052661893 0.000000e+00
111.436634861 0.000000e+00
111.820607829 0.000000e+00
112.204580798 0.000000e+00
112.588553766 0.000000e+00
112.972526734 0.000000e+00
113.356499702 0.000000e+00
113.740472671 0.000000e+00
114.124445639 0.000000e+00
114.508418607 0.000000e+00
114.892391576 0.000000e+00
115.276364544 0.000000e+00
115.660337512 0.000000e+00
116.044310481 0.000000e+00
116.428283449 0.000000e+00
116.812256417 0.000000e+00
117.196229385 0.000000e+00
117.580202354 0.000000e+00
117.964175322 0.000000e+00
118.34814829 0.000000e+00
118.732121259 0.000000e+00
119.116094227 0.000000e+00
119.500067195 0.000000e+00
119.884040164 0.000000e+00
120.268013132 0.000000e+00
120.6519861 0.000000e+00
121.035959068 0.000000e+00
121.419932037 0.000000e+00
121.803905005 0.000000e+00
122.187877973 0.000000e+00
122.571850942 0.000000e+00
122.95582391 0.000000e+00
123.339796878 0.000000e+00
123.723769847 0.000000e+00
124.107742815 0.000000e+00
124.491715783 0.000000e+00
124.875688752 0.000000e+00
125.25966172 0.000000e+00
125.643634688 0.000000e+00
126.027607656 0.000000e+00
126.411580625 0.000000e+00
126.795553593 0.000000e+00
127.179526561 0.000000e+00
127.56349953 0.000000e+00
127.947472498 0.000000e+00
128.331445466 0.000000e+00
128.715418435 0.000000e+00
129.099391403 0.000000e+00
129.483364371 0.000000e+00
129.867337339 0.000000e+00
130.251310308 0.000000e+00
130.635283276 0.000000e+00
131.019256244 0.000000e+00
131.403229213 0.000000e+00
131.787202181 0.000000e+00
132.171175149 0.000000e+00
132.555148118 0.000000e+00
132.939121086 0.000000e+00
133.323094054 0.000000e+00
133.707067022 0.000000e+00
134.091039991 0.000000e+00
134.475012959 0.000000e+00
134.858985927 0.000000e+00
135.242958896 0.000000e+00
135.626931864 0.000000e+00
136.010904832 0.000000e+00
136.394877801 0.000000e+00
136.778850769 0.000000e+00
137.162823737 0.000000e+00
137.546796706 0.000000e+00
137.930769674 0.000000e+00
138.314742642 0.000000e+00
138.69871561 0.000000e+00
139.082688579 0.000000e+00
139.466661547 0.000000e+00
139.850634515 0.000000e+00
140.234607484 0.000000e+00
140.618580452 0.000000e+00
141.00255342 0.000000e+00
141.386526389 0.000000e+00
141.770499357 0.000000e+00
142.154472325 0.000000e+00
142.538445293 0.000000e+00
142.922418262 0.000000e+00
143.30639123 0.000000e+00
143.690364198 0.000000e+00
144.074337167 0.000000e+00
144.458310135 0.000000e+00
144.842283103 0.000000e+00
145.226256072 0.000000e+00
145.61022904 0.000000e+00
145.994202008 0.000000e+00
146.378174976 0.000000e+00
146.762147945 0.000000e+00
147.146120913 0.000000e+00
147.530093881 0.000000e+00
147.91406685 0.000000e+00
148.298039818 0.000000e+00
148.682012786 0.000000e+00
149.065985755 0.000000e+00
149.449958723 0.000000e+00
149.833931691 0.000000e+00
150.21790466 0.000000e+00
150.601877628 0.000000e+00
150.985850596 0.000000e+00
151.369823564 0.000000e+00
151.753796533 0.000000e+00
152.137769501 0.000000e+00
152.521742469 0.000000e+00
152.905715438 0.000000e+00
153.289688406 0.000000e+00
153.673661374 0.000000e+00
154.057634343 0.000000e+00
154.441607311 0.000000e+00
154.825580279 0.000000e+00
155.209553247 0.000000e+00
155.593526216 0.000000e+00
155.977499184 0.000000e+00
156.361472152 0.000000e+00
156.745445121 0.000000e+00
157.129418089 0.000000e+00
157.513391057 0.000000e+00
157.897364026 0.000000e+00
158.281336994 0.000000e+00
158.665309962 0.000000e+00
159.04928293 0.000000e+00
159.433255899 0.000000e+00
159.817228867 0.000000e+00
160.201201835 0.000000e+00
160.585174804 0.000000e+00
160.969147772 0.000000e+00
161.35312074 0.000000e+00
161.737093709 0.000000e+00
162.121066677 0.000000e+00
162.505039645 0.000000e+00
162.889012614 0.000000e+00
163.272985582 0.000000e+00
163.65695855 0.000000e+00
164.040931518 0.000000e+00
164.424904487 0.000000e+00
164.808877455 0.000000e+00
165.192850423 0.000000e+00
165.576823392 0.000000e+00
165.96079636 0.000000e+00
166.344769328 0.000000e+00
166.728742297 0.000000e+00
167.112715265 0.000000e+00
167.496688233 0.000000e+00
167.880661201 0.000000e+00
168.26463417 0.000000e+00
168.648607138 0.000000e+00
169.032580106 0.000000e+00
169.416553075 0.000000e+00
169.800526043 0.000000e+00
170.184499011 0.000000e+00
170.56847198 0.000000e+00
170.952444948 0.000000e+00
171.336417916 0.000000e+00
171.720390884 0.000000e+00
172.104363853 0.000000e+00
172.488336821 0.000000e+00
172.872309789 0.000000e+00
173.256282758 0.000000e+00
173.640255726 0.000000e+00
174.024228694 0.000000e+00
174.408201663 0.000000e+00
174.792174631 0.000000e+00
175.176147599 0.000000e+00
175.560120568 0.000000e+00
175.944093536 0.000000e+00
176.328066504 0.000000e+00
176.712039472 0.000000e+00
177.096012441 0.000000e+00
177.479985409 0.000000e+00
177.863958377 0.000000e+00
178.247931346 0.000000e+00
178.631904314 0.000000e+00
179.015877282 0.000000e+00
179.399850251 0.000000e+00
179.783823219 0.000000e+00
180.167796187 0.000000e+00
180.551769155 0.000000e+00
180.935742124 0.000000e+00
181.319715092 0.000000e+00
181.70368806 0.000000e+00
182.087661029 0.000000e+00
182.471633997 0.000000e+00
182.855606965 0.000000e+00
183.239579934 0.000000e+00
183.623552902 0.000000e+00
184.00752587 0.000000e+00
184.391498838 0.000000e+00
184.775471807 0.000000e+00
185.159444775 0.000000e+00
185.543417743 0.000000e+00
185.927390712 0.000000e+00
186.31136368 0.000000e+00
186.695336648 0.000000e+00
187.079309617 0.000000e+00
187.463282585 0.000000e+00
187.847255553 0.000000e+00
188.231228522 0.000000e+00
188.61520149 0.000000e+00
188.999174458 0.000000e+00
189.383147426 0.000000e+00
189.767120395 0.000000e+00
190.151093363 0.000000e+00
190.535066331 0.000000e+00
190.9190393 0.000000e+00
191.303012268 0.000000e+00
191.686985236 0.000000e+00
192.070958205 0.000000e+00
192.454931173 0.000000e+00
192.838904141 0.000000e+00
193.222877109 0.000000e+00
193.606850078 0.000000e+00
193.990823046 0.000000e+00
194.374796014 0.000000e+00
194.758768983 0.000000e+00
195.142741951 0.000000e+00
195.526714919 0.000000e+00
195.910687888 0.000000e+00
196.294660856 0.000000e+00
196.678633824 0.000000e+00
197.062606792 0.000000e+00
197.446579761 0.000000e+00
197.830552729 0.000000e+00
198.214525697 0.000000e+00
198.598498666 0.000000e+00
198.982471634 0.000000e+00
199.366444602 0.000000e+00
199.750417571 0.000000e+00
200.134390539 0.000000e+00
200.518363507 0.000000e+00
200.902336476 0.000000e+00
201.286309444 0.000000e+00
201.670282412 0.000000e+00
202.05425538 0.000000e+00
202.438228349 0.000000e+00
202.822201317 0.000000e+00
203.206174285 0.000000e+00
203.590147254 0.000000e+00
203.974120222 0.000000e+00
204.35809319 0.000000e+00
204.742066159 0.000000e+00
205.126039127 0.000000e+00
205.510012095 0.000000e+00
205.893985063 0.000000e+00
206.277958032 0.000000e+00
206.661931 0.000000e+00
207.045903968 0.000000e+00
207.429876937 0.000000e+00
207.813849905 0.000000e+00
208.197822873 0.000000e+00
208.581795842 0.000000e+00
208.96576881 0.000000e+00
209.349741778 0.000000e+00
209.733714746 0.000000e+00
210.117687715 0.000000e+00
210.501660683 0.000000e+00
210.885633651 0.000000e+00
211.26960662 0.000000e+00
211.653579588 0.000000e+00
212.037552556 0.000000e+00
212.421525525 0.000000e+00
212.805498493 0.000000e+00
213.189471461 0.000000e+00
213.57344443 0.000000e+00
213.957417398 0.000000e+00
214.341390366 0.000000e+00
214.725363334 0.000000e+00
215.109336303 0.000000e+00
215.493309271 0.000000e+00
215.877282239 0.000000e+00
216.261255208 0.000000e+00
216.645228176 0.000000e+00
217.029201144 0.000000e+00
217.413174113 0.000000e+00
217.797147081 0.000000e+00
218.181120049 0.000000e+00
218.565093017 0.000000e+00
218.949065986 0.000000e+00
219.333038954 0.000000e+00
219.717011922 0.000000e+00
220.100984891 0.000000e+00
220.484957859 0.000000e+00
220.868930827 0.000000e+00
221.252903796 0.000000e+00
221.636876764 0.000000e+00
222.020849732 0.000000e+00
222.4048227 0.000000e+00
222.788795669 0.000000e+00
223.172768637 0.000000e+00
223.556741605 0.000000e+00
223.940714574 0.000000e+00
224.324687542 0.000000e+00
224.70866051 0.000000e+00
225.092633479 0.000000e+00
225.476606447 0.000000e+00
225.860579415 0.000000e+00
226.244552384 0.000000e+00
226.628525352 0.000000e+00
227.01249832 0.000000e+00
227.396471288 0.000000e+00
227.780444257 0.000000e+00
228.164417225 0.000000e+00
228.548390193 0.000000e+00
228.932363162 0.000000e+00
229.31633613 0.000000e+00
229.700309098 0.000000e+00
230.084282067 0.000000e+00
230.468255035 0.000000e+00
230.852228003 0.000000e+00
231.236200971 0.000000e+00
231.62017394 0.000000e+00
232.004146908 0.000000e+00
232.388119876 0.000000e+00
232.772092845 0.000000e+00
233.156065813 0.000000e+00
233.540038781 0.000000e+00
233.92401175 0.000000e+00
234.307984718 0.000000e+00
234.691957686 0.000000e+00
235.075930654 0.000000e+00
235.459903623 0.000000e+00
235.843876591 0.000000e+00
236.227849559 0.000000e+00
236.611822528 0.000000e+00
236.995795496 0.000000e+00
237.379768464 0.000000e+00
237.763741433 0.000000e+00
238.147714401 0.000000e+00
238.531687369 0.000000e+00
238.915660338 0.000000e+00
239.299633306 0.000000e+00
239.683606274 0.000000e+00
240.067579242 0.000000e+00
240.451552211 0.000000e+00
240.835525179 0.000000e+00
241.219498147 0.000000e+00
241.603471116 0.000000e+00
241.987444084 0.000000e+00
242.371417052 0.000000e+00
242.755390021 0.000000e+00
243.139362989 0.000000e+00
243.523335957 0.000000e+00
243.907308925 0.000000e+00
244.291281894 0.000000e+00
244.675254862 0.000000e+00
245.05922783 0.000000e+00
245.443200799 0.000000e+00
245.827173767 0.000000e+00
246.211146735 0.000000e+00
246.595119704 0.000000e+00
246.979092672 0.000000e+00
247.36306564 0.000000e+00
247.747038608 0.000000e+00
248.131011577 0.000000e+00
248.514984545 0.000000e+00
248.898957513 0.000000e+00
249.282930482 0.000000e+00
249.66690345 0.000000e+00
250.050876418 0.000000e+00
250.434849387 0.000000e+00
250.818822355 0.000000e+00
251.202795323 0.000000e+00
251.586768292 0.000000e+00
251.97074126 0.000000e+00
252.354714228 0.000000e+00
252.738687196 0.000000e+00
253.122660165 0.000000e+00
253.506633133 0.000000e+00
253.890606101 0.000000e+00
254.27457907 0.000000e+00
254.658552038 0.000000e+00
255.042525006 0.000000e+00
255.426497975 0.000000e+00
255.810470943 0.000000e+00
256.194443911 0.000000e+00
256.578416879 0.000000e+00
256.962389848 0.000000e+00
257.346362816 0.000000e+00
257.730335784 0.000000e+00
258.114308753 0.000000e+00
258.498281721 0.000000e+00
258.882254689 0.000000e+00
259.266227658 0.000000e+00
259.650200626 0.000000e+00
260.034173594 0.000000e+00
260.418146562 0.000000e+00
260.802119531 0.000000e+00
261.186092499 0.000000e+00
261.570065467 0.000000e+00
261.954038436 0.000000e+00
262.338011404 0.000000e+00
262.721984372 0.000000e+00
263.105957341 0.000000e+00
263.489930309 0.000000e+00
263.873903277 0.000000e+00
264.257876246 0.000000e+00
264.641849214 0.000000e+00
265.025822182 0.000000e+00
265.40979515 0.000000e+00
265.793768119 0.000000e+00
266.177741087 0.000000e+00
266.561714055 0.000000e+00
266.945687024 0.000000e+00
267.329659992 0.000000e+00
267.71363296 0.000000e+00
268.097605929 0.000000e+00
268.481578897 0.000000e+00
268.865551865 0.000000e+00
269.249524833 0.000000e+00
269.633497802 0.000000e+00
270.01747077 0.000000e+00
270.401443738 0.000000e+00
270.785416707 0.000000e+00
271.169389675 0.000000e+00
271.553362643 0.000000e+00
271.937335612 0.000000e+00
272.32130858 0.000000e+00
272.705281548 0.000000e+00
273.089254516 0.000000e+00
273.473227485 0.000000e+00
273.857200453 0.000000e+00
274.241173421 0.000000e+00
274.62514639 0.000000e+00
275.009119358 0.000000e+00
275.393092326 0.000000e+00
275.777065295 0.000000e+00
276.161038263 0.000000e+00
276.545011231 0.000000e+00
276.9289842 0.000000e+00
277.312957168 0.000000e+00
277.696930136 0.000000e+00
278.080903104 0.000000e+00
278.464876073 0.000000e+00
278.848849041 0.000000e+00
279.232822009 0.000000e+00
279.616794978 0.000000e+00
280.000767946 0.000000e+00
280.384740914 0.000000e+00
280.768713883 0.000000e+00
281.152686851 0.000000e+00
281.536659819 0.000000e+00
281.920632787 0.000000e+00
282.304605756 0.000000e+00
282.688578724 0.000000e+00
283.072551692 0.000000e+00
283.456524661 0.000000e+00
283.840497629 0.000000e+00
284.224470597 0.000000e+00
284.608443566 0.000000e+00
284.992416534 0.000000e+00
285.376389502 0.000000e+00
285.76036247 0.000000e+00
286.144335439 0.000000e+00
286.528308407 0.000000e+00
286.912281375 0.000000e+00
287.296254344 0.000000e+00
287.680227312 0.000000e+00
288.06420028 0.000000e+00
288.448173249 0.000000e+00
288.832146217 0.000000e+00
289.216119185 0.000000e+00
289.600092154 0.000000e+00
289.984065122 0.000000e+00
290.36803809 0.000000e+00
290.752011058 0.000000e+00
291.135984027 0.000000e+00
291.519956995 0.000000e+00
291.903929963 0.000000e+00
292.287902932 0.000000e+00
292.6718759 0.000000e+00
293.055848868 0.000000e+00
293.439821837 0.000000e+00
293.823794805 0.000000e+00
294.207767773 0.000000e+00
294.591740741 0.000000e+00
294.97571371 0.000000e+00
295.359686678 0.000000e+00
295.743659646 0.000000e+00
296.127632615 0.000000e+00
296.511605583 0.000000e+00
296.895578551 0.000000e+00
297.27955152 0.000000e+00
297.663524488 0.000000e+00
298.047497456 0.000000e+00
298.431470424 0.000000e+00
298.815443393 0.000000e+00
299.199416361 0.000000e+00
299.583389329 0.000000e+00
299.967362298 0.000000e+00
300.351335266 0.000000e+00
300.735308234 0.000000e+00
301.119281203 0.000000e+00
301.503254171 0.000000e+00
301.887227139 0.000000e+00
302.271200108 0.000000e+00
302.655173076 0.000000e+00
303.039146044 0.000000e+00
303.423119012 0.000000e+00
303.807091981 0.000000e+00
304.191064949 0.000000e+00
304.575037917 0.000000e+00
304.959010886 0.000000e+00
305.342983854 0.000000e+00
305.726956822 0.000000e+00
306.110929791 0.000000e+00
306.494902759 0.000000e+00
306.878875727 0.000000e+00
307.262848695 0.000000e+00
307.646821664 0.000000e+00
308.030794632 0.000000e+00
308.4147676 0.000000e+00
308.798740569 0.000000e+00
309.182713537 0.000000e+00
309.566686505 0.000000e+00
309.950659474 0.000000e+00
310.334632442 0.000000e+00
310.71860541 0.000000e+00
311.102578378 0.000000e+00
311.486551347 0.000000e+00
311.870524315 0.000000e+00
312.254497283 0.000000e+00
312.638470252 0.000000e+00
313.02244322 0.000000e+00
313.406416188 0.000000e+00
313.790389157 0.000000e+00
314.174362125 0.000000e+00
314.558335093 0.000000e+00
314.942308062 0.000000e+00
315.32628103 0.000000e+00
315.710253998 0.000000e+00
316.094226966 0.000000e+00
316.478199935 0.000000e+00
316.862172903 0.000000e+00
317.246145871 0.000000e+00
317.63011884 0.000000e+00
318.014091808 0.000000e+00
318.398064776 0.000000e+00
318.782037745 0.000000e+00
319.166010713 0.000000e+00
319.549983681 0.000000e+00
319.933956649 0.000000e+00
320.317929618 0.000000e+00
320.701902586 0.000000e+00
321.085875554 0.000000e+00
321.469848523 0.000000e+00
321.853821491 0.000000e+00
322.237794459 0.000000e+00
322.621767428 0.000000e+00
323.005740396 0.000000e+00
323.389713364 0.000000e+00
323.773686332 0.000000e+00
324.157659301 0.000000e+00
324.541632269 0.000000e+00
324.925605237 0.000000e+00
325.309578206 0.000000e+00
325.693551174 0.000000e+00
326.077524142 0.000000e+00
326.461497111 0.000000e+00
326.845470079 0.000000e+00
327.229443047 0.000000e+00
327.613416016 0.000000e+00
327.997388984 0.000000e+00
328.381361952 0.000000e+00
328.76533492 0.000000e+00
329.149307889 0.000000e+00
329.533280857 0.000000e+00
329.917253825 0.000000e+00
330.301226794 0.000000e+00
330.685199762 0.000000e+00
331.06917273 0.000000e+00
331.453145699 0.000000e+00
331.837118667 0.000000e+00
332.221091635 0.000000e+00
332.605064603 0.000000e+00
332.989037572 0.000000e+00
333.37301054 0.000000e+00
333.756983508 0.000000e+00
334.140956477 0.000000e+00
334.524929445 0.000000e+00
334.908902413 0.000000e+00
335.292875382 0.000000e+00
335.67684835 0.000000e+00
336.060821318 0.000000e+00
336.444794286 0.000000e+00
336.828767255 0.000000e+00
337.212740223 0.000000e+00
337.596713191 0.000000e+00
337.98068616 0.000000e+00
338.364659128 0.000000e+00
338.748632096 0.000000e+00
339.132605065 0.000000e+00
339.516578033 0.000000e+00
339.900551001 0.000000e+00
340.28452397 0.000000e+00
340.668496938 0.000000e+00
341.052469906 0.000000e+00
341.436442874 0.000000e+00
341.820415843 0.000000e+00
342.204388811 0.000000e+00
342.588361779 0.000000e+00
342.972334748 0.000000e+00
343.356307716 0.000000e+00
343.740280684 0.000000e+00
344.124253653 0.000000e+00
344.508226621 0.000000e+00
344.892199589 0.000000e+00
345.276172557 0.000000e+00
345.660145526 0.000000e+00
346.044118494 0.000000e+00
346.428091462 0.000000e+00
346.812064431 0.000000e+00
347.196037399 0.000000e+00
347.580010367 0.000000e+00
347.963983336 0.000000e+00
348.347956304 0.000000e+00
348.731929272 0.000000e+00
349.11590224 0.000000e+00
349.499875209 0.000000e+00
349.883848177 0.000000e+00
350.267821145 0.000000e+00
350.651794114 0.000000e+00
351.035767082 0.000000e+00
351.41974005 0.000000e+00
351.803713019 0.000000e+00
352.187685987 0.000000e+00
352.571658955 0.000000e+00
352.955631924 0.000000e+00
353.339604892 0.000000e+00
353.72357786 0.000000e+00
354.107550828 0.000000e+00
354.491523797 0.000000e+00
354.875496765 0.000000e+00
355.259469733 0.000000e+00
355.643442702 0.000000e+00
356.02741567 0.000000e+00
356.411388638 0.000000e+00
356.795361607 0.000000e+00
357.179334575 0.000000e+00
357.563307543 0.000000e+00
357.947280511 0.000000e+00
358.33125348 0.000000e+00
358.715226448 0.000000e+00
359.099199416 0.000000e+00
359.483172385 0.000000e+00
359.867145353 0.000000e+00
360.251118321 0.000000e+00
360.63509129 0.000000e+00
361.019064258 0.000000e+00
361.403037226 0.000000e+00
361.787010194 0.000000e+00
362.170983163 0.000000e+00
362.554956131 0.000000e+00
362.938929099 0.000000e+00
363.322902068 0.000000e+00
363.706875036 0.000000e+00
364.090848004 0.000000e+00
364.474820973 0.000000e+00
364.858793941 0.000000e+00
365.242766909 0.000000e+00
365.626739878 0.000000e+00
366.010712846 0.000000e+00
366.394685814 0.000000e+00
366.778658782 0.000000e+00
367.162631751 0.000000e+00
367.546604719 0.000000e+00
367.930577687 0.000000e+00
368.314550656 0.000000e+00
368.698523624 0.000000e+00
369.082496592 0.000000e+00
369.466469561 0.000000e+00
370.466469561 0.0
371.466469561 0.0
372.466469561 0.0
373.466469561 0.0
374.466469561 0.0
375.466469561 0.0
376.466469561 0.0
377.466469561 0.0
378.466469561 0.0
379.466469561 0.0
380.466469561 0.0
381.466469561 0.0
382.466469561 0.0
383.466469561 0.0
384.466469561 0.0
385.466469561 0.0
386.466469561 0.0
387.466469561 0.0
388.466469561 0.0
389.466469561 0.0
390.466469561 0.0
391.466469561 0.0
392.466469561 0.0
393.466469561 0.0
394.466469561 0.0
395.466469561 0.0
396.466469561 0.0
397.466469561 0.0
398.466469561 0.0
399.466469561 0.0
400.466469561 0.0
401.466469561 0.0
402.466469561 0.0
403.466469561 0.0
404.466469561 0.0
405.466469561 0.0
406.466469561 0.0
407.466469561 0.0
408.466469561 0.0
409.466469561 0.0
410.466469561 0.0
411.466469561 0.0
412.466469561 0.0
413.466469561 0.0
414.466469561 0.0
415.466469561 0.0
416.466469561 0.0
417.466469561 0.0
418.466469561 0.0
419.466469561 0.0
420.466469561 0.0
421.466469561 0.0
422.466469561 0.0
423.466469561 0.0
424.466469561 0.0
425.466469561 0.0
426.466469561 0.0
427.466469561 0.0
428.466469561 0.0
429.466469561 0.0
430.466469561 0.0
431.466469561 0.0
432.466469561 0.0
433.466469561 0.0
434.466469561 0.0
435.466469561 0.0
436.466469561 0.0
437.466469561 0.0
438.466469561 0.0
439.466469561 0.0
440.466469561 0.0
441.466469561 0.0
442.466469561 0.0
443.466469561 0.0
444.466469561 0.0
445.466469561 0.0
446.466469561 0.0
447.466469561 0.0
448.466469561 0.0
449.466469561 0.0
450.466469561 0.0
451.466469561 0.0
452.466469561 0.0
453.466469561 0.0
454.466469561 0.0
455.466469561 0.0
456.466469561 0.0
457.466469561 0.0
458.466469561 0.0
459.466469561 0.0
460.466469561 0.0
461.466469561 0.0
462.466469561 0.0
463.466469561 0.0
464.466469561 0.0
465.466469561 0.0
466.466469561 0.0
467.466469561 0.0
468.466469561 0.0
469.466469561 0.0
470.466469561 0.0
471.466469561 0.0
472.466469561 0.0
473.466469561 0.0
474.466469561 0.0
475.466469561 0.0
476.466469561 0.0
477.466469561 0.0
478.466469561 0.0
479.466469561 0.0
480.466469561 0.0
481.466469561 0.0
482.466469561 0.0
483.466469561 0.0
484.466469561 0.0
485.466469561 0.0
486.466469561 0.0
487.466469561 0.0
488.466469561 0.0
489.466469561 0.0
490.466469561 0.0
491.466469561 0.0
492.466469561 0.0
493.466469561 0.0
494.466469561 0.0
495.466469561 0.0
496.466469561 0.0
497.466469561 0.0
498.466469561 0.0
499.466469561 0.0
500.466469561 0.0
501.466469561 0.0
502.466469561 0.0
503.466469561 0.0
504.466469561 0.0
505.466469561 0.0
506.466469561 0.0
507.466469561 0.0
508.466469561 0.0
509.466469561 0.0
510.466469561 0.0
511.466469561 0.0
512.466469561 0.0
513.466469561 0.0
514.466469561 0.0
515.466469561 0.0
516.466469561 0.0
517.466469561 0.0
518.466469561 0.0
519.466469561 0.0
520.466469561 0.0
521.466469561 0.0
522.466469561 0.0
523.466469561 0.0
524.466469561 0.0
525.466469561 0.0
526.466469561 0.0
527.466469561 0.0
528.466469561 0.0
529.466469561 0.0
530.466469561 0.0
531.466469561 0.0
532.466469561 0.0
533.466469561 0.0
534.466469561 0.0
535.466469561 0.0
536.466469561 0.0
537.466469561 0.0
538.466469561 0.0
539.466469561 0.0
540.466469561 0.0
541.466469561 0.0
542.466469561 0.0
543.466469561 0.0
544.466469561 0.0
545.466469561 0.0
546.466469561 0.0
547.466469561 0.0
548.466469561 0.0
549.466469561 0.0
550.466469561 0.0
551.466469561 0.0
552.466469561 0.0
553.466469561 0.0
554.466469561 0.0
555.466469561 0.0
556.466469561 0.0
557.466469561 0.0
558.466469561 0.0
559.466469561 0.0
560.466469561 0.0
561.466469561 0.0
562.466469561 0.0
563.466469561 0.0
564.466469561 0.0
565.466469561 0.0
566.466469561 0.0
567.466469561 0.0
568.466469561 0.0
569.466469561 0.0
570.466469561 0.0
571.466469561 0.0
572.466469561 0.0
573.466469561 0.0
574.466469561 0.0
575.466469561 0.0
576.466469561 0.0
577.466469561 0.0
578.466469561 0.0
579.466469561 0.0
580.466469561 0.0
581.466469561 0.0
582.466469561 0.0
583.466469561 0.0
584.466469561 0.0
585.466469561 0.0
586.466469561 0.0
587.466469561 0.0
588.466469561 0.0
589.466469561 0.0
590.466469561 0.0
591.466469561 0.0
592.466469561 0.0
593.466469561 0.0
594.466469561 0.0
595.466469561 0.0
596.466469561 0.0
597.466469561 0.0
598.466469561 0.0
599.466469561 0.0
600.466469561 0.0
601.466469561 0.0
602.466469561 0.0
603.466469561 0.0
604.466469561 0.0
605.466469561 0.0
606.466469561 0.0
607.466469561 0.0
608.466469561 0.0
609.466469561 0.0
610.466469561 0.0
611.466469561 0.0
612.466469561 0.0
613.466469561 0.0
614.466469561 0.0
615.466469561 0.0
616.466469561 0.0
617.466469561 0.0
618.466469561 0.0
619.466469561 0.0
620.466469561 0.0
621.466469561 0.0
622.466469561 0.0
623.466469561 0.0
624.466469561 0.0
625.466469561 0.0
626.466469561 0.0
627.466469561 0.0
628.466469561 0.0
629.466469561 0.0
630.466469561 0.0
631.466469561 0.0
632.466469561 0.0
633.466469561 0.0
634.466469561 0.0
635.466469561 0.0
636.466469561 0.0
637.466469561 0.0
638.466469561 0.0
639.466469561 0.0
640.466469561 0.0
641.466469561 0.0
642.466469561 0.0
643.466469561 0.0
644.466469561 0.0
645.466469561 0.0
646.466469561 0.0
647.466469561 0.0
648.466469561 0.0
649.466469561 0.0
650.466469561 0.0
651.466469561 0.0
652.466469561 0.0
653.466469561 0.0
654.466469561 0.0
655.466469561 0.0
656.466469561 0.0
657.466469561 0.0
658.466469561 0.0
659.466469561 0.0
660.466469561 0.0
661.466469561 0.0
662.466469561 0.0
663.466469561 0.0
664.466469561 0.0
665.466469561 0.0
666.466469561 0.0
667.466469561 0.0
668.466469561 0.0
669.466469561 0.0
670.466469561 0.0
671.466469561 0.0
672.466469561 0.0
673.466469561 0.0
674.466469561 0.0
675.466469561 0.0
676.466469561 0.0
677.466469561 0.0
678.466469561 0.0
679.466469561 0.0
680.466469561 0.0
681.466469561 0.0
682.466469561 0.0
683.466469561 0.0
684.466469561 0.0
685.466469561 0.0
686.466469561 0.0
687.466469561 0.0
688.466469561 0.0
689.466469561 0.0
690.466469561 0.0
691.466469561 0.0
692.466469561 0.0
693.466469561 0.0
694.466469561 0.0
695.466469561 0.0
696.466469561 0.0
697.466469561 0.0
698.466469561 0.0
699.466469561 0.0
700.466469561 0.0
701.466469561 0.0
702.466469561 0.0
703.466469561 0.0
704.466469561 0.0
705.466469561 0.0
706.466469561 0.0
707.466469561 0.0
708.466469561 0.0
709.466469561 0.0
710.466469561 0.0
711.466469561 0.0
712.466469561 0.0
713.466469561 0.0
714.466469561 0.0
715.466469561 0.0
716.466469561 0.0
717.466469561 0.0
718.466469561 0.0
719.466469561 0.0
720.466469561 0.0
721.466469561 0.0
722.466469561 0.0
723.466469561 0.0
724.466469561 0.0
725.466469561 0.0
726.466469561 0.0
727.466469561 0.0
728.466469561 0.0
729.466469561 0.0
730.466469561 0.0
731.466469561 0.0
732.466469561 0.0
733.466469561 0.0
734.466469561 0.0
735.466469561 0.0
736.466469561 0.0
737.466469561 0.0
738.466469561 0.0
739.466469561 0.0
740.466469561 0.0
741.466469561 0.0
742.466469561 0.0
743.466469561 0.0
744.466469561 0.0
745.466469561 0.0
746.466469561 0.0
747.466469561 0.0
748.466469561 0.0
749.466469561 0.0
750.466469561 0.0
751.466469561 0.0
752.466469561 0.0
753.466469561 0.0
754.466469561 0.0
755.466469561 0.0
756.466469561 0.0
757.466469561 0.0
758.466469561 0.0
759.466469561 0.0
760.466469561 0.0
761.466469561 0.0
762.466469561 0.0
763.466469561 0.0
764.466469561 0.0
765.466469561 0.0
766.466469561 0.0
767.466469561 0.0
768.466469561 0.0
769.466469561 0.0
770.466469561 0.0
771.466469561 0.0
772.466469561 0.0
773.466469561 0.0
774.466469561 0.0
775.466469561 0.0
776.466469561 0.0
777.466469561 0.0
778.466469561 0.0
779.466469561 0.0
780.466469561 0.0
781.466469561 0.0
782.466469561 0.0
783.466469561 0.0
784.466469561 0.0
785.466469561 0.0
786.466469561 0.0
787.466469561 0.0
788.466469561 0.0
789.466469561 0.0
790.466469561 0.0
791.466469561 0.0
792.466469561 0.0
793.466469561 0.0
794.466469561 0.0
795.466469561 0.0
796.466469561 0.0
797.466469561 0.0
798.466469561 0.0
799.466469561 0.0
800.466469561 0.0
801.466469561 0.0
802.466469561 0.0
803.466469561 0.0
804.466469561 0.0
805.466469561 0.0
806.466469561 0.0
807.466469561 0.0
808.466469561 0.0
809.466469561 0.0
810.466469561 0.0
811.466469561 0.0
812.466469561 0.0
813.466469561 0.0
814.466469561 0.0
815.466469561 0.0
816.466469561 0.0
817.466469561 0.0
818.466469561 0.0
819.466469561 0.0
820.466469561 0.0
821.466469561 0.0
822.466469561 0.0
823.466469561 0.0
824.466469561 0.0
825.466469561 0.0
826.466469561 0.0
827.466469561 0.0
828.466469561 0.0
829.466469561 0.0
830.466469561 0.0
831.466469561 0.0
832.466469561 0.0
833.466469561 0.0
834.466469561 0.0
835.466469561 0.0
836.466469561 0.0
837.466469561 0.0
838.466469561 0.0
839.466469561 0.0
840.466469561 0.0
841.466469561 0.0
842.466469561 0.0
843.466469561 0.0
844.466469561 0.0
845.466469561 0.0
846.466469561 0.0
847.466469561 0.0
848.466469561 0.0
849.466469561 0.0
850.466469561 0.0
851.466469561 0.0
852.466469561 0.0
853.466469561 0.0
854.466469561 0.0
855.466469561 0.0
856.466469561 0.0
857.466469561 0.0
858.466469561 0.0
859.466469561 0.0
860.466469561 0.0
861.466469561 0.0
862.466469561 0.0
863.466469561 0.0
864.466469561 0.0
865.466469561 0.0
866.466469561 0.0
867.466469561 0.0
868.466469561 0.0
869.466469561 0.0
