-564.682810553 0.0
-563.682810553 0.0
-562.682810553 0.0
-561.682810553 0.0
-560.682810553 0.0
-559.682810553 0.0
-558.682810553 0.0
-557.682810553 0.0
-556.682810553 0.0
-555.682810553 0.0
-554.682810553 0.0
-553.682810553 0.0
-552.682810553 0.0
-551.682810553 0.0
-550.682810553 0.0
-549.682810553 0.0
-548.682810553 0.0
-547.682810553 0.0
-546.682810553 0.0
-545.682810553 0.0
-544.682810553 0.0
-543.682810553 0.0
-542.682810553 0.0
-541.682810553 0.0
-540.682810553 0.0
-539.682810553 0.0
-538.682810553 0.0
-537.682810553 0.0
-536.682810553 0.0
-535.682810553 0.0
-534.682810553 0.0
-533.682810553 0.0
-532.682810553 0.0
-531.682810553 0.0
-530.682810553 0.0
-529.682810553 0.0
-528.682810553 0.0
-527.682810553 0.0
-526.682810553 0.0
-525.682810553 0.0
-524.682810553 0.0
-523.682810553 0.0
-522.682810553 0.0
-521.682810553 0.0
-520.682810553 0.0
-519.682810553 0.0
-518.682810553 0.0
-517.682810553 0.0
-516.682810553 0.0
-515.682810553 0.0
-514.682810553 0.0
-513.682810553 0.0
-512.682810553 0.0
-511.682810553 0.0
-510.682810553 0.0
-509.682810553 0.0
-508.682810553 0.0
-507.682810553 0.0
-506.682810553 0.0
-505.682810553 0.0
-504.682810553 0.0
-503.682810553 0.0
-502.682810553 0.0
-501.682810553 0.0
-500.682810553 0.0
-499.682810553 0.0
-498.682810553 0.0
-497.682810553 0.0
-496.682810553 0.0
-495.682810553 0.0
-494.682810553 0.0
-493.682810553 0.0
-492.682810553 0.0
-491.682810553 0.0
-490.682810553 0.0
-489.682810553 0.0
-488.682810553 0.0
-487.682810553 0.0
-486.682810553 0.0
-485.682810553 0.0
-484.682810553 0.0
-483.682810553 0.0
-482.682810553 0.0
-481.682810553 0.0
-480.682810553 0.0
-479.682810553 0.0
-478.682810553 0.0
-477.682810553 0.0
-476.682810553 0.0
-475.682810553 0.0
-474.682810553 0.0
-473.682810553 0.0
-472.682810553 0.0
-471.682810553 0.0
-470.682810553 0.0
-469.682810553 0.0
-468.682810553 0.0
-467.682810553 0.0
-466.682810553 0.0
-465.682810553 0.0
-464.682810553 0.0
-463.682810553 0.0
-462.682810553 0.0
-461.682810553 0.0
-460.682810553 0.0
-459.682810553 0.0
-458.682810553 0.0
-457.682810553 0.0
-456.682810553 0.0
-455.682810553 0.0
-454.682810553 0.0
-453.682810553 0.0
-452.682810553 0.0
-451.682810553 0.0
-450.682810553 0.0
-449.682810553 0.0
-448.682810553 0.0
-447.682810553 0.0
-446.682810553 0.0
-445.682810553 0.0
-444.682810553 0.0
-443.682810553 0.0
-442.682810553 0.0
-441.682810553 0.0
-440.682810553 0.0
-439.682810553 0.0
-438.682810553 0.0
-437.682810553 0.0
-436.682810553 0.0
-435.682810553 0.0
-434.682810553 0.0
-433.682810553 0.0
-432.682810553 0.0
-431.682810553 0.0
-430.682810553 0.0
-429.682810553 0.0
-428.682810553 0.0
-427.682810553 0.0
-426.682810553 0.0
-425.682810553 0.0
-424.682810553 0.0
-423.682810553 0.0
-422.682810553 0.0
-421.682810553 0.0
-420.682810553 0.0
-419.682810553 0.0
-418.682810553 0.0
-417.682810553 0.0
-416.682810553 0.0
-415.682810553 0.0
-414.682810553 0.0
-413.682810553 0.0
-412.682810553 0.0
-411.682810553 0.0
-410.682810553 0.0
-409.682810553 0.0
-408.682810553 0.0
-407.682810553 0.0
-406.682810553 0.0
-405.682810553 0.0
-404.682810553 0.0
-403.682810553 0.0
-402.682810553 0.0
-401.682810553 0.0
-400.682810553 0.0
-399.682810553 0.0
-398.682810553 0.0
-397.682810553 0.0
-396.682810553 0.0
-395.682810553 0.0
-394.682810553 0.0
-393.682810553 0.0
-392.682810553 0.0
-391.682810553 0.0
-390.682810553 0.0
-389.682810553 0.0
-388.682810553 0.0
-387.682810553 0.0
-386.682810553 0.0
-385.682810553 0.0
-384.682810553 0.0
-383.682810553 0.0
-382.682810553 0.0
-381.682810553 0.0
-380.682810553 0.0
-379.682810553 0.0
-378.682810553 0.0
-377.682810553 0.0
-376.682810553 0.0
-375.682810553 0.0
-374.682810553 0.0
-373.682810553 0.0
-372.682810553 0.0
-371.682810553 0.0
-370.682810553 0.0
-369.682810553 0.0
-368.682810553 0.0
-367.682810553 0.0
-366.682810553 0.0
-365.682810553 0.0
-364.682810553 0.0
-363.682810553 0.0
-362.682810553 0.0
-361.682810553 0.0
-360.682810553 0.0
-359.682810553 0.0
-358.682810553 0.0
-357.682810553 0.0
-356.682810553 0.0
-355.682810553 0.0
-354.682810553 0.0
-353.682810553 0.0
-352.682810553 0.0
-351.682810553 0.0
-350.682810553 0.0
-349.682810553 0.0
-348.682810553 0.0
-347.682810553 0.0
-346.682810553 0.0
-345.682810553 0.0
-344.682810553 0.0
-343.682810553 0.0
-342.682810553 0.0
-341.682810553 0.0
-340.682810553 0.0
-339.682810553 0.0
-338.682810553 0.0
-337.682810553 0.0
-336.682810553 0.0
-335.682810553 0.0
-334.682810553 0.0
-333.682810553 0.0
-332.682810553 0.0
-331.682810553 0.0
-330.682810553 0.0
-329.682810553 0.0
-328.682810553 0.0
-327.682810553 0.0
-326.682810553 0.0
-325.682810553 0.0
-324.682810553 0.0
-323.682810553 0.0
-322.682810553 0.0
-321.682810553 0.0
-320.682810553 0.0
-319.682810553 0.0
-318.682810553 0.0
-317.682810553 0.0
-316.682810553 0.0
-315.682810553 0.0
-314.682810553 0.0
-313.682810553 0.0
-312.682810553 0.0
-311.682810553 0.0
-310.682810553 0.0
-309.682810553 0.0
-308.682810553 0.0
-307.682810553 0.0
-306.682810553 0.0
-305.682810553 0.0
-304.682810553 0.0
-303.682810553 0.0
-302.682810553 0.0
-301.682810553 0.0
-300.682810553 0.0
-299.682810553 0.0
-298.682810553 0.0
-297.682810553 0.0
-296.682810553 0.0
-295.682810553 0.0
-294.682810553 0.0
-293.682810553 0.0
-292.682810553 0.0
-291.682810553 0.0
-290.682810553 0.0
-289.682810553 0.0
-288.682810553 0.0
-287.682810553 0.0
-286.682810553 0.0
-285.682810553 0.0
-284.682810553 0.0
-283.682810553 0.0
-282.682810553 0.0
-281.682810553 0.0
-280.682810553 0.0
-279.682810553 0.0
-278.682810553 0.0
-277.682810553 0.0
-276.682810553 0.0
-275.682810553 0.0
-274.682810553 0.0
-273.682810553 0.0
-272.682810553 0.0
-271.682810553 0.0
-270.682810553 0.0
-269.682810553 0.0
-268.682810553 0.0
-267.682810553 0.0
-266.682810553 0.0
-265.682810553 0.0
-264.682810553 0.0
-263.682810553 0.0
-262.682810553 0.0
-261.682810553 0.0
-260.682810553 0.0
-259.682810553 0.0
-258.682810553 0.0
-257.682810553 0.0
-256.682810553 0.0
-255.682810553 0.0
-254.682810553 0.0
-253.682810553 0.0
-252.682810553 0.0
-251.682810553 0.0
-250.682810553 0.0
-249.682810553 0.0
-248.682810553 0.0
-247.682810553 0.0
-246.682810553 0.0
-245.682810553 0.0
-244.682810553 0.0
-243.682810553 0.0
-242.682810553 0.0
-241.682810553 0.0
-240.682810553 0.0
-239.682810553 0.0
-238.682810553 0.0
-237.682810553 0.0
-236.682810553 0.0
-235.682810553 0.0
-234.682810553 0.0
-233.682810553 0.0
-232.682810553 0.0
-231.682810553 0.0
-230.682810553 0.0
-229.682810553 0.0
-228.682810553 0.0
-227.682810553 0.0
-226.682810553 0.0
-225.682810553 0.0
-224.682810553 0.0
-223.682810553 0.0
-222.682810553 0.0
-221.682810553 0.0
-220.682810553 0.0
-219.682810553 0.0
-218.682810553 0.0
-217.682810553 0.0
-216.682810553 0.0
-215.682810553 0.0
-214.682810553 0.0
-213.682810553 0.0
-212.682810553 0.0
-211.682810553 0.0
-210.682810553 0.0
-209.682810553 0.0
-208.682810553 0.0
-207.682810553 0.0
-206.682810553 0.0
-205.682810553 0.0
-204.682810553 0.0
-203.682810553 0.0
-202.682810553 0.0
-201.682810553 0.0
-200.682810553 0.0
-199.682810553 0.0
-198.682810553 0.0
-197.682810553 0.0
-196.682810553 0.0
-195.682810553 0.0
-194.682810553 0.0
-193.682810553 0.0
-192.682810553 0.0
-191.682810553 0.0
-190.682810553 0.0
-189.682810553 0.0
-188.682810553 0.0
-187.682810553 0.0
-186.682810553 0.0
-185.682810553 0.0
-184.682810553 0.0
-183.682810553 0.0
-182.682810553 0.0
-181.682810553 0.0
-180.682810553 0.0
-179.682810553 0.0
-178.682810553 0.0
-177.682810553 0.0
-176.682810553 0.0
-175.682810553 0.0
-174.682810553 0.0
-173.682810553 0.0
-172.682810553 0.0
-171.682810553 0.0
-170.682810553 0.0
-169.682810553 0.0
-168.682810553 0.0
-167.682810553 0.0
-166.682810553 0.0
-165.682810553 0.0
-164.682810553 0.0
-163.682810553 0.0
-162.682810553 0.0
-161.682810553 0.0
-160.682810553 0.0
-159.682810553 0.0
-158.682810553 0.0
-157.682810553 0.0
-156.682810553 0.0
-155.682810553 0.0
-154.682810553 0.0
-153.682810553 0.0
-152.682810553 0.0
-151.682810553 0.0
-150.682810553 0.0
-149.682810553 0.0
-148.682810553 0.0
-147.682810553 0.0
-146.682810553 0.0
-145.682810553 0.0
-144.682810553 0.0
-143.682810553 0.0
-142.682810553 0.0
-141.682810553 0.0
-140.682810553 0.0
-139.682810553 0.0
-138.682810553 0.0
-137.682810553 0.0
-136.682810553 0.0
-135.682810553 0.0
-134.682810553 0.0
-133.682810553 0.0
-132.682810553 0.0
-131.682810553 0.0
-130.682810553 0.0
-129.682810553 0.0
-128.682810553 0.0
-127.682810553 0.0
-126.682810553 0.0
-125.682810553 0.0
-124.682810553 0.0
-123.682810553 0.0
-122.682810553 0.0
-121.682810553 0.0
-120.682810553 0.0
-119.682810553 0.0
-118.682810553 0.0
-117.682810553 0.0
-116.682810553 0.0
-115.682810553 0.0
-114.682810553 0.0
-113.682810553 0.0
-112.682810553 0.0
-111.682810553 0.0
-110.682810553 0.0
-109.682810553 0.0
-108.682810553 0.0
-107.682810553 0.0
-106.682810553 0.0
-105.682810553 0.0
-104.682810553 0.0
-103.682810553 0.0
-102.682810553 0.0
-101.682810553 0.0
-100.682810553 0.0
-99.6828105531 0.0
-98.6828105531 0.0
-97.6828105531 0.0
-96.6828105531 0.0
-95.6828105531 0.0
-94.6828105531 0.0
-93.6828105531 0.0
-92.6828105531 0.0
-91.6828105531 0.0
-90.6828105531 0.0
-89.6828105531 0.0
-88.6828105531 0.0
-87.6828105531 0.0
-86.6828105531 0.0
-85.6828105531 0.0
-84.6828105531 0.0
-83.6828105531 0.0
-82.6828105531 0.0
-81.6828105531 0.0
-80.6828105531 0.0
-79.6828105531 0.0
-78.6828105531 0.0
-77.6828105531 0.0
-76.6828105531 0.0
-75.6828105531 0.0
-74.6828105531 0.0
-73.6828105531 0.0
-72.6828105531 0.0
-71.6828105531 0.0
-70.6828105531 0.0
-69.6828105531 0.0
-68.6828105531 0.0
-67.6828105531 0.0
-66.6828105531 0.0
-65.6828105531 0.0
-64.6828105531 0.000000e+00
-64.4119399751 0.000000e+00
-64.141069397 0.000000e+00
-63.870198819 0.000000e+00
-63.599328241 0.000000e+00
-63.3284576629 0.000000e+00
-63.0575870849 0.000000e+00
-62.7867165069 0.000000e+00
-62.5158459288 0.000000e+00
-62.2449753508 0.000000e+00
-61.9741047727 0.000000e+00
-61.7032341947 0.000000e+00
-61.4323636167 0.000000e+00
-61.1614930386 0.000000e+00
-60.8906224606 0.000000e+00
-60.6197518826 0.000000e+00
-60.3488813045 0.000000e+00
-60.0780107265 0.000000e+00
-59.8071401484 0.000000e+00
-59.5362695704 0.000000e+00
-59.2653989924 0.000000e+00
-58.9945284143 0.000000e+00
-58.7236578363 0.000000e+00
-58.4527872582 0.000000e+00
-58.1819166802 0.000000e+00
-57.9110461022 0.000000e+00
-57.6401755241 0.000000e+00
-57.3693049461 0.000000e+00
-57.0984343681 0.000000e+00
-56.82756379 0.000000e+00
-56.556693212 0.000000e+00
-56.2858226339 0.000000e+00
-56.0149520559 0.000000e+00
-55.7440814779 0.000000e+00
-55.4732108998 0.000000e+00
-55.2023403218 0.000000e+00
-54.9314697438 0.000000e+00
-54.6605991657 0.000000e+00
-54.3897285877 0.000000e+00
-54.1188580096 0.000000e+00
-53.8479874316 0.000000e+00
-53.5771168536 0.000000e+00
-53.3062462755 0.000000e+00
-53.0353756975 0.000000e+00
-52.7645051195 0.000000e+00
-52.4936345414 0.000000e+00
-52.2227639634 0.000000e+00
-51.9518933853 0.000000e+00
-51.6810228073 0.000000e+00
-51.4101522293 0.000000e+00
-51.1392816512 0.000000e+00
-50.8684110732 0.000000e+00
-50.5975404952 0.000000e+00
-50.3266699171 0.000000e+00
-50.0557993391 0.000000e+00
-49.784928761 0.000000e+00
-49.514058183 0.000000e+00
-49.243187605 0.000000e+00
-48.9723170269 0.000000e+00
-48.7014464489 0.000000e+00
-48.4305758708 0.000000e+00
-48.1597052928 0.000000e+00
-47.8888347148 0.000000e+00
-47.6179641367 0.000000e+00
-47.3470935587 0.000000e+00
-47.0762229807 0.000000e+00
-46.8053524026 0.000000e+00
-46.5344818246 0.000000e+00
-46.2636112465 0.000000e+00
-45.9927406685 0.000000e+00
-45.7218700905 0.000000e+00
-45.4509995124 0.000000e+00
-45.1801289344 0.000000e+00
-44.9092583564 0.000000e+00
-44.6383877783 0.000000e+00
-44.3675172003 0.000000e+00
-44.0966466222 0.000000e+00
-43.8257760442 0.000000e+00
-43.5549054662 0.000000e+00
-43.2840348881 0.000000e+00
-43.0131643101 0.000000e+00
-42.7422937321 0.000000e+00
-42.471423154 0.000000e+00
-42.200552576 0.000000e+00
-41.9296819979 0.000000e+00
-41.6588114199 0.000000e+00
-41.3879408419 0.000000e+00
-41.1170702638 0.000000e+00
-40.8461996858 0.000000e+00
-40.5753291078 0.000000e+00
-40.3044585297 0.000000e+00
-40.0335879517 0.000000e+00
-39.7627173736 0.000000e+00
-39.4918467956 0.000000e+00
-39.2209762176 0.000000e+00
-38.9501056395 0.000000e+00
-38.6792350615 0.000000e+00
-38.4083644834 0.000000e+00
-38.1374939054 0.000000e+00
-37.8666233274 0.000000e+00
-37.5957527493 0.000000e+00
-37.3248821713 0.000000e+00
-37.0540115933 0.000000e+00
-36.7831410152 0.000000e+00
-36.5122704372 0.000000e+00
-36.2413998591 0.000000e+00
-35.9705292811 0.000000e+00
-35.6996587031 0.000000e+00
-35.428788125 0.000000e+00
-35.157917547 0.000000e+00
-34.887046969 0.000000e+00
-34.6161763909 0.000000e+00
-34.3453058129 0.000000e+00
-34.0744352348 0.000000e+00
-33.8035646568 0.000000e+00
-33.5326940788 0.000000e+00
-33.2618235007 0.000000e+00
-32.9909529227 0.000000e+00
-32.7200823447 0.000000e+00
-32.4492117666 0.000000e+00
-32.1783411886 0.000000e+00
-31.9074706105 0.000000e+00
-31.6366000325 0.000000e+00
-31.3657294545 0.000000e+00
-31.0948588764 0.000000e+00
-30.8239882984 0.000000e+00
-30.5531177204 0.000000e+00
-30.2822471423 0.000000e+00
-30.0113765643 0.000000e+00
-29.7405059862 0.000000e+00
-29.4696354082 0.000000e+00
-29.1987648302 0.000000e+00
-28.9278942521 0.000000e+00
-28.6570236741 0.000000e+00
-28.3861530961 0.000000e+00
-28.115282518 0.000000e+00
-27.84441194 0.000000e+00
-27.5735413619 0.000000e+00
-27.3026707839 0.000000e+00
-27.0318002059 0.000000e+00
-26.7609296278 0.000000e+00
-26.4900590498 0.000000e+00
-26.2191884717 0.000000e+00
-25.9483178937 0.000000e+00
-25.6774473157 0.000000e+00
-25.4065767376 0.000000e+00
-25.1357061596 0.000000e+00
-24.8648355816 0.000000e+00
-24.5939650035 0.000000e+00
-24.3230944255 0.000000e+00
-24.0522238474 0.000000e+00
-23.7813532694 0.000000e+00
-23.5104826914 0.000000e+00
-23.2396121133 0.000000e+00
-22.9687415353 0.000000e+00
-22.6978709573 0.000000e+00
-22.4270003792 0.000000e+00
-22.1561298012 0.000000e+00
-21.8852592231 0.000000e+00
-21.6143886451 0.000000e+00
-21.3435180671 0.000000e+00
-21.072647489 0.000000e+00
-20.801776911 0.000000e+00
-20.530906333 0.000000e+00
-20.2600357549 0.000000e+00
-19.9891651769 0.000000e+00
-19.7182945988 0.000000e+00
-19.4474240208 0.000000e+00
-19.1765534428 0.000000e+00
-18.9056828647 0.000000e+00
-18.6348122867 0.000000e+00
-18.3639417087 0.000000e+00
-18.0930711306 0.000000e+00
-17.8222005526 0.000000e+00
-17.5513299745 0.000000e+00
-17.2804593965 0.000000e+00
-17.0095888185 0.000000e+00
-16.7387182404 0.000000e+00
-16.4678476624 0.000000e+00
-16.1969770843 0.000000e+00
-15.9261065063 0.000000e+00
-15.6552359283 0.000000e+00
-15.3843653502 0.000000e+00
-15.1134947722 0.000000e+00
-14.8426241942 0.000000e+00
-14.5717536161 0.000000e+00
-14.3008830381 0.000000e+00
-14.03001246 0.000000e+00
-13.759141882 0.000000e+00
-13.488271304 0.000000e+00
-13.2174007259 0.000000e+00
-12.9465301479 0.000000e+00
-12.6756595699 0.000000e+00
-12.4047889918 0.000000e+00
-12.1339184138 0.000000e+00
-11.8630478357 0.000000e+00
-11.5921772577 0.000000e+00
-11.3213066797 0.000000e+00
-11.0504361016 0.000000e+00
-10.7795655236 0.000000e+00
-10.5086949456 0.000000e+00
-10.2378243675 0.000000e+00
-9.96695378948 0.000000e+00
-9.69608321144 0.000000e+00
-9.4252126334 0.000000e+00
-9.15434205537 0.000000e+00
-8.88347147733 0.000000e+00
-8.61260089929 0.000000e+00
-8.34173032125 0.000000e+00
-8.07085974321 0.000000e+00
-7.79998916518 0.000000e+00
-7.52911858714 0.000000e+00
-7.2582480091 0.000000e+00
-6.98737743106 0.000000e+00
-6.71650685303 0.000000e+00
-6.44563627499 0.000000e+00
-6.17476569695 0.000000e+00
-5.90389511891 0.000000e+00
-5.63302454087 0.000000e+00
-5.36215396284 0.000000e+00
-5.0912833848 0.000000e+00
-4.82041280676 0.000000e+00
-4.54954222872 0.000000e+00
-4.27867165069 0.000000e+00
-4.00780107265 0.000000e+00
-3.73693049461 0.000000e+00
-3.46605991657 0.000000e+00
-3.19518933853 0.000000e+00
-2.9243187605 0.000000e+00
-2.65344818246 0.000000e+00
-2.38257760442 0.000000e+00
-2.11170702638 0.000000e+00
-1.84083644834 0.000000e+00
-1.56996587031 0.000000e+00
-1.29909529227 0.000000e+00
-1.02822471423 5.661324e-01
-0.757354136194 0.000000e+00
-0.486483558156 0.000000e+00
-0.215612980118 6.845571e-01
0.0552575979197 8.557572e-01
0.326128175958 6.932276e-01
0.596998753995 7.024566e-01
0.867869332033 1.000000e+00
1.13873991007 8.578003e-01
1.40961048811 8.471957e-01
1.68048106615 7.527463e-01
1.95135164418 0.000000e+00
2.22222222222 0.000000e+00
2.49309280026 0.000000e+00
2.7639633783 0.000000e+00
3.03483395634 0.000000e+00
3.30570453437 0.000000e+00
3.57657511241 0.000000e+00
3.84744569045 0.000000e+00
4.11831626849 0.000000e+00
4.38918684652 0.000000e+00
4.66005742456 0.000000e+00
4.9309280026 0.000000e+00
5.20179858064 0.000000e+00
5.47266915868 0.000000e+00
5.74353973671 0.000000e+00
6.01441031475 5.539504e-01
6.28528089279 0.000000e+00
6.55615147083 0.000000e+00
6.82702204887 0.000000e+00
7.0978926269 0.000000e+00
7.36876320494 0.000000e+00
7.63963378298 0.000000e+00
7.91050436102 0.000000e+00
8.18137493905 0.000000e+00
8.45224551709 0.000000e+00
8.72311609513 0.000000e+00
8.99398667317 0.000000e+00
9.26485725121 0.000000e+00
9.53572782924 0.000000e+00
9.80659840728 0.000000e+00
10.0774689853 0.000000e+00
10.3483395634 0.000000e+00
10.6192101414 0.000000e+00
10.8900807194 0.000000e+00
11.1609512975 0.000000e+00
11.4318218755 0.000000e+00
11.7026924535 0.000000e+00
11.9735630316 0.000000e+00
12.2444336096 0.000000e+00
12.5153041877 0.000000e+00
12.7861747657 0.000000e+00
13.0570453437 0.000000e+00
13.3279159218 0.000000e+00
13.5987864998 0.000000e+00
13.8696570778 0.000000e+00
14.1405276559 0.000000e+00
14.4113982339 0.000000e+00
14.682268812 0.000000e+00
14.95313939 0.000000e+00
15.224009968 0.000000e+00
15.4948805461 0.000000e+00
15.7657511241 0.000000e+00
16.0366217022 0.000000e+00
16.3074922802 0.000000e+00
16.5783628582 0.000000e+00
16.8492334363 0.000000e+00
17.1201040143 0.000000e+00
17.3909745923 0.000000e+00
17.6618451704 0.000000e+00
17.9327157484 0.000000e+00
18.2035863265 0.000000e+00
18.4744569045 0.000000e+00
18.7453274825 0.000000e+00
19.0161980606 0.000000e+00
19.2870686386 0.000000e+00
19.5579392166 0.000000e+00
19.8288097947 0.000000e+00
20.0996803727 0.000000e+00
20.3705509508 0.000000e+00
20.6414215288 0.000000e+00
20.9122921068 0.000000e+00
21.1831626849 0.000000e+00
21.4540332629 0.000000e+00
21.7249038409 0.000000e+00
21.995774419 0.000000e+00
22.266644997 0.000000e+00
22.5375155751 0.000000e+00
22.8083861531 0.000000e+00
23.0792567311 0.000000e+00
23.3501273092 0.000000e+00
23.6209978872 0.000000e+00
23.8918684652 0.000000e+00
24.1627390433 0.000000e+00
24.4336096213 0.000000e+00
24.7044801994 0.000000e+00
24.9753507774 0.000000e+00
25.2462213554 0.000000e+00
25.5170919335 0.000000e+00
25.7879625115 0.000000e+00
26.0588330895 0.000000e+00
26.3297036676 0.000000e+00
26.6005742456 0.000000e+00
26.8714448237 0.000000e+00
27.1423154017 0.000000e+00
27.4131859797 0.000000e+00
27.6840565578 0.000000e+00
27.9549271358 4.573745e-01
28.2257977139 0.000000e+00
28.4966682919 0.000000e+00
28.7675388699 5.905553e-01
29.038409448 0.000000e+00
29.309280026 0.000000e+00
29.580150604 5.786495e-01
29.8510211821 0.000000e+00
30.1218917601 5.359645e-01
30.3927623382 0.000000e+00
30.6636329162 0.000000e+00
30.9345034942 0.000000e+00
31.2053740723 0.000000e+00
31.4762446503 0.000000e+00
31.7471152283 5.336051e-01
32.0179858064 0.000000e+00
32.2888563844 0.000000e+00
32.5597269625 0.000000e+00
32.8305975405 0.000000e+00
33.1014681185 0.000000e+00
33.3723386966 0.000000e+00
33.6432092746 0.000000e+00
33.9140798526 0.000000e+00
34.1849504307 0.000000e+00
34.4558210087 0.000000e+00
34.7266915868 0.000000e+00
34.9975621648 0.000000e+00
35.2684327428 0.000000e+00
35.5393033209 0.000000e+00
35.8101738989 0.000000e+00
36.0810444769 0.000000e+00
36.351915055 0.000000e+00
36.622785633 5.221829e-01
36.8936562111 0.000000e+00
37.1645267891 0.000000e+00
37.4353973671 0.000000e+00
37.7062679452 0.000000e+00
37.9771385232 0.000000e+00
38.2480091013 0.000000e+00
38.5188796793 0.000000e+00
38.7897502573 0.000000e+00
39.0606208354 0.000000e+00
39.3314914134 0.000000e+00
39.6023619914 0.000000e+00
39.8732325695 0.000000e+00
40.1441031475 0.000000e+00
40.4149737256 4.516098e-01
40.6858443036 0.000000e+00
40.9567148816 0.000000e+00
41.2275854597 0.000000e+00
41.4984560377 0.000000e+00
41.7693266157 0.000000e+00
42.0401971938 0.000000e+00
42.3110677718 0.000000e+00
42.5819383499 0.000000e+00
42.8528089279 0.000000e+00
43.1236795059 0.000000e+00
43.394550084 0.000000e+00
43.665420662 0.000000e+00
43.93629124 0.000000e+00
44.2071618181 0.000000e+00
44.4780323961 0.000000e+00
44.7489029742 0.000000e+00
45.0197735522 0.000000e+00
45.2906441302 0.000000e+00
45.5615147083 0.000000e+00
45.8323852863 0.000000e+00
46.1032558643 0.000000e+00
46.3741264424 0.000000e+00
46.6449970204 0.000000e+00
46.9158675985 0.000000e+00
47.1867381765 0.000000e+00
47.4576087545 0.000000e+00
47.7284793326 0.000000e+00
47.9993499106 0.000000e+00
48.2702204887 0.000000e+00
48.5410910667 0.000000e+00
48.8119616447 0.000000e+00
49.0828322228 0.000000e+00
49.3537028008 0.000000e+00
49.6245733788 0.000000e+00
49.8954439569 0.000000e+00
50.1663145349 0.000000e+00
50.437185113 0.000000e+00
50.708055691 0.000000e+00
50.978926269 0.000000e+00
51.2497968471 0.000000e+00
51.5206674251 0.000000e+00
51.7915380031 0.000000e+00
52.0624085812 0.000000e+00
52.3332791592 0.000000e+00
52.6041497373 0.000000e+00
52.8750203153 0.000000e+00
53.1458908933 0.000000e+00
53.4167614714 0.000000e+00
53.6876320494 0.000000e+00
53.9585026274 0.000000e+00
54.2293732055 0.000000e+00
54.5002437835 0.000000e+00
54.7711143616 0.000000e+00
55.0419849396 0.000000e+00
55.3128555176 0.000000e+00
55.5837260957 0.000000e+00
55.8545966737 0.000000e+00
56.1254672517 0.000000e+00
56.3963378298 0.000000e+00
56.6672084078 0.000000e+00
56.9380789859 0.000000e+00
57.2089495639 0.000000e+00
57.4798201419 0.000000e+00
57.75069072 0.000000e+00
58.021561298 0.000000e+00
58.292431876 0.000000e+00
58.5633024541 0.000000e+00
58.8341730321 0.000000e+00
59.1050436102 0.000000e+00
59.3759141882 0.000000e+00
59.6467847662 0.000000e+00
59.9176553443 0.000000e+00
60.1885259223 0.000000e+00
60.4593965004 0.000000e+00
60.7302670784 0.000000e+00
61.0011376564 0.000000e+00
61.2720082345 0.000000e+00
61.5428788125 0.000000e+00
61.8137493905 0.000000e+00
62.0846199686 0.000000e+00
62.3554905466 0.000000e+00
62.6263611247 0.000000e+00
62.8972317027 0.000000e+00
63.1681022807 0.000000e+00
63.4389728588 0.000000e+00
63.7098434368 0.000000e+00
63.9807140148 0.000000e+00
64.2515845929 0.000000e+00
64.5224551709 0.000000e+00
64.793325749 0.000000e+00
65.064196327 0.000000e+00
65.335066905 0.000000e+00
65.6059374831 0.000000e+00
65.8768080611 0.000000e+00
66.1476786391 0.000000e+00
66.4185492172 0.000000e+00
66.6894197952 0.000000e+00
66.9602903733 0.000000e+00
67.2311609513 0.000000e+00
67.5020315293 0.000000e+00
67.7729021074 0.000000e+00
68.0437726854 0.000000e+00
68.3146432634 0.000000e+00
68.5855138415 0.000000e+00
68.8563844195 0.000000e+00
69.1272549976 0.000000e+00
69.3981255756 0.000000e+00
69.6689961536 0.000000e+00
69.9398667317 0.000000e+00
70.2107373097 0.000000e+00
70.4816078878 0.000000e+00
70.7524784658 0.000000e+00
71.0233490438 0.000000e+00
71.2942196219 0.000000e+00
71.5650901999 0.000000e+00
71.8359607779 0.000000e+00
72.106831356 0.000000e+00
72.377701934 0.000000e+00
72.6485725121 0.000000e+00
72.9194430901 0.000000e+00
73.1903136681 0.000000e+00
73.4611842462 0.000000e+00
73.7320548242 0.000000e+00
74.0029254022 0.000000e+00
74.2737959803 0.000000e+00
74.5446665583 0.000000e+00
74.8155371364 0.000000e+00
75.0864077144 0.000000e+00
75.3572782924 0.000000e+00
75.6281488705 0.000000e+00
75.8990194485 0.000000e+00
76.1698900265 0.000000e+00
76.4407606046 0.000000e+00
76.7116311826 0.000000e+00
76.9825017607 0.000000e+00
77.2533723387 0.000000e+00
77.5242429167 0.000000e+00
77.7951134948 0.000000e+00
78.0659840728 0.000000e+00
78.3368546508 0.000000e+00
78.6077252289 0.000000e+00
78.8785958069 0.000000e+00
79.149466385 0.000000e+00
79.420336963 0.000000e+00
79.691207541 0.000000e+00
79.9620781191 0.000000e+00
80.2329486971 0.000000e+00
80.5038192752 0.000000e+00
80.7746898532 0.000000e+00
81.0455604312 0.000000e+00
81.3164310093 0.000000e+00
81.5873015873 0.000000e+00
81.8581721653 0.000000e+00
82.1290427434 0.000000e+00
82.3999133214 0.000000e+00
82.6707838995 0.000000e+00
82.9416544775 0.000000e+00
83.2125250555 0.000000e+00
83.4833956336 0.000000e+00
83.7542662116 0.000000e+00
84.0251367896 0.000000e+00
84.2960073677 0.000000e+00
84.5668779457 0.000000e+00
84.8377485238 0.000000e+00
85.1086191018 0.000000e+00
85.3794896798 0.000000e+00
85.6503602579 0.000000e+00
85.9212308359 0.000000e+00
86.1921014139 0.000000e+00
86.462971992 0.000000e+00
86.73384257 0.000000e+00
87.0047131481 0.000000e+00
87.2755837261 0.000000e+00
87.5464543041 0.000000e+00
87.8173248822 0.000000e+00
88.0881954602 0.000000e+00
88.3590660382 0.000000e+00
88.6299366163 0.000000e+00
88.9008071943 0.000000e+00
89.1716777724 0.000000e+00
89.4425483504 0.000000e+00
89.7134189284 0.000000e+00
89.9842895065 0.000000e+00
90.2551600845 0.000000e+00
90.5260306625 0.000000e+00
90.7969012406 0.000000e+00
91.0677718186 0.000000e+00
91.3386423967 0.000000e+00
91.6095129747 0.000000e+00
91.8803835527 0.000000e+00
92.1512541308 0.000000e+00
92.4221247088 0.000000e+00
92.6929952869 0.000000e+00
92.9638658649 0.000000e+00
93.2347364429 0.000000e+00
93.505607021 0.000000e+00
93.776477599 0.000000e+00
94.047348177 0.000000e+00
94.3182187551 0.000000e+00
94.5890893331 0.000000e+00
94.8599599112 0.000000e+00
95.1308304892 0.000000e+00
95.4017010672 0.000000e+00
95.6725716453 0.000000e+00
95.9434422233 0.000000e+00
96.2143128013 0.000000e+00
96.4851833794 0.000000e+00
96.7560539574 0.000000e+00
97.0269245355 0.000000e+00
97.2977951135 0.000000e+00
97.5686656915 0.000000e+00
97.8395362696 0.000000e+00
98.1104068476 0.000000e+00
98.3812774256 0.000000e+00
98.6521480037 0.000000e+00
98.9230185817 0.000000e+00
99.1938891598 0.000000e+00
99.4647597378 0.000000e+00
99.7356303158 0.000000e+00
100.006500894 0.000000e+00
100.277371472 0.000000e+00
100.54824205 0.000000e+00
100.819112628 0.000000e+00
101.089983206 0.000000e+00
101.360853784 0.000000e+00
101.631724362 0.000000e+00
101.90259494 0.000000e+00
102.173465518 0.000000e+00
102.444336096 0.000000e+00
102.715206674 0.000000e+00
102.986077252 0.000000e+00
103.25694783 0.000000e+00
103.527818408 0.000000e+00
103.798688986 0.000000e+00
104.069559564 0.000000e+00
104.340430142 0.000000e+00
104.611300721 0.000000e+00
104.882171299 0.000000e+00
105.153041877 0.000000e+00
105.423912455 0.000000e+00
105.694783033 0.000000e+00
105.965653611 0.000000e+00
106.236524189 0.000000e+00
106.507394767 0.000000e+00
106.778265345 0.000000e+00
107.049135923 0.000000e+00
107.320006501 0.000000e+00
107.590877079 0.000000e+00
107.861747657 0.000000e+00
108.132618235 0.000000e+00
108.403488813 0.000000e+00
108.674359391 0.000000e+00
108.945229969 0.000000e+00
109.216100547 0.000000e+00
109.486971125 0.000000e+00
109.757841703 0.000000e+00
110.028712281 0.000000e+00
110.299582859 0.000000e+00
110.570453437 0.000000e+00
110.841324015 0.000000e+00
111.112194593 0.000000e+00
111.383065171 0.000000e+00
111.653935749 0.000000e+00
111.924806328 0.000000e+00
112.195676906 0.000000e+00
112.466547484 0.000000e+00
112.737418062 0.000000e+00
113.00828864 0.000000e+00
113.279159218 0.000000e+00
113.550029796 0.000000e+00
113.820900374 0.000000e+00
114.091770952 0.000000e+00
114.36264153 0.000000e+00
114.633512108 0.000000e+00
114.904382686 0.000000e+00
115.175253264 0.000000e+00
115.446123842 0.000000e+00
115.71699442 0.000000e+00
115.987864998 0.000000e+00
116.258735576 0.000000e+00
116.529606154 0.000000e+00
116.800476732 0.000000e+00
117.07134731 0.000000e+00
117.342217888 0.000000e+00
117.613088466 0.000000e+00
117.883959044 0.000000e+00
118.154829622 0.000000e+00
118.4257002 0.000000e+00
118.696570778 0.000000e+00
118.967441357 0.000000e+00
119.238311935 0.000000e+00
119.509182513 0.000000e+00
119.780053091 0.000000e+00
120.050923669 0.000000e+00
120.321794247 0.000000e+00
120.592664825 0.000000e+00
120.863535403 0.000000e+00
121.134405981 0.000000e+00
121.405276559 0.000000e+00
121.676147137 0.000000e+00
121.947017715 0.000000e+00
122.217888293 0.000000e+00
122.488758871 0.000000e+00
122.759629449 0.000000e+00
123.030500027 0.000000e+00
123.301370605 0.000000e+00
123.572241183 0.000000e+00
123.843111761 0.000000e+00
124.113982339 0.000000e+00
124.384852917 0.000000e+00
124.655723495 0.000000e+00
124.926594073 0.000000e+00
125.197464651 0.000000e+00
125.468335229 0.000000e+00
125.739205807 0.000000e+00
126.010076386 0.000000e+00
126.280946964 0.000000e+00
126.551817542 0.000000e+00
126.82268812 0.000000e+00
127.093558698 0.000000e+00
127.364429276 0.000000e+00
127.635299854 0.000000e+00
127.906170432 0.000000e+00
128.17704101 0.000000e+00
128.447911588 0.000000e+00
128.718782166 0.000000e+00
128.989652744 0.000000e+00
129.260523322 0.000000e+00
129.5313939 0.000000e+00
129.802264478 0.000000e+00
130.073135056 0.000000e+00
130.344005634 0.000000e+00
130.614876212 0.000000e+00
130.88574679 0.000000e+00
131.156617368 0.000000e+00
131.427487946 0.000000e+00
131.698358524 0.000000e+00
131.969229102 0.000000e+00
132.24009968 0.000000e+00
132.510970258 0.000000e+00
132.781840836 0.000000e+00
133.052711414 0.000000e+00
133.323581993 0.000000e+00
133.594452571 0.000000e+00
133.865323149 0.000000e+00
134.136193727 0.000000e+00
134.407064305 0.000000e+00
134.677934883 0.000000e+00
134.948805461 0.000000e+00
135.219676039 0.000000e+00
135.490546617 0.000000e+00
135.761417195 0.000000e+00
136.032287773 0.000000e+00
136.303158351 0.000000e+00
136.574028929 0.000000e+00
136.844899507 0.000000e+00
137.115770085 0.000000e+00
137.386640663 0.000000e+00
137.657511241 0.000000e+00
137.928381819 0.000000e+00
138.199252397 0.000000e+00
138.470122975 0.000000e+00
138.740993553 0.000000e+00
139.011864131 0.000000e+00
139.282734709 0.000000e+00
139.553605287 0.000000e+00
139.824475865 0.000000e+00
140.095346443 0.000000e+00
140.366217022 0.000000e+00
140.6370876 0.000000e+00
140.907958178 0.000000e+00
141.178828756 0.000000e+00
141.449699334 0.000000e+00
141.720569912 0.000000e+00
141.99144049 0.000000e+00
142.262311068 0.000000e+00
142.533181646 0.000000e+00
142.804052224 0.000000e+00
143.074922802 0.000000e+00
143.34579338 0.000000e+00
143.616663958 0.000000e+00
143.887534536 0.000000e+00
144.158405114 0.000000e+00
144.429275692 0.000000e+00
144.70014627 0.000000e+00
144.971016848 0.000000e+00
145.241887426 0.000000e+00
145.512758004 0.000000e+00
145.783628582 0.000000e+00
146.05449916 0.000000e+00
146.325369738 0.000000e+00
146.596240316 0.000000e+00
146.867110894 0.000000e+00
147.137981472 0.000000e+00
147.40885205 0.000000e+00
147.679722629 0.000000e+00
147.950593207 0.000000e+00
148.221463785 0.000000e+00
148.492334363 0.000000e+00
148.763204941 0.000000e+00
149.034075519 0.000000e+00
149.304946097 0.000000e+00
149.575816675 0.000000e+00
149.846687253 0.000000e+00
150.117557831 0.000000e+00
150.388428409 0.000000e+00
150.659298987 0.000000e+00
150.930169565 0.000000e+00
151.201040143 0.000000e+00
151.471910721 0.000000e+00
151.742781299 0.000000e+00
152.013651877 0.000000e+00
152.284522455 0.000000e+00
152.555393033 0.000000e+00
152.826263611 0.000000e+00
153.097134189 0.000000e+00
153.368004767 0.000000e+00
153.638875345 0.000000e+00
153.909745923 0.000000e+00
154.180616501 0.000000e+00
154.451487079 0.000000e+00
154.722357658 0.000000e+00
154.993228236 0.000000e+00
155.264098814 0.000000e+00
155.534969392 0.000000e+00
155.80583997 0.000000e+00
156.076710548 0.000000e+00
156.347581126 0.000000e+00
156.618451704 0.000000e+00
156.889322282 0.000000e+00
157.16019286 0.000000e+00
157.431063438 0.000000e+00
157.701934016 0.000000e+00
157.972804594 0.000000e+00
158.243675172 0.000000e+00
158.51454575 0.000000e+00
158.785416328 0.000000e+00
159.056286906 0.000000e+00
159.327157484 0.000000e+00
159.598028062 0.000000e+00
159.86889864 0.000000e+00
160.139769218 0.000000e+00
160.410639796 0.000000e+00
160.681510374 0.000000e+00
160.952380952 0.000000e+00
161.22325153 0.000000e+00
161.494122108 0.000000e+00
161.764992686 0.000000e+00
162.035863265 0.000000e+00
162.306733843 0.000000e+00
162.577604421 0.000000e+00
162.848474999 0.000000e+00
163.119345577 0.000000e+00
163.390216155 0.000000e+00
163.661086733 0.000000e+00
163.931957311 0.000000e+00
164.202827889 0.000000e+00
164.473698467 0.000000e+00
164.744569045 0.000000e+00
165.015439623 0.000000e+00
165.286310201 0.000000e+00
165.557180779 0.000000e+00
165.828051357 0.000000e+00
166.098921935 0.000000e+00
166.369792513 0.000000e+00
166.640663091 0.000000e+00
166.911533669 0.000000e+00
167.182404247 0.000000e+00
167.453274825 0.000000e+00
167.724145403 0.000000e+00
167.995015981 0.000000e+00
168.265886559 0.000000e+00
168.536757137 0.000000e+00
168.807627715 0.000000e+00
169.078498294 0.000000e+00
169.349368872 0.000000e+00
169.62023945 0.000000e+00
169.891110028 0.000000e+00
170.161980606 0.000000e+00
170.432851184 0.000000e+00
170.703721762 0.000000e+00
170.97459234 0.000000e+00
171.245462918 0.000000e+00
171.516333496 0.000000e+00
171.787204074 0.000000e+00
172.058074652 0.000000e+00
172.32894523 0.000000e+00
172.599815808 0.000000e+00
172.870686386 0.000000e+00
173.141556964 0.000000e+00
173.412427542 0.000000e+00
173.68329812 0.000000e+00
173.954168698 0.000000e+00
174.225039276 0.000000e+00
174.495909854 0.000000e+00
174.766780432 0.000000e+00
175.03765101 0.000000e+00
175.308521588 0.000000e+00
175.579392166 0.000000e+00
175.850262744 0.000000e+00
176.121133322 0.000000e+00
176.392003901 0.000000e+00
176.662874479 0.000000e+00
176.933745057 0.000000e+00
177.204615635 0.000000e+00
177.475486213 0.000000e+00
177.746356791 0.000000e+00
178.017227369 0.000000e+00
178.288097947 0.000000e+00
178.558968525 0.000000e+00
178.829839103 0.000000e+00
179.100709681 0.000000e+00
179.371580259 0.000000e+00
179.642450837 0.000000e+00
179.913321415 0.000000e+00
180.184191993 0.000000e+00
180.455062571 0.000000e+00
180.725933149 0.000000e+00
180.996803727 0.000000e+00
181.267674305 0.000000e+00
181.538544883 0.000000e+00
181.809415461 0.000000e+00
182.080286039 0.000000e+00
182.351156617 0.000000e+00
182.622027195 0.000000e+00
182.892897773 0.000000e+00
183.163768351 0.000000e+00
183.43463893 0.000000e+00
183.705509508 0.000000e+00
183.976380086 0.000000e+00
184.247250664 0.000000e+00
184.518121242 0.000000e+00
184.78899182 0.000000e+00
185.059862398 0.000000e+00
185.330732976 0.000000e+00
185.601603554 0.000000e+00
185.872474132 0.000000e+00
186.14334471 0.000000e+00
186.414215288 0.000000e+00
186.685085866 0.000000e+00
186.955956444 0.000000e+00
187.226827022 0.000000e+00
187.4976976 0.000000e+00
187.768568178 0.000000e+00
188.039438756 0.000000e+00
188.310309334 0.000000e+00
188.581179912 0.000000e+00
188.85205049 0.000000e+00
189.122921068 0.000000e+00
189.393791646 0.000000e+00
189.664662224 0.000000e+00
189.935532802 0.000000e+00
190.20640338 0.000000e+00
190.477273959 0.000000e+00
190.748144537 0.000000e+00
191.019015115 0.000000e+00
191.289885693 0.000000e+00
191.560756271 0.000000e+00
191.831626849 0.000000e+00
192.102497427 0.000000e+00
192.373368005 0.000000e+00
192.644238583 0.000000e+00
192.915109161 0.000000e+00
193.185979739 0.000000e+00
193.456850317 0.000000e+00
193.727720895 0.000000e+00
193.998591473 0.000000e+00
194.269462051 0.000000e+00
194.540332629 0.000000e+00
194.811203207 0.000000e+00
195.082073785 0.000000e+00
195.352944363 0.000000e+00
195.623814941 0.000000e+00
195.894685519 0.000000e+00
196.165556097 0.000000e+00
196.436426675 0.000000e+00
196.707297253 0.000000e+00
196.978167831 0.000000e+00
197.249038409 0.000000e+00
197.519908987 0.000000e+00
197.790779566 0.000000e+00
198.061650144 0.000000e+00
198.332520722 0.000000e+00
198.6033913 0.000000e+00
198.874261878 0.000000e+00
199.145132456 0.000000e+00
199.416003034 0.000000e+00
199.686873612 0.000000e+00
199.95774419 0.000000e+00
200.228614768 0.000000e+00
200.499485346 0.000000e+00
200.770355924 0.000000e+00
201.041226502 0.000000e+00
201.31209708 0.000000e+00
201.582967658 0.000000e+00
201.853838236 0.000000e+00
202.124708814 0.000000e+00
202.395579392 0.000000e+00
202.66644997 0.000000e+00
202.937320548 0.000000e+00
203.208191126 0.000000e+00
203.479061704 0.000000e+00
203.749932282 0.000000e+00
204.02080286 0.000000e+00
204.291673438 0.000000e+00
204.562544016 0.000000e+00
204.833414595 0.000000e+00
205.104285173 0.000000e+00
205.375155751 0.000000e+00
205.646026329 0.000000e+00
205.916896907 0.000000e+00
206.187767485 0.000000e+00
206.458638063 0.000000e+00
206.729508641 0.000000e+00
207.000379219 0.000000e+00
207.271249797 0.000000e+00
207.542120375 0.000000e+00
207.812990953 0.000000e+00
208.083861531 0.000000e+00
208.354732109 0.000000e+00
208.625602687 0.000000e+00
208.896473265 0.000000e+00
209.167343843 0.000000e+00
209.438214421 0.000000e+00
209.709084999 0.000000e+00
209.979955577 0.000000e+00
210.250826155 0.000000e+00
210.521696733 0.000000e+00
210.792567311 0.000000e+00
211.063437889 0.000000e+00
211.334308467 0.000000e+00
211.605179045 0.000000e+00
211.876049623 0.000000e+00
212.146920202 0.000000e+00
212.41779078 0.000000e+00
212.688661358 0.000000e+00
212.959531936 0.000000e+00
213.230402514 0.000000e+00
213.501273092 0.000000e+00
213.77214367 0.000000e+00
214.043014248 0.000000e+00
214.313884826 0.000000e+00
214.584755404 0.000000e+00
214.855625982 0.000000e+00
215.12649656 0.000000e+00
215.397367138 0.000000e+00
215.668237716 0.000000e+00
215.939108294 0.000000e+00
216.209978872 0.000000e+00
216.48084945 0.000000e+00
216.751720028 0.000000e+00
217.022590606 0.000000e+00
217.293461184 0.000000e+00
217.564331762 0.000000e+00
217.83520234 0.000000e+00
218.106072918 0.000000e+00
218.376943496 0.000000e+00
218.647814074 0.000000e+00
218.918684652 0.000000e+00
219.189555231 0.000000e+00
219.460425809 0.000000e+00
219.731296387 0.000000e+00
220.002166965 0.000000e+00
220.273037543 0.000000e+00
220.543908121 0.000000e+00
220.814778699 0.000000e+00
221.085649277 0.000000e+00
221.356519855 0.000000e+00
221.627390433 0.000000e+00
221.898261011 0.000000e+00
222.169131589 0.000000e+00
222.440002167 0.000000e+00
222.710872745 0.000000e+00
222.981743323 0.000000e+00
223.252613901 0.000000e+00
223.523484479 0.000000e+00
223.794355057 0.000000e+00
224.065225635 0.000000e+00
224.336096213 0.000000e+00
224.606966791 0.000000e+00
224.877837369 0.000000e+00
225.148707947 0.000000e+00
225.419578525 0.000000e+00
225.690449103 0.000000e+00
225.961319681 0.000000e+00
226.232190259 0.000000e+00
226.503060838 0.000000e+00
226.773931416 0.000000e+00
227.044801994 0.000000e+00
227.315672572 0.000000e+00
227.58654315 0.000000e+00
227.857413728 0.000000e+00
228.128284306 0.000000e+00
228.399154884 0.000000e+00
228.670025462 0.000000e+00
228.94089604 0.000000e+00
229.211766618 0.000000e+00
229.482637196 0.000000e+00
229.753507774 0.000000e+00
230.024378352 0.000000e+00
230.29524893 0.000000e+00
230.566119508 0.000000e+00
230.836990086 0.000000e+00
231.107860664 0.000000e+00
231.378731242 0.000000e+00
231.64960182 0.000000e+00
231.920472398 0.000000e+00
232.191342976 0.000000e+00
232.462213554 0.000000e+00
232.733084132 0.000000e+00
233.00395471 0.000000e+00
233.274825288 0.000000e+00
233.545695867 0.000000e+00
233.816566445 0.000000e+00
234.087437023 0.000000e+00
234.358307601 0.000000e+00
234.629178179 0.000000e+00
234.900048757 0.000000e+00
235.170919335 0.000000e+00
235.441789913 0.000000e+00
235.712660491 0.000000e+00
235.983531069 0.000000e+00
236.254401647 0.000000e+00
236.525272225 0.000000e+00
236.796142803 0.000000e+00
237.067013381 0.000000e+00
237.337883959 0.000000e+00
237.608754537 0.000000e+00
237.879625115 0.000000e+00
238.150495693 0.000000e+00
238.421366271 0.000000e+00
238.692236849 0.000000e+00
238.963107427 0.000000e+00
239.233978005 0.000000e+00
239.504848583 0.000000e+00
239.775719161 0.000000e+00
240.046589739 0.000000e+00
240.317460317 0.000000e+00
240.588330895 0.000000e+00
240.859201474 0.000000e+00
241.130072052 0.000000e+00
241.40094263 0.000000e+00
241.671813208 0.000000e+00
241.942683786 0.000000e+00
242.213554364 0.000000e+00
242.484424942 0.000000e+00
242.75529552 0.000000e+00
243.026166098 0.000000e+00
243.297036676 0.000000e+00
243.567907254 0.000000e+00
243.838777832 0.000000e+00
244.10964841 0.000000e+00
244.380518988 0.000000e+00
244.651389566 0.000000e+00
244.922260144 0.000000e+00
245.193130722 0.000000e+00
245.4640013 0.000000e+00
245.734871878 0.000000e+00
246.005742456 0.000000e+00
246.276613034 0.000000e+00
246.547483612 0.000000e+00
246.81835419 0.000000e+00
247.089224768 0.000000e+00
247.360095346 0.000000e+00
247.630965924 0.000000e+00
247.901836503 0.000000e+00
248.172707081 0.000000e+00
248.443577659 0.000000e+00
248.714448237 0.000000e+00
248.985318815 0.000000e+00
249.256189393 0.000000e+00
249.527059971 0.000000e+00
249.797930549 0.000000e+00
250.068801127 0.000000e+00
250.339671705 0.000000e+00
250.610542283 0.000000e+00
250.881412861 0.000000e+00
251.152283439 0.000000e+00
251.423154017 0.000000e+00
251.694024595 0.000000e+00
251.964895173 0.000000e+00
252.235765751 0.000000e+00
252.506636329 0.000000e+00
252.777506907 0.000000e+00
253.048377485 0.000000e+00
253.319248063 0.000000e+00
253.590118641 0.000000e+00
253.860989219 0.000000e+00
254.131859797 0.000000e+00
254.402730375 0.000000e+00
254.673600953 0.000000e+00
254.944471532 0.000000e+00
255.21534211 0.000000e+00
255.486212688 0.000000e+00
255.757083266 0.000000e+00
256.027953844 0.000000e+00
256.298824422 0.000000e+00
256.569695 0.000000e+00
256.840565578 0.000000e+00
257.111436156 0.000000e+00
257.382306734 0.000000e+00
257.653177312 0.000000e+00
257.92404789 0.000000e+00
258.194918468 0.000000e+00
258.465789046 0.000000e+00
258.736659624 0.000000e+00
259.007530202 0.000000e+00
259.27840078 0.000000e+00
259.549271358 0.000000e+00
259.820141936 0.000000e+00
260.091012514 0.000000e+00
260.361883092 0.000000e+00
260.63275367 0.000000e+00
261.63275367 0.0
262.63275367 0.0
263.63275367 0.0
264.63275367 0.0
265.63275367 0.0
266.63275367 0.0
267.63275367 0.0
268.63275367 0.0
269.63275367 0.0
270.63275367 0.0
271.63275367 0.0
272.63275367 0.0
273.63275367 0.0
274.63275367 0.0
275.63275367 0.0
276.63275367 0.0
277.63275367 0.0
278.63275367 0.0
279.63275367 0.0
280.63275367 0.0
281.63275367 0.0
282.63275367 0.0
283.63275367 0.0
284.63275367 0.0
285.63275367 0.0
286.63275367 0.0
287.63275367 0.0
288.63275367 0.0
289.63275367 0.0
290.63275367 0.0
291.63275367 0.0
292.63275367 0.0
293.63275367 0.0
294.63275367 0.0
295.63275367 0.0
296.63275367 0.0
297.63275367 0.0
298.63275367 0.0
299.63275367 0.0
300.63275367 0.0
301.63275367 0.0
302.63275367 0.0
303.63275367 0.0
304.63275367 0.0
305.63275367 0.0
306.63275367 0.0
307.63275367 0.0
308.63275367 0.0
309.63275367 0.0
310.63275367 0.0
311.63275367 0.0
312.63275367 0.0
313.63275367 0.0
314.63275367 0.0
315.63275367 0.0
316.63275367 0.0
317.63275367 0.0
318.63275367 0.0
319.63275367 0.0
320.63275367 0.0
321.63275367 0.0
322.63275367 0.0
323.63275367 0.0
324.63275367 0.0
325.63275367 0.0
326.63275367 0.0
327.63275367 0.0
328.63275367 0.0
329.63275367 0.0
330.63275367 0.0
331.63275367 0.0
332.63275367 0.0
333.63275367 0.0
334.63275367 0.0
335.63275367 0.0
336.63275367 0.0
337.63275367 0.0
338.63275367 0.0
339.63275367 0.0
340.63275367 0.0
341.63275367 0.0
342.63275367 0.0
343.63275367 0.0
344.63275367 0.0
345.63275367 0.0
346.63275367 0.0
347.63275367 0.0
348.63275367 0.0
349.63275367 0.0
350.63275367 0.0
351.63275367 0.0
352.63275367 0.0
353.63275367 0.0
354.63275367 0.0
355.63275367 0.0
356.63275367 0.0
357.63275367 0.0
358.63275367 0.0
359.63275367 0.0
360.63275367 0.0
361.63275367 0.0
362.63275367 0.0
363.63275367 0.0
364.63275367 0.0
365.63275367 0.0
366.63275367 0.0
367.63275367 0.0
368.63275367 0.0
369.63275367 0.0
370.63275367 0.0
371.63275367 0.0
372.63275367 0.0
373.63275367 0.0
374.63275367 0.0
375.63275367 0.0
376.63275367 0.0
377.63275367 0.0
378.63275367 0.0
379.63275367 0.0
380.63275367 0.0
381.63275367 0.0
382.63275367 0.0
383.63275367 0.0
384.63275367 0.0
385.63275367 0.0
386.63275367 0.0
387.63275367 0.0
388.63275367 0.0
389.63275367 0.0
390.63275367 0.0
391.63275367 0.0
392.63275367 0.0
393.63275367 0.0
394.63275367 0.0
395.63275367 0.0
396.63275367 0.0
397.63275367 0.0
398.63275367 0.0
399.63275367 0.0
400.63275367 0.0
401.63275367 0.0
402.63275367 0.0
403.63275367 0.0
404.63275367 0.0
405.63275367 0.0
406.63275367 0.0
407.63275367 0.0
408.63275367 0.0
409.63275367 0.0
410.63275367 0.0
411.63275367 0.0
412.63275367 0.0
413.63275367 0.0
414.63275367 0.0
415.63275367 0.0
416.63275367 0.0
417.63275367 0.0
418.63275367 0.0
419.63275367 0.0
420.63275367 0.0
421.63275367 0.0
422.63275367 0.0
423.63275367 0.0
424.63275367 0.0
425.63275367 0.0
426.63275367 0.0
427.63275367 0.0
428.63275367 0.0
429.63275367 0.0
430.63275367 0.0
431.63275367 0.0
432.63275367 0.0
433.63275367 0.0
434.63275367 0.0
435.63275367 0.0
436.63275367 0.0
437.63275367 0.0
438.63275367 0.0
439.63275367 0.0
440.63275367 0.0
441.63275367 0.0
442.63275367 0.0
443.63275367 0.0
444.63275367 0.0
445.63275367 0.0
446.63275367 0.0
447.63275367 0.0
448.63275367 0.0
449.63275367 0.0
450.63275367 0.0
451.63275367 0.0
452.63275367 0.0
453.63275367 0.0
454.63275367 0.0
455.63275367 0.0
456.63275367 0.0
457.63275367 0.0
458.63275367 0.0
459.63275367 0.0
460.63275367 0.0
461.63275367 0.0
462.63275367 0.0
463.63275367 0.0
464.63275367 0.0
465.63275367 0.0
466.63275367 0.0
467.63275367 0.0
468.63275367 0.0
469.63275367 0.0
470.63275367 0.0
471.63275367 0.0
472.63275367 0.0
473.63275367 0.0
474.63275367 0.0
475.63275367 0.0
476.63275367 0.0
477.63275367 0.0
478.63275367 0.0
479.63275367 0.0
480.63275367 0.0
481.63275367 0.0
482.63275367 0.0
483.63275367 0.0
484.63275367 0.0
485.63275367 0.0
486.63275367 0.0
487.63275367 0.0
488.63275367 0.0
489.63275367 0.0
490.63275367 0.0
491.63275367 0.0
492.63275367 0.0
493.63275367 0.0
494.63275367 0.0
495.63275367 0.0
496.63275367 0.0
497.63275367 0.0
498.63275367 0.0
499.63275367 0.0
500.63275367 0.0
501.63275367 0.0
502.63275367 0.0
503.63275367 0.0
504.63275367 0.0
505.63275367 0.0
506.63275367 0.0
507.63275367 0.0
508.63275367 0.0
509.63275367 0.0
510.63275367 0.0
511.63275367 0.0
512.63275367 0.0
513.63275367 0.0
514.63275367 0.0
515.63275367 0.0
516.63275367 0.0
517.63275367 0.0
518.63275367 0.0
519.63275367 0.0
520.63275367 0.0
521.63275367 0.0
522.63275367 0.0
523.63275367 0.0
524.63275367 0.0
525.63275367 0.0
526.63275367 0.0
527.63275367 0.0
528.63275367 0.0
529.63275367 0.0
530.63275367 0.0
531.63275367 0.0
532.63275367 0.0
533.63275367 0.0
534.63275367 0.0
535.63275367 0.0
536.63275367 0.0
537.63275367 0.0
538.63275367 0.0
539.63275367 0.0
540.63275367 0.0
541.63275367 0.0
542.63275367 0.0
543.63275367 0.0
544.63275367 0.0
545.63275367 0.0
546.63275367 0.0
547.63275367 0.0
548.63275367 0.0
549.63275367 0.0
550.63275367 0.0
551.63275367 0.0
552.63275367 0.0
553.63275367 0.0
554.63275367 0.0
555.63275367 0.0
556.63275367 0.0
557.63275367 0.0
558.63275367 0.0
559.63275367 0.0
560.63275367 0.0
561.63275367 0.0
562.63275367 0.0
563.63275367 0.0
564.63275367 0.0
565.63275367 0.0
566.63275367 0.0
567.63275367 0.0
568.63275367 0.0
569.63275367 0.0
570.63275367 0.0
571.63275367 0.0
572.63275367 0.0
573.63275367 0.0
574.63275367 0.0
575.63275367 0.0
576.63275367 0.0
577.63275367 0.0
578.63275367 0.0
579.63275367 0.0
580.63275367 0.0
581.63275367 0.0
582.63275367 0.0
583.63275367 0.0
584.63275367 0.0
585.63275367 0.0
586.63275367 0.0
587.63275367 0.0
588.63275367 0.0
589.63275367 0.0
590.63275367 0.0
591.63275367 0.0
592.63275367 0.0
593.63275367 0.0
594.63275367 0.0
595.63275367 0.0
596.63275367 0.0
597.63275367 0.0
598.63275367 0.0
599.63275367 0.0
600.63275367 0.0
601.63275367 0.0
602.63275367 0.0
603.63275367 0.0
604.63275367 0.0
605.63275367 0.0
606.63275367 0.0
607.63275367 0.0
608.63275367 0.0
609.63275367 0.0
610.63275367 0.0
611.63275367 0.0
612.63275367 0.0
613.63275367 0.0
614.63275367 0.0
615.63275367 0.0
616.63275367 0.0
617.63275367 0.0
618.63275367 0.0
619.63275367 0.0
620.63275367 0.0
621.63275367 0.0
622.63275367 0.0
623.63275367 0.0
624.63275367 0.0
625.63275367 0.0
626.63275367 0.0
627.63275367 0.0
628.63275367 0.0
629.63275367 0.0
630.63275367 0.0
631.63275367 0.0
632.63275367 0.0
633.63275367 0.0
634.63275367 0.0
635.63275367 0.0
636.63275367 0.0
637.63275367 0.0
638.63275367 0.0
639.63275367 0.0
640.63275367 0.0
641.63275367 0.0
642.63275367 0.0
643.63275367 0.0
644.63275367 0.0
645.63275367 0.0
646.63275367 0.0
647.63275367 0.0
648.63275367 0.0
649.63275367 0.0
650.63275367 0.0
651.63275367 0.0
652.63275367 0.0
653.63275367 0.0
654.63275367 0.0
655.63275367 0.0
656.63275367 0.0
657.63275367 0.0
658.63275367 0.0
659.63275367 0.0
660.63275367 0.0
661.63275367 0.0
662.63275367 0.0
663.63275367 0.0
664.63275367 0.0
665.63275367 0.0
666.63275367 0.0
667.63275367 0.0
668.63275367 0.0
669.63275367 0.0
670.63275367 0.0
671.63275367 0.0
672.63275367 0.0
673.63275367 0.0
674.63275367 0.0
675.63275367 0.0
676.63275367 0.0
677.63275367 0.0
678.63275367 0.0
679.63275367 0.0
680.63275367 0.0
681.63275367 0.0
682.63275367 0.0
683.63275367 0.0
684.63275367 0.0
685.63275367 0.0
686.63275367 0.0
687.63275367 0.0
688.63275367 0.0
689.63275367 0.0
690.63275367 0.0
691.63275367 0.0
692.63275367 0.0
693.63275367 0.0
694.63275367 0.0
695.63275367 0.0
696.63275367 0.0
697.63275367 0.0
698.63275367 0.0
699.63275367 0.0
700.63275367 0.0
701.63275367 0.0
702.63275367 0.0
703.63275367 0.0
704.63275367 0.0
705.63275367 0.0
706.63275367 0.0
707.63275367 0.0
708.63275367 0.0
709.63275367 0.0
710.63275367 0.0
711.63275367 0.0
712.63275367 0.0
713.63275367 0.0
714.63275367 0.0
715.63275367 0.0
716.63275367 0.0
717.63275367 0.0
718.63275367 0.0
719.63275367 0.0
720.63275367 0.0
721.63275367 0.0
722.63275367 0.0
723.63275367 0.0
724.63275367 0.0
725.63275367 0.0
726.63275367 0.0
727.63275367 0.0
728.63275367 0.0
729.63275367 0.0
730.63275367 0.0
731.63275367 0.0
732.63275367 0.0
733.63275367 0.0
734.63275367 0.0
735.63275367 0.0
736.63275367 0.0
737.63275367 0.0
738.63275367 0.0
739.63275367 0.0
740.63275367 0.0
741.63275367 0.0
742.63275367 0.0
743.63275367 0.0
744.63275367 0.0
745.63275367 0.0
746.63275367 0.0
747.63275367 0.0
748.63275367 0.0
749.63275367 0.0
750.63275367 0.0
751.63275367 0.0
752.63275367 0.0
753.63275367 0.0
754.63275367 0.0
755.63275367 0.0
756.63275367 0.0
757.63275367 0.0
758.63275367 0.0
759.63275367 0.0
760.63275367 0.0
