-611.448598131 0.0
-610.448598131 0.0
-609.448598131 0.0
-608.448598131 0.0
-607.448598131 0.0
-606.448598131 0.0
-605.448598131 0.0
-604.448598131 0.0
-603.448598131 0.0
-602.448598131 0.0
-601.448598131 0.0
-600.448598131 0.0
-599.448598131 0.0
-598.448598131 0.0
-597.448598131 0.0
-596.448598131 0.0
-595.448598131 0.0
-594.448598131 0.0
-593.448598131 0.0
-592.448598131 0.0
-591.448598131 0.0
-590.448598131 0.0
-589.448598131 0.0
-588.448598131 0.0
-587.448598131 0.0
-586.448598131 0.0
-585.448598131 0.0
-584.448598131 0.0
-583.448598131 0.0
-582.448598131 0.0
-581.448598131 0.0
-580.448598131 0.0
-579.448598131 0.0
-578.448598131 0.0
-577.448598131 0.0
-576.448598131 0.0
-575.448598131 0.0
-574.448598131 0.0
-573.448598131 0.0
-572.448598131 0.0
-571.448598131 0.0
-570.448598131 0.0
-569.448598131 0.0
-568.448598131 0.0
-567.448598131 0.0
-566.448598131 0.0
-565.448598131 0.0
-564.448598131 0.0
-563.448598131 0.0
-562.448598131 0.0
-561.448598131 0.0
-560.448598131 0.0
-559.448598131 0.0
-558.448598131 0.0
-557.448598131 0.0
-556.448598131 0.0
-555.448598131 0.0
-554.448598131 0.0
-553.448598131 0.0
-552.448598131 0.0
-551.448598131 0.0
-550.448598131 0.0
-549.448598131 0.0
-548.448598131 0.0
-547.448598131 0.0
-546.448598131 0.0
-545.448598131 0.0
-544.448598131 0.0
-543.448598131 0.0
-542.448598131 0.0
-541.448598131 0.0
-540.448598131 0.0
-539.448598131 0.0
-538.448598131 0.0
-537.448598131 0.0
-536.448598131 0.0
-535.448598131 0.0
-534.448598131 0.0
-533.448598131 0.0
-532.448598131 0.0
-531.448598131 0.0
-530.448598131 0.0
-529.448598131 0.0
-528.448598131 0.0
-527.448598131 0.0
-526.448598131 0.0
-525.448598131 0.0
-524.448598131 0.0
-523.448598131 0.0
-522.448598131 0.0
-521.448598131 0.0
-520.448598131 0.0
-519.448598131 0.0
-518.448598131 0.0
-517.448598131 0.0
-516.448598131 0.0
-515.448598131 0.0
-514.448598131 0.0
-513.448598131 0.0
-512.448598131 0.0
-511.448598131 0.0
-510.448598131 0.0
-509.448598131 0.0
-508.448598131 0.0
-507.448598131 0.0
-506.448598131 0.0
-505.448598131 0.0
-504.448598131 0.0
-503.448598131 0.0
-502.448598131 0.0
-501.448598131 0.0
-500.448598131 0.0
-499.448598131 0.0
-498.448598131 0.0
-497.448598131 0.0
-496.448598131 0.0
-495.448598131 0.0
-494.448598131 0.0
-493.448598131 0.0
-492.448598131 0.0
-491.448598131 0.0
-490.448598131 0.0
-489.448598131 0.0
-488.448598131 0.0
-487.448598131 0.0
-486.448598131 0.0
-485.448598131 0.0
-484.448598131 0.0
-483.448598131 0.0
-482.448598131 0.0
-481.448598131 0.0
-480.448598131 0.0
-479.448598131 0.0
-478.448598131 0.0
-477.448598131 0.0
-476.448598131 0.0
-475.448598131 0.0
-474.448598131 0.0
-473.448598131 0.0
-472.448598131 0.0
-471.448598131 0.0
-470.448598131 0.0
-469.448598131 0.0
-468.448598131 0.0
-467.448598131 0.0
-466.448598131 0.0
-465.448598131 0.0
-464.448598131 0.0
-463.448598131 0.0
-462.448598131 0.0
-461.448598131 0.0
-460.448598131 0.0
-459.448598131 0.0
-458.448598131 0.0
-457.448598131 0.0
-456.448598131 0.0
-455.448598131 0.0
-454.448598131 0.0
-453.448598131 0.0
-452.448598131 0.0
-451.448598131 0.0
-450.448598131 0.0
-449.448598131 0.0
-448.448598131 0.0
-447.448598131 0.0
-446.448598131 0.0
-445.448598131 0.0
-444.448598131 0.0
-443.448598131 0.0
-442.448598131 0.0
-441.448598131 0.0
-440.448598131 0.0
-439.448598131 0.0
-438.448598131 0.0
-437.448598131 0.0
-436.448598131 0.0
-435.448598131 0.0
-434.448598131 0.0
-433.448598131 0.0
-432.448598131 0.0
-431.448598131 0.0
-430.448598131 0.0
-429.448598131 0.0
-428.448598131 0.0
-427.448598131 0.0
-426.448598131 0.0
-425.448598131 0.0
-424.448598131 0.0
-423.448598131 0.0
-422.448598131 0.0
-421.448598131 0.0
-420.448598131 0.0
-419.448598131 0.0
-418.448598131 0.0
-417.448598131 0.0
-416.448598131 0.0
-415.448598131 0.0
-414.448598131 0.0
-413.448598131 0.0
-412.448598131 0.0
-411.448598131 0.0
-410.448598131 0.0
-409.448598131 0.0
-408.448598131 0.0
-407.448598131 0.0
-406.448598131 0.0
-405.448598131 0.0
-404.448598131 0.0
-403.448598131 0.0
-402.448598131 0.0
-401.448598131 0.0
-400.448598131 0.0
-399.448598131 0.0
-398.448598131 0.0
-397.448598131 0.0
-396.448598131 0.0
-395.448598131 0.0
-394.448598131 0.0
-393.448598131 0.0
-392.448598131 0.0
-391.448598131 0.0
-390.448598131 0.0
-389.448598131 0.0
-388.448598131 0.0
-387.448598131 0.0
-386.448598131 0.0
-385.448598131 0.0
-384.448598131 0.0
-383.448598131 0.0
-382.448598131 0.0
-381.448598131 0.0
-380.448598131 0.0
-379.448598131 0.0
-378.448598131 0.0
-377.448598131 0.0
-376.448598131 0.0
-375.448598131 0.0
-374.448598131 0.0
-373.448598131 0.0
-372.448598131 0.0
-371.448598131 0.0
-370.448598131 0.0
-369.448598131 0.0
-368.448598131 0.0
-367.448598131 0.0
-366.448598131 0.0
-365.448598131 0.0
-364.448598131 0.0
-363.448598131 0.0
-362.448598131 0.0
-361.448598131 0.0
-360.448598131 0.0
-359.448598131 0.0
-358.448598131 0.0
-357.448598131 0.0
-356.448598131 0.0
-355.448598131 0.0
-354.448598131 0.0
-353.448598131 0.0
-352.448598131 0.0
-351.448598131 0.0
-350.448598131 0.0
-349.448598131 0.0
-348.448598131 0.0
-347.448598131 0.0
-346.448598131 0.0
-345.448598131 0.0
-344.448598131 0.0
-343.448598131 0.0
-342.448598131 0.0
-341.448598131 0.0
-340.448598131 0.0
-339.448598131 0.0
-338.448598131 0.0
-337.448598131 0.0
-336.448598131 0.0
-335.448598131 0.0
-334.448598131 0.0
-333.448598131 0.0
-332.448598131 0.0
-331.448598131 0.0
-330.448598131 0.0
-329.448598131 0.0
-328.448598131 0.0
-327.448598131 0.0
-326.448598131 0.0
-325.448598131 0.0
-324.448598131 0.0
-323.448598131 0.0
-322.448598131 0.0
-321.448598131 0.0
-320.448598131 0.0
-319.448598131 0.0
-318.448598131 0.0
-317.448598131 0.0
-316.448598131 0.0
-315.448598131 0.0
-314.448598131 0.0
-313.448598131 0.0
-312.448598131 0.0
-311.448598131 0.0
-310.448598131 0.0
-309.448598131 0.0
-308.448598131 0.0
-307.448598131 0.0
-306.448598131 0.0
-305.448598131 0.0
-304.448598131 0.0
-303.448598131 0.0
-302.448598131 0.0
-301.448598131 0.0
-300.448598131 0.0
-299.448598131 0.0
-298.448598131 0.0
-297.448598131 0.0
-296.448598131 0.0
-295.448598131 0.0
-294.448598131 0.0
-293.448598131 0.0
-292.448598131 0.0
-291.448598131 0.0
-290.448598131 0.0
-289.448598131 0.0
-288.448598131 0.0
-287.448598131 0.0
-286.448598131 0.0
-285.448598131 0.0
-284.448598131 0.0
-283.448598131 0.0
-282.448598131 0.0
-281.448598131 0.0
-280.448598131 0.0
-279.448598131 0.0
-278.448598131 0.0
-277.448598131 0.0
-276.448598131 0.0
-275.448598131 0.0
-274.448598131 0.0
-273.448598131 0.0
-272.448598131 0.0
-271.448598131 0.0
-270.448598131 0.0
-269.448598131 0.0
-268.448598131 0.0
-267.448598131 0.0
-266.448598131 0.0
-265.448598131 0.0
-264.448598131 0.0
-263.448598131 0.0
-262.448598131 0.0
-261.448598131 0.0
-260.448598131 0.0
-259.448598131 0.0
-258.448598131 0.0
-257.448598131 0.0
-256.448598131 0.0
-255.448598131 0.0
-254.448598131 0.0
-253.448598131 0.0
-252.448598131 0.0
-251.448598131 0.0
-250.448598131 0.0
-249.448598131 0.0
-248.448598131 0.0
-247.448598131 0.0
-246.448598131 0.0
-245.448598131 0.0
-244.448598131 0.0
-243.448598131 0.0
-242.448598131 0.0
-241.448598131 0.0
-240.448598131 0.0
-239.448598131 0.0
-238.448598131 0.0
-237.448598131 0.0
-236.448598131 0.0
-235.448598131 0.0
-234.448598131 0.0
-233.448598131 0.0
-232.448598131 0.0
-231.448598131 0.0
-230.448598131 0.0
-229.448598131 0.0
-228.448598131 0.0
-227.448598131 0.0
-226.448598131 0.0
-225.448598131 0.0
-224.448598131 0.0
-223.448598131 0.0
-222.448598131 0.0
-221.448598131 0.0
-220.448598131 0.0
-219.448598131 0.0
-218.448598131 0.0
-217.448598131 0.0
-216.448598131 0.0
-215.448598131 0.0
-214.448598131 0.0
-213.448598131 0.0
-212.448598131 0.0
-211.448598131 0.0
-210.448598131 0.0
-209.448598131 0.0
-208.448598131 0.0
-207.448598131 0.0
-206.448598131 0.0
-205.448598131 0.0
-204.448598131 0.0
-203.448598131 0.0
-202.448598131 0.0
-201.448598131 0.0
-200.448598131 0.0
-199.448598131 0.0
-198.448598131 0.0
-197.448598131 0.0
-196.448598131 0.0
-195.448598131 0.0
-194.448598131 0.0
-193.448598131 0.0
-192.448598131 0.0
-191.448598131 0.0
-190.448598131 0.0
-189.448598131 0.0
-188.448598131 0.0
-187.448598131 0.0
-186.448598131 0.0
-185.448598131 0.0
-184.448598131 0.0
-183.448598131 0.0
-182.448598131 0.0
-181.448598131 0.0
-180.448598131 0.0
-179.448598131 0.0
-178.448598131 0.0
-177.448598131 0.0
-176.448598131 0.0
-175.448598131 0.0
-174.448598131 0.0
-173.448598131 0.0
-172.448598131 0.0
-171.448598131 0.0
-170.448598131 0.0
-169.448598131 0.0
-168.448598131 0.0
-167.448598131 0.0
-166.448598131 0.0
-165.448598131 0.0
-164.448598131 0.0
-163.448598131 0.0
-162.448598131 0.0
-161.448598131 0.0
-160.448598131 0.0
-159.448598131 0.0
-158.448598131 0.0
-157.448598131 0.0
-156.448598131 0.0
-155.448598131 0.0
-154.448598131 0.0
-153.448598131 0.0
-152.448598131 0.0
-151.448598131 0.0
-150.448598131 0.0
-149.448598131 0.0
-148.448598131 0.0
-147.448598131 0.0
-146.448598131 0.0
-145.448598131 0.0
-144.448598131 0.0
-143.448598131 0.0
-142.448598131 0.0
-141.448598131 0.0
-140.448598131 0.0
-139.448598131 0.0
-138.448598131 0.0
-137.448598131 0.0
-136.448598131 0.0
-135.448598131 0.0
-134.448598131 0.0
-133.448598131 0.0
-132.448598131 0.0
-131.448598131 0.0
-130.448598131 0.0
-129.448598131 0.0
-128.448598131 0.0
-127.448598131 0.0
-126.448598131 0.0
-125.448598131 0.0
-124.448598131 0.0
-123.448598131 0.0
-122.448598131 0.0
-121.448598131 0.0
-120.448598131 0.0
-119.448598131 0.0
-118.448598131 0.0
-117.448598131 0.0
-116.448598131 0.0
-115.448598131 0.0
-114.448598131 0.0
-113.448598131 0.0
-112.448598131 0.0
-111.448598131 0.000000e+00
-110.981308411 0.000000e+00
-110.514018692 0.000000e+00
-110.046728972 0.000000e+00
-109.579439252 0.000000e+00
-109.112149533 0.000000e+00
-108.644859813 0.000000e+00
-108.177570093 0.000000e+00
-107.710280374 0.000000e+00
-107.242990654 0.000000e+00
-106.775700935 0.000000e+00
-106.308411215 0.000000e+00
-105.841121495 0.000000e+00
-105.373831776 0.000000e+00
-104.906542056 0.000000e+00
-104.439252336 0.000000e+00
-103.971962617 0.000000e+00
-103.504672897 0.000000e+00
-103.037383178 0.000000e+00
-102.570093458 0.000000e+00
-102.102803738 0.000000e+00
-101.635514019 0.000000e+00
-101.168224299 0.000000e+00
-100.700934579 0.000000e+00
-100.23364486 0.000000e+00
-99.7663551402 0.000000e+00
-99.2990654206 0.000000e+00
-98.8317757009 0.000000e+00
-98.3644859813 0.000000e+00
-97.8971962617 0.000000e+00
-97.4299065421 0.000000e+00
-96.9626168224 0.000000e+00
-96.4953271028 0.000000e+00
-96.0280373832 0.000000e+00
-95.5607476636 0.000000e+00
-95.0934579439 0.000000e+00
-94.6261682243 0.000000e+00
-94.1588785047 0.000000e+00
-93.691588785 0.000000e+00
-93.2242990654 0.000000e+00
-92.7570093458 0.000000e+00
-92.2897196262 0.000000e+00
-91.8224299065 0.000000e+00
-91.3551401869 0.000000e+00
-90.8878504673 0.000000e+00
-90.4205607477 0.000000e+00
-89.953271028 0.000000e+00
-89.4859813084 0.000000e+00
-89.0186915888 0.000000e+00
-88.5514018692 0.000000e+00
-88.0841121495 0.000000e+00
-87.6168224299 0.000000e+00
-87.1495327103 0.000000e+00
-86.6822429907 0.000000e+00
-86.214953271 0.000000e+00
-85.7476635514 0.000000e+00
-85.2803738318 0.000000e+00
-84.8130841121 0.000000e+00
-84.3457943925 0.000000e+00
-83.8785046729 0.000000e+00
-83.4112149533 0.000000e+00
-82.9439252336 0.000000e+00
-82.476635514 0.000000e+00
-82.0093457944 0.000000e+00
-81.5420560748 0.000000e+00
-81.0747663551 0.000000e+00
-80.6074766355 0.000000e+00
-80.1401869159 0.000000e+00
-79.6728971963 0.000000e+00
-79.2056074766 0.000000e+00
-78.738317757 0.000000e+00
-78.2710280374 0.000000e+00
-77.8037383178 0.000000e+00
-77.3364485981 0.000000e+00
-76.8691588785 0.000000e+00
-76.4018691589 0.000000e+00
-75.9345794393 0.000000e+00
-75.4672897196 0.000000e+00
-75.0 0.000000e+00
-74.5327102804 0.000000e+00
-74.0654205607 0.000000e+00
-73.5981308411 0.000000e+00
-73.1308411215 0.000000e+00
-72.6635514019 0.000000e+00
-72.1962616822 0.000000e+00
-71.7289719626 0.000000e+00
-71.261682243 0.000000e+00
-70.7943925234 0.000000e+00
-70.3271028037 0.000000e+00
-69.8598130841 0.000000e+00
-69.3925233645 0.000000e+00
-68.9252336449 0.000000e+00
-68.4579439252 0.000000e+00
-67.9906542056 0.000000e+00
-67.523364486 0.000000e+00
-67.0560747664 0.000000e+00
-66.5887850467 0.000000e+00
-66.1214953271 0.000000e+00
-65.6542056075 0.000000e+00
-65.1869158879 0.000000e+00
-64.7196261682 0.000000e+00
-64.2523364486 0.000000e+00
-63.785046729 0.000000e+00
-63.3177570093 0.000000e+00
-62.8504672897 0.000000e+00
-62.3831775701 0.000000e+00
-61.9158878505 0.000000e+00
-61.4485981308 0.000000e+00
-60.9813084112 0.000000e+00
-60.5140186916 0.000000e+00
-60.046728972 0.000000e+00
-59.5794392523 0.000000e+00
-59.1121495327 0.000000e+00
-58.6448598131 0.000000e+00
-58.1775700935 0.000000e+00
-57.7102803738 0.000000e+00
-57.2429906542 0.000000e+00
-56.7757009346 0.000000e+00
-56.308411215 0.000000e+00
-55.8411214953 0.000000e+00
-55.3738317757 0.000000e+00
-54.9065420561 0.000000e+00
-54.4392523364 0.000000e+00
-53.9719626168 0.000000e+00
-53.5046728972 0.000000e+00
-53.0373831776 0.000000e+00
-52.5700934579 0.000000e+00
-52.1028037383 0.000000e+00
-51.6355140187 0.000000e+00
-51.1682242991 0.000000e+00
-50.7009345794 0.000000e+00
-50.2336448598 0.000000e+00
-49.7663551402 0.000000e+00
-49.2990654206 0.000000e+00
-48.8317757009 0.000000e+00
-48.3644859813 0.000000e+00
-47.8971962617 0.000000e+00
-47.4299065421 0.000000e+00
-46.9626168224 0.000000e+00
-46.4953271028 0.000000e+00
-46.0280373832 0.000000e+00
-45.5607476636 0.000000e+00
-45.0934579439 0.000000e+00
-44.6261682243 0.000000e+00
-44.1588785047 0.000000e+00
-43.691588785 0.000000e+00
-43.2242990654 0.000000e+00
-42.7570093458 0.000000e+00
-42.2897196262 0.000000e+00
-41.8224299065 0.000000e+00
-41.3551401869 0.000000e+00
-40.8878504673 0.000000e+00
-40.4205607477 0.000000e+00
-39.953271028 0.000000e+00
-39.4859813084 0.000000e+00
-39.0186915888 0.000000e+00
-38.5514018692 0.000000e+00
-38.0841121495 0.000000e+00
-37.6168224299 0.000000e+00
-37.1495327103 0.000000e+00
-36.6822429907 0.000000e+00
-36.214953271 0.000000e+00
-35.7476635514 0.000000e+00
-35.2803738318 0.000000e+00
-34.8130841121 0.000000e+00
-34.3457943925 0.000000e+00
-33.8785046729 0.000000e+00
-33.4112149533 0.000000e+00
-32.9439252336 0.000000e+00
-32.476635514 0.000000e+00
-32.0093457944 0.000000e+00
-31.5420560748 0.000000e+00
-31.0747663551 0.000000e+00
-30.6074766355 0.000000e+00
-30.1401869159 0.000000e+00
-29.6728971963 0.000000e+00
-29.2056074766 0.000000e+00
-28.738317757 0.000000e+00
-28.2710280374 0.000000e+00
-27.8037383178 0.000000e+00
-27.3364485981 0.000000e+00
-26.8691588785 0.000000e+00
-26.4018691589 0.000000e+00
-25.9345794393 0.000000e+00
-25.4672897196 0.000000e+00
-25.0 0.000000e+00
-24.5327102804 0.000000e+00
-24.0654205607 0.000000e+00
-23.5981308411 0.000000e+00
-23.1308411215 0.000000e+00
-22.6635514019 0.000000e+00
-22.1962616822 0.000000e+00
-21.7289719626 0.000000e+00
-21.261682243 0.000000e+00
-20.7943925234 0.000000e+00
-20.3271028037 0.000000e+00
-19.8598130841 0.000000e+00
-19.3925233645 0.000000e+00
-18.9252336449 0.000000e+00
-18.4579439252 0.000000e+00
-17.9906542056 0.000000e+00
-17.523364486 0.000000e+00
-17.0560747664 0.000000e+00
-16.5887850467 0.000000e+00
-16.1214953271 0.000000e+00
-15.6542056075 0.000000e+00
-15.1869158879 0.000000e+00
-14.7196261682 0.000000e+00
-14.2523364486 0.000000e+00
-13.785046729 0.000000e+00
-13.3177570093 0.000000e+00
-12.8504672897 0.000000e+00
-12.3831775701 0.000000e+00
-11.9158878505 0.000000e+00
-11.4485981308 0.000000e+00
-10.9813084112 9.041956e-01
-10.5140186916 0.000000e+00
-10.046728972 0.000000e+00
-9.57943925234 0.000000e+00
-9.11214953271 0.000000e+00
-8.64485981308 0.000000e+00
-8.17757009346 0.000000e+00
-7.71028037383 0.000000e+00
-7.24299065421 0.000000e+00
-6.77570093458 0.000000e+00
-6.30841121495 0.000000e+00
-5.84112149533 0.000000e+00
-5.3738317757 0.000000e+00
-4.90654205607 0.000000e+00
-4.43925233645 0.000000e+00
-3.97196261682 0.000000e+00
-3.5046728972 0.000000e+00
-3.03738317757 0.000000e+00
-2.57009345794 0.000000e+00
-2.10280373832 0.000000e+00
-1.63551401869 0.000000e+00
-1.16822429907 0.000000e+00
-0.700934579439 0.000000e+00
-0.233644859813 0.000000e+00
0.233644859813 0.000000e+00
0.700934579439 7.417778e-01
1.16822429907 0.000000e+00
1.63551401869 1.000000e+00
2.10280373832 0.000000e+00
2.57009345794 0.000000e+00
3.03738317757 0.000000e+00
3.5046728972 0.000000e+00
3.97196261682 0.000000e+00
4.43925233645 0.000000e+00
4.90654205607 0.000000e+00
5.3738317757 0.000000e+00
5.84112149533 7.996129e-01
6.30841121495 0.000000e+00
6.77570093458 0.000000e+00
7.24299065421 0.000000e+00
7.71028037383 0.000000e+00
8.17757009346 0.000000e+00
8.64485981308 0.000000e+00
9.11214953271 0.000000e+00
9.57943925234 0.000000e+00
10.046728972 0.000000e+00
10.5140186916 0.000000e+00
10.9813084112 0.000000e+00
11.4485981308 0.000000e+00
11.9158878505 0.000000e+00
12.3831775701 0.000000e+00
12.8504672897 0.000000e+00
13.3177570093 0.000000e+00
13.785046729 0.000000e+00
14.2523364486 0.000000e+00
14.7196261682 0.000000e+00
15.1869158879 0.000000e+00
15.6542056075 0.000000e+00
16.1214953271 0.000000e+00
16.5887850467 0.000000e+00
17.0560747664 0.000000e+00
17.523364486 0.000000e+00
17.9906542056 0.000000e+00
18.4579439252 0.000000e+00
18.9252336449 0.000000e+00
19.3925233645 0.000000e+00
19.8598130841 0.000000e+00
20.3271028037 0.000000e+00
20.7943925234 0.000000e+00
21.261682243 0.000000e+00
21.7289719626 0.000000e+00
22.1962616822 0.000000e+00
22.6635514019 0.000000e+00
23.1308411215 0.000000e+00
23.5981308411 0.000000e+00
24.0654205607 0.000000e+00
24.5327102804 0.000000e+00
25.0 0.000000e+00
25.4672897196 0.000000e+00
25.9345794393 0.000000e+00
26.4018691589 0.000000e+00
26.8691588785 0.000000e+00
27.3364485981 0.000000e+00
27.8037383178 0.000000e+00
28.2710280374 0.000000e+00
28.738317757 0.000000e+00
29.2056074766 0.000000e+00
29.6728971963 0.000000e+00
30.1401869159 0.000000e+00
30.6074766355 0.000000e+00
31.0747663551 0.000000e+00
31.5420560748 0.000000e+00
32.0093457944 0.000000e+00
32.476635514 0.000000e+00
32.9439252336 0.000000e+00
33.4112149533 0.000000e+00
33.8785046729 0.000000e+00
34.3457943925 0.000000e+00
34.8130841121 0.000000e+00
35.2803738318 0.000000e+00
35.7476635514 0.000000e+00
36.214953271 0.000000e+00
36.6822429907 0.000000e+00
37.1495327103 0.000000e+00
37.6168224299 0.000000e+00
38.0841121495 0.000000e+00
38.5514018692 0.000000e+00
39.0186915888 0.000000e+00
39.4859813084 0.000000e+00
39.953271028 0.000000e+00
40.4205607477 0.000000e+00
40.8878504673 0.000000e+00
41.3551401869 0.000000e+00
41.8224299065 0.000000e+00
42.2897196262 0.000000e+00
42.7570093458 0.000000e+00
43.2242990654 0.000000e+00
43.691588785 0.000000e+00
44.1588785047 0.000000e+00
44.6261682243 0.000000e+00
45.0934579439 0.000000e+00
45.5607476636 0.000000e+00
46.0280373832 0.000000e+00
46.4953271028 0.000000e+00
46.9626168224 0.000000e+00
47.4299065421 0.000000e+00
47.8971962617 0.000000e+00
48.3644859813 0.000000e+00
48.8317757009 0.000000e+00
49.2990654206 0.000000e+00
49.7663551402 0.000000e+00
50.2336448598 0.000000e+00
50.7009345794 0.000000e+00
51.1682242991 0.000000e+00
51.6355140187 0.000000e+00
52.1028037383 0.000000e+00
52.5700934579 0.000000e+00
53.0373831776 0.000000e+00
53.5046728972 0.000000e+00
53.9719626168 0.000000e+00
54.4392523364 0.000000e+00
54.9065420561 0.000000e+00
55.3738317757 0.000000e+00
55.8411214953 0.000000e+00
56.308411215 0.000000e+00
56.7757009346 0.000000e+00
57.2429906542 0.000000e+00
57.7102803738 0.000000e+00
58.1775700935 0.000000e+00
58.6448598131 0.000000e+00
59.1121495327 0.000000e+00
59.5794392523 0.000000e+00
60.046728972 0.000000e+00
60.5140186916 0.000000e+00
60.9813084112 0.000000e+00
61.4485981308 0.000000e+00
61.9158878505 0.000000e+00
62.3831775701 0.000000e+00
62.8504672897 0.000000e+00
63.3177570093 0.000000e+00
63.785046729 0.000000e+00
64.2523364486 0.000000e+00
64.7196261682 0.000000e+00
65.1869158879 0.000000e+00
65.6542056075 0.000000e+00
66.1214953271 0.000000e+00
66.5887850467 0.000000e+00
67.0560747664 0.000000e+00
67.523364486 0.000000e+00
67.9906542056 0.000000e+00
68.4579439252 0.000000e+00
68.9252336449 0.000000e+00
69.3925233645 0.000000e+00
69.8598130841 0.000000e+00
70.3271028037 0.000000e+00
70.7943925234 0.000000e+00
71.261682243 0.000000e+00
71.7289719626 0.000000e+00
72.1962616822 0.000000e+00
72.6635514019 0.000000e+00
73.1308411215 0.000000e+00
73.5981308411 0.000000e+00
74.0654205607 0.000000e+00
74.5327102804 0.000000e+00
75.0 0.000000e+00
75.4672897196 0.000000e+00
75.9345794393 0.000000e+00
76.4018691589 0.000000e+00
76.8691588785 0.000000e+00
77.3364485981 0.000000e+00
77.8037383178 0.000000e+00
78.2710280374 0.000000e+00
78.738317757 0.000000e+00
79.2056074766 0.000000e+00
79.6728971963 0.000000e+00
80.1401869159 0.000000e+00
80.6074766355 0.000000e+00
81.0747663551 0.000000e+00
81.5420560748 0.000000e+00
82.0093457944 0.000000e+00
82.476635514 0.000000e+00
82.9439252336 0.000000e+00
83.4112149533 0.000000e+00
83.8785046729 0.000000e+00
84.3457943925 0.000000e+00
84.8130841121 0.000000e+00
85.2803738318 0.000000e+00
85.7476635514 0.000000e+00
86.214953271 0.000000e+00
86.6822429907 0.000000e+00
87.1495327103 0.000000e+00
87.6168224299 0.000000e+00
88.0841121495 0.000000e+00
88.5514018692 0.000000e+00
89.0186915888 0.000000e+00
89.4859813084 0.000000e+00
89.953271028 0.000000e+00
90.4205607477 0.000000e+00
90.8878504673 0.000000e+00
91.3551401869 0.000000e+00
91.8224299065 0.000000e+00
92.2897196262 0.000000e+00
92.7570093458 0.000000e+00
93.2242990654 0.000000e+00
93.691588785 0.000000e+00
94.1588785047 0.000000e+00
94.6261682243 0.000000e+00
95.0934579439 0.000000e+00
95.5607476636 0.000000e+00
96.0280373832 0.000000e+00
96.4953271028 0.000000e+00
96.9626168224 0.000000e+00
97.4299065421 0.000000e+00
97.8971962617 0.000000e+00
98.3644859813 0.000000e+00
98.8317757009 0.000000e+00
99.2990654206 0.000000e+00
99.7663551402 0.000000e+00
100.23364486 0.000000e+00
100.700934579 0.000000e+00
101.168224299 0.000000e+00
101.635514019 0.000000e+00
102.102803738 0.000000e+00
102.570093458 0.000000e+00
103.037383178 0.000000e+00
103.504672897 0.000000e+00
103.971962617 0.000000e+00
104.439252336 0.000000e+00
104.906542056 0.000000e+00
105.373831776 0.000000e+00
105.841121495 0.000000e+00
106.308411215 0.000000e+00
106.775700935 0.000000e+00
107.242990654 0.000000e+00
107.710280374 0.000000e+00
108.177570093 0.000000e+00
108.644859813 0.000000e+00
109.112149533 0.000000e+00
109.579439252 0.000000e+00
110.046728972 0.000000e+00
110.514018692 0.000000e+00
110.981308411 0.000000e+00
111.448598131 0.000000e+00
111.91588785 0.000000e+00
112.38317757 0.000000e+00
112.85046729 0.000000e+00
113.317757009 0.000000e+00
113.785046729 0.000000e+00
114.252336449 0.000000e+00
114.719626168 0.000000e+00
115.186915888 0.000000e+00
115.654205607 0.000000e+00
116.121495327 0.000000e+00
116.588785047 0.000000e+00
117.056074766 0.000000e+00
117.523364486 0.000000e+00
117.990654206 0.000000e+00
118.457943925 0.000000e+00
118.925233645 0.000000e+00
119.392523364 0.000000e+00
119.859813084 0.000000e+00
120.327102804 0.000000e+00
120.794392523 0.000000e+00
121.261682243 0.000000e+00
121.728971963 0.000000e+00
122.196261682 0.000000e+00
122.663551402 0.000000e+00
123.130841121 0.000000e+00
123.598130841 0.000000e+00
124.065420561 0.000000e+00
124.53271028 0.000000e+00
125.0 0.000000e+00
125.46728972 0.000000e+00
125.934579439 0.000000e+00
126.401869159 0.000000e+00
126.869158879 0.000000e+00
127.336448598 0.000000e+00
127.803738318 0.000000e+00
128.271028037 0.000000e+00
128.738317757 0.000000e+00
129.205607477 0.000000e+00
129.672897196 0.000000e+00
130.140186916 0.000000e+00
130.607476636 0.000000e+00
131.074766355 0.000000e+00
131.542056075 0.000000e+00
132.009345794 0.000000e+00
132.476635514 0.000000e+00
132.943925234 0.000000e+00
133.411214953 0.000000e+00
133.878504673 0.000000e+00
134.345794393 0.000000e+00
134.813084112 0.000000e+00
135.280373832 0.000000e+00
135.747663551 0.000000e+00
136.214953271 0.000000e+00
136.682242991 0.000000e+00
137.14953271 0.000000e+00
137.61682243 0.000000e+00
138.08411215 0.000000e+00
138.551401869 0.000000e+00
139.018691589 0.000000e+00
139.485981308 0.000000e+00
139.953271028 0.000000e+00
140.420560748 0.000000e+00
140.887850467 0.000000e+00
141.355140187 0.000000e+00
141.822429907 0.000000e+00
142.289719626 0.000000e+00
142.757009346 0.000000e+00
143.224299065 0.000000e+00
143.691588785 0.000000e+00
144.158878505 0.000000e+00
144.626168224 0.000000e+00
145.093457944 0.000000e+00
145.560747664 0.000000e+00
146.028037383 0.000000e+00
146.495327103 0.000000e+00
146.962616822 0.000000e+00
147.429906542 0.000000e+00
147.897196262 0.000000e+00
148.364485981 0.000000e+00
148.831775701 0.000000e+00
149.299065421 0.000000e+00
149.76635514 0.000000e+00
150.23364486 0.000000e+00
150.700934579 0.000000e+00
151.168224299 0.000000e+00
151.635514019 0.000000e+00
152.102803738 0.000000e+00
152.570093458 0.000000e+00
153.037383178 0.000000e+00
153.504672897 0.000000e+00
153.971962617 0.000000e+00
154.439252336 0.000000e+00
154.906542056 0.000000e+00
155.373831776 0.000000e+00
155.841121495 0.000000e+00
156.308411215 0.000000e+00
156.775700935 0.000000e+00
157.242990654 0.000000e+00
157.710280374 0.000000e+00
158.177570093 0.000000e+00
158.644859813 0.000000e+00
159.112149533 0.000000e+00
159.579439252 0.000000e+00
160.046728972 0.000000e+00
160.514018692 0.000000e+00
160.981308411 0.000000e+00
161.448598131 0.000000e+00
161.91588785 0.000000e+00
162.38317757 0.000000e+00
162.85046729 0.000000e+00
163.317757009 0.000000e+00
163.785046729 0.000000e+00
164.252336449 0.000000e+00
164.719626168 0.000000e+00
165.186915888 0.000000e+00
165.654205607 0.000000e+00
166.121495327 0.000000e+00
166.588785047 0.000000e+00
167.056074766 0.000000e+00
167.523364486 0.000000e+00
167.990654206 0.000000e+00
168.457943925 0.000000e+00
168.925233645 0.000000e+00
169.392523364 0.000000e+00
169.859813084 0.000000e+00
170.327102804 0.000000e+00
170.794392523 0.000000e+00
171.261682243 0.000000e+00
171.728971963 0.000000e+00
172.196261682 0.000000e+00
172.663551402 0.000000e+00
173.130841121 0.000000e+00
173.598130841 0.000000e+00
174.065420561 0.000000e+00
174.53271028 0.000000e+00
175.0 0.000000e+00
175.46728972 0.000000e+00
175.934579439 0.000000e+00
176.401869159 0.000000e+00
176.869158879 0.000000e+00
177.336448598 0.000000e+00
177.803738318 0.000000e+00
178.271028037 0.000000e+00
178.738317757 0.000000e+00
179.205607477 0.000000e+00
179.672897196 0.000000e+00
180.140186916 0.000000e+00
180.607476636 0.000000e+00
181.074766355 0.000000e+00
181.542056075 0.000000e+00
182.009345794 0.000000e+00
182.476635514 0.000000e+00
182.943925234 0.000000e+00
183.411214953 0.000000e+00
183.878504673 0.000000e+00
184.345794393 0.000000e+00
184.813084112 0.000000e+00
185.280373832 0.000000e+00
185.747663551 0.000000e+00
186.214953271 0.000000e+00
186.682242991 0.000000e+00
187.14953271 0.000000e+00
187.61682243 0.000000e+00
188.08411215 0.000000e+00
188.551401869 0.000000e+00
189.018691589 0.000000e+00
189.485981308 0.000000e+00
189.953271028 0.000000e+00
190.420560748 0.000000e+00
190.887850467 0.000000e+00
191.355140187 0.000000e+00
191.822429907 0.000000e+00
192.289719626 0.000000e+00
192.757009346 0.000000e+00
193.224299065 0.000000e+00
193.691588785 0.000000e+00
194.158878505 0.000000e+00
194.626168224 0.000000e+00
195.093457944 0.000000e+00
195.560747664 0.000000e+00
196.028037383 0.000000e+00
196.495327103 0.000000e+00
196.962616822 0.000000e+00
197.429906542 0.000000e+00
197.897196262 0.000000e+00
198.364485981 0.000000e+00
198.831775701 0.000000e+00
199.299065421 0.000000e+00
199.76635514 0.000000e+00
200.23364486 0.000000e+00
200.700934579 0.000000e+00
201.168224299 0.000000e+00
201.635514019 0.000000e+00
202.102803738 0.000000e+00
202.570093458 0.000000e+00
203.037383178 0.000000e+00
203.504672897 0.000000e+00
203.971962617 0.000000e+00
204.439252336 0.000000e+00
204.906542056 0.000000e+00
205.373831776 0.000000e+00
205.841121495 0.000000e+00
206.308411215 0.000000e+00
206.775700935 0.000000e+00
207.242990654 0.000000e+00
207.710280374 0.000000e+00
208.177570093 0.000000e+00
208.644859813 0.000000e+00
209.112149533 0.000000e+00
209.579439252 0.000000e+00
210.046728972 0.000000e+00
210.514018692 0.000000e+00
210.981308411 0.000000e+00
211.448598131 0.000000e+00
211.91588785 0.000000e+00
212.38317757 0.000000e+00
212.85046729 0.000000e+00
213.317757009 0.000000e+00
213.785046729 0.000000e+00
214.252336449 0.000000e+00
214.719626168 0.000000e+00
215.186915888 0.000000e+00
215.654205607 0.000000e+00
216.121495327 0.000000e+00
216.588785047 0.000000e+00
217.056074766 0.000000e+00
217.523364486 0.000000e+00
217.990654206 0.000000e+00
218.457943925 0.000000e+00
218.925233645 0.000000e+00
219.392523364 0.000000e+00
219.859813084 0.000000e+00
220.327102804 0.000000e+00
220.794392523 0.000000e+00
221.261682243 0.000000e+00
221.728971963 0.000000e+00
222.196261682 0.000000e+00
222.663551402 0.000000e+00
223.130841121 0.000000e+00
223.598130841 0.000000e+00
224.065420561 0.000000e+00
224.53271028 0.000000e+00
225.0 0.000000e+00
225.46728972 0.000000e+00
225.934579439 0.000000e+00
226.401869159 0.000000e+00
226.869158879 0.000000e+00
227.336448598 0.000000e+00
227.803738318 0.000000e+00
228.271028037 0.000000e+00
228.738317757 0.000000e+00
229.205607477 0.000000e+00
229.672897196 0.000000e+00
230.140186916 0.000000e+00
230.607476636 0.000000e+00
231.074766355 0.000000e+00
231.542056075 0.000000e+00
232.009345794 0.000000e+00
232.476635514 0.000000e+00
232.943925234 0.000000e+00
233.411214953 0.000000e+00
233.878504673 0.000000e+00
234.345794393 0.000000e+00
234.813084112 0.000000e+00
235.280373832 0.000000e+00
235.747663551 0.000000e+00
236.214953271 0.000000e+00
236.682242991 0.000000e+00
237.14953271 0.000000e+00
237.61682243 0.000000e+00
238.08411215 0.000000e+00
238.551401869 0.000000e+00
239.018691589 0.000000e+00
239.485981308 0.000000e+00
239.953271028 0.000000e+00
240.420560748 0.000000e+00
240.887850467 0.000000e+00
241.355140187 0.000000e+00
241.822429907 0.000000e+00
242.289719626 0.000000e+00
242.757009346 0.000000e+00
243.224299065 0.000000e+00
243.691588785 0.000000e+00
244.158878505 0.000000e+00
244.626168224 0.000000e+00
245.093457944 0.000000e+00
245.560747664 0.000000e+00
246.028037383 0.000000e+00
246.495327103 0.000000e+00
246.962616822 0.000000e+00
247.429906542 0.000000e+00
247.897196262 0.000000e+00
248.364485981 0.000000e+00
248.831775701 0.000000e+00
249.299065421 0.000000e+00
249.76635514 0.000000e+00
250.23364486 0.000000e+00
250.700934579 0.000000e+00
251.168224299 0.000000e+00
251.635514019 0.000000e+00
252.102803738 0.000000e+00
252.570093458 0.000000e+00
253.037383178 0.000000e+00
253.504672897 0.000000e+00
253.971962617 0.000000e+00
254.439252336 0.000000e+00
254.906542056 0.000000e+00
255.373831776 0.000000e+00
255.841121495 0.000000e+00
256.308411215 0.000000e+00
256.775700935 0.000000e+00
257.242990654 0.000000e+00
257.710280374 0.000000e+00
258.177570093 0.000000e+00
258.644859813 0.000000e+00
259.112149533 0.000000e+00
259.579439252 0.000000e+00
260.046728972 0.000000e+00
260.514018692 0.000000e+00
260.981308411 0.000000e+00
261.448598131 0.000000e+00
261.91588785 0.000000e+00
262.38317757 0.000000e+00
262.85046729 0.000000e+00
263.317757009 0.000000e+00
263.785046729 0.000000e+00
264.252336449 0.000000e+00
264.719626168 0.000000e+00
265.186915888 0.000000e+00
265.654205607 0.000000e+00
266.121495327 0.000000e+00
266.588785047 0.000000e+00
267.056074766 0.000000e+00
267.523364486 0.000000e+00
267.990654206 0.000000e+00
268.457943925 0.000000e+00
268.925233645 0.000000e+00
269.392523364 0.000000e+00
269.859813084 0.000000e+00
270.327102804 0.000000e+00
270.794392523 0.000000e+00
271.261682243 0.000000e+00
271.728971963 0.000000e+00
272.196261682 0.000000e+00
272.663551402 0.000000e+00
273.130841121 0.000000e+00
273.598130841 0.000000e+00
274.065420561 0.000000e+00
274.53271028 0.000000e+00
275.0 0.000000e+00
275.46728972 0.000000e+00
275.934579439 0.000000e+00
276.401869159 0.000000e+00
276.869158879 0.000000e+00
277.336448598 0.000000e+00
277.803738318 0.000000e+00
278.271028037 0.000000e+00
278.738317757 0.000000e+00
279.205607477 0.000000e+00
279.672897196 0.000000e+00
280.140186916 0.000000e+00
280.607476636 0.000000e+00
281.074766355 0.000000e+00
281.542056075 0.000000e+00
282.009345794 0.000000e+00
282.476635514 0.000000e+00
282.943925234 0.000000e+00
283.411214953 0.000000e+00
283.878504673 0.000000e+00
284.345794393 0.000000e+00
284.813084112 0.000000e+00
285.280373832 0.000000e+00
285.747663551 0.000000e+00
286.214953271 0.000000e+00
286.682242991 0.000000e+00
287.14953271 0.000000e+00
287.61682243 0.000000e+00
288.08411215 0.000000e+00
288.551401869 0.000000e+00
289.018691589 0.000000e+00
289.485981308 0.000000e+00
289.953271028 0.000000e+00
290.420560748 0.000000e+00
290.887850467 0.000000e+00
291.355140187 0.000000e+00
291.822429907 0.000000e+00
292.289719626 0.000000e+00
292.757009346 0.000000e+00
293.224299065 0.000000e+00
293.691588785 0.000000e+00
294.158878505 0.000000e+00
294.626168224 0.000000e+00
295.093457944 0.000000e+00
295.560747664 0.000000e+00
296.028037383 0.000000e+00
296.495327103 0.000000e+00
296.962616822 0.000000e+00
297.429906542 0.000000e+00
297.897196262 0.000000e+00
298.364485981 0.000000e+00
298.831775701 0.000000e+00
299.299065421 0.000000e+00
299.76635514 0.000000e+00
300.23364486 0.000000e+00
300.700934579 0.000000e+00
301.168224299 0.000000e+00
301.635514019 0.000000e+00
302.102803738 0.000000e+00
302.570093458 0.000000e+00
303.037383178 0.000000e+00
303.504672897 0.000000e+00
303.971962617 0.000000e+00
304.439252336 0.000000e+00
304.906542056 0.000000e+00
305.373831776 0.000000e+00
305.841121495 0.000000e+00
306.308411215 0.000000e+00
306.775700935 0.000000e+00
307.242990654 0.000000e+00
307.710280374 0.000000e+00
308.177570093 0.000000e+00
308.644859813 0.000000e+00
309.112149533 0.000000e+00
309.579439252 0.000000e+00
310.046728972 0.000000e+00
310.514018692 0.000000e+00
310.981308411 0.000000e+00
311.448598131 0.000000e+00
311.91588785 0.000000e+00
312.38317757 0.000000e+00
312.85046729 0.000000e+00
313.317757009 0.000000e+00
313.785046729 0.000000e+00
314.252336449 0.000000e+00
314.719626168 0.000000e+00
315.186915888 0.000000e+00
315.654205607 0.000000e+00
316.121495327 0.000000e+00
316.588785047 0.000000e+00
317.056074766 0.000000e+00
317.523364486 0.000000e+00
317.990654206 0.000000e+00
318.457943925 0.000000e+00
318.925233645 0.000000e+00
319.392523364 0.000000e+00
319.859813084 0.000000e+00
320.327102804 0.000000e+00
320.794392523 0.000000e+00
321.261682243 0.000000e+00
321.728971963 0.000000e+00
322.196261682 0.000000e+00
322.663551402 0.000000e+00
323.130841121 0.000000e+00
323.598130841 0.000000e+00
324.065420561 0.000000e+00
324.53271028 0.000000e+00
325.0 0.000000e+00
325.46728972 0.000000e+00
325.934579439 0.000000e+00
326.401869159 0.000000e+00
326.869158879 0.000000e+00
327.336448598 0.000000e+00
327.803738318 0.000000e+00
328.271028037 0.000000e+00
328.738317757 0.000000e+00
329.205607477 0.000000e+00
329.672897196 0.000000e+00
330.140186916 0.000000e+00
330.607476636 0.000000e+00
331.074766355 0.000000e+00
331.542056075 0.000000e+00
332.009345794 0.000000e+00
332.476635514 0.000000e+00
332.943925234 0.000000e+00
333.411214953 0.000000e+00
333.878504673 0.000000e+00
334.345794393 0.000000e+00
334.813084112 0.000000e+00
335.280373832 0.000000e+00
335.747663551 0.000000e+00
336.214953271 0.000000e+00
336.682242991 0.000000e+00
337.14953271 0.000000e+00
337.61682243 0.000000e+00
338.08411215 0.000000e+00
338.551401869 0.000000e+00
339.018691589 0.000000e+00
339.485981308 0.000000e+00
339.953271028 0.000000e+00
340.420560748 0.000000e+00
340.887850467 0.000000e+00
341.355140187 0.000000e+00
341.822429907 0.000000e+00
342.289719626 0.000000e+00
342.757009346 0.000000e+00
343.224299065 0.000000e+00
343.691588785 0.000000e+00
344.158878505 0.000000e+00
344.626168224 0.000000e+00
345.093457944 0.000000e+00
345.560747664 0.000000e+00
346.028037383 0.000000e+00
346.495327103 0.000000e+00
346.962616822 0.000000e+00
347.429906542 0.000000e+00
347.897196262 0.000000e+00
348.364485981 0.000000e+00
348.831775701 0.000000e+00
349.299065421 0.000000e+00
349.76635514 0.000000e+00
350.23364486 0.000000e+00
350.700934579 0.000000e+00
351.168224299 0.000000e+00
351.635514019 0.000000e+00
352.102803738 0.000000e+00
352.570093458 0.000000e+00
353.037383178 0.000000e+00
353.504672897 0.000000e+00
353.971962617 0.000000e+00
354.439252336 0.000000e+00
354.906542056 0.000000e+00
355.373831776 0.000000e+00
355.841121495 0.000000e+00
356.308411215 0.000000e+00
356.775700935 0.000000e+00
357.242990654 0.000000e+00
357.710280374 0.000000e+00
358.177570093 0.000000e+00
358.644859813 0.000000e+00
359.112149533 0.000000e+00
359.579439252 0.000000e+00
360.046728972 0.000000e+00
360.514018692 0.000000e+00
360.981308411 0.000000e+00
361.448598131 0.000000e+00
361.91588785 0.000000e+00
362.38317757 0.000000e+00
362.85046729 0.000000e+00
363.317757009 0.000000e+00
363.785046729 0.000000e+00
364.252336449 0.000000e+00
364.719626168 0.000000e+00
365.186915888 0.000000e+00
365.654205607 0.000000e+00
366.121495327 0.000000e+00
366.588785047 0.000000e+00
367.056074766 0.000000e+00
367.523364486 0.000000e+00
367.990654206 0.000000e+00
368.457943925 0.000000e+00
368.925233645 0.000000e+00
369.392523364 0.000000e+00
369.859813084 0.000000e+00
370.327102804 0.000000e+00
370.794392523 0.000000e+00
371.261682243 0.000000e+00
371.728971963 0.000000e+00
372.196261682 0.000000e+00
372.663551402 0.000000e+00
373.130841121 0.000000e+00
373.598130841 0.000000e+00
374.065420561 0.000000e+00
374.53271028 0.000000e+00
375.0 0.000000e+00
375.46728972 0.000000e+00
375.934579439 0.000000e+00
376.401869159 0.000000e+00
376.869158879 0.000000e+00
377.336448598 0.000000e+00
377.803738318 0.000000e+00
378.271028037 0.000000e+00
378.738317757 0.000000e+00
379.205607477 0.000000e+00
379.672897196 0.000000e+00
380.140186916 0.000000e+00
380.607476636 0.000000e+00
381.074766355 0.000000e+00
381.542056075 0.000000e+00
382.009345794 0.000000e+00
382.476635514 0.000000e+00
382.943925234 0.000000e+00
383.411214953 0.000000e+00
383.878504673 0.000000e+00
384.345794393 0.000000e+00
384.813084112 0.000000e+00
385.280373832 0.000000e+00
385.747663551 0.000000e+00
386.214953271 0.000000e+00
386.682242991 0.000000e+00
387.14953271 0.000000e+00
387.61682243 0.000000e+00
388.08411215 0.000000e+00
388.551401869 0.000000e+00
389.018691589 0.000000e+00
389.485981308 0.000000e+00
389.953271028 0.000000e+00
390.420560748 0.000000e+00
390.887850467 0.000000e+00
391.355140187 0.000000e+00
391.822429907 0.000000e+00
392.289719626 0.000000e+00
392.757009346 0.000000e+00
393.224299065 0.000000e+00
393.691588785 0.000000e+00
394.158878505 0.000000e+00
394.626168224 0.000000e+00
395.093457944 0.000000e+00
395.560747664 0.000000e+00
396.028037383 0.000000e+00
396.495327103 0.000000e+00
396.962616822 0.000000e+00
397.429906542 0.000000e+00
397.897196262 0.000000e+00
398.364485981 0.000000e+00
398.831775701 0.000000e+00
399.299065421 0.000000e+00
399.76635514 0.000000e+00
400.23364486 0.000000e+00
400.700934579 0.000000e+00
401.168224299 0.000000e+00
401.635514019 0.000000e+00
402.102803738 0.000000e+00
402.570093458 0.000000e+00
403.037383178 0.000000e+00
403.504672897 0.000000e+00
403.971962617 0.000000e+00
404.439252336 0.000000e+00
404.906542056 0.000000e+00
405.373831776 0.000000e+00
405.841121495 0.000000e+00
406.308411215 0.000000e+00
406.775700935 0.000000e+00
407.242990654 0.000000e+00
407.710280374 0.000000e+00
408.177570093 0.000000e+00
408.644859813 0.000000e+00
409.112149533 0.000000e+00
409.579439252 0.000000e+00
410.046728972 0.000000e+00
410.514018692 0.000000e+00
410.981308411 0.000000e+00
411.448598131 0.000000e+00
411.91588785 0.000000e+00
412.38317757 0.000000e+00
412.85046729 0.000000e+00
413.317757009 0.000000e+00
413.785046729 0.000000e+00
414.252336449 0.000000e+00
414.719626168 0.000000e+00
415.186915888 0.000000e+00
415.654205607 0.000000e+00
416.121495327 0.000000e+00
416.588785047 0.000000e+00
417.056074766 0.000000e+00
417.523364486 0.000000e+00
417.990654206 0.000000e+00
418.457943925 0.000000e+00
418.925233645 0.000000e+00
419.392523364 0.000000e+00
419.859813084 0.000000e+00
420.327102804 0.000000e+00
420.794392523 0.000000e+00
421.261682243 0.000000e+00
421.728971963 0.000000e+00
422.196261682 0.000000e+00
422.663551402 0.000000e+00
423.130841121 0.000000e+00
423.598130841 0.000000e+00
424.065420561 0.000000e+00
424.53271028 0.000000e+00
425.0 0.000000e+00
425.46728972 0.000000e+00
425.934579439 0.000000e+00
426.401869159 0.000000e+00
426.869158879 0.000000e+00
427.336448598 0.000000e+00
427.803738318 0.000000e+00
428.271028037 0.000000e+00
428.738317757 0.000000e+00
429.205607477 0.000000e+00
429.672897196 0.000000e+00
430.140186916 0.000000e+00
430.607476636 0.000000e+00
431.074766355 0.000000e+00
431.542056075 0.000000e+00
432.009345794 0.000000e+00
432.476635514 0.000000e+00
432.943925234 0.000000e+00
433.411214953 0.000000e+00
433.878504673 0.000000e+00
434.345794393 0.000000e+00
434.813084112 0.000000e+00
435.280373832 0.000000e+00
435.747663551 0.000000e+00
436.214953271 0.000000e+00
436.682242991 0.000000e+00
437.14953271 0.000000e+00
437.61682243 0.000000e+00
438.08411215 0.000000e+00
438.551401869 0.000000e+00
439.018691589 0.000000e+00
439.485981308 0.000000e+00
439.953271028 0.000000e+00
440.420560748 0.000000e+00
440.887850467 0.000000e+00
441.355140187 0.000000e+00
441.822429907 0.000000e+00
442.289719626 0.000000e+00
442.757009346 0.000000e+00
443.224299065 0.000000e+00
443.691588785 0.000000e+00
444.158878505 0.000000e+00
444.626168224 0.000000e+00
445.093457944 0.000000e+00
445.560747664 0.000000e+00
446.028037383 0.000000e+00
446.495327103 0.000000e+00
446.962616822 0.000000e+00
447.429906542 0.000000e+00
447.897196262 0.000000e+00
448.364485981 0.000000e+00
448.831775701 0.000000e+00
449.299065421 0.000000e+00
449.76635514 0.000000e+00
450.76635514 0.0
451.76635514 0.0
452.76635514 0.0
453.76635514 0.0
454.76635514 0.0
455.76635514 0.0
456.76635514 0.0
457.76635514 0.0
458.76635514 0.0
459.76635514 0.0
460.76635514 0.0
461.76635514 0.0
462.76635514 0.0
463.76635514 0.0
464.76635514 0.0
465.76635514 0.0
466.76635514 0.0
467.76635514 0.0
468.76635514 0.0
469.76635514 0.0
470.76635514 0.0
471.76635514 0.0
472.76635514 0.0
473.76635514 0.0
474.76635514 0.0
475.76635514 0.0
476.76635514 0.0
477.76635514 0.0
478.76635514 0.0
479.76635514 0.0
480.76635514 0.0
481.76635514 0.0
482.76635514 0.0
483.76635514 0.0
484.76635514 0.0
485.76635514 0.0
486.76635514 0.0
487.76635514 0.0
488.76635514 0.0
489.76635514 0.0
490.76635514 0.0
491.76635514 0.0
492.76635514 0.0
493.76635514 0.0
494.76635514 0.0
495.76635514 0.0
496.76635514 0.0
497.76635514 0.0
498.76635514 0.0
499.76635514 0.0
500.76635514 0.0
501.76635514 0.0
502.76635514 0.0
503.76635514 0.0
504.76635514 0.0
505.76635514 0.0
506.76635514 0.0
507.76635514 0.0
508.76635514 0.0
509.76635514 0.0
510.76635514 0.0
511.76635514 0.0
512.76635514 0.0
513.76635514 0.0
514.76635514 0.0
515.76635514 0.0
516.76635514 0.0
517.76635514 0.0
518.76635514 0.0
519.76635514 0.0
520.76635514 0.0
521.76635514 0.0
522.76635514 0.0
523.76635514 0.0
524.76635514 0.0
525.76635514 0.0
526.76635514 0.0
527.76635514 0.0
528.76635514 0.0
529.76635514 0.0
530.76635514 0.0
531.76635514 0.0
532.76635514 0.0
533.76635514 0.0
534.76635514 0.0
535.76635514 0.0
536.76635514 0.0
537.76635514 0.0
538.76635514 0.0
539.76635514 0.0
540.76635514 0.0
541.76635514 0.0
542.76635514 0.0
543.76635514 0.0
544.76635514 0.0
545.76635514 0.0
546.76635514 0.0
547.76635514 0.0
548.76635514 0.0
549.76635514 0.0
550.76635514 0.0
551.76635514 0.0
552.76635514 0.0
553.76635514 0.0
554.76635514 0.0
555.76635514 0.0
556.76635514 0.0
557.76635514 0.0
558.76635514 0.0
559.76635514 0.0
560.76635514 0.0
561.76635514 0.0
562.76635514 0.0
563.76635514 0.0
564.76635514 0.0
565.76635514 0.0
566.76635514 0.0
567.76635514 0.0
568.76635514 0.0
569.76635514 0.0
570.76635514 0.0
571.76635514 0.0
572.76635514 0.0
573.76635514 0.0
574.76635514 0.0
575.76635514 0.0
576.76635514 0.0
577.76635514 0.0
578.76635514 0.0
579.76635514 0.0
580.76635514 0.0
581.76635514 0.0
582.76635514 0.0
583.76635514 0.0
584.76635514 0.0
585.76635514 0.0
586.76635514 0.0
587.76635514 0.0
588.76635514 0.0
589.76635514 0.0
590.76635514 0.0
591.76635514 0.0
592.76635514 0.0
593.76635514 0.0
594.76635514 0.0
595.76635514 0.0
596.76635514 0.0
597.76635514 0.0
598.76635514 0.0
599.76635514 0.0
600.76635514 0.0
601.76635514 0.0
602.76635514 0.0
603.76635514 0.0
604.76635514 0.0
605.76635514 0.0
606.76635514 0.0
607.76635514 0.0
608.76635514 0.0
609.76635514 0.0
610.76635514 0.0
611.76635514 0.0
612.76635514 0.0
613.76635514 0.0
614.76635514 0.0
615.76635514 0.0
616.76635514 0.0
617.76635514 0.0
618.76635514 0.0
619.76635514 0.0
620.76635514 0.0
621.76635514 0.0
622.76635514 0.0
623.76635514 0.0
624.76635514 0.0
625.76635514 0.0
626.76635514 0.0
627.76635514 0.0
628.76635514 0.0
629.76635514 0.0
630.76635514 0.0
631.76635514 0.0
632.76635514 0.0
633.76635514 0.0
634.76635514 0.0
635.76635514 0.0
636.76635514 0.0
637.76635514 0.0
638.76635514 0.0
639.76635514 0.0
640.76635514 0.0
641.76635514 0.0
642.76635514 0.0
643.76635514 0.0
644.76635514 0.0
645.76635514 0.0
646.76635514 0.0
647.76635514 0.0
648.76635514 0.0
649.76635514 0.0
650.76635514 0.0
651.76635514 0.0
652.76635514 0.0
653.76635514 0.0
654.76635514 0.0
655.76635514 0.0
656.76635514 0.0
657.76635514 0.0
658.76635514 0.0
659.76635514 0.0
660.76635514 0.0
661.76635514 0.0
662.76635514 0.0
663.76635514 0.0
664.76635514 0.0
665.76635514 0.0
666.76635514 0.0
667.76635514 0.0
668.76635514 0.0
669.76635514 0.0
670.76635514 0.0
671.76635514 0.0
672.76635514 0.0
673.76635514 0.0
674.76635514 0.0
675.76635514 0.0
676.76635514 0.0
677.76635514 0.0
678.76635514 0.0
679.76635514 0.0
680.76635514 0.0
681.76635514 0.0
682.76635514 0.0
683.76635514 0.0
684.76635514 0.0
685.76635514 0.0
686.76635514 0.0
687.76635514 0.0
688.76635514 0.0
689.76635514 0.0
690.76635514 0.0
691.76635514 0.0
692.76635514 0.0
693.76635514 0.0
694.76635514 0.0
695.76635514 0.0
696.76635514 0.0
697.76635514 0.0
698.76635514 0.0
699.76635514 0.0
700.76635514 0.0
701.76635514 0.0
702.76635514 0.0
703.76635514 0.0
704.76635514 0.0
705.76635514 0.0
706.76635514 0.0
707.76635514 0.0
708.76635514 0.0
709.76635514 0.0
710.76635514 0.0
711.76635514 0.0
712.76635514 0.0
713.76635514 0.0
714.76635514 0.0
715.76635514 0.0
716.76635514 0.0
717.76635514 0.0
718.76635514 0.0
719.76635514 0.0
720.76635514 0.0
721.76635514 0.0
722.76635514 0.0
723.76635514 0.0
724.76635514 0.0
725.76635514 0.0
726.76635514 0.0
727.76635514 0.0
728.76635514 0.0
729.76635514 0.0
730.76635514 0.0
731.76635514 0.0
732.76635514 0.0
733.76635514 0.0
734.76635514 0.0
735.76635514 0.0
736.76635514 0.0
737.76635514 0.0
738.76635514 0.0
739.76635514 0.0
740.76635514 0.0
741.76635514 0.0
742.76635514 0.0
743.76635514 0.0
744.76635514 0.0
745.76635514 0.0
746.76635514 0.0
747.76635514 0.0
748.76635514 0.0
749.76635514 0.0
750.76635514 0.0
751.76635514 0.0
752.76635514 0.0
753.76635514 0.0
754.76635514 0.0
755.76635514 0.0
756.76635514 0.0
757.76635514 0.0
758.76635514 0.0
759.76635514 0.0
760.76635514 0.0
761.76635514 0.0
762.76635514 0.0
763.76635514 0.0
764.76635514 0.0
765.76635514 0.0
766.76635514 0.0
767.76635514 0.0
768.76635514 0.0
769.76635514 0.0
770.76635514 0.0
771.76635514 0.0
772.76635514 0.0
773.76635514 0.0
774.76635514 0.0
775.76635514 0.0
776.76635514 0.0
777.76635514 0.0
778.76635514 0.0
779.76635514 0.0
780.76635514 0.0
781.76635514 0.0
782.76635514 0.0
783.76635514 0.0
784.76635514 0.0
785.76635514 0.0
786.76635514 0.0
787.76635514 0.0
788.76635514 0.0
789.76635514 0.0
790.76635514 0.0
791.76635514 0.0
792.76635514 0.0
793.76635514 0.0
794.76635514 0.0
795.76635514 0.0
796.76635514 0.0
797.76635514 0.0
798.76635514 0.0
799.76635514 0.0
800.76635514 0.0
801.76635514 0.0
802.76635514 0.0
803.76635514 0.0
804.76635514 0.0
805.76635514 0.0
806.76635514 0.0
807.76635514 0.0
808.76635514 0.0
809.76635514 0.0
810.76635514 0.0
811.76635514 0.0
812.76635514 0.0
813.76635514 0.0
814.76635514 0.0
815.76635514 0.0
816.76635514 0.0
817.76635514 0.0
818.76635514 0.0
819.76635514 0.0
820.76635514 0.0
821.76635514 0.0
822.76635514 0.0
823.76635514 0.0
824.76635514 0.0
825.76635514 0.0
826.76635514 0.0
827.76635514 0.0
828.76635514 0.0
829.76635514 0.0
830.76635514 0.0
831.76635514 0.0
832.76635514 0.0
833.76635514 0.0
834.76635514 0.0
835.76635514 0.0
836.76635514 0.0
837.76635514 0.0
838.76635514 0.0
839.76635514 0.0
840.76635514 0.0
841.76635514 0.0
842.76635514 0.0
843.76635514 0.0
844.76635514 0.0
845.76635514 0.0
846.76635514 0.0
847.76635514 0.0
848.76635514 0.0
849.76635514 0.0
850.76635514 0.0
851.76635514 0.0
852.76635514 0.0
853.76635514 0.0
854.76635514 0.0
855.76635514 0.0
856.76635514 0.0
857.76635514 0.0
858.76635514 0.0
859.76635514 0.0
860.76635514 0.0
861.76635514 0.0
862.76635514 0.0
863.76635514 0.0
864.76635514 0.0
865.76635514 0.0
866.76635514 0.0
867.76635514 0.0
868.76635514 0.0
869.76635514 0.0
870.76635514 0.0
871.76635514 0.0
872.76635514 0.0
873.76635514 0.0
874.76635514 0.0
875.76635514 0.0
876.76635514 0.0
877.76635514 0.0
878.76635514 0.0
879.76635514 0.0
880.76635514 0.0
881.76635514 0.0
882.76635514 0.0
883.76635514 0.0
884.76635514 0.0
885.76635514 0.0
886.76635514 0.0
887.76635514 0.0
888.76635514 0.0
889.76635514 0.0
890.76635514 0.0
891.76635514 0.0
892.76635514 0.0
893.76635514 0.0
894.76635514 0.0
895.76635514 0.0
896.76635514 0.0
897.76635514 0.0
898.76635514 0.0
899.76635514 0.0
900.76635514 0.0
901.76635514 0.0
902.76635514 0.0
903.76635514 0.0
904.76635514 0.0
905.76635514 0.0
906.76635514 0.0
907.76635514 0.0
908.76635514 0.0
909.76635514 0.0
910.76635514 0.0
911.76635514 0.0
912.76635514 0.0
913.76635514 0.0
914.76635514 0.0
915.76635514 0.0
916.76635514 0.0
917.76635514 0.0
918.76635514 0.0
919.76635514 0.0
920.76635514 0.0
921.76635514 0.0
922.76635514 0.0
923.76635514 0.0
924.76635514 0.0
925.76635514 0.0
926.76635514 0.0
927.76635514 0.0
928.76635514 0.0
929.76635514 0.0
930.76635514 0.0
931.76635514 0.0
932.76635514 0.0
933.76635514 0.0
934.76635514 0.0
935.76635514 0.0
936.76635514 0.0
937.76635514 0.0
938.76635514 0.0
939.76635514 0.0
940.76635514 0.0
941.76635514 0.0
942.76635514 0.0
943.76635514 0.0
944.76635514 0.0
945.76635514 0.0
946.76635514 0.0
947.76635514 0.0
948.76635514 0.0
949.76635514 0.0
