-635.445387663 0.0
-634.445387663 0.0
-633.445387663 0.0
-632.445387663 0.0
-631.445387663 0.0
-630.445387663 0.0
-629.445387663 0.0
-628.445387663 0.0
-627.445387663 0.0
-626.445387663 0.0
-625.445387663 0.0
-624.445387663 0.0
-623.445387663 0.0
-622.445387663 0.0
-621.445387663 0.0
-620.445387663 0.0
-619.445387663 0.0
-618.445387663 0.0
-617.445387663 0.0
-616.445387663 0.0
-615.445387663 0.0
-614.445387663 0.0
-613.445387663 0.0
-612.445387663 0.0
-611.445387663 0.0
-610.445387663 0.0
-609.445387663 0.0
-608.445387663 0.0
-607.445387663 0.0
-606.445387663 0.0
-605.445387663 0.0
-604.445387663 0.0
-603.445387663 0.0
-602.445387663 0.0
-601.445387663 0.0
-600.445387663 0.0
-599.445387663 0.0
-598.445387663 0.0
-597.445387663 0.0
-596.445387663 0.0
-595.445387663 0.0
-594.445387663 0.0
-593.445387663 0.0
-592.445387663 0.0
-591.445387663 0.0
-590.445387663 0.0
-589.445387663 0.0
-588.445387663 0.0
-587.445387663 0.0
-586.445387663 0.0
-585.445387663 0.0
-584.445387663 0.0
-583.445387663 0.0
-582.445387663 0.0
-581.445387663 0.0
-580.445387663 0.0
-579.445387663 0.0
-578.445387663 0.0
-577.445387663 0.0
-576.445387663 0.0
-575.445387663 0.0
-574.445387663 0.0
-573.445387663 0.0
-572.445387663 0.0
-571.445387663 0.0
-570.445387663 0.0
-569.445387663 0.0
-568.445387663 0.0
-567.445387663 0.0
-566.445387663 0.0
-565.445387663 0.0
-564.445387663 0.0
-563.445387663 0.0
-562.445387663 0.0
-561.445387663 0.0
-560.445387663 0.0
-559.445387663 0.0
-558.445387663 0.0
-557.445387663 0.0
-556.445387663 0.0
-555.445387663 0.0
-554.445387663 0.0
-553.445387663 0.0
-552.445387663 0.0
-551.445387663 0.0
-550.445387663 0.0
-549.445387663 0.0
-548.445387663 0.0
-547.445387663 0.0
-546.445387663 0.0
-545.445387663 0.0
-544.445387663 0.0
-543.445387663 0.0
-542.445387663 0.0
-541.445387663 0.0
-540.445387663 0.0
-539.445387663 0.0
-538.445387663 0.0
-537.445387663 0.0
-536.445387663 0.0
-535.445387663 0.0
-534.445387663 0.0
-533.445387663 0.0
-532.445387663 0.0
-531.445387663 0.0
-530.445387663 0.0
-529.445387663 0.0
-528.445387663 0.0
-527.445387663 0.0
-526.445387663 0.0
-525.445387663 0.0
-524.445387663 0.0
-523.445387663 0.0
-522.445387663 0.0
-521.445387663 0.0
-520.445387663 0.0
-519.445387663 0.0
-518.445387663 0.0
-517.445387663 0.0
-516.445387663 0.0
-515.445387663 0.0
-514.445387663 0.0
-513.445387663 0.0
-512.445387663 0.0
-511.445387663 0.0
-510.445387663 0.0
-509.445387663 0.0
-508.445387663 0.0
-507.445387663 0.0
-506.445387663 0.0
-505.445387663 0.0
-504.445387663 0.0
-503.445387663 0.0
-502.445387663 0.0
-501.445387663 0.0
-500.445387663 0.0
-499.445387663 0.0
-498.445387663 0.0
-497.445387663 0.0
-496.445387663 0.0
-495.445387663 0.0
-494.445387663 0.0
-493.445387663 0.0
-492.445387663 0.0
-491.445387663 0.0
-490.445387663 0.0
-489.445387663 0.0
-488.445387663 0.0
-487.445387663 0.0
-486.445387663 0.0
-485.445387663 0.0
-484.445387663 0.0
-483.445387663 0.0
-482.445387663 0.0
-481.445387663 0.0
-480.445387663 0.0
-479.445387663 0.0
-478.445387663 0.0
-477.445387663 0.0
-476.445387663 0.0
-475.445387663 0.0
-474.445387663 0.0
-473.445387663 0.0
-472.445387663 0.0
-471.445387663 0.0
-470.445387663 0.0
-469.445387663 0.0
-468.445387663 0.0
-467.445387663 0.0
-466.445387663 0.0
-465.445387663 0.0
-464.445387663 0.0
-463.445387663 0.0
-462.445387663 0.0
-461.445387663 0.0
-460.445387663 0.0
-459.445387663 0.0
-458.445387663 0.0
-457.445387663 0.0
-456.445387663 0.0
-455.445387663 0.0
-454.445387663 0.0
-453.445387663 0.0
-452.445387663 0.0
-451.445387663 0.0
-450.445387663 0.0
-449.445387663 0.0
-448.445387663 0.0
-447.445387663 0.0
-446.445387663 0.0
-445.445387663 0.0
-444.445387663 0.0
-443.445387663 0.0
-442.445387663 0.0
-441.445387663 0.0
-440.445387663 0.0
-439.445387663 0.0
-438.445387663 0.0
-437.445387663 0.0
-436.445387663 0.0
-435.445387663 0.0
-434.445387663 0.0
-433.445387663 0.0
-432.445387663 0.0
-431.445387663 0.0
-430.445387663 0.0
-429.445387663 0.0
-428.445387663 0.0
-427.445387663 0.0
-426.445387663 0.0
-425.445387663 0.0
-424.445387663 0.0
-423.445387663 0.0
-422.445387663 0.0
-421.445387663 0.0
-420.445387663 0.0
-419.445387663 0.0
-418.445387663 0.0
-417.445387663 0.0
-416.445387663 0.0
-415.445387663 0.0
-414.445387663 0.0
-413.445387663 0.0
-412.445387663 0.0
-411.445387663 0.0
-410.445387663 0.0
-409.445387663 0.0
-408.445387663 0.0
-407.445387663 0.0
-406.445387663 0.0
-405.445387663 0.0
-404.445387663 0.0
-403.445387663 0.0
-402.445387663 0.0
-401.445387663 0.0
-400.445387663 0.0
-399.445387663 0.0
-398.445387663 0.0
-397.445387663 0.0
-396.445387663 0.0
-395.445387663 0.0
-394.445387663 0.0
-393.445387663 0.0
-392.445387663 0.0
-391.445387663 0.0
-390.445387663 0.0
-389.445387663 0.0
-388.445387663 0.0
-387.445387663 0.0
-386.445387663 0.0
-385.445387663 0.0
-384.445387663 0.0
-383.445387663 0.0
-382.445387663 0.0
-381.445387663 0.0
-380.445387663 0.0
-379.445387663 0.0
-378.445387663 0.0
-377.445387663 0.0
-376.445387663 0.0
-375.445387663 0.0
-374.445387663 0.0
-373.445387663 0.0
-372.445387663 0.0
-371.445387663 0.0
-370.445387663 0.0
-369.445387663 0.0
-368.445387663 0.0
-367.445387663 0.0
-366.445387663 0.0
-365.445387663 0.0
-364.445387663 0.0
-363.445387663 0.0
-362.445387663 0.0
-361.445387663 0.0
-360.445387663 0.0
-359.445387663 0.0
-358.445387663 0.0
-357.445387663 0.0
-356.445387663 0.0
-355.445387663 0.0
-354.445387663 0.0
-353.445387663 0.0
-352.445387663 0.0
-351.445387663 0.0
-350.445387663 0.0
-349.445387663 0.0
-348.445387663 0.0
-347.445387663 0.0
-346.445387663 0.0
-345.445387663 0.0
-344.445387663 0.0
-343.445387663 0.0
-342.445387663 0.0
-341.445387663 0.0
-340.445387663 0.0
-339.445387663 0.0
-338.445387663 0.0
-337.445387663 0.0
-336.445387663 0.0
-335.445387663 0.0
-334.445387663 0.0
-333.445387663 0.0
-332.445387663 0.0
-331.445387663 0.0
-330.445387663 0.0
-329.445387663 0.0
-328.445387663 0.0
-327.445387663 0.0
-326.445387663 0.0
-325.445387663 0.0
-324.445387663 0.0
-323.445387663 0.0
-322.445387663 0.0
-321.445387663 0.0
-320.445387663 0.0
-319.445387663 0.0
-318.445387663 0.0
-317.445387663 0.0
-316.445387663 0.0
-315.445387663 0.0
-314.445387663 0.0
-313.445387663 0.0
-312.445387663 0.0
-311.445387663 0.0
-310.445387663 0.0
-309.445387663 0.0
-308.445387663 0.0
-307.445387663 0.0
-306.445387663 0.0
-305.445387663 0.0
-304.445387663 0.0
-303.445387663 0.0
-302.445387663 0.0
-301.445387663 0.0
-300.445387663 0.0
-299.445387663 0.0
-298.445387663 0.0
-297.445387663 0.0
-296.445387663 0.0
-295.445387663 0.0
-294.445387663 0.0
-293.445387663 0.0
-292.445387663 0.0
-291.445387663 0.0
-290.445387663 0.0
-289.445387663 0.0
-288.445387663 0.0
-287.445387663 0.0
-286.445387663 0.0
-285.445387663 0.0
-284.445387663 0.0
-283.445387663 0.0
-282.445387663 0.0
-281.445387663 0.0
-280.445387663 0.0
-279.445387663 0.0
-278.445387663 0.0
-277.445387663 0.0
-276.445387663 0.0
-275.445387663 0.0
-274.445387663 0.0
-273.445387663 0.0
-272.445387663 0.0
-271.445387663 0.0
-270.445387663 0.0
-269.445387663 0.0
-268.445387663 0.0
-267.445387663 0.0
-266.445387663 0.0
-265.445387663 0.0
-264.445387663 0.0
-263.445387663 0.0
-262.445387663 0.0
-261.445387663 0.0
-260.445387663 0.0
-259.445387663 0.0
-258.445387663 0.0
-257.445387663 0.0
-256.445387663 0.0
-255.445387663 0.0
-254.445387663 0.0
-253.445387663 0.0
-252.445387663 0.0
-251.445387663 0.0
-250.445387663 0.0
-249.445387663 0.0
-248.445387663 0.0
-247.445387663 0.0
-246.445387663 0.0
-245.445387663 0.0
-244.445387663 0.0
-243.445387663 0.0
-242.445387663 0.0
-241.445387663 0.0
-240.445387663 0.0
-239.445387663 0.0
-238.445387663 0.0
-237.445387663 0.0
-236.445387663 0.0
-235.445387663 0.0
-234.445387663 0.0
-233.445387663 0.0
-232.445387663 0.0
-231.445387663 0.0
-230.445387663 0.0
-229.445387663 0.0
-228.445387663 0.0
-227.445387663 0.0
-226.445387663 0.0
-225.445387663 0.0
-224.445387663 0.0
-223.445387663 0.0
-222.445387663 0.0
-221.445387663 0.0
-220.445387663 0.0
-219.445387663 0.0
-218.445387663 0.0
-217.445387663 0.0
-216.445387663 0.0
-215.445387663 0.0
-214.445387663 0.0
-213.445387663 0.0
-212.445387663 0.0
-211.445387663 0.0
-210.445387663 0.0
-209.445387663 0.0
-208.445387663 0.0
-207.445387663 0.0
-206.445387663 0.0
-205.445387663 0.0
-204.445387663 0.0
-203.445387663 0.0
-202.445387663 0.0
-201.445387663 0.0
-200.445387663 0.0
-199.445387663 0.0
-198.445387663 0.0
-197.445387663 0.0
-196.445387663 0.0
-195.445387663 0.0
-194.445387663 0.0
-193.445387663 0.0
-192.445387663 0.0
-191.445387663 0.0
-190.445387663 0.0
-189.445387663 0.0
-188.445387663 0.0
-187.445387663 0.0
-186.445387663 0.0
-185.445387663 0.0
-184.445387663 0.0
-183.445387663 0.0
-182.445387663 0.0
-181.445387663 0.0
-180.445387663 0.0
-179.445387663 0.0
-178.445387663 0.0
-177.445387663 0.0
-176.445387663 0.0
-175.445387663 0.0
-174.445387663 0.0
-173.445387663 0.0
-172.445387663 0.0
-171.445387663 0.0
-170.445387663 0.0
-169.445387663 0.0
-168.445387663 0.0
-167.445387663 0.0
-166.445387663 0.0
-165.445387663 0.0
-164.445387663 0.0
-163.445387663 0.0
-162.445387663 0.0
-161.445387663 0.0
-160.445387663 0.0
-159.445387663 0.0
-158.445387663 0.0
-157.445387663 0.0
-156.445387663 0.0
-155.445387663 0.0
-154.445387663 0.0
-153.445387663 0.0
-152.445387663 0.0
-151.445387663 0.0
-150.445387663 0.0
-149.445387663 0.0
-148.445387663 0.0
-147.445387663 0.0
-146.445387663 0.0
-145.445387663 0.0
-144.445387663 0.0
-143.445387663 0.0
-142.445387663 0.0
-141.445387663 0.0
-140.445387663 0.0
-139.445387663 0.0
-138.445387663 0.0
-137.445387663 0.0
-136.445387663 0.0
-135.445387663 0.000000e+00
-134.879456706 0.000000e+00
-134.31352575 0.000000e+00
-133.747594793 0.000000e+00
-133.181663837 0.000000e+00
-132.615732881 0.000000e+00
-132.049801924 0.000000e+00
-131.483870968 0.000000e+00
-130.917940011 0.000000e+00
-130.352009055 0.000000e+00
-129.786078098 0.000000e+00
-129.220147142 0.000000e+00
-128.654216186 0.000000e+00
-128.088285229 0.000000e+00
-127.522354273 0.000000e+00
-126.956423316 0.000000e+00
-126.39049236 0.000000e+00
-125.824561404 0.000000e+00
-125.258630447 0.000000e+00
-124.692699491 0.000000e+00
-124.126768534 0.000000e+00
-123.560837578 0.000000e+00
-122.994906621 0.000000e+00
-122.428975665 0.000000e+00
-121.863044709 0.000000e+00
-121.297113752 0.000000e+00
-120.731182796 0.000000e+00
-120.165251839 0.000000e+00
-119.599320883 0.000000e+00
-119.033389926 0.000000e+00
-118.46745897 0.000000e+00
-117.901528014 0.000000e+00
-117.335597057 0.000000e+00
-116.769666101 0.000000e+00
-116.203735144 0.000000e+00
-115.637804188 0.000000e+00
-115.071873231 0.000000e+00
-114.505942275 0.000000e+00
-113.940011319 0.000000e+00
-113.374080362 0.000000e+00
-112.808149406 0.000000e+00
-112.242218449 0.000000e+00
-111.676287493 0.000000e+00
-111.110356537 0.000000e+00
-110.54442558 0.000000e+00
-109.978494624 0.000000e+00
-109.412563667 0.000000e+00
-108.846632711 0.000000e+00
-108.280701754 0.000000e+00
-107.714770798 0.000000e+00
-107.148839842 0.000000e+00
-106.582908885 0.000000e+00
-106.016977929 0.000000e+00
-105.451046972 0.000000e+00
-104.885116016 0.000000e+00
-104.319185059 0.000000e+00
-103.753254103 0.000000e+00
-103.187323147 0.000000e+00
-102.62139219 0.000000e+00
-102.055461234 0.000000e+00
-101.489530277 0.000000e+00
-100.923599321 0.000000e+00
-100.357668364 0.000000e+00
-99.791737408 0.000000e+00
-99.2258064516 0.000000e+00
-98.6598754952 0.000000e+00
-98.0939445388 0.000000e+00
-97.5280135823 0.000000e+00
-96.9620826259 0.000000e+00
-96.3961516695 0.000000e+00
-95.8302207131 0.000000e+00
-95.2642897566 0.000000e+00
-94.6983588002 0.000000e+00
-94.1324278438 0.000000e+00
-93.5664968874 0.000000e+00
-93.000565931 0.000000e+00
-92.4346349745 0.000000e+00
-91.8687040181 0.000000e+00
-91.3027730617 0.000000e+00
-90.7368421053 0.000000e+00
-90.1709111488 0.000000e+00
-89.6049801924 0.000000e+00
-89.039049236 0.000000e+00
-88.4731182796 0.000000e+00
-87.9071873231 0.000000e+00
-87.3412563667 0.000000e+00
-86.7753254103 0.000000e+00
-86.2093944539 0.000000e+00
-85.6434634975 0.000000e+00
-85.077532541 0.000000e+00
-84.5116015846 0.000000e+00
-83.9456706282 0.000000e+00
-83.3797396718 0.000000e+00
-82.8138087153 0.000000e+00
-82.2478777589 0.000000e+00
-81.6819468025 0.000000e+00
-81.1160158461 0.000000e+00
-80.5500848896 0.000000e+00
-79.9841539332 0.000000e+00
-79.4182229768 0.000000e+00
-78.8522920204 0.000000e+00
-78.286361064 0.000000e+00
-77.7204301075 0.000000e+00
-77.1544991511 0.000000e+00
-76.5885681947 0.000000e+00
-76.0226372383 0.000000e+00
-75.4567062818 0.000000e+00
-74.8907753254 0.000000e+00
-74.324844369 0.000000e+00
-73.7589134126 0.000000e+00
-73.1929824561 0.000000e+00
-72.6270514997 0.000000e+00
-72.0611205433 0.000000e+00
-71.4951895869 0.000000e+00
-70.9292586304 0.000000e+00
-70.363327674 0.000000e+00
-69.7973967176 0.000000e+00
-69.2314657612 0.000000e+00
-68.6655348048 0.000000e+00
-68.0996038483 0.000000e+00
-67.5336728919 0.000000e+00
-66.9677419355 0.000000e+00
-66.4018109791 0.000000e+00
-65.8358800226 0.000000e+00
-65.2699490662 0.000000e+00
-64.7040181098 0.000000e+00
-64.1380871534 0.000000e+00
-63.5721561969 0.000000e+00
-63.0062252405 0.000000e+00
-62.4402942841 0.000000e+00
-61.8743633277 0.000000e+00
-61.3084323713 0.000000e+00
-60.7425014148 0.000000e+00
-60.1765704584 0.000000e+00
-59.610639502 0.000000e+00
-59.0447085456 0.000000e+00
-58.4787775891 0.000000e+00
-57.9128466327 0.000000e+00
-57.3469156763 0.000000e+00
-56.7809847199 0.000000e+00
-56.2150537634 0.000000e+00
-55.649122807 0.000000e+00
-55.0831918506 0.000000e+00
-54.5172608942 0.000000e+00
-53.9513299377 0.000000e+00
-53.3853989813 0.000000e+00
-52.8194680249 0.000000e+00
-52.2535370685 0.000000e+00
-51.6876061121 0.000000e+00
-51.1216751556 0.000000e+00
-50.5557441992 0.000000e+00
-49.9898132428 0.000000e+00
-49.4238822864 0.000000e+00
-48.8579513299 0.000000e+00
-48.2920203735 0.000000e+00
-47.7260894171 0.000000e+00
-47.1601584607 0.000000e+00
-46.5942275042 0.000000e+00
-46.0282965478 0.000000e+00
-45.4623655914 0.000000e+00
-44.896434635 0.000000e+00
-44.3305036786 0.000000e+00
-43.7645727221 0.000000e+00
-43.1986417657 0.000000e+00
-42.6327108093 0.000000e+00
-42.0667798529 0.000000e+00
-41.5008488964 0.000000e+00
-40.93491794 0.000000e+00
-40.3689869836 0.000000e+00
-39.8030560272 0.000000e+00
-39.2371250707 0.000000e+00
-38.6711941143 0.000000e+00
-38.1052631579 0.000000e+00
-37.5393322015 0.000000e+00
-36.973401245 0.000000e+00
-36.4074702886 0.000000e+00
-35.8415393322 0.000000e+00
-35.2756083758 0.000000e+00
-34.7096774194 0.000000e+00
-34.1437464629 0.000000e+00
-33.5778155065 0.000000e+00
-33.0118845501 0.000000e+00
-32.4459535937 0.000000e+00
-31.8800226372 0.000000e+00
-31.3140916808 0.000000e+00
-30.7481607244 0.000000e+00
-30.182229768 0.000000e+00
-29.6162988115 0.000000e+00
-29.0503678551 0.000000e+00
-28.4844368987 0.000000e+00
-27.9185059423 0.000000e+00
-27.3525749859 0.000000e+00
-26.7866440294 0.000000e+00
-26.220713073 0.000000e+00
-25.6547821166 0.000000e+00
-25.0888511602 0.000000e+00
-24.5229202037 0.000000e+00
-23.9569892473 0.000000e+00
-23.3910582909 0.000000e+00
-22.8251273345 0.000000e+00
-22.259196378 0.000000e+00
-21.6932654216 0.000000e+00
-21.1273344652 0.000000e+00
-20.5614035088 0.000000e+00
-19.9954725523 0.000000e+00
-19.4295415959 0.000000e+00
-18.8636106395 0.000000e+00
-18.2976796831 0.000000e+00
-17.7317487267 0.000000e+00
-17.1658177702 0.000000e+00
-16.5998868138 0.000000e+00
-16.0339558574 0.000000e+00
-15.468024901 0.000000e+00
-14.9020939445 0.000000e+00
-14.3361629881 0.000000e+00
-13.7702320317 0.000000e+00
-13.2043010753 0.000000e+00
-12.6383701188 0.000000e+00
-12.0724391624 0.000000e+00
-11.506508206 0.000000e+00
-10.9405772496 0.000000e+00
-10.3746462932 0.000000e+00
-9.80871533673 0.000000e+00
-9.24278438031 0.000000e+00
-8.67685342388 0.000000e+00
-8.11092246746 0.000000e+00
-7.54499151104 0.000000e+00
-6.97906055461 0.000000e+00
-6.41312959819 0.000000e+00
-5.84719864177 0.000000e+00
-5.28126768534 0.000000e+00
-4.71533672892 0.000000e+00
-4.1494057725 0.000000e+00
-3.58347481607 0.000000e+00
-3.01754385965 0.000000e+00
-2.45161290323 0.000000e+00
-1.8856819468 0.000000e+00
-1.31975099038 0.000000e+00
-0.753820033956 0.000000e+00
-0.187889077533 0.000000e+00
0.378041878891 8.511482e-01
0.943972835314 1.000000e+00
1.50990379174 8.873207e-01
2.07583474816 7.014391e-01
2.64176570458 5.950703e-01
3.20769666101 4.201831e-01
3.77362761743 3.869619e-01
4.33955857385 2.802585e-01
4.90548953028 2.305039e-01
5.4714204867 1.709166e-01
6.03735144312 1.077410e-01
6.60328239955 1.463866e-01
7.16921335597 1.304769e-01
7.73514431239 0.000000e+00
8.30107526882 1.053926e-01
8.86700622524 0.000000e+00
9.43293718166 1.047992e-01
9.99886813809 0.000000e+00
10.5647990945 0.000000e+00
11.1307300509 0.000000e+00
11.6966610074 0.000000e+00
12.2625919638 0.000000e+00
12.8285229202 0.000000e+00
13.3944538766 0.000000e+00
13.9603848331 0.000000e+00
14.5263157895 0.000000e+00
15.0922467459 0.000000e+00
15.6581777023 0.000000e+00
16.2241086587 0.000000e+00
16.7900396152 0.000000e+00
17.3559705716 0.000000e+00
17.921901528 0.000000e+00
18.4878324844 0.000000e+00
19.0537634409 0.000000e+00
19.6196943973 0.000000e+00
20.1856253537 0.000000e+00
20.7515563101 0.000000e+00
21.3174872666 0.000000e+00
21.883418223 0.000000e+00
22.4493491794 0.000000e+00
23.0152801358 0.000000e+00
23.5812110922 0.000000e+00
24.1471420487 0.000000e+00
24.7130730051 0.000000e+00
25.2790039615 0.000000e+00
25.8449349179 0.000000e+00
26.4108658744 0.000000e+00
26.9767968308 0.000000e+00
27.5427277872 0.000000e+00
28.1086587436 0.000000e+00
28.6745897001 0.000000e+00
29.2405206565 0.000000e+00
29.8064516129 0.000000e+00
30.3723825693 0.000000e+00
30.9383135257 0.000000e+00
31.5042444822 0.000000e+00
32.0701754386 0.000000e+00
32.636106395 0.000000e+00
33.2020373514 0.000000e+00
33.7679683079 0.000000e+00
34.3338992643 0.000000e+00
34.8998302207 0.000000e+00
35.4657611771 0.000000e+00
36.0316921336 0.000000e+00
36.59762309 0.000000e+00
37.1635540464 0.000000e+00
37.7294850028 0.000000e+00
38.2954159593 0.000000e+00
38.8613469157 0.000000e+00
39.4272778721 0.000000e+00
39.9932088285 0.000000e+00
40.5591397849 0.000000e+00
41.1250707414 0.000000e+00
41.6910016978 0.000000e+00
42.2569326542 0.000000e+00
42.8228636106 0.000000e+00
43.3887945671 0.000000e+00
43.9547255235 0.000000e+00
44.5206564799 0.000000e+00
45.0865874363 0.000000e+00
45.6525183928 0.000000e+00
46.2184493492 0.000000e+00
46.7843803056 0.000000e+00
47.350311262 0.000000e+00
47.9162422184 0.000000e+00
48.4821731749 0.000000e+00
49.0481041313 0.000000e+00
49.6140350877 0.000000e+00
50.1799660441 0.000000e+00
50.7458970006 0.000000e+00
51.311827957 0.000000e+00
51.8777589134 0.000000e+00
52.4436898698 0.000000e+00
53.0096208263 0.000000e+00
53.5755517827 0.000000e+00
54.1414827391 0.000000e+00
54.7074136955 0.000000e+00
55.273344652 0.000000e+00
55.8392756084 0.000000e+00
56.4052065648 0.000000e+00
56.9711375212 0.000000e+00
57.5370684776 0.000000e+00
58.1029994341 0.000000e+00
58.6689303905 0.000000e+00
59.2348613469 0.000000e+00
59.8007923033 0.000000e+00
60.3667232598 0.000000e+00
60.9326542162 0.000000e+00
61.4985851726 0.000000e+00
62.064516129 0.000000e+00
62.6304470855 0.000000e+00
63.1963780419 0.000000e+00
63.7623089983 0.000000e+00
64.3282399547 0.000000e+00
64.8941709111 0.000000e+00
65.4601018676 0.000000e+00
66.026032824 0.000000e+00
66.5919637804 0.000000e+00
67.1578947368 0.000000e+00
67.7238256933 0.000000e+00
68.2897566497 0.000000e+00
68.8556876061 0.000000e+00
69.4216185625 0.000000e+00
69.987549519 0.000000e+00
70.5534804754 0.000000e+00
71.1194114318 0.000000e+00
71.6853423882 0.000000e+00
72.2512733447 0.000000e+00
72.8172043011 0.000000e+00
73.3831352575 0.000000e+00
73.9490662139 0.000000e+00
74.5149971703 0.000000e+00
75.0809281268 0.000000e+00
75.6468590832 0.000000e+00
76.2127900396 0.000000e+00
76.778720996 0.000000e+00
77.3446519525 0.000000e+00
77.9105829089 0.000000e+00
78.4765138653 0.000000e+00
79.0424448217 0.000000e+00
79.6083757782 0.000000e+00
80.1743067346 0.000000e+00
80.740237691 0.000000e+00
81.3061686474 0.000000e+00
81.8720996038 0.000000e+00
82.4380305603 0.000000e+00
83.0039615167 0.000000e+00
83.5698924731 0.000000e+00
84.1358234295 0.000000e+00
84.701754386 0.000000e+00
85.2676853424 0.000000e+00
85.8336162988 0.000000e+00
86.3995472552 0.000000e+00
86.9654782117 0.000000e+00
87.5314091681 0.000000e+00
88.0973401245 0.000000e+00
88.6632710809 0.000000e+00
89.2292020374 0.000000e+00
89.7951329938 0.000000e+00
90.3610639502 0.000000e+00
90.9269949066 0.000000e+00
91.492925863 0.000000e+00
92.0588568195 0.000000e+00
92.6247877759 0.000000e+00
93.1907187323 0.000000e+00
93.7566496887 0.000000e+00
94.3225806452 0.000000e+00
94.8885116016 0.000000e+00
95.454442558 0.000000e+00
96.0203735144 0.000000e+00
96.5863044709 0.000000e+00
97.1522354273 0.000000e+00
97.7181663837 0.000000e+00
98.2840973401 0.000000e+00
98.8500282965 0.000000e+00
99.415959253 0.000000e+00
99.9818902094 0.000000e+00
100.547821166 0.000000e+00
101.113752122 0.000000e+00
101.679683079 0.000000e+00
102.245614035 0.000000e+00
102.811544992 0.000000e+00
103.377475948 0.000000e+00
103.943406904 0.000000e+00
104.509337861 0.000000e+00
105.075268817 0.000000e+00
105.641199774 0.000000e+00
106.20713073 0.000000e+00
106.773061686 0.000000e+00
107.338992643 0.000000e+00
107.904923599 0.000000e+00
108.470854556 0.000000e+00
109.036785512 0.000000e+00
109.602716469 0.000000e+00
110.168647425 0.000000e+00
110.734578381 0.000000e+00
111.300509338 0.000000e+00
111.866440294 0.000000e+00
112.432371251 0.000000e+00
112.998302207 0.000000e+00
113.564233164 0.000000e+00
114.13016412 0.000000e+00
114.696095076 0.000000e+00
115.262026033 0.000000e+00
115.827956989 0.000000e+00
116.393887946 0.000000e+00
116.959818902 0.000000e+00
117.525749859 0.000000e+00
118.091680815 0.000000e+00
118.657611771 0.000000e+00
119.223542728 0.000000e+00
119.789473684 0.000000e+00
120.355404641 0.000000e+00
120.921335597 0.000000e+00
121.487266553 0.000000e+00
122.05319751 0.000000e+00
122.619128466 0.000000e+00
123.185059423 0.000000e+00
123.750990379 0.000000e+00
124.316921336 0.000000e+00
124.882852292 0.000000e+00
125.448783248 0.000000e+00
126.014714205 0.000000e+00
126.580645161 0.000000e+00
127.146576118 0.000000e+00
127.712507074 0.000000e+00
128.278438031 0.000000e+00
128.844368987 0.000000e+00
129.410299943 0.000000e+00
129.9762309 0.000000e+00
130.542161856 0.000000e+00
131.108092813 0.000000e+00
131.674023769 0.000000e+00
132.239954726 0.000000e+00
132.805885682 0.000000e+00
133.371816638 0.000000e+00
133.937747595 0.000000e+00
134.503678551 0.000000e+00
135.069609508 0.000000e+00
135.635540464 0.000000e+00
136.20147142 0.000000e+00
136.767402377 0.000000e+00
137.333333333 0.000000e+00
137.89926429 0.000000e+00
138.465195246 0.000000e+00
139.031126203 0.000000e+00
139.597057159 0.000000e+00
140.162988115 0.000000e+00
140.728919072 0.000000e+00
141.294850028 0.000000e+00
141.860780985 0.000000e+00
142.426711941 0.000000e+00
142.992642898 0.000000e+00
143.558573854 0.000000e+00
144.12450481 0.000000e+00
144.690435767 0.000000e+00
145.256366723 0.000000e+00
145.82229768 0.000000e+00
146.388228636 0.000000e+00
146.954159593 0.000000e+00
147.520090549 0.000000e+00
148.086021505 0.000000e+00
148.651952462 0.000000e+00
149.217883418 0.000000e+00
149.783814375 0.000000e+00
150.349745331 0.000000e+00
150.915676287 0.000000e+00
151.481607244 0.000000e+00
152.0475382 0.000000e+00
152.613469157 0.000000e+00
153.179400113 0.000000e+00
153.74533107 0.000000e+00
154.311262026 0.000000e+00
154.877192982 0.000000e+00
155.443123939 0.000000e+00
156.009054895 0.000000e+00
156.574985852 0.000000e+00
157.140916808 0.000000e+00
157.706847765 0.000000e+00
158.272778721 0.000000e+00
158.838709677 0.000000e+00
159.404640634 0.000000e+00
159.97057159 0.000000e+00
160.536502547 0.000000e+00
161.102433503 0.000000e+00
161.66836446 0.000000e+00
162.234295416 0.000000e+00
162.800226372 0.000000e+00
163.366157329 0.000000e+00
163.932088285 0.000000e+00
164.498019242 0.000000e+00
165.063950198 0.000000e+00
165.629881154 0.000000e+00
166.195812111 0.000000e+00
166.761743067 0.000000e+00
167.327674024 0.000000e+00
167.89360498 0.000000e+00
168.459535937 0.000000e+00
169.025466893 0.000000e+00
169.591397849 0.000000e+00
170.157328806 0.000000e+00
170.723259762 0.000000e+00
171.289190719 0.000000e+00
171.855121675 0.000000e+00
172.421052632 0.000000e+00
172.986983588 0.000000e+00
173.552914544 0.000000e+00
174.118845501 0.000000e+00
174.684776457 0.000000e+00
175.250707414 0.000000e+00
175.81663837 0.000000e+00
176.382569327 0.000000e+00
176.948500283 0.000000e+00
177.514431239 0.000000e+00
178.080362196 0.000000e+00
178.646293152 0.000000e+00
179.212224109 0.000000e+00
179.778155065 0.000000e+00
180.344086022 0.000000e+00
180.910016978 0.000000e+00
181.475947934 0.000000e+00
182.041878891 0.000000e+00
182.607809847 0.000000e+00
183.173740804 0.000000e+00
183.73967176 0.000000e+00
184.305602716 0.000000e+00
184.871533673 0.000000e+00
185.437464629 0.000000e+00
186.003395586 0.000000e+00
186.569326542 0.000000e+00
187.135257499 0.000000e+00
187.701188455 0.000000e+00
188.267119411 0.000000e+00
188.833050368 0.000000e+00
189.398981324 0.000000e+00
189.964912281 0.000000e+00
190.530843237 0.000000e+00
191.096774194 0.000000e+00
191.66270515 0.000000e+00
192.228636106 0.000000e+00
192.794567063 0.000000e+00
193.360498019 0.000000e+00
193.926428976 0.000000e+00
194.492359932 0.000000e+00
195.058290889 0.000000e+00
195.624221845 0.000000e+00
196.190152801 0.000000e+00
196.756083758 0.000000e+00
197.322014714 0.000000e+00
197.887945671 0.000000e+00
198.453876627 0.000000e+00
199.019807583 0.000000e+00
199.58573854 0.000000e+00
200.151669496 0.000000e+00
200.717600453 0.000000e+00
201.283531409 0.000000e+00
201.849462366 0.000000e+00
202.415393322 0.000000e+00
202.981324278 0.000000e+00
203.547255235 0.000000e+00
204.113186191 0.000000e+00
204.679117148 0.000000e+00
205.245048104 0.000000e+00
205.810979061 0.000000e+00
206.376910017 0.000000e+00
206.942840973 0.000000e+00
207.50877193 0.000000e+00
208.074702886 0.000000e+00
208.640633843 0.000000e+00
209.206564799 0.000000e+00
209.772495756 0.000000e+00
210.338426712 0.000000e+00
210.904357668 0.000000e+00
211.470288625 0.000000e+00
212.036219581 0.000000e+00
212.602150538 0.000000e+00
213.168081494 0.000000e+00
213.73401245 0.000000e+00
214.299943407 0.000000e+00
214.865874363 0.000000e+00
215.43180532 0.000000e+00
215.997736276 0.000000e+00
216.563667233 0.000000e+00
217.129598189 0.000000e+00
217.695529145 0.000000e+00
218.261460102 0.000000e+00
218.827391058 0.000000e+00
219.393322015 0.000000e+00
219.959252971 0.000000e+00
220.525183928 0.000000e+00
221.091114884 0.000000e+00
221.65704584 0.000000e+00
222.222976797 0.000000e+00
222.788907753 0.000000e+00
223.35483871 0.000000e+00
223.920769666 0.000000e+00
224.486700623 0.000000e+00
225.052631579 0.000000e+00
225.618562535 0.000000e+00
226.184493492 0.000000e+00
226.750424448 0.000000e+00
227.316355405 0.000000e+00
227.882286361 0.000000e+00
228.448217317 0.000000e+00
229.014148274 0.000000e+00
229.58007923 0.000000e+00
230.146010187 0.000000e+00
230.711941143 0.000000e+00
231.2778721 0.000000e+00
231.843803056 0.000000e+00
232.409734012 0.000000e+00
232.975664969 0.000000e+00
233.541595925 0.000000e+00
234.107526882 0.000000e+00
234.673457838 0.000000e+00
235.239388795 0.000000e+00
235.805319751 0.000000e+00
236.371250707 0.000000e+00
236.937181664 0.000000e+00
237.50311262 0.000000e+00
238.069043577 0.000000e+00
238.634974533 0.000000e+00
239.20090549 0.000000e+00
239.766836446 0.000000e+00
240.332767402 0.000000e+00
240.898698359 0.000000e+00
241.464629315 0.000000e+00
242.030560272 0.000000e+00
242.596491228 0.000000e+00
243.162422184 0.000000e+00
243.728353141 0.000000e+00
244.294284097 0.000000e+00
244.860215054 0.000000e+00
245.42614601 0.000000e+00
245.992076967 0.000000e+00
246.558007923 0.000000e+00
247.123938879 0.000000e+00
247.689869836 0.000000e+00
248.255800792 0.000000e+00
248.821731749 0.000000e+00
249.387662705 0.000000e+00
249.953593662 0.000000e+00
250.519524618 0.000000e+00
251.085455574 0.000000e+00
251.651386531 0.000000e+00
252.217317487 0.000000e+00
252.783248444 0.000000e+00
253.3491794 0.000000e+00
253.915110357 0.000000e+00
254.481041313 0.000000e+00
255.046972269 0.000000e+00
255.612903226 0.000000e+00
256.178834182 0.000000e+00
256.744765139 0.000000e+00
257.310696095 0.000000e+00
257.876627051 0.000000e+00
258.442558008 0.000000e+00
259.008488964 0.000000e+00
259.574419921 0.000000e+00
260.140350877 0.000000e+00
260.706281834 0.000000e+00
261.27221279 0.000000e+00
261.838143746 0.000000e+00
262.404074703 0.000000e+00
262.970005659 0.000000e+00
263.535936616 0.000000e+00
264.101867572 0.000000e+00
264.667798529 0.000000e+00
265.233729485 0.000000e+00
265.799660441 0.000000e+00
266.365591398 0.000000e+00
266.931522354 0.000000e+00
267.497453311 0.000000e+00
268.063384267 0.000000e+00
268.629315224 0.000000e+00
269.19524618 0.000000e+00
269.761177136 0.000000e+00
270.327108093 0.000000e+00
270.893039049 0.000000e+00
271.458970006 0.000000e+00
272.024900962 0.000000e+00
272.590831919 0.000000e+00
273.156762875 0.000000e+00
273.722693831 0.000000e+00
274.288624788 0.000000e+00
274.854555744 0.000000e+00
275.420486701 0.000000e+00
275.986417657 0.000000e+00
276.552348613 0.000000e+00
277.11827957 0.000000e+00
277.684210526 0.000000e+00
278.250141483 0.000000e+00
278.816072439 0.000000e+00
279.382003396 0.000000e+00
279.947934352 0.000000e+00
280.513865308 0.000000e+00
281.079796265 0.000000e+00
281.645727221 0.000000e+00
282.211658178 0.000000e+00
282.777589134 0.000000e+00
283.343520091 0.000000e+00
283.909451047 0.000000e+00
284.475382003 0.000000e+00
285.04131296 0.000000e+00
285.607243916 0.000000e+00
286.173174873 0.000000e+00
286.739105829 0.000000e+00
287.305036786 0.000000e+00
287.870967742 0.000000e+00
288.436898698 0.000000e+00
289.002829655 0.000000e+00
289.568760611 0.000000e+00
290.134691568 0.000000e+00
290.700622524 0.000000e+00
291.26655348 0.000000e+00
291.832484437 0.000000e+00
292.398415393 0.000000e+00
292.96434635 0.000000e+00
293.530277306 0.000000e+00
294.096208263 0.000000e+00
294.662139219 0.000000e+00
295.228070175 0.000000e+00
295.794001132 0.000000e+00
296.359932088 0.000000e+00
296.925863045 0.000000e+00
297.491794001 0.000000e+00
298.057724958 0.000000e+00
298.623655914 0.000000e+00
299.18958687 0.000000e+00
299.755517827 0.000000e+00
300.321448783 0.000000e+00
300.88737974 0.000000e+00
301.453310696 0.000000e+00
302.019241653 0.000000e+00
302.585172609 0.000000e+00
303.151103565 0.000000e+00
303.717034522 0.000000e+00
304.282965478 0.000000e+00
304.848896435 0.000000e+00
305.414827391 0.000000e+00
305.980758347 0.000000e+00
306.546689304 0.000000e+00
307.11262026 0.000000e+00
307.678551217 0.000000e+00
308.244482173 0.000000e+00
308.81041313 0.000000e+00
309.376344086 0.000000e+00
309.942275042 0.000000e+00
310.508205999 0.000000e+00
311.074136955 0.000000e+00
311.640067912 0.000000e+00
312.205998868 0.000000e+00
312.771929825 0.000000e+00
313.337860781 0.000000e+00
313.903791737 0.000000e+00
314.469722694 0.000000e+00
315.03565365 0.000000e+00
315.601584607 0.000000e+00
316.167515563 0.000000e+00
316.73344652 0.000000e+00
317.299377476 0.000000e+00
317.865308432 0.000000e+00
318.431239389 0.000000e+00
318.997170345 0.000000e+00
319.563101302 0.000000e+00
320.129032258 0.000000e+00
320.694963214 0.000000e+00
321.260894171 0.000000e+00
321.826825127 0.000000e+00
322.392756084 0.000000e+00
322.95868704 0.000000e+00
323.524617997 0.000000e+00
324.090548953 0.000000e+00
324.656479909 0.000000e+00
325.222410866 0.000000e+00
325.788341822 0.000000e+00
326.354272779 0.000000e+00
326.920203735 0.000000e+00
327.486134692 0.000000e+00
328.052065648 0.000000e+00
328.617996604 0.000000e+00
329.183927561 0.000000e+00
329.749858517 0.000000e+00
330.315789474 0.000000e+00
330.88172043 0.000000e+00
331.447651387 0.000000e+00
332.013582343 0.000000e+00
332.579513299 0.000000e+00
333.145444256 0.000000e+00
333.711375212 0.000000e+00
334.277306169 0.000000e+00
334.843237125 0.000000e+00
335.409168081 0.000000e+00
335.975099038 0.000000e+00
336.541029994 0.000000e+00
337.106960951 0.000000e+00
337.672891907 0.000000e+00
338.238822864 0.000000e+00
338.80475382 0.000000e+00
339.370684776 0.000000e+00
339.936615733 0.000000e+00
340.502546689 0.000000e+00
341.068477646 0.000000e+00
341.634408602 0.000000e+00
342.200339559 0.000000e+00
342.766270515 0.000000e+00
343.332201471 0.000000e+00
343.898132428 0.000000e+00
344.464063384 0.000000e+00
345.029994341 0.000000e+00
345.595925297 0.000000e+00
346.161856254 0.000000e+00
346.72778721 0.000000e+00
347.293718166 0.000000e+00
347.859649123 0.000000e+00
348.425580079 0.000000e+00
348.991511036 0.000000e+00
349.557441992 0.000000e+00
350.123372949 0.000000e+00
350.689303905 0.000000e+00
351.255234861 0.000000e+00
351.821165818 0.000000e+00
352.387096774 0.000000e+00
352.953027731 0.000000e+00
353.518958687 0.000000e+00
354.084889643 0.000000e+00
354.6508206 0.000000e+00
355.216751556 0.000000e+00
355.782682513 0.000000e+00
356.348613469 0.000000e+00
356.914544426 0.000000e+00
357.480475382 0.000000e+00
358.046406338 0.000000e+00
358.612337295 0.000000e+00
359.178268251 0.000000e+00
359.744199208 0.000000e+00
360.310130164 0.000000e+00
360.876061121 0.000000e+00
361.441992077 0.000000e+00
362.007923033 0.000000e+00
362.57385399 0.000000e+00
363.139784946 0.000000e+00
363.705715903 0.000000e+00
364.271646859 0.000000e+00
364.837577816 0.000000e+00
365.403508772 0.000000e+00
365.969439728 0.000000e+00
366.535370685 0.000000e+00
367.101301641 0.000000e+00
367.667232598 0.000000e+00
368.233163554 0.000000e+00
368.79909451 0.000000e+00
369.365025467 0.000000e+00
369.930956423 0.000000e+00
370.49688738 0.000000e+00
371.062818336 0.000000e+00
371.628749293 0.000000e+00
372.194680249 0.000000e+00
372.760611205 0.000000e+00
373.326542162 0.000000e+00
373.892473118 0.000000e+00
374.458404075 0.000000e+00
375.024335031 0.000000e+00
375.590265988 0.000000e+00
376.156196944 0.000000e+00
376.7221279 0.000000e+00
377.288058857 0.000000e+00
377.853989813 0.000000e+00
378.41992077 0.000000e+00
378.985851726 0.000000e+00
379.551782683 0.000000e+00
380.117713639 0.000000e+00
380.683644595 0.000000e+00
381.249575552 0.000000e+00
381.815506508 0.000000e+00
382.381437465 0.000000e+00
382.947368421 0.000000e+00
383.513299377 0.000000e+00
384.079230334 0.000000e+00
384.64516129 0.000000e+00
385.211092247 0.000000e+00
385.777023203 0.000000e+00
386.34295416 0.000000e+00
386.908885116 0.000000e+00
387.474816072 0.000000e+00
388.040747029 0.000000e+00
388.606677985 0.000000e+00
389.172608942 0.000000e+00
389.738539898 0.000000e+00
390.304470855 0.000000e+00
390.870401811 0.000000e+00
391.436332767 0.000000e+00
392.002263724 0.000000e+00
392.56819468 0.000000e+00
393.134125637 0.000000e+00
393.700056593 0.000000e+00
394.26598755 0.000000e+00
394.831918506 0.000000e+00
395.397849462 0.000000e+00
395.963780419 0.000000e+00
396.529711375 0.000000e+00
397.095642332 0.000000e+00
397.661573288 0.000000e+00
398.227504244 0.000000e+00
398.793435201 0.000000e+00
399.359366157 0.000000e+00
399.925297114 0.000000e+00
400.49122807 0.000000e+00
401.057159027 0.000000e+00
401.623089983 0.000000e+00
402.189020939 0.000000e+00
402.754951896 0.000000e+00
403.320882852 0.000000e+00
403.886813809 0.000000e+00
404.452744765 0.000000e+00
405.018675722 0.000000e+00
405.584606678 0.000000e+00
406.150537634 0.000000e+00
406.716468591 0.000000e+00
407.282399547 0.000000e+00
407.848330504 0.000000e+00
408.41426146 0.000000e+00
408.980192417 0.000000e+00
409.546123373 0.000000e+00
410.112054329 0.000000e+00
410.677985286 0.000000e+00
411.243916242 0.000000e+00
411.809847199 0.000000e+00
412.375778155 0.000000e+00
412.941709111 0.000000e+00
413.507640068 0.000000e+00
414.073571024 0.000000e+00
414.639501981 0.000000e+00
415.205432937 0.000000e+00
415.771363894 0.000000e+00
416.33729485 0.000000e+00
416.903225806 0.000000e+00
417.469156763 0.000000e+00
418.035087719 0.000000e+00
418.601018676 0.000000e+00
419.166949632 0.000000e+00
419.732880589 0.000000e+00
420.298811545 0.000000e+00
420.864742501 0.000000e+00
421.430673458 0.000000e+00
421.996604414 0.000000e+00
422.562535371 0.000000e+00
423.128466327 0.000000e+00
423.694397284 0.000000e+00
424.26032824 0.000000e+00
424.826259196 0.000000e+00
425.392190153 0.000000e+00
425.958121109 0.000000e+00
426.524052066 0.000000e+00
427.089983022 0.000000e+00
427.655913978 0.000000e+00
428.221844935 0.000000e+00
428.787775891 0.000000e+00
429.353706848 0.000000e+00
429.919637804 0.000000e+00
430.485568761 0.000000e+00
431.051499717 0.000000e+00
431.617430673 0.000000e+00
432.18336163 0.000000e+00
432.749292586 0.000000e+00
433.315223543 0.000000e+00
433.881154499 0.000000e+00
434.447085456 0.000000e+00
435.013016412 0.000000e+00
435.578947368 0.000000e+00
436.144878325 0.000000e+00
436.710809281 0.000000e+00
437.276740238 0.000000e+00
437.842671194 0.000000e+00
438.408602151 0.000000e+00
438.974533107 0.000000e+00
439.540464063 0.000000e+00
440.10639502 0.000000e+00
440.672325976 0.000000e+00
441.238256933 0.000000e+00
441.804187889 0.000000e+00
442.370118846 0.000000e+00
442.936049802 0.000000e+00
443.501980758 0.000000e+00
444.067911715 0.000000e+00
444.633842671 0.000000e+00
445.199773628 0.000000e+00
445.765704584 0.000000e+00
446.33163554 0.000000e+00
446.897566497 0.000000e+00
447.463497453 0.000000e+00
448.02942841 0.000000e+00
448.595359366 0.000000e+00
449.161290323 0.000000e+00
449.727221279 0.000000e+00
450.293152235 0.000000e+00
450.859083192 0.000000e+00
451.425014148 0.000000e+00
451.990945105 0.000000e+00
452.556876061 0.000000e+00
453.122807018 0.000000e+00
453.688737974 0.000000e+00
454.25466893 0.000000e+00
454.820599887 0.000000e+00
455.386530843 0.000000e+00
455.9524618 0.000000e+00
456.518392756 0.000000e+00
457.084323713 0.000000e+00
457.650254669 0.000000e+00
458.216185625 0.000000e+00
458.782116582 0.000000e+00
459.348047538 0.000000e+00
459.913978495 0.000000e+00
460.479909451 0.000000e+00
461.045840407 0.000000e+00
461.611771364 0.000000e+00
462.17770232 0.000000e+00
462.743633277 0.000000e+00
463.309564233 0.000000e+00
463.87549519 0.000000e+00
464.441426146 0.000000e+00
465.007357102 0.000000e+00
465.573288059 0.000000e+00
466.139219015 0.000000e+00
466.705149972 0.000000e+00
467.271080928 0.000000e+00
467.837011885 0.000000e+00
468.402942841 0.000000e+00
468.968873797 0.000000e+00
469.534804754 0.000000e+00
470.10073571 0.000000e+00
470.666666667 0.000000e+00
471.232597623 0.000000e+00
471.79852858 0.000000e+00
472.364459536 0.000000e+00
472.930390492 0.000000e+00
473.496321449 0.000000e+00
474.062252405 0.000000e+00
474.628183362 0.000000e+00
475.194114318 0.000000e+00
475.760045274 0.000000e+00
476.325976231 0.000000e+00
476.891907187 0.000000e+00
477.457838144 0.000000e+00
478.0237691 0.000000e+00
478.589700057 0.000000e+00
479.155631013 0.000000e+00
479.721561969 0.000000e+00
480.287492926 0.000000e+00
480.853423882 0.000000e+00
481.419354839 0.000000e+00
481.985285795 0.000000e+00
482.551216752 0.000000e+00
483.117147708 0.000000e+00
483.683078664 0.000000e+00
484.249009621 0.000000e+00
484.814940577 0.000000e+00
485.380871534 0.000000e+00
485.94680249 0.000000e+00
486.512733447 0.000000e+00
487.078664403 0.000000e+00
487.644595359 0.000000e+00
488.210526316 0.000000e+00
488.776457272 0.000000e+00
489.342388229 0.000000e+00
489.908319185 0.000000e+00
490.474250141 0.000000e+00
491.040181098 0.000000e+00
491.606112054 0.000000e+00
492.172043011 0.000000e+00
492.737973967 0.000000e+00
493.303904924 0.000000e+00
493.86983588 0.000000e+00
494.435766836 0.000000e+00
495.001697793 0.000000e+00
495.567628749 0.000000e+00
496.133559706 0.000000e+00
496.699490662 0.000000e+00
497.265421619 0.000000e+00
497.831352575 0.000000e+00
498.397283531 0.000000e+00
498.963214488 0.000000e+00
499.529145444 0.000000e+00
500.095076401 0.000000e+00
500.661007357 0.000000e+00
501.226938314 0.000000e+00
501.79286927 0.000000e+00
502.358800226 0.000000e+00
502.924731183 0.000000e+00
503.490662139 0.000000e+00
504.056593096 0.000000e+00
504.622524052 0.000000e+00
505.188455008 0.000000e+00
505.754385965 0.000000e+00
506.320316921 0.000000e+00
506.886247878 0.000000e+00
507.452178834 0.000000e+00
508.018109791 0.000000e+00
508.584040747 0.000000e+00
509.149971703 0.000000e+00
509.71590266 0.000000e+00
510.281833616 0.000000e+00
510.847764573 0.000000e+00
511.413695529 0.000000e+00
511.979626486 0.000000e+00
512.545557442 0.000000e+00
513.111488398 0.000000e+00
513.677419355 0.000000e+00
514.243350311 0.000000e+00
514.809281268 0.000000e+00
515.375212224 0.000000e+00
515.941143181 0.000000e+00
516.507074137 0.000000e+00
517.073005093 0.000000e+00
517.63893605 0.000000e+00
518.204867006 0.000000e+00
518.770797963 0.000000e+00
519.336728919 0.000000e+00
519.902659875 0.000000e+00
520.468590832 0.000000e+00
521.034521788 0.000000e+00
521.600452745 0.000000e+00
522.166383701 0.000000e+00
522.732314658 0.000000e+00
523.298245614 0.000000e+00
523.86417657 0.000000e+00
524.430107527 0.000000e+00
524.996038483 0.000000e+00
525.56196944 0.000000e+00
526.127900396 0.000000e+00
526.693831353 0.000000e+00
527.259762309 0.000000e+00
527.825693265 0.000000e+00
528.391624222 0.000000e+00
528.957555178 0.000000e+00
529.523486135 0.000000e+00
530.089417091 0.000000e+00
530.655348048 0.000000e+00
531.221279004 0.000000e+00
531.78720996 0.000000e+00
532.353140917 0.000000e+00
532.919071873 0.000000e+00
533.48500283 0.000000e+00
534.050933786 0.000000e+00
534.616864743 0.000000e+00
535.182795699 0.000000e+00
535.748726655 0.000000e+00
536.314657612 0.000000e+00
536.880588568 0.000000e+00
537.446519525 0.000000e+00
538.012450481 0.000000e+00
538.578381437 0.000000e+00
539.144312394 0.000000e+00
539.71024335 0.000000e+00
540.276174307 0.000000e+00
540.842105263 0.000000e+00
541.40803622 0.000000e+00
541.973967176 0.000000e+00
542.539898132 0.000000e+00
543.105829089 0.000000e+00
543.671760045 0.000000e+00
544.237691002 0.000000e+00
545.237691002 0.0
546.237691002 0.0
547.237691002 0.0
548.237691002 0.0
549.237691002 0.0
550.237691002 0.0
551.237691002 0.0
552.237691002 0.0
553.237691002 0.0
554.237691002 0.0
555.237691002 0.0
556.237691002 0.0
557.237691002 0.0
558.237691002 0.0
559.237691002 0.0
560.237691002 0.0
561.237691002 0.0
562.237691002 0.0
563.237691002 0.0
564.237691002 0.0
565.237691002 0.0
566.237691002 0.0
567.237691002 0.0
568.237691002 0.0
569.237691002 0.0
570.237691002 0.0
571.237691002 0.0
572.237691002 0.0
573.237691002 0.0
574.237691002 0.0
575.237691002 0.0
576.237691002 0.0
577.237691002 0.0
578.237691002 0.0
579.237691002 0.0
580.237691002 0.0
581.237691002 0.0
582.237691002 0.0
583.237691002 0.0
584.237691002 0.0
585.237691002 0.0
586.237691002 0.0
587.237691002 0.0
588.237691002 0.0
589.237691002 0.0
590.237691002 0.0
591.237691002 0.0
592.237691002 0.0
593.237691002 0.0
594.237691002 0.0
595.237691002 0.0
596.237691002 0.0
597.237691002 0.0
598.237691002 0.0
599.237691002 0.0
600.237691002 0.0
601.237691002 0.0
602.237691002 0.0
603.237691002 0.0
604.237691002 0.0
605.237691002 0.0
606.237691002 0.0
607.237691002 0.0
608.237691002 0.0
609.237691002 0.0
610.237691002 0.0
611.237691002 0.0
612.237691002 0.0
613.237691002 0.0
614.237691002 0.0
615.237691002 0.0
616.237691002 0.0
617.237691002 0.0
618.237691002 0.0
619.237691002 0.0
620.237691002 0.0
621.237691002 0.0
622.237691002 0.0
623.237691002 0.0
624.237691002 0.0
625.237691002 0.0
626.237691002 0.0
627.237691002 0.0
628.237691002 0.0
629.237691002 0.0
630.237691002 0.0
631.237691002 0.0
632.237691002 0.0
633.237691002 0.0
634.237691002 0.0
635.237691002 0.0
636.237691002 0.0
637.237691002 0.0
638.237691002 0.0
639.237691002 0.0
640.237691002 0.0
641.237691002 0.0
642.237691002 0.0
643.237691002 0.0
644.237691002 0.0
645.237691002 0.0
646.237691002 0.0
647.237691002 0.0
648.237691002 0.0
649.237691002 0.0
650.237691002 0.0
651.237691002 0.0
652.237691002 0.0
653.237691002 0.0
654.237691002 0.0
655.237691002 0.0
656.237691002 0.0
657.237691002 0.0
658.237691002 0.0
659.237691002 0.0
660.237691002 0.0
661.237691002 0.0
662.237691002 0.0
663.237691002 0.0
664.237691002 0.0
665.237691002 0.0
666.237691002 0.0
667.237691002 0.0
668.237691002 0.0
669.237691002 0.0
670.237691002 0.0
671.237691002 0.0
672.237691002 0.0
673.237691002 0.0
674.237691002 0.0
675.237691002 0.0
676.237691002 0.0
677.237691002 0.0
678.237691002 0.0
679.237691002 0.0
680.237691002 0.0
681.237691002 0.0
682.237691002 0.0
683.237691002 0.0
684.237691002 0.0
685.237691002 0.0
686.237691002 0.0
687.237691002 0.0
688.237691002 0.0
689.237691002 0.0
690.237691002 0.0
691.237691002 0.0
692.237691002 0.0
693.237691002 0.0
694.237691002 0.0
695.237691002 0.0
696.237691002 0.0
697.237691002 0.0
698.237691002 0.0
699.237691002 0.0
700.237691002 0.0
701.237691002 0.0
702.237691002 0.0
703.237691002 0.0
704.237691002 0.0
705.237691002 0.0
706.237691002 0.0
707.237691002 0.0
708.237691002 0.0
709.237691002 0.0
710.237691002 0.0
711.237691002 0.0
712.237691002 0.0
713.237691002 0.0
714.237691002 0.0
715.237691002 0.0
716.237691002 0.0
717.237691002 0.0
718.237691002 0.0
719.237691002 0.0
720.237691002 0.0
721.237691002 0.0
722.237691002 0.0
723.237691002 0.0
724.237691002 0.0
725.237691002 0.0
726.237691002 0.0
727.237691002 0.0
728.237691002 0.0
729.237691002 0.0
730.237691002 0.0
731.237691002 0.0
732.237691002 0.0
733.237691002 0.0
734.237691002 0.0
735.237691002 0.0
736.237691002 0.0
737.237691002 0.0
738.237691002 0.0
739.237691002 0.0
740.237691002 0.0
741.237691002 0.0
742.237691002 0.0
743.237691002 0.0
744.237691002 0.0
745.237691002 0.0
746.237691002 0.0
747.237691002 0.0
748.237691002 0.0
749.237691002 0.0
750.237691002 0.0
751.237691002 0.0
752.237691002 0.0
753.237691002 0.0
754.237691002 0.0
755.237691002 0.0
756.237691002 0.0
757.237691002 0.0
758.237691002 0.0
759.237691002 0.0
760.237691002 0.0
761.237691002 0.0
762.237691002 0.0
763.237691002 0.0
764.237691002 0.0
765.237691002 0.0
766.237691002 0.0
767.237691002 0.0
768.237691002 0.0
769.237691002 0.0
770.237691002 0.0
771.237691002 0.0
772.237691002 0.0
773.237691002 0.0
774.237691002 0.0
775.237691002 0.0
776.237691002 0.0
777.237691002 0.0
778.237691002 0.0
779.237691002 0.0
780.237691002 0.0
781.237691002 0.0
782.237691002 0.0
783.237691002 0.0
784.237691002 0.0
785.237691002 0.0
786.237691002 0.0
787.237691002 0.0
788.237691002 0.0
789.237691002 0.0
790.237691002 0.0
791.237691002 0.0
792.237691002 0.0
793.237691002 0.0
794.237691002 0.0
795.237691002 0.0
796.237691002 0.0
797.237691002 0.0
798.237691002 0.0
799.237691002 0.0
800.237691002 0.0
801.237691002 0.0
802.237691002 0.0
803.237691002 0.0
804.237691002 0.0
805.237691002 0.0
806.237691002 0.0
807.237691002 0.0
808.237691002 0.0
809.237691002 0.0
810.237691002 0.0
811.237691002 0.0
812.237691002 0.0
813.237691002 0.0
814.237691002 0.0
815.237691002 0.0
816.237691002 0.0
817.237691002 0.0
818.237691002 0.0
819.237691002 0.0
820.237691002 0.0
821.237691002 0.0
822.237691002 0.0
823.237691002 0.0
824.237691002 0.0
825.237691002 0.0
826.237691002 0.0
827.237691002 0.0
828.237691002 0.0
829.237691002 0.0
830.237691002 0.0
831.237691002 0.0
832.237691002 0.0
833.237691002 0.0
834.237691002 0.0
835.237691002 0.0
836.237691002 0.0
837.237691002 0.0
838.237691002 0.0
839.237691002 0.0
840.237691002 0.0
841.237691002 0.0
842.237691002 0.0
843.237691002 0.0
844.237691002 0.0
845.237691002 0.0
846.237691002 0.0
847.237691002 0.0
848.237691002 0.0
849.237691002 0.0
850.237691002 0.0
851.237691002 0.0
852.237691002 0.0
853.237691002 0.0
854.237691002 0.0
855.237691002 0.0
856.237691002 0.0
857.237691002 0.0
858.237691002 0.0
859.237691002 0.0
860.237691002 0.0
861.237691002 0.0
862.237691002 0.0
863.237691002 0.0
864.237691002 0.0
865.237691002 0.0
866.237691002 0.0
867.237691002 0.0
868.237691002 0.0
869.237691002 0.0
870.237691002 0.0
871.237691002 0.0
872.237691002 0.0
873.237691002 0.0
874.237691002 0.0
875.237691002 0.0
876.237691002 0.0
877.237691002 0.0
878.237691002 0.0
879.237691002 0.0
880.237691002 0.0
881.237691002 0.0
882.237691002 0.0
883.237691002 0.0
884.237691002 0.0
885.237691002 0.0
886.237691002 0.0
887.237691002 0.0
888.237691002 0.0
889.237691002 0.0
890.237691002 0.0
891.237691002 0.0
892.237691002 0.0
893.237691002 0.0
894.237691002 0.0
895.237691002 0.0
896.237691002 0.0
897.237691002 0.0
898.237691002 0.0
899.237691002 0.0
900.237691002 0.0
901.237691002 0.0
902.237691002 0.0
903.237691002 0.0
904.237691002 0.0
905.237691002 0.0
906.237691002 0.0
907.237691002 0.0
908.237691002 0.0
909.237691002 0.0
910.237691002 0.0
911.237691002 0.0
912.237691002 0.0
913.237691002 0.0
914.237691002 0.0
915.237691002 0.0
916.237691002 0.0
917.237691002 0.0
918.237691002 0.0
919.237691002 0.0
920.237691002 0.0
921.237691002 0.0
922.237691002 0.0
923.237691002 0.0
924.237691002 0.0
925.237691002 0.0
926.237691002 0.0
927.237691002 0.0
928.237691002 0.0
929.237691002 0.0
930.237691002 0.0
931.237691002 0.0
932.237691002 0.0
933.237691002 0.0
934.237691002 0.0
935.237691002 0.0
936.237691002 0.0
937.237691002 0.0
938.237691002 0.0
939.237691002 0.0
940.237691002 0.0
941.237691002 0.0
942.237691002 0.0
943.237691002 0.0
944.237691002 0.0
945.237691002 0.0
946.237691002 0.0
947.237691002 0.0
948.237691002 0.0
949.237691002 0.0
950.237691002 0.0
951.237691002 0.0
952.237691002 0.0
953.237691002 0.0
954.237691002 0.0
955.237691002 0.0
956.237691002 0.0
957.237691002 0.0
958.237691002 0.0
959.237691002 0.0
960.237691002 0.0
961.237691002 0.0
962.237691002 0.0
963.237691002 0.0
964.237691002 0.0
965.237691002 0.0
966.237691002 0.0
967.237691002 0.0
968.237691002 0.0
969.237691002 0.0
970.237691002 0.0
971.237691002 0.0
972.237691002 0.0
973.237691002 0.0
974.237691002 0.0
975.237691002 0.0
976.237691002 0.0
977.237691002 0.0
978.237691002 0.0
979.237691002 0.0
980.237691002 0.0
981.237691002 0.0
982.237691002 0.0
983.237691002 0.0
984.237691002 0.0
985.237691002 0.0
986.237691002 0.0
987.237691002 0.0
988.237691002 0.0
989.237691002 0.0
990.237691002 0.0
991.237691002 0.0
992.237691002 0.0
993.237691002 0.0
994.237691002 0.0
995.237691002 0.0
996.237691002 0.0
997.237691002 0.0
998.237691002 0.0
999.237691002 0.0
1000.237691 0.0
1001.237691 0.0
1002.237691 0.0
1003.237691 0.0
1004.237691 0.0
1005.237691 0.0
1006.237691 0.0
1007.237691 0.0
1008.237691 0.0
1009.237691 0.0
1010.237691 0.0
1011.237691 0.0
1012.237691 0.0
1013.237691 0.0
1014.237691 0.0
1015.237691 0.0
1016.237691 0.0
1017.237691 0.0
1018.237691 0.0
1019.237691 0.0
1020.237691 0.0
1021.237691 0.0
1022.237691 0.0
1023.237691 0.0
1024.237691 0.0
1025.237691 0.0
1026.237691 0.0
1027.237691 0.0
1028.237691 0.0
1029.237691 0.0
1030.237691 0.0
1031.237691 0.0
1032.237691 0.0
1033.237691 0.0
1034.237691 0.0
1035.237691 0.0
1036.237691 0.0
1037.237691 0.0
1038.237691 0.0
1039.237691 0.0
1040.237691 0.0
1041.237691 0.0
1042.237691 0.0
1043.237691 0.0
1044.237691 0.0
