-629.63476753 0.0
-628.63476753 0.0
-627.63476753 0.0
-626.63476753 0.0
-625.63476753 0.0
-624.63476753 0.0
-623.63476753 0.0
-622.63476753 0.0
-621.63476753 0.0
-620.63476753 0.0
-619.63476753 0.0
-618.63476753 0.0
-617.63476753 0.0
-616.63476753 0.0
-615.63476753 0.0
-614.63476753 0.0
-613.63476753 0.0
-612.63476753 0.0
-611.63476753 0.0
-610.63476753 0.0
-609.63476753 0.0
-608.63476753 0.0
-607.63476753 0.0
-606.63476753 0.0
-605.63476753 0.0
-604.63476753 0.0
-603.63476753 0.0
-602.63476753 0.0
-601.63476753 0.0
-600.63476753 0.0
-599.63476753 0.0
-598.63476753 0.0
-597.63476753 0.0
-596.63476753 0.0
-595.63476753 0.0
-594.63476753 0.0
-593.63476753 0.0
-592.63476753 0.0
-591.63476753 0.0
-590.63476753 0.0
-589.63476753 0.0
-588.63476753 0.0
-587.63476753 0.0
-586.63476753 0.0
-585.63476753 0.0
-584.63476753 0.0
-583.63476753 0.0
-582.63476753 0.0
-581.63476753 0.0
-580.63476753 0.0
-579.63476753 0.0
-578.63476753 0.0
-577.63476753 0.0
-576.63476753 0.0
-575.63476753 0.0
-574.63476753 0.0
-573.63476753 0.0
-572.63476753 0.0
-571.63476753 0.0
-570.63476753 0.0
-569.63476753 0.0
-568.63476753 0.0
-567.63476753 0.0
-566.63476753 0.0
-565.63476753 0.0
-564.63476753 0.0
-563.63476753 0.0
-562.63476753 0.0
-561.63476753 0.0
-560.63476753 0.0
-559.63476753 0.0
-558.63476753 0.0
-557.63476753 0.0
-556.63476753 0.0
-555.63476753 0.0
-554.63476753 0.0
-553.63476753 0.0
-552.63476753 0.0
-551.63476753 0.0
-550.63476753 0.0
-549.63476753 0.0
-548.63476753 0.0
-547.63476753 0.0
-546.63476753 0.0
-545.63476753 0.0
-544.63476753 0.0
-543.63476753 0.0
-542.63476753 0.0
-541.63476753 0.0
-540.63476753 0.0
-539.63476753 0.0
-538.63476753 0.0
-537.63476753 0.0
-536.63476753 0.0
-535.63476753 0.0
-534.63476753 0.0
-533.63476753 0.0
-532.63476753 0.0
-531.63476753 0.0
-530.63476753 0.0
-529.63476753 0.0
-528.63476753 0.0
-527.63476753 0.0
-526.63476753 0.0
-525.63476753 0.0
-524.63476753 0.0
-523.63476753 0.0
-522.63476753 0.0
-521.63476753 0.0
-520.63476753 0.0
-519.63476753 0.0
-518.63476753 0.0
-517.63476753 0.0
-516.63476753 0.0
-515.63476753 0.0
-514.63476753 0.0
-513.63476753 0.0
-512.63476753 0.0
-511.63476753 0.0
-510.63476753 0.0
-509.63476753 0.0
-508.63476753 0.0
-507.63476753 0.0
-506.63476753 0.0
-505.63476753 0.0
-504.63476753 0.0
-503.63476753 0.0
-502.63476753 0.0
-501.63476753 0.0
-500.63476753 0.0
-499.63476753 0.0
-498.63476753 0.0
-497.63476753 0.0
-496.63476753 0.0
-495.63476753 0.0
-494.63476753 0.0
-493.63476753 0.0
-492.63476753 0.0
-491.63476753 0.0
-490.63476753 0.0
-489.63476753 0.0
-488.63476753 0.0
-487.63476753 0.0
-486.63476753 0.0
-485.63476753 0.0
-484.63476753 0.0
-483.63476753 0.0
-482.63476753 0.0
-481.63476753 0.0
-480.63476753 0.0
-479.63476753 0.0
-478.63476753 0.0
-477.63476753 0.0
-476.63476753 0.0
-475.63476753 0.0
-474.63476753 0.0
-473.63476753 0.0
-472.63476753 0.0
-471.63476753 0.0
-470.63476753 0.0
-469.63476753 0.0
-468.63476753 0.0
-467.63476753 0.0
-466.63476753 0.0
-465.63476753 0.0
-464.63476753 0.0
-463.63476753 0.0
-462.63476753 0.0
-461.63476753 0.0
-460.63476753 0.0
-459.63476753 0.0
-458.63476753 0.0
-457.63476753 0.0
-456.63476753 0.0
-455.63476753 0.0
-454.63476753 0.0
-453.63476753 0.0
-452.63476753 0.0
-451.63476753 0.0
-450.63476753 0.0
-449.63476753 0.0
-448.63476753 0.0
-447.63476753 0.0
-446.63476753 0.0
-445.63476753 0.0
-444.63476753 0.0
-443.63476753 0.0
-442.63476753 0.0
-441.63476753 0.0
-440.63476753 0.0
-439.63476753 0.0
-438.63476753 0.0
-437.63476753 0.0
-436.63476753 0.0
-435.63476753 0.0
-434.63476753 0.0
-433.63476753 0.0
-432.63476753 0.0
-431.63476753 0.0
-430.63476753 0.0
-429.63476753 0.0
-428.63476753 0.0
-427.63476753 0.0
-426.63476753 0.0
-425.63476753 0.0
-424.63476753 0.0
-423.63476753 0.0
-422.63476753 0.0
-421.63476753 0.0
-420.63476753 0.0
-419.63476753 0.0
-418.63476753 0.0
-417.63476753 0.0
-416.63476753 0.0
-415.63476753 0.0
-414.63476753 0.0
-413.63476753 0.0
-412.63476753 0.0
-411.63476753 0.0
-410.63476753 0.0
-409.63476753 0.0
-408.63476753 0.0
-407.63476753 0.0
-406.63476753 0.0
-405.63476753 0.0
-404.63476753 0.0
-403.63476753 0.0
-402.63476753 0.0
-401.63476753 0.0
-400.63476753 0.0
-399.63476753 0.0
-398.63476753 0.0
-397.63476753 0.0
-396.63476753 0.0
-395.63476753 0.0
-394.63476753 0.0
-393.63476753 0.0
-392.63476753 0.0
-391.63476753 0.0
-390.63476753 0.0
-389.63476753 0.0
-388.63476753 0.0
-387.63476753 0.0
-386.63476753 0.0
-385.63476753 0.0
-384.63476753 0.0
-383.63476753 0.0
-382.63476753 0.0
-381.63476753 0.0
-380.63476753 0.0
-379.63476753 0.0
-378.63476753 0.0
-377.63476753 0.0
-376.63476753 0.0
-375.63476753 0.0
-374.63476753 0.0
-373.63476753 0.0
-372.63476753 0.0
-371.63476753 0.0
-370.63476753 0.0
-369.63476753 0.0
-368.63476753 0.0
-367.63476753 0.0
-366.63476753 0.0
-365.63476753 0.0
-364.63476753 0.0
-363.63476753 0.0
-362.63476753 0.0
-361.63476753 0.0
-360.63476753 0.0
-359.63476753 0.0
-358.63476753 0.0
-357.63476753 0.0
-356.63476753 0.0
-355.63476753 0.0
-354.63476753 0.0
-353.63476753 0.0
-352.63476753 0.0
-351.63476753 0.0
-350.63476753 0.0
-349.63476753 0.0
-348.63476753 0.0
-347.63476753 0.0
-346.63476753 0.0
-345.63476753 0.0
-344.63476753 0.0
-343.63476753 0.0
-342.63476753 0.0
-341.63476753 0.0
-340.63476753 0.0
-339.63476753 0.0
-338.63476753 0.0
-337.63476753 0.0
-336.63476753 0.0
-335.63476753 0.0
-334.63476753 0.0
-333.63476753 0.0
-332.63476753 0.0
-331.63476753 0.0
-330.63476753 0.0
-329.63476753 0.0
-328.63476753 0.0
-327.63476753 0.0
-326.63476753 0.0
-325.63476753 0.0
-324.63476753 0.0
-323.63476753 0.0
-322.63476753 0.0
-321.63476753 0.0
-320.63476753 0.0
-319.63476753 0.0
-318.63476753 0.0
-317.63476753 0.0
-316.63476753 0.0
-315.63476753 0.0
-314.63476753 0.0
-313.63476753 0.0
-312.63476753 0.0
-311.63476753 0.0
-310.63476753 0.0
-309.63476753 0.0
-308.63476753 0.0
-307.63476753 0.0
-306.63476753 0.0
-305.63476753 0.0
-304.63476753 0.0
-303.63476753 0.0
-302.63476753 0.0
-301.63476753 0.0
-300.63476753 0.0
-299.63476753 0.0
-298.63476753 0.0
-297.63476753 0.0
-296.63476753 0.0
-295.63476753 0.0
-294.63476753 0.0
-293.63476753 0.0
-292.63476753 0.0
-291.63476753 0.0
-290.63476753 0.0
-289.63476753 0.0
-288.63476753 0.0
-287.63476753 0.0
-286.63476753 0.0
-285.63476753 0.0
-284.63476753 0.0
-283.63476753 0.0
-282.63476753 0.0
-281.63476753 0.0
-280.63476753 0.0
-279.63476753 0.0
-278.63476753 0.0
-277.63476753 0.0
-276.63476753 0.0
-275.63476753 0.0
-274.63476753 0.0
-273.63476753 0.0
-272.63476753 0.0
-271.63476753 0.0
-270.63476753 0.0
-269.63476753 0.0
-268.63476753 0.0
-267.63476753 0.0
-266.63476753 0.0
-265.63476753 0.0
-264.63476753 0.0
-263.63476753 0.0
-262.63476753 0.0
-261.63476753 0.0
-260.63476753 0.0
-259.63476753 0.0
-258.63476753 0.0
-257.63476753 0.0
-256.63476753 0.0
-255.63476753 0.0
-254.63476753 0.0
-253.63476753 0.0
-252.63476753 0.0
-251.63476753 0.0
-250.63476753 0.0
-249.63476753 0.0
-248.63476753 0.0
-247.63476753 0.0
-246.63476753 0.0
-245.63476753 0.0
-244.63476753 0.0
-243.63476753 0.0
-242.63476753 0.0
-241.63476753 0.0
-240.63476753 0.0
-239.63476753 0.0
-238.63476753 0.0
-237.63476753 0.0
-236.63476753 0.0
-235.63476753 0.0
-234.63476753 0.0
-233.63476753 0.0
-232.63476753 0.0
-231.63476753 0.0
-230.63476753 0.0
-229.63476753 0.0
-228.63476753 0.0
-227.63476753 0.0
-226.63476753 0.0
-225.63476753 0.0
-224.63476753 0.0
-223.63476753 0.0
-222.63476753 0.0
-221.63476753 0.0
-220.63476753 0.0
-219.63476753 0.0
-218.63476753 0.0
-217.63476753 0.0
-216.63476753 0.0
-215.63476753 0.0
-214.63476753 0.0
-213.63476753 0.0
-212.63476753 0.0
-211.63476753 0.0
-210.63476753 0.0
-209.63476753 0.0
-208.63476753 0.0
-207.63476753 0.0
-206.63476753 0.0
-205.63476753 0.0
-204.63476753 0.0
-203.63476753 0.0
-202.63476753 0.0
-201.63476753 0.0
-200.63476753 0.0
-199.63476753 0.0
-198.63476753 0.0
-197.63476753 0.0
-196.63476753 0.0
-195.63476753 0.0
-194.63476753 0.0
-193.63476753 0.0
-192.63476753 0.0
-191.63476753 0.0
-190.63476753 0.0
-189.63476753 0.0
-188.63476753 0.0
-187.63476753 0.0
-186.63476753 0.0
-185.63476753 0.0
-184.63476753 0.0
-183.63476753 0.0
-182.63476753 0.0
-181.63476753 0.0
-180.63476753 0.0
-179.63476753 0.0
-178.63476753 0.0
-177.63476753 0.0
-176.63476753 0.0
-175.63476753 0.0
-174.63476753 0.0
-173.63476753 0.0
-172.63476753 0.0
-171.63476753 0.0
-170.63476753 0.0
-169.63476753 0.0
-168.63476753 0.0
-167.63476753 0.0
-166.63476753 0.0
-165.63476753 0.0
-164.63476753 0.0
-163.63476753 0.0
-162.63476753 0.0
-161.63476753 0.0
-160.63476753 0.0
-159.63476753 0.0
-158.63476753 0.0
-157.63476753 0.0
-156.63476753 0.0
-155.63476753 0.0
-154.63476753 0.0
-153.63476753 0.0
-152.63476753 0.0
-151.63476753 0.0
-150.63476753 0.0
-149.63476753 0.0
-148.63476753 0.0
-147.63476753 0.0
-146.63476753 0.0
-145.63476753 0.0
-144.63476753 0.0
-143.63476753 0.0
-142.63476753 0.0
-141.63476753 0.0
-140.63476753 0.0
-139.63476753 0.0
-138.63476753 0.0
-137.63476753 0.0
-136.63476753 0.0
-135.63476753 0.0
-134.63476753 0.0
-133.63476753 0.0
-132.63476753 0.0
-131.63476753 0.0
-130.63476753 0.0
-129.63476753 0.000000e+00
-129.092879593 0.000000e+00
-128.550991655 0.000000e+00
-128.009103717 0.000000e+00
-127.46721578 0.000000e+00
-126.925327842 0.000000e+00
-126.383439905 0.000000e+00
-125.841551967 0.000000e+00
-125.299664029 0.000000e+00
-124.757776092 0.000000e+00
-124.215888154 0.000000e+00
-123.674000217 0.000000e+00
-123.132112279 0.000000e+00
-122.590224342 0.000000e+00
-122.048336404 0.000000e+00
-121.506448466 0.000000e+00
-120.964560529 0.000000e+00
-120.422672591 0.000000e+00
-119.880784654 0.000000e+00
-119.338896716 0.000000e+00
-118.797008779 0.000000e+00
-118.255120841 0.000000e+00
-117.713232903 0.000000e+00
-117.171344966 0.000000e+00
-116.629457028 0.000000e+00
-116.087569091 0.000000e+00
-115.545681153 0.000000e+00
-115.003793216 0.000000e+00
-114.461905278 0.000000e+00
-113.92001734 0.000000e+00
-113.378129403 0.000000e+00
-112.836241465 0.000000e+00
-112.294353528 0.000000e+00
-111.75246559 0.000000e+00
-111.210577653 0.000000e+00
-110.668689715 0.000000e+00
-110.126801777 0.000000e+00
-109.58491384 0.000000e+00
-109.043025902 0.000000e+00
-108.501137965 0.000000e+00
-107.959250027 0.000000e+00
-107.41736209 0.000000e+00
-106.875474152 0.000000e+00
-106.333586214 0.000000e+00
-105.791698277 0.000000e+00
-105.249810339 0.000000e+00
-104.707922402 0.000000e+00
-104.166034464 0.000000e+00
-103.624146526 0.000000e+00
-103.082258589 0.000000e+00
-102.540370651 0.000000e+00
-101.998482714 0.000000e+00
-101.456594776 0.000000e+00
-100.914706839 0.000000e+00
-100.372818901 0.000000e+00
-99.8309309635 0.000000e+00
-99.2890430259 0.000000e+00
-98.7471550883 0.000000e+00
-98.2052671508 0.000000e+00
-97.6633792132 0.000000e+00
-97.1214912756 0.000000e+00
-96.579603338 0.000000e+00
-96.0377154005 0.000000e+00
-95.4958274629 0.000000e+00
-94.9539395253 0.000000e+00
-94.4120515877 0.000000e+00
-93.8701636502 0.000000e+00
-93.3282757126 0.000000e+00
-92.786387775 0.000000e+00
-92.2444998374 0.000000e+00
-91.7026118999 0.000000e+00
-91.1607239623 0.000000e+00
-90.6188360247 0.000000e+00
-90.0769480871 0.000000e+00
-89.5350601496 0.000000e+00
-88.993172212 0.000000e+00
-88.4512842744 0.000000e+00
-87.9093963368 0.000000e+00
-87.3675083993 0.000000e+00
-86.8256204617 0.000000e+00
-86.2837325241 0.000000e+00
-85.7418445865 0.000000e+00
-85.199956649 0.000000e+00
-84.6580687114 0.000000e+00
-84.1161807738 0.000000e+00
-83.5742928362 0.000000e+00
-83.0324048987 0.000000e+00
-82.4905169611 0.000000e+00
-81.9486290235 0.000000e+00
-81.4067410859 0.000000e+00
-80.8648531484 0.000000e+00
-80.3229652108 0.000000e+00
-79.7810772732 0.000000e+00
-79.2391893356 0.000000e+00
-78.6973013981 0.000000e+00
-78.1554134605 0.000000e+00
-77.6135255229 0.000000e+00
-77.0716375853 0.000000e+00
-76.5297496478 0.000000e+00
-75.9878617102 0.000000e+00
-75.4459737726 0.000000e+00
-74.904085835 0.000000e+00
-74.3621978975 0.000000e+00
-73.8203099599 0.000000e+00
-73.2784220223 0.000000e+00
-72.7365340848 0.000000e+00
-72.1946461472 0.000000e+00
-71.6527582096 0.000000e+00
-71.110870272 0.000000e+00
-70.5689823345 0.000000e+00
-70.0270943969 0.000000e+00
-69.4852064593 0.000000e+00
-68.9433185217 0.000000e+00
-68.4014305842 0.000000e+00
-67.8595426466 0.000000e+00
-67.317654709 0.000000e+00
-66.7757667714 0.000000e+00
-66.2338788339 0.000000e+00
-65.6919908963 0.000000e+00
-65.1501029587 0.000000e+00
-64.6082150211 0.000000e+00
-64.0663270836 0.000000e+00
-63.524439146 0.000000e+00
-62.9825512084 0.000000e+00
-62.4406632708 0.000000e+00
-61.8987753333 0.000000e+00
-61.3568873957 0.000000e+00
-60.8149994581 0.000000e+00
-60.2731115205 0.000000e+00
-59.731223583 0.000000e+00
-59.1893356454 0.000000e+00
-58.6474477078 0.000000e+00
-58.1055597702 0.000000e+00
-57.5636718327 0.000000e+00
-57.0217838951 0.000000e+00
-56.4798959575 0.000000e+00
-55.9380080199 0.000000e+00
-55.3961200824 0.000000e+00
-54.8542321448 0.000000e+00
-54.3123442072 0.000000e+00
-53.7704562696 0.000000e+00
-53.2285683321 0.000000e+00
-52.6866803945 0.000000e+00
-52.1447924569 0.000000e+00
-51.6029045193 0.000000e+00
-51.0610165818 0.000000e+00
-50.5191286442 0.000000e+00
-49.9772407066 0.000000e+00
-49.435352769 0.000000e+00
-48.8934648315 0.000000e+00
-48.3515768939 0.000000e+00
-47.8096889563 0.000000e+00
-47.2678010187 4.404278e-01
-46.7259130812 0.000000e+00
-46.1840251436 0.000000e+00
-45.642137206 0.000000e+00
-45.1002492685 0.000000e+00
-44.5583613309 0.000000e+00
-44.0164733933 0.000000e+00
-43.4745854557 0.000000e+00
-42.9326975182 0.000000e+00
-42.3908095806 0.000000e+00
-41.848921643 0.000000e+00
-41.3070337054 0.000000e+00
-40.7651457679 0.000000e+00
-40.2232578303 0.000000e+00
-39.6813698927 0.000000e+00
-39.1394819551 0.000000e+00
-38.5975940176 0.000000e+00
-38.05570608 0.000000e+00
-37.5138181424 0.000000e+00
-36.9719302048 4.500984e-01
-36.4300422673 0.000000e+00
-35.8881543297 0.000000e+00
-35.3462663921 0.000000e+00
-34.8043784545 0.000000e+00
-34.262490517 0.000000e+00
-33.7206025794 0.000000e+00
-33.1787146418 0.000000e+00
-32.6368267042 0.000000e+00
-32.0949387667 0.000000e+00
-31.5530508291 0.000000e+00
-31.0111628915 0.000000e+00
-30.4692749539 0.000000e+00
-29.9273870164 0.000000e+00
-29.3854990788 0.000000e+00
-28.8436111412 0.000000e+00
-28.3017232036 0.000000e+00
-27.7598352661 0.000000e+00
-27.2179473285 0.000000e+00
-26.6760593909 0.000000e+00
-26.1341714533 0.000000e+00
-25.5922835158 0.000000e+00
-25.0503955782 0.000000e+00
-24.5085076406 0.000000e+00
-23.966619703 0.000000e+00
-23.4247317655 0.000000e+00
-22.8828438279 0.000000e+00
-22.3409558903 0.000000e+00
-21.7990679527 0.000000e+00
-21.2571800152 0.000000e+00
-20.7152920776 0.000000e+00
-20.17340414 0.000000e+00
-19.6315162024 0.000000e+00
-19.0896282649 0.000000e+00
-18.5477403273 0.000000e+00
-18.0058523897 0.000000e+00
-17.4639644522 0.000000e+00
-16.9220765146 0.000000e+00
-16.380188577 0.000000e+00
-15.8383006394 0.000000e+00
-15.2964127019 0.000000e+00
-14.7545247643 0.000000e+00
-14.2126368267 0.000000e+00
-13.6707488891 0.000000e+00
-13.1288609516 0.000000e+00
-12.586973014 0.000000e+00
-12.0450850764 0.000000e+00
-11.5031971388 0.000000e+00
-10.9613092013 0.000000e+00
-10.4194212637 0.000000e+00
-9.87753332611 0.000000e+00
-9.33564538853 0.000000e+00
-8.79375745096 0.000000e+00
-8.25186951338 0.000000e+00
-7.70998157581 0.000000e+00
-7.16809363824 0.000000e+00
-6.62620570066 0.000000e+00
-6.08431776309 0.000000e+00
-5.54242982551 0.000000e+00
-5.00054188794 0.000000e+00
-4.45865395036 0.000000e+00
-3.91676601279 0.000000e+00
-3.37487807521 0.000000e+00
-2.83299013764 0.000000e+00
-2.29110220007 0.000000e+00
-1.74921426249 0.000000e+00
-1.20732632492 0.000000e+00
-0.665438387341 0.000000e+00
-0.123550449767 0.000000e+00
0.418337487808 7.350530e-01
0.960225425382 1.000000e+00
1.50211336296 8.105867e-01
2.04400130053 4.404946e-01
2.58588923811 6.109122e-01
3.12777717568 5.086865e-01
3.66966511325 4.812418e-01
4.21155305083 4.748567e-01
4.7534409884 0.000000e+00
5.29532892598 0.000000e+00
5.83721686355 0.000000e+00
6.37910480113 0.000000e+00
6.9209927387 0.000000e+00
7.46288067628 0.000000e+00
8.00476861385 0.000000e+00
8.54665655143 0.000000e+00
9.088544489 0.000000e+00
9.63043242657 0.000000e+00
10.1723203641 0.000000e+00
10.7142083017 0.000000e+00
11.2560962393 0.000000e+00
11.7979841769 0.000000e+00
12.3398721144 0.000000e+00
12.881760052 0.000000e+00
13.4236479896 0.000000e+00
13.9655359272 0.000000e+00
14.5074238647 0.000000e+00
15.0493118023 0.000000e+00
15.5911997399 0.000000e+00
16.1330876775 0.000000e+00
16.674975615 0.000000e+00
17.2168635526 0.000000e+00
17.7587514902 0.000000e+00
18.3006394278 0.000000e+00
18.8425273653 0.000000e+00
19.3844153029 0.000000e+00
19.9263032405 0.000000e+00
20.4681911781 0.000000e+00
21.0100791156 0.000000e+00
21.5519670532 0.000000e+00
22.0938549908 0.000000e+00
22.6357429284 0.000000e+00
23.1776308659 0.000000e+00
23.7195188035 0.000000e+00
24.2614067411 0.000000e+00
24.8032946787 0.000000e+00
25.3451826162 0.000000e+00
25.8870705538 0.000000e+00
26.4289584914 0.000000e+00
26.970846429 0.000000e+00
27.5127343665 0.000000e+00
28.0546223041 0.000000e+00
28.5965102417 0.000000e+00
29.1383981793 0.000000e+00
29.6802861168 0.000000e+00
30.2221740544 0.000000e+00
30.764061992 0.000000e+00
31.3059499296 0.000000e+00
31.8478378671 0.000000e+00
32.3897258047 0.000000e+00
32.9316137423 0.000000e+00
33.4735016799 0.000000e+00
34.0153896174 0.000000e+00
34.557277555 0.000000e+00
35.0991654926 0.000000e+00
35.6410534302 0.000000e+00
36.1829413677 0.000000e+00
36.7248293053 0.000000e+00
37.2667172429 0.000000e+00
37.8086051804 0.000000e+00
38.350493118 0.000000e+00
38.8923810556 0.000000e+00
39.4342689932 0.000000e+00
39.9761569307 0.000000e+00
40.5180448683 0.000000e+00
41.0599328059 0.000000e+00
41.6018207435 0.000000e+00
42.143708681 0.000000e+00
42.6855966186 0.000000e+00
43.2274845562 0.000000e+00
43.7693724938 0.000000e+00
44.3112604313 0.000000e+00
44.8531483689 0.000000e+00
45.3950363065 0.000000e+00
45.9369242441 0.000000e+00
46.4788121816 0.000000e+00
47.0207001192 0.000000e+00
47.5625880568 0.000000e+00
48.1044759944 0.000000e+00
48.6463639319 0.000000e+00
49.1882518695 0.000000e+00
49.7301398071 0.000000e+00
50.2720277447 0.000000e+00
50.8139156822 0.000000e+00
51.3558036198 0.000000e+00
51.8976915574 0.000000e+00
52.439579495 0.000000e+00
52.9814674325 0.000000e+00
53.5233553701 0.000000e+00
54.0652433077 0.000000e+00
54.6071312453 0.000000e+00
55.1490191828 0.000000e+00
55.6909071204 0.000000e+00
56.232795058 0.000000e+00
56.7746829956 0.000000e+00
57.3165709331 0.000000e+00
57.8584588707 0.000000e+00
58.4003468083 0.000000e+00
58.9422347459 0.000000e+00
59.4841226834 0.000000e+00
60.026010621 0.000000e+00
60.5678985586 0.000000e+00
61.1097864962 0.000000e+00
61.6516744337 0.000000e+00
62.1935623713 0.000000e+00
62.7354503089 0.000000e+00
63.2773382465 0.000000e+00
63.819226184 0.000000e+00
64.3611141216 0.000000e+00
64.9030020592 0.000000e+00
65.4448899967 0.000000e+00
65.9867779343 0.000000e+00
66.5286658719 0.000000e+00
67.0705538095 0.000000e+00
67.612441747 0.000000e+00
68.1543296846 0.000000e+00
68.6962176222 0.000000e+00
69.2381055598 0.000000e+00
69.7799934973 0.000000e+00
70.3218814349 0.000000e+00
70.8637693725 0.000000e+00
71.4056573101 0.000000e+00
71.9475452476 0.000000e+00
72.4894331852 0.000000e+00
73.0313211228 0.000000e+00
73.5732090604 0.000000e+00
74.1150969979 0.000000e+00
74.6569849355 0.000000e+00
75.1988728731 0.000000e+00
75.7407608107 0.000000e+00
76.2826487482 0.000000e+00
76.8245366858 0.000000e+00
77.3664246234 0.000000e+00
77.908312561 0.000000e+00
78.4502004985 0.000000e+00
78.9920884361 0.000000e+00
79.5339763737 0.000000e+00
80.0758643113 0.000000e+00
80.6177522488 0.000000e+00
81.1596401864 0.000000e+00
81.701528124 0.000000e+00
82.2434160616 0.000000e+00
82.7853039991 0.000000e+00
83.3271919367 0.000000e+00
83.8690798743 0.000000e+00
84.4109678119 0.000000e+00
84.9528557494 0.000000e+00
85.494743687 0.000000e+00
86.0366316246 0.000000e+00
86.5785195622 0.000000e+00
87.1204074997 0.000000e+00
87.6622954373 0.000000e+00
88.2041833749 0.000000e+00
88.7460713125 0.000000e+00
89.28795925 0.000000e+00
89.8298471876 0.000000e+00
90.3717351252 0.000000e+00
90.9136230628 0.000000e+00
91.4555110003 0.000000e+00
91.9973989379 0.000000e+00
92.5392868755 0.000000e+00
93.081174813 0.000000e+00
93.6230627506 0.000000e+00
94.1649506882 0.000000e+00
94.7068386258 0.000000e+00
95.2487265633 0.000000e+00
95.7906145009 0.000000e+00
96.3325024385 0.000000e+00
96.8743903761 0.000000e+00
97.4162783136 0.000000e+00
97.9581662512 0.000000e+00
98.5000541888 0.000000e+00
99.0419421264 0.000000e+00
99.5838300639 0.000000e+00
100.125718002 0.000000e+00
100.667605939 0.000000e+00
101.209493877 0.000000e+00
101.751381814 0.000000e+00
102.293269752 0.000000e+00
102.835157689 0.000000e+00
103.377045627 0.000000e+00
103.918933565 0.000000e+00
104.460821502 0.000000e+00
105.00270944 0.000000e+00
105.544597377 0.000000e+00
106.086485315 0.000000e+00
106.628373252 0.000000e+00
107.17026119 0.000000e+00
107.712149128 0.000000e+00
108.254037065 0.000000e+00
108.795925003 0.000000e+00
109.33781294 0.000000e+00
109.879700878 0.000000e+00
110.421588815 0.000000e+00
110.963476753 0.000000e+00
111.505364691 0.000000e+00
112.047252628 0.000000e+00
112.589140566 0.000000e+00
113.131028503 0.000000e+00
113.672916441 0.000000e+00
114.214804378 0.000000e+00
114.756692316 0.000000e+00
115.298580254 0.000000e+00
115.840468191 0.000000e+00
116.382356129 0.000000e+00
116.924244066 0.000000e+00
117.466132004 0.000000e+00
118.008019941 0.000000e+00
118.549907879 0.000000e+00
119.091795817 0.000000e+00
119.633683754 0.000000e+00
120.175571692 0.000000e+00
120.717459629 0.000000e+00
121.259347567 0.000000e+00
121.801235504 0.000000e+00
122.343123442 0.000000e+00
122.88501138 0.000000e+00
123.426899317 0.000000e+00
123.968787255 0.000000e+00
124.510675192 0.000000e+00
125.05256313 0.000000e+00
125.594451068 0.000000e+00
126.136339005 0.000000e+00
126.678226943 0.000000e+00
127.22011488 0.000000e+00
127.762002818 0.000000e+00
128.303890755 0.000000e+00
128.845778693 0.000000e+00
129.387666631 0.000000e+00
129.929554568 0.000000e+00
130.471442506 0.000000e+00
131.013330443 0.000000e+00
131.555218381 0.000000e+00
132.097106318 0.000000e+00
132.638994256 0.000000e+00
133.180882194 0.000000e+00
133.722770131 0.000000e+00
134.264658069 0.000000e+00
134.806546006 0.000000e+00
135.348433944 0.000000e+00
135.890321881 0.000000e+00
136.432209819 0.000000e+00
136.974097757 0.000000e+00
137.515985694 0.000000e+00
138.057873632 0.000000e+00
138.599761569 0.000000e+00
139.141649507 0.000000e+00
139.683537444 0.000000e+00
140.225425382 0.000000e+00
140.76731332 0.000000e+00
141.309201257 0.000000e+00
141.851089195 0.000000e+00
142.392977132 0.000000e+00
142.93486507 0.000000e+00
143.476753007 0.000000e+00
144.018640945 0.000000e+00
144.560528883 0.000000e+00
145.10241682 0.000000e+00
145.644304758 0.000000e+00
146.186192695 0.000000e+00
146.728080633 0.000000e+00
147.26996857 0.000000e+00
147.811856508 0.000000e+00
148.353744446 0.000000e+00
148.895632383 0.000000e+00
149.437520321 0.000000e+00
149.979408258 0.000000e+00
150.521296196 0.000000e+00
151.063184134 0.000000e+00
151.605072071 0.000000e+00
152.146960009 0.000000e+00
152.688847946 0.000000e+00
153.230735884 0.000000e+00
153.772623821 0.000000e+00
154.314511759 0.000000e+00
154.856399697 0.000000e+00
155.398287634 0.000000e+00
155.940175572 0.000000e+00
156.482063509 0.000000e+00
157.023951447 0.000000e+00
157.565839384 0.000000e+00
158.107727322 0.000000e+00
158.64961526 0.000000e+00
159.191503197 0.000000e+00
159.733391135 0.000000e+00
160.275279072 0.000000e+00
160.81716701 0.000000e+00
161.359054947 0.000000e+00
161.900942885 0.000000e+00
162.442830823 0.000000e+00
162.98471876 0.000000e+00
163.526606698 0.000000e+00
164.068494635 0.000000e+00
164.610382573 0.000000e+00
165.15227051 0.000000e+00
165.694158448 0.000000e+00
166.236046386 0.000000e+00
166.777934323 0.000000e+00
167.319822261 0.000000e+00
167.861710198 0.000000e+00
168.403598136 0.000000e+00
168.945486073 0.000000e+00
169.487374011 0.000000e+00
170.029261949 0.000000e+00
170.571149886 0.000000e+00
171.113037824 0.000000e+00
171.654925761 0.000000e+00
172.196813699 0.000000e+00
172.738701637 0.000000e+00
173.280589574 0.000000e+00
173.822477512 0.000000e+00
174.364365449 0.000000e+00
174.906253387 0.000000e+00
175.448141324 0.000000e+00
175.990029262 0.000000e+00
176.5319172 0.000000e+00
177.073805137 0.000000e+00
177.615693075 0.000000e+00
178.157581012 0.000000e+00
178.69946895 0.000000e+00
179.241356887 0.000000e+00
179.783244825 0.000000e+00
180.325132763 0.000000e+00
180.8670207 0.000000e+00
181.408908638 0.000000e+00
181.950796575 0.000000e+00
182.492684513 0.000000e+00
183.03457245 0.000000e+00
183.576460388 0.000000e+00
184.118348326 0.000000e+00
184.660236263 0.000000e+00
185.202124201 0.000000e+00
185.744012138 0.000000e+00
186.285900076 0.000000e+00
186.827788013 0.000000e+00
187.369675951 0.000000e+00
187.911563889 0.000000e+00
188.453451826 0.000000e+00
188.995339764 0.000000e+00
189.537227701 0.000000e+00
190.079115639 0.000000e+00
190.621003576 0.000000e+00
191.162891514 0.000000e+00
191.704779452 0.000000e+00
192.246667389 0.000000e+00
192.788555327 0.000000e+00
193.330443264 0.000000e+00
193.872331202 0.000000e+00
194.414219139 0.000000e+00
194.956107077 0.000000e+00
195.497995015 0.000000e+00
196.039882952 0.000000e+00
196.58177089 0.000000e+00
197.123658827 0.000000e+00
197.665546765 0.000000e+00
198.207434703 0.000000e+00
198.74932264 0.000000e+00
199.291210578 0.000000e+00
199.833098515 0.000000e+00
200.374986453 0.000000e+00
200.91687439 0.000000e+00
201.458762328 0.000000e+00
202.000650266 0.000000e+00
202.542538203 0.000000e+00
203.084426141 0.000000e+00
203.626314078 0.000000e+00
204.168202016 0.000000e+00
204.710089953 0.000000e+00
205.251977891 0.000000e+00
205.793865829 0.000000e+00
206.335753766 0.000000e+00
206.877641704 0.000000e+00
207.419529641 0.000000e+00
207.961417579 0.000000e+00
208.503305516 0.000000e+00
209.045193454 0.000000e+00
209.587081392 0.000000e+00
210.128969329 0.000000e+00
210.670857267 0.000000e+00
211.212745204 0.000000e+00
211.754633142 0.000000e+00
212.296521079 0.000000e+00
212.838409017 0.000000e+00
213.380296955 0.000000e+00
213.922184892 0.000000e+00
214.46407283 0.000000e+00
215.005960767 0.000000e+00
215.547848705 0.000000e+00
216.089736642 0.000000e+00
216.63162458 0.000000e+00
217.173512518 0.000000e+00
217.715400455 0.000000e+00
218.257288393 0.000000e+00
218.79917633 0.000000e+00
219.341064268 0.000000e+00
219.882952205 0.000000e+00
220.424840143 0.000000e+00
220.966728081 0.000000e+00
221.508616018 0.000000e+00
222.050503956 0.000000e+00
222.592391893 0.000000e+00
223.134279831 0.000000e+00
223.676167769 0.000000e+00
224.218055706 0.000000e+00
224.759943644 0.000000e+00
225.301831581 0.000000e+00
225.843719519 0.000000e+00
226.385607456 0.000000e+00
226.927495394 0.000000e+00
227.469383332 0.000000e+00
228.011271269 0.000000e+00
228.553159207 0.000000e+00
229.095047144 0.000000e+00
229.636935082 0.000000e+00
230.178823019 0.000000e+00
230.720710957 0.000000e+00
231.262598895 0.000000e+00
231.804486832 0.000000e+00
232.34637477 0.000000e+00
232.888262707 0.000000e+00
233.430150645 0.000000e+00
233.972038582 0.000000e+00
234.51392652 0.000000e+00
235.055814458 0.000000e+00
235.597702395 0.000000e+00
236.139590333 0.000000e+00
236.68147827 0.000000e+00
237.223366208 0.000000e+00
237.765254145 0.000000e+00
238.307142083 0.000000e+00
238.849030021 0.000000e+00
239.390917958 0.000000e+00
239.932805896 0.000000e+00
240.474693833 0.000000e+00
241.016581771 0.000000e+00
241.558469708 0.000000e+00
242.100357646 0.000000e+00
242.642245584 0.000000e+00
243.184133521 0.000000e+00
243.726021459 0.000000e+00
244.267909396 0.000000e+00
244.809797334 0.000000e+00
245.351685271 0.000000e+00
245.893573209 0.000000e+00
246.435461147 0.000000e+00
246.977349084 0.000000e+00
247.519237022 0.000000e+00
248.061124959 0.000000e+00
248.603012897 0.000000e+00
249.144900835 0.000000e+00
249.686788772 0.000000e+00
250.22867671 0.000000e+00
250.770564647 0.000000e+00
251.312452585 0.000000e+00
251.854340522 0.000000e+00
252.39622846 0.000000e+00
252.938116398 0.000000e+00
253.480004335 0.000000e+00
254.021892273 0.000000e+00
254.56378021 0.000000e+00
255.105668148 0.000000e+00
255.647556085 0.000000e+00
256.189444023 0.000000e+00
256.731331961 0.000000e+00
257.273219898 0.000000e+00
257.815107836 0.000000e+00
258.356995773 0.000000e+00
258.898883711 0.000000e+00
259.440771648 0.000000e+00
259.982659586 0.000000e+00
260.524547524 0.000000e+00
261.066435461 0.000000e+00
261.608323399 0.000000e+00
262.150211336 0.000000e+00
262.692099274 0.000000e+00
263.233987211 0.000000e+00
263.775875149 0.000000e+00
264.317763087 0.000000e+00
264.859651024 0.000000e+00
265.401538962 0.000000e+00
265.943426899 0.000000e+00
266.485314837 0.000000e+00
267.027202774 0.000000e+00
267.569090712 0.000000e+00
268.11097865 0.000000e+00
268.652866587 0.000000e+00
269.194754525 0.000000e+00
269.736642462 0.000000e+00
270.2785304 0.000000e+00
270.820418337 0.000000e+00
271.362306275 0.000000e+00
271.904194213 0.000000e+00
272.44608215 0.000000e+00
272.987970088 0.000000e+00
273.529858025 0.000000e+00
274.071745963 0.000000e+00
274.613633901 0.000000e+00
275.155521838 0.000000e+00
275.697409776 0.000000e+00
276.239297713 0.000000e+00
276.781185651 0.000000e+00
277.323073588 0.000000e+00
277.864961526 0.000000e+00
278.406849464 0.000000e+00
278.948737401 0.000000e+00
279.490625339 0.000000e+00
280.032513276 0.000000e+00
280.574401214 0.000000e+00
281.116289151 0.000000e+00
281.658177089 0.000000e+00
282.200065027 0.000000e+00
282.741952964 0.000000e+00
283.283840902 0.000000e+00
283.825728839 0.000000e+00
284.367616777 0.000000e+00
284.909504714 0.000000e+00
285.451392652 0.000000e+00
285.99328059 0.000000e+00
286.535168527 0.000000e+00
287.077056465 0.000000e+00
287.618944402 0.000000e+00
288.16083234 0.000000e+00
288.702720277 0.000000e+00
289.244608215 0.000000e+00
289.786496153 0.000000e+00
290.32838409 0.000000e+00
290.870272028 0.000000e+00
291.412159965 0.000000e+00
291.954047903 0.000000e+00
292.49593584 0.000000e+00
293.037823778 0.000000e+00
293.579711716 0.000000e+00
294.121599653 0.000000e+00
294.663487591 0.000000e+00
295.205375528 0.000000e+00
295.747263466 0.000000e+00
296.289151403 0.000000e+00
296.831039341 0.000000e+00
297.372927279 0.000000e+00
297.914815216 0.000000e+00
298.456703154 0.000000e+00
298.998591091 0.000000e+00
299.540479029 0.000000e+00
300.082366967 0.000000e+00
300.624254904 0.000000e+00
301.166142842 0.000000e+00
301.708030779 0.000000e+00
302.249918717 0.000000e+00
302.791806654 0.000000e+00
303.333694592 0.000000e+00
303.87558253 0.000000e+00
304.417470467 0.000000e+00
304.959358405 0.000000e+00
305.501246342 0.000000e+00
306.04313428 0.000000e+00
306.585022217 0.000000e+00
307.126910155 0.000000e+00
307.668798093 0.000000e+00
308.21068603 0.000000e+00
308.752573968 0.000000e+00
309.294461905 0.000000e+00
309.836349843 0.000000e+00
310.37823778 0.000000e+00
310.920125718 0.000000e+00
311.462013656 0.000000e+00
312.003901593 0.000000e+00
312.545789531 0.000000e+00
313.087677468 0.000000e+00
313.629565406 0.000000e+00
314.171453343 0.000000e+00
314.713341281 0.000000e+00
315.255229219 0.000000e+00
315.797117156 0.000000e+00
316.339005094 0.000000e+00
316.880893031 0.000000e+00
317.422780969 0.000000e+00
317.964668906 0.000000e+00
318.506556844 0.000000e+00
319.048444782 0.000000e+00
319.590332719 0.000000e+00
320.132220657 0.000000e+00
320.674108594 0.000000e+00
321.215996532 0.000000e+00
321.757884469 0.000000e+00
322.299772407 0.000000e+00
322.841660345 0.000000e+00
323.383548282 0.000000e+00
323.92543622 0.000000e+00
324.467324157 0.000000e+00
325.009212095 0.000000e+00
325.551100033 0.000000e+00
326.09298797 0.000000e+00
326.634875908 0.000000e+00
327.176763845 0.000000e+00
327.718651783 0.000000e+00
328.26053972 0.000000e+00
328.802427658 0.000000e+00
329.344315596 0.000000e+00
329.886203533 0.000000e+00
330.428091471 0.000000e+00
330.969979408 0.000000e+00
331.511867346 0.000000e+00
332.053755283 0.000000e+00
332.595643221 0.000000e+00
333.137531159 0.000000e+00
333.679419096 0.000000e+00
334.221307034 0.000000e+00
334.763194971 0.000000e+00
335.305082909 0.000000e+00
335.846970846 0.000000e+00
336.388858784 0.000000e+00
336.930746722 0.000000e+00
337.472634659 0.000000e+00
338.014522597 0.000000e+00
338.556410534 0.000000e+00
339.098298472 0.000000e+00
339.640186409 0.000000e+00
340.182074347 0.000000e+00
340.723962285 0.000000e+00
341.265850222 0.000000e+00
341.80773816 0.000000e+00
342.349626097 0.000000e+00
342.891514035 0.000000e+00
343.433401972 0.000000e+00
343.97528991 0.000000e+00
344.517177848 0.000000e+00
345.059065785 0.000000e+00
345.600953723 0.000000e+00
346.14284166 0.000000e+00
346.684729598 0.000000e+00
347.226617535 0.000000e+00
347.768505473 0.000000e+00
348.310393411 0.000000e+00
348.852281348 0.000000e+00
349.394169286 0.000000e+00
349.936057223 0.000000e+00
350.477945161 0.000000e+00
351.019833099 0.000000e+00
351.561721036 0.000000e+00
352.103608974 0.000000e+00
352.645496911 0.000000e+00
353.187384849 0.000000e+00
353.729272786 0.000000e+00
354.271160724 0.000000e+00
354.813048662 0.000000e+00
355.354936599 0.000000e+00
355.896824537 0.000000e+00
356.438712474 0.000000e+00
356.980600412 0.000000e+00
357.522488349 0.000000e+00
358.064376287 0.000000e+00
358.606264225 0.000000e+00
359.148152162 0.000000e+00
359.6900401 0.000000e+00
360.231928037 0.000000e+00
360.773815975 0.000000e+00
361.315703912 0.000000e+00
361.85759185 0.000000e+00
362.399479788 0.000000e+00
362.941367725 0.000000e+00
363.483255663 0.000000e+00
364.0251436 0.000000e+00
364.567031538 0.000000e+00
365.108919475 0.000000e+00
365.650807413 0.000000e+00
366.192695351 0.000000e+00
366.734583288 0.000000e+00
367.276471226 0.000000e+00
367.818359163 0.000000e+00
368.360247101 0.000000e+00
368.902135038 0.000000e+00
369.444022976 0.000000e+00
369.985910914 0.000000e+00
370.527798851 0.000000e+00
371.069686789 0.000000e+00
371.611574726 0.000000e+00
372.153462664 0.000000e+00
372.695350601 0.000000e+00
373.237238539 0.000000e+00
373.779126477 0.000000e+00
374.321014414 0.000000e+00
374.862902352 0.000000e+00
375.404790289 0.000000e+00
375.946678227 0.000000e+00
376.488566165 0.000000e+00
377.030454102 0.000000e+00
377.57234204 0.000000e+00
378.114229977 0.000000e+00
378.656117915 0.000000e+00
379.198005852 0.000000e+00
379.73989379 0.000000e+00
380.281781728 0.000000e+00
380.823669665 0.000000e+00
381.365557603 0.000000e+00
381.90744554 0.000000e+00
382.449333478 0.000000e+00
382.991221415 0.000000e+00
383.533109353 0.000000e+00
384.074997291 0.000000e+00
384.616885228 0.000000e+00
385.158773166 0.000000e+00
385.700661103 0.000000e+00
386.242549041 0.000000e+00
386.784436978 0.000000e+00
387.326324916 0.000000e+00
387.868212854 0.000000e+00
388.410100791 0.000000e+00
388.951988729 0.000000e+00
389.493876666 0.000000e+00
390.035764604 0.000000e+00
390.577652541 0.000000e+00
391.119540479 0.000000e+00
391.661428417 0.000000e+00
392.203316354 0.000000e+00
392.745204292 0.000000e+00
393.287092229 0.000000e+00
393.828980167 0.000000e+00
394.370868104 0.000000e+00
394.912756042 0.000000e+00
395.45464398 0.000000e+00
395.996531917 0.000000e+00
396.538419855 0.000000e+00
397.080307792 0.000000e+00
397.62219573 0.000000e+00
398.164083667 0.000000e+00
398.705971605 0.000000e+00
399.247859543 0.000000e+00
399.78974748 0.000000e+00
400.331635418 0.000000e+00
400.873523355 0.000000e+00
401.415411293 0.000000e+00
401.957299231 0.000000e+00
402.499187168 0.000000e+00
403.041075106 0.000000e+00
403.582963043 0.000000e+00
404.124850981 0.000000e+00
404.666738918 0.000000e+00
405.208626856 0.000000e+00
405.750514794 0.000000e+00
406.292402731 0.000000e+00
406.834290669 0.000000e+00
407.376178606 0.000000e+00
407.918066544 0.000000e+00
408.459954481 0.000000e+00
409.001842419 0.000000e+00
409.543730357 0.000000e+00
410.085618294 0.000000e+00
410.627506232 0.000000e+00
411.169394169 0.000000e+00
411.711282107 0.000000e+00
412.253170044 0.000000e+00
412.795057982 0.000000e+00
413.33694592 0.000000e+00
413.878833857 0.000000e+00
414.420721795 0.000000e+00
414.962609732 0.000000e+00
415.50449767 0.000000e+00
416.046385607 0.000000e+00
416.588273545 0.000000e+00
417.130161483 0.000000e+00
417.67204942 0.000000e+00
418.213937358 0.000000e+00
418.755825295 0.000000e+00
419.297713233 0.000000e+00
419.83960117 0.000000e+00
420.381489108 0.000000e+00
420.923377046 0.000000e+00
421.465264983 0.000000e+00
422.007152921 0.000000e+00
422.549040858 0.000000e+00
423.090928796 0.000000e+00
423.632816733 0.000000e+00
424.174704671 0.000000e+00
424.716592609 0.000000e+00
425.258480546 0.000000e+00
425.800368484 0.000000e+00
426.342256421 0.000000e+00
426.884144359 0.000000e+00
427.426032297 0.000000e+00
427.967920234 0.000000e+00
428.509808172 0.000000e+00
429.051696109 0.000000e+00
429.593584047 0.000000e+00
430.135471984 0.000000e+00
430.677359922 0.000000e+00
431.21924786 0.000000e+00
431.761135797 0.000000e+00
432.303023735 0.000000e+00
432.844911672 0.000000e+00
433.38679961 0.000000e+00
433.928687547 0.000000e+00
434.470575485 0.000000e+00
435.012463423 0.000000e+00
435.55435136 0.000000e+00
436.096239298 0.000000e+00
436.638127235 0.000000e+00
437.180015173 0.000000e+00
437.72190311 0.000000e+00
438.263791048 0.000000e+00
438.805678986 0.000000e+00
439.347566923 0.000000e+00
439.889454861 0.000000e+00
440.431342798 0.000000e+00
440.973230736 0.000000e+00
441.515118673 0.000000e+00
442.057006611 0.000000e+00
442.598894549 0.000000e+00
443.140782486 0.000000e+00
443.682670424 0.000000e+00
444.224558361 0.000000e+00
444.766446299 0.000000e+00
445.308334236 0.000000e+00
445.850222174 0.000000e+00
446.392110112 0.000000e+00
446.933998049 0.000000e+00
447.475885987 0.000000e+00
448.017773924 0.000000e+00
448.559661862 0.000000e+00
449.1015498 0.000000e+00
449.643437737 0.000000e+00
450.185325675 0.000000e+00
450.727213612 0.000000e+00
451.26910155 0.000000e+00
451.810989487 0.000000e+00
452.352877425 0.000000e+00
452.894765363 0.000000e+00
453.4366533 0.000000e+00
453.978541238 0.000000e+00
454.520429175 0.000000e+00
455.062317113 0.000000e+00
455.60420505 0.000000e+00
456.146092988 0.000000e+00
456.687980926 0.000000e+00
457.229868863 0.000000e+00
457.771756801 0.000000e+00
458.313644738 0.000000e+00
458.855532676 0.000000e+00
459.397420613 0.000000e+00
459.939308551 0.000000e+00
460.481196489 0.000000e+00
461.023084426 0.000000e+00
461.564972364 0.000000e+00
462.106860301 0.000000e+00
462.648748239 0.000000e+00
463.190636176 0.000000e+00
463.732524114 0.000000e+00
464.274412052 0.000000e+00
464.816299989 0.000000e+00
465.358187927 0.000000e+00
465.900075864 0.000000e+00
466.441963802 0.000000e+00
466.983851739 0.000000e+00
467.525739677 0.000000e+00
468.067627615 0.000000e+00
468.609515552 0.000000e+00
469.15140349 0.000000e+00
469.693291427 0.000000e+00
470.235179365 0.000000e+00
470.777067302 0.000000e+00
471.31895524 0.000000e+00
471.860843178 0.000000e+00
472.402731115 0.000000e+00
472.944619053 0.000000e+00
473.48650699 0.000000e+00
474.028394928 0.000000e+00
474.570282866 0.000000e+00
475.112170803 0.000000e+00
475.654058741 0.000000e+00
476.195946678 0.000000e+00
476.737834616 0.000000e+00
477.279722553 0.000000e+00
477.821610491 0.000000e+00
478.363498429 0.000000e+00
478.905386366 0.000000e+00
479.447274304 0.000000e+00
479.989162241 0.000000e+00
480.531050179 0.000000e+00
481.072938116 0.000000e+00
481.614826054 0.000000e+00
482.156713992 0.000000e+00
482.698601929 0.000000e+00
483.240489867 0.000000e+00
483.782377804 0.000000e+00
484.324265742 0.000000e+00
484.866153679 0.000000e+00
485.408041617 0.000000e+00
485.949929555 0.000000e+00
486.491817492 0.000000e+00
487.03370543 0.000000e+00
487.575593367 0.000000e+00
488.117481305 0.000000e+00
488.659369242 0.000000e+00
489.20125718 0.000000e+00
489.743145118 0.000000e+00
490.285033055 0.000000e+00
490.826920993 0.000000e+00
491.36880893 0.000000e+00
491.910696868 0.000000e+00
492.452584805 0.000000e+00
492.994472743 0.000000e+00
493.536360681 0.000000e+00
494.078248618 0.000000e+00
494.620136556 0.000000e+00
495.162024493 0.000000e+00
495.703912431 0.000000e+00
496.245800368 0.000000e+00
496.787688306 0.000000e+00
497.329576244 0.000000e+00
497.871464181 0.000000e+00
498.413352119 0.000000e+00
498.955240056 0.000000e+00
499.497127994 0.000000e+00
500.039015932 0.000000e+00
500.580903869 0.000000e+00
501.122791807 0.000000e+00
501.664679744 0.000000e+00
502.206567682 0.000000e+00
502.748455619 0.000000e+00
503.290343557 0.000000e+00
503.832231495 0.000000e+00
504.374119432 0.000000e+00
504.91600737 0.000000e+00
505.457895307 0.000000e+00
505.999783245 0.000000e+00
506.541671182 0.000000e+00
507.08355912 0.000000e+00
507.625447058 0.000000e+00
508.167334995 0.000000e+00
508.709222933 0.000000e+00
509.25111087 0.000000e+00
509.792998808 0.000000e+00
510.334886745 0.000000e+00
510.876774683 0.000000e+00
511.418662621 0.000000e+00
511.960550558 0.000000e+00
512.502438496 0.000000e+00
513.044326433 0.000000e+00
513.586214371 0.000000e+00
514.128102308 0.000000e+00
514.669990246 0.000000e+00
515.211878184 0.000000e+00
515.753766121 0.000000e+00
516.295654059 0.000000e+00
516.837541996 0.000000e+00
517.379429934 0.000000e+00
517.921317871 0.000000e+00
518.463205809 0.000000e+00
519.005093747 0.000000e+00
519.546981684 0.000000e+00
520.088869622 0.000000e+00
520.630757559 0.000000e+00
521.172645497 0.000000e+00
522.172645497 0.0
523.172645497 0.0
524.172645497 0.0
525.172645497 0.0
526.172645497 0.0
527.172645497 0.0
528.172645497 0.0
529.172645497 0.0
530.172645497 0.0
531.172645497 0.0
532.172645497 0.0
533.172645497 0.0
534.172645497 0.0
535.172645497 0.0
536.172645497 0.0
537.172645497 0.0
538.172645497 0.0
539.172645497 0.0
540.172645497 0.0
541.172645497 0.0
542.172645497 0.0
543.172645497 0.0
544.172645497 0.0
545.172645497 0.0
546.172645497 0.0
547.172645497 0.0
548.172645497 0.0
549.172645497 0.0
550.172645497 0.0
551.172645497 0.0
552.172645497 0.0
553.172645497 0.0
554.172645497 0.0
555.172645497 0.0
556.172645497 0.0
557.172645497 0.0
558.172645497 0.0
559.172645497 0.0
560.172645497 0.0
561.172645497 0.0
562.172645497 0.0
563.172645497 0.0
564.172645497 0.0
565.172645497 0.0
566.172645497 0.0
567.172645497 0.0
568.172645497 0.0
569.172645497 0.0
570.172645497 0.0
571.172645497 0.0
572.172645497 0.0
573.172645497 0.0
574.172645497 0.0
575.172645497 0.0
576.172645497 0.0
577.172645497 0.0
578.172645497 0.0
579.172645497 0.0
580.172645497 0.0
581.172645497 0.0
582.172645497 0.0
583.172645497 0.0
584.172645497 0.0
585.172645497 0.0
586.172645497 0.0
587.172645497 0.0
588.172645497 0.0
589.172645497 0.0
590.172645497 0.0
591.172645497 0.0
592.172645497 0.0
593.172645497 0.0
594.172645497 0.0
595.172645497 0.0
596.172645497 0.0
597.172645497 0.0
598.172645497 0.0
599.172645497 0.0
600.172645497 0.0
601.172645497 0.0
602.172645497 0.0
603.172645497 0.0
604.172645497 0.0
605.172645497 0.0
606.172645497 0.0
607.172645497 0.0
608.172645497 0.0
609.172645497 0.0
610.172645497 0.0
611.172645497 0.0
612.172645497 0.0
613.172645497 0.0
614.172645497 0.0
615.172645497 0.0
616.172645497 0.0
617.172645497 0.0
618.172645497 0.0
619.172645497 0.0
620.172645497 0.0
621.172645497 0.0
622.172645497 0.0
623.172645497 0.0
624.172645497 0.0
625.172645497 0.0
626.172645497 0.0
627.172645497 0.0
628.172645497 0.0
629.172645497 0.0
630.172645497 0.0
631.172645497 0.0
632.172645497 0.0
633.172645497 0.0
634.172645497 0.0
635.172645497 0.0
636.172645497 0.0
637.172645497 0.0
638.172645497 0.0
639.172645497 0.0
640.172645497 0.0
641.172645497 0.0
642.172645497 0.0
643.172645497 0.0
644.172645497 0.0
645.172645497 0.0
646.172645497 0.0
647.172645497 0.0
648.172645497 0.0
649.172645497 0.0
650.172645497 0.0
651.172645497 0.0
652.172645497 0.0
653.172645497 0.0
654.172645497 0.0
655.172645497 0.0
656.172645497 0.0
657.172645497 0.0
658.172645497 0.0
659.172645497 0.0
660.172645497 0.0
661.172645497 0.0
662.172645497 0.0
663.172645497 0.0
664.172645497 0.0
665.172645497 0.0
666.172645497 0.0
667.172645497 0.0
668.172645497 0.0
669.172645497 0.0
670.172645497 0.0
671.172645497 0.0
672.172645497 0.0
673.172645497 0.0
674.172645497 0.0
675.172645497 0.0
676.172645497 0.0
677.172645497 0.0
678.172645497 0.0
679.172645497 0.0
680.172645497 0.0
681.172645497 0.0
682.172645497 0.0
683.172645497 0.0
684.172645497 0.0
685.172645497 0.0
686.172645497 0.0
687.172645497 0.0
688.172645497 0.0
689.172645497 0.0
690.172645497 0.0
691.172645497 0.0
692.172645497 0.0
693.172645497 0.0
694.172645497 0.0
695.172645497 0.0
696.172645497 0.0
697.172645497 0.0
698.172645497 0.0
699.172645497 0.0
700.172645497 0.0
701.172645497 0.0
702.172645497 0.0
703.172645497 0.0
704.172645497 0.0
705.172645497 0.0
706.172645497 0.0
707.172645497 0.0
708.172645497 0.0
709.172645497 0.0
710.172645497 0.0
711.172645497 0.0
712.172645497 0.0
713.172645497 0.0
714.172645497 0.0
715.172645497 0.0
716.172645497 0.0
717.172645497 0.0
718.172645497 0.0
719.172645497 0.0
720.172645497 0.0
721.172645497 0.0
722.172645497 0.0
723.172645497 0.0
724.172645497 0.0
725.172645497 0.0
726.172645497 0.0
727.172645497 0.0
728.172645497 0.0
729.172645497 0.0
730.172645497 0.0
731.172645497 0.0
732.172645497 0.0
733.172645497 0.0
734.172645497 0.0
735.172645497 0.0
736.172645497 0.0
737.172645497 0.0
738.172645497 0.0
739.172645497 0.0
740.172645497 0.0
741.172645497 0.0
742.172645497 0.0
743.172645497 0.0
744.172645497 0.0
745.172645497 0.0
746.172645497 0.0
747.172645497 0.0
748.172645497 0.0
749.172645497 0.0
750.172645497 0.0
751.172645497 0.0
752.172645497 0.0
753.172645497 0.0
754.172645497 0.0
755.172645497 0.0
756.172645497 0.0
757.172645497 0.0
758.172645497 0.0
759.172645497 0.0
760.172645497 0.0
761.172645497 0.0
762.172645497 0.0
763.172645497 0.0
764.172645497 0.0
765.172645497 0.0
766.172645497 0.0
767.172645497 0.0
768.172645497 0.0
769.172645497 0.0
770.172645497 0.0
771.172645497 0.0
772.172645497 0.0
773.172645497 0.0
774.172645497 0.0
775.172645497 0.0
776.172645497 0.0
777.172645497 0.0
778.172645497 0.0
779.172645497 0.0
780.172645497 0.0
781.172645497 0.0
782.172645497 0.0
783.172645497 0.0
784.172645497 0.0
785.172645497 0.0
786.172645497 0.0
787.172645497 0.0
788.172645497 0.0
789.172645497 0.0
790.172645497 0.0
791.172645497 0.0
792.172645497 0.0
793.172645497 0.0
794.172645497 0.0
795.172645497 0.0
796.172645497 0.0
797.172645497 0.0
798.172645497 0.0
799.172645497 0.0
800.172645497 0.0
801.172645497 0.0
802.172645497 0.0
803.172645497 0.0
804.172645497 0.0
805.172645497 0.0
806.172645497 0.0
807.172645497 0.0
808.172645497 0.0
809.172645497 0.0
810.172645497 0.0
811.172645497 0.0
812.172645497 0.0
813.172645497 0.0
814.172645497 0.0
815.172645497 0.0
816.172645497 0.0
817.172645497 0.0
818.172645497 0.0
819.172645497 0.0
820.172645497 0.0
821.172645497 0.0
822.172645497 0.0
823.172645497 0.0
824.172645497 0.0
825.172645497 0.0
826.172645497 0.0
827.172645497 0.0
828.172645497 0.0
829.172645497 0.0
830.172645497 0.0
831.172645497 0.0
832.172645497 0.0
833.172645497 0.0
834.172645497 0.0
835.172645497 0.0
836.172645497 0.0
837.172645497 0.0
838.172645497 0.0
839.172645497 0.0
840.172645497 0.0
841.172645497 0.0
842.172645497 0.0
843.172645497 0.0
844.172645497 0.0
845.172645497 0.0
846.172645497 0.0
847.172645497 0.0
848.172645497 0.0
849.172645497 0.0
850.172645497 0.0
851.172645497 0.0
852.172645497 0.0
853.172645497 0.0
854.172645497 0.0
855.172645497 0.0
856.172645497 0.0
857.172645497 0.0
858.172645497 0.0
859.172645497 0.0
860.172645497 0.0
861.172645497 0.0
862.172645497 0.0
863.172645497 0.0
864.172645497 0.0
865.172645497 0.0
866.172645497 0.0
867.172645497 0.0
868.172645497 0.0
869.172645497 0.0
870.172645497 0.0
871.172645497 0.0
872.172645497 0.0
873.172645497 0.0
874.172645497 0.0
875.172645497 0.0
876.172645497 0.0
877.172645497 0.0
878.172645497 0.0
879.172645497 0.0
880.172645497 0.0
881.172645497 0.0
882.172645497 0.0
883.172645497 0.0
884.172645497 0.0
885.172645497 0.0
886.172645497 0.0
887.172645497 0.0
888.172645497 0.0
889.172645497 0.0
890.172645497 0.0
891.172645497 0.0
892.172645497 0.0
893.172645497 0.0
894.172645497 0.0
895.172645497 0.0
896.172645497 0.0
897.172645497 0.0
898.172645497 0.0
899.172645497 0.0
900.172645497 0.0
901.172645497 0.0
902.172645497 0.0
903.172645497 0.0
904.172645497 0.0
905.172645497 0.0
906.172645497 0.0
907.172645497 0.0
908.172645497 0.0
909.172645497 0.0
910.172645497 0.0
911.172645497 0.0
912.172645497 0.0
913.172645497 0.0
914.172645497 0.0
915.172645497 0.0
916.172645497 0.0
917.172645497 0.0
918.172645497 0.0
919.172645497 0.0
920.172645497 0.0
921.172645497 0.0
922.172645497 0.0
923.172645497 0.0
924.172645497 0.0
925.172645497 0.0
926.172645497 0.0
927.172645497 0.0
928.172645497 0.0
929.172645497 0.0
930.172645497 0.0
931.172645497 0.0
932.172645497 0.0
933.172645497 0.0
934.172645497 0.0
935.172645497 0.0
936.172645497 0.0
937.172645497 0.0
938.172645497 0.0
939.172645497 0.0
940.172645497 0.0
941.172645497 0.0
942.172645497 0.0
943.172645497 0.0
944.172645497 0.0
945.172645497 0.0
946.172645497 0.0
947.172645497 0.0
948.172645497 0.0
949.172645497 0.0
950.172645497 0.0
951.172645497 0.0
952.172645497 0.0
953.172645497 0.0
954.172645497 0.0
955.172645497 0.0
956.172645497 0.0
957.172645497 0.0
958.172645497 0.0
959.172645497 0.0
960.172645497 0.0
961.172645497 0.0
962.172645497 0.0
963.172645497 0.0
964.172645497 0.0
965.172645497 0.0
966.172645497 0.0
967.172645497 0.0
968.172645497 0.0
969.172645497 0.0
970.172645497 0.0
971.172645497 0.0
972.172645497 0.0
973.172645497 0.0
974.172645497 0.0
975.172645497 0.0
976.172645497 0.0
977.172645497 0.0
978.172645497 0.0
979.172645497 0.0
980.172645497 0.0
981.172645497 0.0
982.172645497 0.0
983.172645497 0.0
984.172645497 0.0
985.172645497 0.0
986.172645497 0.0
987.172645497 0.0
988.172645497 0.0
989.172645497 0.0
990.172645497 0.0
991.172645497 0.0
992.172645497 0.0
993.172645497 0.0
994.172645497 0.0
995.172645497 0.0
996.172645497 0.0
997.172645497 0.0
998.172645497 0.0
999.172645497 0.0
1000.1726455 0.0
1001.1726455 0.0
1002.1726455 0.0
1003.1726455 0.0
1004.1726455 0.0
1005.1726455 0.0
1006.1726455 0.0
1007.1726455 0.0
1008.1726455 0.0
1009.1726455 0.0
1010.1726455 0.0
1011.1726455 0.0
1012.1726455 0.0
1013.1726455 0.0
1014.1726455 0.0
1015.1726455 0.0
1016.1726455 0.0
1017.1726455 0.0
1018.1726455 0.0
1019.1726455 0.0
1020.1726455 0.0
1021.1726455 0.0
