-595.53070841 0.0
-594.53070841 0.0
-593.53070841 0.0
-592.53070841 0.0
-591.53070841 0.0
-590.53070841 0.0
-589.53070841 0.0
-588.53070841 0.0
-587.53070841 0.0
-586.53070841 0.0
-585.53070841 0.0
-584.53070841 0.0
-583.53070841 0.0
-582.53070841 0.0
-581.53070841 0.0
-580.53070841 0.0
-579.53070841 0.0
-578.53070841 0.0
-577.53070841 0.0
-576.53070841 0.0
-575.53070841 0.0
-574.53070841 0.0
-573.53070841 0.0
-572.53070841 0.0
-571.53070841 0.0
-570.53070841 0.0
-569.53070841 0.0
-568.53070841 0.0
-567.53070841 0.0
-566.53070841 0.0
-565.53070841 0.0
-564.53070841 0.0
-563.53070841 0.0
-562.53070841 0.0
-561.53070841 0.0
-560.53070841 0.0
-559.53070841 0.0
-558.53070841 0.0
-557.53070841 0.0
-556.53070841 0.0
-555.53070841 0.0
-554.53070841 0.0
-553.53070841 0.0
-552.53070841 0.0
-551.53070841 0.0
-550.53070841 0.0
-549.53070841 0.0
-548.53070841 0.0
-547.53070841 0.0
-546.53070841 0.0
-545.53070841 0.0
-544.53070841 0.0
-543.53070841 0.0
-542.53070841 0.0
-541.53070841 0.0
-540.53070841 0.0
-539.53070841 0.0
-538.53070841 0.0
-537.53070841 0.0
-536.53070841 0.0
-535.53070841 0.0
-534.53070841 0.0
-533.53070841 0.0
-532.53070841 0.0
-531.53070841 0.0
-530.53070841 0.0
-529.53070841 0.0
-528.53070841 0.0
-527.53070841 0.0
-526.53070841 0.0
-525.53070841 0.0
-524.53070841 0.0
-523.53070841 0.0
-522.53070841 0.0
-521.53070841 0.0
-520.53070841 0.0
-519.53070841 0.0
-518.53070841 0.0
-517.53070841 0.0
-516.53070841 0.0
-515.53070841 0.0
-514.53070841 0.0
-513.53070841 0.0
-512.53070841 0.0
-511.53070841 0.0
-510.53070841 0.0
-509.53070841 0.0
-508.53070841 0.0
-507.53070841 0.0
-506.53070841 0.0
-505.53070841 0.0
-504.53070841 0.0
-503.53070841 0.0
-502.53070841 0.0
-501.53070841 0.0
-500.53070841 0.0
-499.53070841 0.0
-498.53070841 0.0
-497.53070841 0.0
-496.53070841 0.0
-495.53070841 0.0
-494.53070841 0.0
-493.53070841 0.0
-492.53070841 0.0
-491.53070841 0.0
-490.53070841 0.0
-489.53070841 0.0
-488.53070841 0.0
-487.53070841 0.0
-486.53070841 0.0
-485.53070841 0.0
-484.53070841 0.0
-483.53070841 0.0
-482.53070841 0.0
-481.53070841 0.0
-480.53070841 0.0
-479.53070841 0.0
-478.53070841 0.0
-477.53070841 0.0
-476.53070841 0.0
-475.53070841 0.0
-474.53070841 0.0
-473.53070841 0.0
-472.53070841 0.0
-471.53070841 0.0
-470.53070841 0.0
-469.53070841 0.0
-468.53070841 0.0
-467.53070841 0.0
-466.53070841 0.0
-465.53070841 0.0
-464.53070841 0.0
-463.53070841 0.0
-462.53070841 0.0
-461.53070841 0.0
-460.53070841 0.0
-459.53070841 0.0
-458.53070841 0.0
-457.53070841 0.0
-456.53070841 0.0
-455.53070841 0.0
-454.53070841 0.0
-453.53070841 0.0
-452.53070841 0.0
-451.53070841 0.0
-450.53070841 0.0
-449.53070841 0.0
-448.53070841 0.0
-447.53070841 0.0
-446.53070841 0.0
-445.53070841 0.0
-444.53070841 0.0
-443.53070841 0.0
-442.53070841 0.0
-441.53070841 0.0
-440.53070841 0.0
-439.53070841 0.0
-438.53070841 0.0
-437.53070841 0.0
-436.53070841 0.0
-435.53070841 0.0
-434.53070841 0.0
-433.53070841 0.0
-432.53070841 0.0
-431.53070841 0.0
-430.53070841 0.0
-429.53070841 0.0
-428.53070841 0.0
-427.53070841 0.0
-426.53070841 0.0
-425.53070841 0.0
-424.53070841 0.0
-423.53070841 0.0
-422.53070841 0.0
-421.53070841 0.0
-420.53070841 0.0
-419.53070841 0.0
-418.53070841 0.0
-417.53070841 0.0
-416.53070841 0.0
-415.53070841 0.0
-414.53070841 0.0
-413.53070841 0.0
-412.53070841 0.0
-411.53070841 0.0
-410.53070841 0.0
-409.53070841 0.0
-408.53070841 0.0
-407.53070841 0.0
-406.53070841 0.0
-405.53070841 0.0
-404.53070841 0.0
-403.53070841 0.0
-402.53070841 0.0
-401.53070841 0.0
-400.53070841 0.0
-399.53070841 0.0
-398.53070841 0.0
-397.53070841 0.0
-396.53070841 0.0
-395.53070841 0.0
-394.53070841 0.0
-393.53070841 0.0
-392.53070841 0.0
-391.53070841 0.0
-390.53070841 0.0
-389.53070841 0.0
-388.53070841 0.0
-387.53070841 0.0
-386.53070841 0.0
-385.53070841 0.0
-384.53070841 0.0
-383.53070841 0.0
-382.53070841 0.0
-381.53070841 0.0
-380.53070841 0.0
-379.53070841 0.0
-378.53070841 0.0
-377.53070841 0.0
-376.53070841 0.0
-375.53070841 0.0
-374.53070841 0.0
-373.53070841 0.0
-372.53070841 0.0
-371.53070841 0.0
-370.53070841 0.0
-369.53070841 0.0
-368.53070841 0.0
-367.53070841 0.0
-366.53070841 0.0
-365.53070841 0.0
-364.53070841 0.0
-363.53070841 0.0
-362.53070841 0.0
-361.53070841 0.0
-360.53070841 0.0
-359.53070841 0.0
-358.53070841 0.0
-357.53070841 0.0
-356.53070841 0.0
-355.53070841 0.0
-354.53070841 0.0
-353.53070841 0.0
-352.53070841 0.0
-351.53070841 0.0
-350.53070841 0.0
-349.53070841 0.0
-348.53070841 0.0
-347.53070841 0.0
-346.53070841 0.0
-345.53070841 0.0
-344.53070841 0.0
-343.53070841 0.0
-342.53070841 0.0
-341.53070841 0.0
-340.53070841 0.0
-339.53070841 0.0
-338.53070841 0.0
-337.53070841 0.0
-336.53070841 0.0
-335.53070841 0.0
-334.53070841 0.0
-333.53070841 0.0
-332.53070841 0.0
-331.53070841 0.0
-330.53070841 0.0
-329.53070841 0.0
-328.53070841 0.0
-327.53070841 0.0
-326.53070841 0.0
-325.53070841 0.0
-324.53070841 0.0
-323.53070841 0.0
-322.53070841 0.0
-321.53070841 0.0
-320.53070841 0.0
-319.53070841 0.0
-318.53070841 0.0
-317.53070841 0.0
-316.53070841 0.0
-315.53070841 0.0
-314.53070841 0.0
-313.53070841 0.0
-312.53070841 0.0
-311.53070841 0.0
-310.53070841 0.0
-309.53070841 0.0
-308.53070841 0.0
-307.53070841 0.0
-306.53070841 0.0
-305.53070841 0.0
-304.53070841 0.0
-303.53070841 0.0
-302.53070841 0.0
-301.53070841 0.0
-300.53070841 0.0
-299.53070841 0.0
-298.53070841 0.0
-297.53070841 0.0
-296.53070841 0.0
-295.53070841 0.0
-294.53070841 0.0
-293.53070841 0.0
-292.53070841 0.0
-291.53070841 0.0
-290.53070841 0.0
-289.53070841 0.0
-288.53070841 0.0
-287.53070841 0.0
-286.53070841 0.0
-285.53070841 0.0
-284.53070841 0.0
-283.53070841 0.0
-282.53070841 0.0
-281.53070841 0.0
-280.53070841 0.0
-279.53070841 0.0
-278.53070841 0.0
-277.53070841 0.0
-276.53070841 0.0
-275.53070841 0.0
-274.53070841 0.0
-273.53070841 0.0
-272.53070841 0.0
-271.53070841 0.0
-270.53070841 0.0
-269.53070841 0.0
-268.53070841 0.0
-267.53070841 0.0
-266.53070841 0.0
-265.53070841 0.0
-264.53070841 0.0
-263.53070841 0.0
-262.53070841 0.0
-261.53070841 0.0
-260.53070841 0.0
-259.53070841 0.0
-258.53070841 0.0
-257.53070841 0.0
-256.53070841 0.0
-255.53070841 0.0
-254.53070841 0.0
-253.53070841 0.0
-252.53070841 0.0
-251.53070841 0.0
-250.53070841 0.0
-249.53070841 0.0
-248.53070841 0.0
-247.53070841 0.0
-246.53070841 0.0
-245.53070841 0.0
-244.53070841 0.0
-243.53070841 0.0
-242.53070841 0.0
-241.53070841 0.0
-240.53070841 0.0
-239.53070841 0.0
-238.53070841 0.0
-237.53070841 0.0
-236.53070841 0.0
-235.53070841 0.0
-234.53070841 0.0
-233.53070841 0.0
-232.53070841 0.0
-231.53070841 0.0
-230.53070841 0.0
-229.53070841 0.0
-228.53070841 0.0
-227.53070841 0.0
-226.53070841 0.0
-225.53070841 0.0
-224.53070841 0.0
-223.53070841 0.0
-222.53070841 0.0
-221.53070841 0.0
-220.53070841 0.0
-219.53070841 0.0
-218.53070841 0.0
-217.53070841 0.0
-216.53070841 0.0
-215.53070841 0.0
-214.53070841 0.0
-213.53070841 0.0
-212.53070841 0.0
-211.53070841 0.0
-210.53070841 0.0
-209.53070841 0.0
-208.53070841 0.0
-207.53070841 0.0
-206.53070841 0.0
-205.53070841 0.0
-204.53070841 0.0
-203.53070841 0.0
-202.53070841 0.0
-201.53070841 0.0
-200.53070841 0.0
-199.53070841 0.0
-198.53070841 0.0
-197.53070841 0.0
-196.53070841 0.0
-195.53070841 0.0
-194.53070841 0.0
-193.53070841 0.0
-192.53070841 0.0
-191.53070841 0.0
-190.53070841 0.0
-189.53070841 0.0
-188.53070841 0.0
-187.53070841 0.0
-186.53070841 0.0
-185.53070841 0.0
-184.53070841 0.0
-183.53070841 0.0
-182.53070841 0.0
-181.53070841 0.0
-180.53070841 0.0
-179.53070841 0.0
-178.53070841 0.0
-177.53070841 0.0
-176.53070841 0.0
-175.53070841 0.0
-174.53070841 0.0
-173.53070841 0.0
-172.53070841 0.0
-171.53070841 0.0
-170.53070841 0.0
-169.53070841 0.0
-168.53070841 0.0
-167.53070841 0.0
-166.53070841 0.0
-165.53070841 0.0
-164.53070841 0.0
-163.53070841 0.0
-162.53070841 0.0
-161.53070841 0.0
-160.53070841 0.0
-159.53070841 0.0
-158.53070841 0.0
-157.53070841 0.0
-156.53070841 0.0
-155.53070841 0.0
-154.53070841 0.0
-153.53070841 0.0
-152.53070841 0.0
-151.53070841 0.0
-150.53070841 0.0
-149.53070841 0.0
-148.53070841 0.0
-147.53070841 0.0
-146.53070841 0.0
-145.53070841 0.0
-144.53070841 0.0
-143.53070841 0.0
-142.53070841 0.0
-141.53070841 0.0
-140.53070841 0.0
-139.53070841 0.0
-138.53070841 0.0
-137.53070841 0.0
-136.53070841 0.0
-135.53070841 0.0
-134.53070841 0.0
-133.53070841 0.0
-132.53070841 0.0
-131.53070841 0.0
-130.53070841 0.0
-129.53070841 0.0
-128.53070841 0.0
-127.53070841 0.0
-126.53070841 0.0
-125.53070841 0.0
-124.53070841 0.0
-123.53070841 0.0
-122.53070841 0.0
-121.53070841 0.0
-120.53070841 0.0
-119.53070841 0.0
-118.53070841 0.0
-117.53070841 0.0
-116.53070841 0.0
-115.53070841 0.0
-114.53070841 0.0
-113.53070841 0.0
-112.53070841 0.0
-111.53070841 0.0
-110.53070841 0.0
-109.53070841 0.0
-108.53070841 0.0
-107.53070841 0.0
-106.53070841 0.0
-105.53070841 0.0
-104.53070841 0.0
-103.53070841 0.0
-102.53070841 0.0
-101.53070841 0.0
-100.53070841 0.0
-99.5307084099 0.0
-98.5307084099 0.0
-97.5307084099 0.0
-96.5307084099 0.0
-95.5307084099 0.000000e+00
-95.1313792828 0.000000e+00
-94.7320501557 0.000000e+00
-94.3327210287 0.000000e+00
-93.9333919016 0.000000e+00
-93.5340627745 0.000000e+00
-93.1347336475 0.000000e+00
-92.7354045204 0.000000e+00
-92.3360753933 0.000000e+00
-91.9367462663 0.000000e+00
-91.5374171392 0.000000e+00
-91.1380880121 0.000000e+00
-90.7387588851 0.000000e+00
-90.339429758 0.000000e+00
-89.9401006309 0.000000e+00
-89.5407715039 0.000000e+00
-89.1414423768 0.000000e+00
-88.7421132497 0.000000e+00
-88.3427841227 0.000000e+00
-87.9434549956 0.000000e+00
-87.5441258685 0.000000e+00
-87.1447967415 0.000000e+00
-86.7454676144 0.000000e+00
-86.3461384873 0.000000e+00
-85.9468093603 0.000000e+00
-85.5474802332 0.000000e+00
-85.1481511061 0.000000e+00
-84.7488219791 0.000000e+00
-84.349492852 0.000000e+00
-83.9501637249 0.000000e+00
-83.5508345979 0.000000e+00
-83.1515054708 0.000000e+00
-82.7521763437 0.000000e+00
-82.3528472167 0.000000e+00
-81.9535180896 0.000000e+00
-81.5541889625 0.000000e+00
-81.1548598355 0.000000e+00
-80.7555307084 0.000000e+00
-80.3562015813 0.000000e+00
-79.9568724543 0.000000e+00
-79.5575433272 0.000000e+00
-79.1582142001 0.000000e+00
-78.7588850731 0.000000e+00
-78.359555946 0.000000e+00
-77.9602268189 0.000000e+00
-77.5608976919 0.000000e+00
-77.1615685648 0.000000e+00
-76.7622394377 0.000000e+00
-76.3629103107 0.000000e+00
-75.9635811836 0.000000e+00
-75.5642520565 0.000000e+00
-75.1649229295 0.000000e+00
-74.7655938024 0.000000e+00
-74.3662646753 0.000000e+00
-73.9669355483 0.000000e+00
-73.5676064212 0.000000e+00
-73.1682772941 0.000000e+00
-72.7689481671 0.000000e+00
-72.36961904 0.000000e+00
-71.9702899129 0.000000e+00
-71.5709607859 0.000000e+00
-71.1716316588 0.000000e+00
-70.7723025317 0.000000e+00
-70.3729734047 0.000000e+00
-69.9736442776 0.000000e+00
-69.5743151505 0.000000e+00
-69.1749860235 0.000000e+00
-68.7756568964 0.000000e+00
-68.3763277693 0.000000e+00
-67.9769986423 0.000000e+00
-67.5776695152 0.000000e+00
-67.1783403881 0.000000e+00
-66.7790112611 0.000000e+00
-66.379682134 0.000000e+00
-65.9803530069 0.000000e+00
-65.5810238799 0.000000e+00
-65.1816947528 0.000000e+00
-64.7823656257 0.000000e+00
-64.3830364987 0.000000e+00
-63.9837073716 0.000000e+00
-63.5843782445 0.000000e+00
-63.1850491175 0.000000e+00
-62.7857199904 0.000000e+00
-62.3863908633 0.000000e+00
-61.9870617363 0.000000e+00
-61.5877326092 0.000000e+00
-61.1884034821 0.000000e+00
-60.7890743551 0.000000e+00
-60.389745228 0.000000e+00
-59.990416101 0.000000e+00
-59.5910869739 0.000000e+00
-59.1917578468 0.000000e+00
-58.7924287198 0.000000e+00
-58.3930995927 0.000000e+00
-57.9937704656 0.000000e+00
-57.5944413386 0.000000e+00
-57.1951122115 0.000000e+00
-56.7957830844 0.000000e+00
-56.3964539574 0.000000e+00
-55.9971248303 0.000000e+00
-55.5977957032 0.000000e+00
-55.1984665762 0.000000e+00
-54.7991374491 0.000000e+00
-54.399808322 0.000000e+00
-54.000479195 0.000000e+00
-53.6011500679 0.000000e+00
-53.2018209408 0.000000e+00
-52.8024918138 0.000000e+00
-52.4031626867 0.000000e+00
-52.0038335596 0.000000e+00
-51.6045044326 0.000000e+00
-51.2051753055 0.000000e+00
-50.8058461784 0.000000e+00
-50.4065170514 0.000000e+00
-50.0071879243 0.000000e+00
-49.6078587972 0.000000e+00
-49.2085296702 0.000000e+00
-48.8092005431 0.000000e+00
-48.409871416 0.000000e+00
-48.010542289 0.000000e+00
-47.6112131619 0.000000e+00
-47.2118840348 0.000000e+00
-46.8125549078 0.000000e+00
-46.4132257807 0.000000e+00
-46.0138966536 0.000000e+00
-45.6145675266 0.000000e+00
-45.2152383995 0.000000e+00
-44.8159092724 0.000000e+00
-44.4165801454 0.000000e+00
-44.0172510183 0.000000e+00
-43.6179218912 0.000000e+00
-43.2185927642 0.000000e+00
-42.8192636371 0.000000e+00
-42.41993451 0.000000e+00
-42.020605383 0.000000e+00
-41.6212762559 0.000000e+00
-41.2219471288 0.000000e+00
-40.8226180018 0.000000e+00
-40.4232888747 0.000000e+00
-40.0239597476 0.000000e+00
-39.6246306206 0.000000e+00
-39.2253014935 0.000000e+00
-38.8259723664 0.000000e+00
-38.4266432394 0.000000e+00
-38.0273141123 0.000000e+00
-37.6279849852 0.000000e+00
-37.2286558582 0.000000e+00
-36.8293267311 0.000000e+00
-36.429997604 0.000000e+00
-36.030668477 0.000000e+00
-35.6313393499 0.000000e+00
-35.2320102228 0.000000e+00
-34.8326810958 0.000000e+00
-34.4333519687 0.000000e+00
-34.0340228416 0.000000e+00
-33.6346937146 0.000000e+00
-33.2353645875 0.000000e+00
-32.8360354604 0.000000e+00
-32.4367063334 0.000000e+00
-32.0373772063 0.000000e+00
-31.6380480792 0.000000e+00
-31.2387189522 0.000000e+00
-30.8393898251 0.000000e+00
-30.440060698 0.000000e+00
-30.040731571 0.000000e+00
-29.6414024439 0.000000e+00
-29.2420733168 0.000000e+00
-28.8427441898 0.000000e+00
-28.4434150627 0.000000e+00
-28.0440859356 0.000000e+00
-27.6447568086 0.000000e+00
-27.2454276815 0.000000e+00
-26.8460985544 0.000000e+00
-26.4467694274 0.000000e+00
-26.0474403003 0.000000e+00
-25.6481111732 0.000000e+00
-25.2487820462 0.000000e+00
-24.8494529191 0.000000e+00
-24.450123792 0.000000e+00
-24.050794665 0.000000e+00
-23.6514655379 0.000000e+00
-23.2521364108 0.000000e+00
-22.8528072838 0.000000e+00
-22.4534781567 0.000000e+00
-22.0541490296 0.000000e+00
-21.6548199026 0.000000e+00
-21.2554907755 0.000000e+00
-20.8561616484 0.000000e+00
-20.4568325214 0.000000e+00
-20.0575033943 0.000000e+00
-19.6581742672 0.000000e+00
-19.2588451402 0.000000e+00
-18.8595160131 0.000000e+00
-18.460186886 0.000000e+00
-18.060857759 0.000000e+00
-17.6615286319 0.000000e+00
-17.2621995048 0.000000e+00
-16.8628703778 0.000000e+00
-16.4635412507 0.000000e+00
-16.0642121236 0.000000e+00
-15.6648829966 0.000000e+00
-15.2655538695 0.000000e+00
-14.8662247424 0.000000e+00
-14.4668956154 0.000000e+00
-14.0675664883 0.000000e+00
-13.6682373612 0.000000e+00
-13.2689082342 0.000000e+00
-12.8695791071 0.000000e+00
-12.47024998 0.000000e+00
-12.070920853 0.000000e+00
-11.6715917259 0.000000e+00
-11.2722625988 0.000000e+00
-10.8729334718 0.000000e+00
-10.4736043447 0.000000e+00
-10.0742752176 0.000000e+00
-9.67494609057 0.000000e+00
-9.2756169635 0.000000e+00
-8.87628783643 0.000000e+00
-8.47695870937 0.000000e+00
-8.0776295823 0.000000e+00
-7.67830045524 0.000000e+00
-7.27897132817 0.000000e+00
-6.8796422011 0.000000e+00
-6.48031307404 0.000000e+00
-6.08098394697 0.000000e+00
-5.6816548199 0.000000e+00
-5.28232569284 0.000000e+00
-4.88299656577 0.000000e+00
-4.4836674387 0.000000e+00
-4.08433831164 0.000000e+00
-3.68500918457 0.000000e+00
-3.2856800575 0.000000e+00
-2.88635093044 0.000000e+00
-2.48702180337 0.000000e+00
-2.0876926763 0.000000e+00
-1.68836354924 2.139053e-01
-1.28903442217 3.319207e-01
-0.889705295104 3.960059e-01
-0.490376168038 6.717592e-01
-0.0910470409712 5.814359e-01
0.308282086095 8.260562e-01
0.707611213162 8.076946e-01
1.10694034023 1.000000e+00
1.50626946729 8.064746e-01
1.90559859436 7.054992e-01
2.30492772143 7.985260e-01
2.70425684849 6.850830e-01
3.10358597556 7.378790e-01
3.50291510263 8.095738e-01
3.90224422969 7.790826e-01
4.30157335676 7.731155e-01
4.70090248383 7.542341e-01
5.10023161089 5.315229e-01
5.49956073796 4.471812e-01
5.89888986503 4.835448e-01
6.29821899209 5.923941e-01
6.69754811916 6.335669e-01
7.09687724623 5.072937e-01
7.49620637329 6.068560e-01
7.89553550036 5.597139e-01
8.29486462743 5.970499e-01
8.69419375449 3.949097e-01
9.09352288156 3.639918e-01
9.49285200863 3.531469e-01
9.89218113569 3.986011e-01
10.2915102628 3.341335e-01
10.6908393898 2.176141e-01
11.0901685169 3.468027e-01
11.489497644 0.000000e+00
11.888826771 3.142810e-01
12.2881558981 2.756660e-01
12.6874850252 2.452329e-01
13.0868141522 2.981326e-01
13.4861432793 2.641985e-01
13.8854724064 2.473459e-01
14.2848015334 2.405273e-01
14.6841306605 2.614127e-01
15.0834597876 3.339157e-01
15.4827889146 2.895322e-01
15.8821180417 2.368734e-01
16.2814471688 2.416997e-01
16.6807762958 2.229562e-01
17.0801054229 3.404727e-01
17.47943455 2.187576e-01
17.878763677 2.024688e-01
18.2780928041 2.122523e-01
18.6774219312 0.000000e+00
19.0767510582 0.000000e+00
19.4760801853 0.000000e+00
19.8754093124 0.000000e+00
20.2747384394 0.000000e+00
20.6740675665 0.000000e+00
21.0733966936 2.491421e-01
21.4727258206 0.000000e+00
21.8720549477 0.000000e+00
22.2713840748 0.000000e+00
22.6707132018 0.000000e+00
23.0700423289 0.000000e+00
23.469371456 0.000000e+00
23.868700583 0.000000e+00
24.2680297101 0.000000e+00
24.6673588372 0.000000e+00
25.0666879642 2.949893e-01
25.4660170913 0.000000e+00
25.8653462184 1.876402e-01
26.2646753454 1.946889e-01
26.6640044725 0.000000e+00
27.0633335996 0.000000e+00
27.4626627266 2.617806e-01
27.8619918537 0.000000e+00
28.2613209808 2.139961e-01
28.6606501078 0.000000e+00
29.0599792349 0.000000e+00
29.459308362 0.000000e+00
29.858637489 0.000000e+00
30.2579666161 0.000000e+00
30.6572957432 2.179866e-01
31.0566248702 0.000000e+00
31.4559539973 0.000000e+00
31.8552831244 0.000000e+00
32.2546122514 0.000000e+00
32.6539413785 0.000000e+00
33.0532705056 0.000000e+00
33.4525996326 0.000000e+00
33.8519287597 0.000000e+00
34.2512578868 0.000000e+00
34.6505870138 1.941484e-01
35.0499161409 0.000000e+00
35.4492452679 0.000000e+00
35.848574395 0.000000e+00
36.2479035221 0.000000e+00
36.6472326491 0.000000e+00
37.0465617762 0.000000e+00
37.4458909033 0.000000e+00
37.8452200303 0.000000e+00
38.2445491574 0.000000e+00
38.6438782845 0.000000e+00
39.0432074115 0.000000e+00
39.4425365386 0.000000e+00
39.8418656657 0.000000e+00
40.2411947927 0.000000e+00
40.6405239198 0.000000e+00
41.0398530469 0.000000e+00
41.4391821739 0.000000e+00
41.838511301 0.000000e+00
42.2378404281 0.000000e+00
42.6371695551 0.000000e+00
43.0364986822 0.000000e+00
43.4358278093 0.000000e+00
43.8351569363 0.000000e+00
44.2344860634 0.000000e+00
44.6338151905 0.000000e+00
45.0331443175 0.000000e+00
45.4324734446 0.000000e+00
45.8318025717 0.000000e+00
46.2311316987 0.000000e+00
46.6304608258 0.000000e+00
47.0297899529 0.000000e+00
47.4291190799 0.000000e+00
47.828448207 0.000000e+00
48.2277773341 0.000000e+00
48.6271064611 0.000000e+00
49.0264355882 0.000000e+00
49.4257647153 0.000000e+00
49.8250938423 0.000000e+00
50.2244229694 0.000000e+00
50.6237520965 0.000000e+00
51.0230812235 0.000000e+00
51.4224103506 0.000000e+00
51.8217394777 0.000000e+00
52.2210686047 2.279897e-01
52.6203977318 0.000000e+00
53.0197268589 0.000000e+00
53.4190559859 0.000000e+00
53.818385113 0.000000e+00
54.2177142401 0.000000e+00
54.6170433671 0.000000e+00
55.0163724942 0.000000e+00
55.4157016213 0.000000e+00
55.8150307483 0.000000e+00
56.2143598754 0.000000e+00
56.6136890025 0.000000e+00
57.0130181295 0.000000e+00
57.4123472566 0.000000e+00
57.8116763837 0.000000e+00
58.2110055107 0.000000e+00
58.6103346378 0.000000e+00
59.0096637649 0.000000e+00
59.4089928919 0.000000e+00
59.808322019 0.000000e+00
60.2076511461 0.000000e+00
60.6069802731 0.000000e+00
61.0063094002 0.000000e+00
61.4056385273 0.000000e+00
61.8049676543 0.000000e+00
62.2042967814 0.000000e+00
62.6036259085 0.000000e+00
63.0029550355 0.000000e+00
63.4022841626 0.000000e+00
63.8016132897 0.000000e+00
64.2009424167 0.000000e+00
64.6002715438 0.000000e+00
64.9996006709 0.000000e+00
65.3989297979 0.000000e+00
65.798258925 0.000000e+00
66.1975880521 0.000000e+00
66.5969171791 0.000000e+00
66.9962463062 0.000000e+00
67.3955754333 0.000000e+00
67.7949045603 0.000000e+00
68.1942336874 0.000000e+00
68.5935628145 0.000000e+00
68.9928919415 0.000000e+00
69.3922210686 0.000000e+00
69.7915501957 0.000000e+00
70.1908793227 0.000000e+00
70.5902084498 0.000000e+00
70.9895375769 0.000000e+00
71.3888667039 0.000000e+00
71.788195831 0.000000e+00
72.1875249581 0.000000e+00
72.5868540851 0.000000e+00
72.9861832122 0.000000e+00
73.3855123393 0.000000e+00
73.7848414663 0.000000e+00
74.1841705934 0.000000e+00
74.5834997205 0.000000e+00
74.9828288475 0.000000e+00
75.3821579746 0.000000e+00
75.7814871017 0.000000e+00
76.1808162287 0.000000e+00
76.5801453558 0.000000e+00
76.9794744829 0.000000e+00
77.3788036099 0.000000e+00
77.778132737 0.000000e+00
78.1774618641 0.000000e+00
78.5767909911 0.000000e+00
78.9761201182 0.000000e+00
79.3754492453 0.000000e+00
79.7747783723 0.000000e+00
80.1741074994 0.000000e+00
80.5734366265 0.000000e+00
80.9727657535 0.000000e+00
81.3720948806 0.000000e+00
81.7714240077 0.000000e+00
82.1707531347 0.000000e+00
82.5700822618 0.000000e+00
82.9694113889 0.000000e+00
83.3687405159 0.000000e+00
83.768069643 0.000000e+00
84.1673987701 0.000000e+00
84.5667278971 0.000000e+00
84.9660570242 0.000000e+00
85.3653861513 0.000000e+00
85.7647152783 0.000000e+00
86.1640444054 0.000000e+00
86.5633735325 0.000000e+00
86.9627026595 0.000000e+00
87.3620317866 0.000000e+00
87.7613609137 0.000000e+00
88.1606900407 0.000000e+00
88.5600191678 0.000000e+00
88.9593482949 0.000000e+00
89.3586774219 0.000000e+00
89.758006549 0.000000e+00
90.1573356761 0.000000e+00
90.5566648031 0.000000e+00
90.9559939302 0.000000e+00
91.3553230573 0.000000e+00
91.7546521843 0.000000e+00
92.1539813114 0.000000e+00
92.5533104385 0.000000e+00
92.9526395655 0.000000e+00
93.3519686926 0.000000e+00
93.7512978197 0.000000e+00
94.1506269467 0.000000e+00
94.5499560738 0.000000e+00
94.9492852009 0.000000e+00
95.3486143279 0.000000e+00
95.747943455 0.000000e+00
96.1472725821 0.000000e+00
96.5466017091 0.000000e+00
96.9459308362 0.000000e+00
97.3452599633 0.000000e+00
97.7445890903 0.000000e+00
98.1439182174 0.000000e+00
98.5432473445 0.000000e+00
98.9425764715 0.000000e+00
99.3419055986 0.000000e+00
99.7412347257 0.000000e+00
100.140563853 0.000000e+00
100.53989298 0.000000e+00
100.939222107 0.000000e+00
101.338551234 0.000000e+00
101.737880361 0.000000e+00
102.137209488 0.000000e+00
102.536538615 0.000000e+00
102.935867742 0.000000e+00
103.335196869 0.000000e+00
103.734525996 0.000000e+00
104.133855123 0.000000e+00
104.53318425 0.000000e+00
104.932513378 0.000000e+00
105.331842505 0.000000e+00
105.731171632 0.000000e+00
106.130500759 0.000000e+00
106.529829886 0.000000e+00
106.929159013 0.000000e+00
107.32848814 0.000000e+00
107.727817267 0.000000e+00
108.127146394 0.000000e+00
108.526475521 0.000000e+00
108.925804648 0.000000e+00
109.325133775 0.000000e+00
109.724462902 0.000000e+00
110.123792029 0.000000e+00
110.523121156 0.000000e+00
110.922450284 0.000000e+00
111.321779411 0.000000e+00
111.721108538 0.000000e+00
112.120437665 0.000000e+00
112.519766792 0.000000e+00
112.919095919 0.000000e+00
113.318425046 0.000000e+00
113.717754173 0.000000e+00
114.1170833 0.000000e+00
114.516412427 0.000000e+00
114.915741554 0.000000e+00
115.315070681 0.000000e+00
115.714399808 0.000000e+00
116.113728935 0.000000e+00
116.513058062 0.000000e+00
116.91238719 0.000000e+00
117.311716317 0.000000e+00
117.711045444 0.000000e+00
118.110374571 0.000000e+00
118.509703698 0.000000e+00
118.909032825 0.000000e+00
119.308361952 0.000000e+00
119.707691079 0.000000e+00
120.107020206 0.000000e+00
120.506349333 0.000000e+00
120.90567846 0.000000e+00
121.305007587 0.000000e+00
121.704336714 0.000000e+00
122.103665841 0.000000e+00
122.502994968 0.000000e+00
122.902324096 0.000000e+00
123.301653223 0.000000e+00
123.70098235 0.000000e+00
124.100311477 0.000000e+00
124.499640604 0.000000e+00
124.898969731 0.000000e+00
125.298298858 0.000000e+00
125.697627985 0.000000e+00
126.096957112 0.000000e+00
126.496286239 0.000000e+00
126.895615366 0.000000e+00
127.294944493 0.000000e+00
127.69427362 0.000000e+00
128.093602747 0.000000e+00
128.492931874 0.000000e+00
128.892261002 0.000000e+00
129.291590129 0.000000e+00
129.690919256 0.000000e+00
130.090248383 0.000000e+00
130.48957751 0.000000e+00
130.888906637 0.000000e+00
131.288235764 0.000000e+00
131.687564891 0.000000e+00
132.086894018 0.000000e+00
132.486223145 0.000000e+00
132.885552272 0.000000e+00
133.284881399 0.000000e+00
133.684210526 0.000000e+00
134.083539653 0.000000e+00
134.48286878 0.000000e+00
134.882197908 0.000000e+00
135.281527035 0.000000e+00
135.680856162 0.000000e+00
136.080185289 0.000000e+00
136.479514416 0.000000e+00
136.878843543 0.000000e+00
137.27817267 0.000000e+00
137.677501797 0.000000e+00
138.076830924 0.000000e+00
138.476160051 0.000000e+00
138.875489178 0.000000e+00
139.274818305 0.000000e+00
139.674147432 0.000000e+00
140.073476559 0.000000e+00
140.472805686 0.000000e+00
140.872134814 0.000000e+00
141.271463941 0.000000e+00
141.670793068 0.000000e+00
142.070122195 0.000000e+00
142.469451322 0.000000e+00
142.868780449 0.000000e+00
143.268109576 0.000000e+00
143.667438703 0.000000e+00
144.06676783 0.000000e+00
144.466096957 0.000000e+00
144.865426084 0.000000e+00
145.264755211 0.000000e+00
145.664084338 0.000000e+00
146.063413465 0.000000e+00
146.462742592 0.000000e+00
146.86207172 0.000000e+00
147.261400847 0.000000e+00
147.660729974 0.000000e+00
148.060059101 0.000000e+00
148.459388228 0.000000e+00
148.858717355 0.000000e+00
149.258046482 0.000000e+00
149.657375609 0.000000e+00
150.056704736 0.000000e+00
150.456033863 0.000000e+00
150.85536299 0.000000e+00
151.254692117 0.000000e+00
151.654021244 0.000000e+00
152.053350371 0.000000e+00
152.452679498 0.000000e+00
152.852008626 0.000000e+00
153.251337753 0.000000e+00
153.65066688 0.000000e+00
154.049996007 0.000000e+00
154.449325134 0.000000e+00
154.848654261 0.000000e+00
155.247983388 0.000000e+00
155.647312515 0.000000e+00
156.046641642 0.000000e+00
156.445970769 0.000000e+00
156.845299896 0.000000e+00
157.244629023 0.000000e+00
157.64395815 0.000000e+00
158.043287277 0.000000e+00
158.442616404 0.000000e+00
158.841945532 0.000000e+00
159.241274659 0.000000e+00
159.640603786 0.000000e+00
160.039932913 0.000000e+00
160.43926204 0.000000e+00
160.838591167 0.000000e+00
161.237920294 0.000000e+00
161.637249421 0.000000e+00
162.036578548 0.000000e+00
162.435907675 0.000000e+00
162.835236802 0.000000e+00
163.234565929 0.000000e+00
163.633895056 0.000000e+00
164.033224183 0.000000e+00
164.43255331 0.000000e+00
164.831882438 0.000000e+00
165.231211565 0.000000e+00
165.630540692 0.000000e+00
166.029869819 0.000000e+00
166.429198946 0.000000e+00
166.828528073 0.000000e+00
167.2278572 0.000000e+00
167.627186327 0.000000e+00
168.026515454 0.000000e+00
168.425844581 0.000000e+00
359.704496446 0.000000e+00
360.103825573 0.000000e+00
360.5031547 0.000000e+00
360.902483827 0.000000e+00
361.301812954 0.000000e+00
361.701142081 0.000000e+00
362.100471208 0.000000e+00
362.499800335 0.000000e+00
362.899129463 0.000000e+00
363.29845859 0.000000e+00
363.697787717 0.000000e+00
364.097116844 0.000000e+00
364.496445971 0.000000e+00
364.895775098 0.000000e+00
365.295104225 0.000000e+00
365.694433352 0.000000e+00
366.093762479 0.000000e+00
366.493091606 0.000000e+00
366.892420733 0.000000e+00
367.29174986 0.000000e+00
367.691078987 0.000000e+00
368.090408114 0.000000e+00
368.489737241 0.000000e+00
368.889066369 0.000000e+00
369.288395496 0.000000e+00
369.687724623 0.000000e+00
370.08705375 0.000000e+00
370.486382877 0.000000e+00
370.885712004 0.000000e+00
371.285041131 0.000000e+00
371.684370258 0.000000e+00
372.083699385 0.000000e+00
372.483028512 0.000000e+00
372.882357639 0.000000e+00
373.281686766 0.000000e+00
373.681015893 0.000000e+00
374.08034502 0.000000e+00
374.479674147 0.000000e+00
374.879003274 0.000000e+00
375.278332402 0.000000e+00
375.677661529 0.000000e+00
376.076990656 0.000000e+00
376.476319783 0.000000e+00
376.87564891 0.000000e+00
377.274978037 0.000000e+00
377.674307164 0.000000e+00
378.073636291 0.000000e+00
378.472965418 0.000000e+00
378.872294545 0.000000e+00
379.271623672 0.000000e+00
379.670952799 0.000000e+00
380.070281926 0.000000e+00
380.469611053 0.000000e+00
380.86894018 0.000000e+00
381.268269308 0.000000e+00
381.667598435 0.000000e+00
382.066927562 0.000000e+00
382.466256689 0.000000e+00
382.865585816 0.000000e+00
383.264914943 0.000000e+00
383.66424407 0.000000e+00
384.063573197 0.000000e+00
385.063573197 0.0
386.063573197 0.0
387.063573197 0.0
388.063573197 0.0
389.063573197 0.0
390.063573197 0.0
391.063573197 0.0
392.063573197 0.0
393.063573197 0.0
394.063573197 0.0
395.063573197 0.0
396.063573197 0.0
397.063573197 0.0
398.063573197 0.0
399.063573197 0.0
400.063573197 0.0
401.063573197 0.0
402.063573197 0.0
403.063573197 0.0
404.063573197 0.0
405.063573197 0.0
406.063573197 0.0
407.063573197 0.0
408.063573197 0.0
409.063573197 0.0
410.063573197 0.0
411.063573197 0.0
412.063573197 0.0
413.063573197 0.0
414.063573197 0.0
415.063573197 0.0
416.063573197 0.0
417.063573197 0.0
418.063573197 0.0
419.063573197 0.0
420.063573197 0.0
421.063573197 0.0
422.063573197 0.0
423.063573197 0.0
424.063573197 0.0
425.063573197 0.0
426.063573197 0.0
427.063573197 0.0
428.063573197 0.0
429.063573197 0.0
430.063573197 0.0
431.063573197 0.0
432.063573197 0.0
433.063573197 0.0
434.063573197 0.0
435.063573197 0.0
436.063573197 0.0
437.063573197 0.0
438.063573197 0.0
439.063573197 0.0
440.063573197 0.0
441.063573197 0.0
442.063573197 0.0
443.063573197 0.0
444.063573197 0.0
445.063573197 0.0
446.063573197 0.0
447.063573197 0.0
448.063573197 0.0
449.063573197 0.0
450.063573197 0.0
451.063573197 0.0
452.063573197 0.0
453.063573197 0.0
454.063573197 0.0
455.063573197 0.0
456.063573197 0.0
457.063573197 0.0
458.063573197 0.0
459.063573197 0.0
460.063573197 0.0
461.063573197 0.0
462.063573197 0.0
463.063573197 0.0
464.063573197 0.0
465.063573197 0.0
466.063573197 0.0
467.063573197 0.0
468.063573197 0.0
469.063573197 0.0
470.063573197 0.0
471.063573197 0.0
472.063573197 0.0
473.063573197 0.0
474.063573197 0.0
475.063573197 0.0
476.063573197 0.0
477.063573197 0.0
478.063573197 0.0
479.063573197 0.0
480.063573197 0.0
481.063573197 0.0
482.063573197 0.0
483.063573197 0.0
484.063573197 0.0
485.063573197 0.0
486.063573197 0.0
487.063573197 0.0
488.063573197 0.0
489.063573197 0.0
490.063573197 0.0
491.063573197 0.0
492.063573197 0.0
493.063573197 0.0
494.063573197 0.0
495.063573197 0.0
496.063573197 0.0
497.063573197 0.0
498.063573197 0.0
499.063573197 0.0
500.063573197 0.0
501.063573197 0.0
502.063573197 0.0
503.063573197 0.0
504.063573197 0.0
505.063573197 0.0
506.063573197 0.0
507.063573197 0.0
508.063573197 0.0
509.063573197 0.0
510.063573197 0.0
511.063573197 0.0
512.063573197 0.0
513.063573197 0.0
514.063573197 0.0
515.063573197 0.0
516.063573197 0.0
517.063573197 0.0
518.063573197 0.0
519.063573197 0.0
520.063573197 0.0
521.063573197 0.0
522.063573197 0.0
523.063573197 0.0
524.063573197 0.0
525.063573197 0.0
526.063573197 0.0
527.063573197 0.0
528.063573197 0.0
529.063573197 0.0
530.063573197 0.0
531.063573197 0.0
532.063573197 0.0
533.063573197 0.0
534.063573197 0.0
535.063573197 0.0
536.063573197 0.0
537.063573197 0.0
538.063573197 0.0
539.063573197 0.0
540.063573197 0.0
541.063573197 0.0
542.063573197 0.0
543.063573197 0.0
544.063573197 0.0
545.063573197 0.0
546.063573197 0.0
547.063573197 0.0
548.063573197 0.0
549.063573197 0.0
550.063573197 0.0
551.063573197 0.0
552.063573197 0.0
553.063573197 0.0
554.063573197 0.0
555.063573197 0.0
556.063573197 0.0
557.063573197 0.0
558.063573197 0.0
559.063573197 0.0
560.063573197 0.0
561.063573197 0.0
562.063573197 0.0
563.063573197 0.0
564.063573197 0.0
565.063573197 0.0
566.063573197 0.0
567.063573197 0.0
568.063573197 0.0
569.063573197 0.0
570.063573197 0.0
571.063573197 0.0
572.063573197 0.0
573.063573197 0.0
574.063573197 0.0
575.063573197 0.0
576.063573197 0.0
577.063573197 0.0
578.063573197 0.0
579.063573197 0.0
580.063573197 0.0
581.063573197 0.0
582.063573197 0.0
583.063573197 0.0
584.063573197 0.0
585.063573197 0.0
586.063573197 0.0
587.063573197 0.0
588.063573197 0.0
589.063573197 0.0
590.063573197 0.0
591.063573197 0.0
592.063573197 0.0
593.063573197 0.0
594.063573197 0.0
595.063573197 0.0
596.063573197 0.0
597.063573197 0.0
598.063573197 0.0
599.063573197 0.0
600.063573197 0.0
601.063573197 0.0
602.063573197 0.0
603.063573197 0.0
604.063573197 0.0
605.063573197 0.0
606.063573197 0.0
607.063573197 0.0
608.063573197 0.0
609.063573197 0.0
610.063573197 0.0
611.063573197 0.0
612.063573197 0.0
613.063573197 0.0
614.063573197 0.0
615.063573197 0.0
616.063573197 0.0
617.063573197 0.0
618.063573197 0.0
619.063573197 0.0
620.063573197 0.0
621.063573197 0.0
622.063573197 0.0
623.063573197 0.0
624.063573197 0.0
625.063573197 0.0
626.063573197 0.0
627.063573197 0.0
628.063573197 0.0
629.063573197 0.0
630.063573197 0.0
631.063573197 0.0
632.063573197 0.0
633.063573197 0.0
634.063573197 0.0
635.063573197 0.0
636.063573197 0.0
637.063573197 0.0
638.063573197 0.0
639.063573197 0.0
640.063573197 0.0
641.063573197 0.0
642.063573197 0.0
643.063573197 0.0
644.063573197 0.0
645.063573197 0.0
646.063573197 0.0
647.063573197 0.0
648.063573197 0.0
649.063573197 0.0
650.063573197 0.0
651.063573197 0.0
652.063573197 0.0
653.063573197 0.0
654.063573197 0.0
655.063573197 0.0
656.063573197 0.0
657.063573197 0.0
658.063573197 0.0
659.063573197 0.0
660.063573197 0.0
661.063573197 0.0
662.063573197 0.0
663.063573197 0.0
664.063573197 0.0
665.063573197 0.0
666.063573197 0.0
667.063573197 0.0
668.063573197 0.0
669.063573197 0.0
670.063573197 0.0
671.063573197 0.0
672.063573197 0.0
673.063573197 0.0
674.063573197 0.0
675.063573197 0.0
676.063573197 0.0
677.063573197 0.0
678.063573197 0.0
679.063573197 0.0
680.063573197 0.0
681.063573197 0.0
682.063573197 0.0
683.063573197 0.0
684.063573197 0.0
685.063573197 0.0
686.063573197 0.0
687.063573197 0.0
688.063573197 0.0
689.063573197 0.0
690.063573197 0.0
691.063573197 0.0
692.063573197 0.0
693.063573197 0.0
694.063573197 0.0
695.063573197 0.0
696.063573197 0.0
697.063573197 0.0
698.063573197 0.0
699.063573197 0.0
700.063573197 0.0
701.063573197 0.0
702.063573197 0.0
703.063573197 0.0
704.063573197 0.0
705.063573197 0.0
706.063573197 0.0
707.063573197 0.0
708.063573197 0.0
709.063573197 0.0
710.063573197 0.0
711.063573197 0.0
712.063573197 0.0
713.063573197 0.0
714.063573197 0.0
715.063573197 0.0
716.063573197 0.0
717.063573197 0.0
718.063573197 0.0
719.063573197 0.0
720.063573197 0.0
721.063573197 0.0
722.063573197 0.0
723.063573197 0.0
724.063573197 0.0
725.063573197 0.0
726.063573197 0.0
727.063573197 0.0
728.063573197 0.0
729.063573197 0.0
730.063573197 0.0
731.063573197 0.0
732.063573197 0.0
733.063573197 0.0
734.063573197 0.0
735.063573197 0.0
736.063573197 0.0
737.063573197 0.0
738.063573197 0.0
739.063573197 0.0
740.063573197 0.0
741.063573197 0.0
742.063573197 0.0
743.063573197 0.0
744.063573197 0.0
745.063573197 0.0
746.063573197 0.0
747.063573197 0.0
748.063573197 0.0
749.063573197 0.0
750.063573197 0.0
751.063573197 0.0
752.063573197 0.0
753.063573197 0.0
754.063573197 0.0
755.063573197 0.0
756.063573197 0.0
757.063573197 0.0
758.063573197 0.0
759.063573197 0.0
760.063573197 0.0
761.063573197 0.0
762.063573197 0.0
763.063573197 0.0
764.063573197 0.0
765.063573197 0.0
766.063573197 0.0
767.063573197 0.0
768.063573197 0.0
769.063573197 0.0
770.063573197 0.0
771.063573197 0.0
772.063573197 0.0
773.063573197 0.0
774.063573197 0.0
775.063573197 0.0
776.063573197 0.0
777.063573197 0.0
778.063573197 0.0
779.063573197 0.0
780.063573197 0.0
781.063573197 0.0
782.063573197 0.0
783.063573197 0.0
784.063573197 0.0
785.063573197 0.0
786.063573197 0.0
787.063573197 0.0
788.063573197 0.0
789.063573197 0.0
790.063573197 0.0
791.063573197 0.0
792.063573197 0.0
793.063573197 0.0
794.063573197 0.0
795.063573197 0.0
796.063573197 0.0
797.063573197 0.0
798.063573197 0.0
799.063573197 0.0
800.063573197 0.0
801.063573197 0.0
802.063573197 0.0
803.063573197 0.0
804.063573197 0.0
805.063573197 0.0
806.063573197 0.0
807.063573197 0.0
808.063573197 0.0
809.063573197 0.0
810.063573197 0.0
811.063573197 0.0
812.063573197 0.0
813.063573197 0.0
814.063573197 0.0
815.063573197 0.0
816.063573197 0.0
817.063573197 0.0
818.063573197 0.0
819.063573197 0.0
820.063573197 0.0
821.063573197 0.0
822.063573197 0.0
823.063573197 0.0
824.063573197 0.0
825.063573197 0.0
826.063573197 0.0
827.063573197 0.0
828.063573197 0.0
829.063573197 0.0
830.063573197 0.0
831.063573197 0.0
832.063573197 0.0
833.063573197 0.0
834.063573197 0.0
835.063573197 0.0
836.063573197 0.0
837.063573197 0.0
838.063573197 0.0
839.063573197 0.0
840.063573197 0.0
841.063573197 0.0
842.063573197 0.0
843.063573197 0.0
844.063573197 0.0
845.063573197 0.0
846.063573197 0.0
847.063573197 0.0
848.063573197 0.0
849.063573197 0.0
850.063573197 0.0
851.063573197 0.0
852.063573197 0.0
853.063573197 0.0
854.063573197 0.0
855.063573197 0.0
856.063573197 0.0
857.063573197 0.0
858.063573197 0.0
859.063573197 0.0
860.063573197 0.0
861.063573197 0.0
862.063573197 0.0
863.063573197 0.0
864.063573197 0.0
865.063573197 0.0
866.063573197 0.0
867.063573197 0.0
868.063573197 0.0
869.063573197 0.0
870.063573197 0.0
871.063573197 0.0
872.063573197 0.0
873.063573197 0.0
874.063573197 0.0
875.063573197 0.0
876.063573197 0.0
877.063573197 0.0
878.063573197 0.0
879.063573197 0.0
880.063573197 0.0
881.063573197 0.0
882.063573197 0.0
883.063573197 0.0
884.063573197 0.0
