-641.654527151 0.0
-640.654527151 0.0
-639.654527151 0.0
-638.654527151 0.0
-637.654527151 0.0
-636.654527151 0.0
-635.654527151 0.0
-634.654527151 0.0
-633.654527151 0.0
-632.654527151 0.0
-631.654527151 0.0
-630.654527151 0.0
-629.654527151 0.0
-628.654527151 0.0
-627.654527151 0.0
-626.654527151 0.0
-625.654527151 0.0
-624.654527151 0.0
-623.654527151 0.0
-622.654527151 0.0
-621.654527151 0.0
-620.654527151 0.0
-619.654527151 0.0
-618.654527151 0.0
-617.654527151 0.0
-616.654527151 0.0
-615.654527151 0.0
-614.654527151 0.0
-613.654527151 0.0
-612.654527151 0.0
-611.654527151 0.0
-610.654527151 0.0
-609.654527151 0.0
-608.654527151 0.0
-607.654527151 0.0
-606.654527151 0.0
-605.654527151 0.0
-604.654527151 0.0
-603.654527151 0.0
-602.654527151 0.0
-601.654527151 0.0
-600.654527151 0.0
-599.654527151 0.0
-598.654527151 0.0
-597.654527151 0.0
-596.654527151 0.0
-595.654527151 0.0
-594.654527151 0.0
-593.654527151 0.0
-592.654527151 0.0
-591.654527151 0.0
-590.654527151 0.0
-589.654527151 0.0
-588.654527151 0.0
-587.654527151 0.0
-586.654527151 0.0
-585.654527151 0.0
-584.654527151 0.0
-583.654527151 0.0
-582.654527151 0.0
-581.654527151 0.0
-580.654527151 0.0
-579.654527151 0.0
-578.654527151 0.0
-577.654527151 0.0
-576.654527151 0.0
-575.654527151 0.0
-574.654527151 0.0
-573.654527151 0.0
-572.654527151 0.0
-571.654527151 0.0
-570.654527151 0.0
-569.654527151 0.0
-568.654527151 0.0
-567.654527151 0.0
-566.654527151 0.0
-565.654527151 0.0
-564.654527151 0.0
-563.654527151 0.0
-562.654527151 0.0
-561.654527151 0.0
-560.654527151 0.0
-559.654527151 0.0
-558.654527151 0.0
-557.654527151 0.0
-556.654527151 0.0
-555.654527151 0.0
-554.654527151 0.0
-553.654527151 0.0
-552.654527151 0.0
-551.654527151 0.0
-550.654527151 0.0
-549.654527151 0.0
-548.654527151 0.0
-547.654527151 0.0
-546.654527151 0.0
-545.654527151 0.0
-544.654527151 0.0
-543.654527151 0.0
-542.654527151 0.0
-541.654527151 0.0
-540.654527151 0.0
-539.654527151 0.0
-538.654527151 0.0
-537.654527151 0.0
-536.654527151 0.0
-535.654527151 0.0
-534.654527151 0.0
-533.654527151 0.0
-532.654527151 0.0
-531.654527151 0.0
-530.654527151 0.0
-529.654527151 0.0
-528.654527151 0.0
-527.654527151 0.0
-526.654527151 0.0
-525.654527151 0.0
-524.654527151 0.0
-523.654527151 0.0
-522.654527151 0.0
-521.654527151 0.0
-520.654527151 0.0
-519.654527151 0.0
-518.654527151 0.0
-517.654527151 0.0
-516.654527151 0.0
-515.654527151 0.0
-514.654527151 0.0
-513.654527151 0.0
-512.654527151 0.0
-511.654527151 0.0
-510.654527151 0.0
-509.654527151 0.0
-508.654527151 0.0
-507.654527151 0.0
-506.654527151 0.0
-505.654527151 0.0
-504.654527151 0.0
-503.654527151 0.0
-502.654527151 0.0
-501.654527151 0.0
-500.654527151 0.0
-499.654527151 0.0
-498.654527151 0.0
-497.654527151 0.0
-496.654527151 0.0
-495.654527151 0.0
-494.654527151 0.0
-493.654527151 0.0
-492.654527151 0.0
-491.654527151 0.0
-490.654527151 0.0
-489.654527151 0.0
-488.654527151 0.0
-487.654527151 0.0
-486.654527151 0.0
-485.654527151 0.0
-484.654527151 0.0
-483.654527151 0.0
-482.654527151 0.0
-481.654527151 0.0
-480.654527151 0.0
-479.654527151 0.0
-478.654527151 0.0
-477.654527151 0.0
-476.654527151 0.0
-475.654527151 0.0
-474.654527151 0.0
-473.654527151 0.0
-472.654527151 0.0
-471.654527151 0.0
-470.654527151 0.0
-469.654527151 0.0
-468.654527151 0.0
-467.654527151 0.0
-466.654527151 0.0
-465.654527151 0.0
-464.654527151 0.0
-463.654527151 0.0
-462.654527151 0.0
-461.654527151 0.0
-460.654527151 0.0
-459.654527151 0.0
-458.654527151 0.0
-457.654527151 0.0
-456.654527151 0.0
-455.654527151 0.0
-454.654527151 0.0
-453.654527151 0.0
-452.654527151 0.0
-451.654527151 0.0
-450.654527151 0.0
-449.654527151 0.0
-448.654527151 0.0
-447.654527151 0.0
-446.654527151 0.0
-445.654527151 0.0
-444.654527151 0.0
-443.654527151 0.0
-442.654527151 0.0
-441.654527151 0.0
-440.654527151 0.0
-439.654527151 0.0
-438.654527151 0.0
-437.654527151 0.0
-436.654527151 0.0
-435.654527151 0.0
-434.654527151 0.0
-433.654527151 0.0
-432.654527151 0.0
-431.654527151 0.0
-430.654527151 0.0
-429.654527151 0.0
-428.654527151 0.0
-427.654527151 0.0
-426.654527151 0.0
-425.654527151 0.0
-424.654527151 0.0
-423.654527151 0.0
-422.654527151 0.0
-421.654527151 0.0
-420.654527151 0.0
-419.654527151 0.0
-418.654527151 0.0
-417.654527151 0.0
-416.654527151 0.0
-415.654527151 0.0
-414.654527151 0.0
-413.654527151 0.0
-412.654527151 0.0
-411.654527151 0.0
-410.654527151 0.0
-409.654527151 0.0
-408.654527151 0.0
-407.654527151 0.0
-406.654527151 0.0
-405.654527151 0.0
-404.654527151 0.0
-403.654527151 0.0
-402.654527151 0.0
-401.654527151 0.0
-400.654527151 0.0
-399.654527151 0.0
-398.654527151 0.0
-397.654527151 0.0
-396.654527151 0.0
-395.654527151 0.0
-394.654527151 0.0
-393.654527151 0.0
-392.654527151 0.0
-391.654527151 0.0
-390.654527151 0.0
-389.654527151 0.0
-388.654527151 0.0
-387.654527151 0.0
-386.654527151 0.0
-385.654527151 0.0
-384.654527151 0.0
-383.654527151 0.0
-382.654527151 0.0
-381.654527151 0.0
-380.654527151 0.0
-379.654527151 0.0
-378.654527151 0.0
-377.654527151 0.0
-376.654527151 0.0
-375.654527151 0.0
-374.654527151 0.0
-373.654527151 0.0
-372.654527151 0.0
-371.654527151 0.0
-370.654527151 0.0
-369.654527151 0.0
-368.654527151 0.0
-367.654527151 0.0
-366.654527151 0.0
-365.654527151 0.0
-364.654527151 0.0
-363.654527151 0.0
-362.654527151 0.0
-361.654527151 0.0
-360.654527151 0.0
-359.654527151 0.0
-358.654527151 0.0
-357.654527151 0.0
-356.654527151 0.0
-355.654527151 0.0
-354.654527151 0.0
-353.654527151 0.0
-352.654527151 0.0
-351.654527151 0.0
-350.654527151 0.0
-349.654527151 0.0
-348.654527151 0.0
-347.654527151 0.0
-346.654527151 0.0
-345.654527151 0.0
-344.654527151 0.0
-343.654527151 0.0
-342.654527151 0.0
-341.654527151 0.0
-340.654527151 0.0
-339.654527151 0.0
-338.654527151 0.0
-337.654527151 0.0
-336.654527151 0.0
-335.654527151 0.0
-334.654527151 0.0
-333.654527151 0.0
-332.654527151 0.0
-331.654527151 0.0
-330.654527151 0.0
-329.654527151 0.0
-328.654527151 0.0
-327.654527151 0.0
-326.654527151 0.0
-325.654527151 0.0
-324.654527151 0.0
-323.654527151 0.0
-322.654527151 0.0
-321.654527151 0.0
-320.654527151 0.0
-319.654527151 0.0
-318.654527151 0.0
-317.654527151 0.0
-316.654527151 0.0
-315.654527151 0.0
-314.654527151 0.0
-313.654527151 0.0
-312.654527151 0.0
-311.654527151 0.0
-310.654527151 0.0
-309.654527151 0.0
-308.654527151 0.0
-307.654527151 0.0
-306.654527151 0.0
-305.654527151 0.0
-304.654527151 0.0
-303.654527151 0.0
-302.654527151 0.0
-301.654527151 0.0
-300.654527151 0.0
-299.654527151 0.0
-298.654527151 0.0
-297.654527151 0.0
-296.654527151 0.0
-295.654527151 0.0
-294.654527151 0.0
-293.654527151 0.0
-292.654527151 0.0
-291.654527151 0.0
-290.654527151 0.0
-289.654527151 0.0
-288.654527151 0.0
-287.654527151 0.0
-286.654527151 0.0
-285.654527151 0.0
-284.654527151 0.0
-283.654527151 0.0
-282.654527151 0.0
-281.654527151 0.0
-280.654527151 0.0
-279.654527151 0.0
-278.654527151 0.0
-277.654527151 0.0
-276.654527151 0.0
-275.654527151 0.0
-274.654527151 0.0
-273.654527151 0.0
-272.654527151 0.0
-271.654527151 0.0
-270.654527151 0.0
-269.654527151 0.0
-268.654527151 0.0
-267.654527151 0.0
-266.654527151 0.0
-265.654527151 0.0
-264.654527151 0.0
-263.654527151 0.0
-262.654527151 0.0
-261.654527151 0.0
-260.654527151 0.0
-259.654527151 0.0
-258.654527151 0.0
-257.654527151 0.0
-256.654527151 0.0
-255.654527151 0.0
-254.654527151 0.0
-253.654527151 0.0
-252.654527151 0.0
-251.654527151 0.0
-250.654527151 0.0
-249.654527151 0.0
-248.654527151 0.0
-247.654527151 0.0
-246.654527151 0.0
-245.654527151 0.0
-244.654527151 0.0
-243.654527151 0.0
-242.654527151 0.0
-241.654527151 0.0
-240.654527151 0.0
-239.654527151 0.0
-238.654527151 0.0
-237.654527151 0.0
-236.654527151 0.0
-235.654527151 0.0
-234.654527151 0.0
-233.654527151 0.0
-232.654527151 0.0
-231.654527151 0.0
-230.654527151 0.0
-229.654527151 0.0
-228.654527151 0.0
-227.654527151 0.0
-226.654527151 0.0
-225.654527151 0.0
-224.654527151 0.0
-223.654527151 0.0
-222.654527151 0.0
-221.654527151 0.0
-220.654527151 0.0
-219.654527151 0.0
-218.654527151 0.0
-217.654527151 0.0
-216.654527151 0.0
-215.654527151 0.0
-214.654527151 0.0
-213.654527151 0.0
-212.654527151 0.0
-211.654527151 0.0
-210.654527151 0.0
-209.654527151 0.0
-208.654527151 0.0
-207.654527151 0.0
-206.654527151 0.0
-205.654527151 0.0
-204.654527151 0.0
-203.654527151 0.0
-202.654527151 0.0
-201.654527151 0.0
-200.654527151 0.0
-199.654527151 0.0
-198.654527151 0.0
-197.654527151 0.0
-196.654527151 0.0
-195.654527151 0.0
-194.654527151 0.0
-193.654527151 0.0
-192.654527151 0.0
-191.654527151 0.0
-190.654527151 0.0
-189.654527151 0.0
-188.654527151 0.0
-187.654527151 0.0
-186.654527151 0.0
-185.654527151 0.0
-184.654527151 0.0
-183.654527151 0.0
-182.654527151 0.0
-181.654527151 0.0
-180.654527151 0.0
-179.654527151 0.0
-178.654527151 0.0
-177.654527151 0.0
-176.654527151 0.0
-175.654527151 0.0
-174.654527151 0.0
-173.654527151 0.0
-172.654527151 0.0
-171.654527151 0.0
-170.654527151 0.0
-169.654527151 0.0
-168.654527151 0.0
-167.654527151 0.0
-166.654527151 0.0
-165.654527151 0.0
-164.654527151 0.0
-163.654527151 0.0
-162.654527151 0.0
-161.654527151 0.0
-160.654527151 0.0
-159.654527151 0.0
-158.654527151 0.0
-157.654527151 0.0
-156.654527151 0.0
-155.654527151 0.0
-154.654527151 0.0
-153.654527151 0.0
-152.654527151 0.0
-151.654527151 0.0
-150.654527151 0.0
-149.654527151 0.0
-148.654527151 0.0
-147.654527151 0.0
-146.654527151 0.0
-145.654527151 0.0
-144.654527151 0.0
-143.654527151 0.0
-142.654527151 0.0
-141.654527151 0.000000e+00
-141.062355658 0.000000e+00
-140.470184165 0.000000e+00
-139.878012672 0.000000e+00
-139.28584118 0.000000e+00
-138.693669687 0.000000e+00
-138.101498194 0.000000e+00
-137.509326701 0.000000e+00
-136.917155208 0.000000e+00
-136.324983715 0.000000e+00
-135.732812222 0.000000e+00
-135.14064073 0.000000e+00
-134.548469237 0.000000e+00
-133.956297744 0.000000e+00
-133.364126251 0.000000e+00
-132.771954758 0.000000e+00
-132.179783265 0.000000e+00
-131.587611772 0.000000e+00
-130.99544028 0.000000e+00
-130.403268787 0.000000e+00
-129.811097294 0.000000e+00
-129.218925801 0.000000e+00
-128.626754308 0.000000e+00
-128.034582815 0.000000e+00
-127.442411322 0.000000e+00
-126.850239829 0.000000e+00
-126.258068337 0.000000e+00
-125.665896844 0.000000e+00
-125.073725351 0.000000e+00
-124.481553858 0.000000e+00
-123.889382365 0.000000e+00
-123.297210872 0.000000e+00
-122.705039379 0.000000e+00
-122.112867887 0.000000e+00
-121.520696394 0.000000e+00
-120.928524901 0.000000e+00
-120.336353408 0.000000e+00
-119.744181915 0.000000e+00
-119.152010422 0.000000e+00
-118.559838929 0.000000e+00
-117.967667436 0.000000e+00
-117.375495944 0.000000e+00
-116.783324451 0.000000e+00
-116.191152958 0.000000e+00
-115.598981465 0.000000e+00
-115.006809972 0.000000e+00
-114.414638479 0.000000e+00
-113.822466986 0.000000e+00
-113.230295494 0.000000e+00
-112.638124001 0.000000e+00
-112.045952508 0.000000e+00
-111.453781015 0.000000e+00
-110.861609522 0.000000e+00
-110.269438029 0.000000e+00
-109.677266536 0.000000e+00
-109.085095044 0.000000e+00
-108.492923551 0.000000e+00
-107.900752058 0.000000e+00
-107.308580565 0.000000e+00
-106.716409072 0.000000e+00
-106.124237579 0.000000e+00
-105.532066086 0.000000e+00
-104.939894593 0.000000e+00
-104.347723101 0.000000e+00
-103.755551608 0.000000e+00
-103.163380115 0.000000e+00
-102.571208622 0.000000e+00
-101.979037129 0.000000e+00
-101.386865636 0.000000e+00
-100.794694143 0.000000e+00
-100.202522651 0.000000e+00
-99.6103511577 0.000000e+00
-99.0181796648 0.000000e+00
-98.426008172 0.000000e+00
-97.8338366791 0.000000e+00
-97.2416651862 0.000000e+00
-96.6494936934 0.000000e+00
-96.0573222005 0.000000e+00
-95.4651507076 0.000000e+00
-94.8729792148 0.000000e+00
-94.2808077219 0.000000e+00
-93.6886362291 0.000000e+00
-93.0964647362 0.000000e+00
-92.5042932433 0.000000e+00
-91.9121217505 0.000000e+00
-91.3199502576 0.000000e+00
-90.7277787647 0.000000e+00
-90.1356072719 0.000000e+00
-89.543435779 0.000000e+00
-88.9512642861 0.000000e+00
-88.3590927933 0.000000e+00
-87.7669213004 0.000000e+00
-87.1747498075 0.000000e+00
-86.5825783147 0.000000e+00
-85.9904068218 0.000000e+00
-85.398235329 0.000000e+00
-84.8060638361 0.000000e+00
-84.2138923432 0.000000e+00
-83.6217208504 0.000000e+00
-83.0295493575 0.000000e+00
-82.4373778646 0.000000e+00
-81.8452063718 0.000000e+00
-81.2530348789 0.000000e+00
-80.660863386 0.000000e+00
-80.0686918932 0.000000e+00
-79.4765204003 0.000000e+00
-78.8843489074 0.000000e+00
-78.2921774146 0.000000e+00
-77.7000059217 0.000000e+00
-77.1078344289 0.000000e+00
-76.515662936 0.000000e+00
-75.9234914431 0.000000e+00
-75.3313199503 0.000000e+00
-74.7391484574 0.000000e+00
-74.1469769645 0.000000e+00
-73.5548054717 0.000000e+00
-72.9626339788 0.000000e+00
-72.3704624859 0.000000e+00
-71.7782909931 0.000000e+00
-71.1861195002 0.000000e+00
-70.5939480073 0.000000e+00
-70.0017765145 0.000000e+00
-69.4096050216 0.000000e+00
-68.8174335287 0.000000e+00
-68.2252620359 0.000000e+00
-67.633090543 0.000000e+00
-67.0409190502 0.000000e+00
-66.4487475573 0.000000e+00
-65.8565760644 0.000000e+00
-65.2644045716 0.000000e+00
-64.6722330787 0.000000e+00
-64.0800615858 0.000000e+00
-63.487890093 0.000000e+00
-62.8957186001 0.000000e+00
-62.3035471072 0.000000e+00
-61.7113756144 0.000000e+00
-61.1192041215 0.000000e+00
-60.5270326286 0.000000e+00
-59.9348611358 0.000000e+00
-59.3426896429 0.000000e+00
-58.7505181501 0.000000e+00
-58.1583466572 0.000000e+00
-57.5661751643 0.000000e+00
-56.9740036715 0.000000e+00
-56.3818321786 0.000000e+00
-55.7896606857 0.000000e+00
-55.1974891929 0.000000e+00
-54.6053177 0.000000e+00
-54.0131462071 0.000000e+00
-53.4209747143 0.000000e+00
-52.8288032214 0.000000e+00
-52.2366317285 0.000000e+00
-51.6444602357 0.000000e+00
-51.0522887428 0.000000e+00
-50.46011725 0.000000e+00
-49.8679457571 0.000000e+00
-49.2757742642 0.000000e+00
-48.6836027714 0.000000e+00
-48.0914312785 0.000000e+00
-47.4992597856 0.000000e+00
-46.9070882928 0.000000e+00
-46.3149167999 0.000000e+00
-45.722745307 0.000000e+00
-45.1305738142 0.000000e+00
-44.5384023213 0.000000e+00
-43.9462308284 0.000000e+00
-43.3540593356 0.000000e+00
-42.7618878427 0.000000e+00
-42.1697163499 0.000000e+00
-41.577544857 0.000000e+00
-40.9853733641 0.000000e+00
-40.3932018713 0.000000e+00
-39.8010303784 0.000000e+00
-39.2088588855 0.000000e+00
-38.6166873927 0.000000e+00
-38.0245158998 0.000000e+00
-37.4323444069 0.000000e+00
-36.8401729141 0.000000e+00
-36.2480014212 0.000000e+00
-35.6558299283 0.000000e+00
-35.0636584355 0.000000e+00
-34.4714869426 0.000000e+00
-33.8793154498 0.000000e+00
-33.2871439569 0.000000e+00
-32.694972464 0.000000e+00
-32.1028009712 0.000000e+00
-31.5106294783 0.000000e+00
-30.9184579854 0.000000e+00
-30.3262864926 0.000000e+00
-29.7341149997 0.000000e+00
-29.1419435068 0.000000e+00
-28.549772014 0.000000e+00
-27.9576005211 0.000000e+00
-27.3654290282 0.000000e+00
-26.7732575354 0.000000e+00
-26.1810860425 0.000000e+00
-25.5889145497 0.000000e+00
-24.9967430568 0.000000e+00
-24.4045715639 0.000000e+00
-23.8124000711 0.000000e+00
-23.2202285782 0.000000e+00
-22.6280570853 0.000000e+00
-22.0358855925 0.000000e+00
-21.4437140996 0.000000e+00
-20.8515426067 0.000000e+00
-20.2593711139 0.000000e+00
-19.667199621 0.000000e+00
-19.0750281281 0.000000e+00
-18.4828566353 0.000000e+00
-17.8906851424 0.000000e+00
-17.2985136496 0.000000e+00
-16.7063421567 0.000000e+00
-16.1141706638 0.000000e+00
-15.521999171 0.000000e+00
-14.9298276781 0.000000e+00
-14.3376561852 0.000000e+00
-13.7454846924 0.000000e+00
-13.1533131995 0.000000e+00
-12.5611417066 0.000000e+00
-11.9689702138 0.000000e+00
-11.3767987209 0.000000e+00
-10.784627228 0.000000e+00
-10.1924557352 0.000000e+00
-9.60028424232 0.000000e+00
-9.00811274945 0.000000e+00
-8.41594125659 0.000000e+00
-7.82376976372 0.000000e+00
-7.23159827086 0.000000e+00
-6.63942677799 0.000000e+00
-6.04725528513 0.000000e+00
-5.45508379227 0.000000e+00
-4.8629122994 0.000000e+00
-4.27074080654 0.000000e+00
-3.67856931367 0.000000e+00
-3.08639782081 0.000000e+00
-2.49422632794 0.000000e+00
-1.90205483508 0.000000e+00
-1.30988334222 1.908762e-01
-0.717711849352 6.585760e-01
-0.125540356487 8.869275e-01
0.466631136377 8.991984e-01
1.05880262924 1.000000e+00
1.65097412211 9.170887e-01
2.24314561497 7.957488e-01
2.83531710783 6.018036e-01
3.4274886007 5.787064e-01
4.01966009356 4.859068e-01
4.61183158643 3.950255e-01
5.20400307929 3.916832e-01
5.79617457216 3.357229e-01
6.38834606502 2.865560e-01
6.98051755788 3.248452e-01
7.57268905075 3.577646e-01
8.16486054361 4.309096e-01
8.75703203648 5.345508e-01
9.34920352934 5.673342e-01
9.94137502221 5.907940e-01
10.5335465151 5.178006e-01
11.1257180079 5.398666e-01
11.7178895008 4.804528e-01
12.3100609937 4.505811e-01
12.9022324865 3.924029e-01
13.4944039794 3.315368e-01
14.0865754723 3.391314e-01
14.6787469651 3.755066e-01
15.270918458 3.306497e-01
15.8630899508 2.796727e-01
16.4552614437 2.969527e-01
17.0474329366 3.354228e-01
17.6396044294 2.845261e-01
18.2317759223 2.550641e-01
18.8239474152 2.579953e-01
19.416118908 2.236315e-01
20.0082904009 1.901184e-01
20.6004618938 1.772770e-01
21.1926333866 1.205774e-01
21.7848048795 1.623776e-01
22.3769763724 1.401061e-01
22.9691478652 1.456428e-01
23.5613193581 1.006429e-01
24.153490851 8.824169e-02
24.7456623438 8.367657e-02
25.3378338367 7.834816e-02
25.9300053295 9.030146e-02
26.5221768224 1.050168e-01
27.1143483153 8.344846e-02
27.7065198081 8.101760e-02
28.298691301 0.000000e+00
28.8908627939 1.056080e-01
29.4830342867 0.000000e+00
30.0752057796 0.000000e+00
30.6673772725 0.000000e+00
31.2595487653 0.000000e+00
31.8517202582 1.114439e-01
32.4438917511 0.000000e+00
33.0360632439 0.000000e+00
33.6282347368 0.000000e+00
34.2204062296 0.000000e+00
34.8125777225 0.000000e+00
35.4047492154 0.000000e+00
35.9969207082 0.000000e+00
36.5890922011 7.989537e-02
37.181263694 0.000000e+00
37.7734351868 0.000000e+00
38.3656066797 0.000000e+00
38.9577781726 0.000000e+00
39.5499496654 0.000000e+00
40.1421211583 0.000000e+00
40.7342926512 0.000000e+00
41.326464144 0.000000e+00
41.9186356369 0.000000e+00
42.5108071297 0.000000e+00
43.1029786226 0.000000e+00
43.6951501155 0.000000e+00
44.2873216083 0.000000e+00
44.8794931012 0.000000e+00
45.4716645941 0.000000e+00
46.0638360869 0.000000e+00
46.6560075798 0.000000e+00
47.2481790727 0.000000e+00
47.8403505655 8.113933e-02
48.4325220584 0.000000e+00
49.0246935513 0.000000e+00
49.6168650441 0.000000e+00
50.209036537 9.162189e-02
50.8012080298 0.000000e+00
51.3933795227 0.000000e+00
51.9855510156 0.000000e+00
52.5777225084 0.000000e+00
53.1698940013 0.000000e+00
53.7620654942 0.000000e+00
54.354236987 0.000000e+00
54.9464084799 0.000000e+00
55.5385799728 0.000000e+00
56.1307514656 0.000000e+00
56.7229229585 0.000000e+00
57.3150944514 0.000000e+00
57.9072659442 0.000000e+00
58.4994374371 0.000000e+00
59.0916089299 0.000000e+00
59.6837804228 0.000000e+00
60.2759519157 0.000000e+00
60.8681234085 0.000000e+00
61.4602949014 0.000000e+00
62.0524663943 0.000000e+00
62.6446378871 0.000000e+00
63.23680938 0.000000e+00
63.8289808729 0.000000e+00
64.4211523657 0.000000e+00
65.0133238586 0.000000e+00
65.6054953515 0.000000e+00
66.1976668443 0.000000e+00
66.7898383372 0.000000e+00
67.38200983 0.000000e+00
67.9741813229 0.000000e+00
68.5663528158 0.000000e+00
69.1585243086 0.000000e+00
69.7506958015 0.000000e+00
70.3428672944 0.000000e+00
70.9350387872 0.000000e+00
71.5272102801 0.000000e+00
72.119381773 0.000000e+00
72.7115532658 0.000000e+00
73.3037247587 0.000000e+00
73.8958962516 0.000000e+00
74.4880677444 0.000000e+00
75.0802392373 0.000000e+00
75.6724107301 0.000000e+00
76.264582223 0.000000e+00
76.8567537159 0.000000e+00
77.4489252087 0.000000e+00
78.0410967016 0.000000e+00
78.6332681945 0.000000e+00
79.2254396873 0.000000e+00
79.8176111802 0.000000e+00
80.4097826731 0.000000e+00
81.0019541659 0.000000e+00
81.5941256588 0.000000e+00
82.1862971517 0.000000e+00
82.7784686445 0.000000e+00
83.3706401374 0.000000e+00
83.9628116302 0.000000e+00
84.5549831231 0.000000e+00
85.147154616 0.000000e+00
85.7393261088 0.000000e+00
86.3314976017 0.000000e+00
86.9236690946 0.000000e+00
87.5158405874 0.000000e+00
88.1080120803 0.000000e+00
88.7001835732 0.000000e+00
89.292355066 0.000000e+00
89.8845265589 0.000000e+00
90.4766980518 0.000000e+00
91.0688695446 0.000000e+00
91.6610410375 0.000000e+00
92.2532125303 0.000000e+00
92.8453840232 0.000000e+00
93.4375555161 0.000000e+00
94.0297270089 0.000000e+00
94.6218985018 0.000000e+00
95.2140699947 0.000000e+00
95.8062414875 0.000000e+00
96.3984129804 0.000000e+00
96.9905844733 0.000000e+00
97.5827559661 0.000000e+00
98.174927459 0.000000e+00
98.7670989519 0.000000e+00
99.3592704447 0.000000e+00
99.9514419376 0.000000e+00
100.54361343 0.000000e+00
101.135784923 0.000000e+00
101.727956416 0.000000e+00
102.320127909 0.000000e+00
102.912299402 0.000000e+00
103.504470895 0.000000e+00
104.096642388 0.000000e+00
104.68881388 0.000000e+00
105.280985373 0.000000e+00
105.873156866 0.000000e+00
106.465328359 0.000000e+00
107.057499852 0.000000e+00
107.649671345 0.000000e+00
108.241842838 0.000000e+00
108.834014331 0.000000e+00
109.426185823 0.000000e+00
110.018357316 0.000000e+00
110.610528809 0.000000e+00
111.202700302 0.000000e+00
111.794871795 0.000000e+00
112.387043288 0.000000e+00
112.979214781 0.000000e+00
113.571386273 0.000000e+00
114.163557766 0.000000e+00
114.755729259 0.000000e+00
115.347900752 0.000000e+00
115.940072245 0.000000e+00
116.532243738 0.000000e+00
117.124415231 0.000000e+00
117.716586724 0.000000e+00
118.308758216 0.000000e+00
118.900929709 0.000000e+00
119.493101202 0.000000e+00
120.085272695 0.000000e+00
120.677444188 0.000000e+00
121.269615681 0.000000e+00
121.861787174 0.000000e+00
122.453958666 0.000000e+00
123.046130159 0.000000e+00
123.638301652 0.000000e+00
124.230473145 0.000000e+00
124.822644638 0.000000e+00
125.414816131 0.000000e+00
126.006987624 0.000000e+00
126.599159116 0.000000e+00
127.191330609 0.000000e+00
127.783502102 0.000000e+00
128.375673595 0.000000e+00
128.967845088 0.000000e+00
129.560016581 0.000000e+00
130.152188074 0.000000e+00
130.744359567 0.000000e+00
131.336531059 0.000000e+00
131.928702552 0.000000e+00
132.520874045 0.000000e+00
133.113045538 0.000000e+00
133.705217031 0.000000e+00
134.297388524 0.000000e+00
134.889560017 0.000000e+00
135.481731509 0.000000e+00
136.073903002 0.000000e+00
136.666074495 0.000000e+00
137.258245988 0.000000e+00
137.850417481 0.000000e+00
138.442588974 0.000000e+00
139.034760467 0.000000e+00
139.626931959 0.000000e+00
140.219103452 0.000000e+00
140.811274945 0.000000e+00
141.403446438 0.000000e+00
141.995617931 0.000000e+00
142.587789424 0.000000e+00
143.179960917 0.000000e+00
143.77213241 0.000000e+00
144.364303902 0.000000e+00
144.956475395 0.000000e+00
145.548646888 0.000000e+00
146.140818381 0.000000e+00
146.732989874 0.000000e+00
147.325161367 0.000000e+00
147.91733286 0.000000e+00
148.509504352 0.000000e+00
149.101675845 0.000000e+00
149.693847338 0.000000e+00
150.286018831 0.000000e+00
150.878190324 0.000000e+00
151.470361817 0.000000e+00
152.06253331 0.000000e+00
152.654704803 0.000000e+00
153.246876295 0.000000e+00
153.839047788 0.000000e+00
154.431219281 0.000000e+00
155.023390774 0.000000e+00
155.615562267 0.000000e+00
156.20773376 0.000000e+00
156.799905253 0.000000e+00
157.392076745 0.000000e+00
157.984248238 0.000000e+00
158.576419731 0.000000e+00
159.168591224 0.000000e+00
159.760762717 0.000000e+00
160.35293421 0.000000e+00
160.945105703 0.000000e+00
161.537277195 0.000000e+00
162.129448688 0.000000e+00
162.721620181 0.000000e+00
163.313791674 0.000000e+00
163.905963167 0.000000e+00
164.49813466 0.000000e+00
165.090306153 0.000000e+00
165.682477646 0.000000e+00
166.274649138 0.000000e+00
166.866820631 0.000000e+00
167.458992124 0.000000e+00
168.051163617 0.000000e+00
168.64333511 0.000000e+00
169.235506603 0.000000e+00
169.827678096 0.000000e+00
170.419849588 0.000000e+00
171.012021081 0.000000e+00
171.604192574 0.000000e+00
172.196364067 0.000000e+00
172.78853556 0.000000e+00
173.380707053 0.000000e+00
173.972878546 0.000000e+00
174.565050038 0.000000e+00
175.157221531 0.000000e+00
175.749393024 0.000000e+00
176.341564517 0.000000e+00
176.93373601 0.000000e+00
177.525907503 0.000000e+00
178.118078996 0.000000e+00
178.710250489 0.000000e+00
179.302421981 0.000000e+00
179.894593474 0.000000e+00
180.486764967 0.000000e+00
181.07893646 0.000000e+00
181.671107953 0.000000e+00
182.263279446 0.000000e+00
182.855450939 0.000000e+00
183.447622431 0.000000e+00
184.039793924 0.000000e+00
184.631965417 0.000000e+00
185.22413691 0.000000e+00
185.816308403 0.000000e+00
186.408479896 0.000000e+00
187.000651389 0.000000e+00
187.592822882 0.000000e+00
188.184994374 0.000000e+00
188.777165867 0.000000e+00
189.36933736 0.000000e+00
189.961508853 0.000000e+00
190.553680346 0.000000e+00
191.145851839 0.000000e+00
191.738023332 0.000000e+00
192.330194824 0.000000e+00
192.922366317 0.000000e+00
193.51453781 0.000000e+00
194.106709303 0.000000e+00
194.698880796 0.000000e+00
195.291052289 0.000000e+00
195.883223782 0.000000e+00
196.475395274 0.000000e+00
197.067566767 0.000000e+00
197.65973826 0.000000e+00
198.251909753 0.000000e+00
198.844081246 0.000000e+00
199.436252739 0.000000e+00
200.028424232 0.000000e+00
200.620595725 0.000000e+00
201.212767217 0.000000e+00
201.80493871 0.000000e+00
202.397110203 0.000000e+00
202.989281696 0.000000e+00
203.581453189 0.000000e+00
204.173624682 0.000000e+00
204.765796175 0.000000e+00
205.357967667 0.000000e+00
205.95013916 0.000000e+00
206.542310653 0.000000e+00
207.134482146 0.000000e+00
207.726653639 0.000000e+00
208.318825132 0.000000e+00
208.910996625 0.000000e+00
209.503168117 0.000000e+00
210.09533961 0.000000e+00
210.687511103 0.000000e+00
211.279682596 0.000000e+00
211.871854089 0.000000e+00
212.464025582 0.000000e+00
213.056197075 0.000000e+00
213.648368568 0.000000e+00
214.24054006 0.000000e+00
214.832711553 0.000000e+00
215.424883046 0.000000e+00
216.017054539 0.000000e+00
216.609226032 0.000000e+00
217.201397525 0.000000e+00
217.793569018 0.000000e+00
218.38574051 0.000000e+00
218.977912003 0.000000e+00
219.570083496 0.000000e+00
220.162254989 0.000000e+00
220.754426482 0.000000e+00
221.346597975 0.000000e+00
221.938769468 0.000000e+00
222.530940961 0.000000e+00
223.123112453 0.000000e+00
223.715283946 0.000000e+00
224.307455439 0.000000e+00
224.899626932 0.000000e+00
225.491798425 0.000000e+00
226.083969918 0.000000e+00
226.676141411 0.000000e+00
227.268312903 0.000000e+00
227.860484396 0.000000e+00
228.452655889 0.000000e+00
229.044827382 0.000000e+00
229.636998875 0.000000e+00
230.229170368 0.000000e+00
230.821341861 0.000000e+00
231.413513353 0.000000e+00
232.005684846 0.000000e+00
232.597856339 0.000000e+00
233.190027832 0.000000e+00
233.782199325 0.000000e+00
234.374370818 0.000000e+00
234.966542311 0.000000e+00
235.558713804 0.000000e+00
236.150885296 0.000000e+00
236.743056789 0.000000e+00
237.335228282 0.000000e+00
237.927399775 0.000000e+00
238.519571268 0.000000e+00
239.111742761 0.000000e+00
239.703914254 0.000000e+00
240.296085746 0.000000e+00
240.888257239 0.000000e+00
241.480428732 0.000000e+00
242.072600225 0.000000e+00
242.664771718 0.000000e+00
243.256943211 0.000000e+00
243.849114704 0.000000e+00
244.441286196 0.000000e+00
245.033457689 0.000000e+00
245.625629182 0.000000e+00
246.217800675 0.000000e+00
246.809972168 0.000000e+00
247.402143661 0.000000e+00
247.994315154 0.000000e+00
248.586486647 0.000000e+00
249.178658139 0.000000e+00
249.770829632 0.000000e+00
250.363001125 0.000000e+00
250.955172618 0.000000e+00
251.547344111 0.000000e+00
252.139515604 0.000000e+00
252.731687097 0.000000e+00
253.323858589 0.000000e+00
253.916030082 0.000000e+00
254.508201575 0.000000e+00
255.100373068 0.000000e+00
255.692544561 0.000000e+00
256.284716054 0.000000e+00
256.876887547 0.000000e+00
257.469059039 0.000000e+00
258.061230532 0.000000e+00
258.653402025 0.000000e+00
259.245573518 0.000000e+00
259.837745011 0.000000e+00
260.429916504 0.000000e+00
261.022087997 0.000000e+00
261.61425949 0.000000e+00
262.206430982 0.000000e+00
262.798602475 0.000000e+00
263.390773968 0.000000e+00
263.982945461 0.000000e+00
264.575116954 0.000000e+00
265.167288447 0.000000e+00
265.75945994 0.000000e+00
266.351631432 0.000000e+00
266.943802925 0.000000e+00
267.535974418 0.000000e+00
268.128145911 0.000000e+00
268.720317404 0.000000e+00
269.312488897 0.000000e+00
269.90466039 0.000000e+00
270.496831883 0.000000e+00
271.089003375 0.000000e+00
271.681174868 0.000000e+00
272.273346361 0.000000e+00
272.865517854 0.000000e+00
273.457689347 0.000000e+00
274.04986084 0.000000e+00
274.642032333 0.000000e+00
275.234203825 0.000000e+00
275.826375318 0.000000e+00
276.418546811 0.000000e+00
277.010718304 0.000000e+00
277.602889797 0.000000e+00
278.19506129 0.000000e+00
278.787232783 0.000000e+00
279.379404275 0.000000e+00
279.971575768 0.000000e+00
280.563747261 0.000000e+00
281.155918754 0.000000e+00
281.748090247 0.000000e+00
282.34026174 0.000000e+00
282.932433233 0.000000e+00
283.524604726 0.000000e+00
284.116776218 0.000000e+00
284.708947711 0.000000e+00
285.301119204 0.000000e+00
285.893290697 0.000000e+00
286.48546219 0.000000e+00
287.077633683 0.000000e+00
287.669805176 0.000000e+00
288.261976668 0.000000e+00
288.854148161 0.000000e+00
289.446319654 0.000000e+00
290.038491147 0.000000e+00
290.63066264 0.000000e+00
291.222834133 0.000000e+00
291.815005626 0.000000e+00
292.407177118 0.000000e+00
292.999348611 0.000000e+00
293.591520104 0.000000e+00
294.183691597 0.000000e+00
294.77586309 0.000000e+00
295.368034583 0.000000e+00
295.960206076 0.000000e+00
296.552377569 0.000000e+00
297.144549061 0.000000e+00
297.736720554 0.000000e+00
298.328892047 0.000000e+00
298.92106354 0.000000e+00
299.513235033 0.000000e+00
300.105406526 0.000000e+00
300.697578019 0.000000e+00
301.289749511 0.000000e+00
301.881921004 0.000000e+00
302.474092497 0.000000e+00
303.06626399 0.000000e+00
303.658435483 0.000000e+00
304.250606976 0.000000e+00
304.842778469 0.000000e+00
305.434949962 0.000000e+00
306.027121454 0.000000e+00
306.619292947 0.000000e+00
307.21146444 0.000000e+00
307.803635933 0.000000e+00
308.395807426 0.000000e+00
308.987978919 0.000000e+00
309.580150412 0.000000e+00
310.172321904 0.000000e+00
310.764493397 0.000000e+00
311.35666489 0.000000e+00
311.948836383 0.000000e+00
312.541007876 0.000000e+00
313.133179369 0.000000e+00
313.725350862 0.000000e+00
314.317522354 0.000000e+00
314.909693847 0.000000e+00
315.50186534 0.000000e+00
316.094036833 0.000000e+00
316.686208326 0.000000e+00
317.278379819 0.000000e+00
317.870551312 0.000000e+00
318.462722805 0.000000e+00
319.054894297 0.000000e+00
319.64706579 0.000000e+00
320.239237283 0.000000e+00
320.831408776 0.000000e+00
321.423580269 0.000000e+00
322.015751762 0.000000e+00
322.607923255 0.000000e+00
323.200094747 0.000000e+00
323.79226624 0.000000e+00
324.384437733 0.000000e+00
324.976609226 0.000000e+00
325.568780719 0.000000e+00
326.160952212 0.000000e+00
326.753123705 0.000000e+00
327.345295197 0.000000e+00
327.93746669 0.000000e+00
328.529638183 0.000000e+00
329.121809676 0.000000e+00
329.713981169 0.000000e+00
330.306152662 0.000000e+00
330.898324155 0.000000e+00
331.490495648 0.000000e+00
332.08266714 0.000000e+00
332.674838633 0.000000e+00
333.267010126 0.000000e+00
333.859181619 0.000000e+00
334.451353112 0.000000e+00
335.043524605 0.000000e+00
335.635696098 0.000000e+00
336.22786759 0.000000e+00
336.820039083 0.000000e+00
337.412210576 0.000000e+00
338.004382069 0.000000e+00
338.596553562 0.000000e+00
339.188725055 0.000000e+00
339.780896548 0.000000e+00
340.373068041 0.000000e+00
340.965239533 0.000000e+00
341.557411026 0.000000e+00
342.149582519 0.000000e+00
342.741754012 0.000000e+00
343.333925505 0.000000e+00
343.926096998 0.000000e+00
344.518268491 0.000000e+00
345.110439983 0.000000e+00
345.702611476 0.000000e+00
346.294782969 0.000000e+00
346.886954462 0.000000e+00
347.479125955 0.000000e+00
348.071297448 0.000000e+00
348.663468941 0.000000e+00
349.255640433 0.000000e+00
349.847811926 0.000000e+00
350.439983419 0.000000e+00
351.032154912 0.000000e+00
351.624326405 0.000000e+00
352.216497898 0.000000e+00
352.808669391 0.000000e+00
353.400840884 0.000000e+00
353.993012376 0.000000e+00
354.585183869 0.000000e+00
355.177355362 0.000000e+00
355.769526855 0.000000e+00
356.361698348 0.000000e+00
356.953869841 0.000000e+00
357.546041334 0.000000e+00
358.138212826 0.000000e+00
358.730384319 0.000000e+00
359.322555812 0.000000e+00
359.914727305 0.000000e+00
360.506898798 0.000000e+00
361.099070291 0.000000e+00
361.691241784 0.000000e+00
362.283413276 0.000000e+00
362.875584769 0.000000e+00
363.467756262 0.000000e+00
364.059927755 0.000000e+00
364.652099248 0.000000e+00
365.244270741 0.000000e+00
365.836442234 0.000000e+00
366.428613727 0.000000e+00
367.020785219 0.000000e+00
367.612956712 0.000000e+00
368.205128205 0.000000e+00
368.797299698 0.000000e+00
369.389471191 0.000000e+00
369.981642684 0.000000e+00
370.573814177 0.000000e+00
371.165985669 0.000000e+00
371.758157162 0.000000e+00
372.350328655 0.000000e+00
372.942500148 0.000000e+00
373.534671641 0.000000e+00
374.126843134 0.000000e+00
374.719014627 0.000000e+00
375.31118612 0.000000e+00
375.903357612 0.000000e+00
376.495529105 0.000000e+00
377.087700598 0.000000e+00
377.679872091 0.000000e+00
378.272043584 0.000000e+00
378.864215077 0.000000e+00
379.45638657 0.000000e+00
380.048558062 0.000000e+00
380.640729555 0.000000e+00
381.232901048 0.000000e+00
381.825072541 0.000000e+00
382.417244034 0.000000e+00
383.009415527 0.000000e+00
383.60158702 0.000000e+00
384.193758512 0.000000e+00
384.785930005 0.000000e+00
385.378101498 0.000000e+00
385.970272991 0.000000e+00
386.562444484 0.000000e+00
387.154615977 0.000000e+00
387.74678747 0.000000e+00
388.338958963 0.000000e+00
388.931130455 0.000000e+00
389.523301948 0.000000e+00
390.115473441 0.000000e+00
390.707644934 0.000000e+00
391.299816427 0.000000e+00
391.89198792 0.000000e+00
392.484159413 0.000000e+00
393.076330905 0.000000e+00
393.668502398 0.000000e+00
394.260673891 0.000000e+00
394.852845384 0.000000e+00
395.445016877 0.000000e+00
396.03718837 0.000000e+00
396.629359863 0.000000e+00
397.221531355 0.000000e+00
397.813702848 0.000000e+00
398.405874341 0.000000e+00
398.998045834 0.000000e+00
399.590217327 0.000000e+00
400.18238882 0.000000e+00
400.774560313 0.000000e+00
401.366731806 0.000000e+00
401.958903298 0.000000e+00
402.551074791 0.000000e+00
403.143246284 0.000000e+00
403.735417777 0.000000e+00
404.32758927 0.000000e+00
404.919760763 0.000000e+00
405.511932256 0.000000e+00
406.104103748 0.000000e+00
406.696275241 0.000000e+00
407.288446734 0.000000e+00
407.880618227 0.000000e+00
408.47278972 0.000000e+00
409.064961213 0.000000e+00
409.657132706 0.000000e+00
410.249304198 0.000000e+00
410.841475691 0.000000e+00
411.433647184 0.000000e+00
412.025818677 0.000000e+00
412.61799017 0.000000e+00
413.210161663 0.000000e+00
413.802333156 0.000000e+00
414.394504649 0.000000e+00
414.986676141 0.000000e+00
415.578847634 0.000000e+00
416.171019127 0.000000e+00
416.76319062 0.000000e+00
417.355362113 0.000000e+00
417.947533606 0.000000e+00
418.539705099 0.000000e+00
419.131876591 0.000000e+00
419.724048084 0.000000e+00
420.316219577 0.000000e+00
420.90839107 0.000000e+00
421.500562563 0.000000e+00
422.092734056 0.000000e+00
422.684905549 0.000000e+00
423.277077042 0.000000e+00
423.869248534 0.000000e+00
424.461420027 0.000000e+00
425.05359152 0.000000e+00
425.645763013 0.000000e+00
426.237934506 0.000000e+00
426.830105999 0.000000e+00
427.422277492 0.000000e+00
428.014448984 0.000000e+00
428.606620477 0.000000e+00
429.19879197 0.000000e+00
429.790963463 0.000000e+00
430.383134956 0.000000e+00
430.975306449 0.000000e+00
431.567477942 0.000000e+00
432.159649434 0.000000e+00
432.751820927 0.000000e+00
433.34399242 0.000000e+00
433.936163913 0.000000e+00
434.528335406 0.000000e+00
435.120506899 0.000000e+00
435.712678392 0.000000e+00
436.304849885 0.000000e+00
436.897021377 0.000000e+00
437.48919287 0.000000e+00
438.081364363 0.000000e+00
438.673535856 0.000000e+00
439.265707349 0.000000e+00
439.857878842 0.000000e+00
440.450050335 0.000000e+00
441.042221827 0.000000e+00
441.63439332 0.000000e+00
442.226564813 0.000000e+00
442.818736306 0.000000e+00
443.410907799 0.000000e+00
444.003079292 0.000000e+00
444.595250785 0.000000e+00
445.187422277 0.000000e+00
445.77959377 0.000000e+00
446.371765263 0.000000e+00
446.963936756 0.000000e+00
447.556108249 0.000000e+00
448.148279742 0.000000e+00
448.740451235 0.000000e+00
449.332622728 0.000000e+00
449.92479422 0.000000e+00
450.516965713 0.000000e+00
451.109137206 0.000000e+00
451.701308699 0.000000e+00
452.293480192 0.000000e+00
452.885651685 0.000000e+00
453.477823178 0.000000e+00
454.06999467 0.000000e+00
454.662166163 0.000000e+00
455.254337656 0.000000e+00
455.846509149 0.000000e+00
456.438680642 0.000000e+00
457.030852135 0.000000e+00
457.623023628 0.000000e+00
458.215195121 0.000000e+00
458.807366613 0.000000e+00
459.399538106 0.000000e+00
459.991709599 0.000000e+00
460.583881092 0.000000e+00
461.176052585 0.000000e+00
461.768224078 0.000000e+00
462.360395571 0.000000e+00
462.952567063 0.000000e+00
463.544738556 0.000000e+00
464.136910049 0.000000e+00
464.729081542 0.000000e+00
465.321253035 0.000000e+00
465.913424528 0.000000e+00
466.505596021 0.000000e+00
467.097767513 0.000000e+00
467.689939006 0.000000e+00
468.282110499 0.000000e+00
468.874281992 0.000000e+00
469.466453485 0.000000e+00
470.058624978 0.000000e+00
470.650796471 0.000000e+00
471.242967964 0.000000e+00
471.835139456 0.000000e+00
472.427310949 0.000000e+00
473.019482442 0.000000e+00
473.611653935 0.000000e+00
474.203825428 0.000000e+00
474.795996921 0.000000e+00
475.388168414 0.000000e+00
475.980339906 0.000000e+00
476.572511399 0.000000e+00
477.164682892 0.000000e+00
477.756854385 0.000000e+00
478.349025878 0.000000e+00
478.941197371 0.000000e+00
479.533368864 0.000000e+00
480.125540356 0.000000e+00
480.717711849 0.000000e+00
481.309883342 0.000000e+00
481.902054835 0.000000e+00
482.494226328 0.000000e+00
483.086397821 0.000000e+00
483.678569314 0.000000e+00
484.270740807 0.000000e+00
484.862912299 0.000000e+00
485.455083792 0.000000e+00
486.047255285 0.000000e+00
486.639426778 0.000000e+00
487.231598271 0.000000e+00
487.823769764 0.000000e+00
488.415941257 0.000000e+00
489.008112749 0.000000e+00
489.600284242 0.000000e+00
490.192455735 0.000000e+00
490.784627228 0.000000e+00
491.376798721 0.000000e+00
491.968970214 0.000000e+00
492.561141707 0.000000e+00
493.1533132 0.000000e+00
493.745484692 0.000000e+00
494.337656185 0.000000e+00
494.929827678 0.000000e+00
495.521999171 0.000000e+00
496.114170664 0.000000e+00
496.706342157 0.000000e+00
497.29851365 0.000000e+00
497.890685142 0.000000e+00
498.482856635 0.000000e+00
499.075028128 0.000000e+00
499.667199621 0.000000e+00
500.259371114 0.000000e+00
500.851542607 0.000000e+00
501.4437141 0.000000e+00
502.035885592 0.000000e+00
502.628057085 0.000000e+00
503.220228578 0.000000e+00
503.812400071 0.000000e+00
504.404571564 0.000000e+00
504.996743057 0.000000e+00
505.58891455 0.000000e+00
506.181086043 0.000000e+00
506.773257535 0.000000e+00
507.365429028 0.000000e+00
507.957600521 0.000000e+00
508.549772014 0.000000e+00
509.141943507 0.000000e+00
509.734115 0.000000e+00
510.326286493 0.000000e+00
510.918457985 0.000000e+00
511.510629478 0.000000e+00
512.102800971 0.000000e+00
512.694972464 0.000000e+00
513.287143957 0.000000e+00
513.87931545 0.000000e+00
514.471486943 0.000000e+00
515.063658435 0.000000e+00
515.655829928 0.000000e+00
516.248001421 0.000000e+00
516.840172914 0.000000e+00
517.432344407 0.000000e+00
518.0245159 0.000000e+00
518.616687393 0.000000e+00
519.208858886 0.000000e+00
519.801030378 0.000000e+00
520.393201871 0.000000e+00
520.985373364 0.000000e+00
521.577544857 0.000000e+00
522.16971635 0.000000e+00
522.761887843 0.000000e+00
523.354059336 0.000000e+00
523.946230828 0.000000e+00
524.538402321 0.000000e+00
525.130573814 0.000000e+00
525.722745307 0.000000e+00
526.3149168 0.000000e+00
526.907088293 0.000000e+00
527.499259786 0.000000e+00
528.091431278 0.000000e+00
528.683602771 0.000000e+00
529.275774264 0.000000e+00
529.867945757 0.000000e+00
530.46011725 0.000000e+00
531.052288743 0.000000e+00
531.644460236 0.000000e+00
532.236631729 0.000000e+00
532.828803221 0.000000e+00
533.420974714 0.000000e+00
534.013146207 0.000000e+00
534.6053177 0.000000e+00
535.197489193 0.000000e+00
535.789660686 0.000000e+00
536.381832179 0.000000e+00
536.974003671 0.000000e+00
537.566175164 0.000000e+00
538.158346657 0.000000e+00
538.75051815 0.000000e+00
539.342689643 0.000000e+00
539.934861136 0.000000e+00
540.527032629 0.000000e+00
541.119204122 0.000000e+00
541.711375614 0.000000e+00
542.303547107 0.000000e+00
542.8957186 0.000000e+00
543.487890093 0.000000e+00
544.080061586 0.000000e+00
544.672233079 0.000000e+00
545.264404572 0.000000e+00
545.856576064 0.000000e+00
546.448747557 0.000000e+00
547.04091905 0.000000e+00
547.633090543 0.000000e+00
548.225262036 0.000000e+00
548.817433529 0.000000e+00
549.409605022 0.000000e+00
550.001776514 0.000000e+00
550.593948007 0.000000e+00
551.1861195 0.000000e+00
551.778290993 0.000000e+00
552.370462486 0.000000e+00
552.962633979 0.000000e+00
553.554805472 0.000000e+00
554.146976965 0.000000e+00
554.739148457 0.000000e+00
555.33131995 0.000000e+00
555.923491443 0.000000e+00
556.515662936 0.000000e+00
557.107834429 0.000000e+00
557.700005922 0.000000e+00
558.292177415 0.000000e+00
558.884348907 0.000000e+00
559.4765204 0.000000e+00
560.068691893 0.000000e+00
560.660863386 0.000000e+00
561.253034879 0.000000e+00
561.845206372 0.000000e+00
562.437377865 0.000000e+00
563.029549357 0.000000e+00
563.62172085 0.000000e+00
564.213892343 0.000000e+00
564.806063836 0.000000e+00
565.398235329 0.000000e+00
565.990406822 0.000000e+00
566.582578315 0.000000e+00
567.174749808 0.000000e+00
567.7669213 0.000000e+00
568.359092793 0.000000e+00
568.951264286 0.000000e+00
569.543435779 0.000000e+00
570.543435779 0.0
571.543435779 0.0
572.543435779 0.0
573.543435779 0.0
574.543435779 0.0
575.543435779 0.0
576.543435779 0.0
577.543435779 0.0
578.543435779 0.0
579.543435779 0.0
580.543435779 0.0
581.543435779 0.0
582.543435779 0.0
583.543435779 0.0
584.543435779 0.0
585.543435779 0.0
586.543435779 0.0
587.543435779 0.0
588.543435779 0.0
589.543435779 0.0
590.543435779 0.0
591.543435779 0.0
592.543435779 0.0
593.543435779 0.0
594.543435779 0.0
595.543435779 0.0
596.543435779 0.0
597.543435779 0.0
598.543435779 0.0
599.543435779 0.0
600.543435779 0.0
601.543435779 0.0
602.543435779 0.0
603.543435779 0.0
604.543435779 0.0
605.543435779 0.0
606.543435779 0.0
607.543435779 0.0
608.543435779 0.0
609.543435779 0.0
610.543435779 0.0
611.543435779 0.0
612.543435779 0.0
613.543435779 0.0
614.543435779 0.0
615.543435779 0.0
616.543435779 0.0
617.543435779 0.0
618.543435779 0.0
619.543435779 0.0
620.543435779 0.0
621.543435779 0.0
622.543435779 0.0
623.543435779 0.0
624.543435779 0.0
625.543435779 0.0
626.543435779 0.0
627.543435779 0.0
628.543435779 0.0
629.543435779 0.0
630.543435779 0.0
631.543435779 0.0
632.543435779 0.0
633.543435779 0.0
634.543435779 0.0
635.543435779 0.0
636.543435779 0.0
637.543435779 0.0
638.543435779 0.0
639.543435779 0.0
640.543435779 0.0
641.543435779 0.0
642.543435779 0.0
643.543435779 0.0
644.543435779 0.0
645.543435779 0.0
646.543435779 0.0
647.543435779 0.0
648.543435779 0.0
649.543435779 0.0
650.543435779 0.0
651.543435779 0.0
652.543435779 0.0
653.543435779 0.0
654.543435779 0.0
655.543435779 0.0
656.543435779 0.0
657.543435779 0.0
658.543435779 0.0
659.543435779 0.0
660.543435779 0.0
661.543435779 0.0
662.543435779 0.0
663.543435779 0.0
664.543435779 0.0
665.543435779 0.0
666.543435779 0.0
667.543435779 0.0
668.543435779 0.0
669.543435779 0.0
670.543435779 0.0
671.543435779 0.0
672.543435779 0.0
673.543435779 0.0
674.543435779 0.0
675.543435779 0.0
676.543435779 0.0
677.543435779 0.0
678.543435779 0.0
679.543435779 0.0
680.543435779 0.0
681.543435779 0.0
682.543435779 0.0
683.543435779 0.0
684.543435779 0.0
685.543435779 0.0
686.543435779 0.0
687.543435779 0.0
688.543435779 0.0
689.543435779 0.0
690.543435779 0.0
691.543435779 0.0
692.543435779 0.0
693.543435779 0.0
694.543435779 0.0
695.543435779 0.0
696.543435779 0.0
697.543435779 0.0
698.543435779 0.0
699.543435779 0.0
700.543435779 0.0
701.543435779 0.0
702.543435779 0.0
703.543435779 0.0
704.543435779 0.0
705.543435779 0.0
706.543435779 0.0
707.543435779 0.0
708.543435779 0.0
709.543435779 0.0
710.543435779 0.0
711.543435779 0.0
712.543435779 0.0
713.543435779 0.0
714.543435779 0.0
715.543435779 0.0
716.543435779 0.0
717.543435779 0.0
718.543435779 0.0
719.543435779 0.0
720.543435779 0.0
721.543435779 0.0
722.543435779 0.0
723.543435779 0.0
724.543435779 0.0
725.543435779 0.0
726.543435779 0.0
727.543435779 0.0
728.543435779 0.0
729.543435779 0.0
730.543435779 0.0
731.543435779 0.0
732.543435779 0.0
733.543435779 0.0
734.543435779 0.0
735.543435779 0.0
736.543435779 0.0
737.543435779 0.0
738.543435779 0.0
739.543435779 0.0
740.543435779 0.0
741.543435779 0.0
742.543435779 0.0
743.543435779 0.0
744.543435779 0.0
745.543435779 0.0
746.543435779 0.0
747.543435779 0.0
748.543435779 0.0
749.543435779 0.0
750.543435779 0.0
751.543435779 0.0
752.543435779 0.0
753.543435779 0.0
754.543435779 0.0
755.543435779 0.0
756.543435779 0.0
757.543435779 0.0
758.543435779 0.0
759.543435779 0.0
760.543435779 0.0
761.543435779 0.0
762.543435779 0.0
763.543435779 0.0
764.543435779 0.0
765.543435779 0.0
766.543435779 0.0
767.543435779 0.0
768.543435779 0.0
769.543435779 0.0
770.543435779 0.0
771.543435779 0.0
772.543435779 0.0
773.543435779 0.0
774.543435779 0.0
775.543435779 0.0
776.543435779 0.0
777.543435779 0.0
778.543435779 0.0
779.543435779 0.0
780.543435779 0.0
781.543435779 0.0
782.543435779 0.0
783.543435779 0.0
784.543435779 0.0
785.543435779 0.0
786.543435779 0.0
787.543435779 0.0
788.543435779 0.0
789.543435779 0.0
790.543435779 0.0
791.543435779 0.0
792.543435779 0.0
793.543435779 0.0
794.543435779 0.0
795.543435779 0.0
796.543435779 0.0
797.543435779 0.0
798.543435779 0.0
799.543435779 0.0
800.543435779 0.0
801.543435779 0.0
802.543435779 0.0
803.543435779 0.0
804.543435779 0.0
805.543435779 0.0
806.543435779 0.0
807.543435779 0.0
808.543435779 0.0
809.543435779 0.0
810.543435779 0.0
811.543435779 0.0
812.543435779 0.0
813.543435779 0.0
814.543435779 0.0
815.543435779 0.0
816.543435779 0.0
817.543435779 0.0
818.543435779 0.0
819.543435779 0.0
820.543435779 0.0
821.543435779 0.0
822.543435779 0.0
823.543435779 0.0
824.543435779 0.0
825.543435779 0.0
826.543435779 0.0
827.543435779 0.0
828.543435779 0.0
829.543435779 0.0
830.543435779 0.0
831.543435779 0.0
832.543435779 0.0
833.543435779 0.0
834.543435779 0.0
835.543435779 0.0
836.543435779 0.0
837.543435779 0.0
838.543435779 0.0
839.543435779 0.0
840.543435779 0.0
841.543435779 0.0
842.543435779 0.0
843.543435779 0.0
844.543435779 0.0
845.543435779 0.0
846.543435779 0.0
847.543435779 0.0
848.543435779 0.0
849.543435779 0.0
850.543435779 0.0
851.543435779 0.0
852.543435779 0.0
853.543435779 0.0
854.543435779 0.0
855.543435779 0.0
856.543435779 0.0
857.543435779 0.0
858.543435779 0.0
859.543435779 0.0
860.543435779 0.0
861.543435779 0.0
862.543435779 0.0
863.543435779 0.0
864.543435779 0.0
865.543435779 0.0
866.543435779 0.0
867.543435779 0.0
868.543435779 0.0
869.543435779 0.0
870.543435779 0.0
871.543435779 0.0
872.543435779 0.0
873.543435779 0.0
874.543435779 0.0
875.543435779 0.0
876.543435779 0.0
877.543435779 0.0
878.543435779 0.0
879.543435779 0.0
880.543435779 0.0
881.543435779 0.0
882.543435779 0.0
883.543435779 0.0
884.543435779 0.0
885.543435779 0.0
886.543435779 0.0
887.543435779 0.0
888.543435779 0.0
889.543435779 0.0
890.543435779 0.0
891.543435779 0.0
892.543435779 0.0
893.543435779 0.0
894.543435779 0.0
895.543435779 0.0
896.543435779 0.0
897.543435779 0.0
898.543435779 0.0
899.543435779 0.0
900.543435779 0.0
901.543435779 0.0
902.543435779 0.0
903.543435779 0.0
904.543435779 0.0
905.543435779 0.0
906.543435779 0.0
907.543435779 0.0
908.543435779 0.0
909.543435779 0.0
910.543435779 0.0
911.543435779 0.0
912.543435779 0.0
913.543435779 0.0
914.543435779 0.0
915.543435779 0.0
916.543435779 0.0
917.543435779 0.0
918.543435779 0.0
919.543435779 0.0
920.543435779 0.0
921.543435779 0.0
922.543435779 0.0
923.543435779 0.0
924.543435779 0.0
925.543435779 0.0
926.543435779 0.0
927.543435779 0.0
928.543435779 0.0
929.543435779 0.0
930.543435779 0.0
931.543435779 0.0
932.543435779 0.0
933.543435779 0.0
934.543435779 0.0
935.543435779 0.0
936.543435779 0.0
937.543435779 0.0
938.543435779 0.0
939.543435779 0.0
940.543435779 0.0
941.543435779 0.0
942.543435779 0.0
943.543435779 0.0
944.543435779 0.0
945.543435779 0.0
946.543435779 0.0
947.543435779 0.0
948.543435779 0.0
949.543435779 0.0
950.543435779 0.0
951.543435779 0.0
952.543435779 0.0
953.543435779 0.0
954.543435779 0.0
955.543435779 0.0
956.543435779 0.0
957.543435779 0.0
958.543435779 0.0
959.543435779 0.0
960.543435779 0.0
961.543435779 0.0
962.543435779 0.0
963.543435779 0.0
964.543435779 0.0
965.543435779 0.0
966.543435779 0.0
967.543435779 0.0
968.543435779 0.0
969.543435779 0.0
970.543435779 0.0
971.543435779 0.0
972.543435779 0.0
973.543435779 0.0
974.543435779 0.0
975.543435779 0.0
976.543435779 0.0
977.543435779 0.0
978.543435779 0.0
979.543435779 0.0
980.543435779 0.0
981.543435779 0.0
982.543435779 0.0
983.543435779 0.0
984.543435779 0.0
985.543435779 0.0
986.543435779 0.0
987.543435779 0.0
988.543435779 0.0
989.543435779 0.0
990.543435779 0.0
991.543435779 0.0
992.543435779 0.0
993.543435779 0.0
994.543435779 0.0
995.543435779 0.0
996.543435779 0.0
997.543435779 0.0
998.543435779 0.0
999.543435779 0.0
1000.54343578 0.0
1001.54343578 0.0
1002.54343578 0.0
1003.54343578 0.0
1004.54343578 0.0
1005.54343578 0.0
1006.54343578 0.0
1007.54343578 0.0
1008.54343578 0.0
1009.54343578 0.0
1010.54343578 0.0
1011.54343578 0.0
1012.54343578 0.0
1013.54343578 0.0
1014.54343578 0.0
1015.54343578 0.0
1016.54343578 0.0
1017.54343578 0.0
1018.54343578 0.0
1019.54343578 0.0
1020.54343578 0.0
1021.54343578 0.0
1022.54343578 0.0
1023.54343578 0.0
1024.54343578 0.0
1025.54343578 0.0
1026.54343578 0.0
1027.54343578 0.0
1028.54343578 0.0
1029.54343578 0.0
1030.54343578 0.0
1031.54343578 0.0
1032.54343578 0.0
1033.54343578 0.0
1034.54343578 0.0
1035.54343578 0.0
1036.54343578 0.0
1037.54343578 0.0
1038.54343578 0.0
1039.54343578 0.0
1040.54343578 0.0
1041.54343578 0.0
1042.54343578 0.0
1043.54343578 0.0
1044.54343578 0.0
1045.54343578 0.0
1046.54343578 0.0
1047.54343578 0.0
1048.54343578 0.0
1049.54343578 0.0
1050.54343578 0.0
1051.54343578 0.0
1052.54343578 0.0
1053.54343578 0.0
1054.54343578 0.0
1055.54343578 0.0
1056.54343578 0.0
1057.54343578 0.0
1058.54343578 0.0
1059.54343578 0.0
1060.54343578 0.0
1061.54343578 0.0
1062.54343578 0.0
1063.54343578 0.0
1064.54343578 0.0
1065.54343578 0.0
1066.54343578 0.0
1067.54343578 0.0
1068.54343578 0.0
1069.54343578 0.0
