-761.763180057 0.0
-760.763180057 0.0
-759.763180057 0.0
-758.763180057 0.0
-757.763180057 0.0
-756.763180057 0.0
-755.763180057 0.0
-754.763180057 0.0
-753.763180057 0.0
-752.763180057 0.0
-751.763180057 0.0
-750.763180057 0.0
-749.763180057 0.0
-748.763180057 0.0
-747.763180057 0.0
-746.763180057 0.0
-745.763180057 0.0
-744.763180057 0.0
-743.763180057 0.0
-742.763180057 0.0
-741.763180057 0.0
-740.763180057 0.0
-739.763180057 0.0
-738.763180057 0.0
-737.763180057 0.0
-736.763180057 0.0
-735.763180057 0.0
-734.763180057 0.0
-733.763180057 0.0
-732.763180057 0.0
-731.763180057 0.0
-730.763180057 0.0
-729.763180057 0.0
-728.763180057 0.0
-727.763180057 0.0
-726.763180057 0.0
-725.763180057 0.0
-724.763180057 0.0
-723.763180057 0.0
-722.763180057 0.0
-721.763180057 0.0
-720.763180057 0.0
-719.763180057 0.0
-718.763180057 0.0
-717.763180057 0.0
-716.763180057 0.0
-715.763180057 0.0
-714.763180057 0.0
-713.763180057 0.0
-712.763180057 0.0
-711.763180057 0.0
-710.763180057 0.0
-709.763180057 0.0
-708.763180057 0.0
-707.763180057 0.0
-706.763180057 0.0
-705.763180057 0.0
-704.763180057 0.0
-703.763180057 0.0
-702.763180057 0.0
-701.763180057 0.0
-700.763180057 0.0
-699.763180057 0.0
-698.763180057 0.0
-697.763180057 0.0
-696.763180057 0.0
-695.763180057 0.0
-694.763180057 0.0
-693.763180057 0.0
-692.763180057 0.0
-691.763180057 0.0
-690.763180057 0.0
-689.763180057 0.0
-688.763180057 0.0
-687.763180057 0.0
-686.763180057 0.0
-685.763180057 0.0
-684.763180057 0.0
-683.763180057 0.0
-682.763180057 0.0
-681.763180057 0.0
-680.763180057 0.0
-679.763180057 0.0
-678.763180057 0.0
-677.763180057 0.0
-676.763180057 0.0
-675.763180057 0.0
-674.763180057 0.0
-673.763180057 0.0
-672.763180057 0.0
-671.763180057 0.0
-670.763180057 0.0
-669.763180057 0.0
-668.763180057 0.0
-667.763180057 0.0
-666.763180057 0.0
-665.763180057 0.0
-664.763180057 0.0
-663.763180057 0.0
-662.763180057 0.0
-661.763180057 0.0
-660.763180057 0.0
-659.763180057 0.0
-658.763180057 0.0
-657.763180057 0.0
-656.763180057 0.0
-655.763180057 0.0
-654.763180057 0.0
-653.763180057 0.0
-652.763180057 0.0
-651.763180057 0.0
-650.763180057 0.0
-649.763180057 0.0
-648.763180057 0.0
-647.763180057 0.0
-646.763180057 0.0
-645.763180057 0.0
-644.763180057 0.0
-643.763180057 0.0
-642.763180057 0.0
-641.763180057 0.0
-640.763180057 0.0
-639.763180057 0.0
-638.763180057 0.0
-637.763180057 0.0
-636.763180057 0.0
-635.763180057 0.0
-634.763180057 0.0
-633.763180057 0.0
-632.763180057 0.0
-631.763180057 0.0
-630.763180057 0.0
-629.763180057 0.0
-628.763180057 0.0
-627.763180057 0.0
-626.763180057 0.0
-625.763180057 0.0
-624.763180057 0.0
-623.763180057 0.0
-622.763180057 0.0
-621.763180057 0.0
-620.763180057 0.0
-619.763180057 0.0
-618.763180057 0.0
-617.763180057 0.0
-616.763180057 0.0
-615.763180057 0.0
-614.763180057 0.0
-613.763180057 0.0
-612.763180057 0.0
-611.763180057 0.0
-610.763180057 0.0
-609.763180057 0.0
-608.763180057 0.0
-607.763180057 0.0
-606.763180057 0.0
-605.763180057 0.0
-604.763180057 0.0
-603.763180057 0.0
-602.763180057 0.0
-601.763180057 0.0
-600.763180057 0.0
-599.763180057 0.0
-598.763180057 0.0
-597.763180057 0.0
-596.763180057 0.0
-595.763180057 0.0
-594.763180057 0.0
-593.763180057 0.0
-592.763180057 0.0
-591.763180057 0.0
-590.763180057 0.0
-589.763180057 0.0
-588.763180057 0.0
-587.763180057 0.0
-586.763180057 0.0
-585.763180057 0.0
-584.763180057 0.0
-583.763180057 0.0
-582.763180057 0.0
-581.763180057 0.0
-580.763180057 0.0
-579.763180057 0.0
-578.763180057 0.0
-577.763180057 0.0
-576.763180057 0.0
-575.763180057 0.0
-574.763180057 0.0
-573.763180057 0.0
-572.763180057 0.0
-571.763180057 0.0
-570.763180057 0.0
-569.763180057 0.0
-568.763180057 0.0
-567.763180057 0.0
-566.763180057 0.0
-565.763180057 0.0
-564.763180057 0.0
-563.763180057 0.0
-562.763180057 0.0
-561.763180057 0.0
-560.763180057 0.0
-559.763180057 0.0
-558.763180057 0.0
-557.763180057 0.0
-556.763180057 0.0
-555.763180057 0.0
-554.763180057 0.0
-553.763180057 0.0
-552.763180057 0.0
-551.763180057 0.0
-550.763180057 0.0
-549.763180057 0.0
-548.763180057 0.0
-547.763180057 0.0
-546.763180057 0.0
-545.763180057 0.0
-544.763180057 0.0
-543.763180057 0.0
-542.763180057 0.0
-541.763180057 0.0
-540.763180057 0.0
-539.763180057 0.0
-538.763180057 0.0
-537.763180057 0.0
-536.763180057 0.0
-535.763180057 0.0
-534.763180057 0.0
-533.763180057 0.0
-532.763180057 0.0
-531.763180057 0.0
-530.763180057 0.0
-529.763180057 0.0
-528.763180057 0.0
-527.763180057 0.0
-526.763180057 0.0
-525.763180057 0.0
-524.763180057 0.0
-523.763180057 0.0
-522.763180057 0.0
-521.763180057 0.0
-520.763180057 0.0
-519.763180057 0.0
-518.763180057 0.0
-517.763180057 0.0
-516.763180057 0.0
-515.763180057 0.0
-514.763180057 0.0
-513.763180057 0.0
-512.763180057 0.0
-511.763180057 0.0
-510.763180057 0.0
-509.763180057 0.0
-508.763180057 0.0
-507.763180057 0.0
-506.763180057 0.0
-505.763180057 0.0
-504.763180057 0.0
-503.763180057 0.0
-502.763180057 0.0
-501.763180057 0.0
-500.763180057 0.0
-499.763180057 0.0
-498.763180057 0.0
-497.763180057 0.0
-496.763180057 0.0
-495.763180057 0.0
-494.763180057 0.0
-493.763180057 0.0
-492.763180057 0.0
-491.763180057 0.0
-490.763180057 0.0
-489.763180057 0.0
-488.763180057 0.0
-487.763180057 0.0
-486.763180057 0.0
-485.763180057 0.0
-484.763180057 0.0
-483.763180057 0.0
-482.763180057 0.0
-481.763180057 0.0
-480.763180057 0.0
-479.763180057 0.0
-478.763180057 0.0
-477.763180057 0.0
-476.763180057 0.0
-475.763180057 0.0
-474.763180057 0.0
-473.763180057 0.0
-472.763180057 0.0
-471.763180057 0.0
-470.763180057 0.0
-469.763180057 0.0
-468.763180057 0.0
-467.763180057 0.0
-466.763180057 0.0
-465.763180057 0.0
-464.763180057 0.0
-463.763180057 0.0
-462.763180057 0.0
-461.763180057 0.0
-460.763180057 0.0
-459.763180057 0.0
-458.763180057 0.0
-457.763180057 0.0
-456.763180057 0.0
-455.763180057 0.0
-454.763180057 0.0
-453.763180057 0.0
-452.763180057 0.0
-451.763180057 0.0
-450.763180057 0.0
-449.763180057 0.0
-448.763180057 0.0
-447.763180057 0.0
-446.763180057 0.0
-445.763180057 0.0
-444.763180057 0.0
-443.763180057 0.0
-442.763180057 0.0
-441.763180057 0.0
-440.763180057 0.0
-439.763180057 0.0
-438.763180057 0.0
-437.763180057 0.0
-436.763180057 0.0
-435.763180057 0.0
-434.763180057 0.0
-433.763180057 0.0
-432.763180057 0.0
-431.763180057 0.0
-430.763180057 0.0
-429.763180057 0.0
-428.763180057 0.0
-427.763180057 0.0
-426.763180057 0.0
-425.763180057 0.0
-424.763180057 0.0
-423.763180057 0.0
-422.763180057 0.0
-421.763180057 0.0
-420.763180057 0.0
-419.763180057 0.0
-418.763180057 0.0
-417.763180057 0.0
-416.763180057 0.0
-415.763180057 0.0
-414.763180057 0.0
-413.763180057 0.0
-412.763180057 0.0
-411.763180057 0.0
-410.763180057 0.0
-409.763180057 0.0
-408.763180057 0.0
-407.763180057 0.0
-406.763180057 0.0
-405.763180057 0.0
-404.763180057 0.0
-403.763180057 0.0
-402.763180057 0.0
-401.763180057 0.0
-400.763180057 0.0
-399.763180057 0.0
-398.763180057 0.0
-397.763180057 0.0
-396.763180057 0.0
-395.763180057 0.0
-394.763180057 0.0
-393.763180057 0.0
-392.763180057 0.0
-391.763180057 0.0
-390.763180057 0.0
-389.763180057 0.0
-388.763180057 0.0
-387.763180057 0.0
-386.763180057 0.0
-385.763180057 0.0
-384.763180057 0.0
-383.763180057 0.0
-382.763180057 0.0
-381.763180057 0.0
-380.763180057 0.0
-379.763180057 0.0
-378.763180057 0.0
-377.763180057 0.0
-376.763180057 0.0
-375.763180057 0.0
-374.763180057 0.0
-373.763180057 0.0
-372.763180057 0.0
-371.763180057 0.0
-370.763180057 0.0
-369.763180057 0.0
-368.763180057 0.0
-367.763180057 0.0
-366.763180057 0.0
-365.763180057 0.0
-364.763180057 0.0
-363.763180057 0.0
-362.763180057 0.0
-361.763180057 0.0
-360.763180057 0.0
-359.763180057 0.0
-358.763180057 0.0
-357.763180057 0.0
-356.763180057 0.0
-355.763180057 0.0
-354.763180057 0.0
-353.763180057 0.0
-352.763180057 0.0
-351.763180057 0.0
-350.763180057 0.0
-349.763180057 0.0
-348.763180057 0.0
-347.763180057 0.0
-346.763180057 0.0
-345.763180057 0.0
-344.763180057 0.0
-343.763180057 0.0
-342.763180057 0.0
-341.763180057 0.0
-340.763180057 0.0
-339.763180057 0.0
-338.763180057 0.0
-337.763180057 0.0
-336.763180057 0.0
-335.763180057 0.0
-334.763180057 0.0
-333.763180057 0.0
-332.763180057 0.0
-331.763180057 0.0
-330.763180057 0.0
-329.763180057 0.0
-328.763180057 0.0
-327.763180057 0.0
-326.763180057 0.0
-325.763180057 0.0
-324.763180057 0.0
-323.763180057 0.0
-322.763180057 0.0
-321.763180057 0.0
-320.763180057 0.0
-319.763180057 0.0
-318.763180057 0.0
-317.763180057 0.0
-316.763180057 0.0
-315.763180057 0.0
-314.763180057 0.0
-313.763180057 0.0
-312.763180057 0.0
-311.763180057 0.0
-310.763180057 0.0
-309.763180057 0.0
-308.763180057 0.0
-307.763180057 0.0
-306.763180057 0.0
-305.763180057 0.0
-304.763180057 0.0
-303.763180057 0.0
-302.763180057 0.0
-301.763180057 0.0
-300.763180057 0.0
-299.763180057 0.0
-298.763180057 0.0
-297.763180057 0.0
-296.763180057 0.0
-295.763180057 0.0
-294.763180057 0.0
-293.763180057 0.0
-292.763180057 0.0
-291.763180057 0.0
-290.763180057 0.0
-289.763180057 0.0
-288.763180057 0.0
-287.763180057 0.0
-286.763180057 0.0
-285.763180057 0.0
-284.763180057 0.0
-283.763180057 0.0
-282.763180057 0.0
-281.763180057 0.0
-280.763180057 0.0
-279.763180057 0.0
-278.763180057 0.0
-277.763180057 0.0
-276.763180057 0.0
-275.763180057 0.0
-274.763180057 0.0
-273.763180057 0.0
-272.763180057 0.0
-271.763180057 0.0
-270.763180057 0.0
-269.763180057 0.0
-268.763180057 0.0
-267.763180057 0.0
-266.763180057 0.0
-265.763180057 0.0
-264.763180057 0.0
-263.763180057 0.0
-262.763180057 0.0
-261.763180057 0.000000e+00
-261.426309584 0.000000e+00
-261.089439111 0.000000e+00
-260.752568637 0.000000e+00
-260.415698164 0.000000e+00
-260.078827691 0.000000e+00
-259.741957217 0.000000e+00
-259.405086744 0.000000e+00
-259.068216271 0.000000e+00
-258.731345798 0.000000e+00
-258.394475324 0.000000e+00
-258.057604851 0.000000e+00
-257.720734378 0.000000e+00
-257.383863904 0.000000e+00
-257.046993431 0.000000e+00
-256.710122958 0.000000e+00
-256.373252484 0.000000e+00
-256.036382011 0.000000e+00
-255.699511538 0.000000e+00
-255.362641065 0.000000e+00
-255.025770591 0.000000e+00
-254.688900118 0.000000e+00
-254.352029645 0.000000e+00
-254.015159171 0.000000e+00
-253.678288698 0.000000e+00
-253.341418225 0.000000e+00
-253.004547751 0.000000e+00
-252.667677278 0.000000e+00
-252.330806805 0.000000e+00
-251.993936331 0.000000e+00
-251.657065858 0.000000e+00
-251.320195385 0.000000e+00
-250.983324912 0.000000e+00
-250.646454438 0.000000e+00
-250.309583965 0.000000e+00
-249.972713492 0.000000e+00
-249.635843018 0.000000e+00
-249.298972545 0.000000e+00
-248.962102072 0.000000e+00
-248.625231598 0.000000e+00
-248.288361125 0.000000e+00
-247.951490652 0.000000e+00
-247.614620179 0.000000e+00
-247.277749705 0.000000e+00
-246.940879232 0.000000e+00
-246.604008759 0.000000e+00
-246.267138285 0.000000e+00
-245.930267812 0.000000e+00
-245.593397339 0.000000e+00
-245.256526865 0.000000e+00
-244.919656392 0.000000e+00
-244.582785919 0.000000e+00
-244.245915446 0.000000e+00
-243.909044972 0.000000e+00
-243.572174499 0.000000e+00
-243.235304026 0.000000e+00
-242.898433552 0.000000e+00
-242.561563079 0.000000e+00
-242.224692606 0.000000e+00
-241.887822132 0.000000e+00
-241.550951659 0.000000e+00
-241.214081186 0.000000e+00
-240.877210712 0.000000e+00
-240.540340239 0.000000e+00
-240.203469766 0.000000e+00
-239.866599293 0.000000e+00
-239.529728819 0.000000e+00
-239.192858346 0.000000e+00
-238.855987873 0.000000e+00
-238.519117399 0.000000e+00
-238.182246926 0.000000e+00
-237.845376453 0.000000e+00
-237.508505979 0.000000e+00
-237.171635506 0.000000e+00
-236.834765033 0.000000e+00
-236.49789456 0.000000e+00
-236.161024086 0.000000e+00
-235.824153613 0.000000e+00
-235.48728314 0.000000e+00
-235.150412666 0.000000e+00
-234.813542193 0.000000e+00
-234.47667172 0.000000e+00
-234.139801246 0.000000e+00
-233.802930773 0.000000e+00
-233.4660603 0.000000e+00
-233.129189827 0.000000e+00
-232.792319353 0.000000e+00
-232.45544888 0.000000e+00
-232.118578407 0.000000e+00
-231.781707933 0.000000e+00
-231.44483746 0.000000e+00
-231.107966987 0.000000e+00
-230.771096513 0.000000e+00
-230.43422604 0.000000e+00
-230.097355567 0.000000e+00
-229.760485093 0.000000e+00
-229.42361462 0.000000e+00
-229.086744147 0.000000e+00
-228.749873674 0.000000e+00
-228.4130032 0.000000e+00
-228.076132727 0.000000e+00
-227.739262254 0.000000e+00
-227.40239178 0.000000e+00
-227.065521307 0.000000e+00
-226.728650834 0.000000e+00
-226.39178036 0.000000e+00
-226.054909887 0.000000e+00
-225.718039414 0.000000e+00
-225.381168941 0.000000e+00
-225.044298467 0.000000e+00
-224.707427994 0.000000e+00
-224.370557521 0.000000e+00
-224.033687047 0.000000e+00
-223.696816574 0.000000e+00
-223.359946101 0.000000e+00
-223.023075627 0.000000e+00
-222.686205154 0.000000e+00
-222.349334681 0.000000e+00
-222.012464208 0.000000e+00
-221.675593734 0.000000e+00
-80.5268654202 0.000000e+00
-80.1899949469 0.000000e+00
-79.8531244736 0.000000e+00
-79.5162540003 0.000000e+00
-79.179383527 0.000000e+00
-78.8425130537 0.000000e+00
-78.5056425804 0.000000e+00
-78.1687721071 0.000000e+00
-77.8319016338 0.000000e+00
-77.4950311605 0.000000e+00
-77.1581606872 0.000000e+00
-76.8212902139 0.000000e+00
-76.4844197406 0.000000e+00
-76.1475492673 0.000000e+00
-75.810678794 0.000000e+00
-75.4738083207 0.000000e+00
-75.1369378474 0.000000e+00
-74.8000673741 0.000000e+00
-74.4631969008 0.000000e+00
-74.1263264275 0.000000e+00
-73.7894559542 0.000000e+00
-73.4525854809 0.000000e+00
-73.1157150076 0.000000e+00
-72.7788445343 0.000000e+00
-72.441974061 0.000000e+00
-72.1051035877 0.000000e+00
-71.7682331144 0.000000e+00
-71.4313626411 0.000000e+00
-71.0944921678 0.000000e+00
-70.7576216945 0.000000e+00
-70.4207512212 0.000000e+00
-70.0838807479 0.000000e+00
-69.7470102745 0.000000e+00
-69.4101398012 0.000000e+00
-69.0732693279 0.000000e+00
-68.7363988546 0.000000e+00
-68.3995283813 0.000000e+00
-68.062657908 0.000000e+00
-67.7257874347 0.000000e+00
-67.3889169614 0.000000e+00
-67.0520464881 0.000000e+00
-66.7151760148 0.000000e+00
-66.3783055415 0.000000e+00
-66.0414350682 0.000000e+00
-65.7045645949 0.000000e+00
-65.3676941216 0.000000e+00
-65.0308236483 0.000000e+00
-64.693953175 0.000000e+00
-64.3570827017 0.000000e+00
-64.0202122284 0.000000e+00
-63.6833417551 0.000000e+00
-63.3464712818 0.000000e+00
-63.0096008085 0.000000e+00
-62.6727303352 0.000000e+00
-62.3358598619 0.000000e+00
-61.9989893886 0.000000e+00
-61.6621189153 0.000000e+00
-61.325248442 0.000000e+00
-60.9883779687 0.000000e+00
-60.6515074954 0.000000e+00
-60.3146370221 0.000000e+00
-59.9777665488 0.000000e+00
-59.6408960755 0.000000e+00
-59.3040256022 0.000000e+00
-58.9671551289 0.000000e+00
-58.6302846555 0.000000e+00
-58.2934141822 0.000000e+00
-57.9565437089 0.000000e+00
-57.6196732356 0.000000e+00
-57.2828027623 0.000000e+00
-56.945932289 0.000000e+00
-56.6090618157 0.000000e+00
-56.2721913424 0.000000e+00
-55.9353208691 0.000000e+00
-55.5984503958 0.000000e+00
-55.2615799225 0.000000e+00
-54.9247094492 0.000000e+00
-54.5878389759 0.000000e+00
-54.2509685026 0.000000e+00
-53.9140980293 0.000000e+00
-53.577227556 0.000000e+00
-53.2403570827 0.000000e+00
-52.9034866094 0.000000e+00
-52.5666161361 0.000000e+00
-52.2297456628 0.000000e+00
-51.8928751895 0.000000e+00
-51.5560047162 0.000000e+00
-51.2191342429 0.000000e+00
-50.8822637696 0.000000e+00
-50.5453932963 0.000000e+00
-50.208522823 0.000000e+00
-49.8716523497 0.000000e+00
-49.5347818764 0.000000e+00
-49.1979114031 0.000000e+00
-48.8610409298 0.000000e+00
-48.5241704565 0.000000e+00
-48.1872999832 0.000000e+00
-47.8504295099 0.000000e+00
-47.5135590366 0.000000e+00
-47.1766885632 0.000000e+00
-46.8398180899 0.000000e+00
-46.5029476166 0.000000e+00
-46.1660771433 0.000000e+00
-45.82920667 0.000000e+00
-45.4923361967 0.000000e+00
-45.1554657234 0.000000e+00
-44.8185952501 0.000000e+00
-44.4817247768 0.000000e+00
-44.1448543035 0.000000e+00
-43.8079838302 0.000000e+00
-43.4711133569 0.000000e+00
-43.1342428836 0.000000e+00
-42.7973724103 0.000000e+00
-42.460501937 0.000000e+00
-42.1236314637 0.000000e+00
-41.7867609904 0.000000e+00
-41.4498905171 0.000000e+00
-41.1130200438 0.000000e+00
-40.7761495705 0.000000e+00
-40.4392790972 0.000000e+00
-40.1024086239 0.000000e+00
-39.7655381506 0.000000e+00
-39.4286676773 0.000000e+00
-39.091797204 0.000000e+00
-38.7549267307 0.000000e+00
-38.4180562574 0.000000e+00
-38.0811857841 0.000000e+00
-37.7443153108 0.000000e+00
-37.4074448375 0.000000e+00
-37.0705743642 0.000000e+00
-36.7337038909 0.000000e+00
-36.3968334176 0.000000e+00
-36.0599629442 0.000000e+00
-35.7230924709 0.000000e+00
-35.3862219976 0.000000e+00
-35.0493515243 0.000000e+00
-34.712481051 0.000000e+00
-34.3756105777 0.000000e+00
-34.0387401044 0.000000e+00
-33.7018696311 0.000000e+00
-33.3649991578 0.000000e+00
-33.0281286845 0.000000e+00
-32.6912582112 0.000000e+00
-32.3543877379 0.000000e+00
-32.0175172646 0.000000e+00
-31.6806467913 0.000000e+00
-31.343776318 0.000000e+00
-31.0069058447 0.000000e+00
-30.6700353714 0.000000e+00
-30.3331648981 0.000000e+00
-29.9962944248 0.000000e+00
-29.6594239515 0.000000e+00
-29.3225534782 0.000000e+00
-28.9856830049 0.000000e+00
-28.6488125316 0.000000e+00
-28.3119420583 0.000000e+00
-27.975071585 0.000000e+00
-27.6382011117 0.000000e+00
-27.3013306384 0.000000e+00
-26.9644601651 0.000000e+00
-26.6275896918 0.000000e+00
-26.2907192185 0.000000e+00
-25.9538487452 0.000000e+00
-25.6169782719 0.000000e+00
-25.2801077986 0.000000e+00
-24.9432373252 0.000000e+00
-24.6063668519 0.000000e+00
-24.2694963786 0.000000e+00
-23.9326259053 0.000000e+00
-23.595755432 0.000000e+00
-23.2588849587 0.000000e+00
-22.9220144854 0.000000e+00
-22.5851440121 0.000000e+00
-22.2482735388 0.000000e+00
-21.9114030655 0.000000e+00
-21.5745325922 0.000000e+00
-21.2376621189 0.000000e+00
-20.9007916456 0.000000e+00
-20.5639211723 0.000000e+00
-20.227050699 2.082614e-01
-19.8901802257 0.000000e+00
-19.5533097524 0.000000e+00
-19.2164392791 0.000000e+00
-18.8795688058 0.000000e+00
-18.5426983325 0.000000e+00
-18.2058278592 0.000000e+00
-17.8689573859 0.000000e+00
-17.5320869126 0.000000e+00
-17.1952164393 0.000000e+00
-16.858345966 0.000000e+00
-16.5214754927 0.000000e+00
-16.1846050194 0.000000e+00
-15.8477345461 0.000000e+00
-15.5108640728 0.000000e+00
-15.1739935995 0.000000e+00
-14.8371231262 0.000000e+00
-14.5002526529 0.000000e+00
-14.1633821796 0.000000e+00
-13.8265117062 0.000000e+00
-13.4896412329 0.000000e+00
-13.1527707596 0.000000e+00
-12.8159002863 0.000000e+00
-12.479029813 0.000000e+00
-12.1421593397 0.000000e+00
-11.8052888664 0.000000e+00
-11.4684183931 0.000000e+00
-11.1315479198 0.000000e+00
-10.7946774465 0.000000e+00
-10.4578069732 0.000000e+00
-10.1209364999 0.000000e+00
-9.78406602661 0.000000e+00
-9.44719555331 0.000000e+00
-9.11032508001 0.000000e+00
-8.7734546067 0.000000e+00
-8.4365841334 0.000000e+00
-8.0997136601 0.000000e+00
-7.76284318679 0.000000e+00
-7.42597271349 0.000000e+00
-7.08910224019 2.324563e-01
-6.75223176689 0.000000e+00
-6.41536129358 0.000000e+00
-6.07849082028 0.000000e+00
-5.74162034698 0.000000e+00
-5.40474987367 0.000000e+00
-5.06787940037 0.000000e+00
-4.73100892707 0.000000e+00
-4.39413845376 0.000000e+00
-4.05726798046 0.000000e+00
-3.72039750716 0.000000e+00
-3.38352703386 2.045274e-01
-3.04665656055 4.218797e-01
-2.70978608725 5.311289e-01
-2.37291561395 5.196394e-01
-2.03604514064 7.805112e-01
-1.69917466734 6.105039e-01
-1.36230419404 3.915638e-01
-1.02543372073 5.943628e-01
-0.688563247431 5.847719e-01
-0.351692774128 6.250105e-01
-0.0148223008253 8.951753e-01
0.322048172478 6.902634e-01
0.658918645781 8.223158e-01
0.995789119084 7.483959e-01
1.33265959239 7.190184e-01
1.66953006569 7.929431e-01
2.00640053899 6.970515e-01
2.3432710123 5.714429e-01
2.6801414856 1.000000e+00
3.0170119589 8.798939e-01
3.3538824322 8.556237e-01
3.69075290551 5.165271e-01
4.02762337881 5.640778e-01
4.36449385211 5.311049e-01
4.70136432542 5.110576e-01
5.03823479872 2.668260e-01
5.37510527202 3.068903e-01
5.71197574533 0.000000e+00
6.04884621863 2.473882e-01
6.38571669193 2.726503e-01
6.72258716523 0.000000e+00
7.05945763854 0.000000e+00
7.39632811184 0.000000e+00
7.73319858514 0.000000e+00
8.07006905845 0.000000e+00
8.40693953175 0.000000e+00
8.74381000505 0.000000e+00
9.08068047836 0.000000e+00
9.41755095166 0.000000e+00
9.75442142496 0.000000e+00
10.0912918983 0.000000e+00
10.4281623716 0.000000e+00
10.7650328449 0.000000e+00
11.1019033182 0.000000e+00
11.4387737915 0.000000e+00
11.7756442648 0.000000e+00
12.1125147381 0.000000e+00
12.4493852114 0.000000e+00
12.7862556847 0.000000e+00
13.123126158 0.000000e+00
13.4599966313 0.000000e+00
13.7968671046 0.000000e+00
14.1337375779 0.000000e+00
14.4706080512 0.000000e+00
14.8074785245 0.000000e+00
15.1443489978 0.000000e+00
15.4812194711 0.000000e+00
15.8180899444 0.000000e+00
16.1549604177 0.000000e+00
16.491830891 0.000000e+00
16.8287013643 0.000000e+00
17.1655718376 0.000000e+00
17.5024423109 0.000000e+00
17.8393127842 0.000000e+00
18.1761832575 0.000000e+00
18.5130537308 0.000000e+00
18.8499242041 0.000000e+00
19.1867946774 1.851188e-01
19.5236651507 0.000000e+00
19.8605356241 1.939606e-01
20.1974060974 2.477422e-01
20.5342765707 3.161875e-01
20.871147044 2.354880e-01
21.2080175173 0.000000e+00
21.5448879906 0.000000e+00
21.8817584639 2.215747e-01
22.2186289372 0.000000e+00
22.5554994105 0.000000e+00
22.8923698838 0.000000e+00
23.2292403571 0.000000e+00
23.5661108304 0.000000e+00
23.9029813037 0.000000e+00
24.239851777 0.000000e+00
24.5767222503 0.000000e+00
24.9135927236 0.000000e+00
25.2504631969 0.000000e+00
25.5873336702 0.000000e+00
25.9242041435 0.000000e+00
26.2610746168 0.000000e+00
26.5979450901 0.000000e+00
26.9348155634 0.000000e+00
27.2716860367 0.000000e+00
27.60855651 0.000000e+00
27.9454269833 0.000000e+00
28.2822974566 0.000000e+00
28.6191679299 0.000000e+00
28.9560384032 0.000000e+00
29.2929088765 0.000000e+00
29.6297793498 1.813651e-01
29.9666498231 0.000000e+00
30.3035202964 0.000000e+00
30.6403907697 0.000000e+00
30.9772612431 0.000000e+00
31.3141317164 0.000000e+00
31.6510021897 0.000000e+00
31.987872663 2.553526e-01
32.3247431363 4.011512e-01
32.6616136096 3.083875e-01
32.9984840829 2.525815e-01
33.3353545562 3.103970e-01
33.6722250295 3.177899e-01
34.0090955028 4.108823e-01
34.3459659761 3.882031e-01
34.6828364494 4.820692e-01
35.0197069227 5.471015e-01
35.356577396 8.479787e-01
35.6934478693 5.291589e-01
36.0303183426 4.125947e-01
36.3671888159 3.179310e-01
36.7040592892 3.162010e-01
37.0409297625 5.720720e-01
37.3778002358 7.761387e-01
37.7146707091 7.352295e-01
38.0515411824 8.334379e-01
38.3884116557 8.361854e-01
38.725282129 5.539857e-01
39.0621526023 4.837393e-01
39.3990230756 5.876167e-01
39.7358935489 4.956738e-01
40.0727640222 4.643800e-01
40.4096344955 5.528774e-01
40.7465049688 5.613482e-01
41.0833754421 3.238363e-01
41.4202459154 3.069549e-01
41.7571163887 2.805057e-01
42.0939868621 2.576160e-01
42.4308573354 2.321826e-01
42.7677278087 0.000000e+00
43.104598282 2.315192e-01
43.4414687553 0.000000e+00
43.7783392286 0.000000e+00
44.1152097019 0.000000e+00
44.4520801752 0.000000e+00
44.7889506485 0.000000e+00
45.1258211218 2.377169e-01
45.4626915951 2.443393e-01
45.7995620684 2.695730e-01
46.1364325417 0.000000e+00
46.473303015 1.863698e-01
46.8101734883 2.557336e-01
47.1470439616 0.000000e+00
47.4839144349 0.000000e+00
47.8207849082 0.000000e+00
48.1576553815 0.000000e+00
48.4945258548 0.000000e+00
48.8313963281 0.000000e+00
49.1682668014 0.000000e+00
49.5051372747 0.000000e+00
49.842007748 0.000000e+00
50.1788782213 0.000000e+00
50.5157486946 0.000000e+00
50.8526191679 0.000000e+00
51.1894896412 0.000000e+00
51.5263601145 0.000000e+00
51.8632305878 0.000000e+00
52.2001010611 1.753276e-01
52.5369715344 0.000000e+00
52.8738420077 0.000000e+00
53.2107124811 0.000000e+00
53.5475829544 0.000000e+00
53.8844534277 0.000000e+00
54.221323901 0.000000e+00
54.5581943743 0.000000e+00
54.8950648476 0.000000e+00
55.2319353209 0.000000e+00
55.5688057942 0.000000e+00
55.9056762675 0.000000e+00
56.2425467408 0.000000e+00
56.5794172141 0.000000e+00
56.9162876874 0.000000e+00
57.2531581607 0.000000e+00
57.590028634 0.000000e+00
57.9268991073 0.000000e+00
58.2637695806 0.000000e+00
58.6006400539 0.000000e+00
58.9375105272 0.000000e+00
59.2743810005 0.000000e+00
59.6112514738 0.000000e+00
59.9481219471 0.000000e+00
60.2849924204 0.000000e+00
60.6218628937 2.009295e-01
60.958733367 0.000000e+00
61.2956038403 0.000000e+00
61.6324743136 0.000000e+00
61.9693447869 0.000000e+00
62.3062152602 0.000000e+00
62.6430857335 0.000000e+00
62.9799562068 0.000000e+00
63.3168266801 0.000000e+00
63.6536971534 0.000000e+00
63.9905676267 0.000000e+00
64.3274381001 0.000000e+00
64.6643085734 0.000000e+00
65.0011790467 0.000000e+00
65.33804952 0.000000e+00
65.6749199933 0.000000e+00
66.0117904666 0.000000e+00
66.3486609399 0.000000e+00
66.6855314132 0.000000e+00
67.0224018865 0.000000e+00
67.3592723598 0.000000e+00
67.6961428331 0.000000e+00
68.0330133064 0.000000e+00
68.3698837797 0.000000e+00
68.706754253 0.000000e+00
69.0436247263 0.000000e+00
69.3804951996 0.000000e+00
69.7173656729 0.000000e+00
70.0542361462 0.000000e+00
70.3911066195 0.000000e+00
70.7279770928 0.000000e+00
71.0648475661 0.000000e+00
71.4017180394 0.000000e+00
71.7385885127 0.000000e+00
72.075458986 0.000000e+00
72.4123294593 0.000000e+00
72.7491999326 0.000000e+00
73.0860704059 0.000000e+00
73.4229408792 0.000000e+00
73.7598113525 0.000000e+00
74.0966818258 0.000000e+00
74.4335522991 0.000000e+00
74.7704227724 0.000000e+00
75.1072932457 0.000000e+00
75.4441637191 0.000000e+00
75.7810341924 0.000000e+00
76.1179046657 0.000000e+00
76.454775139 0.000000e+00
76.7916456123 0.000000e+00
77.1285160856 0.000000e+00
77.4653865589 0.000000e+00
77.8022570322 0.000000e+00
78.1391275055 0.000000e+00
78.4759979788 0.000000e+00
78.8128684521 0.000000e+00
79.1497389254 0.000000e+00
79.4866093987 0.000000e+00
79.823479872 0.000000e+00
80.1603503453 0.000000e+00
80.4972208186 0.000000e+00
80.8340912919 0.000000e+00
81.1709617652 0.000000e+00
81.5078322385 0.000000e+00
81.8447027118 0.000000e+00
82.1815731851 0.000000e+00
82.5184436584 0.000000e+00
82.8553141317 0.000000e+00
83.192184605 0.000000e+00
83.5290550783 0.000000e+00
83.8659255516 0.000000e+00
84.2027960249 0.000000e+00
84.5396664982 0.000000e+00
84.8765369715 0.000000e+00
85.2134074448 0.000000e+00
85.5502779181 0.000000e+00
85.8871483914 0.000000e+00
86.2240188647 0.000000e+00
86.560889338 0.000000e+00
86.8977598114 0.000000e+00
87.2346302847 0.000000e+00
87.571500758 0.000000e+00
87.9083712313 0.000000e+00
88.2452417046 0.000000e+00
88.5821121779 0.000000e+00
88.9189826512 0.000000e+00
89.2558531245 0.000000e+00
89.5927235978 0.000000e+00
89.9295940711 0.000000e+00
90.2664645444 0.000000e+00
90.6033350177 0.000000e+00
90.940205491 0.000000e+00
91.2770759643 0.000000e+00
91.6139464376 0.000000e+00
91.9508169109 0.000000e+00
92.2876873842 0.000000e+00
92.6245578575 0.000000e+00
92.9614283308 0.000000e+00
93.2982988041 0.000000e+00
93.6351692774 0.000000e+00
93.9720397507 0.000000e+00
94.308910224 0.000000e+00
94.6457806973 0.000000e+00
94.9826511706 0.000000e+00
95.3195216439 0.000000e+00
95.6563921172 0.000000e+00
95.9932625905 0.000000e+00
96.3301330638 0.000000e+00
96.6670035371 0.000000e+00
97.0038740104 0.000000e+00
97.3407444837 0.000000e+00
97.677614957 0.000000e+00
98.0144854304 0.000000e+00
98.3513559037 0.000000e+00
98.688226377 0.000000e+00
99.0250968503 0.000000e+00
99.3619673236 0.000000e+00
99.6988377969 0.000000e+00
100.03570827 0.000000e+00
100.372578743 0.000000e+00
100.709449217 0.000000e+00
101.04631969 0.000000e+00
101.383190163 0.000000e+00
101.720060637 0.000000e+00
102.05693111 0.000000e+00
102.393801583 0.000000e+00
102.730672057 0.000000e+00
103.06754253 0.000000e+00
103.404413003 0.000000e+00
103.741283477 0.000000e+00
104.07815395 0.000000e+00
104.415024423 0.000000e+00
104.751894896 0.000000e+00
105.08876537 0.000000e+00
105.425635843 0.000000e+00
105.762506316 0.000000e+00
106.09937679 0.000000e+00
106.436247263 0.000000e+00
106.773117736 0.000000e+00
107.10998821 0.000000e+00
107.446858683 0.000000e+00
107.783729156 0.000000e+00
108.120599629 0.000000e+00
108.457470103 0.000000e+00
108.794340576 0.000000e+00
109.131211049 0.000000e+00
109.468081523 0.000000e+00
109.804951996 0.000000e+00
110.141822469 0.000000e+00
110.478692943 0.000000e+00
110.815563416 0.000000e+00
111.152433889 0.000000e+00
111.489304362 0.000000e+00
111.826174836 0.000000e+00
112.163045309 0.000000e+00
112.499915782 0.000000e+00
112.836786256 0.000000e+00
113.173656729 0.000000e+00
113.510527202 0.000000e+00
113.847397676 0.000000e+00
114.184268149 0.000000e+00
114.521138622 0.000000e+00
114.858009096 0.000000e+00
115.194879569 0.000000e+00
115.531750042 0.000000e+00
115.868620515 0.000000e+00
116.205490989 0.000000e+00
116.542361462 0.000000e+00
116.879231935 0.000000e+00
117.216102409 0.000000e+00
117.552972882 0.000000e+00
117.889843355 0.000000e+00
118.226713829 0.000000e+00
118.563584302 0.000000e+00
118.900454775 0.000000e+00
119.237325248 0.000000e+00
119.574195722 0.000000e+00
119.911066195 0.000000e+00
120.247936668 0.000000e+00
120.584807142 0.000000e+00
120.921677615 0.000000e+00
121.258548088 0.000000e+00
121.595418562 0.000000e+00
121.932289035 0.000000e+00
122.269159508 0.000000e+00
122.606029981 0.000000e+00
122.942900455 0.000000e+00
123.279770928 0.000000e+00
123.616641401 0.000000e+00
123.953511875 0.000000e+00
124.290382348 0.000000e+00
124.627252821 0.000000e+00
124.964123295 0.000000e+00
125.300993768 0.000000e+00
125.637864241 0.000000e+00
125.974734715 0.000000e+00
126.311605188 0.000000e+00
126.648475661 0.000000e+00
126.985346134 0.000000e+00
127.322216608 0.000000e+00
127.659087081 0.000000e+00
127.995957554 0.000000e+00
128.332828028 0.000000e+00
128.669698501 0.000000e+00
129.006568974 0.000000e+00
129.343439448 0.000000e+00
129.680309921 0.000000e+00
130.017180394 0.000000e+00
130.354050867 0.000000e+00
130.690921341 0.000000e+00
131.027791814 0.000000e+00
131.364662287 0.000000e+00
131.701532761 0.000000e+00
132.038403234 0.000000e+00
132.375273707 0.000000e+00
132.712144181 0.000000e+00
133.049014654 0.000000e+00
133.385885127 0.000000e+00
133.7227556 0.000000e+00
134.059626074 0.000000e+00
134.396496547 0.000000e+00
134.73336702 0.000000e+00
135.070237494 0.000000e+00
135.407107967 0.000000e+00
135.74397844 0.000000e+00
136.080848914 0.000000e+00
136.417719387 0.000000e+00
136.75458986 0.000000e+00
137.091460334 0.000000e+00
137.428330807 0.000000e+00
137.76520128 0.000000e+00
138.102071753 0.000000e+00
138.438942227 0.000000e+00
138.7758127 0.000000e+00
139.112683173 0.000000e+00
139.449553647 0.000000e+00
139.78642412 0.000000e+00
140.123294593 0.000000e+00
140.460165067 0.000000e+00
140.79703554 0.000000e+00
141.133906013 0.000000e+00
141.470776486 0.000000e+00
141.80764696 0.000000e+00
142.144517433 0.000000e+00
142.481387906 0.000000e+00
142.81825838 0.000000e+00
143.155128853 0.000000e+00
143.491999326 0.000000e+00
143.8288698 0.000000e+00
144.165740273 0.000000e+00
144.502610746 0.000000e+00
144.839481219 0.000000e+00
145.176351693 0.000000e+00
145.513222166 0.000000e+00
145.850092639 0.000000e+00
146.186963113 0.000000e+00
146.523833586 0.000000e+00
146.860704059 0.000000e+00
147.197574533 0.000000e+00
147.534445006 0.000000e+00
147.871315479 0.000000e+00
148.208185953 0.000000e+00
148.545056426 0.000000e+00
148.881926899 0.000000e+00
149.218797372 0.000000e+00
149.555667846 0.000000e+00
149.892538319 0.000000e+00
150.229408792 0.000000e+00
150.566279266 0.000000e+00
150.903149739 0.000000e+00
151.240020212 0.000000e+00
151.576890686 0.000000e+00
151.913761159 0.000000e+00
152.250631632 0.000000e+00
152.587502105 0.000000e+00
152.924372579 0.000000e+00
153.261243052 0.000000e+00
153.598113525 0.000000e+00
153.934983999 0.000000e+00
154.271854472 0.000000e+00
154.608724945 0.000000e+00
154.945595419 0.000000e+00
155.282465892 0.000000e+00
155.619336365 0.000000e+00
155.956206838 0.000000e+00
156.293077312 0.000000e+00
156.629947785 0.000000e+00
156.966818258 0.000000e+00
157.303688732 0.000000e+00
157.640559205 0.000000e+00
157.977429678 0.000000e+00
158.314300152 0.000000e+00
158.651170625 0.000000e+00
158.988041098 0.000000e+00
159.324911572 0.000000e+00
159.661782045 0.000000e+00
159.998652518 0.000000e+00
160.335522991 0.000000e+00
160.672393465 0.000000e+00
161.009263938 0.000000e+00
161.346134411 0.000000e+00
161.683004885 0.000000e+00
162.019875358 0.000000e+00
162.356745831 0.000000e+00
162.693616305 0.000000e+00
163.030486778 0.000000e+00
163.367357251 0.000000e+00
163.704227724 0.000000e+00
164.041098198 0.000000e+00
164.377968671 0.000000e+00
164.714839144 0.000000e+00
165.051709618 0.000000e+00
165.388580091 0.000000e+00
165.725450564 0.000000e+00
166.062321038 0.000000e+00
166.399191511 0.000000e+00
166.736061984 0.000000e+00
167.072932457 0.000000e+00
167.409802931 0.000000e+00
167.746673404 0.000000e+00
168.083543877 0.000000e+00
168.420414351 0.000000e+00
168.757284824 0.000000e+00
169.094155297 0.000000e+00
169.431025771 0.000000e+00
169.767896244 0.000000e+00
170.104766717 0.000000e+00
170.441637191 0.000000e+00
170.778507664 0.000000e+00
171.115378137 0.000000e+00
171.45224861 0.000000e+00
171.789119084 0.000000e+00
172.125989557 0.000000e+00
172.46286003 0.000000e+00
172.799730504 0.000000e+00
173.136600977 0.000000e+00
173.47347145 0.000000e+00
173.810341924 0.000000e+00
174.147212397 0.000000e+00
174.48408287 0.000000e+00
174.820953343 0.000000e+00
175.157823817 0.000000e+00
175.49469429 0.000000e+00
175.831564763 0.000000e+00
176.168435237 0.000000e+00
176.50530571 0.000000e+00
176.842176183 0.000000e+00
177.179046657 0.000000e+00
177.51591713 0.000000e+00
177.852787603 0.000000e+00
178.189658076 0.000000e+00
178.52652855 0.000000e+00
178.863399023 0.000000e+00
179.200269496 0.000000e+00
179.53713997 0.000000e+00
179.874010443 0.000000e+00
180.210880916 0.000000e+00
180.54775139 0.000000e+00
180.884621863 0.000000e+00
181.221492336 0.000000e+00
181.558362809 0.000000e+00
181.895233283 0.000000e+00
182.232103756 0.000000e+00
182.568974229 0.000000e+00
182.905844703 0.000000e+00
183.242715176 0.000000e+00
183.579585649 0.000000e+00
183.916456123 0.000000e+00
184.253326596 0.000000e+00
184.590197069 0.000000e+00
184.927067543 0.000000e+00
185.263938016 0.000000e+00
185.600808489 0.000000e+00
185.937678962 0.000000e+00
186.274549436 0.000000e+00
186.611419909 0.000000e+00
186.948290382 0.000000e+00
187.285160856 0.000000e+00
187.622031329 0.000000e+00
187.958901802 0.000000e+00
188.295772276 0.000000e+00
188.632642749 0.000000e+00
188.969513222 0.000000e+00
189.306383695 0.000000e+00
189.643254169 0.000000e+00
189.980124642 0.000000e+00
190.316995115 0.000000e+00
190.653865589 0.000000e+00
190.990736062 0.000000e+00
191.327606535 0.000000e+00
191.664477009 0.000000e+00
192.001347482 0.000000e+00
192.338217955 0.000000e+00
192.675088428 0.000000e+00
193.011958902 0.000000e+00
193.348829375 0.000000e+00
193.685699848 0.000000e+00
194.022570322 0.000000e+00
194.359440795 0.000000e+00
194.696311268 0.000000e+00
195.033181742 0.000000e+00
195.370052215 0.000000e+00
195.706922688 0.000000e+00
196.043793162 0.000000e+00
196.380663635 0.000000e+00
196.717534108 0.000000e+00
197.054404581 0.000000e+00
197.391275055 0.000000e+00
197.728145528 0.000000e+00
198.065016001 0.000000e+00
198.401886475 0.000000e+00
198.738756948 0.000000e+00
199.075627421 0.000000e+00
199.412497895 0.000000e+00
199.749368368 0.000000e+00
200.086238841 0.000000e+00
200.423109314 0.000000e+00
200.759979788 0.000000e+00
201.096850261 0.000000e+00
201.433720734 0.000000e+00
201.770591208 0.000000e+00
202.107461681 0.000000e+00
202.444332154 0.000000e+00
202.781202628 0.000000e+00
203.118073101 0.000000e+00
203.454943574 0.000000e+00
203.791814047 0.000000e+00
204.128684521 0.000000e+00
204.465554994 0.000000e+00
204.802425467 0.000000e+00
205.139295941 0.000000e+00
205.476166414 0.000000e+00
205.813036887 0.000000e+00
206.149907361 0.000000e+00
206.486777834 0.000000e+00
206.823648307 0.000000e+00
207.160518781 0.000000e+00
207.497389254 0.000000e+00
207.834259727 0.000000e+00
208.1711302 0.000000e+00
208.508000674 0.000000e+00
208.844871147 0.000000e+00
209.18174162 0.000000e+00
209.518612094 0.000000e+00
209.855482567 0.000000e+00
210.19235304 0.000000e+00
210.529223514 0.000000e+00
210.866093987 0.000000e+00
211.20296446 0.000000e+00
211.539834933 0.000000e+00
211.876705407 0.000000e+00
212.21357588 0.000000e+00
212.550446353 0.000000e+00
212.887316827 0.000000e+00
213.2241873 0.000000e+00
213.561057773 0.000000e+00
213.897928247 0.000000e+00
214.23479872 0.000000e+00
214.571669193 0.000000e+00
214.908539666 0.000000e+00
215.24541014 0.000000e+00
215.582280613 0.000000e+00
215.919151086 0.000000e+00
216.25602156 0.000000e+00
216.592892033 0.000000e+00
216.929762506 0.000000e+00
217.26663298 0.000000e+00
217.603503453 0.000000e+00
217.940373926 0.000000e+00
218.2772444 0.000000e+00
218.614114873 0.000000e+00
218.950985346 0.000000e+00
219.287855819 0.000000e+00
219.624726293 0.000000e+00
219.961596766 0.000000e+00
220.298467239 0.000000e+00
220.635337713 0.000000e+00
220.972208186 0.000000e+00
221.309078659 0.000000e+00
221.645949133 0.000000e+00
221.982819606 0.000000e+00
222.319690079 0.000000e+00
222.656560552 0.000000e+00
222.993431026 0.000000e+00
223.330301499 0.000000e+00
223.667171972 0.000000e+00
224.004042446 0.000000e+00
224.340912919 0.000000e+00
224.677783392 0.000000e+00
225.014653866 0.000000e+00
225.351524339 0.000000e+00
225.688394812 0.000000e+00
226.025265285 0.000000e+00
226.362135759 0.000000e+00
226.699006232 0.000000e+00
227.035876705 0.000000e+00
227.372747179 0.000000e+00
227.709617652 0.000000e+00
228.046488125 0.000000e+00
228.383358599 0.000000e+00
228.720229072 0.000000e+00
229.057099545 0.000000e+00
229.393970019 0.000000e+00
229.730840492 0.000000e+00
230.067710965 0.000000e+00
230.404581438 0.000000e+00
230.741451912 0.000000e+00
231.078322385 0.000000e+00
231.415192858 0.000000e+00
231.752063332 0.000000e+00
232.088933805 0.000000e+00
232.425804278 0.000000e+00
232.762674752 0.000000e+00
233.099545225 0.000000e+00
233.436415698 0.000000e+00
233.773286171 0.000000e+00
234.110156645 0.000000e+00
234.447027118 0.000000e+00
234.783897591 0.000000e+00
235.120768065 0.000000e+00
235.457638538 0.000000e+00
235.794509011 0.000000e+00
236.131379485 0.000000e+00
236.468249958 0.000000e+00
236.805120431 0.000000e+00
237.141990904 0.000000e+00
237.478861378 0.000000e+00
237.815731851 0.000000e+00
238.152602324 0.000000e+00
238.489472798 0.000000e+00
238.826343271 0.000000e+00
239.163213744 0.000000e+00
239.500084218 0.000000e+00
239.836954691 0.000000e+00
240.173825164 0.000000e+00
240.510695638 0.000000e+00
240.847566111 0.000000e+00
241.184436584 0.000000e+00
241.521307057 0.000000e+00
241.858177531 0.000000e+00
242.195048004 0.000000e+00
242.531918477 0.000000e+00
242.868788951 0.000000e+00
243.205659424 0.000000e+00
243.542529897 0.000000e+00
243.879400371 0.000000e+00
244.216270844 0.000000e+00
244.553141317 0.000000e+00
244.89001179 0.000000e+00
245.226882264 0.000000e+00
245.563752737 0.000000e+00
245.90062321 0.000000e+00
246.237493684 0.000000e+00
246.574364157 0.000000e+00
246.91123463 0.000000e+00
247.248105104 0.000000e+00
247.584975577 0.000000e+00
247.92184605 0.000000e+00
248.258716523 0.000000e+00
248.595586997 0.000000e+00
248.93245747 0.000000e+00
249.269327943 0.000000e+00
249.606198417 0.000000e+00
249.94306889 0.000000e+00
250.279939363 0.000000e+00
250.616809837 0.000000e+00
250.95368031 0.000000e+00
251.290550783 0.000000e+00
251.627421257 0.000000e+00
251.96429173 0.000000e+00
252.301162203 0.000000e+00
252.638032676 0.000000e+00
252.97490315 0.000000e+00
253.311773623 0.000000e+00
253.648644096 0.000000e+00
253.98551457 0.000000e+00
254.322385043 0.000000e+00
254.659255516 0.000000e+00
254.99612599 0.000000e+00
255.332996463 0.000000e+00
255.669866936 0.000000e+00
256.006737409 0.000000e+00
256.343607883 0.000000e+00
256.680478356 0.000000e+00
257.017348829 0.000000e+00
257.354219303 0.000000e+00
257.691089776 0.000000e+00
258.027960249 0.000000e+00
258.364830723 0.000000e+00
258.701701196 0.000000e+00
259.038571669 0.000000e+00
259.375442142 0.000000e+00
259.712312616 0.000000e+00
260.049183089 0.000000e+00
260.386053562 0.000000e+00
260.722924036 0.000000e+00
261.059794509 0.000000e+00
261.396664982 0.000000e+00
261.733535456 0.000000e+00
262.070405929 0.000000e+00
262.407276402 0.000000e+00
262.744146876 0.000000e+00
263.081017349 0.000000e+00
263.417887822 0.000000e+00
263.754758295 0.000000e+00
264.091628769 0.000000e+00
264.428499242 0.000000e+00
264.765369715 0.000000e+00
265.102240189 0.000000e+00
265.439110662 0.000000e+00
265.775981135 0.000000e+00
266.112851609 0.000000e+00
266.449722082 0.000000e+00
266.786592555 0.000000e+00
267.123463028 0.000000e+00
267.460333502 0.000000e+00
267.797203975 0.000000e+00
268.134074448 0.000000e+00
268.470944922 0.000000e+00
268.807815395 0.000000e+00
269.144685868 0.000000e+00
269.481556342 0.000000e+00
269.818426815 0.000000e+00
270.155297288 0.000000e+00
270.492167761 0.000000e+00
270.829038235 0.000000e+00
271.165908708 0.000000e+00
271.502779181 0.000000e+00
271.839649655 0.000000e+00
272.176520128 0.000000e+00
272.513390601 0.000000e+00
272.850261075 0.000000e+00
273.187131548 0.000000e+00
273.524002021 0.000000e+00
273.860872495 0.000000e+00
274.197742968 0.000000e+00
274.534613441 0.000000e+00
274.871483914 0.000000e+00
275.208354388 0.000000e+00
275.545224861 0.000000e+00
275.882095334 0.000000e+00
276.218965808 0.000000e+00
276.555836281 0.000000e+00
276.892706754 0.000000e+00
277.229577228 0.000000e+00
277.566447701 0.000000e+00
277.903318174 0.000000e+00
278.240188647 0.000000e+00
278.577059121 0.000000e+00
278.913929594 0.000000e+00
279.250800067 0.000000e+00
279.587670541 0.000000e+00
279.924541014 0.000000e+00
280.261411487 0.000000e+00
280.598281961 0.000000e+00
280.935152434 0.000000e+00
281.272022907 0.000000e+00
281.60889338 0.000000e+00
281.945763854 0.000000e+00
282.282634327 0.000000e+00
282.6195048 0.000000e+00
282.956375274 0.000000e+00
283.293245747 0.000000e+00
283.63011622 0.000000e+00
283.966986694 0.000000e+00
284.303857167 0.000000e+00
284.64072764 0.000000e+00
284.977598114 0.000000e+00
285.314468587 0.000000e+00
285.65133906 0.000000e+00
285.988209533 0.000000e+00
286.325080007 0.000000e+00
286.66195048 0.000000e+00
286.998820953 0.000000e+00
287.335691427 0.000000e+00
287.6725619 0.000000e+00
288.009432373 0.000000e+00
288.346302847 0.000000e+00
288.68317332 0.000000e+00
289.020043793 0.000000e+00
289.356914266 0.000000e+00
289.69378474 0.000000e+00
290.030655213 0.000000e+00
290.367525686 0.000000e+00
290.70439616 0.000000e+00
291.041266633 0.000000e+00
291.378137106 0.000000e+00
291.71500758 0.000000e+00
292.051878053 0.000000e+00
292.388748526 0.000000e+00
292.725618999 0.000000e+00
293.062489473 0.000000e+00
293.399359946 0.000000e+00
293.736230419 0.000000e+00
294.073100893 0.000000e+00
294.409971366 0.000000e+00
294.746841839 0.000000e+00
295.083712313 0.000000e+00
295.420582786 0.000000e+00
295.757453259 0.000000e+00
296.094323733 0.000000e+00
296.431194206 0.000000e+00
296.768064679 0.000000e+00
297.104935152 0.000000e+00
297.441805626 0.000000e+00
297.778676099 0.000000e+00
298.115546572 0.000000e+00
298.452417046 0.000000e+00
298.789287519 0.000000e+00
299.126157992 0.000000e+00
299.463028466 0.000000e+00
299.799898939 0.000000e+00
300.136769412 0.000000e+00
300.473639885 0.000000e+00
300.810510359 0.000000e+00
301.147380832 0.000000e+00
301.484251305 0.000000e+00
301.821121779 0.000000e+00
302.157992252 0.000000e+00
302.494862725 0.000000e+00
302.831733199 0.000000e+00
303.168603672 0.000000e+00
303.505474145 0.000000e+00
303.842344618 0.000000e+00
304.179215092 0.000000e+00
304.516085565 0.000000e+00
304.852956038 0.000000e+00
305.189826512 0.000000e+00
305.526696985 0.000000e+00
305.863567458 0.000000e+00
306.200437932 0.000000e+00
306.537308405 0.000000e+00
306.874178878 0.000000e+00
307.211049352 0.000000e+00
307.547919825 0.000000e+00
307.884790298 0.000000e+00
308.221660771 0.000000e+00
308.558531245 0.000000e+00
308.895401718 0.000000e+00
309.232272191 0.000000e+00
309.569142665 0.000000e+00
309.906013138 0.000000e+00
310.242883611 0.000000e+00
310.579754085 0.000000e+00
310.916624558 0.000000e+00
311.253495031 0.000000e+00
311.590365504 0.000000e+00
311.927235978 0.000000e+00
312.264106451 0.000000e+00
312.600976924 0.000000e+00
312.937847398 0.000000e+00
313.274717871 0.000000e+00
313.611588344 0.000000e+00
313.948458818 0.000000e+00
314.285329291 0.000000e+00
314.622199764 0.000000e+00
314.959070237 0.000000e+00
315.295940711 0.000000e+00
315.632811184 0.000000e+00
315.969681657 0.000000e+00
316.306552131 0.000000e+00
316.643422604 0.000000e+00
316.980293077 0.000000e+00
317.317163551 0.000000e+00
317.654034024 0.000000e+00
317.990904497 0.000000e+00
318.327774971 0.000000e+00
318.664645444 0.000000e+00
319.001515917 0.000000e+00
319.33838639 0.000000e+00
319.675256864 0.000000e+00
320.012127337 0.000000e+00
320.34899781 0.000000e+00
320.685868284 0.000000e+00
321.022738757 0.000000e+00
321.35960923 0.000000e+00
321.696479704 0.000000e+00
322.033350177 0.000000e+00
322.37022065 0.000000e+00
322.707091123 0.000000e+00
323.043961597 0.000000e+00
323.38083207 0.000000e+00
323.717702543 0.000000e+00
324.054573017 0.000000e+00
325.054573017 0.0
326.054573017 0.0
327.054573017 0.0
328.054573017 0.0
329.054573017 0.0
330.054573017 0.0
331.054573017 0.0
332.054573017 0.0
333.054573017 0.0
334.054573017 0.0
335.054573017 0.0
336.054573017 0.0
337.054573017 0.0
338.054573017 0.0
339.054573017 0.0
340.054573017 0.0
341.054573017 0.0
342.054573017 0.0
343.054573017 0.0
344.054573017 0.0
345.054573017 0.0
346.054573017 0.0
347.054573017 0.0
348.054573017 0.0
349.054573017 0.0
350.054573017 0.0
351.054573017 0.0
352.054573017 0.0
353.054573017 0.0
354.054573017 0.0
355.054573017 0.0
356.054573017 0.0
357.054573017 0.0
358.054573017 0.0
359.054573017 0.0
360.054573017 0.0
361.054573017 0.0
362.054573017 0.0
363.054573017 0.0
364.054573017 0.0
365.054573017 0.0
366.054573017 0.0
367.054573017 0.0
368.054573017 0.0
369.054573017 0.0
370.054573017 0.0
371.054573017 0.0
372.054573017 0.0
373.054573017 0.0
374.054573017 0.0
375.054573017 0.0
376.054573017 0.0
377.054573017 0.0
378.054573017 0.0
379.054573017 0.0
380.054573017 0.0
381.054573017 0.0
382.054573017 0.0
383.054573017 0.0
384.054573017 0.0
385.054573017 0.0
386.054573017 0.0
387.054573017 0.0
388.054573017 0.0
389.054573017 0.0
390.054573017 0.0
391.054573017 0.0
392.054573017 0.0
393.054573017 0.0
394.054573017 0.0
395.054573017 0.0
396.054573017 0.0
397.054573017 0.0
398.054573017 0.0
399.054573017 0.0
400.054573017 0.0
401.054573017 0.0
402.054573017 0.0
403.054573017 0.0
404.054573017 0.0
405.054573017 0.0
406.054573017 0.0
407.054573017 0.0
408.054573017 0.0
409.054573017 0.0
410.054573017 0.0
411.054573017 0.0
412.054573017 0.0
413.054573017 0.0
414.054573017 0.0
415.054573017 0.0
416.054573017 0.0
417.054573017 0.0
418.054573017 0.0
419.054573017 0.0
420.054573017 0.0
421.054573017 0.0
422.054573017 0.0
423.054573017 0.0
424.054573017 0.0
425.054573017 0.0
426.054573017 0.0
427.054573017 0.0
428.054573017 0.0
429.054573017 0.0
430.054573017 0.0
431.054573017 0.0
432.054573017 0.0
433.054573017 0.0
434.054573017 0.0
435.054573017 0.0
436.054573017 0.0
437.054573017 0.0
438.054573017 0.0
439.054573017 0.0
440.054573017 0.0
441.054573017 0.0
442.054573017 0.0
443.054573017 0.0
444.054573017 0.0
445.054573017 0.0
446.054573017 0.0
447.054573017 0.0
448.054573017 0.0
449.054573017 0.0
450.054573017 0.0
451.054573017 0.0
452.054573017 0.0
453.054573017 0.0
454.054573017 0.0
455.054573017 0.0
456.054573017 0.0
457.054573017 0.0
458.054573017 0.0
459.054573017 0.0
460.054573017 0.0
461.054573017 0.0
462.054573017 0.0
463.054573017 0.0
464.054573017 0.0
465.054573017 0.0
466.054573017 0.0
467.054573017 0.0
468.054573017 0.0
469.054573017 0.0
470.054573017 0.0
471.054573017 0.0
472.054573017 0.0
473.054573017 0.0
474.054573017 0.0
475.054573017 0.0
476.054573017 0.0
477.054573017 0.0
478.054573017 0.0
479.054573017 0.0
480.054573017 0.0
481.054573017 0.0
482.054573017 0.0
483.054573017 0.0
484.054573017 0.0
485.054573017 0.0
486.054573017 0.0
487.054573017 0.0
488.054573017 0.0
489.054573017 0.0
490.054573017 0.0
491.054573017 0.0
492.054573017 0.0
493.054573017 0.0
494.054573017 0.0
495.054573017 0.0
496.054573017 0.0
497.054573017 0.0
498.054573017 0.0
499.054573017 0.0
500.054573017 0.0
501.054573017 0.0
502.054573017 0.0
503.054573017 0.0
504.054573017 0.0
505.054573017 0.0
506.054573017 0.0
507.054573017 0.0
508.054573017 0.0
509.054573017 0.0
510.054573017 0.0
511.054573017 0.0
512.054573017 0.0
513.054573017 0.0
514.054573017 0.0
515.054573017 0.0
516.054573017 0.0
517.054573017 0.0
518.054573017 0.0
519.054573017 0.0
520.054573017 0.0
521.054573017 0.0
522.054573017 0.0
523.054573017 0.0
524.054573017 0.0
525.054573017 0.0
526.054573017 0.0
527.054573017 0.0
528.054573017 0.0
529.054573017 0.0
530.054573017 0.0
531.054573017 0.0
532.054573017 0.0
533.054573017 0.0
534.054573017 0.0
535.054573017 0.0
536.054573017 0.0
537.054573017 0.0
538.054573017 0.0
539.054573017 0.0
540.054573017 0.0
541.054573017 0.0
542.054573017 0.0
543.054573017 0.0
544.054573017 0.0
545.054573017 0.0
546.054573017 0.0
547.054573017 0.0
548.054573017 0.0
549.054573017 0.0
550.054573017 0.0
551.054573017 0.0
552.054573017 0.0
553.054573017 0.0
554.054573017 0.0
555.054573017 0.0
556.054573017 0.0
557.054573017 0.0
558.054573017 0.0
559.054573017 0.0
560.054573017 0.0
561.054573017 0.0
562.054573017 0.0
563.054573017 0.0
564.054573017 0.0
565.054573017 0.0
566.054573017 0.0
567.054573017 0.0
568.054573017 0.0
569.054573017 0.0
570.054573017 0.0
571.054573017 0.0
572.054573017 0.0
573.054573017 0.0
574.054573017 0.0
575.054573017 0.0
576.054573017 0.0
577.054573017 0.0
578.054573017 0.0
579.054573017 0.0
580.054573017 0.0
581.054573017 0.0
582.054573017 0.0
583.054573017 0.0
584.054573017 0.0
585.054573017 0.0
586.054573017 0.0
587.054573017 0.0
588.054573017 0.0
589.054573017 0.0
590.054573017 0.0
591.054573017 0.0
592.054573017 0.0
593.054573017 0.0
594.054573017 0.0
595.054573017 0.0
596.054573017 0.0
597.054573017 0.0
598.054573017 0.0
599.054573017 0.0
600.054573017 0.0
601.054573017 0.0
602.054573017 0.0
603.054573017 0.0
604.054573017 0.0
605.054573017 0.0
606.054573017 0.0
607.054573017 0.0
608.054573017 0.0
609.054573017 0.0
610.054573017 0.0
611.054573017 0.0
612.054573017 0.0
613.054573017 0.0
614.054573017 0.0
615.054573017 0.0
616.054573017 0.0
617.054573017 0.0
618.054573017 0.0
619.054573017 0.0
620.054573017 0.0
621.054573017 0.0
622.054573017 0.0
623.054573017 0.0
624.054573017 0.0
625.054573017 0.0
626.054573017 0.0
627.054573017 0.0
628.054573017 0.0
629.054573017 0.0
630.054573017 0.0
631.054573017 0.0
632.054573017 0.0
633.054573017 0.0
634.054573017 0.0
635.054573017 0.0
636.054573017 0.0
637.054573017 0.0
638.054573017 0.0
639.054573017 0.0
640.054573017 0.0
641.054573017 0.0
642.054573017 0.0
643.054573017 0.0
644.054573017 0.0
645.054573017 0.0
646.054573017 0.0
647.054573017 0.0
648.054573017 0.0
649.054573017 0.0
650.054573017 0.0
651.054573017 0.0
652.054573017 0.0
653.054573017 0.0
654.054573017 0.0
655.054573017 0.0
656.054573017 0.0
657.054573017 0.0
658.054573017 0.0
659.054573017 0.0
660.054573017 0.0
661.054573017 0.0
662.054573017 0.0
663.054573017 0.0
664.054573017 0.0
665.054573017 0.0
666.054573017 0.0
667.054573017 0.0
668.054573017 0.0
669.054573017 0.0
670.054573017 0.0
671.054573017 0.0
672.054573017 0.0
673.054573017 0.0
674.054573017 0.0
675.054573017 0.0
676.054573017 0.0
677.054573017 0.0
678.054573017 0.0
679.054573017 0.0
680.054573017 0.0
681.054573017 0.0
682.054573017 0.0
683.054573017 0.0
684.054573017 0.0
685.054573017 0.0
686.054573017 0.0
687.054573017 0.0
688.054573017 0.0
689.054573017 0.0
690.054573017 0.0
691.054573017 0.0
692.054573017 0.0
693.054573017 0.0
694.054573017 0.0
695.054573017 0.0
696.054573017 0.0
697.054573017 0.0
698.054573017 0.0
699.054573017 0.0
700.054573017 0.0
701.054573017 0.0
702.054573017 0.0
703.054573017 0.0
704.054573017 0.0
705.054573017 0.0
706.054573017 0.0
707.054573017 0.0
708.054573017 0.0
709.054573017 0.0
710.054573017 0.0
711.054573017 0.0
712.054573017 0.0
713.054573017 0.0
714.054573017 0.0
715.054573017 0.0
716.054573017 0.0
717.054573017 0.0
718.054573017 0.0
719.054573017 0.0
720.054573017 0.0
721.054573017 0.0
722.054573017 0.0
723.054573017 0.0
724.054573017 0.0
725.054573017 0.0
726.054573017 0.0
727.054573017 0.0
728.054573017 0.0
729.054573017 0.0
730.054573017 0.0
731.054573017 0.0
732.054573017 0.0
733.054573017 0.0
734.054573017 0.0
735.054573017 0.0
736.054573017 0.0
737.054573017 0.0
738.054573017 0.0
739.054573017 0.0
740.054573017 0.0
741.054573017 0.0
742.054573017 0.0
743.054573017 0.0
744.054573017 0.0
745.054573017 0.0
746.054573017 0.0
747.054573017 0.0
748.054573017 0.0
749.054573017 0.0
750.054573017 0.0
751.054573017 0.0
752.054573017 0.0
753.054573017 0.0
754.054573017 0.0
755.054573017 0.0
756.054573017 0.0
757.054573017 0.0
758.054573017 0.0
759.054573017 0.0
760.054573017 0.0
761.054573017 0.0
762.054573017 0.0
763.054573017 0.0
764.054573017 0.0
765.054573017 0.0
766.054573017 0.0
767.054573017 0.0
768.054573017 0.0
769.054573017 0.0
770.054573017 0.0
771.054573017 0.0
772.054573017 0.0
773.054573017 0.0
774.054573017 0.0
775.054573017 0.0
776.054573017 0.0
777.054573017 0.0
778.054573017 0.0
779.054573017 0.0
780.054573017 0.0
781.054573017 0.0
782.054573017 0.0
783.054573017 0.0
784.054573017 0.0
785.054573017 0.0
786.054573017 0.0
787.054573017 0.0
788.054573017 0.0
789.054573017 0.0
790.054573017 0.0
791.054573017 0.0
792.054573017 0.0
793.054573017 0.0
794.054573017 0.0
795.054573017 0.0
796.054573017 0.0
797.054573017 0.0
798.054573017 0.0
799.054573017 0.0
800.054573017 0.0
801.054573017 0.0
802.054573017 0.0
803.054573017 0.0
804.054573017 0.0
805.054573017 0.0
806.054573017 0.0
807.054573017 0.0
808.054573017 0.0
809.054573017 0.0
810.054573017 0.0
811.054573017 0.0
812.054573017 0.0
813.054573017 0.0
814.054573017 0.0
815.054573017 0.0
816.054573017 0.0
817.054573017 0.0
818.054573017 0.0
819.054573017 0.0
820.054573017 0.0
821.054573017 0.0
822.054573017 0.0
823.054573017 0.0
824.054573017 0.0
