-597.173770492 0.0
-596.173770492 0.0
-595.173770492 0.0
-594.173770492 0.0
-593.173770492 0.0
-592.173770492 0.0
-591.173770492 0.0
-590.173770492 0.0
-589.173770492 0.0
-588.173770492 0.0
-587.173770492 0.0
-586.173770492 0.0
-585.173770492 0.0
-584.173770492 0.0
-583.173770492 0.0
-582.173770492 0.0
-581.173770492 0.0
-580.173770492 0.0
-579.173770492 0.0
-578.173770492 0.0
-577.173770492 0.0
-576.173770492 0.0
-575.173770492 0.0
-574.173770492 0.0
-573.173770492 0.0
-572.173770492 0.0
-571.173770492 0.0
-570.173770492 0.0
-569.173770492 0.0
-568.173770492 0.0
-567.173770492 0.0
-566.173770492 0.0
-565.173770492 0.0
-564.173770492 0.0
-563.173770492 0.0
-562.173770492 0.0
-561.173770492 0.0
-560.173770492 0.0
-559.173770492 0.0
-558.173770492 0.0
-557.173770492 0.0
-556.173770492 0.0
-555.173770492 0.0
-554.173770492 0.0
-553.173770492 0.0
-552.173770492 0.0
-551.173770492 0.0
-550.173770492 0.0
-549.173770492 0.0
-548.173770492 0.0
-547.173770492 0.0
-546.173770492 0.0
-545.173770492 0.0
-544.173770492 0.0
-543.173770492 0.0
-542.173770492 0.0
-541.173770492 0.0
-540.173770492 0.0
-539.173770492 0.0
-538.173770492 0.0
-537.173770492 0.0
-536.173770492 0.0
-535.173770492 0.0
-534.173770492 0.0
-533.173770492 0.0
-532.173770492 0.0
-531.173770492 0.0
-530.173770492 0.0
-529.173770492 0.0
-528.173770492 0.0
-527.173770492 0.0
-526.173770492 0.0
-525.173770492 0.0
-524.173770492 0.0
-523.173770492 0.0
-522.173770492 0.0
-521.173770492 0.0
-520.173770492 0.0
-519.173770492 0.0
-518.173770492 0.0
-517.173770492 0.0
-516.173770492 0.0
-515.173770492 0.0
-514.173770492 0.0
-513.173770492 0.0
-512.173770492 0.0
-511.173770492 0.0
-510.173770492 0.0
-509.173770492 0.0
-508.173770492 0.0
-507.173770492 0.0
-506.173770492 0.0
-505.173770492 0.0
-504.173770492 0.0
-503.173770492 0.0
-502.173770492 0.0
-501.173770492 0.0
-500.173770492 0.0
-499.173770492 0.0
-498.173770492 0.0
-497.173770492 0.0
-496.173770492 0.0
-495.173770492 0.0
-494.173770492 0.0
-493.173770492 0.0
-492.173770492 0.0
-491.173770492 0.0
-490.173770492 0.0
-489.173770492 0.0
-488.173770492 0.0
-487.173770492 0.0
-486.173770492 0.0
-485.173770492 0.0
-484.173770492 0.0
-483.173770492 0.0
-482.173770492 0.0
-481.173770492 0.0
-480.173770492 0.0
-479.173770492 0.0
-478.173770492 0.0
-477.173770492 0.0
-476.173770492 0.0
-475.173770492 0.0
-474.173770492 0.0
-473.173770492 0.0
-472.173770492 0.0
-471.173770492 0.0
-470.173770492 0.0
-469.173770492 0.0
-468.173770492 0.0
-467.173770492 0.0
-466.173770492 0.0
-465.173770492 0.0
-464.173770492 0.0
-463.173770492 0.0
-462.173770492 0.0
-461.173770492 0.0
-460.173770492 0.0
-459.173770492 0.0
-458.173770492 0.0
-457.173770492 0.0
-456.173770492 0.0
-455.173770492 0.0
-454.173770492 0.0
-453.173770492 0.0
-452.173770492 0.0
-451.173770492 0.0
-450.173770492 0.0
-449.173770492 0.0
-448.173770492 0.0
-447.173770492 0.0
-446.173770492 0.0
-445.173770492 0.0
-444.173770492 0.0
-443.173770492 0.0
-442.173770492 0.0
-441.173770492 0.0
-440.173770492 0.0
-439.173770492 0.0
-438.173770492 0.0
-437.173770492 0.0
-436.173770492 0.0
-435.173770492 0.0
-434.173770492 0.0
-433.173770492 0.0
-432.173770492 0.0
-431.173770492 0.0
-430.173770492 0.0
-429.173770492 0.0
-428.173770492 0.0
-427.173770492 0.0
-426.173770492 0.0
-425.173770492 0.0
-424.173770492 0.0
-423.173770492 0.0
-422.173770492 0.0
-421.173770492 0.0
-420.173770492 0.0
-419.173770492 0.0
-418.173770492 0.0
-417.173770492 0.0
-416.173770492 0.0
-415.173770492 0.0
-414.173770492 0.0
-413.173770492 0.0
-412.173770492 0.0
-411.173770492 0.0
-410.173770492 0.0
-409.173770492 0.0
-408.173770492 0.0
-407.173770492 0.0
-406.173770492 0.0
-405.173770492 0.0
-404.173770492 0.0
-403.173770492 0.0
-402.173770492 0.0
-401.173770492 0.0
-400.173770492 0.0
-399.173770492 0.0
-398.173770492 0.0
-397.173770492 0.0
-396.173770492 0.0
-395.173770492 0.0
-394.173770492 0.0
-393.173770492 0.0
-392.173770492 0.0
-391.173770492 0.0
-390.173770492 0.0
-389.173770492 0.0
-388.173770492 0.0
-387.173770492 0.0
-386.173770492 0.0
-385.173770492 0.0
-384.173770492 0.0
-383.173770492 0.0
-382.173770492 0.0
-381.173770492 0.0
-380.173770492 0.0
-379.173770492 0.0
-378.173770492 0.0
-377.173770492 0.0
-376.173770492 0.0
-375.173770492 0.0
-374.173770492 0.0
-373.173770492 0.0
-372.173770492 0.0
-371.173770492 0.0
-370.173770492 0.0
-369.173770492 0.0
-368.173770492 0.0
-367.173770492 0.0
-366.173770492 0.0
-365.173770492 0.0
-364.173770492 0.0
-363.173770492 0.0
-362.173770492 0.0
-361.173770492 0.0
-360.173770492 0.0
-359.173770492 0.0
-358.173770492 0.0
-357.173770492 0.0
-356.173770492 0.0
-355.173770492 0.0
-354.173770492 0.0
-353.173770492 0.0
-352.173770492 0.0
-351.173770492 0.0
-350.173770492 0.0
-349.173770492 0.0
-348.173770492 0.0
-347.173770492 0.0
-346.173770492 0.0
-345.173770492 0.0
-344.173770492 0.0
-343.173770492 0.0
-342.173770492 0.0
-341.173770492 0.0
-340.173770492 0.0
-339.173770492 0.0
-338.173770492 0.0
-337.173770492 0.0
-336.173770492 0.0
-335.173770492 0.0
-334.173770492 0.0
-333.173770492 0.0
-332.173770492 0.0
-331.173770492 0.0
-330.173770492 0.0
-329.173770492 0.0
-328.173770492 0.0
-327.173770492 0.0
-326.173770492 0.0
-325.173770492 0.0
-324.173770492 0.0
-323.173770492 0.0
-322.173770492 0.0
-321.173770492 0.0
-320.173770492 0.0
-319.173770492 0.0
-318.173770492 0.0
-317.173770492 0.0
-316.173770492 0.0
-315.173770492 0.0
-314.173770492 0.0
-313.173770492 0.0
-312.173770492 0.0
-311.173770492 0.0
-310.173770492 0.0
-309.173770492 0.0
-308.173770492 0.0
-307.173770492 0.0
-306.173770492 0.0
-305.173770492 0.0
-304.173770492 0.0
-303.173770492 0.0
-302.173770492 0.0
-301.173770492 0.0
-300.173770492 0.0
-299.173770492 0.0
-298.173770492 0.0
-297.173770492 0.0
-296.173770492 0.0
-295.173770492 0.0
-294.173770492 0.0
-293.173770492 0.0
-292.173770492 0.0
-291.173770492 0.0
-290.173770492 0.0
-289.173770492 0.0
-288.173770492 0.0
-287.173770492 0.0
-286.173770492 0.0
-285.173770492 0.0
-284.173770492 0.0
-283.173770492 0.0
-282.173770492 0.0
-281.173770492 0.0
-280.173770492 0.0
-279.173770492 0.0
-278.173770492 0.0
-277.173770492 0.0
-276.173770492 0.0
-275.173770492 0.0
-274.173770492 0.0
-273.173770492 0.0
-272.173770492 0.0
-271.173770492 0.0
-270.173770492 0.0
-269.173770492 0.0
-268.173770492 0.0
-267.173770492 0.0
-266.173770492 0.0
-265.173770492 0.0
-264.173770492 0.0
-263.173770492 0.0
-262.173770492 0.0
-261.173770492 0.0
-260.173770492 0.0
-259.173770492 0.0
-258.173770492 0.0
-257.173770492 0.0
-256.173770492 0.0
-255.173770492 0.0
-254.173770492 0.0
-253.173770492 0.0
-252.173770492 0.0
-251.173770492 0.0
-250.173770492 0.0
-249.173770492 0.0
-248.173770492 0.0
-247.173770492 0.0
-246.173770492 0.0
-245.173770492 0.0
-244.173770492 0.0
-243.173770492 0.0
-242.173770492 0.0
-241.173770492 0.0
-240.173770492 0.0
-239.173770492 0.0
-238.173770492 0.0
-237.173770492 0.0
-236.173770492 0.0
-235.173770492 0.0
-234.173770492 0.0
-233.173770492 0.0
-232.173770492 0.0
-231.173770492 0.0
-230.173770492 0.0
-229.173770492 0.0
-228.173770492 0.0
-227.173770492 0.0
-226.173770492 0.0
-225.173770492 0.0
-224.173770492 0.0
-223.173770492 0.0
-222.173770492 0.0
-221.173770492 0.0
-220.173770492 0.0
-219.173770492 0.0
-218.173770492 0.0
-217.173770492 0.0
-216.173770492 0.0
-215.173770492 0.0
-214.173770492 0.0
-213.173770492 0.0
-212.173770492 0.0
-211.173770492 0.0
-210.173770492 0.0
-209.173770492 0.0
-208.173770492 0.0
-207.173770492 0.0
-206.173770492 0.0
-205.173770492 0.0
-204.173770492 0.0
-203.173770492 0.0
-202.173770492 0.0
-201.173770492 0.0
-200.173770492 0.0
-199.173770492 0.0
-198.173770492 0.0
-197.173770492 0.0
-196.173770492 0.0
-195.173770492 0.0
-194.173770492 0.0
-193.173770492 0.0
-192.173770492 0.0
-191.173770492 0.0
-190.173770492 0.0
-189.173770492 0.0
-188.173770492 0.0
-187.173770492 0.0
-186.173770492 0.0
-185.173770492 0.0
-184.173770492 0.0
-183.173770492 0.0
-182.173770492 0.0
-181.173770492 0.0
-180.173770492 0.0
-179.173770492 0.0
-178.173770492 0.0
-177.173770492 0.0
-176.173770492 0.0
-175.173770492 0.0
-174.173770492 0.0
-173.173770492 0.0
-172.173770492 0.0
-171.173770492 0.0
-170.173770492 0.0
-169.173770492 0.0
-168.173770492 0.0
-167.173770492 0.0
-166.173770492 0.0
-165.173770492 0.0
-164.173770492 0.0
-163.173770492 0.0
-162.173770492 0.0
-161.173770492 0.0
-160.173770492 0.0
-159.173770492 0.0
-158.173770492 0.0
-157.173770492 0.0
-156.173770492 0.0
-155.173770492 0.0
-154.173770492 0.0
-153.173770492 0.0
-152.173770492 0.0
-151.173770492 0.0
-150.173770492 0.0
-149.173770492 0.0
-148.173770492 0.0
-147.173770492 0.0
-146.173770492 0.0
-145.173770492 0.0
-144.173770492 0.0
-143.173770492 0.0
-142.173770492 0.0
-141.173770492 0.0
-140.173770492 0.0
-139.173770492 0.0
-138.173770492 0.0
-137.173770492 0.0
-136.173770492 0.0
-135.173770492 0.0
-134.173770492 0.0
-133.173770492 0.0
-132.173770492 0.0
-131.173770492 0.0
-130.173770492 0.0
-129.173770492 0.0
-128.173770492 0.0
-127.173770492 0.0
-126.173770492 0.0
-125.173770492 0.0
-124.173770492 0.0
-123.173770492 0.0
-122.173770492 0.0
-121.173770492 0.0
-120.173770492 0.0
-119.173770492 0.0
-118.173770492 0.0
-117.173770492 0.0
-116.173770492 0.0
-115.173770492 0.0
-114.173770492 0.0
-113.173770492 0.0
-112.173770492 0.0
-111.173770492 0.0
-110.173770492 0.0
-109.173770492 0.0
-108.173770492 0.0
-107.173770492 0.0
-106.173770492 0.0
-105.173770492 0.0
-104.173770492 0.0
-103.173770492 0.0
-102.173770492 0.0
-101.173770492 0.0
-100.173770492 0.0
-99.1737704918 0.0
-98.1737704918 0.0
-97.1737704918 0.000000e+00
-96.8459016393 0.000000e+00
-96.5180327869 0.000000e+00
-96.1901639344 0.000000e+00
-95.862295082 0.000000e+00
-95.5344262295 0.000000e+00
-95.206557377 0.000000e+00
-94.8786885246 0.000000e+00
-94.5508196721 0.000000e+00
-94.2229508197 0.000000e+00
-93.8950819672 0.000000e+00
-93.5672131148 0.000000e+00
-93.2393442623 0.000000e+00
-92.9114754098 0.000000e+00
-92.5836065574 0.000000e+00
-92.2557377049 0.000000e+00
-91.9278688525 0.000000e+00
-91.6 0.000000e+00
-91.2721311475 0.000000e+00
-90.9442622951 0.000000e+00
-90.6163934426 0.000000e+00
-90.2885245902 0.000000e+00
-89.9606557377 0.000000e+00
-89.6327868852 0.000000e+00
-89.3049180328 0.000000e+00
-88.9770491803 0.000000e+00
-88.6491803279 0.000000e+00
-88.3213114754 0.000000e+00
-87.993442623 0.000000e+00
-87.6655737705 0.000000e+00
-87.337704918 0.000000e+00
-87.0098360656 0.000000e+00
-86.6819672131 0.000000e+00
-86.3540983607 0.000000e+00
-86.0262295082 0.000000e+00
-85.6983606557 0.000000e+00
-85.3704918033 0.000000e+00
-85.0426229508 0.000000e+00
-84.7147540984 0.000000e+00
-84.3868852459 0.000000e+00
-84.0590163934 0.000000e+00
-83.731147541 0.000000e+00
-83.4032786885 0.000000e+00
-83.0754098361 0.000000e+00
-82.7475409836 0.000000e+00
-82.4196721311 0.000000e+00
-82.0918032787 0.000000e+00
-81.7639344262 0.000000e+00
-81.4360655738 0.000000e+00
-81.1081967213 0.000000e+00
-80.7803278689 0.000000e+00
-80.4524590164 0.000000e+00
-80.1245901639 0.000000e+00
-79.7967213115 0.000000e+00
-79.468852459 0.000000e+00
-79.1409836066 0.000000e+00
-78.8131147541 0.000000e+00
-78.4852459016 0.000000e+00
-78.1573770492 0.000000e+00
-77.8295081967 0.000000e+00
-77.5016393443 0.000000e+00
-77.1737704918 0.000000e+00
-76.8459016393 0.000000e+00
-76.5180327869 0.000000e+00
-76.1901639344 0.000000e+00
-75.862295082 0.000000e+00
-75.5344262295 0.000000e+00
-75.206557377 0.000000e+00
-74.8786885246 0.000000e+00
-74.5508196721 0.000000e+00
-74.2229508197 0.000000e+00
-73.8950819672 0.000000e+00
-73.5672131148 0.000000e+00
-73.2393442623 0.000000e+00
-72.9114754098 0.000000e+00
-72.5836065574 0.000000e+00
-72.2557377049 0.000000e+00
-71.9278688525 0.000000e+00
-71.6 0.000000e+00
-71.2721311475 0.000000e+00
-70.9442622951 0.000000e+00
-70.6163934426 0.000000e+00
-70.2885245902 0.000000e+00
-69.9606557377 0.000000e+00
-69.6327868852 0.000000e+00
-69.3049180328 0.000000e+00
-68.9770491803 0.000000e+00
-68.6491803279 0.000000e+00
-68.3213114754 0.000000e+00
-67.993442623 0.000000e+00
-67.6655737705 0.000000e+00
-67.337704918 0.000000e+00
-67.0098360656 0.000000e+00
-66.6819672131 0.000000e+00
-66.3540983607 0.000000e+00
-66.0262295082 0.000000e+00
-65.6983606557 0.000000e+00
-65.3704918033 0.000000e+00
-65.0426229508 0.000000e+00
-64.7147540984 0.000000e+00
-64.3868852459 0.000000e+00
-64.0590163934 0.000000e+00
-63.731147541 0.000000e+00
-63.4032786885 0.000000e+00
-63.0754098361 0.000000e+00
-62.7475409836 0.000000e+00
-62.4196721311 0.000000e+00
-62.0918032787 0.000000e+00
-61.7639344262 0.000000e+00
-61.4360655738 0.000000e+00
-61.1081967213 0.000000e+00
-60.7803278689 0.000000e+00
-60.4524590164 0.000000e+00
-60.1245901639 0.000000e+00
-59.7967213115 0.000000e+00
-59.468852459 0.000000e+00
-59.1409836066 0.000000e+00
-58.8131147541 0.000000e+00
-58.4852459016 0.000000e+00
-58.1573770492 0.000000e+00
-57.8295081967 0.000000e+00
-57.5016393443 0.000000e+00
-57.1737704918 0.000000e+00
-56.8459016393 0.000000e+00
-56.5180327869 0.000000e+00
-56.1901639344 0.000000e+00
-55.862295082 0.000000e+00
-55.5344262295 0.000000e+00
-55.206557377 0.000000e+00
-54.8786885246 0.000000e+00
-54.5508196721 0.000000e+00
-54.2229508197 0.000000e+00
-53.8950819672 0.000000e+00
-53.5672131148 0.000000e+00
-53.2393442623 0.000000e+00
-52.9114754098 0.000000e+00
-52.5836065574 0.000000e+00
-52.2557377049 0.000000e+00
-51.9278688525 0.000000e+00
-51.6 0.000000e+00
-51.2721311475 0.000000e+00
-50.9442622951 0.000000e+00
-50.6163934426 0.000000e+00
-50.2885245902 0.000000e+00
-49.9606557377 0.000000e+00
-49.6327868852 0.000000e+00
-49.3049180328 0.000000e+00
-48.9770491803 0.000000e+00
-48.6491803279 0.000000e+00
-48.3213114754 0.000000e+00
-47.993442623 0.000000e+00
-47.6655737705 0.000000e+00
-47.337704918 0.000000e+00
-47.0098360656 0.000000e+00
-46.6819672131 0.000000e+00
-46.3540983607 0.000000e+00
-46.0262295082 0.000000e+00
-45.6983606557 0.000000e+00
-45.3704918033 0.000000e+00
-45.0426229508 0.000000e+00
-44.7147540984 0.000000e+00
-44.3868852459 0.000000e+00
-44.0590163934 0.000000e+00
-43.731147541 0.000000e+00
-43.4032786885 0.000000e+00
-43.0754098361 0.000000e+00
-42.7475409836 0.000000e+00
-42.4196721311 0.000000e+00
-42.0918032787 0.000000e+00
-41.7639344262 0.000000e+00
-41.4360655738 0.000000e+00
-41.1081967213 0.000000e+00
-40.7803278689 0.000000e+00
-40.4524590164 0.000000e+00
-40.1245901639 0.000000e+00
-39.7967213115 0.000000e+00
-39.468852459 0.000000e+00
-39.1409836066 0.000000e+00
-38.8131147541 0.000000e+00
-38.4852459016 0.000000e+00
-38.1573770492 0.000000e+00
-37.8295081967 0.000000e+00
-37.5016393443 0.000000e+00
-37.1737704918 0.000000e+00
-36.8459016393 0.000000e+00
-36.5180327869 0.000000e+00
-36.1901639344 0.000000e+00
-35.862295082 0.000000e+00
-35.5344262295 0.000000e+00
-35.206557377 0.000000e+00
-34.8786885246 0.000000e+00
-34.5508196721 0.000000e+00
-34.2229508197 0.000000e+00
-33.8950819672 0.000000e+00
-33.5672131148 0.000000e+00
-33.2393442623 0.000000e+00
-32.9114754098 0.000000e+00
-32.5836065574 0.000000e+00
-32.2557377049 0.000000e+00
-31.9278688525 0.000000e+00
-31.6 0.000000e+00
-31.2721311475 0.000000e+00
-30.9442622951 0.000000e+00
-30.6163934426 0.000000e+00
-30.2885245902 0.000000e+00
-29.9606557377 0.000000e+00
-29.6327868852 0.000000e+00
-29.3049180328 0.000000e+00
-28.9770491803 0.000000e+00
-28.6491803279 0.000000e+00
-28.3213114754 0.000000e+00
-27.993442623 0.000000e+00
-27.6655737705 0.000000e+00
-27.337704918 0.000000e+00
-27.0098360656 0.000000e+00
-26.6819672131 0.000000e+00
-26.3540983607 0.000000e+00
-26.0262295082 0.000000e+00
-25.6983606557 0.000000e+00
-25.3704918033 0.000000e+00
-25.0426229508 0.000000e+00
-24.7147540984 0.000000e+00
-24.3868852459 0.000000e+00
-24.0590163934 0.000000e+00
-23.731147541 0.000000e+00
-23.4032786885 0.000000e+00
-23.0754098361 0.000000e+00
-22.7475409836 0.000000e+00
-22.4196721311 0.000000e+00
-22.0918032787 0.000000e+00
-21.7639344262 0.000000e+00
-21.4360655738 0.000000e+00
-21.1081967213 0.000000e+00
-20.7803278689 0.000000e+00
-20.4524590164 0.000000e+00
-20.1245901639 0.000000e+00
-19.7967213115 0.000000e+00
-19.468852459 0.000000e+00
-19.1409836066 0.000000e+00
-18.8131147541 0.000000e+00
-18.4852459016 0.000000e+00
-18.1573770492 0.000000e+00
-17.8295081967 0.000000e+00
-17.5016393443 0.000000e+00
-17.1737704918 0.000000e+00
-16.8459016393 0.000000e+00
-16.5180327869 0.000000e+00
-16.1901639344 0.000000e+00
-15.862295082 0.000000e+00
-15.5344262295 0.000000e+00
-15.206557377 0.000000e+00
-14.8786885246 0.000000e+00
-14.5508196721 0.000000e+00
-14.2229508197 0.000000e+00
-13.8950819672 0.000000e+00
-13.5672131148 0.000000e+00
-13.2393442623 1.141226e-01
-12.9114754098 0.000000e+00
-12.5836065574 0.000000e+00
-12.2557377049 0.000000e+00
-11.9278688525 0.000000e+00
-11.6 0.000000e+00
-11.2721311475 0.000000e+00
-10.9442622951 0.000000e+00
-10.6163934426 0.000000e+00
-10.2885245902 0.000000e+00
-9.9606557377 0.000000e+00
-9.63278688525 0.000000e+00
-9.30491803279 0.000000e+00
-8.97704918033 0.000000e+00
-8.64918032787 0.000000e+00
-8.32131147541 0.000000e+00
-7.99344262295 0.000000e+00
-7.66557377049 0.000000e+00
-7.33770491803 0.000000e+00
-7.00983606557 0.000000e+00
-6.68196721311 0.000000e+00
-6.35409836066 0.000000e+00
-6.0262295082 0.000000e+00
-5.69836065574 0.000000e+00
-5.37049180328 0.000000e+00
-5.04262295082 0.000000e+00
-4.71475409836 0.000000e+00
-4.3868852459 0.000000e+00
-4.05901639344 0.000000e+00
-3.73114754098 0.000000e+00
-3.40327868852 0.000000e+00
-3.07540983607 1.657068e-01
-2.74754098361 1.840676e-01
-2.41967213115 1.313411e-01
-2.09180327869 1.153305e-01
-1.76393442623 1.970589e-01
-1.43606557377 2.326286e-01
-1.10819672131 2.120915e-01
-0.780327868852 2.852831e-01
-0.452459016393 3.432298e-01
-0.124590163934 3.224146e-01
0.203278688525 3.209769e-01
0.531147540984 3.912045e-01
0.859016393443 3.856172e-01
1.1868852459 3.581106e-01
1.51475409836 3.917990e-01
1.84262295082 4.384940e-01
2.17049180328 4.533331e-01
2.49836065574 5.930319e-01
2.8262295082 4.673395e-01
3.15409836066 4.225521e-01
3.48196721311 5.373772e-01
3.80983606557 4.826398e-01
4.13770491803 4.329526e-01
4.46557377049 5.083290e-01
4.79344262295 4.355950e-01
5.12131147541 3.314894e-01
5.44918032787 3.582090e-01
5.77704918033 3.503440e-01
6.10491803279 3.945940e-01
6.43278688525 4.207854e-01
6.7606557377 2.961290e-01
7.08852459016 3.702271e-01
7.41639344262 3.143921e-01
7.74426229508 3.163361e-01
8.07213114754 2.384726e-01
8.4 3.211051e-01
8.72786885246 3.678888e-01
9.05573770492 5.174466e-01
9.38360655738 5.968293e-01
9.71147540984 5.663788e-01
10.0393442623 5.808283e-01
10.3672131148 1.000000e+00
10.6950819672 6.967966e-01
11.0229508197 8.005589e-01
11.3508196721 7.159394e-01
11.6786885246 4.986952e-01
12.006557377 3.934855e-01
12.3344262295 3.689222e-01
12.662295082 2.825781e-01
12.9901639344 3.395089e-01
13.3180327869 3.538387e-01
13.6459016393 2.661275e-01
13.9737704918 2.690953e-01
14.3016393443 2.587613e-01
14.6295081967 2.213945e-01
14.9573770492 2.452973e-01
15.2852459016 2.155182e-01
15.6131147541 1.697893e-01
15.9409836066 2.314442e-01
16.268852459 1.553029e-01
16.5967213115 1.271150e-01
16.9245901639 1.467070e-01
17.2524590164 1.424681e-01
17.5803278689 1.395466e-01
17.9081967213 1.496210e-01
18.2360655738 1.231857e-01
18.5639344262 1.527495e-01
18.8918032787 1.289853e-01
19.2196721311 1.084625e-01
19.5475409836 9.536701e-02
19.8754098361 1.231088e-01
20.2032786885 1.054332e-01
20.531147541 8.860521e-02
20.8590163934 1.561526e-01
21.1868852459 1.906408e-01
21.5147540984 1.209291e-01
21.8426229508 1.285026e-01
22.1704918033 1.038377e-01
22.4983606557 7.703043e-02
22.8262295082 0.000000e+00
23.1540983607 1.065840e-01
23.4819672131 1.227078e-01
23.8098360656 1.332727e-01
24.137704918 0.000000e+00
24.4655737705 0.000000e+00
24.793442623 0.000000e+00
25.1213114754 9.159961e-02
25.4491803279 7.762036e-02
25.7770491803 9.628535e-02
26.1049180328 0.000000e+00
26.4327868852 8.770777e-02
26.7606557377 0.000000e+00
27.0885245902 0.000000e+00
27.4163934426 0.000000e+00
27.7442622951 0.000000e+00
28.0721311475 0.000000e+00
28.4 0.000000e+00
28.7278688525 0.000000e+00
29.0557377049 0.000000e+00
29.3836065574 9.679125e-02
29.7114754098 7.577839e-02
30.0393442623 0.000000e+00
30.3672131148 0.000000e+00
30.6950819672 0.000000e+00
31.0229508197 0.000000e+00
31.3508196721 7.515373e-02
31.6786885246 1.123062e-01
32.006557377 0.000000e+00
32.3344262295 0.000000e+00
32.662295082 0.000000e+00
32.9901639344 0.000000e+00
33.3180327869 0.000000e+00
33.6459016393 0.000000e+00
33.9737704918 0.000000e+00
34.3016393443 0.000000e+00
34.6295081967 0.000000e+00
34.9573770492 0.000000e+00
35.2852459016 0.000000e+00
35.6131147541 0.000000e+00
35.9409836066 0.000000e+00
36.268852459 7.572213e-02
36.5967213115 0.000000e+00
36.9245901639 0.000000e+00
37.2524590164 7.910608e-02
37.5803278689 0.000000e+00
37.9081967213 0.000000e+00
38.2360655738 0.000000e+00
38.5639344262 0.000000e+00
38.8918032787 0.000000e+00
39.2196721311 0.000000e+00
39.5475409836 0.000000e+00
39.8754098361 0.000000e+00
40.2032786885 1.163510e-01
40.531147541 0.000000e+00
40.8590163934 0.000000e+00
41.1868852459 0.000000e+00
41.5147540984 0.000000e+00
41.8426229508 0.000000e+00
42.1704918033 0.000000e+00
42.4983606557 0.000000e+00
42.8262295082 0.000000e+00
43.1540983607 0.000000e+00
43.4819672131 0.000000e+00
43.8098360656 0.000000e+00
44.137704918 0.000000e+00
44.4655737705 0.000000e+00
44.793442623 0.000000e+00
45.1213114754 0.000000e+00
45.4491803279 0.000000e+00
45.7770491803 0.000000e+00
46.1049180328 0.000000e+00
46.4327868852 0.000000e+00
46.7606557377 0.000000e+00
47.0885245902 0.000000e+00
47.4163934426 0.000000e+00
47.7442622951 0.000000e+00
48.0721311475 0.000000e+00
48.4 0.000000e+00
48.7278688525 0.000000e+00
49.0557377049 0.000000e+00
49.3836065574 0.000000e+00
49.7114754098 0.000000e+00
50.0393442623 0.000000e+00
50.3672131148 0.000000e+00
50.6950819672 0.000000e+00
51.0229508197 0.000000e+00
51.3508196721 0.000000e+00
51.6786885246 0.000000e+00
52.006557377 0.000000e+00
52.3344262295 0.000000e+00
52.662295082 0.000000e+00
52.9901639344 0.000000e+00
53.3180327869 0.000000e+00
53.6459016393 0.000000e+00
53.9737704918 0.000000e+00
54.3016393443 0.000000e+00
54.6295081967 0.000000e+00
54.9573770492 0.000000e+00
55.2852459016 0.000000e+00
55.6131147541 0.000000e+00
55.9409836066 0.000000e+00
56.268852459 0.000000e+00
56.5967213115 0.000000e+00
56.9245901639 0.000000e+00
57.2524590164 0.000000e+00
57.5803278689 0.000000e+00
57.9081967213 0.000000e+00
58.2360655738 0.000000e+00
58.5639344262 0.000000e+00
58.8918032787 0.000000e+00
59.2196721311 0.000000e+00
59.5475409836 0.000000e+00
59.8754098361 0.000000e+00
60.2032786885 0.000000e+00
60.531147541 0.000000e+00
60.8590163934 0.000000e+00
61.1868852459 0.000000e+00
61.5147540984 0.000000e+00
61.8426229508 0.000000e+00
62.1704918033 0.000000e+00
62.4983606557 0.000000e+00
62.8262295082 0.000000e+00
63.1540983607 0.000000e+00
63.4819672131 0.000000e+00
63.8098360656 0.000000e+00
64.137704918 0.000000e+00
64.4655737705 0.000000e+00
64.793442623 7.894618e-02
65.1213114754 0.000000e+00
65.4491803279 0.000000e+00
65.7770491803 0.000000e+00
66.1049180328 0.000000e+00
66.4327868852 0.000000e+00
66.7606557377 0.000000e+00
67.0885245902 0.000000e+00
67.4163934426 0.000000e+00
67.7442622951 0.000000e+00
68.0721311475 1.046870e-01
68.4 8.305401e-02
68.7278688525 0.000000e+00
69.0557377049 0.000000e+00
69.3836065574 0.000000e+00
69.7114754098 0.000000e+00
70.0393442623 0.000000e+00
70.3672131148 0.000000e+00
70.6950819672 0.000000e+00
71.0229508197 0.000000e+00
71.3508196721 0.000000e+00
71.6786885246 0.000000e+00
72.006557377 0.000000e+00
72.3344262295 0.000000e+00
72.662295082 0.000000e+00
72.9901639344 0.000000e+00
73.3180327869 0.000000e+00
73.6459016393 0.000000e+00
73.9737704918 0.000000e+00
74.3016393443 0.000000e+00
74.6295081967 0.000000e+00
74.9573770492 0.000000e+00
75.2852459016 0.000000e+00
75.6131147541 0.000000e+00
75.9409836066 0.000000e+00
76.268852459 0.000000e+00
76.5967213115 0.000000e+00
76.9245901639 0.000000e+00
77.2524590164 0.000000e+00
77.5803278689 0.000000e+00
77.9081967213 0.000000e+00
78.2360655738 0.000000e+00
78.5639344262 0.000000e+00
78.8918032787 0.000000e+00
79.2196721311 0.000000e+00
79.5475409836 0.000000e+00
79.8754098361 0.000000e+00
80.2032786885 0.000000e+00
80.531147541 0.000000e+00
80.8590163934 0.000000e+00
81.1868852459 0.000000e+00
81.5147540984 0.000000e+00
81.8426229508 0.000000e+00
82.1704918033 0.000000e+00
82.4983606557 0.000000e+00
82.8262295082 0.000000e+00
83.1540983607 0.000000e+00
83.4819672131 0.000000e+00
83.8098360656 0.000000e+00
84.137704918 0.000000e+00
84.4655737705 0.000000e+00
84.793442623 0.000000e+00
85.1213114754 0.000000e+00
85.4491803279 0.000000e+00
85.7770491803 0.000000e+00
86.1049180328 0.000000e+00
86.4327868852 0.000000e+00
86.7606557377 0.000000e+00
87.0885245902 0.000000e+00
87.4163934426 0.000000e+00
87.7442622951 0.000000e+00
88.0721311475 0.000000e+00
88.4 0.000000e+00
88.7278688525 0.000000e+00
89.0557377049 0.000000e+00
89.3836065574 0.000000e+00
89.7114754098 0.000000e+00
90.0393442623 0.000000e+00
90.3672131148 0.000000e+00
90.6950819672 0.000000e+00
91.0229508197 0.000000e+00
91.3508196721 0.000000e+00
91.6786885246 0.000000e+00
92.006557377 0.000000e+00
92.3344262295 0.000000e+00
92.662295082 0.000000e+00
92.9901639344 0.000000e+00
93.3180327869 0.000000e+00
93.6459016393 0.000000e+00
93.9737704918 0.000000e+00
94.3016393443 0.000000e+00
94.6295081967 0.000000e+00
94.9573770492 0.000000e+00
95.2852459016 0.000000e+00
95.6131147541 0.000000e+00
95.9409836066 0.000000e+00
96.268852459 0.000000e+00
96.5967213115 0.000000e+00
96.9245901639 0.000000e+00
97.2524590164 0.000000e+00
97.5803278689 0.000000e+00
97.9081967213 0.000000e+00
98.2360655738 0.000000e+00
98.5639344262 0.000000e+00
98.8918032787 0.000000e+00
99.2196721311 0.000000e+00
99.5475409836 0.000000e+00
99.8754098361 0.000000e+00
100.203278689 0.000000e+00
100.531147541 0.000000e+00
100.859016393 0.000000e+00
101.186885246 0.000000e+00
101.514754098 0.000000e+00
101.842622951 0.000000e+00
102.170491803 0.000000e+00
102.498360656 0.000000e+00
102.826229508 0.000000e+00
103.154098361 0.000000e+00
103.481967213 0.000000e+00
103.809836066 0.000000e+00
104.137704918 0.000000e+00
104.46557377 0.000000e+00
104.793442623 0.000000e+00
105.121311475 0.000000e+00
105.449180328 0.000000e+00
105.77704918 0.000000e+00
106.104918033 0.000000e+00
106.432786885 0.000000e+00
106.760655738 0.000000e+00
107.08852459 0.000000e+00
107.416393443 0.000000e+00
107.744262295 0.000000e+00
108.072131148 0.000000e+00
108.4 0.000000e+00
108.727868852 0.000000e+00
109.055737705 0.000000e+00
109.383606557 0.000000e+00
109.71147541 0.000000e+00
110.039344262 0.000000e+00
110.367213115 0.000000e+00
110.695081967 0.000000e+00
111.02295082 0.000000e+00
111.350819672 0.000000e+00
111.678688525 0.000000e+00
112.006557377 0.000000e+00
112.33442623 0.000000e+00
112.662295082 0.000000e+00
112.990163934 0.000000e+00
113.318032787 0.000000e+00
113.645901639 0.000000e+00
113.973770492 0.000000e+00
114.301639344 0.000000e+00
114.629508197 0.000000e+00
114.957377049 0.000000e+00
115.285245902 0.000000e+00
115.613114754 0.000000e+00
115.940983607 0.000000e+00
116.268852459 0.000000e+00
116.596721311 0.000000e+00
116.924590164 0.000000e+00
117.252459016 0.000000e+00
117.580327869 0.000000e+00
117.908196721 0.000000e+00
118.236065574 0.000000e+00
118.563934426 0.000000e+00
118.891803279 0.000000e+00
119.219672131 0.000000e+00
119.547540984 0.000000e+00
119.875409836 0.000000e+00
120.203278689 0.000000e+00
120.531147541 0.000000e+00
120.859016393 0.000000e+00
121.186885246 0.000000e+00
121.514754098 0.000000e+00
121.842622951 0.000000e+00
122.170491803 0.000000e+00
122.498360656 0.000000e+00
122.826229508 0.000000e+00
123.154098361 0.000000e+00
123.481967213 0.000000e+00
123.809836066 0.000000e+00
124.137704918 0.000000e+00
124.46557377 0.000000e+00
124.793442623 0.000000e+00
125.121311475 0.000000e+00
125.449180328 0.000000e+00
125.77704918 0.000000e+00
126.104918033 0.000000e+00
126.432786885 0.000000e+00
126.760655738 0.000000e+00
127.08852459 0.000000e+00
127.416393443 0.000000e+00
127.744262295 0.000000e+00
128.072131148 0.000000e+00
128.4 0.000000e+00
128.727868852 0.000000e+00
129.055737705 0.000000e+00
129.383606557 0.000000e+00
129.71147541 0.000000e+00
130.039344262 0.000000e+00
130.367213115 0.000000e+00
130.695081967 0.000000e+00
131.02295082 0.000000e+00
131.350819672 0.000000e+00
131.678688525 0.000000e+00
132.006557377 0.000000e+00
132.33442623 0.000000e+00
132.662295082 0.000000e+00
132.990163934 0.000000e+00
133.318032787 0.000000e+00
133.645901639 0.000000e+00
133.973770492 0.000000e+00
134.301639344 0.000000e+00
134.629508197 0.000000e+00
134.957377049 0.000000e+00
135.285245902 0.000000e+00
135.613114754 0.000000e+00
135.940983607 0.000000e+00
136.268852459 0.000000e+00
136.596721311 0.000000e+00
136.924590164 0.000000e+00
137.252459016 0.000000e+00
137.580327869 0.000000e+00
137.908196721 0.000000e+00
138.236065574 0.000000e+00
138.563934426 0.000000e+00
138.891803279 0.000000e+00
139.219672131 0.000000e+00
139.547540984 0.000000e+00
139.875409836 0.000000e+00
140.203278689 0.000000e+00
140.531147541 0.000000e+00
140.859016393 0.000000e+00
141.186885246 0.000000e+00
141.514754098 0.000000e+00
141.842622951 0.000000e+00
142.170491803 0.000000e+00
142.498360656 0.000000e+00
142.826229508 0.000000e+00
143.154098361 0.000000e+00
143.481967213 0.000000e+00
143.809836066 0.000000e+00
144.137704918 0.000000e+00
144.46557377 0.000000e+00
144.793442623 0.000000e+00
145.121311475 0.000000e+00
145.449180328 0.000000e+00
145.77704918 0.000000e+00
146.104918033 0.000000e+00
146.432786885 0.000000e+00
146.760655738 0.000000e+00
147.08852459 0.000000e+00
147.416393443 0.000000e+00
147.744262295 0.000000e+00
148.072131148 0.000000e+00
148.4 0.000000e+00
148.727868852 0.000000e+00
149.055737705 0.000000e+00
149.383606557 0.000000e+00
149.71147541 0.000000e+00
150.039344262 0.000000e+00
150.367213115 0.000000e+00
150.695081967 0.000000e+00
151.02295082 0.000000e+00
151.350819672 0.000000e+00
151.678688525 0.000000e+00
152.006557377 0.000000e+00
152.33442623 0.000000e+00
152.662295082 0.000000e+00
152.990163934 0.000000e+00
153.318032787 0.000000e+00
153.645901639 0.000000e+00
153.973770492 0.000000e+00
154.301639344 0.000000e+00
154.629508197 0.000000e+00
154.957377049 0.000000e+00
155.285245902 0.000000e+00
155.613114754 0.000000e+00
155.940983607 0.000000e+00
156.268852459 0.000000e+00
156.596721311 0.000000e+00
156.924590164 0.000000e+00
157.252459016 0.000000e+00
157.580327869 0.000000e+00
157.908196721 0.000000e+00
158.236065574 0.000000e+00
158.563934426 0.000000e+00
158.891803279 0.000000e+00
159.219672131 0.000000e+00
159.547540984 0.000000e+00
159.875409836 0.000000e+00
160.203278689 0.000000e+00
160.531147541 0.000000e+00
160.859016393 0.000000e+00
161.186885246 0.000000e+00
161.514754098 0.000000e+00
161.842622951 0.000000e+00
162.170491803 0.000000e+00
162.498360656 0.000000e+00
162.826229508 0.000000e+00
163.154098361 0.000000e+00
163.481967213 0.000000e+00
163.809836066 0.000000e+00
164.137704918 0.000000e+00
164.46557377 0.000000e+00
164.793442623 0.000000e+00
165.121311475 0.000000e+00
165.449180328 0.000000e+00
165.77704918 0.000000e+00
166.104918033 0.000000e+00
166.432786885 0.000000e+00
166.760655738 0.000000e+00
167.08852459 0.000000e+00
167.416393443 0.000000e+00
167.744262295 0.000000e+00
168.072131148 0.000000e+00
168.4 0.000000e+00
168.727868852 0.000000e+00
169.055737705 0.000000e+00
169.383606557 0.000000e+00
169.71147541 0.000000e+00
170.039344262 0.000000e+00
170.367213115 0.000000e+00
170.695081967 0.000000e+00
171.02295082 0.000000e+00
171.350819672 0.000000e+00
171.678688525 0.000000e+00
172.006557377 0.000000e+00
172.33442623 0.000000e+00
172.662295082 0.000000e+00
172.990163934 0.000000e+00
173.318032787 0.000000e+00
173.645901639 0.000000e+00
173.973770492 0.000000e+00
174.301639344 0.000000e+00
174.629508197 0.000000e+00
174.957377049 0.000000e+00
175.285245902 0.000000e+00
175.613114754 0.000000e+00
175.940983607 0.000000e+00
176.268852459 0.000000e+00
176.596721311 0.000000e+00
176.924590164 0.000000e+00
177.252459016 0.000000e+00
177.580327869 0.000000e+00
177.908196721 0.000000e+00
178.236065574 0.000000e+00
178.563934426 0.000000e+00
178.891803279 0.000000e+00
179.219672131 0.000000e+00
179.547540984 0.000000e+00
179.875409836 0.000000e+00
180.203278689 0.000000e+00
180.531147541 0.000000e+00
180.859016393 0.000000e+00
181.186885246 0.000000e+00
181.514754098 0.000000e+00
181.842622951 0.000000e+00
182.170491803 0.000000e+00
182.498360656 0.000000e+00
182.826229508 0.000000e+00
183.154098361 0.000000e+00
183.481967213 0.000000e+00
183.809836066 0.000000e+00
184.137704918 0.000000e+00
184.46557377 0.000000e+00
184.793442623 0.000000e+00
185.121311475 0.000000e+00
185.449180328 0.000000e+00
185.77704918 0.000000e+00
186.104918033 0.000000e+00
186.432786885 0.000000e+00
186.760655738 0.000000e+00
187.08852459 0.000000e+00
187.416393443 0.000000e+00
187.744262295 0.000000e+00
188.072131148 0.000000e+00
188.4 0.000000e+00
188.727868852 0.000000e+00
189.055737705 0.000000e+00
189.383606557 0.000000e+00
189.71147541 0.000000e+00
190.039344262 0.000000e+00
190.367213115 0.000000e+00
190.695081967 0.000000e+00
191.02295082 0.000000e+00
191.350819672 0.000000e+00
191.678688525 0.000000e+00
192.006557377 0.000000e+00
192.33442623 0.000000e+00
192.662295082 0.000000e+00
192.990163934 0.000000e+00
193.318032787 0.000000e+00
193.645901639 0.000000e+00
193.973770492 0.000000e+00
194.301639344 0.000000e+00
194.629508197 0.000000e+00
194.957377049 0.000000e+00
195.285245902 0.000000e+00
195.613114754 0.000000e+00
195.940983607 0.000000e+00
196.268852459 0.000000e+00
196.596721311 0.000000e+00
196.924590164 0.000000e+00
197.252459016 0.000000e+00
197.580327869 0.000000e+00
197.908196721 0.000000e+00
198.236065574 0.000000e+00
198.563934426 0.000000e+00
198.891803279 0.000000e+00
199.219672131 0.000000e+00
199.547540984 0.000000e+00
199.875409836 0.000000e+00
200.203278689 0.000000e+00
200.531147541 0.000000e+00
200.859016393 0.000000e+00
201.186885246 0.000000e+00
201.514754098 0.000000e+00
201.842622951 0.000000e+00
202.170491803 0.000000e+00
202.498360656 0.000000e+00
202.826229508 0.000000e+00
203.154098361 0.000000e+00
203.481967213 0.000000e+00
203.809836066 0.000000e+00
204.137704918 0.000000e+00
204.46557377 0.000000e+00
204.793442623 0.000000e+00
205.121311475 0.000000e+00
205.449180328 0.000000e+00
205.77704918 0.000000e+00
206.104918033 0.000000e+00
206.432786885 0.000000e+00
206.760655738 0.000000e+00
207.08852459 0.000000e+00
207.416393443 0.000000e+00
207.744262295 0.000000e+00
208.072131148 0.000000e+00
208.4 0.000000e+00
208.727868852 0.000000e+00
209.055737705 0.000000e+00
209.383606557 0.000000e+00
209.71147541 0.000000e+00
210.039344262 0.000000e+00
210.367213115 0.000000e+00
210.695081967 0.000000e+00
211.02295082 0.000000e+00
211.350819672 0.000000e+00
211.678688525 0.000000e+00
212.006557377 0.000000e+00
212.33442623 0.000000e+00
212.662295082 0.000000e+00
212.990163934 0.000000e+00
213.318032787 0.000000e+00
213.645901639 0.000000e+00
213.973770492 0.000000e+00
214.301639344 0.000000e+00
214.629508197 0.000000e+00
214.957377049 0.000000e+00
215.285245902 0.000000e+00
215.613114754 0.000000e+00
215.940983607 0.000000e+00
216.268852459 0.000000e+00
216.596721311 0.000000e+00
216.924590164 0.000000e+00
217.252459016 0.000000e+00
217.580327869 0.000000e+00
217.908196721 0.000000e+00
218.236065574 0.000000e+00
218.563934426 0.000000e+00
218.891803279 0.000000e+00
219.219672131 0.000000e+00
219.547540984 0.000000e+00
219.875409836 0.000000e+00
220.203278689 0.000000e+00
220.531147541 0.000000e+00
220.859016393 0.000000e+00
221.186885246 0.000000e+00
221.514754098 0.000000e+00
221.842622951 0.000000e+00
222.170491803 0.000000e+00
222.498360656 0.000000e+00
222.826229508 0.000000e+00
223.154098361 0.000000e+00
223.481967213 0.000000e+00
223.809836066 0.000000e+00
224.137704918 0.000000e+00
224.46557377 0.000000e+00
224.793442623 0.000000e+00
225.121311475 0.000000e+00
225.449180328 0.000000e+00
225.77704918 0.000000e+00
226.104918033 0.000000e+00
226.432786885 0.000000e+00
226.760655738 0.000000e+00
227.08852459 0.000000e+00
227.416393443 0.000000e+00
227.744262295 0.000000e+00
228.072131148 0.000000e+00
228.4 0.000000e+00
228.727868852 0.000000e+00
229.055737705 0.000000e+00
229.383606557 0.000000e+00
229.71147541 0.000000e+00
230.039344262 0.000000e+00
230.367213115 0.000000e+00
230.695081967 0.000000e+00
231.02295082 0.000000e+00
231.350819672 0.000000e+00
231.678688525 0.000000e+00
232.006557377 0.000000e+00
232.33442623 0.000000e+00
232.662295082 0.000000e+00
232.990163934 0.000000e+00
233.318032787 0.000000e+00
233.645901639 0.000000e+00
233.973770492 0.000000e+00
234.301639344 0.000000e+00
234.629508197 0.000000e+00
234.957377049 0.000000e+00
235.285245902 0.000000e+00
235.613114754 0.000000e+00
235.940983607 0.000000e+00
236.268852459 0.000000e+00
236.596721311 0.000000e+00
236.924590164 0.000000e+00
237.252459016 0.000000e+00
237.580327869 0.000000e+00
237.908196721 0.000000e+00
238.236065574 0.000000e+00
238.563934426 0.000000e+00
238.891803279 0.000000e+00
239.219672131 0.000000e+00
239.547540984 0.000000e+00
239.875409836 0.000000e+00
240.203278689 0.000000e+00
240.531147541 0.000000e+00
240.859016393 0.000000e+00
241.186885246 0.000000e+00
241.514754098 0.000000e+00
241.842622951 0.000000e+00
242.170491803 0.000000e+00
242.498360656 0.000000e+00
242.826229508 0.000000e+00
243.154098361 0.000000e+00
243.481967213 0.000000e+00
243.809836066 0.000000e+00
244.137704918 0.000000e+00
244.46557377 0.000000e+00
244.793442623 0.000000e+00
245.121311475 0.000000e+00
245.449180328 0.000000e+00
245.77704918 0.000000e+00
246.104918033 0.000000e+00
246.432786885 0.000000e+00
246.760655738 0.000000e+00
247.08852459 0.000000e+00
247.416393443 0.000000e+00
247.744262295 0.000000e+00
248.072131148 0.000000e+00
248.4 0.000000e+00
248.727868852 0.000000e+00
249.055737705 0.000000e+00
249.383606557 0.000000e+00
249.71147541 0.000000e+00
250.039344262 0.000000e+00
250.367213115 0.000000e+00
250.695081967 0.000000e+00
251.02295082 0.000000e+00
251.350819672 0.000000e+00
251.678688525 0.000000e+00
252.006557377 0.000000e+00
252.33442623 0.000000e+00
252.662295082 0.000000e+00
252.990163934 0.000000e+00
253.318032787 0.000000e+00
253.645901639 0.000000e+00
253.973770492 0.000000e+00
254.301639344 0.000000e+00
254.629508197 0.000000e+00
254.957377049 0.000000e+00
255.285245902 0.000000e+00
255.613114754 0.000000e+00
255.940983607 0.000000e+00
256.268852459 0.000000e+00
256.596721311 0.000000e+00
256.924590164 0.000000e+00
257.252459016 0.000000e+00
257.580327869 0.000000e+00
257.908196721 0.000000e+00
258.236065574 0.000000e+00
258.563934426 0.000000e+00
258.891803279 0.000000e+00
259.219672131 0.000000e+00
259.547540984 0.000000e+00
259.875409836 0.000000e+00
260.203278689 0.000000e+00
260.531147541 0.000000e+00
260.859016393 0.000000e+00
261.186885246 0.000000e+00
261.514754098 0.000000e+00
261.842622951 0.000000e+00
262.170491803 0.000000e+00
262.498360656 0.000000e+00
262.826229508 0.000000e+00
263.154098361 0.000000e+00
263.481967213 0.000000e+00
263.809836066 0.000000e+00
264.137704918 0.000000e+00
264.46557377 0.000000e+00
264.793442623 0.000000e+00
265.121311475 0.000000e+00
265.449180328 0.000000e+00
265.77704918 0.000000e+00
266.104918033 0.000000e+00
266.432786885 0.000000e+00
266.760655738 0.000000e+00
267.08852459 0.000000e+00
267.416393443 0.000000e+00
267.744262295 0.000000e+00
268.072131148 0.000000e+00
268.4 0.000000e+00
268.727868852 0.000000e+00
269.055737705 0.000000e+00
269.383606557 0.000000e+00
269.71147541 0.000000e+00
270.039344262 0.000000e+00
270.367213115 0.000000e+00
270.695081967 0.000000e+00
271.02295082 0.000000e+00
271.350819672 0.000000e+00
271.678688525 0.000000e+00
272.006557377 0.000000e+00
272.33442623 0.000000e+00
272.662295082 0.000000e+00
272.990163934 0.000000e+00
273.318032787 0.000000e+00
273.645901639 0.000000e+00
273.973770492 0.000000e+00
274.301639344 0.000000e+00
274.629508197 0.000000e+00
274.957377049 0.000000e+00
275.285245902 0.000000e+00
275.613114754 0.000000e+00
275.940983607 0.000000e+00
276.268852459 0.000000e+00
276.596721311 0.000000e+00
276.924590164 0.000000e+00
277.252459016 0.000000e+00
277.580327869 0.000000e+00
277.908196721 0.000000e+00
278.236065574 0.000000e+00
278.563934426 0.000000e+00
278.891803279 0.000000e+00
279.219672131 0.000000e+00
279.547540984 0.000000e+00
279.875409836 0.000000e+00
280.203278689 0.000000e+00
280.531147541 0.000000e+00
280.859016393 0.000000e+00
281.186885246 0.000000e+00
281.514754098 0.000000e+00
281.842622951 0.000000e+00
282.170491803 0.000000e+00
282.498360656 0.000000e+00
282.826229508 0.000000e+00
283.154098361 0.000000e+00
283.481967213 0.000000e+00
283.809836066 0.000000e+00
284.137704918 0.000000e+00
284.46557377 0.000000e+00
284.793442623 0.000000e+00
285.121311475 0.000000e+00
285.449180328 0.000000e+00
285.77704918 0.000000e+00
286.104918033 0.000000e+00
286.432786885 0.000000e+00
286.760655738 0.000000e+00
287.08852459 0.000000e+00
287.416393443 0.000000e+00
287.744262295 0.000000e+00
288.072131148 0.000000e+00
288.4 0.000000e+00
288.727868852 0.000000e+00
289.055737705 0.000000e+00
289.383606557 0.000000e+00
289.71147541 0.000000e+00
290.039344262 0.000000e+00
290.367213115 0.000000e+00
290.695081967 0.000000e+00
291.02295082 0.000000e+00
291.350819672 0.000000e+00
291.678688525 0.000000e+00
292.006557377 0.000000e+00
292.33442623 0.000000e+00
292.662295082 0.000000e+00
292.990163934 0.000000e+00
293.318032787 0.000000e+00
293.645901639 0.000000e+00
293.973770492 0.000000e+00
294.301639344 0.000000e+00
294.629508197 0.000000e+00
294.957377049 0.000000e+00
295.285245902 0.000000e+00
295.613114754 0.000000e+00
295.940983607 0.000000e+00
296.268852459 0.000000e+00
296.596721311 0.000000e+00
296.924590164 0.000000e+00
297.252459016 0.000000e+00
297.580327869 0.000000e+00
297.908196721 0.000000e+00
298.236065574 0.000000e+00
298.563934426 0.000000e+00
298.891803279 0.000000e+00
299.219672131 0.000000e+00
299.547540984 0.000000e+00
299.875409836 0.000000e+00
300.203278689 0.000000e+00
300.531147541 0.000000e+00
300.859016393 0.000000e+00
301.186885246 0.000000e+00
301.514754098 0.000000e+00
301.842622951 0.000000e+00
302.170491803 0.000000e+00
302.498360656 0.000000e+00
302.826229508 0.000000e+00
303.154098361 0.000000e+00
303.481967213 0.000000e+00
303.809836066 0.000000e+00
304.137704918 0.000000e+00
304.46557377 0.000000e+00
304.793442623 0.000000e+00
305.121311475 0.000000e+00
305.449180328 0.000000e+00
305.77704918 0.000000e+00
306.104918033 0.000000e+00
306.432786885 0.000000e+00
306.760655738 0.000000e+00
307.08852459 0.000000e+00
307.416393443 0.000000e+00
307.744262295 0.000000e+00
308.072131148 0.000000e+00
308.4 0.000000e+00
308.727868852 0.000000e+00
309.055737705 0.000000e+00
309.383606557 0.000000e+00
309.71147541 0.000000e+00
310.039344262 0.000000e+00
310.367213115 0.000000e+00
310.695081967 0.000000e+00
311.02295082 0.000000e+00
311.350819672 0.000000e+00
311.678688525 0.000000e+00
312.006557377 0.000000e+00
312.33442623 0.000000e+00
312.662295082 0.000000e+00
312.990163934 0.000000e+00
313.318032787 0.000000e+00
313.645901639 0.000000e+00
313.973770492 0.000000e+00
314.301639344 0.000000e+00
314.629508197 0.000000e+00
314.957377049 0.000000e+00
315.285245902 0.000000e+00
316.285245902 0.0
317.285245902 0.0
318.285245902 0.0
319.285245902 0.0
320.285245902 0.0
321.285245902 0.0
322.285245902 0.0
323.285245902 0.0
324.285245902 0.0
325.285245902 0.0
326.285245902 0.0
327.285245902 0.0
328.285245902 0.0
329.285245902 0.0
330.285245902 0.0
331.285245902 0.0
332.285245902 0.0
333.285245902 0.0
334.285245902 0.0
335.285245902 0.0
336.285245902 0.0
337.285245902 0.0
338.285245902 0.0
339.285245902 0.0
340.285245902 0.0
341.285245902 0.0
342.285245902 0.0
343.285245902 0.0
344.285245902 0.0
345.285245902 0.0
346.285245902 0.0
347.285245902 0.0
348.285245902 0.0
349.285245902 0.0
350.285245902 0.0
351.285245902 0.0
352.285245902 0.0
353.285245902 0.0
354.285245902 0.0
355.285245902 0.0
356.285245902 0.0
357.285245902 0.0
358.285245902 0.0
359.285245902 0.0
360.285245902 0.0
361.285245902 0.0
362.285245902 0.0
363.285245902 0.0
364.285245902 0.0
365.285245902 0.0
366.285245902 0.0
367.285245902 0.0
368.285245902 0.0
369.285245902 0.0
370.285245902 0.0
371.285245902 0.0
372.285245902 0.0
373.285245902 0.0
374.285245902 0.0
375.285245902 0.0
376.285245902 0.0
377.285245902 0.0
378.285245902 0.0
379.285245902 0.0
380.285245902 0.0
381.285245902 0.0
382.285245902 0.0
383.285245902 0.0
384.285245902 0.0
385.285245902 0.0
386.285245902 0.0
387.285245902 0.0
388.285245902 0.0
389.285245902 0.0
390.285245902 0.0
391.285245902 0.0
392.285245902 0.0
393.285245902 0.0
394.285245902 0.0
395.285245902 0.0
396.285245902 0.0
397.285245902 0.0
398.285245902 0.0
399.285245902 0.0
400.285245902 0.0
401.285245902 0.0
402.285245902 0.0
403.285245902 0.0
404.285245902 0.0
405.285245902 0.0
406.285245902 0.0
407.285245902 0.0
408.285245902 0.0
409.285245902 0.0
410.285245902 0.0
411.285245902 0.0
412.285245902 0.0
413.285245902 0.0
414.285245902 0.0
415.285245902 0.0
416.285245902 0.0
417.285245902 0.0
418.285245902 0.0
419.285245902 0.0
420.285245902 0.0
421.285245902 0.0
422.285245902 0.0
423.285245902 0.0
424.285245902 0.0
425.285245902 0.0
426.285245902 0.0
427.285245902 0.0
428.285245902 0.0
429.285245902 0.0
430.285245902 0.0
431.285245902 0.0
432.285245902 0.0
433.285245902 0.0
434.285245902 0.0
435.285245902 0.0
436.285245902 0.0
437.285245902 0.0
438.285245902 0.0
439.285245902 0.0
440.285245902 0.0
441.285245902 0.0
442.285245902 0.0
443.285245902 0.0
444.285245902 0.0
445.285245902 0.0
446.285245902 0.0
447.285245902 0.0
448.285245902 0.0
449.285245902 0.0
450.285245902 0.0
451.285245902 0.0
452.285245902 0.0
453.285245902 0.0
454.285245902 0.0
455.285245902 0.0
456.285245902 0.0
457.285245902 0.0
458.285245902 0.0
459.285245902 0.0
460.285245902 0.0
461.285245902 0.0
462.285245902 0.0
463.285245902 0.0
464.285245902 0.0
465.285245902 0.0
466.285245902 0.0
467.285245902 0.0
468.285245902 0.0
469.285245902 0.0
470.285245902 0.0
471.285245902 0.0
472.285245902 0.0
473.285245902 0.0
474.285245902 0.0
475.285245902 0.0
476.285245902 0.0
477.285245902 0.0
478.285245902 0.0
479.285245902 0.0
480.285245902 0.0
481.285245902 0.0
482.285245902 0.0
483.285245902 0.0
484.285245902 0.0
485.285245902 0.0
486.285245902 0.0
487.285245902 0.0
488.285245902 0.0
489.285245902 0.0
490.285245902 0.0
491.285245902 0.0
492.285245902 0.0
493.285245902 0.0
494.285245902 0.0
495.285245902 0.0
496.285245902 0.0
497.285245902 0.0
498.285245902 0.0
499.285245902 0.0
500.285245902 0.0
501.285245902 0.0
502.285245902 0.0
503.285245902 0.0
504.285245902 0.0
505.285245902 0.0
506.285245902 0.0
507.285245902 0.0
508.285245902 0.0
509.285245902 0.0
510.285245902 0.0
511.285245902 0.0
512.285245902 0.0
513.285245902 0.0
514.285245902 0.0
515.285245902 0.0
516.285245902 0.0
517.285245902 0.0
518.285245902 0.0
519.285245902 0.0
520.285245902 0.0
521.285245902 0.0
522.285245902 0.0
523.285245902 0.0
524.285245902 0.0
525.285245902 0.0
526.285245902 0.0
527.285245902 0.0
528.285245902 0.0
529.285245902 0.0
530.285245902 0.0
531.285245902 0.0
532.285245902 0.0
533.285245902 0.0
534.285245902 0.0
535.285245902 0.0
536.285245902 0.0
537.285245902 0.0
538.285245902 0.0
539.285245902 0.0
540.285245902 0.0
541.285245902 0.0
542.285245902 0.0
543.285245902 0.0
544.285245902 0.0
545.285245902 0.0
546.285245902 0.0
547.285245902 0.0
548.285245902 0.0
549.285245902 0.0
550.285245902 0.0
551.285245902 0.0
552.285245902 0.0
553.285245902 0.0
554.285245902 0.0
555.285245902 0.0
556.285245902 0.0
557.285245902 0.0
558.285245902 0.0
559.285245902 0.0
560.285245902 0.0
561.285245902 0.0
562.285245902 0.0
563.285245902 0.0
564.285245902 0.0
565.285245902 0.0
566.285245902 0.0
567.285245902 0.0
568.285245902 0.0
569.285245902 0.0
570.285245902 0.0
571.285245902 0.0
572.285245902 0.0
573.285245902 0.0
574.285245902 0.0
575.285245902 0.0
576.285245902 0.0
577.285245902 0.0
578.285245902 0.0
579.285245902 0.0
580.285245902 0.0
581.285245902 0.0
582.285245902 0.0
583.285245902 0.0
584.285245902 0.0
585.285245902 0.0
586.285245902 0.0
587.285245902 0.0
588.285245902 0.0
589.285245902 0.0
590.285245902 0.0
591.285245902 0.0
592.285245902 0.0
593.285245902 0.0
594.285245902 0.0
595.285245902 0.0
596.285245902 0.0
597.285245902 0.0
598.285245902 0.0
599.285245902 0.0
600.285245902 0.0
601.285245902 0.0
602.285245902 0.0
603.285245902 0.0
604.285245902 0.0
605.285245902 0.0
606.285245902 0.0
607.285245902 0.0
608.285245902 0.0
609.285245902 0.0
610.285245902 0.0
611.285245902 0.0
612.285245902 0.0
613.285245902 0.0
614.285245902 0.0
615.285245902 0.0
616.285245902 0.0
617.285245902 0.0
618.285245902 0.0
619.285245902 0.0
620.285245902 0.0
621.285245902 0.0
622.285245902 0.0
623.285245902 0.0
624.285245902 0.0
625.285245902 0.0
626.285245902 0.0
627.285245902 0.0
628.285245902 0.0
629.285245902 0.0
630.285245902 0.0
631.285245902 0.0
632.285245902 0.0
633.285245902 0.0
634.285245902 0.0
635.285245902 0.0
636.285245902 0.0
637.285245902 0.0
638.285245902 0.0
639.285245902 0.0
640.285245902 0.0
641.285245902 0.0
642.285245902 0.0
643.285245902 0.0
644.285245902 0.0
645.285245902 0.0
646.285245902 0.0
647.285245902 0.0
648.285245902 0.0
649.285245902 0.0
650.285245902 0.0
651.285245902 0.0
652.285245902 0.0
653.285245902 0.0
654.285245902 0.0
655.285245902 0.0
656.285245902 0.0
657.285245902 0.0
658.285245902 0.0
659.285245902 0.0
660.285245902 0.0
661.285245902 0.0
662.285245902 0.0
663.285245902 0.0
664.285245902 0.0
665.285245902 0.0
666.285245902 0.0
667.285245902 0.0
668.285245902 0.0
669.285245902 0.0
670.285245902 0.0
671.285245902 0.0
672.285245902 0.0
673.285245902 0.0
674.285245902 0.0
675.285245902 0.0
676.285245902 0.0
677.285245902 0.0
678.285245902 0.0
679.285245902 0.0
680.285245902 0.0
681.285245902 0.0
682.285245902 0.0
683.285245902 0.0
684.285245902 0.0
685.285245902 0.0
686.285245902 0.0
687.285245902 0.0
688.285245902 0.0
689.285245902 0.0
690.285245902 0.0
691.285245902 0.0
692.285245902 0.0
693.285245902 0.0
694.285245902 0.0
695.285245902 0.0
696.285245902 0.0
697.285245902 0.0
698.285245902 0.0
699.285245902 0.0
700.285245902 0.0
701.285245902 0.0
702.285245902 0.0
703.285245902 0.0
704.285245902 0.0
705.285245902 0.0
706.285245902 0.0
707.285245902 0.0
708.285245902 0.0
709.285245902 0.0
710.285245902 0.0
711.285245902 0.0
712.285245902 0.0
713.285245902 0.0
714.285245902 0.0
715.285245902 0.0
716.285245902 0.0
717.285245902 0.0
718.285245902 0.0
719.285245902 0.0
720.285245902 0.0
721.285245902 0.0
722.285245902 0.0
723.285245902 0.0
724.285245902 0.0
725.285245902 0.0
726.285245902 0.0
727.285245902 0.0
728.285245902 0.0
729.285245902 0.0
730.285245902 0.0
731.285245902 0.0
732.285245902 0.0
733.285245902 0.0
734.285245902 0.0
735.285245902 0.0
736.285245902 0.0
737.285245902 0.0
738.285245902 0.0
739.285245902 0.0
740.285245902 0.0
741.285245902 0.0
742.285245902 0.0
743.285245902 0.0
744.285245902 0.0
745.285245902 0.0
746.285245902 0.0
747.285245902 0.0
748.285245902 0.0
749.285245902 0.0
750.285245902 0.0
751.285245902 0.0
752.285245902 0.0
753.285245902 0.0
754.285245902 0.0
755.285245902 0.0
756.285245902 0.0
757.285245902 0.0
758.285245902 0.0
759.285245902 0.0
760.285245902 0.0
761.285245902 0.0
762.285245902 0.0
763.285245902 0.0
764.285245902 0.0
765.285245902 0.0
766.285245902 0.0
767.285245902 0.0
768.285245902 0.0
769.285245902 0.0
770.285245902 0.0
771.285245902 0.0
772.285245902 0.0
773.285245902 0.0
774.285245902 0.0
775.285245902 0.0
776.285245902 0.0
777.285245902 0.0
778.285245902 0.0
779.285245902 0.0
780.285245902 0.0
781.285245902 0.0
782.285245902 0.0
783.285245902 0.0
784.285245902 0.0
785.285245902 0.0
786.285245902 0.0
787.285245902 0.0
788.285245902 0.0
789.285245902 0.0
790.285245902 0.0
791.285245902 0.0
792.285245902 0.0
793.285245902 0.0
794.285245902 0.0
795.285245902 0.0
796.285245902 0.0
797.285245902 0.0
798.285245902 0.0
799.285245902 0.0
800.285245902 0.0
801.285245902 0.0
802.285245902 0.0
803.285245902 0.0
804.285245902 0.0
805.285245902 0.0
806.285245902 0.0
807.285245902 0.0
808.285245902 0.0
809.285245902 0.0
810.285245902 0.0
811.285245902 0.0
812.285245902 0.0
813.285245902 0.0
814.285245902 0.0
815.285245902 0.0
