-563.349602122 0.0
-562.349602122 0.0
-561.349602122 0.0
-560.349602122 0.0
-559.349602122 0.0
-558.349602122 0.0
-557.349602122 0.0
-556.349602122 0.0
-555.349602122 0.0
-554.349602122 0.0
-553.349602122 0.0
-552.349602122 0.0
-551.349602122 0.0
-550.349602122 0.0
-549.349602122 0.0
-548.349602122 0.0
-547.349602122 0.0
-546.349602122 0.0
-545.349602122 0.0
-544.349602122 0.0
-543.349602122 0.0
-542.349602122 0.0
-541.349602122 0.0
-540.349602122 0.0
-539.349602122 0.0
-538.349602122 0.0
-537.349602122 0.0
-536.349602122 0.0
-535.349602122 0.0
-534.349602122 0.0
-533.349602122 0.0
-532.349602122 0.0
-531.349602122 0.0
-530.349602122 0.0
-529.349602122 0.0
-528.349602122 0.0
-527.349602122 0.0
-526.349602122 0.0
-525.349602122 0.0
-524.349602122 0.0
-523.349602122 0.0
-522.349602122 0.0
-521.349602122 0.0
-520.349602122 0.0
-519.349602122 0.0
-518.349602122 0.0
-517.349602122 0.0
-516.349602122 0.0
-515.349602122 0.0
-514.349602122 0.0
-513.349602122 0.0
-512.349602122 0.0
-511.349602122 0.0
-510.349602122 0.0
-509.349602122 0.0
-508.349602122 0.0
-507.349602122 0.0
-506.349602122 0.0
-505.349602122 0.0
-504.349602122 0.0
-503.349602122 0.0
-502.349602122 0.0
-501.349602122 0.0
-500.349602122 0.0
-499.349602122 0.0
-498.349602122 0.0
-497.349602122 0.0
-496.349602122 0.0
-495.349602122 0.0
-494.349602122 0.0
-493.349602122 0.0
-492.349602122 0.0
-491.349602122 0.0
-490.349602122 0.0
-489.349602122 0.0
-488.349602122 0.0
-487.349602122 0.0
-486.349602122 0.0
-485.349602122 0.0
-484.349602122 0.0
-483.349602122 0.0
-482.349602122 0.0
-481.349602122 0.0
-480.349602122 0.0
-479.349602122 0.0
-478.349602122 0.0
-477.349602122 0.0
-476.349602122 0.0
-475.349602122 0.0
-474.349602122 0.0
-473.349602122 0.0
-472.349602122 0.0
-471.349602122 0.0
-470.349602122 0.0
-469.349602122 0.0
-468.349602122 0.0
-467.349602122 0.0
-466.349602122 0.0
-465.349602122 0.0
-464.349602122 0.0
-463.349602122 0.0
-462.349602122 0.0
-461.349602122 0.0
-460.349602122 0.0
-459.349602122 0.0
-458.349602122 0.0
-457.349602122 0.0
-456.349602122 0.0
-455.349602122 0.0
-454.349602122 0.0
-453.349602122 0.0
-452.349602122 0.0
-451.349602122 0.0
-450.349602122 0.0
-449.349602122 0.0
-448.349602122 0.0
-447.349602122 0.0
-446.349602122 0.0
-445.349602122 0.0
-444.349602122 0.0
-443.349602122 0.0
-442.349602122 0.0
-441.349602122 0.0
-440.349602122 0.0
-439.349602122 0.0
-438.349602122 0.0
-437.349602122 0.0
-436.349602122 0.0
-435.349602122 0.0
-434.349602122 0.0
-433.349602122 0.0
-432.349602122 0.0
-431.349602122 0.0
-430.349602122 0.0
-429.349602122 0.0
-428.349602122 0.0
-427.349602122 0.0
-426.349602122 0.0
-425.349602122 0.0
-424.349602122 0.0
-423.349602122 0.0
-422.349602122 0.0
-421.349602122 0.0
-420.349602122 0.0
-419.349602122 0.0
-418.349602122 0.0
-417.349602122 0.0
-416.349602122 0.0
-415.349602122 0.0
-414.349602122 0.0
-413.349602122 0.0
-412.349602122 0.0
-411.349602122 0.0
-410.349602122 0.0
-409.349602122 0.0
-408.349602122 0.0
-407.349602122 0.0
-406.349602122 0.0
-405.349602122 0.0
-404.349602122 0.0
-403.349602122 0.0
-402.349602122 0.0
-401.349602122 0.0
-400.349602122 0.0
-399.349602122 0.0
-398.349602122 0.0
-397.349602122 0.0
-396.349602122 0.0
-395.349602122 0.0
-394.349602122 0.0
-393.349602122 0.0
-392.349602122 0.0
-391.349602122 0.0
-390.349602122 0.0
-389.349602122 0.0
-388.349602122 0.0
-387.349602122 0.0
-386.349602122 0.0
-385.349602122 0.0
-384.349602122 0.0
-383.349602122 0.0
-382.349602122 0.0
-381.349602122 0.0
-380.349602122 0.0
-379.349602122 0.0
-378.349602122 0.0
-377.349602122 0.0
-376.349602122 0.0
-375.349602122 0.0
-374.349602122 0.0
-373.349602122 0.0
-372.349602122 0.0
-371.349602122 0.0
-370.349602122 0.0
-369.349602122 0.0
-368.349602122 0.0
-367.349602122 0.0
-366.349602122 0.0
-365.349602122 0.0
-364.349602122 0.0
-363.349602122 0.0
-362.349602122 0.0
-361.349602122 0.0
-360.349602122 0.0
-359.349602122 0.0
-358.349602122 0.0
-357.349602122 0.0
-356.349602122 0.0
-355.349602122 0.0
-354.349602122 0.0
-353.349602122 0.0
-352.349602122 0.0
-351.349602122 0.0
-350.349602122 0.0
-349.349602122 0.0
-348.349602122 0.0
-347.349602122 0.0
-346.349602122 0.0
-345.349602122 0.0
-344.349602122 0.0
-343.349602122 0.0
-342.349602122 0.0
-341.349602122 0.0
-340.349602122 0.0
-339.349602122 0.0
-338.349602122 0.0
-337.349602122 0.0
-336.349602122 0.0
-335.349602122 0.0
-334.349602122 0.0
-333.349602122 0.0
-332.349602122 0.0
-331.349602122 0.0
-330.349602122 0.0
-329.349602122 0.0
-328.349602122 0.0
-327.349602122 0.0
-326.349602122 0.0
-325.349602122 0.0
-324.349602122 0.0
-323.349602122 0.0
-322.349602122 0.0
-321.349602122 0.0
-320.349602122 0.0
-319.349602122 0.0
-318.349602122 0.0
-317.349602122 0.0
-316.349602122 0.0
-315.349602122 0.0
-314.349602122 0.0
-313.349602122 0.0
-312.349602122 0.0
-311.349602122 0.0
-310.349602122 0.0
-309.349602122 0.0
-308.349602122 0.0
-307.349602122 0.0
-306.349602122 0.0
-305.349602122 0.0
-304.349602122 0.0
-303.349602122 0.0
-302.349602122 0.0
-301.349602122 0.0
-300.349602122 0.0
-299.349602122 0.0
-298.349602122 0.0
-297.349602122 0.0
-296.349602122 0.0
-295.349602122 0.0
-294.349602122 0.0
-293.349602122 0.0
-292.349602122 0.0
-291.349602122 0.0
-290.349602122 0.0
-289.349602122 0.0
-288.349602122 0.0
-287.349602122 0.0
-286.349602122 0.0
-285.349602122 0.0
-284.349602122 0.0
-283.349602122 0.0
-282.349602122 0.0
-281.349602122 0.0
-280.349602122 0.0
-279.349602122 0.0
-278.349602122 0.0
-277.349602122 0.0
-276.349602122 0.0
-275.349602122 0.0
-274.349602122 0.0
-273.349602122 0.0
-272.349602122 0.0
-271.349602122 0.0
-270.349602122 0.0
-269.349602122 0.0
-268.349602122 0.0
-267.349602122 0.0
-266.349602122 0.0
-265.349602122 0.0
-264.349602122 0.0
-263.349602122 0.0
-262.349602122 0.0
-261.349602122 0.0
-260.349602122 0.0
-259.349602122 0.0
-258.349602122 0.0
-257.349602122 0.0
-256.349602122 0.0
-255.349602122 0.0
-254.349602122 0.0
-253.349602122 0.0
-252.349602122 0.0
-251.349602122 0.0
-250.349602122 0.0
-249.349602122 0.0
-248.349602122 0.0
-247.349602122 0.0
-246.349602122 0.0
-245.349602122 0.0
-244.349602122 0.0
-243.349602122 0.0
-242.349602122 0.0
-241.349602122 0.0
-240.349602122 0.0
-239.349602122 0.0
-238.349602122 0.0
-237.349602122 0.0
-236.349602122 0.0
-235.349602122 0.0
-234.349602122 0.0
-233.349602122 0.0
-232.349602122 0.0
-231.349602122 0.0
-230.349602122 0.0
-229.349602122 0.0
-228.349602122 0.0
-227.349602122 0.0
-226.349602122 0.0
-225.349602122 0.0
-224.349602122 0.0
-223.349602122 0.0
-222.349602122 0.0
-221.349602122 0.0
-220.349602122 0.0
-219.349602122 0.0
-218.349602122 0.0
-217.349602122 0.0
-216.349602122 0.0
-215.349602122 0.0
-214.349602122 0.0
-213.349602122 0.0
-212.349602122 0.0
-211.349602122 0.0
-210.349602122 0.0
-209.349602122 0.0
-208.349602122 0.0
-207.349602122 0.0
-206.349602122 0.0
-205.349602122 0.0
-204.349602122 0.0
-203.349602122 0.0
-202.349602122 0.0
-201.349602122 0.0
-200.349602122 0.0
-199.349602122 0.0
-198.349602122 0.0
-197.349602122 0.0
-196.349602122 0.0
-195.349602122 0.0
-194.349602122 0.0
-193.349602122 0.0
-192.349602122 0.0
-191.349602122 0.0
-190.349602122 0.0
-189.349602122 0.0
-188.349602122 0.0
-187.349602122 0.0
-186.349602122 0.0
-185.349602122 0.0
-184.349602122 0.0
-183.349602122 0.0
-182.349602122 0.0
-181.349602122 0.0
-180.349602122 0.0
-179.349602122 0.0
-178.349602122 0.0
-177.349602122 0.0
-176.349602122 0.0
-175.349602122 0.0
-174.349602122 0.0
-173.349602122 0.0
-172.349602122 0.0
-171.349602122 0.0
-170.349602122 0.0
-169.349602122 0.0
-168.349602122 0.0
-167.349602122 0.0
-166.349602122 0.0
-165.349602122 0.0
-164.349602122 0.0
-163.349602122 0.0
-162.349602122 0.0
-161.349602122 0.0
-160.349602122 0.0
-159.349602122 0.0
-158.349602122 0.0
-157.349602122 0.0
-156.349602122 0.0
-155.349602122 0.0
-154.349602122 0.0
-153.349602122 0.0
-152.349602122 0.0
-151.349602122 0.0
-150.349602122 0.0
-149.349602122 0.0
-148.349602122 0.0
-147.349602122 0.0
-146.349602122 0.0
-145.349602122 0.0
-144.349602122 0.0
-143.349602122 0.0
-142.349602122 0.0
-141.349602122 0.0
-140.349602122 0.0
-139.349602122 0.0
-138.349602122 0.0
-137.349602122 0.0
-136.349602122 0.0
-135.349602122 0.0
-134.349602122 0.0
-133.349602122 0.0
-132.349602122 0.0
-131.349602122 0.0
-130.349602122 0.0
-129.349602122 0.0
-128.349602122 0.0
-127.349602122 0.0
-126.349602122 0.0
-125.349602122 0.0
-124.349602122 0.0
-123.349602122 0.0
-122.349602122 0.0
-121.349602122 0.0
-120.349602122 0.0
-119.349602122 0.0
-118.349602122 0.0
-117.349602122 0.0
-116.349602122 0.0
-115.349602122 0.0
-114.349602122 0.0
-113.349602122 0.0
-112.349602122 0.0
-111.349602122 0.0
-110.349602122 0.0
-109.349602122 0.0
-108.349602122 0.0
-107.349602122 0.0
-106.349602122 0.0
-105.349602122 0.0
-104.349602122 0.0
-103.349602122 0.0
-102.349602122 0.0
-101.349602122 0.0
-100.349602122 0.0
-99.349602122 0.0
-98.349602122 0.0
-97.349602122 0.0
-96.349602122 0.0
-95.349602122 0.0
-94.349602122 0.0
-93.349602122 0.0
-92.349602122 0.0
-91.349602122 0.0
-90.349602122 0.0
-89.349602122 0.0
-88.349602122 0.0
-87.349602122 0.0
-86.349602122 0.0
-85.349602122 0.0
-84.349602122 0.0
-83.349602122 0.0
-82.349602122 0.0
-81.349602122 0.0
-80.349602122 0.0
-79.349602122 0.0
-78.349602122 0.0
-77.349602122 0.0
-76.349602122 0.0
-75.349602122 0.0
-74.349602122 0.0
-73.349602122 0.0
-72.349602122 0.0
-71.349602122 0.0
-70.349602122 0.0
-69.349602122 0.0
-68.349602122 0.0
-67.349602122 0.0
-66.349602122 0.0
-65.349602122 0.0
-64.349602122 0.0
-63.349602122 0.000000e+00
-63.0843501326 0.000000e+00
-62.8190981432 0.000000e+00
-62.5538461538 0.000000e+00
-62.2885941645 0.000000e+00
-62.0233421751 0.000000e+00
-61.7580901857 0.000000e+00
-61.4928381963 0.000000e+00
-61.2275862069 0.000000e+00
-60.9623342175 0.000000e+00
-60.6970822281 0.000000e+00
-60.4318302387 0.000000e+00
-60.1665782493 0.000000e+00
-59.9013262599 0.000000e+00
-59.6360742706 0.000000e+00
-59.3708222812 0.000000e+00
-59.1055702918 0.000000e+00
-58.8403183024 0.000000e+00
-58.575066313 0.000000e+00
-58.3098143236 0.000000e+00
-58.0445623342 0.000000e+00
-57.7793103448 0.000000e+00
-57.5140583554 0.000000e+00
-57.248806366 0.000000e+00
-56.9835543767 0.000000e+00
-56.7183023873 0.000000e+00
-56.4530503979 0.000000e+00
-56.1877984085 0.000000e+00
-55.9225464191 0.000000e+00
-55.6572944297 0.000000e+00
-55.3920424403 0.000000e+00
-55.1267904509 0.000000e+00
-54.8615384615 0.000000e+00
-54.5962864721 0.000000e+00
-54.3310344828 0.000000e+00
-54.0657824934 0.000000e+00
-53.800530504 0.000000e+00
-53.5352785146 0.000000e+00
-53.2700265252 0.000000e+00
-53.0047745358 0.000000e+00
-52.7395225464 0.000000e+00
-52.474270557 0.000000e+00
-52.2090185676 0.000000e+00
-51.9437665782 0.000000e+00
-51.6785145889 0.000000e+00
-51.4132625995 0.000000e+00
-51.1480106101 0.000000e+00
-50.8827586207 0.000000e+00
-50.6175066313 0.000000e+00
-50.3522546419 0.000000e+00
-50.0870026525 0.000000e+00
-49.8217506631 0.000000e+00
-49.5564986737 0.000000e+00
-49.2912466844 0.000000e+00
-49.025994695 0.000000e+00
-48.7607427056 0.000000e+00
-48.4954907162 0.000000e+00
-48.2302387268 0.000000e+00
-47.9649867374 0.000000e+00
-47.699734748 0.000000e+00
-47.4344827586 0.000000e+00
-47.1692307692 0.000000e+00
-46.9039787798 0.000000e+00
-46.6387267905 0.000000e+00
-46.3734748011 0.000000e+00
-46.1082228117 0.000000e+00
-45.8429708223 0.000000e+00
-45.5777188329 0.000000e+00
-45.3124668435 0.000000e+00
-45.0472148541 0.000000e+00
-44.7819628647 0.000000e+00
-44.5167108753 0.000000e+00
-44.2514588859 0.000000e+00
-43.9862068966 0.000000e+00
-43.7209549072 0.000000e+00
-43.4557029178 0.000000e+00
-43.1904509284 0.000000e+00
-42.925198939 0.000000e+00
-42.6599469496 0.000000e+00
-42.3946949602 0.000000e+00
-42.1294429708 0.000000e+00
-41.8641909814 0.000000e+00
-41.598938992 0.000000e+00
-41.3336870027 0.000000e+00
-41.0684350133 0.000000e+00
-40.8031830239 0.000000e+00
-40.5379310345 0.000000e+00
-40.2726790451 0.000000e+00
-40.0074270557 0.000000e+00
-39.7421750663 0.000000e+00
-39.4769230769 0.000000e+00
-39.2116710875 0.000000e+00
-38.9464190981 0.000000e+00
-38.6811671088 0.000000e+00
-38.4159151194 0.000000e+00
-38.15066313 0.000000e+00
-37.8854111406 0.000000e+00
-37.6201591512 0.000000e+00
-37.3549071618 0.000000e+00
-37.0896551724 0.000000e+00
-36.824403183 0.000000e+00
-36.5591511936 0.000000e+00
-36.2938992042 0.000000e+00
-36.0286472149 0.000000e+00
-35.7633952255 0.000000e+00
-35.4981432361 0.000000e+00
-35.2328912467 0.000000e+00
-34.9676392573 0.000000e+00
-34.7023872679 0.000000e+00
-34.4371352785 0.000000e+00
-34.1718832891 0.000000e+00
-33.9066312997 0.000000e+00
-33.6413793103 0.000000e+00
-33.376127321 0.000000e+00
-33.1108753316 0.000000e+00
-32.8456233422 0.000000e+00
-32.5803713528 0.000000e+00
-32.3151193634 0.000000e+00
-32.049867374 0.000000e+00
-31.7846153846 0.000000e+00
-31.5193633952 0.000000e+00
-31.2541114058 0.000000e+00
-30.9888594164 0.000000e+00
-30.7236074271 0.000000e+00
-30.4583554377 0.000000e+00
-30.1931034483 0.000000e+00
-29.9278514589 0.000000e+00
-29.6625994695 0.000000e+00
-29.3973474801 0.000000e+00
-29.1320954907 0.000000e+00
-28.8668435013 0.000000e+00
-28.6015915119 0.000000e+00
-28.3363395225 0.000000e+00
-28.0710875332 0.000000e+00
-27.8058355438 0.000000e+00
-27.5405835544 0.000000e+00
-27.275331565 0.000000e+00
-27.0100795756 0.000000e+00
-26.7448275862 0.000000e+00
-26.4795755968 0.000000e+00
-26.2143236074 0.000000e+00
-25.949071618 0.000000e+00
-25.6838196286 0.000000e+00
-25.4185676393 0.000000e+00
-25.1533156499 0.000000e+00
-24.8880636605 0.000000e+00
-24.6228116711 0.000000e+00
-24.3575596817 0.000000e+00
-24.0923076923 0.000000e+00
-23.8270557029 0.000000e+00
-23.5618037135 0.000000e+00
-23.2965517241 0.000000e+00
-23.0312997347 0.000000e+00
-22.7660477454 0.000000e+00
-22.500795756 0.000000e+00
-22.2355437666 0.000000e+00
-21.9702917772 0.000000e+00
-21.7050397878 0.000000e+00
-21.4397877984 0.000000e+00
-21.174535809 0.000000e+00
-20.9092838196 0.000000e+00
-20.6440318302 0.000000e+00
-20.3787798408 0.000000e+00
-20.1135278515 0.000000e+00
-19.8482758621 0.000000e+00
-19.5830238727 0.000000e+00
-19.3177718833 0.000000e+00
-19.0525198939 0.000000e+00
-18.7872679045 0.000000e+00
-18.5220159151 0.000000e+00
-18.2567639257 0.000000e+00
-17.9915119363 0.000000e+00
-17.7262599469 0.000000e+00
-17.4610079576 0.000000e+00
-17.1957559682 0.000000e+00
-16.9305039788 0.000000e+00
-16.6652519894 0.000000e+00
-16.4 0.000000e+00
-16.1347480106 0.000000e+00
-15.8694960212 0.000000e+00
-15.6042440318 0.000000e+00
-15.3389920424 0.000000e+00
-15.0737400531 0.000000e+00
-14.8084880637 0.000000e+00
-14.5432360743 0.000000e+00
-14.2779840849 0.000000e+00
-14.0127320955 0.000000e+00
-13.7474801061 0.000000e+00
-13.4822281167 0.000000e+00
-13.2169761273 0.000000e+00
-12.9517241379 0.000000e+00
-12.6864721485 0.000000e+00
-12.4212201592 0.000000e+00
-12.1559681698 0.000000e+00
-11.8907161804 0.000000e+00
-11.625464191 0.000000e+00
-11.3602122016 0.000000e+00
-11.0949602122 0.000000e+00
-10.8297082228 0.000000e+00
-10.5644562334 0.000000e+00
-10.299204244 0.000000e+00
-10.0339522546 0.000000e+00
-9.76870026525 0.000000e+00
-9.50344827586 0.000000e+00
-9.23819628647 0.000000e+00
-8.97294429708 0.000000e+00
-8.70769230769 0.000000e+00
-8.4424403183 0.000000e+00
-8.17718832891 0.000000e+00
-7.91193633952 0.000000e+00
-7.64668435013 0.000000e+00
-7.38143236074 0.000000e+00
-7.11618037135 0.000000e+00
-6.85092838196 0.000000e+00
-6.58567639257 0.000000e+00
-6.32042440318 0.000000e+00
-6.05517241379 0.000000e+00
-5.7899204244 0.000000e+00
-5.52466843501 0.000000e+00
-5.25941644562 0.000000e+00
-4.99416445623 0.000000e+00
-4.72891246684 0.000000e+00
-4.46366047745 0.000000e+00
-4.19840848806 0.000000e+00
-3.93315649867 0.000000e+00
-3.66790450928 0.000000e+00
-3.40265251989 0.000000e+00
-3.1374005305 0.000000e+00
-2.87214854111 0.000000e+00
-2.60689655172 0.000000e+00
-2.34164456233 0.000000e+00
-2.07639257294 0.000000e+00
-1.81114058355 0.000000e+00
-1.54588859416 0.000000e+00
-1.28063660477 0.000000e+00
-1.01538461538 0.000000e+00
-0.750132625995 0.000000e+00
-0.484880636605 0.000000e+00
-0.219628647215 4.637873e-02
0.0456233421751 2.254559e-01
0.310875331565 5.678677e-01
0.576127320955 8.109141e-01
0.841379310345 8.604613e-01
1.10663129973 1.000000e+00
1.37188328912 8.579361e-01
1.63713527851 8.896769e-01
1.9023872679 4.952736e-01
2.16763925729 4.684792e-01
2.43289124668 2.757165e-01
2.69814323607 2.284872e-01
2.96339522546 1.829486e-01
3.22864721485 1.491911e-01
3.49389920424 1.194743e-01
3.75915119363 1.063152e-01
4.02440318302 8.391752e-02
4.28965517241 4.905548e-02
4.5549071618 3.491822e-02
4.82015915119 6.154708e-02
5.08541114058 4.398006e-02
5.35066312997 0.000000e+00
5.61591511936 4.886039e-02
5.88116710875 3.669055e-02
6.14641909814 2.881782e-02
6.41167108753 0.000000e+00
6.67692307692 3.826696e-02
6.94217506631 3.293440e-02
7.2074270557 3.734230e-02
7.47267904509 5.322357e-02
7.73793103448 0.000000e+00
8.00318302387 2.791801e-02
8.26843501326 0.000000e+00
8.53368700265 0.000000e+00
8.79893899204 0.000000e+00
9.06419098143 6.040423e-02
9.32944297082 5.447746e-02
9.59469496021 4.464001e-02
9.8599469496 3.060585e-02
10.125198939 0.000000e+00
10.3904509284 0.000000e+00
10.6557029178 0.000000e+00
10.9209549072 3.175258e-02
11.1862068966 0.000000e+00
11.4514588859 0.000000e+00
11.7167108753 0.000000e+00
11.9819628647 0.000000e+00
12.2472148541 0.000000e+00
12.5124668435 0.000000e+00
12.7777188329 0.000000e+00
13.0429708223 0.000000e+00
13.3082228117 0.000000e+00
13.5734748011 0.000000e+00
13.8387267905 3.139680e-02
14.1039787798 0.000000e+00
14.3692307692 0.000000e+00
14.6344827586 0.000000e+00
14.899734748 0.000000e+00
15.1649867374 0.000000e+00
15.4302387268 0.000000e+00
15.6954907162 0.000000e+00
15.9607427056 0.000000e+00
16.225994695 0.000000e+00
16.4912466844 0.000000e+00
16.7564986737 0.000000e+00
17.0217506631 0.000000e+00
17.2870026525 0.000000e+00
17.5522546419 0.000000e+00
17.8175066313 0.000000e+00
18.0827586207 0.000000e+00
18.3480106101 0.000000e+00
18.6132625995 0.000000e+00
18.8785145889 0.000000e+00
19.1437665782 0.000000e+00
19.4090185676 0.000000e+00
19.674270557 0.000000e+00
19.9395225464 0.000000e+00
20.2047745358 0.000000e+00
20.4700265252 0.000000e+00
20.7352785146 0.000000e+00
21.000530504 0.000000e+00
21.2657824934 0.000000e+00
21.5310344828 0.000000e+00
21.7962864721 0.000000e+00
22.0615384615 0.000000e+00
22.3267904509 0.000000e+00
22.5920424403 0.000000e+00
22.8572944297 0.000000e+00
23.1225464191 0.000000e+00
23.3877984085 0.000000e+00
23.6530503979 0.000000e+00
23.9183023873 0.000000e+00
24.1835543767 0.000000e+00
24.448806366 0.000000e+00
24.7140583554 0.000000e+00
24.9793103448 0.000000e+00
25.2445623342 0.000000e+00
25.5098143236 0.000000e+00
25.775066313 0.000000e+00
26.0403183024 0.000000e+00
26.3055702918 0.000000e+00
26.5708222812 0.000000e+00
26.8360742706 0.000000e+00
27.1013262599 0.000000e+00
27.3665782493 0.000000e+00
27.6318302387 0.000000e+00
27.8970822281 0.000000e+00
28.1623342175 0.000000e+00
28.4275862069 0.000000e+00
28.6928381963 0.000000e+00
28.9580901857 0.000000e+00
29.2233421751 0.000000e+00
29.4885941645 0.000000e+00
29.7538461538 0.000000e+00
30.0190981432 0.000000e+00
30.2843501326 0.000000e+00
30.549602122 0.000000e+00
30.8148541114 0.000000e+00
31.0801061008 0.000000e+00
31.3453580902 0.000000e+00
31.6106100796 0.000000e+00
31.875862069 0.000000e+00
32.1411140584 0.000000e+00
32.4063660477 0.000000e+00
32.6716180371 0.000000e+00
32.9368700265 0.000000e+00
33.2021220159 0.000000e+00
33.4673740053 0.000000e+00
33.7326259947 0.000000e+00
33.9978779841 0.000000e+00
34.2631299735 0.000000e+00
34.5283819629 0.000000e+00
34.7936339523 0.000000e+00
35.0588859416 0.000000e+00
35.324137931 0.000000e+00
35.5893899204 0.000000e+00
35.8546419098 0.000000e+00
36.1198938992 0.000000e+00
36.3851458886 0.000000e+00
36.650397878 0.000000e+00
36.9156498674 0.000000e+00
37.1809018568 0.000000e+00
37.4461538462 0.000000e+00
37.7114058355 0.000000e+00
37.9766578249 0.000000e+00
38.2419098143 0.000000e+00
38.5071618037 0.000000e+00
38.7724137931 0.000000e+00
39.0376657825 0.000000e+00
39.3029177719 0.000000e+00
39.5681697613 0.000000e+00
39.8334217507 0.000000e+00
40.0986737401 0.000000e+00
40.3639257294 0.000000e+00
40.6291777188 0.000000e+00
40.8944297082 0.000000e+00
41.1596816976 0.000000e+00
41.424933687 0.000000e+00
41.6901856764 0.000000e+00
41.9554376658 0.000000e+00
42.2206896552 0.000000e+00
42.4859416446 0.000000e+00
42.751193634 0.000000e+00
43.0164456233 0.000000e+00
43.2816976127 0.000000e+00
43.5469496021 0.000000e+00
43.8122015915 0.000000e+00
44.0774535809 0.000000e+00
44.3427055703 0.000000e+00
44.6079575597 0.000000e+00
44.8732095491 0.000000e+00
45.1384615385 0.000000e+00
45.4037135279 0.000000e+00
45.6689655172 0.000000e+00
45.9342175066 0.000000e+00
46.199469496 0.000000e+00
46.4647214854 0.000000e+00
46.7299734748 0.000000e+00
46.9952254642 0.000000e+00
47.2604774536 0.000000e+00
47.525729443 0.000000e+00
47.7909814324 0.000000e+00
48.0562334218 0.000000e+00
48.3214854111 0.000000e+00
48.5867374005 0.000000e+00
48.8519893899 0.000000e+00
49.1172413793 0.000000e+00
49.3824933687 0.000000e+00
49.6477453581 0.000000e+00
49.9129973475 0.000000e+00
50.1782493369 0.000000e+00
50.4435013263 0.000000e+00
50.7087533156 0.000000e+00
50.974005305 0.000000e+00
51.2392572944 0.000000e+00
51.5045092838 0.000000e+00
51.7697612732 0.000000e+00
52.0350132626 0.000000e+00
52.300265252 0.000000e+00
52.5655172414 0.000000e+00
52.8307692308 0.000000e+00
53.0960212202 0.000000e+00
53.3612732095 0.000000e+00
53.6265251989 0.000000e+00
53.8917771883 0.000000e+00
54.1570291777 0.000000e+00
54.4222811671 0.000000e+00
54.6875331565 0.000000e+00
54.9527851459 0.000000e+00
55.2180371353 0.000000e+00
55.4832891247 0.000000e+00
55.7485411141 0.000000e+00
56.0137931034 0.000000e+00
56.2790450928 0.000000e+00
56.5442970822 0.000000e+00
56.8095490716 0.000000e+00
57.074801061 0.000000e+00
57.3400530504 0.000000e+00
57.6053050398 0.000000e+00
57.8705570292 0.000000e+00
58.1358090186 0.000000e+00
58.401061008 0.000000e+00
58.6663129973 0.000000e+00
58.9315649867 0.000000e+00
59.1968169761 0.000000e+00
59.4620689655 0.000000e+00
59.7273209549 0.000000e+00
59.9925729443 0.000000e+00
60.2578249337 0.000000e+00
60.5230769231 0.000000e+00
60.7883289125 0.000000e+00
61.0535809019 0.000000e+00
61.3188328912 0.000000e+00
61.5840848806 0.000000e+00
61.84933687 0.000000e+00
62.1145888594 0.000000e+00
62.3798408488 0.000000e+00
62.6450928382 0.000000e+00
62.9103448276 0.000000e+00
63.175596817 0.000000e+00
63.4408488064 0.000000e+00
63.7061007958 0.000000e+00
63.9713527851 0.000000e+00
64.2366047745 0.000000e+00
64.5018567639 0.000000e+00
64.7671087533 0.000000e+00
65.0323607427 0.000000e+00
65.2976127321 0.000000e+00
65.5628647215 0.000000e+00
65.8281167109 0.000000e+00
66.0933687003 0.000000e+00
66.3586206897 0.000000e+00
66.623872679 0.000000e+00
66.8891246684 0.000000e+00
67.1543766578 0.000000e+00
67.4196286472 0.000000e+00
67.6848806366 0.000000e+00
67.950132626 0.000000e+00
68.2153846154 0.000000e+00
68.4806366048 0.000000e+00
68.7458885942 0.000000e+00
69.0111405836 0.000000e+00
69.2763925729 0.000000e+00
69.5416445623 0.000000e+00
69.8068965517 0.000000e+00
70.0721485411 0.000000e+00
70.3374005305 0.000000e+00
70.6026525199 0.000000e+00
70.8679045093 0.000000e+00
71.1331564987 0.000000e+00
71.3984084881 0.000000e+00
71.6636604775 0.000000e+00
71.9289124668 0.000000e+00
72.1941644562 0.000000e+00
72.4594164456 0.000000e+00
72.724668435 0.000000e+00
72.9899204244 0.000000e+00
73.2551724138 0.000000e+00
73.5204244032 0.000000e+00
73.7856763926 0.000000e+00
74.050928382 0.000000e+00
74.3161803714 0.000000e+00
74.5814323607 0.000000e+00
74.8466843501 0.000000e+00
75.1119363395 0.000000e+00
75.3771883289 0.000000e+00
75.6424403183 0.000000e+00
75.9076923077 0.000000e+00
76.1729442971 0.000000e+00
76.4381962865 0.000000e+00
76.7034482759 0.000000e+00
76.9687002653 0.000000e+00
77.2339522546 0.000000e+00
77.499204244 0.000000e+00
77.7644562334 0.000000e+00
78.0297082228 0.000000e+00
78.2949602122 0.000000e+00
78.5602122016 0.000000e+00
78.825464191 0.000000e+00
79.0907161804 0.000000e+00
79.3559681698 0.000000e+00
79.6212201592 0.000000e+00
79.8864721485 0.000000e+00
80.1517241379 0.000000e+00
80.4169761273 0.000000e+00
80.6822281167 0.000000e+00
80.9474801061 0.000000e+00
81.2127320955 0.000000e+00
81.4779840849 0.000000e+00
81.7432360743 0.000000e+00
82.0084880637 0.000000e+00
82.2737400531 0.000000e+00
82.5389920424 0.000000e+00
82.8042440318 0.000000e+00
83.0694960212 0.000000e+00
83.3347480106 0.000000e+00
83.6 0.000000e+00
83.8652519894 0.000000e+00
84.1305039788 0.000000e+00
84.3957559682 0.000000e+00
84.6610079576 0.000000e+00
84.9262599469 0.000000e+00
85.1915119363 0.000000e+00
85.4567639257 0.000000e+00
85.7220159151 0.000000e+00
85.9872679045 0.000000e+00
86.2525198939 0.000000e+00
86.5177718833 0.000000e+00
86.7830238727 0.000000e+00
87.0482758621 0.000000e+00
87.3135278515 0.000000e+00
87.5787798408 0.000000e+00
87.8440318302 0.000000e+00
88.1092838196 0.000000e+00
88.374535809 0.000000e+00
88.6397877984 0.000000e+00
88.9050397878 0.000000e+00
89.1702917772 0.000000e+00
89.4355437666 0.000000e+00
89.700795756 0.000000e+00
89.9660477454 0.000000e+00
90.2312997347 0.000000e+00
90.4965517241 0.000000e+00
90.7618037135 0.000000e+00
91.0270557029 0.000000e+00
91.2923076923 0.000000e+00
91.5575596817 0.000000e+00
91.8228116711 0.000000e+00
92.0880636605 0.000000e+00
92.3533156499 0.000000e+00
92.6185676393 0.000000e+00
92.8838196286 0.000000e+00
93.149071618 0.000000e+00
93.4143236074 0.000000e+00
93.6795755968 0.000000e+00
93.9448275862 0.000000e+00
94.2100795756 0.000000e+00
94.475331565 0.000000e+00
94.7405835544 0.000000e+00
95.0058355438 0.000000e+00
95.2710875332 0.000000e+00
95.5363395225 0.000000e+00
95.8015915119 0.000000e+00
96.0668435013 0.000000e+00
96.3320954907 0.000000e+00
96.5973474801 0.000000e+00
96.8625994695 0.000000e+00
97.1278514589 0.000000e+00
97.3931034483 0.000000e+00
97.6583554377 0.000000e+00
97.9236074271 0.000000e+00
98.1888594164 0.000000e+00
98.4541114058 0.000000e+00
98.7193633952 0.000000e+00
98.9846153846 0.000000e+00
99.249867374 0.000000e+00
99.5151193634 0.000000e+00
99.7803713528 0.000000e+00
100.045623342 0.000000e+00
100.310875332 0.000000e+00
100.576127321 0.000000e+00
100.84137931 0.000000e+00
101.1066313 0.000000e+00
101.371883289 0.000000e+00
101.637135279 0.000000e+00
101.902387268 0.000000e+00
102.167639257 0.000000e+00
102.432891247 0.000000e+00
102.698143236 0.000000e+00
102.963395225 0.000000e+00
103.228647215 0.000000e+00
103.493899204 0.000000e+00
103.759151194 0.000000e+00
104.024403183 0.000000e+00
104.289655172 0.000000e+00
104.554907162 0.000000e+00
104.820159151 0.000000e+00
105.085411141 0.000000e+00
105.35066313 0.000000e+00
105.615915119 0.000000e+00
105.881167109 0.000000e+00
106.146419098 0.000000e+00
106.411671088 0.000000e+00
106.676923077 0.000000e+00
106.942175066 0.000000e+00
107.207427056 0.000000e+00
107.472679045 0.000000e+00
107.737931034 0.000000e+00
108.003183024 0.000000e+00
108.268435013 0.000000e+00
108.533687003 0.000000e+00
108.798938992 0.000000e+00
109.064190981 0.000000e+00
109.329442971 0.000000e+00
109.59469496 0.000000e+00
109.85994695 0.000000e+00
110.125198939 0.000000e+00
110.390450928 0.000000e+00
110.655702918 0.000000e+00
110.920954907 0.000000e+00
111.186206897 0.000000e+00
111.451458886 0.000000e+00
111.716710875 0.000000e+00
111.981962865 0.000000e+00
112.247214854 0.000000e+00
112.512466844 0.000000e+00
112.777718833 0.000000e+00
113.042970822 0.000000e+00
113.308222812 0.000000e+00
113.573474801 0.000000e+00
113.83872679 0.000000e+00
114.10397878 0.000000e+00
114.369230769 0.000000e+00
114.634482759 0.000000e+00
114.899734748 0.000000e+00
115.164986737 0.000000e+00
115.430238727 0.000000e+00
115.695490716 0.000000e+00
115.960742706 0.000000e+00
116.225994695 0.000000e+00
116.491246684 0.000000e+00
116.756498674 0.000000e+00
117.021750663 0.000000e+00
117.287002653 0.000000e+00
117.552254642 0.000000e+00
117.817506631 0.000000e+00
118.082758621 0.000000e+00
118.34801061 0.000000e+00
118.613262599 0.000000e+00
118.878514589 0.000000e+00
119.143766578 0.000000e+00
119.409018568 0.000000e+00
119.674270557 0.000000e+00
119.939522546 0.000000e+00
120.204774536 0.000000e+00
120.470026525 0.000000e+00
120.735278515 0.000000e+00
121.000530504 0.000000e+00
121.265782493 0.000000e+00
121.531034483 0.000000e+00
121.796286472 0.000000e+00
122.061538462 0.000000e+00
122.326790451 0.000000e+00
122.59204244 0.000000e+00
122.85729443 0.000000e+00
123.122546419 0.000000e+00
123.387798408 0.000000e+00
123.653050398 0.000000e+00
123.918302387 0.000000e+00
124.183554377 0.000000e+00
124.448806366 0.000000e+00
124.714058355 0.000000e+00
124.979310345 0.000000e+00
125.244562334 0.000000e+00
125.509814324 0.000000e+00
125.775066313 0.000000e+00
126.040318302 0.000000e+00
126.305570292 0.000000e+00
126.570822281 0.000000e+00
126.836074271 0.000000e+00
127.10132626 0.000000e+00
127.366578249 0.000000e+00
127.631830239 0.000000e+00
127.897082228 0.000000e+00
128.162334218 0.000000e+00
128.427586207 0.000000e+00
128.692838196 0.000000e+00
128.958090186 0.000000e+00
129.223342175 0.000000e+00
129.488594164 0.000000e+00
129.753846154 0.000000e+00
130.019098143 0.000000e+00
130.284350133 0.000000e+00
130.549602122 0.000000e+00
130.814854111 0.000000e+00
131.080106101 0.000000e+00
131.34535809 0.000000e+00
131.61061008 0.000000e+00
131.875862069 0.000000e+00
132.141114058 0.000000e+00
132.406366048 0.000000e+00
132.671618037 0.000000e+00
132.936870027 0.000000e+00
133.202122016 0.000000e+00
133.467374005 0.000000e+00
133.732625995 0.000000e+00
133.997877984 0.000000e+00
134.263129973 0.000000e+00
134.528381963 0.000000e+00
134.793633952 0.000000e+00
135.058885942 0.000000e+00
135.324137931 0.000000e+00
135.58938992 0.000000e+00
135.85464191 0.000000e+00
136.119893899 0.000000e+00
136.385145889 0.000000e+00
136.650397878 0.000000e+00
136.915649867 0.000000e+00
137.180901857 0.000000e+00
137.446153846 0.000000e+00
137.711405836 0.000000e+00
137.976657825 0.000000e+00
138.241909814 0.000000e+00
138.507161804 0.000000e+00
138.772413793 0.000000e+00
139.037665782 0.000000e+00
139.302917772 0.000000e+00
139.568169761 0.000000e+00
139.833421751 0.000000e+00
140.09867374 0.000000e+00
140.363925729 0.000000e+00
140.629177719 0.000000e+00
140.894429708 0.000000e+00
141.159681698 0.000000e+00
141.424933687 0.000000e+00
141.690185676 0.000000e+00
141.955437666 0.000000e+00
142.220689655 0.000000e+00
142.485941645 0.000000e+00
142.751193634 0.000000e+00
143.016445623 0.000000e+00
143.281697613 0.000000e+00
143.546949602 0.000000e+00
143.812201592 0.000000e+00
144.077453581 0.000000e+00
144.34270557 0.000000e+00
144.60795756 0.000000e+00
144.873209549 0.000000e+00
145.138461538 0.000000e+00
145.403713528 0.000000e+00
145.668965517 0.000000e+00
145.934217507 0.000000e+00
146.199469496 0.000000e+00
146.464721485 0.000000e+00
146.729973475 0.000000e+00
146.995225464 0.000000e+00
147.260477454 0.000000e+00
147.525729443 0.000000e+00
147.790981432 0.000000e+00
148.056233422 0.000000e+00
148.321485411 0.000000e+00
148.586737401 0.000000e+00
148.85198939 0.000000e+00
149.117241379 0.000000e+00
149.382493369 0.000000e+00
149.647745358 0.000000e+00
149.912997347 0.000000e+00
150.178249337 0.000000e+00
150.443501326 0.000000e+00
150.708753316 0.000000e+00
150.974005305 0.000000e+00
151.239257294 0.000000e+00
151.504509284 0.000000e+00
151.769761273 0.000000e+00
152.035013263 0.000000e+00
152.300265252 0.000000e+00
152.565517241 0.000000e+00
152.830769231 0.000000e+00
153.09602122 0.000000e+00
153.36127321 0.000000e+00
153.626525199 0.000000e+00
153.891777188 0.000000e+00
154.157029178 0.000000e+00
154.422281167 0.000000e+00
154.687533156 0.000000e+00
154.952785146 0.000000e+00
155.218037135 0.000000e+00
155.483289125 0.000000e+00
155.748541114 0.000000e+00
156.013793103 0.000000e+00
156.279045093 0.000000e+00
156.544297082 0.000000e+00
156.809549072 0.000000e+00
157.074801061 0.000000e+00
157.34005305 0.000000e+00
157.60530504 0.000000e+00
157.870557029 0.000000e+00
158.135809019 0.000000e+00
158.401061008 0.000000e+00
158.666312997 0.000000e+00
158.931564987 0.000000e+00
159.196816976 0.000000e+00
159.462068966 0.000000e+00
159.727320955 0.000000e+00
159.992572944 0.000000e+00
160.257824934 0.000000e+00
160.523076923 0.000000e+00
160.788328912 0.000000e+00
161.053580902 0.000000e+00
161.318832891 0.000000e+00
161.584084881 0.000000e+00
161.84933687 0.000000e+00
162.114588859 0.000000e+00
162.379840849 0.000000e+00
162.645092838 0.000000e+00
162.910344828 0.000000e+00
163.175596817 0.000000e+00
163.440848806 0.000000e+00
163.706100796 0.000000e+00
163.971352785 0.000000e+00
164.236604775 0.000000e+00
164.501856764 0.000000e+00
164.767108753 0.000000e+00
165.032360743 0.000000e+00
165.297612732 0.000000e+00
165.562864721 0.000000e+00
165.828116711 0.000000e+00
166.0933687 0.000000e+00
166.35862069 0.000000e+00
166.623872679 0.000000e+00
166.889124668 0.000000e+00
167.154376658 0.000000e+00
167.419628647 0.000000e+00
167.684880637 0.000000e+00
167.950132626 0.000000e+00
168.215384615 0.000000e+00
168.480636605 0.000000e+00
168.745888594 0.000000e+00
169.011140584 0.000000e+00
169.276392573 0.000000e+00
169.541644562 0.000000e+00
169.806896552 0.000000e+00
170.072148541 0.000000e+00
170.337400531 0.000000e+00
170.60265252 0.000000e+00
170.867904509 0.000000e+00
171.133156499 0.000000e+00
171.398408488 0.000000e+00
171.663660477 0.000000e+00
171.928912467 0.000000e+00
172.194164456 0.000000e+00
172.459416446 0.000000e+00
172.724668435 0.000000e+00
172.989920424 0.000000e+00
173.255172414 0.000000e+00
173.520424403 0.000000e+00
173.785676393 0.000000e+00
174.050928382 0.000000e+00
174.316180371 0.000000e+00
174.581432361 0.000000e+00
174.84668435 0.000000e+00
175.11193634 0.000000e+00
175.377188329 0.000000e+00
175.642440318 0.000000e+00
175.907692308 0.000000e+00
176.172944297 0.000000e+00
176.438196286 0.000000e+00
176.703448276 0.000000e+00
176.968700265 0.000000e+00
177.233952255 0.000000e+00
177.499204244 0.000000e+00
177.764456233 0.000000e+00
178.029708223 0.000000e+00
178.294960212 0.000000e+00
178.560212202 0.000000e+00
178.825464191 0.000000e+00
179.09071618 0.000000e+00
179.35596817 0.000000e+00
179.621220159 0.000000e+00
179.886472149 0.000000e+00
180.151724138 0.000000e+00
180.416976127 0.000000e+00
180.682228117 0.000000e+00
180.947480106 0.000000e+00
181.212732095 0.000000e+00
181.477984085 0.000000e+00
181.743236074 0.000000e+00
182.008488064 0.000000e+00
182.273740053 0.000000e+00
182.538992042 0.000000e+00
182.804244032 0.000000e+00
183.069496021 0.000000e+00
183.334748011 0.000000e+00
183.6 0.000000e+00
183.865251989 0.000000e+00
184.130503979 0.000000e+00
184.395755968 0.000000e+00
184.661007958 0.000000e+00
184.926259947 0.000000e+00
185.191511936 0.000000e+00
185.456763926 0.000000e+00
185.722015915 0.000000e+00
185.987267905 0.000000e+00
186.252519894 0.000000e+00
186.517771883 0.000000e+00
186.783023873 0.000000e+00
187.048275862 0.000000e+00
187.313527851 0.000000e+00
187.578779841 0.000000e+00
187.84403183 0.000000e+00
188.10928382 0.000000e+00
188.374535809 0.000000e+00
188.639787798 0.000000e+00
188.905039788 0.000000e+00
189.170291777 0.000000e+00
189.435543767 0.000000e+00
189.700795756 0.000000e+00
189.966047745 0.000000e+00
190.231299735 0.000000e+00
190.496551724 0.000000e+00
190.761803714 0.000000e+00
191.027055703 0.000000e+00
191.292307692 0.000000e+00
191.557559682 0.000000e+00
191.822811671 0.000000e+00
192.08806366 0.000000e+00
192.35331565 0.000000e+00
192.618567639 0.000000e+00
192.883819629 0.000000e+00
193.149071618 0.000000e+00
193.414323607 0.000000e+00
193.679575597 0.000000e+00
193.944827586 0.000000e+00
194.210079576 0.000000e+00
194.475331565 0.000000e+00
194.740583554 0.000000e+00
195.005835544 0.000000e+00
195.271087533 0.000000e+00
195.536339523 0.000000e+00
195.801591512 0.000000e+00
196.066843501 0.000000e+00
196.332095491 0.000000e+00
196.59734748 0.000000e+00
196.862599469 0.000000e+00
197.127851459 0.000000e+00
197.393103448 0.000000e+00
197.658355438 0.000000e+00
197.923607427 0.000000e+00
198.188859416 0.000000e+00
198.454111406 0.000000e+00
198.719363395 0.000000e+00
198.984615385 0.000000e+00
199.249867374 0.000000e+00
199.515119363 0.000000e+00
199.780371353 0.000000e+00
200.045623342 0.000000e+00
200.310875332 0.000000e+00
200.576127321 0.000000e+00
200.84137931 0.000000e+00
201.1066313 0.000000e+00
201.371883289 0.000000e+00
201.637135279 0.000000e+00
201.902387268 0.000000e+00
202.167639257 0.000000e+00
202.432891247 0.000000e+00
202.698143236 0.000000e+00
202.963395225 0.000000e+00
203.228647215 0.000000e+00
203.493899204 0.000000e+00
203.759151194 0.000000e+00
204.024403183 0.000000e+00
204.289655172 0.000000e+00
204.554907162 0.000000e+00
204.820159151 0.000000e+00
205.085411141 0.000000e+00
205.35066313 0.000000e+00
205.615915119 0.000000e+00
205.881167109 0.000000e+00
206.146419098 0.000000e+00
206.411671088 0.000000e+00
206.676923077 0.000000e+00
206.942175066 0.000000e+00
207.207427056 0.000000e+00
207.472679045 0.000000e+00
207.737931034 0.000000e+00
208.003183024 0.000000e+00
208.268435013 0.000000e+00
208.533687003 0.000000e+00
208.798938992 0.000000e+00
209.064190981 0.000000e+00
209.329442971 0.000000e+00
209.59469496 0.000000e+00
209.85994695 0.000000e+00
210.125198939 0.000000e+00
210.390450928 0.000000e+00
210.655702918 0.000000e+00
210.920954907 0.000000e+00
211.186206897 0.000000e+00
211.451458886 0.000000e+00
211.716710875 0.000000e+00
211.981962865 0.000000e+00
212.247214854 0.000000e+00
212.512466844 0.000000e+00
212.777718833 0.000000e+00
213.042970822 0.000000e+00
213.308222812 0.000000e+00
213.573474801 0.000000e+00
213.83872679 0.000000e+00
214.10397878 0.000000e+00
214.369230769 0.000000e+00
214.634482759 0.000000e+00
214.899734748 0.000000e+00
215.164986737 0.000000e+00
215.430238727 0.000000e+00
215.695490716 0.000000e+00
215.960742706 0.000000e+00
216.225994695 0.000000e+00
216.491246684 0.000000e+00
216.756498674 0.000000e+00
217.021750663 0.000000e+00
217.287002653 0.000000e+00
217.552254642 0.000000e+00
217.817506631 0.000000e+00
218.082758621 0.000000e+00
218.34801061 0.000000e+00
218.613262599 0.000000e+00
218.878514589 0.000000e+00
219.143766578 0.000000e+00
219.409018568 0.000000e+00
219.674270557 0.000000e+00
219.939522546 0.000000e+00
220.204774536 0.000000e+00
220.470026525 0.000000e+00
220.735278515 0.000000e+00
221.000530504 0.000000e+00
221.265782493 0.000000e+00
221.531034483 0.000000e+00
221.796286472 0.000000e+00
222.061538462 0.000000e+00
222.326790451 0.000000e+00
222.59204244 0.000000e+00
222.85729443 0.000000e+00
223.122546419 0.000000e+00
223.387798408 0.000000e+00
223.653050398 0.000000e+00
223.918302387 0.000000e+00
224.183554377 0.000000e+00
224.448806366 0.000000e+00
224.714058355 0.000000e+00
224.979310345 0.000000e+00
225.244562334 0.000000e+00
225.509814324 0.000000e+00
225.775066313 0.000000e+00
226.040318302 0.000000e+00
226.305570292 0.000000e+00
226.570822281 0.000000e+00
226.836074271 0.000000e+00
227.10132626 0.000000e+00
227.366578249 0.000000e+00
227.631830239 0.000000e+00
227.897082228 0.000000e+00
228.162334218 0.000000e+00
228.427586207 0.000000e+00
228.692838196 0.000000e+00
228.958090186 0.000000e+00
229.223342175 0.000000e+00
229.488594164 0.000000e+00
229.753846154 0.000000e+00
230.019098143 0.000000e+00
230.284350133 0.000000e+00
230.549602122 0.000000e+00
230.814854111 0.000000e+00
231.080106101 0.000000e+00
231.34535809 0.000000e+00
231.61061008 0.000000e+00
231.875862069 0.000000e+00
232.141114058 0.000000e+00
232.406366048 0.000000e+00
232.671618037 0.000000e+00
232.936870027 0.000000e+00
233.202122016 0.000000e+00
233.467374005 0.000000e+00
233.732625995 0.000000e+00
233.997877984 0.000000e+00
234.263129973 0.000000e+00
234.528381963 0.000000e+00
234.793633952 0.000000e+00
235.058885942 0.000000e+00
235.324137931 0.000000e+00
235.58938992 0.000000e+00
235.85464191 0.000000e+00
236.119893899 0.000000e+00
236.385145889 0.000000e+00
236.650397878 0.000000e+00
236.915649867 0.000000e+00
237.180901857 0.000000e+00
237.446153846 0.000000e+00
237.711405836 0.000000e+00
237.976657825 0.000000e+00
238.241909814 0.000000e+00
238.507161804 0.000000e+00
238.772413793 0.000000e+00
239.037665782 0.000000e+00
239.302917772 0.000000e+00
239.568169761 0.000000e+00
239.833421751 0.000000e+00
240.09867374 0.000000e+00
240.363925729 0.000000e+00
240.629177719 0.000000e+00
240.894429708 0.000000e+00
241.159681698 0.000000e+00
241.424933687 0.000000e+00
241.690185676 0.000000e+00
241.955437666 0.000000e+00
242.220689655 0.000000e+00
242.485941645 0.000000e+00
242.751193634 0.000000e+00
243.016445623 0.000000e+00
243.281697613 0.000000e+00
243.546949602 0.000000e+00
243.812201592 0.000000e+00
244.077453581 0.000000e+00
244.34270557 0.000000e+00
244.60795756 0.000000e+00
244.873209549 0.000000e+00
245.138461538 0.000000e+00
245.403713528 0.000000e+00
245.668965517 0.000000e+00
245.934217507 0.000000e+00
246.199469496 0.000000e+00
246.464721485 0.000000e+00
246.729973475 0.000000e+00
246.995225464 0.000000e+00
247.260477454 0.000000e+00
247.525729443 0.000000e+00
247.790981432 0.000000e+00
248.056233422 0.000000e+00
248.321485411 0.000000e+00
248.586737401 0.000000e+00
248.85198939 0.000000e+00
249.117241379 0.000000e+00
249.382493369 0.000000e+00
249.647745358 0.000000e+00
249.912997347 0.000000e+00
250.178249337 0.000000e+00
250.443501326 0.000000e+00
250.708753316 0.000000e+00
250.974005305 0.000000e+00
251.239257294 0.000000e+00
251.504509284 0.000000e+00
251.769761273 0.000000e+00
252.035013263 0.000000e+00
252.300265252 0.000000e+00
252.565517241 0.000000e+00
252.830769231 0.000000e+00
253.09602122 0.000000e+00
253.36127321 0.000000e+00
253.626525199 0.000000e+00
253.891777188 0.000000e+00
254.157029178 0.000000e+00
254.422281167 0.000000e+00
254.687533156 0.000000e+00
254.952785146 0.000000e+00
255.218037135 0.000000e+00
256.218037135 0.0
257.218037135 0.0
258.218037135 0.0
259.218037135 0.0
260.218037135 0.0
261.218037135 0.0
262.218037135 0.0
263.218037135 0.0
264.218037135 0.0
265.218037135 0.0
266.218037135 0.0
267.218037135 0.0
268.218037135 0.0
269.218037135 0.0
270.218037135 0.0
271.218037135 0.0
272.218037135 0.0
273.218037135 0.0
274.218037135 0.0
275.218037135 0.0
276.218037135 0.0
277.218037135 0.0
278.218037135 0.0
279.218037135 0.0
280.218037135 0.0
281.218037135 0.0
282.218037135 0.0
283.218037135 0.0
284.218037135 0.0
285.218037135 0.0
286.218037135 0.0
287.218037135 0.0
288.218037135 0.0
289.218037135 0.0
290.218037135 0.0
291.218037135 0.0
292.218037135 0.0
293.218037135 0.0
294.218037135 0.0
295.218037135 0.0
296.218037135 0.0
297.218037135 0.0
298.218037135 0.0
299.218037135 0.0
300.218037135 0.0
301.218037135 0.0
302.218037135 0.0
303.218037135 0.0
304.218037135 0.0
305.218037135 0.0
306.218037135 0.0
307.218037135 0.0
308.218037135 0.0
309.218037135 0.0
310.218037135 0.0
311.218037135 0.0
312.218037135 0.0
313.218037135 0.0
314.218037135 0.0
315.218037135 0.0
316.218037135 0.0
317.218037135 0.0
318.218037135 0.0
319.218037135 0.0
320.218037135 0.0
321.218037135 0.0
322.218037135 0.0
323.218037135 0.0
324.218037135 0.0
325.218037135 0.0
326.218037135 0.0
327.218037135 0.0
328.218037135 0.0
329.218037135 0.0
330.218037135 0.0
331.218037135 0.0
332.218037135 0.0
333.218037135 0.0
334.218037135 0.0
335.218037135 0.0
336.218037135 0.0
337.218037135 0.0
338.218037135 0.0
339.218037135 0.0
340.218037135 0.0
341.218037135 0.0
342.218037135 0.0
343.218037135 0.0
344.218037135 0.0
345.218037135 0.0
346.218037135 0.0
347.218037135 0.0
348.218037135 0.0
349.218037135 0.0
350.218037135 0.0
351.218037135 0.0
352.218037135 0.0
353.218037135 0.0
354.218037135 0.0
355.218037135 0.0
356.218037135 0.0
357.218037135 0.0
358.218037135 0.0
359.218037135 0.0
360.218037135 0.0
361.218037135 0.0
362.218037135 0.0
363.218037135 0.0
364.218037135 0.0
365.218037135 0.0
366.218037135 0.0
367.218037135 0.0
368.218037135 0.0
369.218037135 0.0
370.218037135 0.0
371.218037135 0.0
372.218037135 0.0
373.218037135 0.0
374.218037135 0.0
375.218037135 0.0
376.218037135 0.0
377.218037135 0.0
378.218037135 0.0
379.218037135 0.0
380.218037135 0.0
381.218037135 0.0
382.218037135 0.0
383.218037135 0.0
384.218037135 0.0
385.218037135 0.0
386.218037135 0.0
387.218037135 0.0
388.218037135 0.0
389.218037135 0.0
390.218037135 0.0
391.218037135 0.0
392.218037135 0.0
393.218037135 0.0
394.218037135 0.0
395.218037135 0.0
396.218037135 0.0
397.218037135 0.0
398.218037135 0.0
399.218037135 0.0
400.218037135 0.0
401.218037135 0.0
402.218037135 0.0
403.218037135 0.0
404.218037135 0.0
405.218037135 0.0
406.218037135 0.0
407.218037135 0.0
408.218037135 0.0
409.218037135 0.0
410.218037135 0.0
411.218037135 0.0
412.218037135 0.0
413.218037135 0.0
414.218037135 0.0
415.218037135 0.0
416.218037135 0.0
417.218037135 0.0
418.218037135 0.0
419.218037135 0.0
420.218037135 0.0
421.218037135 0.0
422.218037135 0.0
423.218037135 0.0
424.218037135 0.0
425.218037135 0.0
426.218037135 0.0
427.218037135 0.0
428.218037135 0.0
429.218037135 0.0
430.218037135 0.0
431.218037135 0.0
432.218037135 0.0
433.218037135 0.0
434.218037135 0.0
435.218037135 0.0
436.218037135 0.0
437.218037135 0.0
438.218037135 0.0
439.218037135 0.0
440.218037135 0.0
441.218037135 0.0
442.218037135 0.0
443.218037135 0.0
444.218037135 0.0
445.218037135 0.0
446.218037135 0.0
447.218037135 0.0
448.218037135 0.0
449.218037135 0.0
450.218037135 0.0
451.218037135 0.0
452.218037135 0.0
453.218037135 0.0
454.218037135 0.0
455.218037135 0.0
456.218037135 0.0
457.218037135 0.0
458.218037135 0.0
459.218037135 0.0
460.218037135 0.0
461.218037135 0.0
462.218037135 0.0
463.218037135 0.0
464.218037135 0.0
465.218037135 0.0
466.218037135 0.0
467.218037135 0.0
468.218037135 0.0
469.218037135 0.0
470.218037135 0.0
471.218037135 0.0
472.218037135 0.0
473.218037135 0.0
474.218037135 0.0
475.218037135 0.0
476.218037135 0.0
477.218037135 0.0
478.218037135 0.0
479.218037135 0.0
480.218037135 0.0
481.218037135 0.0
482.218037135 0.0
483.218037135 0.0
484.218037135 0.0
485.218037135 0.0
486.218037135 0.0
487.218037135 0.0
488.218037135 0.0
489.218037135 0.0
490.218037135 0.0
491.218037135 0.0
492.218037135 0.0
493.218037135 0.0
494.218037135 0.0
495.218037135 0.0
496.218037135 0.0
497.218037135 0.0
498.218037135 0.0
499.218037135 0.0
500.218037135 0.0
501.218037135 0.0
502.218037135 0.0
503.218037135 0.0
504.218037135 0.0
505.218037135 0.0
506.218037135 0.0
507.218037135 0.0
508.218037135 0.0
509.218037135 0.0
510.218037135 0.0
511.218037135 0.0
512.218037135 0.0
513.218037135 0.0
514.218037135 0.0
515.218037135 0.0
516.218037135 0.0
517.218037135 0.0
518.218037135 0.0
519.218037135 0.0
520.218037135 0.0
521.218037135 0.0
522.218037135 0.0
523.218037135 0.0
524.218037135 0.0
525.218037135 0.0
526.218037135 0.0
527.218037135 0.0
528.218037135 0.0
529.218037135 0.0
530.218037135 0.0
531.218037135 0.0
532.218037135 0.0
533.218037135 0.0
534.218037135 0.0
535.218037135 0.0
536.218037135 0.0
537.218037135 0.0
538.218037135 0.0
539.218037135 0.0
540.218037135 0.0
541.218037135 0.0
542.218037135 0.0
543.218037135 0.0
544.218037135 0.0
545.218037135 0.0
546.218037135 0.0
547.218037135 0.0
548.218037135 0.0
549.218037135 0.0
550.218037135 0.0
551.218037135 0.0
552.218037135 0.0
553.218037135 0.0
554.218037135 0.0
555.218037135 0.0
556.218037135 0.0
557.218037135 0.0
558.218037135 0.0
559.218037135 0.0
560.218037135 0.0
561.218037135 0.0
562.218037135 0.0
563.218037135 0.0
564.218037135 0.0
565.218037135 0.0
566.218037135 0.0
567.218037135 0.0
568.218037135 0.0
569.218037135 0.0
570.218037135 0.0
571.218037135 0.0
572.218037135 0.0
573.218037135 0.0
574.218037135 0.0
575.218037135 0.0
576.218037135 0.0
577.218037135 0.0
578.218037135 0.0
579.218037135 0.0
580.218037135 0.0
581.218037135 0.0
582.218037135 0.0
583.218037135 0.0
584.218037135 0.0
585.218037135 0.0
586.218037135 0.0
587.218037135 0.0
588.218037135 0.0
589.218037135 0.0
590.218037135 0.0
591.218037135 0.0
592.218037135 0.0
593.218037135 0.0
594.218037135 0.0
595.218037135 0.0
596.218037135 0.0
597.218037135 0.0
598.218037135 0.0
599.218037135 0.0
600.218037135 0.0
601.218037135 0.0
602.218037135 0.0
603.218037135 0.0
604.218037135 0.0
605.218037135 0.0
606.218037135 0.0
607.218037135 0.0
608.218037135 0.0
609.218037135 0.0
610.218037135 0.0
611.218037135 0.0
612.218037135 0.0
613.218037135 0.0
614.218037135 0.0
615.218037135 0.0
616.218037135 0.0
617.218037135 0.0
618.218037135 0.0
619.218037135 0.0
620.218037135 0.0
621.218037135 0.0
622.218037135 0.0
623.218037135 0.0
624.218037135 0.0
625.218037135 0.0
626.218037135 0.0
627.218037135 0.0
628.218037135 0.0
629.218037135 0.0
630.218037135 0.0
631.218037135 0.0
632.218037135 0.0
633.218037135 0.0
634.218037135 0.0
635.218037135 0.0
636.218037135 0.0
637.218037135 0.0
638.218037135 0.0
639.218037135 0.0
640.218037135 0.0
641.218037135 0.0
642.218037135 0.0
643.218037135 0.0
644.218037135 0.0
645.218037135 0.0
646.218037135 0.0
647.218037135 0.0
648.218037135 0.0
649.218037135 0.0
650.218037135 0.0
651.218037135 0.0
652.218037135 0.0
653.218037135 0.0
654.218037135 0.0
655.218037135 0.0
656.218037135 0.0
657.218037135 0.0
658.218037135 0.0
659.218037135 0.0
660.218037135 0.0
661.218037135 0.0
662.218037135 0.0
663.218037135 0.0
664.218037135 0.0
665.218037135 0.0
666.218037135 0.0
667.218037135 0.0
668.218037135 0.0
669.218037135 0.0
670.218037135 0.0
671.218037135 0.0
672.218037135 0.0
673.218037135 0.0
674.218037135 0.0
675.218037135 0.0
676.218037135 0.0
677.218037135 0.0
678.218037135 0.0
679.218037135 0.0
680.218037135 0.0
681.218037135 0.0
682.218037135 0.0
683.218037135 0.0
684.218037135 0.0
685.218037135 0.0
686.218037135 0.0
687.218037135 0.0
688.218037135 0.0
689.218037135 0.0
690.218037135 0.0
691.218037135 0.0
692.218037135 0.0
693.218037135 0.0
694.218037135 0.0
695.218037135 0.0
696.218037135 0.0
697.218037135 0.0
698.218037135 0.0
699.218037135 0.0
700.218037135 0.0
701.218037135 0.0
702.218037135 0.0
703.218037135 0.0
704.218037135 0.0
705.218037135 0.0
706.218037135 0.0
707.218037135 0.0
708.218037135 0.0
709.218037135 0.0
710.218037135 0.0
711.218037135 0.0
712.218037135 0.0
713.218037135 0.0
714.218037135 0.0
715.218037135 0.0
716.218037135 0.0
717.218037135 0.0
718.218037135 0.0
719.218037135 0.0
720.218037135 0.0
721.218037135 0.0
722.218037135 0.0
723.218037135 0.0
724.218037135 0.0
725.218037135 0.0
726.218037135 0.0
727.218037135 0.0
728.218037135 0.0
729.218037135 0.0
730.218037135 0.0
731.218037135 0.0
732.218037135 0.0
733.218037135 0.0
734.218037135 0.0
735.218037135 0.0
736.218037135 0.0
737.218037135 0.0
738.218037135 0.0
739.218037135 0.0
740.218037135 0.0
741.218037135 0.0
742.218037135 0.0
743.218037135 0.0
744.218037135 0.0
745.218037135 0.0
746.218037135 0.0
747.218037135 0.0
748.218037135 0.0
749.218037135 0.0
750.218037135 0.0
751.218037135 0.0
752.218037135 0.0
753.218037135 0.0
754.218037135 0.0
755.218037135 0.0
