-542.267023028 0.0
-541.267023028 0.0
-540.267023028 0.0
-539.267023028 0.0
-538.267023028 0.0
-537.267023028 0.0
-536.267023028 0.0
-535.267023028 0.0
-534.267023028 0.0
-533.267023028 0.0
-532.267023028 0.0
-531.267023028 0.0
-530.267023028 0.0
-529.267023028 0.0
-528.267023028 0.0
-527.267023028 0.0
-526.267023028 0.0
-525.267023028 0.0
-524.267023028 0.0
-523.267023028 0.0
-522.267023028 0.0
-521.267023028 0.0
-520.267023028 0.0
-519.267023028 0.0
-518.267023028 0.0
-517.267023028 0.0
-516.267023028 0.0
-515.267023028 0.0
-514.267023028 0.0
-513.267023028 0.0
-512.267023028 0.0
-511.267023028 0.0
-510.267023028 0.0
-509.267023028 0.0
-508.267023028 0.0
-507.267023028 0.0
-506.267023028 0.0
-505.267023028 0.0
-504.267023028 0.0
-503.267023028 0.0
-502.267023028 0.0
-501.267023028 0.0
-500.267023028 0.0
-499.267023028 0.0
-498.267023028 0.0
-497.267023028 0.0
-496.267023028 0.0
-495.267023028 0.0
-494.267023028 0.0
-493.267023028 0.0
-492.267023028 0.0
-491.267023028 0.0
-490.267023028 0.0
-489.267023028 0.0
-488.267023028 0.0
-487.267023028 0.0
-486.267023028 0.0
-485.267023028 0.0
-484.267023028 0.0
-483.267023028 0.0
-482.267023028 0.0
-481.267023028 0.0
-480.267023028 0.0
-479.267023028 0.0
-478.267023028 0.0
-477.267023028 0.0
-476.267023028 0.0
-475.267023028 0.0
-474.267023028 0.0
-473.267023028 0.0
-472.267023028 0.0
-471.267023028 0.0
-470.267023028 0.0
-469.267023028 0.0
-468.267023028 0.0
-467.267023028 0.0
-466.267023028 0.0
-465.267023028 0.0
-464.267023028 0.0
-463.267023028 0.0
-462.267023028 0.0
-461.267023028 0.0
-460.267023028 0.0
-459.267023028 0.0
-458.267023028 0.0
-457.267023028 0.0
-456.267023028 0.0
-455.267023028 0.0
-454.267023028 0.0
-453.267023028 0.0
-452.267023028 0.0
-451.267023028 0.0
-450.267023028 0.0
-449.267023028 0.0
-448.267023028 0.0
-447.267023028 0.0
-446.267023028 0.0
-445.267023028 0.0
-444.267023028 0.0
-443.267023028 0.0
-442.267023028 0.0
-441.267023028 0.0
-440.267023028 0.0
-439.267023028 0.0
-438.267023028 0.0
-437.267023028 0.0
-436.267023028 0.0
-435.267023028 0.0
-434.267023028 0.0
-433.267023028 0.0
-432.267023028 0.0
-431.267023028 0.0
-430.267023028 0.0
-429.267023028 0.0
-428.267023028 0.0
-427.267023028 0.0
-426.267023028 0.0
-425.267023028 0.0
-424.267023028 0.0
-423.267023028 0.0
-422.267023028 0.0
-421.267023028 0.0
-420.267023028 0.0
-419.267023028 0.0
-418.267023028 0.0
-417.267023028 0.0
-416.267023028 0.0
-415.267023028 0.0
-414.267023028 0.0
-413.267023028 0.0
-412.267023028 0.0
-411.267023028 0.0
-410.267023028 0.0
-409.267023028 0.0
-408.267023028 0.0
-407.267023028 0.0
-406.267023028 0.0
-405.267023028 0.0
-404.267023028 0.0
-403.267023028 0.0
-402.267023028 0.0
-401.267023028 0.0
-400.267023028 0.0
-399.267023028 0.0
-398.267023028 0.0
-397.267023028 0.0
-396.267023028 0.0
-395.267023028 0.0
-394.267023028 0.0
-393.267023028 0.0
-392.267023028 0.0
-391.267023028 0.0
-390.267023028 0.0
-389.267023028 0.0
-388.267023028 0.0
-387.267023028 0.0
-386.267023028 0.0
-385.267023028 0.0
-384.267023028 0.0
-383.267023028 0.0
-382.267023028 0.0
-381.267023028 0.0
-380.267023028 0.0
-379.267023028 0.0
-378.267023028 0.0
-377.267023028 0.0
-376.267023028 0.0
-375.267023028 0.0
-374.267023028 0.0
-373.267023028 0.0
-372.267023028 0.0
-371.267023028 0.0
-370.267023028 0.0
-369.267023028 0.0
-368.267023028 0.0
-367.267023028 0.0
-366.267023028 0.0
-365.267023028 0.0
-364.267023028 0.0
-363.267023028 0.0
-362.267023028 0.0
-361.267023028 0.0
-360.267023028 0.0
-359.267023028 0.0
-358.267023028 0.0
-357.267023028 0.0
-356.267023028 0.0
-355.267023028 0.0
-354.267023028 0.0
-353.267023028 0.0
-352.267023028 0.0
-351.267023028 0.0
-350.267023028 0.0
-349.267023028 0.0
-348.267023028 0.0
-347.267023028 0.0
-346.267023028 0.0
-345.267023028 0.0
-344.267023028 0.0
-343.267023028 0.0
-342.267023028 0.0
-341.267023028 0.0
-340.267023028 0.0
-339.267023028 0.0
-338.267023028 0.0
-337.267023028 0.0
-336.267023028 0.0
-335.267023028 0.0
-334.267023028 0.0
-333.267023028 0.0
-332.267023028 0.0
-331.267023028 0.0
-330.267023028 0.0
-329.267023028 0.0
-328.267023028 0.0
-327.267023028 0.0
-326.267023028 0.0
-325.267023028 0.0
-324.267023028 0.0
-323.267023028 0.0
-322.267023028 0.0
-321.267023028 0.0
-320.267023028 0.0
-319.267023028 0.0
-318.267023028 0.0
-317.267023028 0.0
-316.267023028 0.0
-315.267023028 0.0
-314.267023028 0.0
-313.267023028 0.0
-312.267023028 0.0
-311.267023028 0.0
-310.267023028 0.0
-309.267023028 0.0
-308.267023028 0.0
-307.267023028 0.0
-306.267023028 0.0
-305.267023028 0.0
-304.267023028 0.0
-303.267023028 0.0
-302.267023028 0.0
-301.267023028 0.0
-300.267023028 0.0
-299.267023028 0.0
-298.267023028 0.0
-297.267023028 0.0
-296.267023028 0.0
-295.267023028 0.0
-294.267023028 0.0
-293.267023028 0.0
-292.267023028 0.0
-291.267023028 0.0
-290.267023028 0.0
-289.267023028 0.0
-288.267023028 0.0
-287.267023028 0.0
-286.267023028 0.0
-285.267023028 0.0
-284.267023028 0.0
-283.267023028 0.0
-282.267023028 0.0
-281.267023028 0.0
-280.267023028 0.0
-279.267023028 0.0
-278.267023028 0.0
-277.267023028 0.0
-276.267023028 0.0
-275.267023028 0.0
-274.267023028 0.0
-273.267023028 0.0
-272.267023028 0.0
-271.267023028 0.0
-270.267023028 0.0
-269.267023028 0.0
-268.267023028 0.0
-267.267023028 0.0
-266.267023028 0.0
-265.267023028 0.0
-264.267023028 0.0
-263.267023028 0.0
-262.267023028 0.0
-261.267023028 0.0
-260.267023028 0.0
-259.267023028 0.0
-258.267023028 0.0
-257.267023028 0.0
-256.267023028 0.0
-255.267023028 0.0
-254.267023028 0.0
-253.267023028 0.0
-252.267023028 0.0
-251.267023028 0.0
-250.267023028 0.0
-249.267023028 0.0
-248.267023028 0.0
-247.267023028 0.0
-246.267023028 0.0
-245.267023028 0.0
-244.267023028 0.0
-243.267023028 0.0
-242.267023028 0.0
-241.267023028 0.0
-240.267023028 0.0
-239.267023028 0.0
-238.267023028 0.0
-237.267023028 0.0
-236.267023028 0.0
-235.267023028 0.0
-234.267023028 0.0
-233.267023028 0.0
-232.267023028 0.0
-231.267023028 0.0
-230.267023028 0.0
-229.267023028 0.0
-228.267023028 0.0
-227.267023028 0.0
-226.267023028 0.0
-225.267023028 0.0
-224.267023028 0.0
-223.267023028 0.0
-222.267023028 0.0
-221.267023028 0.0
-220.267023028 0.0
-219.267023028 0.0
-218.267023028 0.0
-217.267023028 0.0
-216.267023028 0.0
-215.267023028 0.0
-214.267023028 0.0
-213.267023028 0.0
-212.267023028 0.0
-211.267023028 0.0
-210.267023028 0.0
-209.267023028 0.0
-208.267023028 0.0
-207.267023028 0.0
-206.267023028 0.0
-205.267023028 0.0
-204.267023028 0.0
-203.267023028 0.0
-202.267023028 0.0
-201.267023028 0.0
-200.267023028 0.0
-199.267023028 0.0
-198.267023028 0.0
-197.267023028 0.0
-196.267023028 0.0
-195.267023028 0.0
-194.267023028 0.0
-193.267023028 0.0
-192.267023028 0.0
-191.267023028 0.0
-190.267023028 0.0
-189.267023028 0.0
-188.267023028 0.0
-187.267023028 0.0
-186.267023028 0.0
-185.267023028 0.0
-184.267023028 0.0
-183.267023028 0.0
-182.267023028 0.0
-181.267023028 0.0
-180.267023028 0.0
-179.267023028 0.0
-178.267023028 0.0
-177.267023028 0.0
-176.267023028 0.0
-175.267023028 0.0
-174.267023028 0.0
-173.267023028 0.0
-172.267023028 0.0
-171.267023028 0.0
-170.267023028 0.0
-169.267023028 0.0
-168.267023028 0.0
-167.267023028 0.0
-166.267023028 0.0
-165.267023028 0.0
-164.267023028 0.0
-163.267023028 0.0
-162.267023028 0.0
-161.267023028 0.0
-160.267023028 0.0
-159.267023028 0.0
-158.267023028 0.0
-157.267023028 0.0
-156.267023028 0.0
-155.267023028 0.0
-154.267023028 0.0
-153.267023028 0.0
-152.267023028 0.0
-151.267023028 0.0
-150.267023028 0.0
-149.267023028 0.0
-148.267023028 0.0
-147.267023028 0.0
-146.267023028 0.0
-145.267023028 0.0
-144.267023028 0.0
-143.267023028 0.0
-142.267023028 0.0
-141.267023028 0.0
-140.267023028 0.0
-139.267023028 0.0
-138.267023028 0.0
-137.267023028 0.0
-136.267023028 0.0
-135.267023028 0.0
-134.267023028 0.0
-133.267023028 0.0
-132.267023028 0.0
-131.267023028 0.0
-130.267023028 0.0
-129.267023028 0.0
-128.267023028 0.0
-127.267023028 0.0
-126.267023028 0.0
-125.267023028 0.0
-124.267023028 0.0
-123.267023028 0.0
-122.267023028 0.0
-121.267023028 0.0
-120.267023028 0.0
-119.267023028 0.0
-118.267023028 0.0
-117.267023028 0.0
-116.267023028 0.0
-115.267023028 0.0
-114.267023028 0.0
-113.267023028 0.0
-112.267023028 0.0
-111.267023028 0.0
-110.267023028 0.0
-109.267023028 0.0
-108.267023028 0.0
-107.267023028 0.0
-106.267023028 0.0
-105.267023028 0.0
-104.267023028 0.0
-103.267023028 0.0
-102.267023028 0.0
-101.267023028 0.0
-100.267023028 0.0
-99.2670230278 0.0
-98.2670230278 0.0
-97.2670230278 0.0
-96.2670230278 0.0
-95.2670230278 0.0
-94.2670230278 0.0
-93.2670230278 0.0
-92.2670230278 0.0
-91.2670230278 0.0
-90.2670230278 0.0
-89.2670230278 0.0
-88.2670230278 0.0
-87.2670230278 0.0
-86.2670230278 0.0
-85.2670230278 0.0
-84.2670230278 0.0
-83.2670230278 0.0
-82.2670230278 0.0
-81.2670230278 0.0
-80.2670230278 0.0
-79.2670230278 0.0
-78.2670230278 0.0
-77.2670230278 0.0
-76.2670230278 0.0
-75.2670230278 0.0
-74.2670230278 0.0
-73.2670230278 0.0
-72.2670230278 0.0
-71.2670230278 0.0
-70.2670230278 0.0
-69.2670230278 0.0
-68.2670230278 0.0
-67.2670230278 0.0
-66.2670230278 0.0
-65.2670230278 0.0
-64.2670230278 0.0
-63.2670230278 0.0
-62.2670230278 0.0
-61.2670230278 0.0
-60.2670230278 0.0
-59.2670230278 0.0
-58.2670230278 0.0
-57.2670230278 0.0
-56.2670230278 0.0
-55.2670230278 0.0
-54.2670230278 0.0
-53.2670230278 0.0
-52.2670230278 0.0
-51.2670230278 0.0
-50.2670230278 0.0
-49.2670230278 0.0
-48.2670230278 0.0
-47.2670230278 0.0
-46.2670230278 0.0
-45.2670230278 0.0
-44.2670230278 0.0
-43.2670230278 0.0
-42.2670230278 0.000000e+00
-42.0900224791 0.000000e+00
-41.9130219304 0.000000e+00
-41.7360213817 0.000000e+00
-41.559020833 0.000000e+00
-41.3820202843 0.000000e+00
-41.2050197356 0.000000e+00
-41.0280191869 0.000000e+00
-40.8510186382 0.000000e+00
-40.6740180895 0.000000e+00
-40.4970175408 0.000000e+00
-40.3200169921 0.000000e+00
-40.1430164434 0.000000e+00
-39.9660158946 0.000000e+00
-39.7890153459 0.000000e+00
-39.6120147972 0.000000e+00
-39.4350142485 0.000000e+00
-39.2580136998 0.000000e+00
-39.0810131511 0.000000e+00
-38.9040126024 0.000000e+00
-38.7270120537 0.000000e+00
-38.550011505 0.000000e+00
-38.3730109563 0.000000e+00
-38.1960104076 0.000000e+00
-38.0190098589 0.000000e+00
-37.8420093102 0.000000e+00
-37.6650087615 0.000000e+00
-37.4880082128 0.000000e+00
-37.3110076641 0.000000e+00
-37.1340071154 0.000000e+00
-36.9570065667 0.000000e+00
-36.780006018 0.000000e+00
-36.6030054693 0.000000e+00
-36.4260049206 0.000000e+00
-36.2490043719 0.000000e+00
-36.0720038232 0.000000e+00
-35.8950032745 0.000000e+00
-35.7180027258 0.000000e+00
-35.5410021771 0.000000e+00
-35.3640016284 0.000000e+00
-35.1870010797 0.000000e+00
-35.010000531 0.000000e+00
-34.8329999823 0.000000e+00
-34.6559994336 0.000000e+00
-34.4789988849 0.000000e+00
-34.3019983362 0.000000e+00
-34.1249977875 0.000000e+00
-33.9479972388 0.000000e+00
-33.7709966901 0.000000e+00
-33.5939961414 0.000000e+00
-33.4169955927 0.000000e+00
-33.239995044 0.000000e+00
-33.0629944953 0.000000e+00
-32.8859939466 0.000000e+00
-32.7089933979 0.000000e+00
-32.5319928492 0.000000e+00
-32.3549923005 0.000000e+00
-32.1779917518 0.000000e+00
-32.0009912031 0.000000e+00
-31.8239906544 0.000000e+00
-31.6469901057 0.000000e+00
-31.469989557 0.000000e+00
-31.2929890083 0.000000e+00
-31.1159884596 0.000000e+00
-30.9389879109 0.000000e+00
-30.7619873622 0.000000e+00
-30.5849868135 0.000000e+00
-30.4079862648 0.000000e+00
-30.2309857161 0.000000e+00
-30.0539851674 0.000000e+00
-29.8769846187 0.000000e+00
-29.69998407 0.000000e+00
-29.5229835212 0.000000e+00
-29.3459829725 0.000000e+00
-29.1689824238 0.000000e+00
-28.9919818751 0.000000e+00
-28.8149813264 0.000000e+00
-28.6379807777 0.000000e+00
-28.460980229 0.000000e+00
-28.2839796803 0.000000e+00
-28.1069791316 0.000000e+00
-27.9299785829 0.000000e+00
-27.7529780342 0.000000e+00
-27.5759774855 0.000000e+00
-27.3989769368 0.000000e+00
-27.2219763881 0.000000e+00
-27.0449758394 0.000000e+00
-26.8679752907 0.000000e+00
-26.690974742 0.000000e+00
-26.5139741933 0.000000e+00
-26.3369736446 0.000000e+00
-26.1599730959 0.000000e+00
-25.9829725472 0.000000e+00
-25.8059719985 0.000000e+00
-25.6289714498 0.000000e+00
-25.4519709011 0.000000e+00
-25.2749703524 0.000000e+00
-25.0979698037 0.000000e+00
-24.920969255 0.000000e+00
-24.7439687063 0.000000e+00
-24.5669681576 0.000000e+00
-24.3899676089 0.000000e+00
-24.2129670602 0.000000e+00
-24.0359665115 0.000000e+00
-23.8589659628 0.000000e+00
-23.6819654141 0.000000e+00
-23.5049648654 0.000000e+00
-23.3279643167 0.000000e+00
-23.150963768 0.000000e+00
-22.9739632193 0.000000e+00
-22.7969626706 0.000000e+00
-22.6199621219 0.000000e+00
-22.4429615732 0.000000e+00
-22.2659610245 0.000000e+00
-22.0889604758 0.000000e+00
-21.9119599271 0.000000e+00
-21.7349593784 0.000000e+00
-21.5579588297 0.000000e+00
-21.380958281 0.000000e+00
-21.2039577323 0.000000e+00
-21.0269571836 0.000000e+00
-20.8499566349 0.000000e+00
-20.6729560862 0.000000e+00
-20.4959555375 0.000000e+00
-20.3189549888 0.000000e+00
-20.1419544401 0.000000e+00
-19.9649538914 0.000000e+00
-19.7879533427 0.000000e+00
-19.610952794 0.000000e+00
-19.4339522453 0.000000e+00
-19.2569516966 0.000000e+00
-19.0799511478 0.000000e+00
-18.9029505991 0.000000e+00
-18.7259500504 0.000000e+00
-18.5489495017 0.000000e+00
-18.371948953 0.000000e+00
-18.1949484043 0.000000e+00
-18.0179478556 0.000000e+00
-17.8409473069 0.000000e+00
-17.6639467582 0.000000e+00
-17.4869462095 0.000000e+00
-17.3099456608 0.000000e+00
-17.1329451121 0.000000e+00
-16.9559445634 0.000000e+00
-16.7789440147 0.000000e+00
-16.601943466 0.000000e+00
-16.4249429173 0.000000e+00
-16.2479423686 0.000000e+00
-16.0709418199 0.000000e+00
-15.8939412712 0.000000e+00
-15.7169407225 0.000000e+00
-15.5399401738 0.000000e+00
-15.3629396251 0.000000e+00
-15.1859390764 0.000000e+00
-15.0089385277 0.000000e+00
-14.831937979 0.000000e+00
-14.6549374303 0.000000e+00
-14.4779368816 0.000000e+00
-14.3009363329 0.000000e+00
-14.1239357842 0.000000e+00
-13.9469352355 0.000000e+00
-13.7699346868 0.000000e+00
-13.5929341381 0.000000e+00
-13.4159335894 0.000000e+00
-13.2389330407 0.000000e+00
-13.061932492 0.000000e+00
-12.8849319433 0.000000e+00
-12.7079313946 0.000000e+00
-12.5309308459 0.000000e+00
-12.3539302972 0.000000e+00
-12.1769297485 0.000000e+00
-11.9999291998 0.000000e+00
-11.8229286511 0.000000e+00
-11.6459281024 0.000000e+00
-11.4689275537 0.000000e+00
-11.291927005 0.000000e+00
-11.1149264563 0.000000e+00
-10.9379259076 0.000000e+00
-10.7609253589 0.000000e+00
-10.5839248102 0.000000e+00
-10.4069242615 0.000000e+00
-10.2299237128 0.000000e+00
-10.0529231641 0.000000e+00
-9.87592261536 0.000000e+00
-9.69892206666 0.000000e+00
-9.52192151796 0.000000e+00
-9.34492096926 0.000000e+00
-9.16792042055 0.000000e+00
-8.99091987185 0.000000e+00
-8.81391932315 0.000000e+00
-8.63691877445 0.000000e+00
-8.45991822575 0.000000e+00
-8.28291767704 0.000000e+00
-8.10591712834 0.000000e+00
-7.92891657964 0.000000e+00
-7.75191603094 0.000000e+00
-7.57491548224 0.000000e+00
-7.39791493354 0.000000e+00
-7.22091438483 0.000000e+00
-7.04391383613 0.000000e+00
-6.86691328743 0.000000e+00
-6.68991273873 0.000000e+00
-6.51291219003 0.000000e+00
-6.33591164133 0.000000e+00
-6.15891109262 0.000000e+00
-5.98191054392 0.000000e+00
-5.80490999522 0.000000e+00
-5.62790944652 0.000000e+00
-5.45090889782 0.000000e+00
-5.27390834912 0.000000e+00
-5.09690780041 0.000000e+00
-4.91990725171 0.000000e+00
-4.74290670301 0.000000e+00
-4.56590615431 0.000000e+00
-4.38890560561 0.000000e+00
-4.21190505691 0.000000e+00
-4.0349045082 0.000000e+00
-3.8579039595 0.000000e+00
-3.6809034108 0.000000e+00
-3.5039028621 0.000000e+00
-3.3269023134 0.000000e+00
-3.1499017647 0.000000e+00
-2.97290121599 0.000000e+00
-2.79590066729 0.000000e+00
-2.61890011859 0.000000e+00
-2.44189956989 0.000000e+00
-2.26489902119 0.000000e+00
-2.08789847249 0.000000e+00
-1.91089792378 0.000000e+00
-1.73389737508 0.000000e+00
-1.55689682638 0.000000e+00
-1.37989627768 0.000000e+00
-1.20289572898 0.000000e+00
-1.02589518028 0.000000e+00
-0.848894631573 0.000000e+00
-0.671894082872 0.000000e+00
-0.49489353417 5.596729e-01
-0.317892985468 0.000000e+00
-0.140892436767 7.687898e-01
0.0361081119351 7.430024e-01
0.213108660637 7.692938e-01
0.390109209339 1.000000e+00
0.56710975804 8.856639e-01
0.744110306742 7.498148e-01
0.921110855444 8.232705e-01
1.09811140415 6.237443e-01
1.27511195285 0.000000e+00
1.45211250155 0.000000e+00
1.62911305025 0.000000e+00
1.80611359895 0.000000e+00
1.98311414765 0.000000e+00
2.16011469636 0.000000e+00
2.33711524506 0.000000e+00
2.51411579376 0.000000e+00
2.69111634246 0.000000e+00
2.86811689116 0.000000e+00
3.04511743986 0.000000e+00
3.22211798857 0.000000e+00
3.39911853727 0.000000e+00
3.57611908597 0.000000e+00
3.75311963467 0.000000e+00
3.93012018337 0.000000e+00
4.10712073207 0.000000e+00
4.28412128078 0.000000e+00
4.46112182948 0.000000e+00
4.63812237818 0.000000e+00
4.81512292688 0.000000e+00
4.99212347558 0.000000e+00
5.16912402428 0.000000e+00
5.34612457299 0.000000e+00
5.52312512169 0.000000e+00
5.70012567039 0.000000e+00
5.87712621909 0.000000e+00
6.05412676779 0.000000e+00
6.23112731649 0.000000e+00
6.4081278652 0.000000e+00
6.5851284139 0.000000e+00
6.7621289626 0.000000e+00
6.9391295113 0.000000e+00
7.11613006 0.000000e+00
7.2931306087 0.000000e+00
7.47013115741 0.000000e+00
7.64713170611 0.000000e+00
7.82413225481 0.000000e+00
8.00113280351 0.000000e+00
8.17813335221 0.000000e+00
8.35513390092 0.000000e+00
8.53213444962 0.000000e+00
8.70913499832 0.000000e+00
8.88613554702 0.000000e+00
9.06313609572 0.000000e+00
9.24013664442 0.000000e+00
9.41713719313 0.000000e+00
9.59413774183 0.000000e+00
9.77113829053 0.000000e+00
9.94813883923 0.000000e+00
10.1251393879 0.000000e+00
10.3021399366 0.000000e+00
10.4791404853 0.000000e+00
10.656141034 0.000000e+00
10.8331415827 0.000000e+00
11.0101421314 0.000000e+00
11.1871426801 0.000000e+00
11.3641432288 0.000000e+00
11.5411437775 0.000000e+00
11.7181443262 0.000000e+00
11.8951448749 0.000000e+00
12.0721454237 0.000000e+00
12.2491459724 0.000000e+00
12.4261465211 0.000000e+00
12.6031470698 0.000000e+00
12.7801476185 0.000000e+00
12.9571481672 0.000000e+00
13.1341487159 0.000000e+00
13.3111492646 0.000000e+00
13.4881498133 0.000000e+00
13.665150362 0.000000e+00
13.8421509107 0.000000e+00
14.0191514594 0.000000e+00
14.1961520081 0.000000e+00
14.3731525568 0.000000e+00
14.5501531055 0.000000e+00
14.7271536542 0.000000e+00
14.9041542029 0.000000e+00
15.0811547516 0.000000e+00
15.2581553003 0.000000e+00
15.435155849 0.000000e+00
15.6121563977 0.000000e+00
15.7891569464 0.000000e+00
15.9661574951 0.000000e+00
16.1431580438 0.000000e+00
16.3201585925 0.000000e+00
16.4971591412 0.000000e+00
16.6741596899 0.000000e+00
16.8511602386 0.000000e+00
17.0281607873 0.000000e+00
17.205161336 0.000000e+00
17.3821618847 0.000000e+00
17.5591624334 0.000000e+00
17.7361629821 0.000000e+00
17.9131635308 0.000000e+00
18.0901640795 0.000000e+00
18.2671646282 0.000000e+00
18.4441651769 0.000000e+00
18.6211657256 0.000000e+00
18.7981662743 0.000000e+00
18.975166823 0.000000e+00
19.1521673717 0.000000e+00
19.3291679204 0.000000e+00
19.5061684691 0.000000e+00
19.6831690178 0.000000e+00
19.8601695665 0.000000e+00
20.0371701152 0.000000e+00
20.2141706639 0.000000e+00
20.3911712126 0.000000e+00
20.5681717613 0.000000e+00
20.74517231 0.000000e+00
20.9221728587 0.000000e+00
21.0991734074 0.000000e+00
21.2761739561 0.000000e+00
21.4531745048 0.000000e+00
21.6301750535 0.000000e+00
21.8071756022 0.000000e+00
21.9841761509 0.000000e+00
22.1611766996 0.000000e+00
22.3381772483 0.000000e+00
22.5151777971 0.000000e+00
22.6921783458 0.000000e+00
22.8691788945 0.000000e+00
23.0461794432 0.000000e+00
23.2231799919 0.000000e+00
23.4001805406 0.000000e+00
23.5771810893 0.000000e+00
23.754181638 0.000000e+00
23.9311821867 0.000000e+00
24.1081827354 0.000000e+00
24.2851832841 0.000000e+00
24.4621838328 0.000000e+00
24.6391843815 0.000000e+00
24.8161849302 0.000000e+00
24.9931854789 0.000000e+00
25.1701860276 0.000000e+00
25.3471865763 0.000000e+00
25.524187125 0.000000e+00
25.7011876737 0.000000e+00
25.8781882224 0.000000e+00
26.0551887711 0.000000e+00
26.2321893198 0.000000e+00
26.4091898685 0.000000e+00
26.5861904172 0.000000e+00
26.7631909659 0.000000e+00
26.9401915146 0.000000e+00
27.1171920633 0.000000e+00
27.294192612 0.000000e+00
27.4711931607 0.000000e+00
27.6481937094 0.000000e+00
27.8251942581 0.000000e+00
28.0021948068 0.000000e+00
28.1791953555 0.000000e+00
28.3561959042 0.000000e+00
28.5331964529 0.000000e+00
28.7101970016 0.000000e+00
28.8871975503 0.000000e+00
29.064198099 0.000000e+00
29.2411986477 0.000000e+00
29.4181991964 0.000000e+00
29.5951997451 0.000000e+00
29.7722002938 0.000000e+00
29.9492008425 0.000000e+00
30.1262013912 0.000000e+00
30.3032019399 0.000000e+00
30.4802024886 0.000000e+00
30.6572030373 0.000000e+00
30.834203586 0.000000e+00
31.0112041347 0.000000e+00
31.1882046834 0.000000e+00
31.3652052321 0.000000e+00
31.5422057808 0.000000e+00
31.7192063295 0.000000e+00
31.8962068782 0.000000e+00
32.0732074269 0.000000e+00
32.2502079756 0.000000e+00
32.4272085243 0.000000e+00
32.604209073 0.000000e+00
32.7812096217 0.000000e+00
32.9582101705 0.000000e+00
33.1352107192 0.000000e+00
33.3122112679 0.000000e+00
33.4892118166 0.000000e+00
33.6662123653 0.000000e+00
33.843212914 0.000000e+00
34.0202134627 0.000000e+00
34.1972140114 0.000000e+00
34.3742145601 0.000000e+00
34.5512151088 0.000000e+00
34.7282156575 0.000000e+00
34.9052162062 0.000000e+00
35.0822167549 0.000000e+00
35.2592173036 0.000000e+00
35.4362178523 0.000000e+00
35.613218401 0.000000e+00
35.7902189497 0.000000e+00
35.9672194984 0.000000e+00
36.1442200471 0.000000e+00
36.3212205958 0.000000e+00
36.4982211445 0.000000e+00
36.6752216932 0.000000e+00
36.8522222419 0.000000e+00
37.0292227906 0.000000e+00
37.2062233393 0.000000e+00
37.383223888 0.000000e+00
37.5602244367 0.000000e+00
37.7372249854 0.000000e+00
37.9142255341 0.000000e+00
38.0912260828 0.000000e+00
38.2682266315 0.000000e+00
38.4452271802 0.000000e+00
38.6222277289 0.000000e+00
38.7992282776 0.000000e+00
38.9762288263 0.000000e+00
39.153229375 0.000000e+00
39.3302299237 0.000000e+00
39.5072304724 0.000000e+00
39.6842310211 0.000000e+00
39.8612315698 0.000000e+00
40.0382321185 0.000000e+00
40.2152326672 0.000000e+00
40.3922332159 0.000000e+00
40.5692337646 0.000000e+00
40.7462343133 0.000000e+00
40.923234862 0.000000e+00
41.1002354107 0.000000e+00
41.2772359594 0.000000e+00
41.4542365081 0.000000e+00
41.6312370568 0.000000e+00
41.8082376055 0.000000e+00
41.9852381542 0.000000e+00
42.1622387029 0.000000e+00
42.3392392516 0.000000e+00
42.5162398003 0.000000e+00
42.693240349 0.000000e+00
42.8702408977 0.000000e+00
43.0472414464 0.000000e+00
43.2242419952 0.000000e+00
43.4012425439 0.000000e+00
43.5782430926 0.000000e+00
43.7552436413 0.000000e+00
43.93224419 0.000000e+00
44.1092447387 0.000000e+00
44.2862452874 0.000000e+00
44.4632458361 0.000000e+00
44.6402463848 0.000000e+00
44.8172469335 0.000000e+00
44.9942474822 0.000000e+00
45.1712480309 0.000000e+00
45.3482485796 0.000000e+00
45.5252491283 0.000000e+00
45.702249677 0.000000e+00
45.8792502257 0.000000e+00
46.0562507744 0.000000e+00
46.2332513231 0.000000e+00
46.4102518718 0.000000e+00
46.5872524205 0.000000e+00
46.7642529692 0.000000e+00
46.9412535179 0.000000e+00
47.1182540666 0.000000e+00
47.2952546153 0.000000e+00
47.472255164 0.000000e+00
47.6492557127 0.000000e+00
47.8262562614 0.000000e+00
48.0032568101 0.000000e+00
48.1802573588 0.000000e+00
48.3572579075 0.000000e+00
48.5342584562 0.000000e+00
48.7112590049 0.000000e+00
48.8882595536 0.000000e+00
49.0652601023 0.000000e+00
49.242260651 0.000000e+00
49.4192611997 0.000000e+00
49.5962617484 0.000000e+00
49.7732622971 0.000000e+00
49.9502628458 0.000000e+00
50.1272633945 0.000000e+00
50.3042639432 0.000000e+00
50.4812644919 0.000000e+00
50.6582650406 0.000000e+00
50.8352655893 0.000000e+00
51.012266138 0.000000e+00
51.1892666867 0.000000e+00
51.3662672354 0.000000e+00
51.5432677841 0.000000e+00
51.7202683328 0.000000e+00
51.8972688815 0.000000e+00
52.0742694302 0.000000e+00
52.2512699789 0.000000e+00
52.4282705276 0.000000e+00
52.6052710763 0.000000e+00
52.782271625 0.000000e+00
52.9592721737 0.000000e+00
53.1362727224 0.000000e+00
53.3132732711 0.000000e+00
53.4902738198 0.000000e+00
53.6672743686 0.000000e+00
53.8442749173 0.000000e+00
54.021275466 0.000000e+00
54.1982760147 0.000000e+00
54.3752765634 0.000000e+00
54.5522771121 0.000000e+00
54.7292776608 0.000000e+00
54.9062782095 0.000000e+00
55.0832787582 0.000000e+00
55.2602793069 0.000000e+00
55.4372798556 0.000000e+00
55.6142804043 0.000000e+00
55.791280953 0.000000e+00
55.9682815017 0.000000e+00
56.1452820504 0.000000e+00
56.3222825991 0.000000e+00
56.4992831478 0.000000e+00
56.6762836965 0.000000e+00
56.8532842452 0.000000e+00
57.0302847939 0.000000e+00
57.2072853426 0.000000e+00
57.3842858913 0.000000e+00
57.56128644 0.000000e+00
57.7382869887 0.000000e+00
57.9152875374 0.000000e+00
58.0922880861 0.000000e+00
58.2692886348 0.000000e+00
58.4462891835 0.000000e+00
58.6232897322 0.000000e+00
58.8002902809 0.000000e+00
58.9772908296 0.000000e+00
59.1542913783 0.000000e+00
59.331291927 0.000000e+00
59.5082924757 0.000000e+00
59.6852930244 0.000000e+00
59.8622935731 0.000000e+00
60.0392941218 0.000000e+00
60.2162946705 0.000000e+00
60.3932952192 0.000000e+00
60.5702957679 0.000000e+00
60.7472963166 0.000000e+00
60.9242968653 0.000000e+00
61.101297414 0.000000e+00
61.2782979627 0.000000e+00
61.4552985114 0.000000e+00
61.6322990601 0.000000e+00
61.8092996088 0.000000e+00
61.9863001575 0.000000e+00
62.1633007062 0.000000e+00
62.3403012549 0.000000e+00
62.5173018036 0.000000e+00
62.6943023523 0.000000e+00
62.871302901 0.000000e+00
63.0483034497 0.000000e+00
63.2253039984 0.000000e+00
63.4023045471 0.000000e+00
63.5793050958 0.000000e+00
63.7563056445 0.000000e+00
63.9333061932 0.000000e+00
64.110306742 0.000000e+00
64.2873072907 0.000000e+00
64.4643078394 0.000000e+00
64.6413083881 0.000000e+00
64.8183089368 0.000000e+00
64.9953094855 0.000000e+00
65.1723100342 0.000000e+00
65.3493105829 0.000000e+00
65.5263111316 0.000000e+00
65.7033116803 0.000000e+00
65.880312229 0.000000e+00
66.0573127777 0.000000e+00
66.2343133264 0.000000e+00
66.4113138751 0.000000e+00
66.5883144238 0.000000e+00
66.7653149725 0.000000e+00
66.9423155212 0.000000e+00
67.1193160699 0.000000e+00
67.2963166186 0.000000e+00
67.4733171673 0.000000e+00
67.650317716 0.000000e+00
67.8273182647 0.000000e+00
68.0043188134 0.000000e+00
68.1813193621 0.000000e+00
68.3583199108 0.000000e+00
68.5353204595 0.000000e+00
68.7123210082 0.000000e+00
68.8893215569 0.000000e+00
69.0663221056 0.000000e+00
69.2433226543 0.000000e+00
69.420323203 0.000000e+00
69.5973237517 0.000000e+00
69.7743243004 0.000000e+00
69.9513248491 0.000000e+00
70.1283253978 0.000000e+00
70.3053259465 0.000000e+00
70.4823264952 0.000000e+00
70.6593270439 0.000000e+00
70.8363275926 0.000000e+00
71.0133281413 0.000000e+00
71.19032869 0.000000e+00
71.3673292387 0.000000e+00
71.5443297874 0.000000e+00
71.7213303361 0.000000e+00
71.8983308848 0.000000e+00
72.0753314335 0.000000e+00
72.2523319822 0.000000e+00
72.4293325309 0.000000e+00
72.6063330796 0.000000e+00
72.7833336283 0.000000e+00
72.960334177 0.000000e+00
73.1373347257 0.000000e+00
73.3143352744 0.000000e+00
73.4913358231 0.000000e+00
73.6683363718 0.000000e+00
73.8453369205 0.000000e+00
74.0223374692 0.000000e+00
74.1993380179 0.000000e+00
74.3763385666 0.000000e+00
74.5533391154 0.000000e+00
74.7303396641 0.000000e+00
74.9073402128 0.000000e+00
75.0843407615 0.000000e+00
75.2613413102 0.000000e+00
75.4383418589 0.000000e+00
75.6153424076 0.000000e+00
75.7923429563 0.000000e+00
75.969343505 0.000000e+00
76.1463440537 0.000000e+00
76.3233446024 0.000000e+00
76.5003451511 0.000000e+00
76.6773456998 0.000000e+00
76.8543462485 0.000000e+00
77.0313467972 0.000000e+00
77.2083473459 0.000000e+00
77.3853478946 0.000000e+00
77.5623484433 0.000000e+00
77.739348992 0.000000e+00
77.9163495407 0.000000e+00
78.0933500894 0.000000e+00
78.2703506381 0.000000e+00
78.4473511868 0.000000e+00
78.6243517355 0.000000e+00
78.8013522842 0.000000e+00
78.9783528329 0.000000e+00
79.1553533816 0.000000e+00
79.3323539303 0.000000e+00
79.509354479 0.000000e+00
79.6863550277 0.000000e+00
79.8633555764 0.000000e+00
80.0403561251 0.000000e+00
80.2173566738 0.000000e+00
80.3943572225 0.000000e+00
80.5713577712 0.000000e+00
80.7483583199 0.000000e+00
80.9253588686 0.000000e+00
81.1023594173 0.000000e+00
81.279359966 0.000000e+00
81.4563605147 0.000000e+00
81.6333610634 0.000000e+00
81.8103616121 0.000000e+00
81.9873621608 0.000000e+00
82.1643627095 0.000000e+00
82.3413632582 0.000000e+00
82.5183638069 0.000000e+00
82.6953643556 0.000000e+00
82.8723649043 0.000000e+00
83.049365453 0.000000e+00
83.2263660017 0.000000e+00
83.4033665504 0.000000e+00
83.5803670991 0.000000e+00
83.7573676478 0.000000e+00
83.9343681965 0.000000e+00
84.1113687452 0.000000e+00
84.2883692939 0.000000e+00
84.4653698426 0.000000e+00
84.6423703913 0.000000e+00
84.81937094 0.000000e+00
84.9963714888 0.000000e+00
85.1733720375 0.000000e+00
85.3503725862 0.000000e+00
85.5273731349 0.000000e+00
85.7043736836 0.000000e+00
85.8813742323 0.000000e+00
86.058374781 0.000000e+00
86.2353753297 0.000000e+00
86.4123758784 0.000000e+00
86.5893764271 0.000000e+00
86.7663769758 0.000000e+00
86.9433775245 0.000000e+00
87.1203780732 0.000000e+00
87.2973786219 0.000000e+00
87.4743791706 0.000000e+00
87.6513797193 0.000000e+00
87.828380268 0.000000e+00
88.0053808167 0.000000e+00
88.1823813654 0.000000e+00
88.3593819141 0.000000e+00
88.5363824628 0.000000e+00
88.7133830115 0.000000e+00
88.8903835602 0.000000e+00
89.0673841089 0.000000e+00
89.2443846576 0.000000e+00
89.4213852063 0.000000e+00
89.598385755 0.000000e+00
89.7753863037 0.000000e+00
89.9523868524 0.000000e+00
90.1293874011 0.000000e+00
90.3063879498 0.000000e+00
90.4833884985 0.000000e+00
90.6603890472 0.000000e+00
90.8373895959 0.000000e+00
91.0143901446 0.000000e+00
91.1913906933 0.000000e+00
91.368391242 0.000000e+00
91.5453917907 0.000000e+00
91.7223923394 0.000000e+00
91.8993928881 0.000000e+00
92.0763934368 0.000000e+00
92.2533939855 0.000000e+00
92.4303945342 0.000000e+00
92.6073950829 0.000000e+00
92.7843956316 0.000000e+00
92.9613961803 0.000000e+00
93.138396729 0.000000e+00
93.3153972777 0.000000e+00
93.4923978264 0.000000e+00
93.6693983751 0.000000e+00
93.8463989238 0.000000e+00
94.0233994725 0.000000e+00
94.2004000212 0.000000e+00
94.3774005699 0.000000e+00
94.5544011186 0.000000e+00
94.7314016673 0.000000e+00
94.908402216 0.000000e+00
95.0854027647 0.000000e+00
95.2624033135 0.000000e+00
95.4394038622 0.000000e+00
95.6164044109 0.000000e+00
95.7934049596 0.000000e+00
95.9704055083 0.000000e+00
96.147406057 0.000000e+00
96.3244066057 0.000000e+00
96.5014071544 0.000000e+00
96.6784077031 0.000000e+00
96.8554082518 0.000000e+00
97.0324088005 0.000000e+00
97.2094093492 0.000000e+00
97.3864098979 0.000000e+00
97.5634104466 0.000000e+00
97.7404109953 0.000000e+00
97.917411544 0.000000e+00
98.0944120927 0.000000e+00
98.2714126414 0.000000e+00
98.4484131901 0.000000e+00
98.6254137388 0.000000e+00
98.8024142875 0.000000e+00
98.9794148362 0.000000e+00
99.1564153849 0.000000e+00
99.3334159336 0.000000e+00
99.5104164823 0.000000e+00
99.687417031 0.000000e+00
99.8644175797 0.000000e+00
100.041418128 0.000000e+00
100.218418677 0.000000e+00
100.395419226 0.000000e+00
100.572419775 0.000000e+00
100.749420323 0.000000e+00
100.926420872 0.000000e+00
101.103421421 0.000000e+00
101.280421969 0.000000e+00
101.457422518 0.000000e+00
101.634423067 0.000000e+00
101.811423615 0.000000e+00
101.988424164 0.000000e+00
102.165424713 0.000000e+00
102.342425262 0.000000e+00
102.51942581 0.000000e+00
102.696426359 0.000000e+00
102.873426908 0.000000e+00
103.050427456 0.000000e+00
103.227428005 0.000000e+00
103.404428554 0.000000e+00
103.581429102 0.000000e+00
103.758429651 0.000000e+00
103.9354302 0.000000e+00
104.112430749 0.000000e+00
104.289431297 0.000000e+00
104.466431846 0.000000e+00
104.643432395 0.000000e+00
104.820432943 0.000000e+00
104.997433492 0.000000e+00
105.174434041 0.000000e+00
105.351434589 0.000000e+00
105.528435138 0.000000e+00
105.705435687 0.000000e+00
105.882436236 0.000000e+00
106.059436784 0.000000e+00
106.236437333 0.000000e+00
106.413437882 0.000000e+00
106.59043843 0.000000e+00
106.767438979 0.000000e+00
106.944439528 0.000000e+00
107.121440076 0.000000e+00
107.298440625 0.000000e+00
107.475441174 0.000000e+00
107.652441723 0.000000e+00
107.829442271 0.000000e+00
108.00644282 0.000000e+00
108.183443369 0.000000e+00
108.360443917 0.000000e+00
108.537444466 0.000000e+00
108.714445015 0.000000e+00
108.891445563 0.000000e+00
109.068446112 0.000000e+00
109.245446661 0.000000e+00
109.42244721 0.000000e+00
109.599447758 0.000000e+00
109.776448307 0.000000e+00
109.953448856 0.000000e+00
110.130449404 0.000000e+00
110.307449953 0.000000e+00
110.484450502 0.000000e+00
110.66145105 0.000000e+00
110.838451599 0.000000e+00
111.015452148 0.000000e+00
111.192452697 0.000000e+00
111.369453245 0.000000e+00
111.546453794 0.000000e+00
111.723454343 0.000000e+00
111.900454891 0.000000e+00
112.07745544 0.000000e+00
112.254455989 0.000000e+00
112.431456538 0.000000e+00
112.608457086 0.000000e+00
112.785457635 0.000000e+00
112.962458184 0.000000e+00
113.139458732 0.000000e+00
113.316459281 0.000000e+00
113.49345983 0.000000e+00
113.670460378 0.000000e+00
113.847460927 0.000000e+00
114.024461476 0.000000e+00
114.201462025 0.000000e+00
114.378462573 0.000000e+00
114.555463122 0.000000e+00
114.732463671 0.000000e+00
114.909464219 0.000000e+00
115.086464768 0.000000e+00
115.263465317 0.000000e+00
115.440465865 0.000000e+00
115.617466414 0.000000e+00
115.794466963 0.000000e+00
115.971467512 0.000000e+00
116.14846806 0.000000e+00
116.325468609 0.000000e+00
116.502469158 0.000000e+00
116.679469706 0.000000e+00
116.856470255 0.000000e+00
117.033470804 0.000000e+00
117.210471352 0.000000e+00
117.387471901 0.000000e+00
117.56447245 0.000000e+00
117.741472999 0.000000e+00
117.918473547 0.000000e+00
118.095474096 0.000000e+00
118.272474645 0.000000e+00
118.449475193 0.000000e+00
118.626475742 0.000000e+00
118.803476291 0.000000e+00
118.980476839 0.000000e+00
119.157477388 0.000000e+00
119.334477937 0.000000e+00
119.511478486 0.000000e+00
119.688479034 0.000000e+00
119.865479583 0.000000e+00
120.042480132 0.000000e+00
120.21948068 0.000000e+00
120.396481229 0.000000e+00
120.573481778 0.000000e+00
120.750482326 0.000000e+00
120.927482875 0.000000e+00
121.104483424 0.000000e+00
121.281483973 0.000000e+00
121.458484521 0.000000e+00
121.63548507 0.000000e+00
121.812485619 0.000000e+00
121.989486167 0.000000e+00
122.166486716 0.000000e+00
122.343487265 0.000000e+00
122.520487814 0.000000e+00
122.697488362 0.000000e+00
122.874488911 0.000000e+00
123.05148946 0.000000e+00
123.228490008 0.000000e+00
123.405490557 0.000000e+00
123.582491106 0.000000e+00
123.759491654 0.000000e+00
123.936492203 0.000000e+00
124.113492752 0.000000e+00
124.290493301 0.000000e+00
124.467493849 0.000000e+00
124.644494398 0.000000e+00
124.821494947 0.000000e+00
124.998495495 0.000000e+00
125.175496044 0.000000e+00
125.352496593 0.000000e+00
125.529497141 0.000000e+00
125.70649769 0.000000e+00
125.883498239 0.000000e+00
126.060498788 0.000000e+00
126.237499336 0.000000e+00
126.414499885 0.000000e+00
126.591500434 0.000000e+00
126.768500982 0.000000e+00
126.945501531 0.000000e+00
127.12250208 0.000000e+00
127.299502628 0.000000e+00
127.476503177 0.000000e+00
127.653503726 0.000000e+00
127.830504275 0.000000e+00
128.007504823 0.000000e+00
128.184505372 0.000000e+00
128.361505921 0.000000e+00
128.538506469 0.000000e+00
128.715507018 0.000000e+00
128.892507567 0.000000e+00
129.069508115 0.000000e+00
129.246508664 0.000000e+00
129.423509213 0.000000e+00
129.600509762 0.000000e+00
129.77751031 0.000000e+00
129.954510859 0.000000e+00
130.131511408 0.000000e+00
130.308511956 0.000000e+00
130.485512505 0.000000e+00
130.662513054 0.000000e+00
130.839513602 0.000000e+00
131.016514151 0.000000e+00
131.1935147 0.000000e+00
131.370515249 0.000000e+00
131.547515797 0.000000e+00
131.724516346 0.000000e+00
131.901516895 0.000000e+00
132.078517443 0.000000e+00
132.255517992 0.000000e+00
132.432518541 0.000000e+00
132.60951909 0.000000e+00
132.786519638 0.000000e+00
132.963520187 0.000000e+00
133.140520736 0.000000e+00
133.317521284 0.000000e+00
133.494521833 0.000000e+00
133.671522382 0.000000e+00
133.84852293 0.000000e+00
134.025523479 0.000000e+00
134.202524028 0.000000e+00
134.379524577 0.000000e+00
134.556525125 0.000000e+00
134.733525674 0.000000e+00
134.910526223 0.000000e+00
135.087526771 0.000000e+00
135.26452732 0.000000e+00
135.441527869 0.000000e+00
135.618528417 0.000000e+00
135.795528966 0.000000e+00
135.972529515 0.000000e+00
136.149530064 0.000000e+00
136.326530612 0.000000e+00
136.503531161 0.000000e+00
136.68053171 0.000000e+00
136.857532258 0.000000e+00
137.034532807 0.000000e+00
137.211533356 0.000000e+00
137.388533904 0.000000e+00
137.565534453 0.000000e+00
137.742535002 0.000000e+00
137.919535551 0.000000e+00
138.096536099 0.000000e+00
138.273536648 0.000000e+00
138.450537197 0.000000e+00
138.627537745 0.000000e+00
138.804538294 0.000000e+00
138.981538843 0.000000e+00
139.158539391 0.000000e+00
139.33553994 0.000000e+00
139.512540489 0.000000e+00
139.689541038 0.000000e+00
139.866541586 0.000000e+00
140.043542135 0.000000e+00
140.220542684 0.000000e+00
140.397543232 0.000000e+00
140.574543781 0.000000e+00
140.75154433 0.000000e+00
140.928544878 0.000000e+00
141.105545427 0.000000e+00
141.282545976 0.000000e+00
141.459546525 0.000000e+00
141.636547073 0.000000e+00
141.813547622 0.000000e+00
141.990548171 0.000000e+00
142.167548719 0.000000e+00
142.344549268 0.000000e+00
142.521549817 0.000000e+00
142.698550366 0.000000e+00
142.875550914 0.000000e+00
143.052551463 0.000000e+00
143.229552012 0.000000e+00
143.40655256 0.000000e+00
143.583553109 0.000000e+00
143.760553658 0.000000e+00
143.937554206 0.000000e+00
144.114554755 0.000000e+00
144.291555304 0.000000e+00
144.468555853 0.000000e+00
144.645556401 0.000000e+00
144.82255695 0.000000e+00
144.999557499 0.000000e+00
145.176558047 0.000000e+00
145.353558596 0.000000e+00
145.530559145 0.000000e+00
145.707559693 0.000000e+00
145.884560242 0.000000e+00
146.061560791 0.000000e+00
146.23856134 0.000000e+00
146.415561888 0.000000e+00
146.592562437 0.000000e+00
146.769562986 0.000000e+00
146.946563534 0.000000e+00
147.123564083 0.000000e+00
147.300564632 0.000000e+00
147.47756518 0.000000e+00
147.654565729 0.000000e+00
147.831566278 0.000000e+00
148.008566827 0.000000e+00
148.185567375 0.000000e+00
148.362567924 0.000000e+00
148.539568473 0.000000e+00
148.716569021 0.000000e+00
148.89356957 0.000000e+00
149.070570119 0.000000e+00
149.247570667 0.000000e+00
149.424571216 0.000000e+00
149.601571765 0.000000e+00
149.778572314 0.000000e+00
149.955572862 0.000000e+00
150.132573411 0.000000e+00
150.30957396 0.000000e+00
150.486574508 0.000000e+00
150.663575057 0.000000e+00
150.840575606 0.000000e+00
151.017576154 0.000000e+00
151.194576703 0.000000e+00
151.371577252 0.000000e+00
151.548577801 0.000000e+00
151.725578349 0.000000e+00
151.902578898 0.000000e+00
152.079579447 0.000000e+00
152.256579995 0.000000e+00
152.433580544 0.000000e+00
152.610581093 0.000000e+00
152.787581642 0.000000e+00
152.96458219 0.000000e+00
153.141582739 0.000000e+00
153.318583288 0.000000e+00
153.495583836 0.000000e+00
153.672584385 0.000000e+00
153.849584934 0.000000e+00
154.026585482 0.000000e+00
154.203586031 0.000000e+00
154.38058658 0.000000e+00
154.557587129 0.000000e+00
154.734587677 0.000000e+00
154.911588226 0.000000e+00
155.088588775 0.000000e+00
155.265589323 0.000000e+00
155.442589872 0.000000e+00
155.619590421 0.000000e+00
155.796590969 0.000000e+00
155.973591518 0.000000e+00
156.150592067 0.000000e+00
156.327592616 0.000000e+00
156.504593164 0.000000e+00
156.681593713 0.000000e+00
156.858594262 0.000000e+00
157.03559481 0.000000e+00
157.212595359 0.000000e+00
157.389595908 0.000000e+00
157.566596456 0.000000e+00
157.743597005 0.000000e+00
157.920597554 0.000000e+00
158.097598103 0.000000e+00
158.274598651 0.000000e+00
158.4515992 0.000000e+00
158.628599749 0.000000e+00
158.805600297 0.000000e+00
158.982600846 0.000000e+00
159.159601395 0.000000e+00
159.336601943 0.000000e+00
159.513602492 0.000000e+00
159.690603041 0.000000e+00
159.86760359 0.000000e+00
160.044604138 0.000000e+00
160.221604687 0.000000e+00
160.398605236 0.000000e+00
160.575605784 0.000000e+00
160.752606333 0.000000e+00
160.929606882 0.000000e+00
161.10660743 0.000000e+00
161.283607979 0.000000e+00
161.460608528 0.000000e+00
161.637609077 0.000000e+00
161.814609625 0.000000e+00
161.991610174 0.000000e+00
162.168610723 0.000000e+00
162.345611271 0.000000e+00
162.52261182 0.000000e+00
162.699612369 0.000000e+00
162.876612918 0.000000e+00
163.053613466 0.000000e+00
163.230614015 0.000000e+00
163.407614564 0.000000e+00
163.584615112 0.000000e+00
163.761615661 0.000000e+00
163.93861621 0.000000e+00
164.115616758 0.000000e+00
164.292617307 0.000000e+00
164.469617856 0.000000e+00
164.646618405 0.000000e+00
164.823618953 0.000000e+00
165.000619502 0.000000e+00
165.177620051 0.000000e+00
165.354620599 0.000000e+00
165.531621148 0.000000e+00
165.708621697 0.000000e+00
165.885622245 0.000000e+00
166.062622794 0.000000e+00
166.239623343 0.000000e+00
166.416623892 0.000000e+00
166.59362444 0.000000e+00
166.770624989 0.000000e+00
166.947625538 0.000000e+00
167.124626086 0.000000e+00
167.301626635 0.000000e+00
167.478627184 0.000000e+00
167.655627732 0.000000e+00
167.832628281 0.000000e+00
168.00962883 0.000000e+00
168.186629379 0.000000e+00
168.363629927 0.000000e+00
168.540630476 0.000000e+00
168.717631025 0.000000e+00
168.894631573 0.000000e+00
169.071632122 0.000000e+00
169.248632671 0.000000e+00
169.425633219 0.000000e+00
169.602633768 0.000000e+00
169.779634317 0.000000e+00
169.956634866 0.000000e+00
170.133635414 0.000000e+00
170.310635963 0.000000e+00
171.310635963 0.0
172.310635963 0.0
173.310635963 0.0
174.310635963 0.0
175.310635963 0.0
176.310635963 0.0
177.310635963 0.0
178.310635963 0.0
179.310635963 0.0
180.310635963 0.0
181.310635963 0.0
182.310635963 0.0
183.310635963 0.0
184.310635963 0.0
185.310635963 0.0
186.310635963 0.0
187.310635963 0.0
188.310635963 0.0
189.310635963 0.0
190.310635963 0.0
191.310635963 0.0
192.310635963 0.0
193.310635963 0.0
194.310635963 0.0
195.310635963 0.0
196.310635963 0.0
197.310635963 0.0
198.310635963 0.0
199.310635963 0.0
200.310635963 0.0
201.310635963 0.0
202.310635963 0.0
203.310635963 0.0
204.310635963 0.0
205.310635963 0.0
206.310635963 0.0
207.310635963 0.0
208.310635963 0.0
209.310635963 0.0
210.310635963 0.0
211.310635963 0.0
212.310635963 0.0
213.310635963 0.0
214.310635963 0.0
215.310635963 0.0
216.310635963 0.0
217.310635963 0.0
218.310635963 0.0
219.310635963 0.0
220.310635963 0.0
221.310635963 0.0
222.310635963 0.0
223.310635963 0.0
224.310635963 0.0
225.310635963 0.0
226.310635963 0.0
227.310635963 0.0
228.310635963 0.0
229.310635963 0.0
230.310635963 0.0
231.310635963 0.0
232.310635963 0.0
233.310635963 0.0
234.310635963 0.0
235.310635963 0.0
236.310635963 0.0
237.310635963 0.0
238.310635963 0.0
239.310635963 0.0
240.310635963 0.0
241.310635963 0.0
242.310635963 0.0
243.310635963 0.0
244.310635963 0.0
245.310635963 0.0
246.310635963 0.0
247.310635963 0.0
248.310635963 0.0
249.310635963 0.0
250.310635963 0.0
251.310635963 0.0
252.310635963 0.0
253.310635963 0.0
254.310635963 0.0
255.310635963 0.0
256.310635963 0.0
257.310635963 0.0
258.310635963 0.0
259.310635963 0.0
260.310635963 0.0
261.310635963 0.0
262.310635963 0.0
263.310635963 0.0
264.310635963 0.0
265.310635963 0.0
266.310635963 0.0
267.310635963 0.0
268.310635963 0.0
269.310635963 0.0
270.310635963 0.0
271.310635963 0.0
272.310635963 0.0
273.310635963 0.0
274.310635963 0.0
275.310635963 0.0
276.310635963 0.0
277.310635963 0.0
278.310635963 0.0
279.310635963 0.0
280.310635963 0.0
281.310635963 0.0
282.310635963 0.0
283.310635963 0.0
284.310635963 0.0
285.310635963 0.0
286.310635963 0.0
287.310635963 0.0
288.310635963 0.0
289.310635963 0.0
290.310635963 0.0
291.310635963 0.0
292.310635963 0.0
293.310635963 0.0
294.310635963 0.0
295.310635963 0.0
296.310635963 0.0
297.310635963 0.0
298.310635963 0.0
299.310635963 0.0
300.310635963 0.0
301.310635963 0.0
302.310635963 0.0
303.310635963 0.0
304.310635963 0.0
305.310635963 0.0
306.310635963 0.0
307.310635963 0.0
308.310635963 0.0
309.310635963 0.0
310.310635963 0.0
311.310635963 0.0
312.310635963 0.0
313.310635963 0.0
314.310635963 0.0
315.310635963 0.0
316.310635963 0.0
317.310635963 0.0
318.310635963 0.0
319.310635963 0.0
320.310635963 0.0
321.310635963 0.0
322.310635963 0.0
323.310635963 0.0
324.310635963 0.0
325.310635963 0.0
326.310635963 0.0
327.310635963 0.0
328.310635963 0.0
329.310635963 0.0
330.310635963 0.0
331.310635963 0.0
332.310635963 0.0
333.310635963 0.0
334.310635963 0.0
335.310635963 0.0
336.310635963 0.0
337.310635963 0.0
338.310635963 0.0
339.310635963 0.0
340.310635963 0.0
341.310635963 0.0
342.310635963 0.0
343.310635963 0.0
344.310635963 0.0
345.310635963 0.0
346.310635963 0.0
347.310635963 0.0
348.310635963 0.0
349.310635963 0.0
350.310635963 0.0
351.310635963 0.0
352.310635963 0.0
353.310635963 0.0
354.310635963 0.0
355.310635963 0.0
356.310635963 0.0
357.310635963 0.0
358.310635963 0.0
359.310635963 0.0
360.310635963 0.0
361.310635963 0.0
362.310635963 0.0
363.310635963 0.0
364.310635963 0.0
365.310635963 0.0
366.310635963 0.0
367.310635963 0.0
368.310635963 0.0
369.310635963 0.0
370.310635963 0.0
371.310635963 0.0
372.310635963 0.0
373.310635963 0.0
374.310635963 0.0
375.310635963 0.0
376.310635963 0.0
377.310635963 0.0
378.310635963 0.0
379.310635963 0.0
380.310635963 0.0
381.310635963 0.0
382.310635963 0.0
383.310635963 0.0
384.310635963 0.0
385.310635963 0.0
386.310635963 0.0
387.310635963 0.0
388.310635963 0.0
389.310635963 0.0
390.310635963 0.0
391.310635963 0.0
392.310635963 0.0
393.310635963 0.0
394.310635963 0.0
395.310635963 0.0
396.310635963 0.0
397.310635963 0.0
398.310635963 0.0
399.310635963 0.0
400.310635963 0.0
401.310635963 0.0
402.310635963 0.0
403.310635963 0.0
404.310635963 0.0
405.310635963 0.0
406.310635963 0.0
407.310635963 0.0
408.310635963 0.0
409.310635963 0.0
410.310635963 0.0
411.310635963 0.0
412.310635963 0.0
413.310635963 0.0
414.310635963 0.0
415.310635963 0.0
416.310635963 0.0
417.310635963 0.0
418.310635963 0.0
419.310635963 0.0
420.310635963 0.0
421.310635963 0.0
422.310635963 0.0
423.310635963 0.0
424.310635963 0.0
425.310635963 0.0
426.310635963 0.0
427.310635963 0.0
428.310635963 0.0
429.310635963 0.0
430.310635963 0.0
431.310635963 0.0
432.310635963 0.0
433.310635963 0.0
434.310635963 0.0
435.310635963 0.0
436.310635963 0.0
437.310635963 0.0
438.310635963 0.0
439.310635963 0.0
440.310635963 0.0
441.310635963 0.0
442.310635963 0.0
443.310635963 0.0
444.310635963 0.0
445.310635963 0.0
446.310635963 0.0
447.310635963 0.0
448.310635963 0.0
449.310635963 0.0
450.310635963 0.0
451.310635963 0.0
452.310635963 0.0
453.310635963 0.0
454.310635963 0.0
455.310635963 0.0
456.310635963 0.0
457.310635963 0.0
458.310635963 0.0
459.310635963 0.0
460.310635963 0.0
461.310635963 0.0
462.310635963 0.0
463.310635963 0.0
464.310635963 0.0
465.310635963 0.0
466.310635963 0.0
467.310635963 0.0
468.310635963 0.0
469.310635963 0.0
470.310635963 0.0
471.310635963 0.0
472.310635963 0.0
473.310635963 0.0
474.310635963 0.0
475.310635963 0.0
476.310635963 0.0
477.310635963 0.0
478.310635963 0.0
479.310635963 0.0
480.310635963 0.0
481.310635963 0.0
482.310635963 0.0
483.310635963 0.0
484.310635963 0.0
485.310635963 0.0
486.310635963 0.0
487.310635963 0.0
488.310635963 0.0
489.310635963 0.0
490.310635963 0.0
491.310635963 0.0
492.310635963 0.0
493.310635963 0.0
494.310635963 0.0
495.310635963 0.0
496.310635963 0.0
497.310635963 0.0
498.310635963 0.0
499.310635963 0.0
500.310635963 0.0
501.310635963 0.0
502.310635963 0.0
503.310635963 0.0
504.310635963 0.0
505.310635963 0.0
506.310635963 0.0
507.310635963 0.0
508.310635963 0.0
509.310635963 0.0
510.310635963 0.0
511.310635963 0.0
512.310635963 0.0
513.310635963 0.0
514.310635963 0.0
515.310635963 0.0
516.310635963 0.0
517.310635963 0.0
518.310635963 0.0
519.310635963 0.0
520.310635963 0.0
521.310635963 0.0
522.310635963 0.0
523.310635963 0.0
524.310635963 0.0
525.310635963 0.0
526.310635963 0.0
527.310635963 0.0
528.310635963 0.0
529.310635963 0.0
530.310635963 0.0
531.310635963 0.0
532.310635963 0.0
533.310635963 0.0
534.310635963 0.0
535.310635963 0.0
536.310635963 0.0
537.310635963 0.0
538.310635963 0.0
539.310635963 0.0
540.310635963 0.0
541.310635963 0.0
542.310635963 0.0
543.310635963 0.0
544.310635963 0.0
545.310635963 0.0
546.310635963 0.0
547.310635963 0.0
548.310635963 0.0
549.310635963 0.0
550.310635963 0.0
551.310635963 0.0
552.310635963 0.0
553.310635963 0.0
554.310635963 0.0
555.310635963 0.0
556.310635963 0.0
557.310635963 0.0
558.310635963 0.0
559.310635963 0.0
560.310635963 0.0
561.310635963 0.0
562.310635963 0.0
563.310635963 0.0
564.310635963 0.0
565.310635963 0.0
566.310635963 0.0
567.310635963 0.0
568.310635963 0.0
569.310635963 0.0
570.310635963 0.0
571.310635963 0.0
572.310635963 0.0
573.310635963 0.0
574.310635963 0.0
575.310635963 0.0
576.310635963 0.0
577.310635963 0.0
578.310635963 0.0
579.310635963 0.0
580.310635963 0.0
581.310635963 0.0
582.310635963 0.0
583.310635963 0.0
584.310635963 0.0
585.310635963 0.0
586.310635963 0.0
587.310635963 0.0
588.310635963 0.0
589.310635963 0.0
590.310635963 0.0
591.310635963 0.0
592.310635963 0.0
593.310635963 0.0
594.310635963 0.0
595.310635963 0.0
596.310635963 0.0
597.310635963 0.0
598.310635963 0.0
599.310635963 0.0
600.310635963 0.0
601.310635963 0.0
602.310635963 0.0
603.310635963 0.0
604.310635963 0.0
605.310635963 0.0
606.310635963 0.0
607.310635963 0.0
608.310635963 0.0
609.310635963 0.0
610.310635963 0.0
611.310635963 0.0
612.310635963 0.0
613.310635963 0.0
614.310635963 0.0
615.310635963 0.0
616.310635963 0.0
617.310635963 0.0
618.310635963 0.0
619.310635963 0.0
620.310635963 0.0
621.310635963 0.0
622.310635963 0.0
623.310635963 0.0
624.310635963 0.0
625.310635963 0.0
626.310635963 0.0
627.310635963 0.0
628.310635963 0.0
629.310635963 0.0
630.310635963 0.0
631.310635963 0.0
632.310635963 0.0
633.310635963 0.0
634.310635963 0.0
635.310635963 0.0
636.310635963 0.0
637.310635963 0.0
638.310635963 0.0
639.310635963 0.0
640.310635963 0.0
641.310635963 0.0
642.310635963 0.0
643.310635963 0.0
644.310635963 0.0
645.310635963 0.0
646.310635963 0.0
647.310635963 0.0
648.310635963 0.0
649.310635963 0.0
650.310635963 0.0
651.310635963 0.0
652.310635963 0.0
653.310635963 0.0
654.310635963 0.0
655.310635963 0.0
656.310635963 0.0
657.310635963 0.0
658.310635963 0.0
659.310635963 0.0
660.310635963 0.0
661.310635963 0.0
662.310635963 0.0
663.310635963 0.0
664.310635963 0.0
665.310635963 0.0
666.310635963 0.0
667.310635963 0.0
668.310635963 0.0
669.310635963 0.0
670.310635963 0.0
