-677.323420074 0.0
-676.323420074 0.0
-675.323420074 0.0
-674.323420074 0.0
-673.323420074 0.0
-672.323420074 0.0
-671.323420074 0.0
-670.323420074 0.0
-669.323420074 0.0
-668.323420074 0.0
-667.323420074 0.0
-666.323420074 0.0
-665.323420074 0.0
-664.323420074 0.0
-663.323420074 0.0
-662.323420074 0.0
-661.323420074 0.0
-660.323420074 0.0
-659.323420074 0.0
-658.323420074 0.0
-657.323420074 0.0
-656.323420074 0.0
-655.323420074 0.0
-654.323420074 0.0
-653.323420074 0.0
-652.323420074 0.0
-651.323420074 0.0
-650.323420074 0.0
-649.323420074 0.0
-648.323420074 0.0
-647.323420074 0.0
-646.323420074 0.0
-645.323420074 0.0
-644.323420074 0.0
-643.323420074 0.0
-642.323420074 0.0
-641.323420074 0.0
-640.323420074 0.0
-639.323420074 0.0
-638.323420074 0.0
-637.323420074 0.0
-636.323420074 0.0
-635.323420074 0.0
-634.323420074 0.0
-633.323420074 0.0
-632.323420074 0.0
-631.323420074 0.0
-630.323420074 0.0
-629.323420074 0.0
-628.323420074 0.0
-627.323420074 0.0
-626.323420074 0.0
-625.323420074 0.0
-624.323420074 0.0
-623.323420074 0.0
-622.323420074 0.0
-621.323420074 0.0
-620.323420074 0.0
-619.323420074 0.0
-618.323420074 0.0
-617.323420074 0.0
-616.323420074 0.0
-615.323420074 0.0
-614.323420074 0.0
-613.323420074 0.0
-612.323420074 0.0
-611.323420074 0.0
-610.323420074 0.0
-609.323420074 0.0
-608.323420074 0.0
-607.323420074 0.0
-606.323420074 0.0
-605.323420074 0.0
-604.323420074 0.0
-603.323420074 0.0
-602.323420074 0.0
-601.323420074 0.0
-600.323420074 0.0
-599.323420074 0.0
-598.323420074 0.0
-597.323420074 0.0
-596.323420074 0.0
-595.323420074 0.0
-594.323420074 0.0
-593.323420074 0.0
-592.323420074 0.0
-591.323420074 0.0
-590.323420074 0.0
-589.323420074 0.0
-588.323420074 0.0
-587.323420074 0.0
-586.323420074 0.0
-585.323420074 0.0
-584.323420074 0.0
-583.323420074 0.0
-582.323420074 0.0
-581.323420074 0.0
-580.323420074 0.0
-579.323420074 0.0
-578.323420074 0.0
-577.323420074 0.0
-576.323420074 0.0
-575.323420074 0.0
-574.323420074 0.0
-573.323420074 0.0
-572.323420074 0.0
-571.323420074 0.0
-570.323420074 0.0
-569.323420074 0.0
-568.323420074 0.0
-567.323420074 0.0
-566.323420074 0.0
-565.323420074 0.0
-564.323420074 0.0
-563.323420074 0.0
-562.323420074 0.0
-561.323420074 0.0
-560.323420074 0.0
-559.323420074 0.0
-558.323420074 0.0
-557.323420074 0.0
-556.323420074 0.0
-555.323420074 0.0
-554.323420074 0.0
-553.323420074 0.0
-552.323420074 0.0
-551.323420074 0.0
-550.323420074 0.0
-549.323420074 0.0
-548.323420074 0.0
-547.323420074 0.0
-546.323420074 0.0
-545.323420074 0.0
-544.323420074 0.0
-543.323420074 0.0
-542.323420074 0.0
-541.323420074 0.0
-540.323420074 0.0
-539.323420074 0.0
-538.323420074 0.0
-537.323420074 0.0
-536.323420074 0.0
-535.323420074 0.0
-534.323420074 0.0
-533.323420074 0.0
-532.323420074 0.0
-531.323420074 0.0
-530.323420074 0.0
-529.323420074 0.0
-528.323420074 0.0
-527.323420074 0.0
-526.323420074 0.0
-525.323420074 0.0
-524.323420074 0.0
-523.323420074 0.0
-522.323420074 0.0
-521.323420074 0.0
-520.323420074 0.0
-519.323420074 0.0
-518.323420074 0.0
-517.323420074 0.0
-516.323420074 0.0
-515.323420074 0.0
-514.323420074 0.0
-513.323420074 0.0
-512.323420074 0.0
-511.323420074 0.0
-510.323420074 0.0
-509.323420074 0.0
-508.323420074 0.0
-507.323420074 0.0
-506.323420074 0.0
-505.323420074 0.0
-504.323420074 0.0
-503.323420074 0.0
-502.323420074 0.0
-501.323420074 0.0
-500.323420074 0.0
-499.323420074 0.0
-498.323420074 0.0
-497.323420074 0.0
-496.323420074 0.0
-495.323420074 0.0
-494.323420074 0.0
-493.323420074 0.0
-492.323420074 0.0
-491.323420074 0.0
-490.323420074 0.0
-489.323420074 0.0
-488.323420074 0.0
-487.323420074 0.0
-486.323420074 0.0
-485.323420074 0.0
-484.323420074 0.0
-483.323420074 0.0
-482.323420074 0.0
-481.323420074 0.0
-480.323420074 0.0
-479.323420074 0.0
-478.323420074 0.0
-477.323420074 0.0
-476.323420074 0.0
-475.323420074 0.0
-474.323420074 0.0
-473.323420074 0.0
-472.323420074 0.0
-471.323420074 0.0
-470.323420074 0.0
-469.323420074 0.0
-468.323420074 0.0
-467.323420074 0.0
-466.323420074 0.0
-465.323420074 0.0
-464.323420074 0.0
-463.323420074 0.0
-462.323420074 0.0
-461.323420074 0.0
-460.323420074 0.0
-459.323420074 0.0
-458.323420074 0.0
-457.323420074 0.0
-456.323420074 0.0
-455.323420074 0.0
-454.323420074 0.0
-453.323420074 0.0
-452.323420074 0.0
-451.323420074 0.0
-450.323420074 0.0
-449.323420074 0.0
-448.323420074 0.0
-447.323420074 0.0
-446.323420074 0.0
-445.323420074 0.0
-444.323420074 0.0
-443.323420074 0.0
-442.323420074 0.0
-441.323420074 0.0
-440.323420074 0.0
-439.323420074 0.0
-438.323420074 0.0
-437.323420074 0.0
-436.323420074 0.0
-435.323420074 0.0
-434.323420074 0.0
-433.323420074 0.0
-432.323420074 0.0
-431.323420074 0.0
-430.323420074 0.0
-429.323420074 0.0
-428.323420074 0.0
-427.323420074 0.0
-426.323420074 0.0
-425.323420074 0.0
-424.323420074 0.0
-423.323420074 0.0
-422.323420074 0.0
-421.323420074 0.0
-420.323420074 0.0
-419.323420074 0.0
-418.323420074 0.0
-417.323420074 0.0
-416.323420074 0.0
-415.323420074 0.0
-414.323420074 0.0
-413.323420074 0.0
-412.323420074 0.0
-411.323420074 0.0
-410.323420074 0.0
-409.323420074 0.0
-408.323420074 0.0
-407.323420074 0.0
-406.323420074 0.0
-405.323420074 0.0
-404.323420074 0.0
-403.323420074 0.0
-402.323420074 0.0
-401.323420074 0.0
-400.323420074 0.0
-399.323420074 0.0
-398.323420074 0.0
-397.323420074 0.0
-396.323420074 0.0
-395.323420074 0.0
-394.323420074 0.0
-393.323420074 0.0
-392.323420074 0.0
-391.323420074 0.0
-390.323420074 0.0
-389.323420074 0.0
-388.323420074 0.0
-387.323420074 0.0
-386.323420074 0.0
-385.323420074 0.0
-384.323420074 0.0
-383.323420074 0.0
-382.323420074 0.0
-381.323420074 0.0
-380.323420074 0.0
-379.323420074 0.0
-378.323420074 0.0
-377.323420074 0.0
-376.323420074 0.0
-375.323420074 0.0
-374.323420074 0.0
-373.323420074 0.0
-372.323420074 0.0
-371.323420074 0.0
-370.323420074 0.0
-369.323420074 0.0
-368.323420074 0.0
-367.323420074 0.0
-366.323420074 0.0
-365.323420074 0.0
-364.323420074 0.0
-363.323420074 0.0
-362.323420074 0.0
-361.323420074 0.0
-360.323420074 0.0
-359.323420074 0.0
-358.323420074 0.0
-357.323420074 0.0
-356.323420074 0.0
-355.323420074 0.0
-354.323420074 0.0
-353.323420074 0.0
-352.323420074 0.0
-351.323420074 0.0
-350.323420074 0.0
-349.323420074 0.0
-348.323420074 0.0
-347.323420074 0.0
-346.323420074 0.0
-345.323420074 0.0
-344.323420074 0.0
-343.323420074 0.0
-342.323420074 0.0
-341.323420074 0.0
-340.323420074 0.0
-339.323420074 0.0
-338.323420074 0.0
-337.323420074 0.0
-336.323420074 0.0
-335.323420074 0.0
-334.323420074 0.0
-333.323420074 0.0
-332.323420074 0.0
-331.323420074 0.0
-330.323420074 0.0
-329.323420074 0.0
-328.323420074 0.0
-327.323420074 0.0
-326.323420074 0.0
-325.323420074 0.0
-324.323420074 0.0
-323.323420074 0.0
-322.323420074 0.0
-321.323420074 0.0
-320.323420074 0.0
-319.323420074 0.0
-318.323420074 0.0
-317.323420074 0.0
-316.323420074 0.0
-315.323420074 0.0
-314.323420074 0.0
-313.323420074 0.0
-312.323420074 0.0
-311.323420074 0.0
-310.323420074 0.0
-309.323420074 0.0
-308.323420074 0.0
-307.323420074 0.0
-306.323420074 0.0
-305.323420074 0.0
-304.323420074 0.0
-303.323420074 0.0
-302.323420074 0.0
-301.323420074 0.0
-300.323420074 0.0
-299.323420074 0.0
-298.323420074 0.0
-297.323420074 0.0
-296.323420074 0.0
-295.323420074 0.0
-294.323420074 0.0
-293.323420074 0.0
-292.323420074 0.0
-291.323420074 0.0
-290.323420074 0.0
-289.323420074 0.0
-288.323420074 0.0
-287.323420074 0.0
-286.323420074 0.0
-285.323420074 0.0
-284.323420074 0.0
-283.323420074 0.0
-282.323420074 0.0
-281.323420074 0.0
-280.323420074 0.0
-279.323420074 0.0
-278.323420074 0.0
-277.323420074 0.0
-276.323420074 0.0
-275.323420074 0.0
-274.323420074 0.0
-273.323420074 0.0
-272.323420074 0.0
-271.323420074 0.0
-270.323420074 0.0
-269.323420074 0.0
-268.323420074 0.0
-267.323420074 0.0
-266.323420074 0.0
-265.323420074 0.0
-264.323420074 0.0
-263.323420074 0.0
-262.323420074 0.0
-261.323420074 0.0
-260.323420074 0.0
-259.323420074 0.0
-258.323420074 0.0
-257.323420074 0.0
-256.323420074 0.0
-255.323420074 0.0
-254.323420074 0.0
-253.323420074 0.0
-252.323420074 0.0
-251.323420074 0.0
-250.323420074 0.0
-249.323420074 0.0
-248.323420074 0.0
-247.323420074 0.0
-246.323420074 0.0
-245.323420074 0.0
-244.323420074 0.0
-243.323420074 0.0
-242.323420074 0.0
-241.323420074 0.0
-240.323420074 0.0
-239.323420074 0.0
-238.323420074 0.0
-237.323420074 0.0
-236.323420074 0.0
-235.323420074 0.0
-234.323420074 0.0
-233.323420074 0.0
-232.323420074 0.0
-231.323420074 0.0
-230.323420074 0.0
-229.323420074 0.0
-228.323420074 0.0
-227.323420074 0.0
-226.323420074 0.0
-225.323420074 0.0
-224.323420074 0.0
-223.323420074 0.0
-222.323420074 0.0
-221.323420074 0.0
-220.323420074 0.0
-219.323420074 0.0
-218.323420074 0.0
-217.323420074 0.0
-216.323420074 0.0
-215.323420074 0.0
-214.323420074 0.0
-213.323420074 0.0
-212.323420074 0.0
-211.323420074 0.0
-210.323420074 0.0
-209.323420074 0.0
-208.323420074 0.0
-207.323420074 0.0
-206.323420074 0.0
-205.323420074 0.0
-204.323420074 0.0
-203.323420074 0.0
-202.323420074 0.0
-201.323420074 0.0
-200.323420074 0.0
-199.323420074 0.0
-198.323420074 0.0
-197.323420074 0.0
-196.323420074 0.0
-195.323420074 0.0
-194.323420074 0.0
-193.323420074 0.0
-192.323420074 0.0
-191.323420074 0.0
-190.323420074 0.0
-189.323420074 0.0
-188.323420074 0.0
-187.323420074 0.0
-186.323420074 0.0
-185.323420074 0.0
-184.323420074 0.0
-183.323420074 0.0
-182.323420074 0.0
-181.323420074 0.0
-180.323420074 0.0
-179.323420074 0.0
-178.323420074 0.0
-177.323420074 0.000000e+00
-176.579925651 0.000000e+00
-175.836431227 0.000000e+00
-175.092936803 0.000000e+00
-174.349442379 0.000000e+00
-173.605947955 0.000000e+00
-172.862453532 0.000000e+00
-172.118959108 0.000000e+00
-171.375464684 0.000000e+00
-170.63197026 0.000000e+00
-169.888475836 0.000000e+00
-169.144981413 0.000000e+00
-168.401486989 0.000000e+00
-167.657992565 0.000000e+00
-166.914498141 0.000000e+00
-166.171003717 0.000000e+00
-165.427509294 0.000000e+00
-164.68401487 0.000000e+00
-163.940520446 0.000000e+00
-163.197026022 0.000000e+00
-162.453531599 0.000000e+00
-161.710037175 0.000000e+00
-160.966542751 0.000000e+00
-160.223048327 0.000000e+00
-159.479553903 0.000000e+00
-158.73605948 0.000000e+00
-157.992565056 0.000000e+00
-157.249070632 0.000000e+00
-156.505576208 0.000000e+00
-155.762081784 0.000000e+00
-155.018587361 0.000000e+00
-154.275092937 0.000000e+00
-153.531598513 0.000000e+00
-152.788104089 0.000000e+00
-152.044609665 0.000000e+00
-151.301115242 0.000000e+00
-150.557620818 0.000000e+00
-149.814126394 0.000000e+00
-149.07063197 0.000000e+00
-148.327137546 0.000000e+00
-147.583643123 0.000000e+00
-146.840148699 0.000000e+00
-146.096654275 0.000000e+00
-145.353159851 0.000000e+00
-144.609665428 0.000000e+00
-143.866171004 0.000000e+00
-143.12267658 0.000000e+00
-142.379182156 0.000000e+00
-141.635687732 0.000000e+00
-140.892193309 0.000000e+00
-140.148698885 0.000000e+00
-139.405204461 0.000000e+00
-138.661710037 0.000000e+00
-137.918215613 0.000000e+00
-137.17472119 0.000000e+00
-136.431226766 0.000000e+00
-135.687732342 0.000000e+00
-134.944237918 0.000000e+00
-134.200743494 0.000000e+00
-133.457249071 0.000000e+00
-132.713754647 0.000000e+00
-131.970260223 0.000000e+00
-131.226765799 0.000000e+00
-130.483271375 0.000000e+00
-129.739776952 0.000000e+00
-128.996282528 0.000000e+00
-128.252788104 0.000000e+00
-127.50929368 0.000000e+00
-126.765799257 0.000000e+00
-126.022304833 0.000000e+00
-125.278810409 0.000000e+00
-124.535315985 0.000000e+00
-123.791821561 0.000000e+00
-123.048327138 0.000000e+00
-122.304832714 0.000000e+00
-121.56133829 0.000000e+00
-120.817843866 0.000000e+00
-120.074349442 0.000000e+00
-119.330855019 0.000000e+00
-118.587360595 0.000000e+00
-117.843866171 0.000000e+00
-117.100371747 0.000000e+00
-116.356877323 0.000000e+00
-115.6133829 0.000000e+00
-114.869888476 0.000000e+00
-114.126394052 0.000000e+00
-113.382899628 0.000000e+00
-112.639405204 0.000000e+00
-111.895910781 0.000000e+00
-111.152416357 0.000000e+00
-110.408921933 0.000000e+00
-109.665427509 0.000000e+00
-108.921933086 0.000000e+00
-108.178438662 0.000000e+00
-107.434944238 0.000000e+00
-106.691449814 0.000000e+00
-105.94795539 0.000000e+00
-105.204460967 0.000000e+00
-104.460966543 0.000000e+00
-103.717472119 0.000000e+00
-102.973977695 0.000000e+00
-102.230483271 0.000000e+00
-101.486988848 0.000000e+00
-100.743494424 0.000000e+00
-100.0 0.000000e+00
-99.2565055762 0.000000e+00
-98.5130111524 0.000000e+00
-97.7695167286 0.000000e+00
-97.0260223048 0.000000e+00
-96.282527881 0.000000e+00
-95.5390334572 0.000000e+00
-94.7955390335 0.000000e+00
-94.0520446097 0.000000e+00
-93.3085501859 0.000000e+00
-92.5650557621 0.000000e+00
-91.8215613383 0.000000e+00
-91.0780669145 0.000000e+00
-90.3345724907 0.000000e+00
-89.5910780669 0.000000e+00
-88.8475836431 0.000000e+00
-88.1040892193 0.000000e+00
-87.3605947955 0.000000e+00
-86.6171003717 0.000000e+00
-85.873605948 0.000000e+00
-85.1301115242 0.000000e+00
-84.3866171004 0.000000e+00
-83.6431226766 0.000000e+00
-82.8996282528 0.000000e+00
-82.156133829 0.000000e+00
-81.4126394052 0.000000e+00
-80.6691449814 0.000000e+00
-79.9256505576 0.000000e+00
-79.1821561338 0.000000e+00
-78.43866171 0.000000e+00
-77.6951672862 0.000000e+00
-76.9516728625 0.000000e+00
-76.2081784387 0.000000e+00
-75.4646840149 0.000000e+00
-74.7211895911 0.000000e+00
-73.9776951673 0.000000e+00
-73.2342007435 0.000000e+00
-72.4907063197 0.000000e+00
-71.7472118959 0.000000e+00
-71.0037174721 0.000000e+00
-70.2602230483 0.000000e+00
-69.5167286245 0.000000e+00
-68.7732342007 0.000000e+00
-68.029739777 0.000000e+00
-67.2862453532 0.000000e+00
-66.5427509294 0.000000e+00
-65.7992565056 0.000000e+00
-65.0557620818 0.000000e+00
-64.312267658 0.000000e+00
-63.5687732342 0.000000e+00
-62.8252788104 0.000000e+00
-62.0817843866 0.000000e+00
-61.3382899628 0.000000e+00
-60.594795539 0.000000e+00
-59.8513011152 0.000000e+00
-59.1078066914 0.000000e+00
-58.3643122677 0.000000e+00
-57.6208178439 0.000000e+00
-56.8773234201 0.000000e+00
-56.1338289963 0.000000e+00
-55.3903345725 0.000000e+00
-54.6468401487 0.000000e+00
-53.9033457249 0.000000e+00
-53.1598513011 0.000000e+00
-52.4163568773 0.000000e+00
-51.6728624535 0.000000e+00
-50.9293680297 0.000000e+00
-50.1858736059 0.000000e+00
-49.4423791822 0.000000e+00
-48.6988847584 0.000000e+00
-47.9553903346 0.000000e+00
-47.2118959108 0.000000e+00
-46.468401487 0.000000e+00
-45.7249070632 0.000000e+00
-44.9814126394 0.000000e+00
-44.2379182156 0.000000e+00
-43.4944237918 0.000000e+00
-42.750929368 0.000000e+00
-42.0074349442 0.000000e+00
-41.2639405204 0.000000e+00
-40.5204460967 0.000000e+00
-39.7769516729 0.000000e+00
-39.0334572491 0.000000e+00
-38.2899628253 0.000000e+00
-37.5464684015 0.000000e+00
-36.8029739777 0.000000e+00
-36.0594795539 0.000000e+00
-35.3159851301 0.000000e+00
-34.5724907063 0.000000e+00
-33.8289962825 0.000000e+00
-33.0855018587 0.000000e+00
-32.3420074349 0.000000e+00
-31.5985130112 0.000000e+00
-30.8550185874 0.000000e+00
-30.1115241636 0.000000e+00
-29.3680297398 0.000000e+00
-28.624535316 0.000000e+00
-27.8810408922 0.000000e+00
-27.1375464684 0.000000e+00
-26.3940520446 0.000000e+00
-25.6505576208 0.000000e+00
-24.907063197 0.000000e+00
-24.1635687732 0.000000e+00
-23.4200743494 0.000000e+00
-22.6765799257 0.000000e+00
-21.9330855019 0.000000e+00
-21.1895910781 0.000000e+00
-20.4460966543 0.000000e+00
-19.7026022305 0.000000e+00
-18.9591078067 0.000000e+00
-18.2156133829 0.000000e+00
-17.4721189591 0.000000e+00
-16.7286245353 0.000000e+00
-15.9851301115 0.000000e+00
-15.2416356877 0.000000e+00
-14.4981412639 0.000000e+00
-13.7546468401 0.000000e+00
-13.0111524164 0.000000e+00
-12.2676579926 0.000000e+00
-11.5241635688 0.000000e+00
-10.780669145 0.000000e+00
-10.0371747212 0.000000e+00
-9.2936802974 0.000000e+00
-8.55018587361 0.000000e+00
-7.80669144981 0.000000e+00
-7.06319702602 0.000000e+00
-6.31970260223 0.000000e+00
-5.57620817844 0.000000e+00
-4.83271375465 0.000000e+00
-4.08921933086 0.000000e+00
-3.34572490706 0.000000e+00
-2.60223048327 0.000000e+00
-1.85873605948 0.000000e+00
-1.11524163569 0.000000e+00
-0.371747211896 0.000000e+00
0.371747211896 0.000000e+00
1.11524163569 0.000000e+00
1.85873605948 0.000000e+00
2.60223048327 0.000000e+00
3.34572490706 0.000000e+00
4.08921933086 0.000000e+00
4.83271375465 0.000000e+00
5.57620817844 0.000000e+00
6.31970260223 0.000000e+00
7.06319702602 0.000000e+00
7.80669144981 0.000000e+00
8.55018587361 0.000000e+00
9.2936802974 0.000000e+00
10.0371747212 0.000000e+00
10.780669145 0.000000e+00
11.5241635688 0.000000e+00
12.2676579926 0.000000e+00
13.0111524164 0.000000e+00
13.7546468401 0.000000e+00
14.4981412639 0.000000e+00
15.2416356877 0.000000e+00
15.9851301115 0.000000e+00
16.7286245353 0.000000e+00
17.4721189591 0.000000e+00
18.2156133829 0.000000e+00
18.9591078067 0.000000e+00
19.7026022305 0.000000e+00
20.4460966543 0.000000e+00
21.1895910781 0.000000e+00
21.9330855019 0.000000e+00
22.6765799257 0.000000e+00
23.4200743494 0.000000e+00
24.1635687732 0.000000e+00
24.907063197 0.000000e+00
25.6505576208 0.000000e+00
26.3940520446 0.000000e+00
27.1375464684 0.000000e+00
27.8810408922 0.000000e+00
28.624535316 0.000000e+00
29.3680297398 0.000000e+00
30.1115241636 0.000000e+00
30.8550185874 0.000000e+00
31.5985130112 0.000000e+00
32.3420074349 0.000000e+00
33.0855018587 0.000000e+00
33.8289962825 0.000000e+00
34.5724907063 0.000000e+00
35.3159851301 0.000000e+00
36.0594795539 0.000000e+00
36.8029739777 0.000000e+00
37.5464684015 0.000000e+00
38.2899628253 0.000000e+00
39.0334572491 0.000000e+00
39.7769516729 0.000000e+00
40.5204460967 0.000000e+00
41.2639405204 0.000000e+00
42.0074349442 0.000000e+00
42.750929368 0.000000e+00
43.4944237918 0.000000e+00
44.2379182156 0.000000e+00
44.9814126394 0.000000e+00
45.7249070632 0.000000e+00
46.468401487 0.000000e+00
47.2118959108 0.000000e+00
47.9553903346 0.000000e+00
48.6988847584 0.000000e+00
49.4423791822 0.000000e+00
50.1858736059 0.000000e+00
50.9293680297 0.000000e+00
51.6728624535 0.000000e+00
52.4163568773 0.000000e+00
53.1598513011 0.000000e+00
53.9033457249 0.000000e+00
54.6468401487 0.000000e+00
55.3903345725 0.000000e+00
56.1338289963 0.000000e+00
56.8773234201 0.000000e+00
57.6208178439 0.000000e+00
58.3643122677 0.000000e+00
59.1078066914 0.000000e+00
59.8513011152 0.000000e+00
60.594795539 0.000000e+00
61.3382899628 0.000000e+00
62.0817843866 0.000000e+00
62.8252788104 0.000000e+00
63.5687732342 0.000000e+00
64.312267658 0.000000e+00
65.0557620818 0.000000e+00
65.7992565056 0.000000e+00
66.5427509294 0.000000e+00
67.2862453532 0.000000e+00
68.029739777 0.000000e+00
68.7732342007 0.000000e+00
69.5167286245 0.000000e+00
70.2602230483 0.000000e+00
71.0037174721 0.000000e+00
71.7472118959 0.000000e+00
72.4907063197 0.000000e+00
73.2342007435 0.000000e+00
73.9776951673 0.000000e+00
74.7211895911 0.000000e+00
75.4646840149 0.000000e+00
76.2081784387 0.000000e+00
76.9516728625 0.000000e+00
77.6951672862 0.000000e+00
78.43866171 0.000000e+00
79.1821561338 0.000000e+00
79.9256505576 0.000000e+00
80.6691449814 0.000000e+00
81.4126394052 0.000000e+00
82.156133829 0.000000e+00
82.8996282528 0.000000e+00
83.6431226766 0.000000e+00
84.3866171004 0.000000e+00
85.1301115242 0.000000e+00
85.873605948 0.000000e+00
86.6171003717 0.000000e+00
87.3605947955 0.000000e+00
88.1040892193 0.000000e+00
88.8475836431 0.000000e+00
89.5910780669 0.000000e+00
90.3345724907 0.000000e+00
91.0780669145 0.000000e+00
91.8215613383 0.000000e+00
92.5650557621 0.000000e+00
93.3085501859 0.000000e+00
94.0520446097 0.000000e+00
94.7955390335 0.000000e+00
95.5390334572 0.000000e+00
96.282527881 0.000000e+00
97.0260223048 0.000000e+00
97.7695167286 0.000000e+00
98.5130111524 0.000000e+00
99.2565055762 0.000000e+00
100.0 0.000000e+00
100.743494424 0.000000e+00
101.486988848 0.000000e+00
102.230483271 0.000000e+00
102.973977695 0.000000e+00
103.717472119 0.000000e+00
104.460966543 0.000000e+00
105.204460967 0.000000e+00
105.94795539 0.000000e+00
106.691449814 0.000000e+00
107.434944238 0.000000e+00
108.178438662 0.000000e+00
108.921933086 0.000000e+00
109.665427509 0.000000e+00
110.408921933 0.000000e+00
111.152416357 0.000000e+00
111.895910781 0.000000e+00
112.639405204 0.000000e+00
113.382899628 0.000000e+00
114.126394052 0.000000e+00
114.869888476 0.000000e+00
115.6133829 0.000000e+00
116.356877323 0.000000e+00
117.100371747 0.000000e+00
117.843866171 0.000000e+00
118.587360595 0.000000e+00
119.330855019 0.000000e+00
120.074349442 0.000000e+00
120.817843866 0.000000e+00
121.56133829 0.000000e+00
122.304832714 0.000000e+00
123.048327138 0.000000e+00
123.791821561 0.000000e+00
124.535315985 0.000000e+00
125.278810409 0.000000e+00
126.022304833 0.000000e+00
126.765799257 0.000000e+00
127.50929368 0.000000e+00
128.252788104 0.000000e+00
128.996282528 0.000000e+00
129.739776952 0.000000e+00
130.483271375 0.000000e+00
131.226765799 0.000000e+00
131.970260223 0.000000e+00
132.713754647 0.000000e+00
133.457249071 0.000000e+00
134.200743494 0.000000e+00
134.944237918 0.000000e+00
135.687732342 0.000000e+00
136.431226766 0.000000e+00
137.17472119 0.000000e+00
137.918215613 0.000000e+00
138.661710037 0.000000e+00
139.405204461 0.000000e+00
140.148698885 0.000000e+00
140.892193309 0.000000e+00
141.635687732 0.000000e+00
142.379182156 0.000000e+00
143.12267658 0.000000e+00
143.866171004 0.000000e+00
144.609665428 0.000000e+00
145.353159851 0.000000e+00
146.096654275 0.000000e+00
146.840148699 0.000000e+00
147.583643123 0.000000e+00
148.327137546 0.000000e+00
149.07063197 0.000000e+00
149.814126394 0.000000e+00
150.557620818 0.000000e+00
151.301115242 0.000000e+00
152.044609665 0.000000e+00
152.788104089 0.000000e+00
153.531598513 0.000000e+00
154.275092937 0.000000e+00
155.018587361 0.000000e+00
155.762081784 0.000000e+00
156.505576208 0.000000e+00
157.249070632 0.000000e+00
157.992565056 0.000000e+00
158.73605948 0.000000e+00
159.479553903 0.000000e+00
160.223048327 0.000000e+00
160.966542751 0.000000e+00
161.710037175 0.000000e+00
162.453531599 0.000000e+00
163.197026022 0.000000e+00
163.940520446 0.000000e+00
164.68401487 0.000000e+00
165.427509294 0.000000e+00
166.171003717 0.000000e+00
166.914498141 0.000000e+00
167.657992565 0.000000e+00
168.401486989 0.000000e+00
169.144981413 0.000000e+00
169.888475836 0.000000e+00
170.63197026 0.000000e+00
171.375464684 0.000000e+00
172.118959108 0.000000e+00
172.862453532 0.000000e+00
173.605947955 0.000000e+00
174.349442379 0.000000e+00
175.092936803 0.000000e+00
175.836431227 0.000000e+00
176.579925651 0.000000e+00
177.323420074 0.000000e+00
178.066914498 0.000000e+00
178.810408922 0.000000e+00
179.553903346 0.000000e+00
180.29739777 0.000000e+00
181.040892193 0.000000e+00
181.784386617 0.000000e+00
182.527881041 0.000000e+00
183.271375465 0.000000e+00
184.014869888 0.000000e+00
184.758364312 0.000000e+00
185.501858736 0.000000e+00
186.24535316 0.000000e+00
186.988847584 0.000000e+00
187.732342007 0.000000e+00
188.475836431 0.000000e+00
189.219330855 0.000000e+00
189.962825279 0.000000e+00
190.706319703 0.000000e+00
191.449814126 0.000000e+00
192.19330855 0.000000e+00
192.936802974 0.000000e+00
193.680297398 0.000000e+00
194.423791822 0.000000e+00
195.167286245 0.000000e+00
195.910780669 0.000000e+00
196.654275093 0.000000e+00
197.397769517 0.000000e+00
198.141263941 0.000000e+00
198.884758364 0.000000e+00
199.628252788 0.000000e+00
200.371747212 0.000000e+00
201.115241636 0.000000e+00
201.858736059 0.000000e+00
202.602230483 0.000000e+00
203.345724907 0.000000e+00
204.089219331 0.000000e+00
204.832713755 0.000000e+00
205.576208178 0.000000e+00
206.319702602 0.000000e+00
207.063197026 0.000000e+00
207.80669145 0.000000e+00
208.550185874 0.000000e+00
209.293680297 0.000000e+00
210.037174721 0.000000e+00
210.780669145 0.000000e+00
211.524163569 0.000000e+00
212.267657993 0.000000e+00
213.011152416 0.000000e+00
213.75464684 0.000000e+00
214.498141264 0.000000e+00
215.241635688 0.000000e+00
215.985130112 0.000000e+00
216.728624535 0.000000e+00
217.472118959 0.000000e+00
218.215613383 0.000000e+00
218.959107807 0.000000e+00
219.70260223 0.000000e+00
220.446096654 0.000000e+00
221.189591078 0.000000e+00
221.933085502 0.000000e+00
222.676579926 0.000000e+00
223.420074349 0.000000e+00
224.163568773 0.000000e+00
224.907063197 0.000000e+00
225.650557621 0.000000e+00
226.394052045 0.000000e+00
227.137546468 0.000000e+00
227.881040892 0.000000e+00
228.624535316 0.000000e+00
229.36802974 0.000000e+00
230.111524164 0.000000e+00
230.855018587 0.000000e+00
231.598513011 0.000000e+00
232.342007435 0.000000e+00
233.085501859 0.000000e+00
233.828996283 0.000000e+00
234.572490706 0.000000e+00
235.31598513 0.000000e+00
236.059479554 0.000000e+00
236.802973978 0.000000e+00
237.546468401 0.000000e+00
238.289962825 0.000000e+00
239.033457249 0.000000e+00
239.776951673 0.000000e+00
240.520446097 7.231430e-01
241.26394052 0.000000e+00
242.007434944 0.000000e+00
242.750929368 0.000000e+00
243.494423792 0.000000e+00
244.237918216 0.000000e+00
244.981412639 0.000000e+00
245.724907063 0.000000e+00
246.468401487 0.000000e+00
247.211895911 0.000000e+00
247.955390335 0.000000e+00
248.698884758 0.000000e+00
249.442379182 0.000000e+00
250.185873606 0.000000e+00
250.92936803 0.000000e+00
251.672862454 0.000000e+00
252.416356877 0.000000e+00
253.159851301 0.000000e+00
253.903345725 0.000000e+00
254.646840149 0.000000e+00
255.390334572 0.000000e+00
256.133828996 0.000000e+00
256.87732342 0.000000e+00
257.620817844 0.000000e+00
258.364312268 0.000000e+00
259.107806691 0.000000e+00
259.851301115 0.000000e+00
260.594795539 0.000000e+00
261.338289963 0.000000e+00
262.081784387 0.000000e+00
262.82527881 0.000000e+00
263.568773234 0.000000e+00
264.312267658 0.000000e+00
265.055762082 0.000000e+00
265.799256506 0.000000e+00
266.542750929 0.000000e+00
267.286245353 0.000000e+00
268.029739777 0.000000e+00
268.773234201 0.000000e+00
269.516728625 0.000000e+00
270.260223048 0.000000e+00
271.003717472 0.000000e+00
271.747211896 0.000000e+00
272.49070632 0.000000e+00
273.234200743 0.000000e+00
273.977695167 0.000000e+00
274.721189591 0.000000e+00
275.464684015 7.279163e-01
276.208178439 0.000000e+00
276.951672862 0.000000e+00
277.695167286 8.563644e-01
278.43866171 0.000000e+00
279.182156134 0.000000e+00
279.925650558 0.000000e+00
280.669144981 0.000000e+00
281.412639405 0.000000e+00
282.156133829 0.000000e+00
282.899628253 0.000000e+00
283.643122677 0.000000e+00
284.3866171 8.246846e-01
285.130111524 0.000000e+00
285.873605948 0.000000e+00
286.617100372 0.000000e+00
287.360594796 0.000000e+00
288.104089219 0.000000e+00
288.847583643 0.000000e+00
289.591078067 0.000000e+00
290.334572491 0.000000e+00
291.078066914 0.000000e+00
291.821561338 0.000000e+00
292.565055762 0.000000e+00
293.308550186 1.000000e+00
294.05204461 0.000000e+00
294.795539033 0.000000e+00
295.539033457 0.000000e+00
296.282527881 0.000000e+00
297.026022305 0.000000e+00
297.769516729 0.000000e+00
298.513011152 0.000000e+00
299.256505576 0.000000e+00
300.0 7.428078e-01
300.743494424 0.000000e+00
301.486988848 0.000000e+00
302.230483271 0.000000e+00
302.973977695 0.000000e+00
303.717472119 0.000000e+00
304.460966543 0.000000e+00
305.204460967 7.872976e-01
305.94795539 0.000000e+00
306.691449814 0.000000e+00
307.434944238 0.000000e+00
308.178438662 0.000000e+00
308.921933086 0.000000e+00
309.665427509 0.000000e+00
310.408921933 0.000000e+00
311.152416357 0.000000e+00
311.895910781 0.000000e+00
312.639405204 0.000000e+00
313.382899628 0.000000e+00
314.126394052 0.000000e+00
314.869888476 0.000000e+00
315.6133829 0.000000e+00
316.356877323 0.000000e+00
317.100371747 0.000000e+00
317.843866171 0.000000e+00
318.587360595 0.000000e+00
319.330855019 0.000000e+00
320.074349442 0.000000e+00
320.817843866 0.000000e+00
321.56133829 0.000000e+00
322.304832714 0.000000e+00
323.048327138 0.000000e+00
323.791821561 8.725398e-01
324.535315985 0.000000e+00
325.278810409 0.000000e+00
326.022304833 0.000000e+00
326.765799257 0.000000e+00
327.50929368 0.000000e+00
328.252788104 0.000000e+00
328.996282528 0.000000e+00
329.739776952 0.000000e+00
330.483271375 0.000000e+00
331.226765799 0.000000e+00
331.970260223 0.000000e+00
332.713754647 0.000000e+00
333.457249071 0.000000e+00
334.200743494 0.000000e+00
334.944237918 0.000000e+00
335.687732342 0.000000e+00
336.431226766 0.000000e+00
337.17472119 0.000000e+00
337.918215613 0.000000e+00
338.661710037 0.000000e+00
339.405204461 0.000000e+00
340.148698885 0.000000e+00
340.892193309 0.000000e+00
341.635687732 0.000000e+00
342.379182156 0.000000e+00
343.12267658 0.000000e+00
343.866171004 0.000000e+00
344.609665428 0.000000e+00
345.353159851 0.000000e+00
346.096654275 0.000000e+00
346.840148699 0.000000e+00
347.583643123 0.000000e+00
348.327137546 0.000000e+00
349.07063197 0.000000e+00
349.814126394 0.000000e+00
350.557620818 0.000000e+00
351.301115242 0.000000e+00
352.044609665 0.000000e+00
352.788104089 0.000000e+00
353.531598513 0.000000e+00
354.275092937 0.000000e+00
355.018587361 0.000000e+00
355.762081784 0.000000e+00
356.505576208 0.000000e+00
357.249070632 0.000000e+00
357.992565056 0.000000e+00
358.73605948 0.000000e+00
359.479553903 0.000000e+00
360.223048327 8.620214e-01
360.966542751 0.000000e+00
361.710037175 0.000000e+00
362.453531599 0.000000e+00
363.197026022 0.000000e+00
363.940520446 0.000000e+00
364.68401487 0.000000e+00
365.427509294 0.000000e+00
366.171003717 0.000000e+00
366.914498141 8.172897e-01
367.657992565 0.000000e+00
368.401486989 0.000000e+00
369.144981413 0.000000e+00
369.888475836 0.000000e+00
370.63197026 0.000000e+00
371.375464684 6.947925e-01
372.118959108 0.000000e+00
372.862453532 0.000000e+00
373.605947955 0.000000e+00
374.349442379 0.000000e+00
375.092936803 0.000000e+00
375.836431227 0.000000e+00
376.579925651 0.000000e+00
377.323420074 0.000000e+00
378.066914498 0.000000e+00
378.810408922 0.000000e+00
379.553903346 0.000000e+00
380.29739777 0.000000e+00
381.040892193 0.000000e+00
381.784386617 0.000000e+00
382.527881041 9.453668e-01
383.271375465 0.000000e+00
384.014869888 0.000000e+00
384.758364312 0.000000e+00
385.501858736 0.000000e+00
386.24535316 0.000000e+00
386.988847584 0.000000e+00
387.732342007 0.000000e+00
388.475836431 8.488454e-01
389.219330855 0.000000e+00
389.962825279 0.000000e+00
390.706319703 0.000000e+00
391.449814126 8.271338e-01
392.19330855 0.000000e+00
392.936802974 0.000000e+00
393.680297398 7.774756e-01
394.423791822 0.000000e+00
395.167286245 0.000000e+00
395.910780669 0.000000e+00
396.654275093 0.000000e+00
397.397769517 0.000000e+00
398.141263941 0.000000e+00
398.884758364 0.000000e+00
399.628252788 6.985862e-01
400.371747212 0.000000e+00
401.115241636 0.000000e+00
401.858736059 0.000000e+00
402.602230483 0.000000e+00
403.345724907 0.000000e+00
404.089219331 0.000000e+00
404.832713755 0.000000e+00
405.576208178 0.000000e+00
406.319702602 0.000000e+00
407.063197026 0.000000e+00
407.80669145 0.000000e+00
408.550185874 0.000000e+00
409.293680297 0.000000e+00
410.037174721 0.000000e+00
410.780669145 7.919035e-01
411.524163569 0.000000e+00
412.267657993 0.000000e+00
413.011152416 0.000000e+00
413.75464684 0.000000e+00
414.498141264 0.000000e+00
415.241635688 7.073553e-01
415.985130112 0.000000e+00
416.728624535 0.000000e+00
417.472118959 0.000000e+00
418.215613383 0.000000e+00
418.959107807 0.000000e+00
419.70260223 0.000000e+00
420.446096654 0.000000e+00
421.189591078 0.000000e+00
421.933085502 0.000000e+00
422.676579926 0.000000e+00
423.420074349 0.000000e+00
424.163568773 0.000000e+00
424.907063197 0.000000e+00
425.650557621 0.000000e+00
426.394052045 0.000000e+00
427.137546468 0.000000e+00
427.881040892 0.000000e+00
428.624535316 0.000000e+00
429.36802974 0.000000e+00
430.111524164 0.000000e+00
430.855018587 0.000000e+00
431.598513011 0.000000e+00
432.342007435 0.000000e+00
433.085501859 0.000000e+00
433.828996283 0.000000e+00
434.572490706 0.000000e+00
435.31598513 8.658836e-01
436.059479554 0.000000e+00
436.802973978 0.000000e+00
437.546468401 0.000000e+00
438.289962825 0.000000e+00
439.033457249 0.000000e+00
439.776951673 0.000000e+00
440.520446097 0.000000e+00
441.26394052 0.000000e+00
442.007434944 0.000000e+00
442.750929368 0.000000e+00
443.494423792 0.000000e+00
444.237918216 0.000000e+00
444.981412639 0.000000e+00
445.724907063 0.000000e+00
446.468401487 0.000000e+00
447.211895911 0.000000e+00
447.955390335 0.000000e+00
448.698884758 0.000000e+00
449.442379182 0.000000e+00
450.185873606 0.000000e+00
450.92936803 0.000000e+00
451.672862454 0.000000e+00
452.416356877 0.000000e+00
453.159851301 0.000000e+00
453.903345725 0.000000e+00
454.646840149 0.000000e+00
455.390334572 0.000000e+00
456.133828996 0.000000e+00
456.87732342 0.000000e+00
457.620817844 0.000000e+00
458.364312268 0.000000e+00
459.107806691 0.000000e+00
459.851301115 0.000000e+00
460.594795539 0.000000e+00
461.338289963 0.000000e+00
462.081784387 0.000000e+00
462.82527881 0.000000e+00
463.568773234 0.000000e+00
464.312267658 0.000000e+00
465.055762082 0.000000e+00
465.799256506 0.000000e+00
466.542750929 0.000000e+00
467.286245353 0.000000e+00
468.029739777 0.000000e+00
468.773234201 0.000000e+00
469.516728625 0.000000e+00
470.260223048 0.000000e+00
471.003717472 0.000000e+00
471.747211896 0.000000e+00
472.49070632 0.000000e+00
473.234200743 0.000000e+00
473.977695167 0.000000e+00
474.721189591 0.000000e+00
475.464684015 0.000000e+00
476.208178439 0.000000e+00
476.951672862 0.000000e+00
477.695167286 0.000000e+00
478.43866171 0.000000e+00
479.182156134 0.000000e+00
479.925650558 0.000000e+00
480.669144981 0.000000e+00
481.412639405 0.000000e+00
482.156133829 0.000000e+00
482.899628253 0.000000e+00
483.643122677 0.000000e+00
484.3866171 0.000000e+00
485.130111524 0.000000e+00
485.873605948 0.000000e+00
486.617100372 0.000000e+00
487.360594796 0.000000e+00
488.104089219 0.000000e+00
488.847583643 0.000000e+00
489.591078067 0.000000e+00
490.334572491 0.000000e+00
491.078066914 0.000000e+00
491.821561338 0.000000e+00
492.565055762 0.000000e+00
493.308550186 0.000000e+00
494.05204461 0.000000e+00
494.795539033 0.000000e+00
495.539033457 0.000000e+00
496.282527881 0.000000e+00
497.026022305 0.000000e+00
497.769516729 0.000000e+00
498.513011152 0.000000e+00
499.256505576 0.000000e+00
500.0 0.000000e+00
500.743494424 0.000000e+00
501.486988848 0.000000e+00
502.230483271 0.000000e+00
502.973977695 0.000000e+00
503.717472119 0.000000e+00
504.460966543 0.000000e+00
505.204460967 0.000000e+00
505.94795539 0.000000e+00
506.691449814 0.000000e+00
507.434944238 0.000000e+00
508.178438662 0.000000e+00
508.921933086 0.000000e+00
509.665427509 0.000000e+00
510.408921933 0.000000e+00
511.152416357 0.000000e+00
511.895910781 0.000000e+00
512.639405204 0.000000e+00
513.382899628 0.000000e+00
514.126394052 0.000000e+00
514.869888476 0.000000e+00
515.6133829 0.000000e+00
516.356877323 0.000000e+00
517.100371747 0.000000e+00
517.843866171 0.000000e+00
518.587360595 0.000000e+00
519.330855019 0.000000e+00
520.074349442 0.000000e+00
520.817843866 0.000000e+00
521.56133829 0.000000e+00
522.304832714 0.000000e+00
523.048327138 0.000000e+00
523.791821561 0.000000e+00
524.535315985 0.000000e+00
525.278810409 0.000000e+00
526.022304833 0.000000e+00
526.765799257 0.000000e+00
527.50929368 0.000000e+00
528.252788104 0.000000e+00
528.996282528 0.000000e+00
529.739776952 0.000000e+00
530.483271375 0.000000e+00
531.226765799 0.000000e+00
531.970260223 0.000000e+00
532.713754647 0.000000e+00
533.457249071 0.000000e+00
534.200743494 0.000000e+00
534.944237918 0.000000e+00
535.687732342 0.000000e+00
536.431226766 0.000000e+00
537.17472119 0.000000e+00
537.918215613 0.000000e+00
538.661710037 0.000000e+00
539.405204461 0.000000e+00
540.148698885 0.000000e+00
540.892193309 0.000000e+00
541.635687732 0.000000e+00
542.379182156 0.000000e+00
543.12267658 0.000000e+00
543.866171004 0.000000e+00
544.609665428 0.000000e+00
545.353159851 0.000000e+00
546.096654275 0.000000e+00
546.840148699 0.000000e+00
547.583643123 0.000000e+00
548.327137546 0.000000e+00
549.07063197 0.000000e+00
549.814126394 0.000000e+00
550.557620818 0.000000e+00
551.301115242 0.000000e+00
552.044609665 0.000000e+00
552.788104089 0.000000e+00
553.531598513 0.000000e+00
554.275092937 0.000000e+00
555.018587361 0.000000e+00
555.762081784 0.000000e+00
556.505576208 0.000000e+00
557.249070632 0.000000e+00
557.992565056 0.000000e+00
558.73605948 0.000000e+00
559.479553903 0.000000e+00
560.223048327 0.000000e+00
560.966542751 0.000000e+00
561.710037175 0.000000e+00
562.453531599 0.000000e+00
563.197026022 0.000000e+00
563.940520446 0.000000e+00
564.68401487 0.000000e+00
565.427509294 0.000000e+00
566.171003717 0.000000e+00
566.914498141 0.000000e+00
567.657992565 0.000000e+00
568.401486989 0.000000e+00
569.144981413 0.000000e+00
569.888475836 0.000000e+00
570.63197026 0.000000e+00
571.375464684 0.000000e+00
572.118959108 0.000000e+00
572.862453532 0.000000e+00
573.605947955 0.000000e+00
574.349442379 0.000000e+00
575.092936803 0.000000e+00
575.836431227 0.000000e+00
576.579925651 0.000000e+00
577.323420074 0.000000e+00
578.066914498 0.000000e+00
578.810408922 0.000000e+00
579.553903346 0.000000e+00
580.29739777 0.000000e+00
581.040892193 0.000000e+00
581.784386617 0.000000e+00
582.527881041 0.000000e+00
583.271375465 0.000000e+00
584.014869888 0.000000e+00
584.758364312 0.000000e+00
585.501858736 0.000000e+00
586.24535316 0.000000e+00
586.988847584 0.000000e+00
587.732342007 0.000000e+00
588.475836431 0.000000e+00
589.219330855 0.000000e+00
589.962825279 0.000000e+00
590.706319703 0.000000e+00
591.449814126 0.000000e+00
592.19330855 0.000000e+00
592.936802974 0.000000e+00
593.680297398 0.000000e+00
594.423791822 0.000000e+00
595.167286245 0.000000e+00
595.910780669 0.000000e+00
596.654275093 0.000000e+00
597.397769517 0.000000e+00
598.141263941 0.000000e+00
598.884758364 0.000000e+00
599.628252788 0.000000e+00
600.371747212 0.000000e+00
601.115241636 0.000000e+00
601.858736059 0.000000e+00
602.602230483 0.000000e+00
603.345724907 0.000000e+00
604.089219331 0.000000e+00
604.832713755 0.000000e+00
605.576208178 0.000000e+00
606.319702602 0.000000e+00
607.063197026 0.000000e+00
607.80669145 0.000000e+00
608.550185874 0.000000e+00
609.293680297 0.000000e+00
610.037174721 0.000000e+00
610.780669145 0.000000e+00
611.524163569 0.000000e+00
612.267657993 0.000000e+00
613.011152416 0.000000e+00
613.75464684 0.000000e+00
614.498141264 0.000000e+00
615.241635688 0.000000e+00
615.985130112 0.000000e+00
616.728624535 0.000000e+00
617.472118959 0.000000e+00
618.215613383 0.000000e+00
618.959107807 0.000000e+00
619.70260223 0.000000e+00
620.446096654 0.000000e+00
621.189591078 0.000000e+00
621.933085502 0.000000e+00
622.676579926 0.000000e+00
623.420074349 0.000000e+00
624.163568773 0.000000e+00
624.907063197 0.000000e+00
625.650557621 0.000000e+00
626.394052045 0.000000e+00
627.137546468 0.000000e+00
627.881040892 0.000000e+00
628.624535316 0.000000e+00
629.36802974 0.000000e+00
630.111524164 0.000000e+00
630.855018587 0.000000e+00
631.598513011 0.000000e+00
632.342007435 0.000000e+00
633.085501859 0.000000e+00
633.828996283 0.000000e+00
634.572490706 0.000000e+00
635.31598513 0.000000e+00
636.059479554 0.000000e+00
636.802973978 0.000000e+00
637.546468401 0.000000e+00
638.289962825 0.000000e+00
639.033457249 0.000000e+00
639.776951673 0.000000e+00
640.520446097 0.000000e+00
641.26394052 0.000000e+00
642.007434944 0.000000e+00
642.750929368 0.000000e+00
643.494423792 0.000000e+00
644.237918216 0.000000e+00
644.981412639 0.000000e+00
645.724907063 0.000000e+00
646.468401487 0.000000e+00
647.211895911 0.000000e+00
647.955390335 0.000000e+00
648.698884758 0.000000e+00
649.442379182 0.000000e+00
650.185873606 0.000000e+00
650.92936803 0.000000e+00
651.672862454 0.000000e+00
652.416356877 0.000000e+00
653.159851301 0.000000e+00
653.903345725 0.000000e+00
654.646840149 0.000000e+00
655.390334572 0.000000e+00
656.133828996 0.000000e+00
656.87732342 0.000000e+00
657.620817844 0.000000e+00
658.364312268 0.000000e+00
659.107806691 0.000000e+00
659.851301115 0.000000e+00
660.594795539 0.000000e+00
661.338289963 0.000000e+00
662.081784387 0.000000e+00
662.82527881 0.000000e+00
663.568773234 0.000000e+00
664.312267658 0.000000e+00
665.055762082 0.000000e+00
665.799256506 0.000000e+00
666.542750929 0.000000e+00
667.286245353 0.000000e+00
668.029739777 0.000000e+00
668.773234201 0.000000e+00
669.516728625 0.000000e+00
670.260223048 0.000000e+00
671.003717472 0.000000e+00
671.747211896 0.000000e+00
672.49070632 0.000000e+00
673.234200743 0.000000e+00
673.977695167 0.000000e+00
674.721189591 0.000000e+00
675.464684015 0.000000e+00
676.208178439 0.000000e+00
676.951672862 0.000000e+00
677.695167286 0.000000e+00
678.43866171 0.000000e+00
679.182156134 0.000000e+00
679.925650558 0.000000e+00
680.669144981 0.000000e+00
681.412639405 0.000000e+00
682.156133829 0.000000e+00
682.899628253 0.000000e+00
683.643122677 0.000000e+00
684.3866171 0.000000e+00
685.130111524 0.000000e+00
685.873605948 0.000000e+00
686.617100372 0.000000e+00
687.360594796 0.000000e+00
688.104089219 0.000000e+00
688.847583643 0.000000e+00
689.591078067 0.000000e+00
690.334572491 0.000000e+00
691.078066914 0.000000e+00
691.821561338 0.000000e+00
692.565055762 0.000000e+00
693.308550186 0.000000e+00
694.05204461 0.000000e+00
694.795539033 0.000000e+00
695.539033457 0.000000e+00
696.282527881 0.000000e+00
697.026022305 0.000000e+00
697.769516729 0.000000e+00
698.513011152 0.000000e+00
699.256505576 0.000000e+00
700.0 0.000000e+00
700.743494424 0.000000e+00
701.486988848 0.000000e+00
702.230483271 0.000000e+00
702.973977695 0.000000e+00
703.717472119 0.000000e+00
704.460966543 0.000000e+00
705.204460967 0.000000e+00
705.94795539 0.000000e+00
706.691449814 0.000000e+00
707.434944238 0.000000e+00
708.178438662 0.000000e+00
708.921933086 0.000000e+00
709.665427509 0.000000e+00
710.408921933 0.000000e+00
711.152416357 0.000000e+00
711.895910781 0.000000e+00
712.639405204 0.000000e+00
713.382899628 0.000000e+00
714.126394052 0.000000e+00
714.869888476 0.000000e+00
715.6133829 0.000000e+00
716.6133829 0.0
717.6133829 0.0
718.6133829 0.0
719.6133829 0.0
720.6133829 0.0
721.6133829 0.0
722.6133829 0.0
723.6133829 0.0
724.6133829 0.0
725.6133829 0.0
726.6133829 0.0
727.6133829 0.0
728.6133829 0.0
729.6133829 0.0
730.6133829 0.0
731.6133829 0.0
732.6133829 0.0
733.6133829 0.0
734.6133829 0.0
735.6133829 0.0
736.6133829 0.0
737.6133829 0.0
738.6133829 0.0
739.6133829 0.0
740.6133829 0.0
741.6133829 0.0
742.6133829 0.0
743.6133829 0.0
744.6133829 0.0
745.6133829 0.0
746.6133829 0.0
747.6133829 0.0
748.6133829 0.0
749.6133829 0.0
750.6133829 0.0
751.6133829 0.0
752.6133829 0.0
753.6133829 0.0
754.6133829 0.0
755.6133829 0.0
756.6133829 0.0
757.6133829 0.0
758.6133829 0.0
759.6133829 0.0
760.6133829 0.0
761.6133829 0.0
762.6133829 0.0
763.6133829 0.0
764.6133829 0.0
765.6133829 0.0
766.6133829 0.0
767.6133829 0.0
768.6133829 0.0
769.6133829 0.0
770.6133829 0.0
771.6133829 0.0
772.6133829 0.0
773.6133829 0.0
774.6133829 0.0
775.6133829 0.0
776.6133829 0.0
777.6133829 0.0
778.6133829 0.0
779.6133829 0.0
780.6133829 0.0
781.6133829 0.0
782.6133829 0.0
783.6133829 0.0
784.6133829 0.0
785.6133829 0.0
786.6133829 0.0
787.6133829 0.0
788.6133829 0.0
789.6133829 0.0
790.6133829 0.0
791.6133829 0.0
792.6133829 0.0
793.6133829 0.0
794.6133829 0.0
795.6133829 0.0
796.6133829 0.0
797.6133829 0.0
798.6133829 0.0
799.6133829 0.0
800.6133829 0.0
801.6133829 0.0
802.6133829 0.0
803.6133829 0.0
804.6133829 0.0
805.6133829 0.0
806.6133829 0.0
807.6133829 0.0
808.6133829 0.0
809.6133829 0.0
810.6133829 0.0
811.6133829 0.0
812.6133829 0.0
813.6133829 0.0
814.6133829 0.0
815.6133829 0.0
816.6133829 0.0
817.6133829 0.0
818.6133829 0.0
819.6133829 0.0
820.6133829 0.0
821.6133829 0.0
822.6133829 0.0
823.6133829 0.0
824.6133829 0.0
825.6133829 0.0
826.6133829 0.0
827.6133829 0.0
828.6133829 0.0
829.6133829 0.0
830.6133829 0.0
831.6133829 0.0
832.6133829 0.0
833.6133829 0.0
834.6133829 0.0
835.6133829 0.0
836.6133829 0.0
837.6133829 0.0
838.6133829 0.0
839.6133829 0.0
840.6133829 0.0
841.6133829 0.0
842.6133829 0.0
843.6133829 0.0
844.6133829 0.0
845.6133829 0.0
846.6133829 0.0
847.6133829 0.0
848.6133829 0.0
849.6133829 0.0
850.6133829 0.0
851.6133829 0.0
852.6133829 0.0
853.6133829 0.0
854.6133829 0.0
855.6133829 0.0
856.6133829 0.0
857.6133829 0.0
858.6133829 0.0
859.6133829 0.0
860.6133829 0.0
861.6133829 0.0
862.6133829 0.0
863.6133829 0.0
864.6133829 0.0
865.6133829 0.0
866.6133829 0.0
867.6133829 0.0
868.6133829 0.0
869.6133829 0.0
870.6133829 0.0
871.6133829 0.0
872.6133829 0.0
873.6133829 0.0
874.6133829 0.0
875.6133829 0.0
876.6133829 0.0
877.6133829 0.0
878.6133829 0.0
879.6133829 0.0
880.6133829 0.0
881.6133829 0.0
882.6133829 0.0
883.6133829 0.0
884.6133829 0.0
885.6133829 0.0
886.6133829 0.0
887.6133829 0.0
888.6133829 0.0
889.6133829 0.0
890.6133829 0.0
891.6133829 0.0
892.6133829 0.0
893.6133829 0.0
894.6133829 0.0
895.6133829 0.0
896.6133829 0.0
897.6133829 0.0
898.6133829 0.0
899.6133829 0.0
900.6133829 0.0
901.6133829 0.0
902.6133829 0.0
903.6133829 0.0
904.6133829 0.0
905.6133829 0.0
906.6133829 0.0
907.6133829 0.0
908.6133829 0.0
909.6133829 0.0
910.6133829 0.0
911.6133829 0.0
912.6133829 0.0
913.6133829 0.0
914.6133829 0.0
915.6133829 0.0
916.6133829 0.0
917.6133829 0.0
918.6133829 0.0
919.6133829 0.0
920.6133829 0.0
921.6133829 0.0
922.6133829 0.0
923.6133829 0.0
924.6133829 0.0
925.6133829 0.0
926.6133829 0.0
927.6133829 0.0
928.6133829 0.0
929.6133829 0.0
930.6133829 0.0
931.6133829 0.0
932.6133829 0.0
933.6133829 0.0
934.6133829 0.0
935.6133829 0.0
936.6133829 0.0
937.6133829 0.0
938.6133829 0.0
939.6133829 0.0
940.6133829 0.0
941.6133829 0.0
942.6133829 0.0
943.6133829 0.0
944.6133829 0.0
945.6133829 0.0
946.6133829 0.0
947.6133829 0.0
948.6133829 0.0
949.6133829 0.0
950.6133829 0.0
951.6133829 0.0
952.6133829 0.0
953.6133829 0.0
954.6133829 0.0
955.6133829 0.0
956.6133829 0.0
957.6133829 0.0
958.6133829 0.0
959.6133829 0.0
960.6133829 0.0
961.6133829 0.0
962.6133829 0.0
963.6133829 0.0
964.6133829 0.0
965.6133829 0.0
966.6133829 0.0
967.6133829 0.0
968.6133829 0.0
969.6133829 0.0
970.6133829 0.0
971.6133829 0.0
972.6133829 0.0
973.6133829 0.0
974.6133829 0.0
975.6133829 0.0
976.6133829 0.0
977.6133829 0.0
978.6133829 0.0
979.6133829 0.0
980.6133829 0.0
981.6133829 0.0
982.6133829 0.0
983.6133829 0.0
984.6133829 0.0
985.6133829 0.0
986.6133829 0.0
987.6133829 0.0
988.6133829 0.0
989.6133829 0.0
990.6133829 0.0
991.6133829 0.0
992.6133829 0.0
993.6133829 0.0
994.6133829 0.0
995.6133829 0.0
996.6133829 0.0
997.6133829 0.0
998.6133829 0.0
999.6133829 0.0
1000.6133829 0.0
1001.6133829 0.0
1002.6133829 0.0
1003.6133829 0.0
1004.6133829 0.0
1005.6133829 0.0
1006.6133829 0.0
1007.6133829 0.0
1008.6133829 0.0
1009.6133829 0.0
1010.6133829 0.0
1011.6133829 0.0
1012.6133829 0.0
1013.6133829 0.0
1014.6133829 0.0
1015.6133829 0.0
1016.6133829 0.0
1017.6133829 0.0
1018.6133829 0.0
1019.6133829 0.0
1020.6133829 0.0
1021.6133829 0.0
1022.6133829 0.0
1023.6133829 0.0
1024.6133829 0.0
1025.6133829 0.0
1026.6133829 0.0
1027.6133829 0.0
1028.6133829 0.0
1029.6133829 0.0
1030.6133829 0.0
1031.6133829 0.0
1032.6133829 0.0
1033.6133829 0.0
1034.6133829 0.0
1035.6133829 0.0
1036.6133829 0.0
1037.6133829 0.0
1038.6133829 0.0
1039.6133829 0.0
1040.6133829 0.0
1041.6133829 0.0
1042.6133829 0.0
1043.6133829 0.0
1044.6133829 0.0
1045.6133829 0.0
1046.6133829 0.0
1047.6133829 0.0
1048.6133829 0.0
1049.6133829 0.0
1050.6133829 0.0
1051.6133829 0.0
1052.6133829 0.0
1053.6133829 0.0
1054.6133829 0.0
1055.6133829 0.0
1056.6133829 0.0
1057.6133829 0.0
1058.6133829 0.0
1059.6133829 0.0
1060.6133829 0.0
1061.6133829 0.0
1062.6133829 0.0
1063.6133829 0.0
1064.6133829 0.0
1065.6133829 0.0
1066.6133829 0.0
1067.6133829 0.0
1068.6133829 0.0
1069.6133829 0.0
1070.6133829 0.0
1071.6133829 0.0
1072.6133829 0.0
1073.6133829 0.0
1074.6133829 0.0
1075.6133829 0.0
1076.6133829 0.0
1077.6133829 0.0
1078.6133829 0.0
1079.6133829 0.0
1080.6133829 0.0
1081.6133829 0.0
1082.6133829 0.0
1083.6133829 0.0
1084.6133829 0.0
1085.6133829 0.0
1086.6133829 0.0
1087.6133829 0.0
1088.6133829 0.0
1089.6133829 0.0
1090.6133829 0.0
1091.6133829 0.0
1092.6133829 0.0
1093.6133829 0.0
1094.6133829 0.0
1095.6133829 0.0
1096.6133829 0.0
1097.6133829 0.0
1098.6133829 0.0
1099.6133829 0.0
1100.6133829 0.0
1101.6133829 0.0
1102.6133829 0.0
1103.6133829 0.0
1104.6133829 0.0
1105.6133829 0.0
1106.6133829 0.0
1107.6133829 0.0
1108.6133829 0.0
1109.6133829 0.0
1110.6133829 0.0
1111.6133829 0.0
1112.6133829 0.0
1113.6133829 0.0
1114.6133829 0.0
1115.6133829 0.0
1116.6133829 0.0
1117.6133829 0.0
1118.6133829 0.0
1119.6133829 0.0
1120.6133829 0.0
1121.6133829 0.0
1122.6133829 0.0
1123.6133829 0.0
1124.6133829 0.0
1125.6133829 0.0
1126.6133829 0.0
1127.6133829 0.0
1128.6133829 0.0
1129.6133829 0.0
1130.6133829 0.0
1131.6133829 0.0
1132.6133829 0.0
1133.6133829 0.0
1134.6133829 0.0
1135.6133829 0.0
1136.6133829 0.0
1137.6133829 0.0
1138.6133829 0.0
1139.6133829 0.0
1140.6133829 0.0
1141.6133829 0.0
1142.6133829 0.0
1143.6133829 0.0
1144.6133829 0.0
1145.6133829 0.0
1146.6133829 0.0
1147.6133829 0.0
1148.6133829 0.0
1149.6133829 0.0
1150.6133829 0.0
1151.6133829 0.0
1152.6133829 0.0
1153.6133829 0.0
1154.6133829 0.0
1155.6133829 0.0
1156.6133829 0.0
1157.6133829 0.0
1158.6133829 0.0
1159.6133829 0.0
1160.6133829 0.0
1161.6133829 0.0
1162.6133829 0.0
1163.6133829 0.0
1164.6133829 0.0
1165.6133829 0.0
1166.6133829 0.0
1167.6133829 0.0
1168.6133829 0.0
1169.6133829 0.0
1170.6133829 0.0
1171.6133829 0.0
1172.6133829 0.0
1173.6133829 0.0
1174.6133829 0.0
1175.6133829 0.0
1176.6133829 0.0
1177.6133829 0.0
1178.6133829 0.0
1179.6133829 0.0
1180.6133829 0.0
1181.6133829 0.0
1182.6133829 0.0
1183.6133829 0.0
1184.6133829 0.0
1185.6133829 0.0
1186.6133829 0.0
1187.6133829 0.0
1188.6133829 0.0
1189.6133829 0.0
1190.6133829 0.0
1191.6133829 0.0
1192.6133829 0.0
1193.6133829 0.0
1194.6133829 0.0
1195.6133829 0.0
1196.6133829 0.0
1197.6133829 0.0
1198.6133829 0.0
1199.6133829 0.0
1200.6133829 0.0
1201.6133829 0.0
1202.6133829 0.0
1203.6133829 0.0
1204.6133829 0.0
1205.6133829 0.0
1206.6133829 0.0
1207.6133829 0.0
1208.6133829 0.0
1209.6133829 0.0
1210.6133829 0.0
1211.6133829 0.0
1212.6133829 0.0
1213.6133829 0.0
1214.6133829 0.0
1215.6133829 0.0
