-525.759395248 0.0
-524.759395248 0.0
-523.759395248 0.0
-522.759395248 0.0
-521.759395248 0.0
-520.759395248 0.0
-519.759395248 0.0
-518.759395248 0.0
-517.759395248 0.0
-516.759395248 0.0
-515.759395248 0.0
-514.759395248 0.0
-513.759395248 0.0
-512.759395248 0.0
-511.759395248 0.0
-510.759395248 0.0
-509.759395248 0.0
-508.759395248 0.0
-507.759395248 0.0
-506.759395248 0.0
-505.759395248 0.0
-504.759395248 0.0
-503.759395248 0.0
-502.759395248 0.0
-501.759395248 0.0
-500.759395248 0.0
-499.759395248 0.0
-498.759395248 0.0
-497.759395248 0.0
-496.759395248 0.0
-495.759395248 0.0
-494.759395248 0.0
-493.759395248 0.0
-492.759395248 0.0
-491.759395248 0.0
-490.759395248 0.0
-489.759395248 0.0
-488.759395248 0.0
-487.759395248 0.0
-486.759395248 0.0
-485.759395248 0.0
-484.759395248 0.0
-483.759395248 0.0
-482.759395248 0.0
-481.759395248 0.0
-480.759395248 0.0
-479.759395248 0.0
-478.759395248 0.0
-477.759395248 0.0
-476.759395248 0.0
-475.759395248 0.0
-474.759395248 0.0
-473.759395248 0.0
-472.759395248 0.0
-471.759395248 0.0
-470.759395248 0.0
-469.759395248 0.0
-468.759395248 0.0
-467.759395248 0.0
-466.759395248 0.0
-465.759395248 0.0
-464.759395248 0.0
-463.759395248 0.0
-462.759395248 0.0
-461.759395248 0.0
-460.759395248 0.0
-459.759395248 0.0
-458.759395248 0.0
-457.759395248 0.0
-456.759395248 0.0
-455.759395248 0.0
-454.759395248 0.0
-453.759395248 0.0
-452.759395248 0.0
-451.759395248 0.0
-450.759395248 0.0
-449.759395248 0.0
-448.759395248 0.0
-447.759395248 0.0
-446.759395248 0.0
-445.759395248 0.0
-444.759395248 0.0
-443.759395248 0.0
-442.759395248 0.0
-441.759395248 0.0
-440.759395248 0.0
-439.759395248 0.0
-438.759395248 0.0
-437.759395248 0.0
-436.759395248 0.0
-435.759395248 0.0
-434.759395248 0.0
-433.759395248 0.0
-432.759395248 0.0
-431.759395248 0.0
-430.759395248 0.0
-429.759395248 0.0
-428.759395248 0.0
-427.759395248 0.0
-426.759395248 0.0
-425.759395248 0.0
-424.759395248 0.0
-423.759395248 0.0
-422.759395248 0.0
-421.759395248 0.0
-420.759395248 0.0
-419.759395248 0.0
-418.759395248 0.0
-417.759395248 0.0
-416.759395248 0.0
-415.759395248 0.0
-414.759395248 0.0
-413.759395248 0.0
-412.759395248 0.0
-411.759395248 0.0
-410.759395248 0.0
-409.759395248 0.0
-408.759395248 0.0
-407.759395248 0.0
-406.759395248 0.0
-405.759395248 0.0
-404.759395248 0.0
-403.759395248 0.0
-402.759395248 0.0
-401.759395248 0.0
-400.759395248 0.0
-399.759395248 0.0
-398.759395248 0.0
-397.759395248 0.0
-396.759395248 0.0
-395.759395248 0.0
-394.759395248 0.0
-393.759395248 0.0
-392.759395248 0.0
-391.759395248 0.0
-390.759395248 0.0
-389.759395248 0.0
-388.759395248 0.0
-387.759395248 0.0
-386.759395248 0.0
-385.759395248 0.0
-384.759395248 0.0
-383.759395248 0.0
-382.759395248 0.0
-381.759395248 0.0
-380.759395248 0.0
-379.759395248 0.0
-378.759395248 0.0
-377.759395248 0.0
-376.759395248 0.0
-375.759395248 0.0
-374.759395248 0.0
-373.759395248 0.0
-372.759395248 0.0
-371.759395248 0.0
-370.759395248 0.0
-369.759395248 0.0
-368.759395248 0.0
-367.759395248 0.0
-366.759395248 0.0
-365.759395248 0.0
-364.759395248 0.0
-363.759395248 0.0
-362.759395248 0.0
-361.759395248 0.0
-360.759395248 0.0
-359.759395248 0.0
-358.759395248 0.0
-357.759395248 0.0
-356.759395248 0.0
-355.759395248 0.0
-354.759395248 0.0
-353.759395248 0.0
-352.759395248 0.0
-351.759395248 0.0
-350.759395248 0.0
-349.759395248 0.0
-348.759395248 0.0
-347.759395248 0.0
-346.759395248 0.0
-345.759395248 0.0
-344.759395248 0.0
-343.759395248 0.0
-342.759395248 0.0
-341.759395248 0.0
-340.759395248 0.0
-339.759395248 0.0
-338.759395248 0.0
-337.759395248 0.0
-336.759395248 0.0
-335.759395248 0.0
-334.759395248 0.0
-333.759395248 0.0
-332.759395248 0.0
-331.759395248 0.0
-330.759395248 0.0
-329.759395248 0.0
-328.759395248 0.0
-327.759395248 0.0
-326.759395248 0.0
-325.759395248 0.0
-324.759395248 0.0
-323.759395248 0.0
-322.759395248 0.0
-321.759395248 0.0
-320.759395248 0.0
-319.759395248 0.0
-318.759395248 0.0
-317.759395248 0.0
-316.759395248 0.0
-315.759395248 0.0
-314.759395248 0.0
-313.759395248 0.0
-312.759395248 0.0
-311.759395248 0.0
-310.759395248 0.0
-309.759395248 0.0
-308.759395248 0.0
-307.759395248 0.0
-306.759395248 0.0
-305.759395248 0.0
-304.759395248 0.0
-303.759395248 0.0
-302.759395248 0.0
-301.759395248 0.0
-300.759395248 0.0
-299.759395248 0.0
-298.759395248 0.0
-297.759395248 0.0
-296.759395248 0.0
-295.759395248 0.0
-294.759395248 0.0
-293.759395248 0.0
-292.759395248 0.0
-291.759395248 0.0
-290.759395248 0.0
-289.759395248 0.0
-288.759395248 0.0
-287.759395248 0.0
-286.759395248 0.0
-285.759395248 0.0
-284.759395248 0.0
-283.759395248 0.0
-282.759395248 0.0
-281.759395248 0.0
-280.759395248 0.0
-279.759395248 0.0
-278.759395248 0.0
-277.759395248 0.0
-276.759395248 0.0
-275.759395248 0.0
-274.759395248 0.0
-273.759395248 0.0
-272.759395248 0.0
-271.759395248 0.0
-270.759395248 0.0
-269.759395248 0.0
-268.759395248 0.0
-267.759395248 0.0
-266.759395248 0.0
-265.759395248 0.0
-264.759395248 0.0
-263.759395248 0.0
-262.759395248 0.0
-261.759395248 0.0
-260.759395248 0.0
-259.759395248 0.0
-258.759395248 0.0
-257.759395248 0.0
-256.759395248 0.0
-255.759395248 0.0
-254.759395248 0.0
-253.759395248 0.0
-252.759395248 0.0
-251.759395248 0.0
-250.759395248 0.0
-249.759395248 0.0
-248.759395248 0.0
-247.759395248 0.0
-246.759395248 0.0
-245.759395248 0.0
-244.759395248 0.0
-243.759395248 0.0
-242.759395248 0.0
-241.759395248 0.0
-240.759395248 0.0
-239.759395248 0.0
-238.759395248 0.0
-237.759395248 0.0
-236.759395248 0.0
-235.759395248 0.0
-234.759395248 0.0
-233.759395248 0.0
-232.759395248 0.0
-231.759395248 0.0
-230.759395248 0.0
-229.759395248 0.0
-228.759395248 0.0
-227.759395248 0.0
-226.759395248 0.0
-225.759395248 0.0
-224.759395248 0.0
-223.759395248 0.0
-222.759395248 0.0
-221.759395248 0.0
-220.759395248 0.0
-219.759395248 0.0
-218.759395248 0.0
-217.759395248 0.0
-216.759395248 0.0
-215.759395248 0.0
-214.759395248 0.0
-213.759395248 0.0
-212.759395248 0.0
-211.759395248 0.0
-210.759395248 0.0
-209.759395248 0.0
-208.759395248 0.0
-207.759395248 0.0
-206.759395248 0.0
-205.759395248 0.0
-204.759395248 0.0
-203.759395248 0.0
-202.759395248 0.0
-201.759395248 0.0
-200.759395248 0.0
-199.759395248 0.0
-198.759395248 0.0
-197.759395248 0.0
-196.759395248 0.0
-195.759395248 0.0
-194.759395248 0.0
-193.759395248 0.0
-192.759395248 0.0
-191.759395248 0.0
-190.759395248 0.0
-189.759395248 0.0
-188.759395248 0.0
-187.759395248 0.0
-186.759395248 0.0
-185.759395248 0.0
-184.759395248 0.0
-183.759395248 0.0
-182.759395248 0.0
-181.759395248 0.0
-180.759395248 0.0
-179.759395248 0.0
-178.759395248 0.0
-177.759395248 0.0
-176.759395248 0.0
-175.759395248 0.0
-174.759395248 0.0
-173.759395248 0.0
-172.759395248 0.0
-171.759395248 0.0
-170.759395248 0.0
-169.759395248 0.0
-168.759395248 0.0
-167.759395248 0.0
-166.759395248 0.0
-165.759395248 0.0
-164.759395248 0.0
-163.759395248 0.0
-162.759395248 0.0
-161.759395248 0.0
-160.759395248 0.0
-159.759395248 0.0
-158.759395248 0.0
-157.759395248 0.0
-156.759395248 0.0
-155.759395248 0.0
-154.759395248 0.0
-153.759395248 0.0
-152.759395248 0.0
-151.759395248 0.0
-150.759395248 0.0
-149.759395248 0.0
-148.759395248 0.0
-147.759395248 0.0
-146.759395248 0.0
-145.759395248 0.0
-144.759395248 0.0
-143.759395248 0.0
-142.759395248 0.0
-141.759395248 0.0
-140.759395248 0.0
-139.759395248 0.0
-138.759395248 0.0
-137.759395248 0.0
-136.759395248 0.0
-135.759395248 0.0
-134.759395248 0.0
-133.759395248 0.0
-132.759395248 0.0
-131.759395248 0.0
-130.759395248 0.0
-129.759395248 0.0
-128.759395248 0.0
-127.759395248 0.0
-126.759395248 0.0
-125.759395248 0.0
-124.759395248 0.0
-123.759395248 0.0
-122.759395248 0.0
-121.759395248 0.0
-120.759395248 0.0
-119.759395248 0.0
-118.759395248 0.0
-117.759395248 0.0
-116.759395248 0.0
-115.759395248 0.0
-114.759395248 0.0
-113.759395248 0.0
-112.759395248 0.0
-111.759395248 0.0
-110.759395248 0.0
-109.759395248 0.0
-108.759395248 0.0
-107.759395248 0.0
-106.759395248 0.0
-105.759395248 0.0
-104.759395248 0.0
-103.759395248 0.0
-102.759395248 0.0
-101.759395248 0.0
-100.759395248 0.0
-99.7593952484 0.0
-98.7593952484 0.0
-97.7593952484 0.0
-96.7593952484 0.0
-95.7593952484 0.0
-94.7593952484 0.0
-93.7593952484 0.0
-92.7593952484 0.0
-91.7593952484 0.0
-90.7593952484 0.0
-89.7593952484 0.0
-88.7593952484 0.0
-87.7593952484 0.0
-86.7593952484 0.0
-85.7593952484 0.0
-84.7593952484 0.0
-83.7593952484 0.0
-82.7593952484 0.0
-81.7593952484 0.0
-80.7593952484 0.0
-79.7593952484 0.0
-78.7593952484 0.0
-77.7593952484 0.0
-76.7593952484 0.0
-75.7593952484 0.0
-74.7593952484 0.0
-73.7593952484 0.0
-72.7593952484 0.0
-71.7593952484 0.0
-70.7593952484 0.0
-69.7593952484 0.0
-68.7593952484 0.0
-67.7593952484 0.0
-66.7593952484 0.0
-65.7593952484 0.0
-64.7593952484 0.0
-63.7593952484 0.0
-62.7593952484 0.0
-61.7593952484 0.0
-60.7593952484 0.0
-59.7593952484 0.0
-58.7593952484 0.0
-57.7593952484 0.0
-56.7593952484 0.0
-55.7593952484 0.0
-54.7593952484 0.0
-53.7593952484 0.0
-52.7593952484 0.0
-51.7593952484 0.0
-50.7593952484 0.0
-49.7593952484 0.0
-48.7593952484 0.0
-47.7593952484 0.0
-46.7593952484 0.0
-45.7593952484 0.0
-44.7593952484 0.0
-43.7593952484 0.0
-42.7593952484 0.0
-41.7593952484 0.0
-40.7593952484 0.0
-39.7593952484 0.0
-38.7593952484 0.0
-37.7593952484 0.0
-36.7593952484 0.0
-35.7593952484 0.0
-34.7593952484 0.0
-33.7593952484 0.0
-32.7593952484 0.0
-31.7593952484 0.0
-30.7593952484 0.0
-29.7593952484 0.0
-28.7593952484 0.0
-27.7593952484 0.0
-26.7593952484 0.0
-25.7593952484 0.000000e+00
-25.6514038877 0.000000e+00
-25.543412527 0.000000e+00
-25.4354211663 0.000000e+00
-25.3274298056 0.000000e+00
-25.2194384449 0.000000e+00
-25.1114470842 0.000000e+00
-25.0034557235 0.000000e+00
-24.8954643629 0.000000e+00
-24.7874730022 0.000000e+00
-24.6794816415 0.000000e+00
-24.5714902808 0.000000e+00
-24.4634989201 0.000000e+00
-24.3555075594 0.000000e+00
-24.2475161987 0.000000e+00
-24.139524838 0.000000e+00
-24.0315334773 0.000000e+00
-23.9235421166 0.000000e+00
-23.8155507559 0.000000e+00
-23.7075593952 0.000000e+00
-23.5995680346 0.000000e+00
-23.4915766739 0.000000e+00
-23.3835853132 0.000000e+00
-23.2755939525 0.000000e+00
-23.1676025918 0.000000e+00
-23.0596112311 0.000000e+00
-22.9516198704 0.000000e+00
-22.8436285097 0.000000e+00
-22.735637149 0.000000e+00
-22.6276457883 0.000000e+00
-22.5196544276 0.000000e+00
-22.411663067 0.000000e+00
-22.3036717063 0.000000e+00
-22.1956803456 0.000000e+00
-22.0876889849 0.000000e+00
-21.9796976242 0.000000e+00
-21.8717062635 0.000000e+00
-21.7637149028 0.000000e+00
-21.6557235421 0.000000e+00
-21.5477321814 0.000000e+00
-21.4397408207 0.000000e+00
-21.33174946 0.000000e+00
-21.2237580994 0.000000e+00
-21.1157667387 0.000000e+00
-21.007775378 0.000000e+00
-20.8997840173 0.000000e+00
-20.7917926566 0.000000e+00
-20.6838012959 0.000000e+00
-20.5758099352 0.000000e+00
-20.4678185745 0.000000e+00
-20.3598272138 0.000000e+00
-20.2518358531 0.000000e+00
-20.1438444924 0.000000e+00
-20.0358531317 0.000000e+00
-19.9278617711 0.000000e+00
-19.8198704104 0.000000e+00
-19.7118790497 0.000000e+00
-19.603887689 0.000000e+00
-19.4958963283 0.000000e+00
-19.3879049676 0.000000e+00
-19.2799136069 0.000000e+00
-19.1719222462 0.000000e+00
-19.0639308855 0.000000e+00
-18.9559395248 0.000000e+00
-18.8479481641 0.000000e+00
-18.7399568035 0.000000e+00
-18.6319654428 0.000000e+00
-18.5239740821 0.000000e+00
-18.4159827214 0.000000e+00
-18.3079913607 0.000000e+00
-18.2 0.000000e+00
-18.0920086393 0.000000e+00
-17.9840172786 0.000000e+00
-17.8760259179 0.000000e+00
-17.7680345572 0.000000e+00
-17.6600431965 0.000000e+00
-17.5520518359 0.000000e+00
-17.4440604752 0.000000e+00
-17.3360691145 0.000000e+00
-17.2280777538 0.000000e+00
-17.1200863931 0.000000e+00
-17.0120950324 0.000000e+00
-16.9041036717 0.000000e+00
-16.796112311 0.000000e+00
-16.6881209503 0.000000e+00
-16.5801295896 0.000000e+00
-16.4721382289 0.000000e+00
-16.3641468683 0.000000e+00
-16.2561555076 0.000000e+00
-16.1481641469 0.000000e+00
-16.0401727862 0.000000e+00
-15.9321814255 0.000000e+00
-15.8241900648 0.000000e+00
-15.7161987041 0.000000e+00
-15.6082073434 0.000000e+00
-15.5002159827 0.000000e+00
-15.392224622 0.000000e+00
-15.2842332613 0.000000e+00
-15.1762419006 0.000000e+00
-15.06825054 0.000000e+00
-14.9602591793 0.000000e+00
-14.8522678186 0.000000e+00
-14.7442764579 0.000000e+00
-14.6362850972 0.000000e+00
-14.5282937365 0.000000e+00
-14.4203023758 0.000000e+00
-14.3123110151 0.000000e+00
-14.2043196544 0.000000e+00
-14.0963282937 0.000000e+00
-13.988336933 0.000000e+00
-13.8803455724 0.000000e+00
-13.7723542117 0.000000e+00
-13.664362851 0.000000e+00
-13.5563714903 0.000000e+00
-13.4483801296 0.000000e+00
-13.3403887689 0.000000e+00
-13.2323974082 0.000000e+00
-13.1244060475 0.000000e+00
-13.0164146868 0.000000e+00
-12.9084233261 0.000000e+00
-12.8004319654 0.000000e+00
-12.6924406048 0.000000e+00
-12.5844492441 0.000000e+00
-12.4764578834 0.000000e+00
-12.3684665227 0.000000e+00
-12.260475162 0.000000e+00
-12.1524838013 0.000000e+00
-12.0444924406 0.000000e+00
-11.9365010799 0.000000e+00
-11.8285097192 0.000000e+00
-11.7205183585 0.000000e+00
-11.6125269978 0.000000e+00
-11.5045356371 0.000000e+00
-11.3965442765 0.000000e+00
-11.2885529158 0.000000e+00
-11.1805615551 0.000000e+00
-11.0725701944 0.000000e+00
-10.9645788337 0.000000e+00
-10.856587473 0.000000e+00
-10.7485961123 0.000000e+00
-10.6406047516 0.000000e+00
-10.5326133909 0.000000e+00
-10.4246220302 0.000000e+00
-10.3166306695 0.000000e+00
-10.2086393089 0.000000e+00
-10.1006479482 0.000000e+00
-9.99265658747 0.000000e+00
-9.88466522678 0.000000e+00
-9.77667386609 0.000000e+00
-9.6686825054 0.000000e+00
-9.56069114471 0.000000e+00
-9.45269978402 0.000000e+00
-9.34470842333 0.000000e+00
-9.23671706263 0.000000e+00
-9.12872570194 0.000000e+00
-9.02073434125 0.000000e+00
-8.91274298056 0.000000e+00
-8.80475161987 0.000000e+00
-8.69676025918 0.000000e+00
-8.58876889849 0.000000e+00
-8.4807775378 0.000000e+00
-8.37278617711 0.000000e+00
-8.26479481641 0.000000e+00
-8.15680345572 0.000000e+00
-8.04881209503 0.000000e+00
-7.94082073434 0.000000e+00
-7.83282937365 0.000000e+00
-7.72483801296 0.000000e+00
-7.61684665227 0.000000e+00
-7.50885529158 0.000000e+00
-7.40086393089 0.000000e+00
-7.29287257019 0.000000e+00
-7.1848812095 0.000000e+00
-7.07688984881 0.000000e+00
-6.96889848812 0.000000e+00
-6.86090712743 0.000000e+00
-6.75291576674 0.000000e+00
-6.64492440605 0.000000e+00
-6.53693304536 0.000000e+00
-6.42894168467 0.000000e+00
-6.32095032397 0.000000e+00
-6.21295896328 0.000000e+00
-6.10496760259 0.000000e+00
-5.9969762419 0.000000e+00
-5.88898488121 0.000000e+00
-5.78099352052 0.000000e+00
-5.67300215983 0.000000e+00
-5.56501079914 0.000000e+00
-5.45701943844 0.000000e+00
-5.34902807775 0.000000e+00
-5.24103671706 0.000000e+00
-5.13304535637 0.000000e+00
-5.02505399568 0.000000e+00
-4.91706263499 0.000000e+00
-4.8090712743 0.000000e+00
-4.70107991361 0.000000e+00
-4.59308855292 0.000000e+00
-4.48509719222 0.000000e+00
-4.37710583153 0.000000e+00
-4.26911447084 0.000000e+00
-4.16112311015 0.000000e+00
-4.05313174946 0.000000e+00
-3.94514038877 0.000000e+00
-3.83714902808 0.000000e+00
-3.72915766739 0.000000e+00
-3.6211663067 0.000000e+00
-3.513174946 0.000000e+00
-3.40518358531 0.000000e+00
-3.29719222462 0.000000e+00
-3.18920086393 0.000000e+00
-3.08120950324 0.000000e+00
-2.97321814255 0.000000e+00
-2.86522678186 0.000000e+00
-2.75723542117 0.000000e+00
-2.64924406048 0.000000e+00
-2.54125269978 0.000000e+00
-2.43326133909 0.000000e+00
-2.3252699784 0.000000e+00
-2.21727861771 0.000000e+00
-2.10928725702 0.000000e+00
-2.00129589633 0.000000e+00
-1.89330453564 0.000000e+00
-1.78531317495 0.000000e+00
-1.67732181425 0.000000e+00
-1.56933045356 0.000000e+00
-1.46133909287 0.000000e+00
-1.35334773218 0.000000e+00
-1.24535637149 0.000000e+00
-1.1373650108 0.000000e+00
-1.02937365011 0.000000e+00
-0.921382289417 0.000000e+00
-0.813390928726 0.000000e+00
-0.705399568035 0.000000e+00
-0.597408207343 0.000000e+00
-0.489416846652 0.000000e+00
-0.381425485961 0.000000e+00
-0.27343412527 0.000000e+00
-0.165442764579 0.000000e+00
-0.0574514038877 2.961257e-01
0.0505399568035 5.132700e-01
0.158531317495 3.794126e-01
0.266522678186 5.351273e-01
0.374514038877 1.000000e+00
0.482505399568 9.883762e-01
0.590496760259 4.341522e-01
0.69848812095 4.920098e-01
0.806479481641 5.622182e-01
0.914470842333 5.223942e-01
1.02246220302 4.985853e-01
1.13045356371 3.354462e-01
1.23844492441 2.440224e-01
1.3464362851 0.000000e+00
1.45442764579 0.000000e+00
1.56241900648 0.000000e+00
1.67041036717 0.000000e+00
1.77840172786 0.000000e+00
1.88639308855 0.000000e+00
1.99438444924 0.000000e+00
2.10237580994 0.000000e+00
2.21036717063 0.000000e+00
2.31835853132 0.000000e+00
2.42634989201 0.000000e+00
2.5343412527 0.000000e+00
2.64233261339 0.000000e+00
2.75032397408 0.000000e+00
2.85831533477 0.000000e+00
2.96630669546 0.000000e+00
3.07429805616 0.000000e+00
3.18228941685 0.000000e+00
3.29028077754 0.000000e+00
3.39827213823 0.000000e+00
3.50626349892 0.000000e+00
3.61425485961 0.000000e+00
3.7222462203 0.000000e+00
3.83023758099 0.000000e+00
3.93822894168 0.000000e+00
4.04622030238 0.000000e+00
4.15421166307 0.000000e+00
4.26220302376 0.000000e+00
4.37019438445 0.000000e+00
4.47818574514 0.000000e+00
4.58617710583 0.000000e+00
4.69416846652 0.000000e+00
4.80215982721 0.000000e+00
4.9101511879 0.000000e+00
5.0181425486 0.000000e+00
5.12613390929 0.000000e+00
5.23412526998 0.000000e+00
5.34211663067 0.000000e+00
5.45010799136 0.000000e+00
5.55809935205 0.000000e+00
5.66609071274 0.000000e+00
5.77408207343 0.000000e+00
5.88207343413 0.000000e+00
5.99006479482 0.000000e+00
6.09805615551 0.000000e+00
6.2060475162 0.000000e+00
6.31403887689 0.000000e+00
6.42203023758 0.000000e+00
6.53002159827 0.000000e+00
6.63801295896 0.000000e+00
6.74600431965 0.000000e+00
6.85399568035 0.000000e+00
6.96198704104 0.000000e+00
7.06997840173 0.000000e+00
7.17796976242 0.000000e+00
7.28596112311 0.000000e+00
7.3939524838 0.000000e+00
7.50194384449 0.000000e+00
7.60993520518 0.000000e+00
7.71792656587 0.000000e+00
7.82591792657 0.000000e+00
7.93390928726 0.000000e+00
8.04190064795 0.000000e+00
8.14989200864 0.000000e+00
8.25788336933 0.000000e+00
8.36587473002 0.000000e+00
8.47386609071 0.000000e+00
8.5818574514 0.000000e+00
8.6898488121 0.000000e+00
8.79784017279 0.000000e+00
8.90583153348 0.000000e+00
9.01382289417 0.000000e+00
9.12181425486 0.000000e+00
9.22980561555 0.000000e+00
9.33779697624 0.000000e+00
9.44578833693 0.000000e+00
9.55377969762 0.000000e+00
9.66177105832 0.000000e+00
9.76976241901 0.000000e+00
9.8777537797 0.000000e+00
9.98574514039 0.000000e+00
10.0937365011 0.000000e+00
10.2017278618 0.000000e+00
10.3097192225 0.000000e+00
10.4177105832 0.000000e+00
10.5257019438 0.000000e+00
10.6336933045 0.000000e+00
10.7416846652 0.000000e+00
10.8496760259 0.000000e+00
10.9576673866 0.000000e+00
11.0656587473 0.000000e+00
11.173650108 0.000000e+00
11.2816414687 0.000000e+00
11.3896328294 0.000000e+00
11.4976241901 0.000000e+00
11.6056155508 0.000000e+00
11.7136069114 0.000000e+00
11.8215982721 0.000000e+00
11.9295896328 0.000000e+00
12.0375809935 0.000000e+00
12.1455723542 0.000000e+00
12.2535637149 0.000000e+00
12.3615550756 0.000000e+00
12.4695464363 0.000000e+00
12.577537797 0.000000e+00
12.6855291577 0.000000e+00
12.7935205184 0.000000e+00
12.901511879 0.000000e+00
13.0095032397 0.000000e+00
13.1174946004 0.000000e+00
13.2254859611 0.000000e+00
13.3334773218 0.000000e+00
13.4414686825 0.000000e+00
13.5494600432 0.000000e+00
13.6574514039 0.000000e+00
13.7654427646 0.000000e+00
13.8734341253 0.000000e+00
13.981425486 0.000000e+00
14.0894168467 0.000000e+00
14.1974082073 0.000000e+00
14.305399568 0.000000e+00
14.4133909287 0.000000e+00
14.5213822894 0.000000e+00
14.6293736501 0.000000e+00
14.7373650108 0.000000e+00
14.8453563715 0.000000e+00
14.9533477322 0.000000e+00
15.0613390929 0.000000e+00
15.1693304536 0.000000e+00
15.2773218143 0.000000e+00
15.3853131749 0.000000e+00
15.4933045356 0.000000e+00
15.6012958963 0.000000e+00
15.709287257 0.000000e+00
15.8172786177 0.000000e+00
15.9252699784 0.000000e+00
16.0332613391 0.000000e+00
16.1412526998 0.000000e+00
16.2492440605 0.000000e+00
16.3572354212 0.000000e+00
16.4652267819 0.000000e+00
16.5732181425 0.000000e+00
16.6812095032 0.000000e+00
16.7892008639 0.000000e+00
16.8971922246 0.000000e+00
17.0051835853 0.000000e+00
17.113174946 0.000000e+00
17.2211663067 0.000000e+00
17.3291576674 0.000000e+00
17.4371490281 0.000000e+00
17.5451403888 0.000000e+00
17.6531317495 0.000000e+00
17.7611231102 0.000000e+00
17.8691144708 0.000000e+00
17.9771058315 0.000000e+00
18.0850971922 0.000000e+00
18.1930885529 0.000000e+00
18.3010799136 0.000000e+00
18.4090712743 0.000000e+00
18.517062635 0.000000e+00
18.6250539957 0.000000e+00
18.7330453564 0.000000e+00
18.8410367171 0.000000e+00
18.9490280778 0.000000e+00
19.0570194384 0.000000e+00
19.1650107991 0.000000e+00
19.2730021598 0.000000e+00
19.3809935205 0.000000e+00
19.4889848812 0.000000e+00
19.5969762419 0.000000e+00
19.7049676026 0.000000e+00
19.8129589633 0.000000e+00
19.920950324 0.000000e+00
20.0289416847 0.000000e+00
20.1369330454 0.000000e+00
20.244924406 0.000000e+00
20.3529157667 0.000000e+00
20.4609071274 0.000000e+00
20.5688984881 0.000000e+00
20.6768898488 0.000000e+00
20.7848812095 0.000000e+00
20.8928725702 0.000000e+00
21.0008639309 0.000000e+00
21.1088552916 0.000000e+00
21.2168466523 0.000000e+00
21.324838013 0.000000e+00
21.4328293737 0.000000e+00
21.5408207343 0.000000e+00
21.648812095 0.000000e+00
21.7568034557 0.000000e+00
21.8647948164 0.000000e+00
21.9727861771 0.000000e+00
22.0807775378 0.000000e+00
22.1887688985 0.000000e+00
22.2967602592 0.000000e+00
22.4047516199 0.000000e+00
22.5127429806 0.000000e+00
22.6207343413 0.000000e+00
22.7287257019 0.000000e+00
22.8367170626 0.000000e+00
22.9447084233 0.000000e+00
23.052699784 0.000000e+00
23.1606911447 0.000000e+00
23.2686825054 0.000000e+00
23.3766738661 0.000000e+00
23.4846652268 0.000000e+00
23.5926565875 0.000000e+00
23.7006479482 0.000000e+00
23.8086393089 0.000000e+00
23.9166306695 0.000000e+00
24.0246220302 0.000000e+00
24.1326133909 0.000000e+00
24.2406047516 0.000000e+00
24.3485961123 0.000000e+00
24.456587473 0.000000e+00
24.5645788337 0.000000e+00
24.6725701944 0.000000e+00
24.7805615551 0.000000e+00
24.8885529158 0.000000e+00
24.9965442765 0.000000e+00
25.1045356371 0.000000e+00
25.2125269978 0.000000e+00
25.3205183585 0.000000e+00
25.4285097192 0.000000e+00
25.5365010799 0.000000e+00
25.6444924406 0.000000e+00
25.7524838013 0.000000e+00
25.860475162 0.000000e+00
25.9684665227 0.000000e+00
26.0764578834 0.000000e+00
26.1844492441 0.000000e+00
26.2924406048 0.000000e+00
26.4004319654 0.000000e+00
26.5084233261 0.000000e+00
26.6164146868 0.000000e+00
26.7244060475 0.000000e+00
26.8323974082 0.000000e+00
26.9403887689 0.000000e+00
27.0483801296 0.000000e+00
27.1563714903 0.000000e+00
27.264362851 0.000000e+00
27.3723542117 0.000000e+00
27.4803455724 0.000000e+00
27.588336933 0.000000e+00
27.6963282937 0.000000e+00
27.8043196544 0.000000e+00
27.9123110151 0.000000e+00
28.0203023758 0.000000e+00
28.1282937365 0.000000e+00
28.2362850972 0.000000e+00
28.3442764579 0.000000e+00
28.4522678186 0.000000e+00
28.5602591793 0.000000e+00
28.66825054 0.000000e+00
28.7762419006 0.000000e+00
28.8842332613 0.000000e+00
28.992224622 0.000000e+00
29.1002159827 0.000000e+00
29.2082073434 0.000000e+00
29.3161987041 0.000000e+00
29.4241900648 0.000000e+00
29.5321814255 0.000000e+00
29.6401727862 0.000000e+00
29.7481641469 0.000000e+00
29.8561555076 0.000000e+00
29.9641468683 0.000000e+00
30.0721382289 0.000000e+00
30.1801295896 0.000000e+00
30.2881209503 0.000000e+00
30.396112311 0.000000e+00
30.5041036717 0.000000e+00
30.6120950324 0.000000e+00
30.7200863931 0.000000e+00
30.8280777538 0.000000e+00
30.9360691145 0.000000e+00
31.0440604752 0.000000e+00
31.1520518359 0.000000e+00
31.2600431965 0.000000e+00
31.3680345572 0.000000e+00
31.4760259179 0.000000e+00
31.5840172786 0.000000e+00
31.6920086393 0.000000e+00
31.8 0.000000e+00
31.9079913607 0.000000e+00
32.0159827214 0.000000e+00
32.1239740821 0.000000e+00
32.2319654428 0.000000e+00
32.3399568035 0.000000e+00
32.4479481641 0.000000e+00
32.5559395248 0.000000e+00
32.6639308855 0.000000e+00
32.7719222462 0.000000e+00
32.8799136069 0.000000e+00
32.9879049676 0.000000e+00
33.0958963283 0.000000e+00
33.203887689 0.000000e+00
33.3118790497 0.000000e+00
33.4198704104 0.000000e+00
33.5278617711 0.000000e+00
33.6358531317 0.000000e+00
33.7438444924 0.000000e+00
33.8518358531 0.000000e+00
33.9598272138 0.000000e+00
34.0678185745 0.000000e+00
34.1758099352 0.000000e+00
34.2838012959 0.000000e+00
34.3917926566 0.000000e+00
34.4997840173 0.000000e+00
34.607775378 0.000000e+00
34.7157667387 0.000000e+00
34.8237580994 0.000000e+00
34.93174946 0.000000e+00
35.0397408207 0.000000e+00
35.1477321814 0.000000e+00
35.2557235421 0.000000e+00
35.3637149028 0.000000e+00
35.4717062635 0.000000e+00
35.5796976242 0.000000e+00
35.6876889849 0.000000e+00
35.7956803456 0.000000e+00
35.9036717063 0.000000e+00
36.011663067 0.000000e+00
36.1196544276 0.000000e+00
36.2276457883 0.000000e+00
36.335637149 0.000000e+00
36.4436285097 0.000000e+00
36.5516198704 0.000000e+00
36.6596112311 0.000000e+00
36.7676025918 0.000000e+00
36.8755939525 0.000000e+00
36.9835853132 0.000000e+00
37.0915766739 0.000000e+00
37.1995680346 0.000000e+00
37.3075593952 0.000000e+00
37.4155507559 0.000000e+00
37.5235421166 0.000000e+00
37.6315334773 0.000000e+00
37.739524838 0.000000e+00
37.8475161987 0.000000e+00
37.9555075594 0.000000e+00
38.0634989201 0.000000e+00
38.1714902808 0.000000e+00
38.2794816415 0.000000e+00
38.3874730022 0.000000e+00
38.4954643629 0.000000e+00
38.6034557235 0.000000e+00
38.7114470842 0.000000e+00
38.8194384449 0.000000e+00
38.9274298056 0.000000e+00
39.0354211663 0.000000e+00
39.143412527 0.000000e+00
39.2514038877 0.000000e+00
39.3593952484 0.000000e+00
39.4673866091 0.000000e+00
39.5753779698 0.000000e+00
39.6833693305 0.000000e+00
39.7913606911 0.000000e+00
39.8993520518 0.000000e+00
40.0073434125 0.000000e+00
40.1153347732 0.000000e+00
40.2233261339 0.000000e+00
40.3313174946 0.000000e+00
40.4393088553 0.000000e+00
40.547300216 0.000000e+00
40.6552915767 0.000000e+00
40.7632829374 0.000000e+00
40.8712742981 0.000000e+00
40.9792656587 0.000000e+00
41.0872570194 0.000000e+00
41.1952483801 0.000000e+00
41.3032397408 0.000000e+00
41.4112311015 0.000000e+00
41.5192224622 0.000000e+00
41.6272138229 0.000000e+00
41.7352051836 0.000000e+00
41.8431965443 0.000000e+00
41.951187905 0.000000e+00
42.0591792657 0.000000e+00
42.1671706263 0.000000e+00
42.275161987 0.000000e+00
42.3831533477 0.000000e+00
42.4911447084 0.000000e+00
42.5991360691 0.000000e+00
42.7071274298 0.000000e+00
42.8151187905 0.000000e+00
42.9231101512 0.000000e+00
43.0311015119 0.000000e+00
43.1390928726 0.000000e+00
43.2470842333 0.000000e+00
43.355075594 0.000000e+00
43.4630669546 0.000000e+00
43.5710583153 0.000000e+00
43.679049676 0.000000e+00
43.7870410367 0.000000e+00
43.8950323974 0.000000e+00
44.0030237581 0.000000e+00
44.1110151188 0.000000e+00
44.2190064795 0.000000e+00
44.3269978402 0.000000e+00
44.4349892009 0.000000e+00
44.5429805616 0.000000e+00
44.6509719222 0.000000e+00
44.7589632829 0.000000e+00
44.8669546436 0.000000e+00
44.9749460043 0.000000e+00
45.082937365 0.000000e+00
45.1909287257 0.000000e+00
45.2989200864 0.000000e+00
45.4069114471 0.000000e+00
45.5149028078 0.000000e+00
45.6228941685 0.000000e+00
45.7308855292 0.000000e+00
45.8388768898 0.000000e+00
45.9468682505 0.000000e+00
46.0548596112 0.000000e+00
46.1628509719 0.000000e+00
46.2708423326 0.000000e+00
46.3788336933 0.000000e+00
46.486825054 0.000000e+00
46.5948164147 0.000000e+00
46.7028077754 0.000000e+00
46.8107991361 0.000000e+00
46.9187904968 0.000000e+00
47.0267818575 0.000000e+00
47.1347732181 0.000000e+00
47.2427645788 0.000000e+00
47.3507559395 0.000000e+00
47.4587473002 0.000000e+00
47.5667386609 0.000000e+00
47.6747300216 0.000000e+00
47.7827213823 0.000000e+00
47.890712743 0.000000e+00
47.9987041037 0.000000e+00
48.1066954644 0.000000e+00
48.2146868251 0.000000e+00
48.3226781857 0.000000e+00
48.4306695464 0.000000e+00
48.5386609071 0.000000e+00
48.6466522678 0.000000e+00
48.7546436285 0.000000e+00
48.8626349892 0.000000e+00
48.9706263499 0.000000e+00
49.0786177106 0.000000e+00
49.1866090713 0.000000e+00
49.294600432 0.000000e+00
49.4025917927 0.000000e+00
49.5105831533 0.000000e+00
49.618574514 0.000000e+00
49.7265658747 0.000000e+00
49.8345572354 0.000000e+00
49.9425485961 0.000000e+00
50.0505399568 0.000000e+00
50.1585313175 0.000000e+00
50.2665226782 0.000000e+00
50.3745140389 0.000000e+00
50.4825053996 0.000000e+00
50.5904967603 0.000000e+00
50.698488121 0.000000e+00
50.8064794816 0.000000e+00
50.9144708423 0.000000e+00
51.022462203 0.000000e+00
51.1304535637 0.000000e+00
51.2384449244 0.000000e+00
51.3464362851 0.000000e+00
51.4544276458 0.000000e+00
51.5624190065 0.000000e+00
51.6704103672 0.000000e+00
51.7784017279 0.000000e+00
51.8863930886 0.000000e+00
51.9943844492 0.000000e+00
52.1023758099 0.000000e+00
52.2103671706 0.000000e+00
52.3183585313 0.000000e+00
52.426349892 0.000000e+00
52.5343412527 0.000000e+00
52.6423326134 0.000000e+00
52.7503239741 0.000000e+00
52.8583153348 0.000000e+00
52.9663066955 0.000000e+00
53.0742980562 0.000000e+00
53.1822894168 0.000000e+00
53.2902807775 0.000000e+00
53.3982721382 0.000000e+00
53.5062634989 0.000000e+00
53.6142548596 0.000000e+00
53.7222462203 0.000000e+00
53.830237581 0.000000e+00
53.9382289417 0.000000e+00
54.0462203024 0.000000e+00
54.1542116631 0.000000e+00
54.2622030238 0.000000e+00
54.3701943844 0.000000e+00
54.4781857451 0.000000e+00
54.5861771058 0.000000e+00
54.6941684665 0.000000e+00
54.8021598272 0.000000e+00
54.9101511879 0.000000e+00
55.0181425486 0.000000e+00
55.1261339093 0.000000e+00
55.23412527 0.000000e+00
55.3421166307 0.000000e+00
55.4501079914 0.000000e+00
55.5580993521 0.000000e+00
55.6660907127 0.000000e+00
55.7740820734 0.000000e+00
55.8820734341 0.000000e+00
55.9900647948 0.000000e+00
56.0980561555 0.000000e+00
56.2060475162 0.000000e+00
56.3140388769 0.000000e+00
56.4220302376 0.000000e+00
56.5300215983 0.000000e+00
56.638012959 0.000000e+00
56.7460043197 0.000000e+00
56.8539956803 0.000000e+00
56.961987041 0.000000e+00
57.0699784017 0.000000e+00
57.1779697624 0.000000e+00
57.2859611231 0.000000e+00
57.3939524838 0.000000e+00
57.5019438445 0.000000e+00
57.6099352052 0.000000e+00
57.7179265659 0.000000e+00
57.8259179266 0.000000e+00
57.9339092873 0.000000e+00
58.0419006479 0.000000e+00
58.1498920086 0.000000e+00
58.2578833693 0.000000e+00
58.36587473 0.000000e+00
58.4738660907 0.000000e+00
58.5818574514 0.000000e+00
58.6898488121 0.000000e+00
58.7978401728 0.000000e+00
58.9058315335 0.000000e+00
59.0138228942 0.000000e+00
59.1218142549 0.000000e+00
59.2298056156 0.000000e+00
59.3377969762 0.000000e+00
59.4457883369 0.000000e+00
59.5537796976 0.000000e+00
59.6617710583 0.000000e+00
59.769762419 0.000000e+00
59.8777537797 0.000000e+00
59.9857451404 0.000000e+00
60.0937365011 0.000000e+00
60.2017278618 0.000000e+00
60.3097192225 0.000000e+00
60.4177105832 0.000000e+00
60.5257019438 0.000000e+00
60.6336933045 0.000000e+00
60.7416846652 0.000000e+00
60.8496760259 0.000000e+00
60.9576673866 0.000000e+00
61.0656587473 0.000000e+00
61.173650108 0.000000e+00
61.2816414687 0.000000e+00
61.3896328294 0.000000e+00
61.4976241901 0.000000e+00
61.6056155508 0.000000e+00
61.7136069114 0.000000e+00
61.8215982721 0.000000e+00
61.9295896328 0.000000e+00
62.0375809935 0.000000e+00
62.1455723542 0.000000e+00
62.2535637149 0.000000e+00
62.3615550756 0.000000e+00
62.4695464363 0.000000e+00
62.577537797 0.000000e+00
62.6855291577 0.000000e+00
62.7935205184 0.000000e+00
62.901511879 0.000000e+00
63.0095032397 0.000000e+00
63.1174946004 0.000000e+00
63.2254859611 0.000000e+00
63.3334773218 0.000000e+00
63.4414686825 0.000000e+00
63.5494600432 0.000000e+00
63.6574514039 0.000000e+00
63.7654427646 0.000000e+00
63.8734341253 0.000000e+00
63.981425486 0.000000e+00
64.0894168467 0.000000e+00
64.1974082073 0.000000e+00
64.305399568 0.000000e+00
64.4133909287 0.000000e+00
64.5213822894 0.000000e+00
64.6293736501 0.000000e+00
64.7373650108 0.000000e+00
64.8453563715 0.000000e+00
64.9533477322 0.000000e+00
65.0613390929 0.000000e+00
65.1693304536 0.000000e+00
65.2773218143 0.000000e+00
65.3853131749 0.000000e+00
65.4933045356 0.000000e+00
65.6012958963 0.000000e+00
65.709287257 0.000000e+00
65.8172786177 0.000000e+00
65.9252699784 0.000000e+00
66.0332613391 0.000000e+00
66.1412526998 0.000000e+00
66.2492440605 0.000000e+00
66.3572354212 0.000000e+00
66.4652267819 0.000000e+00
66.5732181425 0.000000e+00
66.6812095032 0.000000e+00
66.7892008639 0.000000e+00
66.8971922246 0.000000e+00
67.0051835853 0.000000e+00
67.113174946 0.000000e+00
67.2211663067 0.000000e+00
67.3291576674 0.000000e+00
67.4371490281 0.000000e+00
67.5451403888 0.000000e+00
67.6531317495 0.000000e+00
67.7611231102 0.000000e+00
67.8691144708 0.000000e+00
67.9771058315 0.000000e+00
68.0850971922 0.000000e+00
68.1930885529 0.000000e+00
68.3010799136 0.000000e+00
68.4090712743 0.000000e+00
68.517062635 0.000000e+00
68.6250539957 0.000000e+00
68.7330453564 0.000000e+00
68.8410367171 0.000000e+00
68.9490280778 0.000000e+00
69.0570194384 0.000000e+00
69.1650107991 0.000000e+00
69.2730021598 0.000000e+00
69.3809935205 0.000000e+00
69.4889848812 0.000000e+00
69.5969762419 0.000000e+00
69.7049676026 0.000000e+00
69.8129589633 0.000000e+00
69.920950324 0.000000e+00
70.0289416847 0.000000e+00
70.1369330454 0.000000e+00
70.244924406 0.000000e+00
70.3529157667 0.000000e+00
70.4609071274 0.000000e+00
70.5688984881 0.000000e+00
70.6768898488 0.000000e+00
70.7848812095 0.000000e+00
70.8928725702 0.000000e+00
71.0008639309 0.000000e+00
71.1088552916 0.000000e+00
71.2168466523 0.000000e+00
71.324838013 0.000000e+00
71.4328293737 0.000000e+00
71.5408207343 0.000000e+00
71.648812095 0.000000e+00
71.7568034557 0.000000e+00
71.8647948164 0.000000e+00
71.9727861771 0.000000e+00
72.0807775378 0.000000e+00
72.1887688985 0.000000e+00
72.2967602592 0.000000e+00
72.4047516199 0.000000e+00
72.5127429806 0.000000e+00
72.6207343413 0.000000e+00
72.7287257019 0.000000e+00
72.8367170626 0.000000e+00
72.9447084233 0.000000e+00
73.052699784 0.000000e+00
73.1606911447 0.000000e+00
73.2686825054 0.000000e+00
73.3766738661 0.000000e+00
73.4846652268 0.000000e+00
73.5926565875 0.000000e+00
73.7006479482 0.000000e+00
73.8086393089 0.000000e+00
73.9166306695 0.000000e+00
74.0246220302 0.000000e+00
74.1326133909 0.000000e+00
74.2406047516 0.000000e+00
74.3485961123 0.000000e+00
74.456587473 0.000000e+00
74.5645788337 0.000000e+00
74.6725701944 0.000000e+00
74.7805615551 0.000000e+00
74.8885529158 0.000000e+00
74.9965442765 0.000000e+00
75.1045356371 0.000000e+00
75.2125269978 0.000000e+00
75.3205183585 0.000000e+00
75.4285097192 0.000000e+00
75.5365010799 0.000000e+00
75.6444924406 0.000000e+00
75.7524838013 0.000000e+00
75.860475162 0.000000e+00
75.9684665227 0.000000e+00
76.0764578834 0.000000e+00
76.1844492441 0.000000e+00
76.2924406048 0.000000e+00
76.4004319654 0.000000e+00
76.5084233261 0.000000e+00
76.6164146868 0.000000e+00
76.7244060475 0.000000e+00
76.8323974082 0.000000e+00
76.9403887689 0.000000e+00
77.0483801296 0.000000e+00
77.1563714903 0.000000e+00
77.264362851 0.000000e+00
77.3723542117 0.000000e+00
77.4803455724 0.000000e+00
77.588336933 0.000000e+00
77.6963282937 0.000000e+00
77.8043196544 0.000000e+00
77.9123110151 0.000000e+00
78.0203023758 0.000000e+00
78.1282937365 0.000000e+00
78.2362850972 0.000000e+00
78.3442764579 0.000000e+00
78.4522678186 0.000000e+00
78.5602591793 0.000000e+00
78.66825054 0.000000e+00
78.7762419006 0.000000e+00
78.8842332613 0.000000e+00
78.992224622 0.000000e+00
79.1002159827 0.000000e+00
79.2082073434 0.000000e+00
79.3161987041 0.000000e+00
79.4241900648 0.000000e+00
79.5321814255 0.000000e+00
79.6401727862 0.000000e+00
79.7481641469 0.000000e+00
79.8561555076 0.000000e+00
79.9641468683 0.000000e+00
80.0721382289 0.000000e+00
80.1801295896 0.000000e+00
80.2881209503 0.000000e+00
80.396112311 0.000000e+00
80.5041036717 0.000000e+00
80.6120950324 0.000000e+00
80.7200863931 0.000000e+00
80.8280777538 0.000000e+00
80.9360691145 0.000000e+00
81.0440604752 0.000000e+00
81.1520518359 0.000000e+00
81.2600431965 0.000000e+00
81.3680345572 0.000000e+00
81.4760259179 0.000000e+00
81.5840172786 0.000000e+00
81.6920086393 0.000000e+00
81.8 0.000000e+00
81.9079913607 0.000000e+00
82.0159827214 0.000000e+00
82.1239740821 0.000000e+00
82.2319654428 0.000000e+00
82.3399568035 0.000000e+00
82.4479481641 0.000000e+00
82.5559395248 0.000000e+00
82.6639308855 0.000000e+00
82.7719222462 0.000000e+00
82.8799136069 0.000000e+00
82.9879049676 0.000000e+00
83.0958963283 0.000000e+00
83.203887689 0.000000e+00
83.3118790497 0.000000e+00
83.4198704104 0.000000e+00
83.5278617711 0.000000e+00
83.6358531317 0.000000e+00
83.7438444924 0.000000e+00
83.8518358531 0.000000e+00
83.9598272138 0.000000e+00
84.0678185745 0.000000e+00
84.1758099352 0.000000e+00
84.2838012959 0.000000e+00
84.3917926566 0.000000e+00
84.4997840173 0.000000e+00
84.607775378 0.000000e+00
84.7157667387 0.000000e+00
84.8237580994 0.000000e+00
84.93174946 0.000000e+00
85.0397408207 0.000000e+00
85.1477321814 0.000000e+00
85.2557235421 0.000000e+00
85.3637149028 0.000000e+00
85.4717062635 0.000000e+00
85.5796976242 0.000000e+00
85.6876889849 0.000000e+00
85.7956803456 0.000000e+00
85.9036717063 0.000000e+00
86.011663067 0.000000e+00
86.1196544276 0.000000e+00
86.2276457883 0.000000e+00
86.335637149 0.000000e+00
86.4436285097 0.000000e+00
86.5516198704 0.000000e+00
86.6596112311 0.000000e+00
86.7676025918 0.000000e+00
86.8755939525 0.000000e+00
86.9835853132 0.000000e+00
87.0915766739 0.000000e+00
87.1995680346 0.000000e+00
87.3075593952 0.000000e+00
87.4155507559 0.000000e+00
87.5235421166 0.000000e+00
87.6315334773 0.000000e+00
87.739524838 0.000000e+00
87.8475161987 0.000000e+00
87.9555075594 0.000000e+00
88.0634989201 0.000000e+00
88.1714902808 0.000000e+00
88.2794816415 0.000000e+00
88.3874730022 0.000000e+00
88.4954643629 0.000000e+00
88.6034557235 0.000000e+00
88.7114470842 0.000000e+00
88.8194384449 0.000000e+00
88.9274298056 0.000000e+00
89.0354211663 0.000000e+00
89.143412527 0.000000e+00
89.2514038877 0.000000e+00
89.3593952484 0.000000e+00
89.4673866091 0.000000e+00
89.5753779698 0.000000e+00
89.6833693305 0.000000e+00
89.7913606911 0.000000e+00
89.8993520518 0.000000e+00
90.0073434125 0.000000e+00
90.1153347732 0.000000e+00
90.2233261339 0.000000e+00
90.3313174946 0.000000e+00
90.4393088553 0.000000e+00
90.547300216 0.000000e+00
90.6552915767 0.000000e+00
90.7632829374 0.000000e+00
90.8712742981 0.000000e+00
90.9792656587 0.000000e+00
91.0872570194 0.000000e+00
91.1952483801 0.000000e+00
91.3032397408 0.000000e+00
91.4112311015 0.000000e+00
91.5192224622 0.000000e+00
91.6272138229 0.000000e+00
91.7352051836 0.000000e+00
91.8431965443 0.000000e+00
91.951187905 0.000000e+00
92.0591792657 0.000000e+00
92.1671706263 0.000000e+00
92.275161987 0.000000e+00
92.3831533477 0.000000e+00
92.4911447084 0.000000e+00
92.5991360691 0.000000e+00
92.7071274298 0.000000e+00
92.8151187905 0.000000e+00
92.9231101512 0.000000e+00
93.0311015119 0.000000e+00
93.1390928726 0.000000e+00
93.2470842333 0.000000e+00
93.355075594 0.000000e+00
93.4630669546 0.000000e+00
93.5710583153 0.000000e+00
93.679049676 0.000000e+00
93.7870410367 0.000000e+00
93.8950323974 0.000000e+00
94.0030237581 0.000000e+00
94.1110151188 0.000000e+00
94.2190064795 0.000000e+00
94.3269978402 0.000000e+00
94.4349892009 0.000000e+00
94.5429805616 0.000000e+00
94.6509719222 0.000000e+00
94.7589632829 0.000000e+00
94.8669546436 0.000000e+00
94.9749460043 0.000000e+00
95.082937365 0.000000e+00
95.1909287257 0.000000e+00
95.2989200864 0.000000e+00
95.4069114471 0.000000e+00
95.5149028078 0.000000e+00
95.6228941685 0.000000e+00
95.7308855292 0.000000e+00
95.8388768898 0.000000e+00
95.9468682505 0.000000e+00
96.0548596112 0.000000e+00
96.1628509719 0.000000e+00
96.2708423326 0.000000e+00
96.3788336933 0.000000e+00
96.486825054 0.000000e+00
96.5948164147 0.000000e+00
96.7028077754 0.000000e+00
96.8107991361 0.000000e+00
96.9187904968 0.000000e+00
97.0267818575 0.000000e+00
97.1347732181 0.000000e+00
97.2427645788 0.000000e+00
97.3507559395 0.000000e+00
97.4587473002 0.000000e+00
97.5667386609 0.000000e+00
97.6747300216 0.000000e+00
97.7827213823 0.000000e+00
97.890712743 0.000000e+00
97.9987041037 0.000000e+00
98.1066954644 0.000000e+00
98.2146868251 0.000000e+00
98.3226781857 0.000000e+00
98.4306695464 0.000000e+00
98.5386609071 0.000000e+00
98.6466522678 0.000000e+00
98.7546436285 0.000000e+00
98.8626349892 0.000000e+00
98.9706263499 0.000000e+00
99.0786177106 0.000000e+00
99.1866090713 0.000000e+00
99.294600432 0.000000e+00
99.4025917927 0.000000e+00
99.5105831533 0.000000e+00
99.618574514 0.000000e+00
99.7265658747 0.000000e+00
99.8345572354 0.000000e+00
99.9425485961 0.000000e+00
100.050539957 0.000000e+00
100.158531317 0.000000e+00
100.266522678 0.000000e+00
100.374514039 0.000000e+00
100.4825054 0.000000e+00
100.59049676 0.000000e+00
100.698488121 0.000000e+00
100.806479482 0.000000e+00
100.914470842 0.000000e+00
101.022462203 0.000000e+00
101.130453564 0.000000e+00
101.238444924 0.000000e+00
101.346436285 0.000000e+00
101.454427646 0.000000e+00
101.562419006 0.000000e+00
101.670410367 0.000000e+00
101.778401728 0.000000e+00
101.886393089 0.000000e+00
101.994384449 0.000000e+00
102.10237581 0.000000e+00
102.210367171 0.000000e+00
102.318358531 0.000000e+00
102.426349892 0.000000e+00
102.534341253 0.000000e+00
102.642332613 0.000000e+00
102.750323974 0.000000e+00
102.858315335 0.000000e+00
102.966306695 0.000000e+00
103.074298056 0.000000e+00
103.182289417 0.000000e+00
103.290280778 0.000000e+00
103.398272138 0.000000e+00
103.506263499 0.000000e+00
103.61425486 0.000000e+00
103.72224622 0.000000e+00
103.830237581 0.000000e+00
103.938228942 0.000000e+00
104.938228942 0.0
105.938228942 0.0
106.938228942 0.0
107.938228942 0.0
108.938228942 0.0
109.938228942 0.0
110.938228942 0.0
111.938228942 0.0
112.938228942 0.0
113.938228942 0.0
114.938228942 0.0
115.938228942 0.0
116.938228942 0.0
117.938228942 0.0
118.938228942 0.0
119.938228942 0.0
120.938228942 0.0
121.938228942 0.0
122.938228942 0.0
123.938228942 0.0
124.938228942 0.0
125.938228942 0.0
126.938228942 0.0
127.938228942 0.0
128.938228942 0.0
129.938228942 0.0
130.938228942 0.0
131.938228942 0.0
132.938228942 0.0
133.938228942 0.0
134.938228942 0.0
135.938228942 0.0
136.938228942 0.0
137.938228942 0.0
138.938228942 0.0
139.938228942 0.0
140.938228942 0.0
141.938228942 0.0
142.938228942 0.0
143.938228942 0.0
144.938228942 0.0
145.938228942 0.0
146.938228942 0.0
147.938228942 0.0
148.938228942 0.0
149.938228942 0.0
150.938228942 0.0
151.938228942 0.0
152.938228942 0.0
153.938228942 0.0
154.938228942 0.0
155.938228942 0.0
156.938228942 0.0
157.938228942 0.0
158.938228942 0.0
159.938228942 0.0
160.938228942 0.0
161.938228942 0.0
162.938228942 0.0
163.938228942 0.0
164.938228942 0.0
165.938228942 0.0
166.938228942 0.0
167.938228942 0.0
168.938228942 0.0
169.938228942 0.0
170.938228942 0.0
171.938228942 0.0
172.938228942 0.0
173.938228942 0.0
174.938228942 0.0
175.938228942 0.0
176.938228942 0.0
177.938228942 0.0
178.938228942 0.0
179.938228942 0.0
180.938228942 0.0
181.938228942 0.0
182.938228942 0.0
183.938228942 0.0
184.938228942 0.0
185.938228942 0.0
186.938228942 0.0
187.938228942 0.0
188.938228942 0.0
189.938228942 0.0
190.938228942 0.0
191.938228942 0.0
192.938228942 0.0
193.938228942 0.0
194.938228942 0.0
195.938228942 0.0
196.938228942 0.0
197.938228942 0.0
198.938228942 0.0
199.938228942 0.0
200.938228942 0.0
201.938228942 0.0
202.938228942 0.0
203.938228942 0.0
204.938228942 0.0
205.938228942 0.0
206.938228942 0.0
207.938228942 0.0
208.938228942 0.0
209.938228942 0.0
210.938228942 0.0
211.938228942 0.0
212.938228942 0.0
213.938228942 0.0
214.938228942 0.0
215.938228942 0.0
216.938228942 0.0
217.938228942 0.0
218.938228942 0.0
219.938228942 0.0
220.938228942 0.0
221.938228942 0.0
222.938228942 0.0
223.938228942 0.0
224.938228942 0.0
225.938228942 0.0
226.938228942 0.0
227.938228942 0.0
228.938228942 0.0
229.938228942 0.0
230.938228942 0.0
231.938228942 0.0
232.938228942 0.0
233.938228942 0.0
234.938228942 0.0
235.938228942 0.0
236.938228942 0.0
237.938228942 0.0
238.938228942 0.0
239.938228942 0.0
240.938228942 0.0
241.938228942 0.0
242.938228942 0.0
243.938228942 0.0
244.938228942 0.0
245.938228942 0.0
246.938228942 0.0
247.938228942 0.0
248.938228942 0.0
249.938228942 0.0
250.938228942 0.0
251.938228942 0.0
252.938228942 0.0
253.938228942 0.0
254.938228942 0.0
255.938228942 0.0
256.938228942 0.0
257.938228942 0.0
258.938228942 0.0
259.938228942 0.0
260.938228942 0.0
261.938228942 0.0
262.938228942 0.0
263.938228942 0.0
264.938228942 0.0
265.938228942 0.0
266.938228942 0.0
267.938228942 0.0
268.938228942 0.0
269.938228942 0.0
270.938228942 0.0
271.938228942 0.0
272.938228942 0.0
273.938228942 0.0
274.938228942 0.0
275.938228942 0.0
276.938228942 0.0
277.938228942 0.0
278.938228942 0.0
279.938228942 0.0
280.938228942 0.0
281.938228942 0.0
282.938228942 0.0
283.938228942 0.0
284.938228942 0.0
285.938228942 0.0
286.938228942 0.0
287.938228942 0.0
288.938228942 0.0
289.938228942 0.0
290.938228942 0.0
291.938228942 0.0
292.938228942 0.0
293.938228942 0.0
294.938228942 0.0
295.938228942 0.0
296.938228942 0.0
297.938228942 0.0
298.938228942 0.0
299.938228942 0.0
300.938228942 0.0
301.938228942 0.0
302.938228942 0.0
303.938228942 0.0
304.938228942 0.0
305.938228942 0.0
306.938228942 0.0
307.938228942 0.0
308.938228942 0.0
309.938228942 0.0
310.938228942 0.0
311.938228942 0.0
312.938228942 0.0
313.938228942 0.0
314.938228942 0.0
315.938228942 0.0
316.938228942 0.0
317.938228942 0.0
318.938228942 0.0
319.938228942 0.0
320.938228942 0.0
321.938228942 0.0
322.938228942 0.0
323.938228942 0.0
324.938228942 0.0
325.938228942 0.0
326.938228942 0.0
327.938228942 0.0
328.938228942 0.0
329.938228942 0.0
330.938228942 0.0
331.938228942 0.0
332.938228942 0.0
333.938228942 0.0
334.938228942 0.0
335.938228942 0.0
336.938228942 0.0
337.938228942 0.0
338.938228942 0.0
339.938228942 0.0
340.938228942 0.0
341.938228942 0.0
342.938228942 0.0
343.938228942 0.0
344.938228942 0.0
345.938228942 0.0
346.938228942 0.0
347.938228942 0.0
348.938228942 0.0
349.938228942 0.0
350.938228942 0.0
351.938228942 0.0
352.938228942 0.0
353.938228942 0.0
354.938228942 0.0
355.938228942 0.0
356.938228942 0.0
357.938228942 0.0
358.938228942 0.0
359.938228942 0.0
360.938228942 0.0
361.938228942 0.0
362.938228942 0.0
363.938228942 0.0
364.938228942 0.0
365.938228942 0.0
366.938228942 0.0
367.938228942 0.0
368.938228942 0.0
369.938228942 0.0
370.938228942 0.0
371.938228942 0.0
372.938228942 0.0
373.938228942 0.0
374.938228942 0.0
375.938228942 0.0
376.938228942 0.0
377.938228942 0.0
378.938228942 0.0
379.938228942 0.0
380.938228942 0.0
381.938228942 0.0
382.938228942 0.0
383.938228942 0.0
384.938228942 0.0
385.938228942 0.0
386.938228942 0.0
387.938228942 0.0
388.938228942 0.0
389.938228942 0.0
390.938228942 0.0
391.938228942 0.0
392.938228942 0.0
393.938228942 0.0
394.938228942 0.0
395.938228942 0.0
396.938228942 0.0
397.938228942 0.0
398.938228942 0.0
399.938228942 0.0
400.938228942 0.0
401.938228942 0.0
402.938228942 0.0
403.938228942 0.0
404.938228942 0.0
405.938228942 0.0
406.938228942 0.0
407.938228942 0.0
408.938228942 0.0
409.938228942 0.0
410.938228942 0.0
411.938228942 0.0
412.938228942 0.0
413.938228942 0.0
414.938228942 0.0
415.938228942 0.0
416.938228942 0.0
417.938228942 0.0
418.938228942 0.0
419.938228942 0.0
420.938228942 0.0
421.938228942 0.0
422.938228942 0.0
423.938228942 0.0
424.938228942 0.0
425.938228942 0.0
426.938228942 0.0
427.938228942 0.0
428.938228942 0.0
429.938228942 0.0
430.938228942 0.0
431.938228942 0.0
432.938228942 0.0
433.938228942 0.0
434.938228942 0.0
435.938228942 0.0
436.938228942 0.0
437.938228942 0.0
438.938228942 0.0
439.938228942 0.0
440.938228942 0.0
441.938228942 0.0
442.938228942 0.0
443.938228942 0.0
444.938228942 0.0
445.938228942 0.0
446.938228942 0.0
447.938228942 0.0
448.938228942 0.0
449.938228942 0.0
450.938228942 0.0
451.938228942 0.0
452.938228942 0.0
453.938228942 0.0
454.938228942 0.0
455.938228942 0.0
456.938228942 0.0
457.938228942 0.0
458.938228942 0.0
459.938228942 0.0
460.938228942 0.0
461.938228942 0.0
462.938228942 0.0
463.938228942 0.0
464.938228942 0.0
465.938228942 0.0
466.938228942 0.0
467.938228942 0.0
468.938228942 0.0
469.938228942 0.0
470.938228942 0.0
471.938228942 0.0
472.938228942 0.0
473.938228942 0.0
474.938228942 0.0
475.938228942 0.0
476.938228942 0.0
477.938228942 0.0
478.938228942 0.0
479.938228942 0.0
480.938228942 0.0
481.938228942 0.0
482.938228942 0.0
483.938228942 0.0
484.938228942 0.0
485.938228942 0.0
486.938228942 0.0
487.938228942 0.0
488.938228942 0.0
489.938228942 0.0
490.938228942 0.0
491.938228942 0.0
492.938228942 0.0
493.938228942 0.0
494.938228942 0.0
495.938228942 0.0
496.938228942 0.0
497.938228942 0.0
498.938228942 0.0
499.938228942 0.0
500.938228942 0.0
501.938228942 0.0
502.938228942 0.0
503.938228942 0.0
504.938228942 0.0
505.938228942 0.0
506.938228942 0.0
507.938228942 0.0
508.938228942 0.0
509.938228942 0.0
510.938228942 0.0
511.938228942 0.0
512.938228942 0.0
513.938228942 0.0
514.938228942 0.0
515.938228942 0.0
516.938228942 0.0
517.938228942 0.0
518.938228942 0.0
519.938228942 0.0
520.938228942 0.0
521.938228942 0.0
522.938228942 0.0
523.938228942 0.0
524.938228942 0.0
525.938228942 0.0
526.938228942 0.0
527.938228942 0.0
528.938228942 0.0
529.938228942 0.0
530.938228942 0.0
531.938228942 0.0
532.938228942 0.0
533.938228942 0.0
534.938228942 0.0
535.938228942 0.0
536.938228942 0.0
537.938228942 0.0
538.938228942 0.0
539.938228942 0.0
540.938228942 0.0
541.938228942 0.0
542.938228942 0.0
543.938228942 0.0
544.938228942 0.0
545.938228942 0.0
546.938228942 0.0
547.938228942 0.0
548.938228942 0.0
549.938228942 0.0
550.938228942 0.0
551.938228942 0.0
552.938228942 0.0
553.938228942 0.0
554.938228942 0.0
555.938228942 0.0
556.938228942 0.0
557.938228942 0.0
558.938228942 0.0
559.938228942 0.0
560.938228942 0.0
561.938228942 0.0
562.938228942 0.0
563.938228942 0.0
564.938228942 0.0
565.938228942 0.0
566.938228942 0.0
567.938228942 0.0
568.938228942 0.0
569.938228942 0.0
570.938228942 0.0
571.938228942 0.0
572.938228942 0.0
573.938228942 0.0
574.938228942 0.0
575.938228942 0.0
576.938228942 0.0
577.938228942 0.0
578.938228942 0.0
579.938228942 0.0
580.938228942 0.0
581.938228942 0.0
582.938228942 0.0
583.938228942 0.0
584.938228942 0.0
585.938228942 0.0
586.938228942 0.0
587.938228942 0.0
588.938228942 0.0
589.938228942 0.0
590.938228942 0.0
591.938228942 0.0
592.938228942 0.0
593.938228942 0.0
594.938228942 0.0
595.938228942 0.0
596.938228942 0.0
597.938228942 0.0
598.938228942 0.0
599.938228942 0.0
600.938228942 0.0
601.938228942 0.0
602.938228942 0.0
603.938228942 0.0
