-625.441933789 0.0
-624.441933789 0.0
-623.441933789 0.0
-622.441933789 0.0
-621.441933789 0.0
-620.441933789 0.0
-619.441933789 0.0
-618.441933789 0.0
-617.441933789 0.0
-616.441933789 0.0
-615.441933789 0.0
-614.441933789 0.0
-613.441933789 0.0
-612.441933789 0.0
-611.441933789 0.0
-610.441933789 0.0
-609.441933789 0.0
-608.441933789 0.0
-607.441933789 0.0
-606.441933789 0.0
-605.441933789 0.0
-604.441933789 0.0
-603.441933789 0.0
-602.441933789 0.0
-601.441933789 0.0
-600.441933789 0.0
-599.441933789 0.0
-598.441933789 0.0
-597.441933789 0.0
-596.441933789 0.0
-595.441933789 0.0
-594.441933789 0.0
-593.441933789 0.0
-592.441933789 0.0
-591.441933789 0.0
-590.441933789 0.0
-589.441933789 0.0
-588.441933789 0.0
-587.441933789 0.0
-586.441933789 0.0
-585.441933789 0.0
-584.441933789 0.0
-583.441933789 0.0
-582.441933789 0.0
-581.441933789 0.0
-580.441933789 0.0
-579.441933789 0.0
-578.441933789 0.0
-577.441933789 0.0
-576.441933789 0.0
-575.441933789 0.0
-574.441933789 0.0
-573.441933789 0.0
-572.441933789 0.0
-571.441933789 0.0
-570.441933789 0.0
-569.441933789 0.0
-568.441933789 0.0
-567.441933789 0.0
-566.441933789 0.0
-565.441933789 0.0
-564.441933789 0.0
-563.441933789 0.0
-562.441933789 0.0
-561.441933789 0.0
-560.441933789 0.0
-559.441933789 0.0
-558.441933789 0.0
-557.441933789 0.0
-556.441933789 0.0
-555.441933789 0.0
-554.441933789 0.0
-553.441933789 0.0
-552.441933789 0.0
-551.441933789 0.0
-550.441933789 0.0
-549.441933789 0.0
-548.441933789 0.0
-547.441933789 0.0
-546.441933789 0.0
-545.441933789 0.0
-544.441933789 0.0
-543.441933789 0.0
-542.441933789 0.0
-541.441933789 0.0
-540.441933789 0.0
-539.441933789 0.0
-538.441933789 0.0
-537.441933789 0.0
-536.441933789 0.0
-535.441933789 0.0
-534.441933789 0.0
-533.441933789 0.0
-532.441933789 0.0
-531.441933789 0.0
-530.441933789 0.0
-529.441933789 0.0
-528.441933789 0.0
-527.441933789 0.0
-526.441933789 0.0
-525.441933789 0.0
-524.441933789 0.0
-523.441933789 0.0
-522.441933789 0.0
-521.441933789 0.0
-520.441933789 0.0
-519.441933789 0.0
-518.441933789 0.0
-517.441933789 0.0
-516.441933789 0.0
-515.441933789 0.0
-514.441933789 0.0
-513.441933789 0.0
-512.441933789 0.0
-511.441933789 0.0
-510.441933789 0.0
-509.441933789 0.0
-508.441933789 0.0
-507.441933789 0.0
-506.441933789 0.0
-505.441933789 0.0
-504.441933789 0.0
-503.441933789 0.0
-502.441933789 0.0
-501.441933789 0.0
-500.441933789 0.0
-499.441933789 0.0
-498.441933789 0.0
-497.441933789 0.0
-496.441933789 0.0
-495.441933789 0.0
-494.441933789 0.0
-493.441933789 0.0
-492.441933789 0.0
-491.441933789 0.0
-490.441933789 0.0
-489.441933789 0.0
-488.441933789 0.0
-487.441933789 0.0
-486.441933789 0.0
-485.441933789 0.0
-484.441933789 0.0
-483.441933789 0.0
-482.441933789 0.0
-481.441933789 0.0
-480.441933789 0.0
-479.441933789 0.0
-478.441933789 0.0
-477.441933789 0.0
-476.441933789 0.0
-475.441933789 0.0
-474.441933789 0.0
-473.441933789 0.0
-472.441933789 0.0
-471.441933789 0.0
-470.441933789 0.0
-469.441933789 0.0
-468.441933789 0.0
-467.441933789 0.0
-466.441933789 0.0
-465.441933789 0.0
-464.441933789 0.0
-463.441933789 0.0
-462.441933789 0.0
-461.441933789 0.0
-460.441933789 0.0
-459.441933789 0.0
-458.441933789 0.0
-457.441933789 0.0
-456.441933789 0.0
-455.441933789 0.0
-454.441933789 0.0
-453.441933789 0.0
-452.441933789 0.0
-451.441933789 0.0
-450.441933789 0.0
-449.441933789 0.0
-448.441933789 0.0
-447.441933789 0.0
-446.441933789 0.0
-445.441933789 0.0
-444.441933789 0.0
-443.441933789 0.0
-442.441933789 0.0
-441.441933789 0.0
-440.441933789 0.0
-439.441933789 0.0
-438.441933789 0.0
-437.441933789 0.0
-436.441933789 0.0
-435.441933789 0.0
-434.441933789 0.0
-433.441933789 0.0
-432.441933789 0.0
-431.441933789 0.0
-430.441933789 0.0
-429.441933789 0.0
-428.441933789 0.0
-427.441933789 0.0
-426.441933789 0.0
-425.441933789 0.0
-424.441933789 0.0
-423.441933789 0.0
-422.441933789 0.0
-421.441933789 0.0
-420.441933789 0.0
-419.441933789 0.0
-418.441933789 0.0
-417.441933789 0.0
-416.441933789 0.0
-415.441933789 0.0
-414.441933789 0.0
-413.441933789 0.0
-412.441933789 0.0
-411.441933789 0.0
-410.441933789 0.0
-409.441933789 0.0
-408.441933789 0.0
-407.441933789 0.0
-406.441933789 0.0
-405.441933789 0.0
-404.441933789 0.0
-403.441933789 0.0
-402.441933789 0.0
-401.441933789 0.0
-400.441933789 0.0
-399.441933789 0.0
-398.441933789 0.0
-397.441933789 0.0
-396.441933789 0.0
-395.441933789 0.0
-394.441933789 0.0
-393.441933789 0.0
-392.441933789 0.0
-391.441933789 0.0
-390.441933789 0.0
-389.441933789 0.0
-388.441933789 0.0
-387.441933789 0.0
-386.441933789 0.0
-385.441933789 0.0
-384.441933789 0.0
-383.441933789 0.0
-382.441933789 0.0
-381.441933789 0.0
-380.441933789 0.0
-379.441933789 0.0
-378.441933789 0.0
-377.441933789 0.0
-376.441933789 0.0
-375.441933789 0.0
-374.441933789 0.0
-373.441933789 0.0
-372.441933789 0.0
-371.441933789 0.0
-370.441933789 0.0
-369.441933789 0.0
-368.441933789 0.0
-367.441933789 0.0
-366.441933789 0.0
-365.441933789 0.0
-364.441933789 0.0
-363.441933789 0.0
-362.441933789 0.0
-361.441933789 0.0
-360.441933789 0.0
-359.441933789 0.0
-358.441933789 0.0
-357.441933789 0.0
-356.441933789 0.0
-355.441933789 0.0
-354.441933789 0.0
-353.441933789 0.0
-352.441933789 0.0
-351.441933789 0.0
-350.441933789 0.0
-349.441933789 0.0
-348.441933789 0.0
-347.441933789 0.0
-346.441933789 0.0
-345.441933789 0.0
-344.441933789 0.0
-343.441933789 0.0
-342.441933789 0.0
-341.441933789 0.0
-340.441933789 0.0
-339.441933789 0.0
-338.441933789 0.0
-337.441933789 0.0
-336.441933789 0.0
-335.441933789 0.0
-334.441933789 0.0
-333.441933789 0.0
-332.441933789 0.0
-331.441933789 0.0
-330.441933789 0.0
-329.441933789 0.0
-328.441933789 0.0
-327.441933789 0.0
-326.441933789 0.0
-325.441933789 0.0
-324.441933789 0.0
-323.441933789 0.0
-322.441933789 0.0
-321.441933789 0.0
-320.441933789 0.0
-319.441933789 0.0
-318.441933789 0.0
-317.441933789 0.0
-316.441933789 0.0
-315.441933789 0.0
-314.441933789 0.0
-313.441933789 0.0
-312.441933789 0.0
-311.441933789 0.0
-310.441933789 0.0
-309.441933789 0.0
-308.441933789 0.0
-307.441933789 0.0
-306.441933789 0.0
-305.441933789 0.0
-304.441933789 0.0
-303.441933789 0.0
-302.441933789 0.0
-301.441933789 0.0
-300.441933789 0.0
-299.441933789 0.0
-298.441933789 0.0
-297.441933789 0.0
-296.441933789 0.0
-295.441933789 0.0
-294.441933789 0.0
-293.441933789 0.0
-292.441933789 0.0
-291.441933789 0.0
-290.441933789 0.0
-289.441933789 0.0
-288.441933789 0.0
-287.441933789 0.0
-286.441933789 0.0
-285.441933789 0.0
-284.441933789 0.0
-283.441933789 0.0
-282.441933789 0.0
-281.441933789 0.0
-280.441933789 0.0
-279.441933789 0.0
-278.441933789 0.0
-277.441933789 0.0
-276.441933789 0.0
-275.441933789 0.0
-274.441933789 0.0
-273.441933789 0.0
-272.441933789 0.0
-271.441933789 0.0
-270.441933789 0.0
-269.441933789 0.0
-268.441933789 0.0
-267.441933789 0.0
-266.441933789 0.0
-265.441933789 0.0
-264.441933789 0.0
-263.441933789 0.0
-262.441933789 0.0
-261.441933789 0.0
-260.441933789 0.0
-259.441933789 0.0
-258.441933789 0.0
-257.441933789 0.0
-256.441933789 0.0
-255.441933789 0.0
-254.441933789 0.0
-253.441933789 0.0
-252.441933789 0.0
-251.441933789 0.0
-250.441933789 0.0
-249.441933789 0.0
-248.441933789 0.0
-247.441933789 0.0
-246.441933789 0.0
-245.441933789 0.0
-244.441933789 0.0
-243.441933789 0.0
-242.441933789 0.0
-241.441933789 0.0
-240.441933789 0.0
-239.441933789 0.0
-238.441933789 0.0
-237.441933789 0.0
-236.441933789 0.0
-235.441933789 0.0
-234.441933789 0.0
-233.441933789 0.0
-232.441933789 0.0
-231.441933789 0.0
-230.441933789 0.0
-229.441933789 0.0
-228.441933789 0.0
-227.441933789 0.0
-226.441933789 0.0
-225.441933789 0.0
-224.441933789 0.0
-223.441933789 0.0
-222.441933789 0.0
-221.441933789 0.0
-220.441933789 0.0
-219.441933789 0.0
-218.441933789 0.0
-217.441933789 0.0
-216.441933789 0.0
-215.441933789 0.0
-214.441933789 0.0
-213.441933789 0.0
-212.441933789 0.0
-211.441933789 0.0
-210.441933789 0.0
-209.441933789 0.0
-208.441933789 0.0
-207.441933789 0.0
-206.441933789 0.0
-205.441933789 0.0
-204.441933789 0.0
-203.441933789 0.0
-202.441933789 0.0
-201.441933789 0.0
-200.441933789 0.0
-199.441933789 0.0
-198.441933789 0.0
-197.441933789 0.0
-196.441933789 0.0
-195.441933789 0.0
-194.441933789 0.0
-193.441933789 0.0
-192.441933789 0.0
-191.441933789 0.0
-190.441933789 0.0
-189.441933789 0.0
-188.441933789 0.0
-187.441933789 0.0
-186.441933789 0.0
-185.441933789 0.0
-184.441933789 0.0
-183.441933789 0.0
-182.441933789 0.0
-181.441933789 0.0
-180.441933789 0.0
-179.441933789 0.0
-178.441933789 0.0
-177.441933789 0.0
-176.441933789 0.0
-175.441933789 0.0
-174.441933789 0.0
-173.441933789 0.0
-172.441933789 0.0
-171.441933789 0.0
-170.441933789 0.0
-169.441933789 0.0
-168.441933789 0.0
-167.441933789 0.0
-166.441933789 0.0
-165.441933789 0.0
-164.441933789 0.0
-163.441933789 0.0
-162.441933789 0.0
-161.441933789 0.0
-160.441933789 0.0
-159.441933789 0.0
-158.441933789 0.0
-157.441933789 0.0
-156.441933789 0.0
-155.441933789 0.0
-154.441933789 0.0
-153.441933789 0.0
-152.441933789 0.0
-151.441933789 0.0
-150.441933789 0.0
-149.441933789 0.0
-148.441933789 0.0
-147.441933789 0.0
-146.441933789 0.0
-145.441933789 0.0
-144.441933789 0.0
-143.441933789 0.0
-142.441933789 0.0
-141.441933789 0.0
-140.441933789 0.0
-139.441933789 0.0
-138.441933789 0.0
-137.441933789 0.0
-136.441933789 0.0
-135.441933789 0.0
-134.441933789 0.0
-133.441933789 0.0
-132.441933789 0.0
-131.441933789 0.0
-130.441933789 0.0
-129.441933789 0.0
-128.441933789 0.0
-127.441933789 0.0
-126.441933789 0.0
-125.441933789 0.000000e+00
-124.916447714 0.000000e+00
-124.39096164 0.000000e+00
-123.865475565 0.000000e+00
-123.33998949 0.000000e+00
-122.814503416 0.000000e+00
-122.289017341 0.000000e+00
-121.763531266 0.000000e+00
-121.238045192 0.000000e+00
-120.712559117 0.000000e+00
-120.187073043 0.000000e+00
-119.661586968 0.000000e+00
-119.136100893 0.000000e+00
-118.610614819 0.000000e+00
-118.085128744 0.000000e+00
-117.559642669 0.000000e+00
-117.034156595 0.000000e+00
-116.50867052 0.000000e+00
-115.983184446 0.000000e+00
-115.457698371 0.000000e+00
-114.932212296 0.000000e+00
-114.406726222 0.000000e+00
-113.881240147 0.000000e+00
-113.355754073 0.000000e+00
-112.830267998 0.000000e+00
-112.304781923 0.000000e+00
-111.779295849 0.000000e+00
-111.253809774 0.000000e+00
-110.728323699 0.000000e+00
-110.202837625 0.000000e+00
-109.67735155 0.000000e+00
-109.151865476 0.000000e+00
-108.626379401 0.000000e+00
-108.100893326 0.000000e+00
-107.575407252 0.000000e+00
-107.049921177 0.000000e+00
-106.524435102 0.000000e+00
-105.998949028 0.000000e+00
-105.473462953 0.000000e+00
-104.947976879 0.000000e+00
-104.422490804 0.000000e+00
-103.897004729 0.000000e+00
-103.371518655 0.000000e+00
-102.84603258 0.000000e+00
-102.320546506 0.000000e+00
-101.795060431 0.000000e+00
-101.269574356 0.000000e+00
-100.744088282 0.000000e+00
-100.218602207 0.000000e+00
-99.6931161324 0.000000e+00
-99.1676300578 0.000000e+00
-98.6421439832 0.000000e+00
-98.1166579086 0.000000e+00
-97.5911718339 0.000000e+00
-97.0656857593 0.000000e+00
-96.5401996847 0.000000e+00
-96.0147136101 0.000000e+00
-95.4892275355 0.000000e+00
-94.9637414609 0.000000e+00
-94.4382553862 0.000000e+00
-93.9127693116 0.000000e+00
-93.387283237 0.000000e+00
-92.8617971624 0.000000e+00
-92.3363110878 0.000000e+00
-91.8108250131 0.000000e+00
-91.2853389385 0.000000e+00
-90.7598528639 0.000000e+00
-90.2343667893 0.000000e+00
-89.7088807147 0.000000e+00
-89.18339464 0.000000e+00
-88.6579085654 0.000000e+00
-88.1324224908 0.000000e+00
-87.6069364162 0.000000e+00
-87.0814503416 0.000000e+00
-86.5559642669 0.000000e+00
-86.0304781923 0.000000e+00
-85.5049921177 0.000000e+00
-84.9795060431 0.000000e+00
-84.4540199685 0.000000e+00
-83.9285338939 0.000000e+00
-83.4030478192 0.000000e+00
-82.8775617446 0.000000e+00
-82.35207567 0.000000e+00
-81.8265895954 0.000000e+00
-81.3011035208 0.000000e+00
-80.7756174461 0.000000e+00
-80.2501313715 0.000000e+00
-79.7246452969 0.000000e+00
-79.1991592223 0.000000e+00
-78.6736731477 0.000000e+00
-78.148187073 0.000000e+00
-77.6227009984 0.000000e+00
-77.0972149238 0.000000e+00
-76.5717288492 0.000000e+00
-76.0462427746 0.000000e+00
-75.5207566999 0.000000e+00
-74.9952706253 0.000000e+00
-74.4697845507 0.000000e+00
-73.9442984761 0.000000e+00
-73.4188124015 0.000000e+00
-72.8933263269 0.000000e+00
-72.3678402522 0.000000e+00
-71.8423541776 0.000000e+00
-71.316868103 0.000000e+00
-70.7913820284 0.000000e+00
-70.2658959538 0.000000e+00
-69.7404098791 0.000000e+00
-69.2149238045 0.000000e+00
-68.6894377299 0.000000e+00
-68.1639516553 0.000000e+00
-67.6384655807 0.000000e+00
-67.112979506 0.000000e+00
-66.5874934314 0.000000e+00
-66.0620073568 0.000000e+00
-65.5365212822 0.000000e+00
-65.0110352076 0.000000e+00
-64.4855491329 0.000000e+00
-63.9600630583 0.000000e+00
-63.4345769837 0.000000e+00
-62.9090909091 0.000000e+00
-62.3836048345 0.000000e+00
-61.8581187599 0.000000e+00
-61.3326326852 0.000000e+00
-60.8071466106 0.000000e+00
-60.281660536 0.000000e+00
-59.7561744614 0.000000e+00
-59.2306883868 0.000000e+00
-58.7052023121 0.000000e+00
-58.1797162375 0.000000e+00
-57.6542301629 0.000000e+00
-57.1287440883 0.000000e+00
-56.6032580137 0.000000e+00
-56.077771939 0.000000e+00
-55.5522858644 0.000000e+00
-55.0267997898 0.000000e+00
-54.5013137152 0.000000e+00
-53.9758276406 0.000000e+00
-53.4503415659 0.000000e+00
-52.9248554913 0.000000e+00
-52.3993694167 0.000000e+00
-51.8738833421 0.000000e+00
-51.3483972675 0.000000e+00
-50.8229111929 0.000000e+00
-50.2974251182 0.000000e+00
-49.7719390436 0.000000e+00
-49.246452969 0.000000e+00
-48.7209668944 0.000000e+00
-48.1954808198 0.000000e+00
-47.6699947451 0.000000e+00
-47.1445086705 0.000000e+00
-46.6190225959 0.000000e+00
-46.0935365213 0.000000e+00
-45.5680504467 0.000000e+00
-45.042564372 0.000000e+00
-44.5170782974 0.000000e+00
-43.9915922228 0.000000e+00
-43.4661061482 0.000000e+00
-42.9406200736 0.000000e+00
-42.4151339989 0.000000e+00
-41.8896479243 0.000000e+00
-41.3641618497 0.000000e+00
-40.8386757751 0.000000e+00
-40.3131897005 0.000000e+00
-39.7877036259 0.000000e+00
-39.2622175512 0.000000e+00
-38.7367314766 0.000000e+00
-38.211245402 0.000000e+00
-37.6857593274 0.000000e+00
-37.1602732528 0.000000e+00
-36.6347871781 0.000000e+00
-36.1093011035 0.000000e+00
-35.5838150289 0.000000e+00
-35.0583289543 0.000000e+00
-34.5328428797 0.000000e+00
-34.007356805 0.000000e+00
-33.4818707304 0.000000e+00
-32.9563846558 0.000000e+00
-32.4308985812 0.000000e+00
-31.9054125066 0.000000e+00
-31.3799264319 0.000000e+00
-30.8544403573 0.000000e+00
-30.3289542827 0.000000e+00
-29.8034682081 0.000000e+00
-29.2779821335 0.000000e+00
-28.7524960589 0.000000e+00
-28.2270099842 0.000000e+00
-27.7015239096 0.000000e+00
-27.176037835 0.000000e+00
-26.6505517604 0.000000e+00
-26.1250656858 0.000000e+00
-25.5995796111 0.000000e+00
-25.0740935365 0.000000e+00
-24.5486074619 0.000000e+00
-24.0231213873 0.000000e+00
-23.4976353127 0.000000e+00
-22.972149238 0.000000e+00
-22.4466631634 0.000000e+00
-21.9211770888 0.000000e+00
-21.3956910142 0.000000e+00
-20.8702049396 0.000000e+00
-20.344718865 0.000000e+00
-19.8192327903 0.000000e+00
-19.2937467157 0.000000e+00
-18.7682606411 0.000000e+00
-18.2427745665 0.000000e+00
-17.7172884919 0.000000e+00
-17.1918024172 0.000000e+00
-16.6663163426 0.000000e+00
-16.140830268 0.000000e+00
-15.6153441934 0.000000e+00
-15.0898581188 0.000000e+00
-14.5643720441 0.000000e+00
-14.0388859695 0.000000e+00
-13.5133998949 0.000000e+00
-12.9879138203 0.000000e+00
-12.4624277457 0.000000e+00
-11.936941671 0.000000e+00
-11.4114555964 0.000000e+00
-10.8859695218 0.000000e+00
-10.3604834472 0.000000e+00
-9.83499737257 0.000000e+00
-9.30951129795 0.000000e+00
-8.78402522333 0.000000e+00
-8.25853914871 0.000000e+00
-7.73305307409 0.000000e+00
-7.20756699947 0.000000e+00
-6.68208092486 0.000000e+00
-6.15659485024 0.000000e+00
-5.63110877562 0.000000e+00
-5.105622701 0.000000e+00
-4.58013662638 0.000000e+00
-4.05465055176 0.000000e+00
-3.52916447714 0.000000e+00
-3.00367840252 0.000000e+00
-2.4781923279 0.000000e+00
-1.95270625328 0.000000e+00
-1.42722017867 0.000000e+00
-0.901734104046 0.000000e+00
-0.376248029427 0.000000e+00
0.149238045192 1.000000e+00
0.674724119811 0.000000e+00
1.20021019443 0.000000e+00
1.72569626905 0.000000e+00
2.25118234367 0.000000e+00
2.77666841829 0.000000e+00
3.30215449291 0.000000e+00
3.82764056752 0.000000e+00
4.35312664214 0.000000e+00
4.87861271676 0.000000e+00
5.40409879138 0.000000e+00
5.929584866 0.000000e+00
6.45507094062 0.000000e+00
6.98055701524 0.000000e+00
7.50604308986 0.000000e+00
8.03152916448 0.000000e+00
8.5570152391 0.000000e+00
9.08250131372 0.000000e+00
9.60798738833 0.000000e+00
10.133473463 0.000000e+00
10.6589595376 0.000000e+00
11.1844456122 0.000000e+00
11.7099316868 0.000000e+00
12.2354177614 0.000000e+00
12.760903836 0.000000e+00
13.2863899107 0.000000e+00
13.8118759853 0.000000e+00
14.3373620599 0.000000e+00
14.8628481345 0.000000e+00
15.3883342091 0.000000e+00
15.9138202838 0.000000e+00
16.4393063584 0.000000e+00
16.964792433 0.000000e+00
17.4902785076 0.000000e+00
18.0157645822 0.000000e+00
18.5412506569 0.000000e+00
19.0667367315 0.000000e+00
19.5922228061 0.000000e+00
20.1177088807 0.000000e+00
20.6431949553 0.000000e+00
21.16868103 0.000000e+00
21.6941671046 0.000000e+00
22.2196531792 0.000000e+00
22.7451392538 0.000000e+00
23.2706253284 0.000000e+00
23.796111403 0.000000e+00
24.3215974777 0.000000e+00
24.8470835523 0.000000e+00
25.3725696269 0.000000e+00
25.8980557015 0.000000e+00
26.4235417761 0.000000e+00
26.9490278508 0.000000e+00
27.4745139254 0.000000e+00
28.0 0.000000e+00
28.5254860746 0.000000e+00
29.0509721492 0.000000e+00
29.5764582239 0.000000e+00
30.1019442985 0.000000e+00
30.6274303731 0.000000e+00
31.1529164477 0.000000e+00
31.6784025223 0.000000e+00
32.203888597 0.000000e+00
32.7293746716 0.000000e+00
33.2548607462 0.000000e+00
33.7803468208 0.000000e+00
34.3058328954 0.000000e+00
34.83131897 0.000000e+00
35.3568050447 0.000000e+00
35.8822911193 0.000000e+00
36.4077771939 0.000000e+00
36.9332632685 0.000000e+00
37.4587493431 0.000000e+00
37.9842354178 0.000000e+00
38.5097214924 0.000000e+00
39.035207567 0.000000e+00
39.5606936416 0.000000e+00
40.0861797162 0.000000e+00
40.6116657909 0.000000e+00
41.1371518655 0.000000e+00
41.6626379401 0.000000e+00
42.1881240147 0.000000e+00
42.7136100893 0.000000e+00
43.239096164 0.000000e+00
43.7645822386 0.000000e+00
44.2900683132 0.000000e+00
44.8155543878 0.000000e+00
45.3410404624 0.000000e+00
45.866526537 0.000000e+00
46.3920126117 0.000000e+00
46.9174986863 0.000000e+00
47.4429847609 0.000000e+00
47.9684708355 0.000000e+00
48.4939569101 0.000000e+00
49.0194429848 0.000000e+00
49.5449290594 0.000000e+00
50.070415134 0.000000e+00
50.5959012086 0.000000e+00
51.1213872832 0.000000e+00
51.6468733579 0.000000e+00
52.1723594325 0.000000e+00
52.6978455071 0.000000e+00
53.2233315817 0.000000e+00
53.7488176563 0.000000e+00
54.274303731 0.000000e+00
54.7997898056 0.000000e+00
55.3252758802 0.000000e+00
55.8507619548 0.000000e+00
56.3762480294 0.000000e+00
56.901734104 0.000000e+00
57.4272201787 0.000000e+00
57.9527062533 0.000000e+00
58.4781923279 0.000000e+00
59.0036784025 0.000000e+00
59.5291644771 0.000000e+00
60.0546505518 0.000000e+00
60.5801366264 0.000000e+00
61.105622701 0.000000e+00
61.6311087756 0.000000e+00
62.1565948502 0.000000e+00
62.6820809249 0.000000e+00
63.2075669995 0.000000e+00
63.7330530741 0.000000e+00
64.2585391487 0.000000e+00
64.7840252233 0.000000e+00
65.309511298 0.000000e+00
65.8349973726 0.000000e+00
66.3604834472 0.000000e+00
66.8859695218 0.000000e+00
67.4114555964 0.000000e+00
67.936941671 0.000000e+00
68.4624277457 0.000000e+00
68.9879138203 0.000000e+00
69.5133998949 0.000000e+00
70.0388859695 0.000000e+00
70.5643720441 0.000000e+00
71.0898581188 0.000000e+00
71.6153441934 0.000000e+00
72.140830268 0.000000e+00
72.6663163426 0.000000e+00
73.1918024172 0.000000e+00
73.7172884919 0.000000e+00
74.2427745665 0.000000e+00
74.7682606411 0.000000e+00
75.2937467157 0.000000e+00
75.8192327903 0.000000e+00
76.344718865 0.000000e+00
76.8702049396 0.000000e+00
77.3956910142 0.000000e+00
77.9211770888 0.000000e+00
78.4466631634 0.000000e+00
78.972149238 0.000000e+00
79.4976353127 0.000000e+00
80.0231213873 0.000000e+00
80.5486074619 0.000000e+00
81.0740935365 0.000000e+00
81.5995796111 0.000000e+00
82.1250656858 0.000000e+00
82.6505517604 0.000000e+00
83.176037835 0.000000e+00
83.7015239096 0.000000e+00
84.2270099842 0.000000e+00
84.7524960589 0.000000e+00
85.2779821335 0.000000e+00
85.8034682081 0.000000e+00
86.3289542827 0.000000e+00
86.8544403573 0.000000e+00
87.3799264319 0.000000e+00
87.9054125066 0.000000e+00
88.4308985812 0.000000e+00
88.9563846558 0.000000e+00
89.4818707304 0.000000e+00
90.007356805 0.000000e+00
90.5328428797 0.000000e+00
91.0583289543 0.000000e+00
91.5838150289 0.000000e+00
92.1093011035 0.000000e+00
92.6347871781 0.000000e+00
93.1602732528 0.000000e+00
93.6857593274 0.000000e+00
94.211245402 0.000000e+00
94.7367314766 0.000000e+00
95.2622175512 0.000000e+00
95.7877036259 0.000000e+00
96.3131897005 0.000000e+00
96.8386757751 0.000000e+00
97.3641618497 0.000000e+00
97.8896479243 0.000000e+00
98.4151339989 0.000000e+00
98.9406200736 0.000000e+00
99.4661061482 0.000000e+00
99.9915922228 0.000000e+00
100.517078297 0.000000e+00
101.042564372 0.000000e+00
101.568050447 0.000000e+00
102.093536521 0.000000e+00
102.619022596 0.000000e+00
103.144508671 0.000000e+00
103.669994745 0.000000e+00
104.19548082 0.000000e+00
104.720966894 0.000000e+00
105.246452969 0.000000e+00
105.771939044 0.000000e+00
106.297425118 0.000000e+00
106.822911193 0.000000e+00
107.348397267 0.000000e+00
107.873883342 0.000000e+00
108.399369417 0.000000e+00
108.924855491 0.000000e+00
109.450341566 0.000000e+00
109.975827641 0.000000e+00
110.501313715 0.000000e+00
111.02679979 0.000000e+00
111.552285864 0.000000e+00
112.077771939 0.000000e+00
112.603258014 0.000000e+00
113.128744088 0.000000e+00
113.654230163 0.000000e+00
114.179716238 0.000000e+00
114.705202312 0.000000e+00
115.230688387 0.000000e+00
115.756174461 0.000000e+00
116.281660536 0.000000e+00
116.807146611 0.000000e+00
117.332632685 0.000000e+00
117.85811876 0.000000e+00
118.383604834 0.000000e+00
118.909090909 0.000000e+00
119.434576984 0.000000e+00
119.960063058 0.000000e+00
120.485549133 0.000000e+00
121.011035208 0.000000e+00
121.536521282 0.000000e+00
122.062007357 0.000000e+00
122.587493431 0.000000e+00
123.112979506 0.000000e+00
123.638465581 0.000000e+00
124.163951655 0.000000e+00
124.68943773 0.000000e+00
125.214923805 0.000000e+00
125.740409879 0.000000e+00
126.265895954 0.000000e+00
126.791382028 0.000000e+00
127.316868103 0.000000e+00
127.842354178 0.000000e+00
128.367840252 0.000000e+00
128.893326327 0.000000e+00
129.418812401 0.000000e+00
129.944298476 0.000000e+00
130.469784551 0.000000e+00
130.995270625 0.000000e+00
131.5207567 0.000000e+00
132.046242775 0.000000e+00
132.571728849 0.000000e+00
133.097214924 0.000000e+00
133.622700998 0.000000e+00
134.148187073 0.000000e+00
134.673673148 0.000000e+00
135.199159222 0.000000e+00
135.724645297 0.000000e+00
136.250131372 0.000000e+00
136.775617446 0.000000e+00
137.301103521 0.000000e+00
137.826589595 0.000000e+00
138.35207567 0.000000e+00
138.877561745 0.000000e+00
139.403047819 0.000000e+00
139.928533894 0.000000e+00
140.454019968 0.000000e+00
140.979506043 0.000000e+00
141.504992118 0.000000e+00
142.030478192 0.000000e+00
142.555964267 0.000000e+00
143.081450342 0.000000e+00
143.606936416 0.000000e+00
144.132422491 0.000000e+00
144.657908565 0.000000e+00
145.18339464 0.000000e+00
145.708880715 0.000000e+00
146.234366789 0.000000e+00
146.759852864 0.000000e+00
147.285338939 0.000000e+00
147.810825013 0.000000e+00
148.336311088 0.000000e+00
148.861797162 0.000000e+00
149.387283237 0.000000e+00
149.912769312 0.000000e+00
150.438255386 0.000000e+00
150.963741461 0.000000e+00
151.489227535 0.000000e+00
152.01471361 0.000000e+00
152.540199685 0.000000e+00
153.065685759 0.000000e+00
153.591171834 0.000000e+00
154.116657909 0.000000e+00
154.642143983 0.000000e+00
155.167630058 0.000000e+00
155.693116132 0.000000e+00
156.218602207 0.000000e+00
156.744088282 0.000000e+00
157.269574356 0.000000e+00
157.795060431 0.000000e+00
158.320546506 0.000000e+00
158.84603258 0.000000e+00
159.371518655 0.000000e+00
159.897004729 0.000000e+00
160.422490804 0.000000e+00
160.947976879 0.000000e+00
161.473462953 0.000000e+00
161.998949028 0.000000e+00
162.524435102 0.000000e+00
163.049921177 0.000000e+00
163.575407252 0.000000e+00
164.100893326 0.000000e+00
164.626379401 0.000000e+00
165.151865476 0.000000e+00
165.67735155 0.000000e+00
166.202837625 0.000000e+00
166.728323699 0.000000e+00
167.253809774 0.000000e+00
167.779295849 0.000000e+00
168.304781923 0.000000e+00
168.830267998 0.000000e+00
169.355754073 0.000000e+00
169.881240147 0.000000e+00
170.406726222 0.000000e+00
170.932212296 0.000000e+00
171.457698371 0.000000e+00
171.983184446 0.000000e+00
172.50867052 0.000000e+00
173.034156595 0.000000e+00
173.559642669 0.000000e+00
174.085128744 0.000000e+00
174.610614819 0.000000e+00
175.136100893 0.000000e+00
175.661586968 0.000000e+00
176.187073043 0.000000e+00
176.712559117 0.000000e+00
177.238045192 0.000000e+00
177.763531266 0.000000e+00
178.289017341 0.000000e+00
178.814503416 0.000000e+00
179.33998949 0.000000e+00
179.865475565 0.000000e+00
180.39096164 0.000000e+00
180.916447714 0.000000e+00
181.441933789 0.000000e+00
181.967419863 0.000000e+00
182.492905938 0.000000e+00
183.018392013 0.000000e+00
183.543878087 0.000000e+00
184.069364162 0.000000e+00
184.594850236 0.000000e+00
185.120336311 0.000000e+00
185.645822386 0.000000e+00
186.17130846 0.000000e+00
186.696794535 0.000000e+00
187.22228061 0.000000e+00
187.747766684 0.000000e+00
188.273252759 0.000000e+00
188.798738833 0.000000e+00
189.324224908 0.000000e+00
189.849710983 0.000000e+00
190.375197057 0.000000e+00
190.900683132 0.000000e+00
191.426169207 0.000000e+00
191.951655281 0.000000e+00
192.477141356 0.000000e+00
193.00262743 0.000000e+00
193.528113505 0.000000e+00
194.05359958 0.000000e+00
194.579085654 0.000000e+00
195.104571729 0.000000e+00
195.630057803 0.000000e+00
196.155543878 0.000000e+00
196.681029953 0.000000e+00
197.206516027 0.000000e+00
197.732002102 0.000000e+00
198.257488177 0.000000e+00
198.782974251 0.000000e+00
199.308460326 0.000000e+00
199.8339464 0.000000e+00
200.359432475 0.000000e+00
200.88491855 0.000000e+00
201.410404624 0.000000e+00
201.935890699 0.000000e+00
202.461376774 0.000000e+00
202.986862848 0.000000e+00
203.512348923 0.000000e+00
204.037834997 0.000000e+00
204.563321072 0.000000e+00
205.088807147 0.000000e+00
205.614293221 0.000000e+00
206.139779296 0.000000e+00
206.66526537 0.000000e+00
207.190751445 0.000000e+00
207.71623752 0.000000e+00
208.241723594 0.000000e+00
208.767209669 0.000000e+00
209.292695744 0.000000e+00
209.818181818 0.000000e+00
210.343667893 0.000000e+00
210.869153967 0.000000e+00
211.394640042 0.000000e+00
211.920126117 0.000000e+00
212.445612191 0.000000e+00
212.971098266 0.000000e+00
213.496584341 0.000000e+00
214.022070415 0.000000e+00
214.54755649 0.000000e+00
215.073042564 0.000000e+00
215.598528639 0.000000e+00
216.124014714 0.000000e+00
216.649500788 0.000000e+00
217.174986863 0.000000e+00
217.700472937 0.000000e+00
218.225959012 0.000000e+00
218.751445087 0.000000e+00
219.276931161 0.000000e+00
219.802417236 0.000000e+00
220.327903311 0.000000e+00
220.853389385 0.000000e+00
221.37887546 0.000000e+00
221.904361534 0.000000e+00
222.429847609 0.000000e+00
222.955333684 0.000000e+00
223.480819758 0.000000e+00
224.006305833 0.000000e+00
224.531791908 0.000000e+00
225.057277982 0.000000e+00
225.582764057 0.000000e+00
226.108250131 0.000000e+00
226.633736206 0.000000e+00
227.159222281 0.000000e+00
227.684708355 0.000000e+00
228.21019443 0.000000e+00
228.735680504 0.000000e+00
229.261166579 0.000000e+00
229.786652654 0.000000e+00
230.312138728 0.000000e+00
230.837624803 0.000000e+00
231.363110878 0.000000e+00
231.888596952 0.000000e+00
232.414083027 0.000000e+00
232.939569101 0.000000e+00
233.465055176 0.000000e+00
233.990541251 0.000000e+00
234.516027325 0.000000e+00
235.0415134 0.000000e+00
235.566999475 0.000000e+00
236.092485549 0.000000e+00
236.617971624 0.000000e+00
237.143457698 0.000000e+00
237.668943773 0.000000e+00
238.194429848 0.000000e+00
238.719915922 0.000000e+00
239.245401997 0.000000e+00
239.770888071 0.000000e+00
240.296374146 0.000000e+00
240.821860221 0.000000e+00
241.347346295 0.000000e+00
241.87283237 0.000000e+00
242.398318445 0.000000e+00
242.923804519 0.000000e+00
243.449290594 0.000000e+00
243.974776668 0.000000e+00
244.500262743 0.000000e+00
245.025748818 0.000000e+00
245.551234892 0.000000e+00
246.076720967 0.000000e+00
246.602207042 0.000000e+00
247.127693116 0.000000e+00
247.653179191 0.000000e+00
248.178665265 0.000000e+00
248.70415134 0.000000e+00
249.229637415 0.000000e+00
249.755123489 0.000000e+00
250.280609564 0.000000e+00
250.806095638 0.000000e+00
251.331581713 0.000000e+00
251.857067788 0.000000e+00
252.382553862 0.000000e+00
252.908039937 0.000000e+00
253.433526012 0.000000e+00
253.959012086 0.000000e+00
254.484498161 0.000000e+00
255.009984235 0.000000e+00
255.53547031 0.000000e+00
256.060956385 0.000000e+00
256.586442459 0.000000e+00
257.111928534 0.000000e+00
257.637414609 0.000000e+00
258.162900683 0.000000e+00
258.688386758 0.000000e+00
259.213872832 0.000000e+00
259.739358907 0.000000e+00
260.264844982 0.000000e+00
260.790331056 0.000000e+00
261.315817131 0.000000e+00
261.841303205 0.000000e+00
262.36678928 0.000000e+00
262.892275355 0.000000e+00
263.417761429 0.000000e+00
263.943247504 0.000000e+00
264.468733579 0.000000e+00
264.994219653 0.000000e+00
265.519705728 0.000000e+00
266.045191802 0.000000e+00
266.570677877 0.000000e+00
267.096163952 0.000000e+00
267.621650026 0.000000e+00
268.147136101 0.000000e+00
268.672622176 0.000000e+00
269.19810825 0.000000e+00
269.723594325 0.000000e+00
270.249080399 0.000000e+00
270.774566474 0.000000e+00
271.300052549 0.000000e+00
271.825538623 0.000000e+00
272.351024698 0.000000e+00
272.876510772 0.000000e+00
273.401996847 0.000000e+00
273.927482922 0.000000e+00
274.452968996 0.000000e+00
274.978455071 0.000000e+00
275.503941146 0.000000e+00
276.02942722 0.000000e+00
276.554913295 0.000000e+00
277.080399369 0.000000e+00
277.605885444 0.000000e+00
278.131371519 0.000000e+00
278.656857593 0.000000e+00
279.182343668 0.000000e+00
279.707829743 0.000000e+00
280.233315817 0.000000e+00
280.758801892 0.000000e+00
281.284287966 0.000000e+00
281.809774041 0.000000e+00
282.335260116 0.000000e+00
282.86074619 0.000000e+00
283.386232265 0.000000e+00
283.911718339 0.000000e+00
284.437204414 0.000000e+00
284.962690489 0.000000e+00
285.488176563 0.000000e+00
286.013662638 0.000000e+00
286.539148713 0.000000e+00
287.064634787 0.000000e+00
287.590120862 0.000000e+00
288.115606936 0.000000e+00
288.641093011 0.000000e+00
289.166579086 0.000000e+00
289.69206516 0.000000e+00
290.217551235 0.000000e+00
290.74303731 0.000000e+00
291.268523384 0.000000e+00
291.794009459 0.000000e+00
292.319495533 0.000000e+00
292.844981608 0.000000e+00
293.370467683 0.000000e+00
293.895953757 0.000000e+00
294.421439832 0.000000e+00
294.946925906 0.000000e+00
295.472411981 0.000000e+00
295.997898056 0.000000e+00
296.52338413 0.000000e+00
297.048870205 0.000000e+00
297.57435628 0.000000e+00
298.099842354 0.000000e+00
298.625328429 0.000000e+00
299.150814503 0.000000e+00
299.676300578 0.000000e+00
300.201786653 0.000000e+00
300.727272727 0.000000e+00
301.252758802 0.000000e+00
301.778244877 0.000000e+00
302.303730951 0.000000e+00
302.829217026 0.000000e+00
303.3547031 0.000000e+00
303.880189175 0.000000e+00
304.40567525 0.000000e+00
304.931161324 0.000000e+00
305.456647399 0.000000e+00
305.982133473 0.000000e+00
306.507619548 0.000000e+00
307.033105623 0.000000e+00
307.558591697 0.000000e+00
308.084077772 0.000000e+00
308.609563847 0.000000e+00
309.135049921 0.000000e+00
309.660535996 0.000000e+00
310.18602207 0.000000e+00
310.711508145 0.000000e+00
311.23699422 0.000000e+00
311.762480294 0.000000e+00
312.287966369 0.000000e+00
312.813452444 0.000000e+00
313.338938518 0.000000e+00
313.864424593 0.000000e+00
314.389910667 0.000000e+00
314.915396742 0.000000e+00
315.440882817 0.000000e+00
315.966368891 0.000000e+00
316.491854966 0.000000e+00
317.01734104 0.000000e+00
317.542827115 0.000000e+00
318.06831319 0.000000e+00
318.593799264 0.000000e+00
319.119285339 0.000000e+00
319.644771414 0.000000e+00
320.170257488 0.000000e+00
320.695743563 0.000000e+00
321.221229637 0.000000e+00
321.746715712 0.000000e+00
322.272201787 0.000000e+00
322.797687861 0.000000e+00
323.323173936 0.000000e+00
323.848660011 0.000000e+00
324.374146085 0.000000e+00
324.89963216 0.000000e+00
325.425118234 0.000000e+00
325.950604309 0.000000e+00
326.476090384 0.000000e+00
327.001576458 0.000000e+00
327.527062533 0.000000e+00
328.052548607 0.000000e+00
328.578034682 0.000000e+00
329.103520757 0.000000e+00
329.629006831 0.000000e+00
330.154492906 0.000000e+00
330.679978981 0.000000e+00
331.205465055 0.000000e+00
331.73095113 0.000000e+00
332.256437204 0.000000e+00
332.781923279 0.000000e+00
333.307409354 0.000000e+00
333.832895428 0.000000e+00
334.358381503 0.000000e+00
334.883867578 0.000000e+00
335.409353652 0.000000e+00
335.934839727 0.000000e+00
336.460325801 0.000000e+00
336.985811876 0.000000e+00
337.511297951 0.000000e+00
338.036784025 0.000000e+00
338.5622701 0.000000e+00
339.087756174 0.000000e+00
339.613242249 0.000000e+00
340.138728324 0.000000e+00
340.664214398 0.000000e+00
341.189700473 0.000000e+00
341.715186548 0.000000e+00
342.240672622 0.000000e+00
342.766158697 0.000000e+00
343.291644771 0.000000e+00
343.817130846 0.000000e+00
344.342616921 0.000000e+00
344.868102995 0.000000e+00
345.39358907 0.000000e+00
345.919075145 0.000000e+00
346.444561219 0.000000e+00
346.970047294 0.000000e+00
347.495533368 0.000000e+00
348.021019443 0.000000e+00
348.546505518 0.000000e+00
349.071991592 0.000000e+00
349.597477667 0.000000e+00
350.122963741 0.000000e+00
350.648449816 0.000000e+00
351.173935891 0.000000e+00
351.699421965 0.000000e+00
352.22490804 0.000000e+00
352.750394115 0.000000e+00
353.275880189 0.000000e+00
353.801366264 0.000000e+00
354.326852338 0.000000e+00
354.852338413 0.000000e+00
355.377824488 0.000000e+00
355.903310562 0.000000e+00
356.428796637 0.000000e+00
356.954282712 0.000000e+00
357.479768786 0.000000e+00
358.005254861 0.000000e+00
358.530740935 0.000000e+00
359.05622701 0.000000e+00
359.581713085 0.000000e+00
360.107199159 0.000000e+00
360.632685234 0.000000e+00
361.158171308 0.000000e+00
361.683657383 0.000000e+00
362.209143458 0.000000e+00
362.734629532 0.000000e+00
363.260115607 0.000000e+00
363.785601682 0.000000e+00
364.311087756 0.000000e+00
364.836573831 0.000000e+00
365.362059905 0.000000e+00
365.88754598 0.000000e+00
366.413032055 0.000000e+00
366.938518129 0.000000e+00
367.464004204 0.000000e+00
367.989490279 0.000000e+00
368.514976353 0.000000e+00
369.040462428 0.000000e+00
369.565948502 0.000000e+00
370.091434577 0.000000e+00
370.616920652 0.000000e+00
371.142406726 0.000000e+00
371.667892801 0.000000e+00
372.193378875 0.000000e+00
372.71886495 0.000000e+00
373.244351025 0.000000e+00
373.769837099 0.000000e+00
374.295323174 0.000000e+00
374.820809249 0.000000e+00
375.346295323 0.000000e+00
375.871781398 0.000000e+00
376.397267472 0.000000e+00
376.922753547 0.000000e+00
377.448239622 0.000000e+00
377.973725696 0.000000e+00
378.499211771 0.000000e+00
379.024697846 0.000000e+00
379.55018392 0.000000e+00
380.075669995 0.000000e+00
380.601156069 0.000000e+00
381.126642144 0.000000e+00
381.652128219 0.000000e+00
382.177614293 0.000000e+00
382.703100368 0.000000e+00
383.228586442 0.000000e+00
383.754072517 0.000000e+00
384.279558592 0.000000e+00
384.805044666 0.000000e+00
385.330530741 0.000000e+00
385.856016816 0.000000e+00
386.38150289 0.000000e+00
386.906988965 0.000000e+00
387.432475039 0.000000e+00
387.957961114 0.000000e+00
388.483447189 0.000000e+00
389.008933263 0.000000e+00
389.534419338 0.000000e+00
390.059905413 0.000000e+00
390.585391487 0.000000e+00
391.110877562 0.000000e+00
391.636363636 0.000000e+00
392.161849711 0.000000e+00
392.687335786 0.000000e+00
393.21282186 0.000000e+00
393.738307935 0.000000e+00
394.263794009 0.000000e+00
394.789280084 0.000000e+00
395.314766159 0.000000e+00
395.840252233 0.000000e+00
396.365738308 0.000000e+00
396.891224383 0.000000e+00
397.416710457 0.000000e+00
397.942196532 0.000000e+00
398.467682606 0.000000e+00
398.993168681 0.000000e+00
399.518654756 0.000000e+00
400.04414083 0.000000e+00
400.569626905 0.000000e+00
401.09511298 0.000000e+00
401.620599054 0.000000e+00
402.146085129 0.000000e+00
402.671571203 0.000000e+00
403.197057278 0.000000e+00
403.722543353 0.000000e+00
404.248029427 0.000000e+00
404.773515502 0.000000e+00
405.299001576 0.000000e+00
405.824487651 0.000000e+00
406.349973726 0.000000e+00
406.8754598 0.000000e+00
407.400945875 0.000000e+00
407.92643195 0.000000e+00
408.451918024 0.000000e+00
408.977404099 0.000000e+00
409.502890173 0.000000e+00
410.028376248 0.000000e+00
410.553862323 0.000000e+00
411.079348397 0.000000e+00
411.604834472 0.000000e+00
412.130320547 0.000000e+00
412.655806621 0.000000e+00
413.181292696 0.000000e+00
413.70677877 0.000000e+00
414.232264845 0.000000e+00
414.75775092 0.000000e+00
415.283236994 0.000000e+00
415.808723069 0.000000e+00
416.334209143 0.000000e+00
416.859695218 0.000000e+00
417.385181293 0.000000e+00
417.910667367 0.000000e+00
418.436153442 0.000000e+00
418.961639517 0.000000e+00
419.487125591 0.000000e+00
420.012611666 0.000000e+00
420.53809774 0.000000e+00
421.063583815 0.000000e+00
421.58906989 0.000000e+00
422.114555964 0.000000e+00
422.640042039 0.000000e+00
423.165528114 0.000000e+00
423.691014188 0.000000e+00
424.216500263 0.000000e+00
424.741986337 0.000000e+00
425.267472412 0.000000e+00
425.792958487 0.000000e+00
426.318444561 0.000000e+00
426.843930636 0.000000e+00
427.36941671 0.000000e+00
427.894902785 0.000000e+00
428.42038886 0.000000e+00
428.945874934 0.000000e+00
429.471361009 0.000000e+00
429.996847084 0.000000e+00
430.522333158 0.000000e+00
431.047819233 0.000000e+00
431.573305307 0.000000e+00
432.098791382 0.000000e+00
432.624277457 0.000000e+00
433.149763531 0.000000e+00
433.675249606 0.000000e+00
434.200735681 0.000000e+00
434.726221755 0.000000e+00
435.25170783 0.000000e+00
435.777193904 0.000000e+00
436.302679979 0.000000e+00
436.828166054 0.000000e+00
437.353652128 0.000000e+00
437.879138203 0.000000e+00
438.404624277 0.000000e+00
438.930110352 0.000000e+00
439.455596427 0.000000e+00
439.981082501 0.000000e+00
440.506568576 0.000000e+00
441.032054651 0.000000e+00
441.557540725 0.000000e+00
442.0830268 0.000000e+00
442.608512874 0.000000e+00
443.133998949 0.000000e+00
443.659485024 0.000000e+00
444.184971098 0.000000e+00
444.710457173 0.000000e+00
445.235943248 0.000000e+00
445.761429322 0.000000e+00
446.286915397 0.000000e+00
446.812401471 0.000000e+00
447.337887546 0.000000e+00
447.863373621 0.000000e+00
448.388859695 0.000000e+00
448.91434577 0.000000e+00
449.439831844 0.000000e+00
449.965317919 0.000000e+00
450.490803994 0.000000e+00
451.016290068 0.000000e+00
451.541776143 0.000000e+00
452.067262218 0.000000e+00
452.592748292 0.000000e+00
453.118234367 0.000000e+00
453.643720441 0.000000e+00
454.169206516 0.000000e+00
454.694692591 0.000000e+00
455.220178665 0.000000e+00
455.74566474 0.000000e+00
456.271150815 0.000000e+00
456.796636889 0.000000e+00
457.322122964 0.000000e+00
457.847609038 0.000000e+00
458.373095113 0.000000e+00
458.898581188 0.000000e+00
459.424067262 0.000000e+00
459.949553337 0.000000e+00
460.475039411 0.000000e+00
461.000525486 0.000000e+00
461.526011561 0.000000e+00
462.051497635 0.000000e+00
462.57698371 0.000000e+00
463.102469785 0.000000e+00
463.627955859 0.000000e+00
464.153441934 0.000000e+00
464.678928008 0.000000e+00
465.204414083 0.000000e+00
465.729900158 0.000000e+00
466.255386232 0.000000e+00
466.780872307 0.000000e+00
467.306358382 0.000000e+00
467.831844456 0.000000e+00
468.357330531 0.000000e+00
468.882816605 0.000000e+00
469.40830268 0.000000e+00
469.933788755 0.000000e+00
470.459274829 0.000000e+00
470.984760904 0.000000e+00
471.510246978 0.000000e+00
472.035733053 0.000000e+00
472.561219128 0.000000e+00
473.086705202 0.000000e+00
473.612191277 0.000000e+00
474.137677352 0.000000e+00
474.663163426 0.000000e+00
475.188649501 0.000000e+00
475.714135575 0.000000e+00
476.23962165 0.000000e+00
476.765107725 0.000000e+00
477.290593799 0.000000e+00
477.816079874 0.000000e+00
478.341565949 0.000000e+00
478.867052023 0.000000e+00
479.392538098 0.000000e+00
479.918024172 0.000000e+00
480.443510247 0.000000e+00
480.968996322 0.000000e+00
481.494482396 0.000000e+00
482.019968471 0.000000e+00
482.545454545 0.000000e+00
483.07094062 0.000000e+00
483.596426695 0.000000e+00
484.121912769 0.000000e+00
484.647398844 0.000000e+00
485.172884919 0.000000e+00
485.698370993 0.000000e+00
486.223857068 0.000000e+00
486.749343142 0.000000e+00
487.274829217 0.000000e+00
487.800315292 0.000000e+00
488.325801366 0.000000e+00
488.851287441 0.000000e+00
489.376773516 0.000000e+00
489.90225959 0.000000e+00
490.427745665 0.000000e+00
490.953231739 0.000000e+00
491.478717814 0.000000e+00
492.004203889 0.000000e+00
492.529689963 0.000000e+00
493.055176038 0.000000e+00
493.580662112 0.000000e+00
494.106148187 0.000000e+00
494.631634262 0.000000e+00
495.157120336 0.000000e+00
495.682606411 0.000000e+00
496.208092486 0.000000e+00
496.73357856 0.000000e+00
497.259064635 0.000000e+00
497.784550709 0.000000e+00
498.310036784 0.000000e+00
498.835522859 0.000000e+00
499.361008933 0.000000e+00
499.886495008 0.000000e+00
500.411981083 0.000000e+00
500.937467157 0.000000e+00
501.462953232 0.000000e+00
501.988439306 0.000000e+00
502.513925381 0.000000e+00
503.039411456 0.000000e+00
503.56489753 0.000000e+00
504.090383605 0.000000e+00
504.615869679 0.000000e+00
505.141355754 0.000000e+00
505.666841829 0.000000e+00
506.666841829 0.0
507.666841829 0.0
508.666841829 0.0
509.666841829 0.0
510.666841829 0.0
511.666841829 0.0
512.666841829 0.0
513.666841829 0.0
514.666841829 0.0
515.666841829 0.0
516.666841829 0.0
517.666841829 0.0
518.666841829 0.0
519.666841829 0.0
520.666841829 0.0
521.666841829 0.0
522.666841829 0.0
523.666841829 0.0
524.666841829 0.0
525.666841829 0.0
526.666841829 0.0
527.666841829 0.0
528.666841829 0.0
529.666841829 0.0
530.666841829 0.0
531.666841829 0.0
532.666841829 0.0
533.666841829 0.0
534.666841829 0.0
535.666841829 0.0
536.666841829 0.0
537.666841829 0.0
538.666841829 0.0
539.666841829 0.0
540.666841829 0.0
541.666841829 0.0
542.666841829 0.0
543.666841829 0.0
544.666841829 0.0
545.666841829 0.0
546.666841829 0.0
547.666841829 0.0
548.666841829 0.0
549.666841829 0.0
550.666841829 0.0
551.666841829 0.0
552.666841829 0.0
553.666841829 0.0
554.666841829 0.0
555.666841829 0.0
556.666841829 0.0
557.666841829 0.0
558.666841829 0.0
559.666841829 0.0
560.666841829 0.0
561.666841829 0.0
562.666841829 0.0
563.666841829 0.0
564.666841829 0.0
565.666841829 0.0
566.666841829 0.0
567.666841829 0.0
568.666841829 0.0
569.666841829 0.0
570.666841829 0.0
571.666841829 0.0
572.666841829 0.0
573.666841829 0.0
574.666841829 0.0
575.666841829 0.0
576.666841829 0.0
577.666841829 0.0
578.666841829 0.0
579.666841829 0.0
580.666841829 0.0
581.666841829 0.0
582.666841829 0.0
583.666841829 0.0
584.666841829 0.0
585.666841829 0.0
586.666841829 0.0
587.666841829 0.0
588.666841829 0.0
589.666841829 0.0
590.666841829 0.0
591.666841829 0.0
592.666841829 0.0
593.666841829 0.0
594.666841829 0.0
595.666841829 0.0
596.666841829 0.0
597.666841829 0.0
598.666841829 0.0
599.666841829 0.0
600.666841829 0.0
601.666841829 0.0
602.666841829 0.0
603.666841829 0.0
604.666841829 0.0
605.666841829 0.0
606.666841829 0.0
607.666841829 0.0
608.666841829 0.0
609.666841829 0.0
610.666841829 0.0
611.666841829 0.0
612.666841829 0.0
613.666841829 0.0
614.666841829 0.0
615.666841829 0.0
616.666841829 0.0
617.666841829 0.0
618.666841829 0.0
619.666841829 0.0
620.666841829 0.0
621.666841829 0.0
622.666841829 0.0
623.666841829 0.0
624.666841829 0.0
625.666841829 0.0
626.666841829 0.0
627.666841829 0.0
628.666841829 0.0
629.666841829 0.0
630.666841829 0.0
631.666841829 0.0
632.666841829 0.0
633.666841829 0.0
634.666841829 0.0
635.666841829 0.0
636.666841829 0.0
637.666841829 0.0
638.666841829 0.0
639.666841829 0.0
640.666841829 0.0
641.666841829 0.0
642.666841829 0.0
643.666841829 0.0
644.666841829 0.0
645.666841829 0.0
646.666841829 0.0
647.666841829 0.0
648.666841829 0.0
649.666841829 0.0
650.666841829 0.0
651.666841829 0.0
652.666841829 0.0
653.666841829 0.0
654.666841829 0.0
655.666841829 0.0
656.666841829 0.0
657.666841829 0.0
658.666841829 0.0
659.666841829 0.0
660.666841829 0.0
661.666841829 0.0
662.666841829 0.0
663.666841829 0.0
664.666841829 0.0
665.666841829 0.0
666.666841829 0.0
667.666841829 0.0
668.666841829 0.0
669.666841829 0.0
670.666841829 0.0
671.666841829 0.0
672.666841829 0.0
673.666841829 0.0
674.666841829 0.0
675.666841829 0.0
676.666841829 0.0
677.666841829 0.0
678.666841829 0.0
679.666841829 0.0
680.666841829 0.0
681.666841829 0.0
682.666841829 0.0
683.666841829 0.0
684.666841829 0.0
685.666841829 0.0
686.666841829 0.0
687.666841829 0.0
688.666841829 0.0
689.666841829 0.0
690.666841829 0.0
691.666841829 0.0
692.666841829 0.0
693.666841829 0.0
694.666841829 0.0
695.666841829 0.0
696.666841829 0.0
697.666841829 0.0
698.666841829 0.0
699.666841829 0.0
700.666841829 0.0
701.666841829 0.0
702.666841829 0.0
703.666841829 0.0
704.666841829 0.0
705.666841829 0.0
706.666841829 0.0
707.666841829 0.0
708.666841829 0.0
709.666841829 0.0
710.666841829 0.0
711.666841829 0.0
712.666841829 0.0
713.666841829 0.0
714.666841829 0.0
715.666841829 0.0
716.666841829 0.0
717.666841829 0.0
718.666841829 0.0
719.666841829 0.0
720.666841829 0.0
721.666841829 0.0
722.666841829 0.0
723.666841829 0.0
724.666841829 0.0
725.666841829 0.0
726.666841829 0.0
727.666841829 0.0
728.666841829 0.0
729.666841829 0.0
730.666841829 0.0
731.666841829 0.0
732.666841829 0.0
733.666841829 0.0
734.666841829 0.0
735.666841829 0.0
736.666841829 0.0
737.666841829 0.0
738.666841829 0.0
739.666841829 0.0
740.666841829 0.0
741.666841829 0.0
742.666841829 0.0
743.666841829 0.0
744.666841829 0.0
745.666841829 0.0
746.666841829 0.0
747.666841829 0.0
748.666841829 0.0
749.666841829 0.0
750.666841829 0.0
751.666841829 0.0
752.666841829 0.0
753.666841829 0.0
754.666841829 0.0
755.666841829 0.0
756.666841829 0.0
757.666841829 0.0
758.666841829 0.0
759.666841829 0.0
760.666841829 0.0
761.666841829 0.0
762.666841829 0.0
763.666841829 0.0
764.666841829 0.0
765.666841829 0.0
766.666841829 0.0
767.666841829 0.0
768.666841829 0.0
769.666841829 0.0
770.666841829 0.0
771.666841829 0.0
772.666841829 0.0
773.666841829 0.0
774.666841829 0.0
775.666841829 0.0
776.666841829 0.0
777.666841829 0.0
778.666841829 0.0
779.666841829 0.0
780.666841829 0.0
781.666841829 0.0
782.666841829 0.0
783.666841829 0.0
784.666841829 0.0
785.666841829 0.0
786.666841829 0.0
787.666841829 0.0
788.666841829 0.0
789.666841829 0.0
790.666841829 0.0
791.666841829 0.0
792.666841829 0.0
793.666841829 0.0
794.666841829 0.0
795.666841829 0.0
796.666841829 0.0
797.666841829 0.0
798.666841829 0.0
799.666841829 0.0
800.666841829 0.0
801.666841829 0.0
802.666841829 0.0
803.666841829 0.0
804.666841829 0.0
805.666841829 0.0
806.666841829 0.0
807.666841829 0.0
808.666841829 0.0
809.666841829 0.0
810.666841829 0.0
811.666841829 0.0
812.666841829 0.0
813.666841829 0.0
814.666841829 0.0
815.666841829 0.0
816.666841829 0.0
817.666841829 0.0
818.666841829 0.0
819.666841829 0.0
820.666841829 0.0
821.666841829 0.0
822.666841829 0.0
823.666841829 0.0
824.666841829 0.0
825.666841829 0.0
826.666841829 0.0
827.666841829 0.0
828.666841829 0.0
829.666841829 0.0
830.666841829 0.0
831.666841829 0.0
832.666841829 0.0
833.666841829 0.0
834.666841829 0.0
835.666841829 0.0
836.666841829 0.0
837.666841829 0.0
838.666841829 0.0
839.666841829 0.0
840.666841829 0.0
841.666841829 0.0
842.666841829 0.0
843.666841829 0.0
844.666841829 0.0
845.666841829 0.0
846.666841829 0.0
847.666841829 0.0
848.666841829 0.0
849.666841829 0.0
850.666841829 0.0
851.666841829 0.0
852.666841829 0.0
853.666841829 0.0
854.666841829 0.0
855.666841829 0.0
856.666841829 0.0
857.666841829 0.0
858.666841829 0.0
859.666841829 0.0
860.666841829 0.0
861.666841829 0.0
862.666841829 0.0
863.666841829 0.0
864.666841829 0.0
865.666841829 0.0
866.666841829 0.0
867.666841829 0.0
868.666841829 0.0
869.666841829 0.0
870.666841829 0.0
871.666841829 0.0
872.666841829 0.0
873.666841829 0.0
874.666841829 0.0
875.666841829 0.0
876.666841829 0.0
877.666841829 0.0
878.666841829 0.0
879.666841829 0.0
880.666841829 0.0
881.666841829 0.0
882.666841829 0.0
883.666841829 0.0
884.666841829 0.0
885.666841829 0.0
886.666841829 0.0
887.666841829 0.0
888.666841829 0.0
889.666841829 0.0
890.666841829 0.0
891.666841829 0.0
892.666841829 0.0
893.666841829 0.0
894.666841829 0.0
895.666841829 0.0
896.666841829 0.0
897.666841829 0.0
898.666841829 0.0
899.666841829 0.0
900.666841829 0.0
901.666841829 0.0
902.666841829 0.0
903.666841829 0.0
904.666841829 0.0
905.666841829 0.0
906.666841829 0.0
907.666841829 0.0
908.666841829 0.0
909.666841829 0.0
910.666841829 0.0
911.666841829 0.0
912.666841829 0.0
913.666841829 0.0
914.666841829 0.0
915.666841829 0.0
916.666841829 0.0
917.666841829 0.0
918.666841829 0.0
919.666841829 0.0
920.666841829 0.0
921.666841829 0.0
922.666841829 0.0
923.666841829 0.0
924.666841829 0.0
925.666841829 0.0
926.666841829 0.0
927.666841829 0.0
928.666841829 0.0
929.666841829 0.0
930.666841829 0.0
931.666841829 0.0
932.666841829 0.0
933.666841829 0.0
934.666841829 0.0
935.666841829 0.0
936.666841829 0.0
937.666841829 0.0
938.666841829 0.0
939.666841829 0.0
940.666841829 0.0
941.666841829 0.0
942.666841829 0.0
943.666841829 0.0
944.666841829 0.0
945.666841829 0.0
946.666841829 0.0
947.666841829 0.0
948.666841829 0.0
949.666841829 0.0
950.666841829 0.0
951.666841829 0.0
952.666841829 0.0
953.666841829 0.0
954.666841829 0.0
955.666841829 0.0
956.666841829 0.0
957.666841829 0.0
958.666841829 0.0
959.666841829 0.0
960.666841829 0.0
961.666841829 0.0
962.666841829 0.0
963.666841829 0.0
964.666841829 0.0
965.666841829 0.0
966.666841829 0.0
967.666841829 0.0
968.666841829 0.0
969.666841829 0.0
970.666841829 0.0
971.666841829 0.0
972.666841829 0.0
973.666841829 0.0
974.666841829 0.0
975.666841829 0.0
976.666841829 0.0
977.666841829 0.0
978.666841829 0.0
979.666841829 0.0
980.666841829 0.0
981.666841829 0.0
982.666841829 0.0
983.666841829 0.0
984.666841829 0.0
985.666841829 0.0
986.666841829 0.0
987.666841829 0.0
988.666841829 0.0
989.666841829 0.0
990.666841829 0.0
991.666841829 0.0
992.666841829 0.0
993.666841829 0.0
994.666841829 0.0
995.666841829 0.0
996.666841829 0.0
997.666841829 0.0
998.666841829 0.0
999.666841829 0.0
1000.66684183 0.0
1001.66684183 0.0
1002.66684183 0.0
1003.66684183 0.0
1004.66684183 0.0
1005.66684183 0.0
