-741.680519481 0.0
-740.680519481 0.0
-739.680519481 0.0
-738.680519481 0.0
-737.680519481 0.0
-736.680519481 0.0
-735.680519481 0.0
-734.680519481 0.0
-733.680519481 0.0
-732.680519481 0.0
-731.680519481 0.0
-730.680519481 0.0
-729.680519481 0.0
-728.680519481 0.0
-727.680519481 0.0
-726.680519481 0.0
-725.680519481 0.0
-724.680519481 0.0
-723.680519481 0.0
-722.680519481 0.0
-721.680519481 0.0
-720.680519481 0.0
-719.680519481 0.0
-718.680519481 0.0
-717.680519481 0.0
-716.680519481 0.0
-715.680519481 0.0
-714.680519481 0.0
-713.680519481 0.0
-712.680519481 0.0
-711.680519481 0.0
-710.680519481 0.0
-709.680519481 0.0
-708.680519481 0.0
-707.680519481 0.0
-706.680519481 0.0
-705.680519481 0.0
-704.680519481 0.0
-703.680519481 0.0
-702.680519481 0.0
-701.680519481 0.0
-700.680519481 0.0
-699.680519481 0.0
-698.680519481 0.0
-697.680519481 0.0
-696.680519481 0.0
-695.680519481 0.0
-694.680519481 0.0
-693.680519481 0.0
-692.680519481 0.0
-691.680519481 0.0
-690.680519481 0.0
-689.680519481 0.0
-688.680519481 0.0
-687.680519481 0.0
-686.680519481 0.0
-685.680519481 0.0
-684.680519481 0.0
-683.680519481 0.0
-682.680519481 0.0
-681.680519481 0.0
-680.680519481 0.0
-679.680519481 0.0
-678.680519481 0.0
-677.680519481 0.0
-676.680519481 0.0
-675.680519481 0.0
-674.680519481 0.0
-673.680519481 0.0
-672.680519481 0.0
-671.680519481 0.0
-670.680519481 0.0
-669.680519481 0.0
-668.680519481 0.0
-667.680519481 0.0
-666.680519481 0.0
-665.680519481 0.0
-664.680519481 0.0
-663.680519481 0.0
-662.680519481 0.0
-661.680519481 0.0
-660.680519481 0.0
-659.680519481 0.0
-658.680519481 0.0
-657.680519481 0.0
-656.680519481 0.0
-655.680519481 0.0
-654.680519481 0.0
-653.680519481 0.0
-652.680519481 0.0
-651.680519481 0.0
-650.680519481 0.0
-649.680519481 0.0
-648.680519481 0.0
-647.680519481 0.0
-646.680519481 0.0
-645.680519481 0.0
-644.680519481 0.0
-643.680519481 0.0
-642.680519481 0.0
-641.680519481 0.0
-640.680519481 0.0
-639.680519481 0.0
-638.680519481 0.0
-637.680519481 0.0
-636.680519481 0.0
-635.680519481 0.0
-634.680519481 0.0
-633.680519481 0.0
-632.680519481 0.0
-631.680519481 0.0
-630.680519481 0.0
-629.680519481 0.0
-628.680519481 0.0
-627.680519481 0.0
-626.680519481 0.0
-625.680519481 0.0
-624.680519481 0.0
-623.680519481 0.0
-622.680519481 0.0
-621.680519481 0.0
-620.680519481 0.0
-619.680519481 0.0
-618.680519481 0.0
-617.680519481 0.0
-616.680519481 0.0
-615.680519481 0.0
-614.680519481 0.0
-613.680519481 0.0
-612.680519481 0.0
-611.680519481 0.0
-610.680519481 0.0
-609.680519481 0.0
-608.680519481 0.0
-607.680519481 0.0
-606.680519481 0.0
-605.680519481 0.0
-604.680519481 0.0
-603.680519481 0.0
-602.680519481 0.0
-601.680519481 0.0
-600.680519481 0.0
-599.680519481 0.0
-598.680519481 0.0
-597.680519481 0.0
-596.680519481 0.0
-595.680519481 0.0
-594.680519481 0.0
-593.680519481 0.0
-592.680519481 0.0
-591.680519481 0.0
-590.680519481 0.0
-589.680519481 0.0
-588.680519481 0.0
-587.680519481 0.0
-586.680519481 0.0
-585.680519481 0.0
-584.680519481 0.0
-583.680519481 0.0
-582.680519481 0.0
-581.680519481 0.0
-580.680519481 0.0
-579.680519481 0.0
-578.680519481 0.0
-577.680519481 0.0
-576.680519481 0.0
-575.680519481 0.0
-574.680519481 0.0
-573.680519481 0.0
-572.680519481 0.0
-571.680519481 0.0
-570.680519481 0.0
-569.680519481 0.0
-568.680519481 0.0
-567.680519481 0.0
-566.680519481 0.0
-565.680519481 0.0
-564.680519481 0.0
-563.680519481 0.0
-562.680519481 0.0
-561.680519481 0.0
-560.680519481 0.0
-559.680519481 0.0
-558.680519481 0.0
-557.680519481 0.0
-556.680519481 0.0
-555.680519481 0.0
-554.680519481 0.0
-553.680519481 0.0
-552.680519481 0.0
-551.680519481 0.0
-550.680519481 0.0
-549.680519481 0.0
-548.680519481 0.0
-547.680519481 0.0
-546.680519481 0.0
-545.680519481 0.0
-544.680519481 0.0
-543.680519481 0.0
-542.680519481 0.0
-541.680519481 0.0
-540.680519481 0.0
-539.680519481 0.0
-538.680519481 0.0
-537.680519481 0.0
-536.680519481 0.0
-535.680519481 0.0
-534.680519481 0.0
-533.680519481 0.0
-532.680519481 0.0
-531.680519481 0.0
-530.680519481 0.0
-529.680519481 0.0
-528.680519481 0.0
-527.680519481 0.0
-526.680519481 0.0
-525.680519481 0.0
-524.680519481 0.0
-523.680519481 0.0
-522.680519481 0.0
-521.680519481 0.0
-520.680519481 0.0
-519.680519481 0.0
-518.680519481 0.0
-517.680519481 0.0
-516.680519481 0.0
-515.680519481 0.0
-514.680519481 0.0
-513.680519481 0.0
-512.680519481 0.0
-511.680519481 0.0
-510.680519481 0.0
-509.680519481 0.0
-508.680519481 0.0
-507.680519481 0.0
-506.680519481 0.0
-505.680519481 0.0
-504.680519481 0.0
-503.680519481 0.0
-502.680519481 0.0
-501.680519481 0.0
-500.680519481 0.0
-499.680519481 0.0
-498.680519481 0.0
-497.680519481 0.0
-496.680519481 0.0
-495.680519481 0.0
-494.680519481 0.0
-493.680519481 0.0
-492.680519481 0.0
-491.680519481 0.0
-490.680519481 0.0
-489.680519481 0.0
-488.680519481 0.0
-487.680519481 0.0
-486.680519481 0.0
-485.680519481 0.0
-484.680519481 0.0
-483.680519481 0.0
-482.680519481 0.0
-481.680519481 0.0
-480.680519481 0.0
-479.680519481 0.0
-478.680519481 0.0
-477.680519481 0.0
-476.680519481 0.0
-475.680519481 0.0
-474.680519481 0.0
-473.680519481 0.0
-472.680519481 0.0
-471.680519481 0.0
-470.680519481 0.0
-469.680519481 0.0
-468.680519481 0.0
-467.680519481 0.0
-466.680519481 0.0
-465.680519481 0.0
-464.680519481 0.0
-463.680519481 0.0
-462.680519481 0.0
-461.680519481 0.0
-460.680519481 0.0
-459.680519481 0.0
-458.680519481 0.0
-457.680519481 0.0
-456.680519481 0.0
-455.680519481 0.0
-454.680519481 0.0
-453.680519481 0.0
-452.680519481 0.0
-451.680519481 0.0
-450.680519481 0.0
-449.680519481 0.0
-448.680519481 0.0
-447.680519481 0.0
-446.680519481 0.0
-445.680519481 0.0
-444.680519481 0.0
-443.680519481 0.0
-442.680519481 0.0
-441.680519481 0.0
-440.680519481 0.0
-439.680519481 0.0
-438.680519481 0.0
-437.680519481 0.0
-436.680519481 0.0
-435.680519481 0.0
-434.680519481 0.0
-433.680519481 0.0
-432.680519481 0.0
-431.680519481 0.0
-430.680519481 0.0
-429.680519481 0.0
-428.680519481 0.0
-427.680519481 0.0
-426.680519481 0.0
-425.680519481 0.0
-424.680519481 0.0
-423.680519481 0.0
-422.680519481 0.0
-421.680519481 0.0
-420.680519481 0.0
-419.680519481 0.0
-418.680519481 0.0
-417.680519481 0.0
-416.680519481 0.0
-415.680519481 0.0
-414.680519481 0.0
-413.680519481 0.0
-412.680519481 0.0
-411.680519481 0.0
-410.680519481 0.0
-409.680519481 0.0
-408.680519481 0.0
-407.680519481 0.0
-406.680519481 0.0
-405.680519481 0.0
-404.680519481 0.0
-403.680519481 0.0
-402.680519481 0.0
-401.680519481 0.0
-400.680519481 0.0
-399.680519481 0.0
-398.680519481 0.0
-397.680519481 0.0
-396.680519481 0.0
-395.680519481 0.0
-394.680519481 0.0
-393.680519481 0.0
-392.680519481 0.0
-391.680519481 0.0
-390.680519481 0.0
-389.680519481 0.0
-388.680519481 0.0
-387.680519481 0.0
-386.680519481 0.0
-385.680519481 0.0
-384.680519481 0.0
-383.680519481 0.0
-382.680519481 0.0
-381.680519481 0.0
-380.680519481 0.0
-379.680519481 0.0
-378.680519481 0.0
-377.680519481 0.0
-376.680519481 0.0
-375.680519481 0.0
-374.680519481 0.0
-373.680519481 0.0
-372.680519481 0.0
-371.680519481 0.0
-370.680519481 0.0
-369.680519481 0.0
-368.680519481 0.0
-367.680519481 0.0
-366.680519481 0.0
-365.680519481 0.0
-364.680519481 0.0
-363.680519481 0.0
-362.680519481 0.0
-361.680519481 0.0
-360.680519481 0.0
-359.680519481 0.0
-358.680519481 0.0
-357.680519481 0.0
-356.680519481 0.0
-355.680519481 0.0
-354.680519481 0.0
-353.680519481 0.0
-352.680519481 0.0
-351.680519481 0.0
-350.680519481 0.0
-349.680519481 0.0
-348.680519481 0.0
-347.680519481 0.0
-346.680519481 0.0
-345.680519481 0.0
-344.680519481 0.0
-343.680519481 0.0
-342.680519481 0.0
-341.680519481 0.0
-340.680519481 0.0
-339.680519481 0.0
-338.680519481 0.0
-337.680519481 0.0
-336.680519481 0.0
-335.680519481 0.0
-334.680519481 0.0
-333.680519481 0.0
-332.680519481 0.0
-331.680519481 0.0
-330.680519481 0.0
-329.680519481 0.0
-328.680519481 0.0
-327.680519481 0.0
-326.680519481 0.0
-325.680519481 0.0
-324.680519481 0.0
-323.680519481 0.0
-322.680519481 0.0
-321.680519481 0.0
-320.680519481 0.0
-319.680519481 0.0
-318.680519481 0.0
-317.680519481 0.0
-316.680519481 0.0
-315.680519481 0.0
-314.680519481 0.0
-313.680519481 0.0
-312.680519481 0.0
-311.680519481 0.0
-310.680519481 0.0
-309.680519481 0.0
-308.680519481 0.0
-307.680519481 0.0
-306.680519481 0.0
-305.680519481 0.0
-304.680519481 0.0
-303.680519481 0.0
-302.680519481 0.0
-301.680519481 0.0
-300.680519481 0.0
-299.680519481 0.0
-298.680519481 0.0
-297.680519481 0.0
-296.680519481 0.0
-295.680519481 0.0
-294.680519481 0.0
-293.680519481 0.0
-292.680519481 0.0
-291.680519481 0.0
-290.680519481 0.0
-289.680519481 0.0
-288.680519481 0.0
-287.680519481 0.0
-286.680519481 0.0
-285.680519481 0.0
-284.680519481 0.0
-283.680519481 0.0
-282.680519481 0.0
-281.680519481 0.0
-280.680519481 0.0
-279.680519481 0.0
-278.680519481 0.0
-277.680519481 0.0
-276.680519481 0.0
-275.680519481 0.0
-274.680519481 0.0
-273.680519481 0.0
-272.680519481 0.0
-271.680519481 0.0
-270.680519481 0.0
-269.680519481 0.0
-268.680519481 0.0
-267.680519481 0.0
-266.680519481 0.0
-265.680519481 0.0
-264.680519481 0.0
-263.680519481 0.0
-262.680519481 0.0
-261.680519481 0.0
-260.680519481 0.0
-259.680519481 0.0
-258.680519481 0.0
-257.680519481 0.0
-256.680519481 0.0
-255.680519481 0.0
-254.680519481 0.0
-253.680519481 0.0
-252.680519481 0.0
-251.680519481 0.0
-250.680519481 0.0
-249.680519481 0.0
-248.680519481 0.0
-247.680519481 0.0
-246.680519481 0.0
-245.680519481 0.0
-244.680519481 0.0
-243.680519481 0.0
-242.680519481 0.0
-241.680519481 0.000000e+00
-241.031168831 0.000000e+00
-240.381818182 0.000000e+00
-239.732467532 0.000000e+00
-239.083116883 0.000000e+00
-238.433766234 0.000000e+00
-237.784415584 0.000000e+00
-237.135064935 0.000000e+00
-236.485714286 0.000000e+00
-235.836363636 0.000000e+00
-235.187012987 0.000000e+00
-234.537662338 0.000000e+00
-233.888311688 0.000000e+00
-233.238961039 0.000000e+00
-232.58961039 0.000000e+00
-231.94025974 0.000000e+00
-231.290909091 0.000000e+00
-230.641558442 0.000000e+00
-229.992207792 0.000000e+00
-229.342857143 0.000000e+00
-228.693506494 0.000000e+00
-228.044155844 0.000000e+00
-227.394805195 0.000000e+00
-226.745454545 0.000000e+00
-226.096103896 0.000000e+00
-225.446753247 0.000000e+00
-224.797402597 0.000000e+00
-224.148051948 0.000000e+00
-223.498701299 0.000000e+00
-222.849350649 0.000000e+00
-222.2 0.000000e+00
-221.550649351 0.000000e+00
-220.901298701 0.000000e+00
-220.251948052 0.000000e+00
-219.602597403 0.000000e+00
-218.953246753 0.000000e+00
-218.303896104 0.000000e+00
-217.654545455 0.000000e+00
-217.005194805 0.000000e+00
-216.355844156 0.000000e+00
-215.706493506 0.000000e+00
-215.057142857 0.000000e+00
-214.407792208 0.000000e+00
-213.758441558 0.000000e+00
-213.109090909 0.000000e+00
-212.45974026 0.000000e+00
-211.81038961 0.000000e+00
-211.161038961 0.000000e+00
-210.511688312 0.000000e+00
-209.862337662 0.000000e+00
-209.212987013 0.000000e+00
-208.563636364 0.000000e+00
-207.914285714 0.000000e+00
-207.264935065 0.000000e+00
-206.615584416 0.000000e+00
-205.966233766 0.000000e+00
-205.316883117 0.000000e+00
-204.667532468 0.000000e+00
-204.018181818 0.000000e+00
-203.368831169 0.000000e+00
-202.719480519 0.000000e+00
-202.07012987 0.000000e+00
-201.420779221 0.000000e+00
-200.771428571 0.000000e+00
-200.122077922 0.000000e+00
-199.472727273 0.000000e+00
-198.823376623 0.000000e+00
-198.174025974 0.000000e+00
-197.524675325 0.000000e+00
-196.875324675 0.000000e+00
-196.225974026 0.000000e+00
-195.576623377 0.000000e+00
-194.927272727 0.000000e+00
-194.277922078 0.000000e+00
-193.628571429 0.000000e+00
-192.979220779 0.000000e+00
-192.32987013 0.000000e+00
-191.680519481 0.000000e+00
-191.031168831 0.000000e+00
-190.381818182 0.000000e+00
-189.732467532 0.000000e+00
-189.083116883 0.000000e+00
-188.433766234 0.000000e+00
-187.784415584 0.000000e+00
-187.135064935 0.000000e+00
-186.485714286 0.000000e+00
-185.836363636 0.000000e+00
-185.187012987 0.000000e+00
-184.537662338 0.000000e+00
-183.888311688 0.000000e+00
-183.238961039 0.000000e+00
-182.58961039 0.000000e+00
-181.94025974 0.000000e+00
-181.290909091 0.000000e+00
-180.641558442 0.000000e+00
-179.992207792 0.000000e+00
-179.342857143 0.000000e+00
-178.693506494 0.000000e+00
-178.044155844 0.000000e+00
-177.394805195 0.000000e+00
-176.745454545 0.000000e+00
-176.096103896 0.000000e+00
-175.446753247 0.000000e+00
-174.797402597 0.000000e+00
-174.148051948 0.000000e+00
-173.498701299 0.000000e+00
-172.849350649 0.000000e+00
-172.2 0.000000e+00
-171.550649351 0.000000e+00
-170.901298701 0.000000e+00
-170.251948052 0.000000e+00
-169.602597403 0.000000e+00
-168.953246753 0.000000e+00
-168.303896104 0.000000e+00
-167.654545455 0.000000e+00
-167.005194805 0.000000e+00
-166.355844156 0.000000e+00
-165.706493506 0.000000e+00
-165.057142857 0.000000e+00
-164.407792208 0.000000e+00
-155.316883117 0.000000e+00
-154.667532468 0.000000e+00
-154.018181818 0.000000e+00
-153.368831169 0.000000e+00
-152.719480519 0.000000e+00
-152.07012987 0.000000e+00
-151.420779221 0.000000e+00
-150.771428571 0.000000e+00
-150.122077922 0.000000e+00
-149.472727273 0.000000e+00
-148.823376623 0.000000e+00
-148.174025974 0.000000e+00
-147.524675325 0.000000e+00
-146.875324675 0.000000e+00
-146.225974026 0.000000e+00
-145.576623377 0.000000e+00
-144.927272727 0.000000e+00
-144.277922078 0.000000e+00
-143.628571429 0.000000e+00
-142.979220779 0.000000e+00
-142.32987013 0.000000e+00
-141.680519481 0.000000e+00
-141.031168831 0.000000e+00
-140.381818182 0.000000e+00
-139.732467532 0.000000e+00
-139.083116883 0.000000e+00
-138.433766234 0.000000e+00
-137.784415584 0.000000e+00
-137.135064935 0.000000e+00
-136.485714286 0.000000e+00
-135.836363636 0.000000e+00
-135.187012987 0.000000e+00
-134.537662338 0.000000e+00
-133.888311688 0.000000e+00
-133.238961039 0.000000e+00
-132.58961039 0.000000e+00
-131.94025974 0.000000e+00
-131.290909091 0.000000e+00
-130.641558442 0.000000e+00
-129.992207792 0.000000e+00
-129.342857143 0.000000e+00
-128.693506494 0.000000e+00
-128.044155844 0.000000e+00
-127.394805195 0.000000e+00
-126.745454545 0.000000e+00
-126.096103896 0.000000e+00
-125.446753247 0.000000e+00
-124.797402597 0.000000e+00
-124.148051948 0.000000e+00
-123.498701299 0.000000e+00
-122.849350649 0.000000e+00
-122.2 0.000000e+00
-121.550649351 0.000000e+00
-120.901298701 0.000000e+00
-120.251948052 0.000000e+00
-119.602597403 0.000000e+00
-118.953246753 0.000000e+00
-118.303896104 0.000000e+00
-117.654545455 0.000000e+00
-117.005194805 0.000000e+00
-116.355844156 0.000000e+00
-115.706493506 0.000000e+00
-115.057142857 0.000000e+00
-114.407792208 0.000000e+00
-113.758441558 0.000000e+00
-113.109090909 0.000000e+00
-112.45974026 0.000000e+00
-111.81038961 0.000000e+00
-111.161038961 0.000000e+00
-110.511688312 0.000000e+00
-109.862337662 0.000000e+00
-109.212987013 0.000000e+00
-108.563636364 0.000000e+00
-107.914285714 0.000000e+00
-107.264935065 0.000000e+00
-106.615584416 0.000000e+00
-105.966233766 0.000000e+00
-105.316883117 0.000000e+00
-104.667532468 0.000000e+00
-104.018181818 0.000000e+00
-103.368831169 0.000000e+00
-102.719480519 0.000000e+00
-102.07012987 0.000000e+00
-101.420779221 0.000000e+00
-100.771428571 0.000000e+00
-100.122077922 0.000000e+00
-99.4727272727 0.000000e+00
-98.8233766234 0.000000e+00
-98.174025974 0.000000e+00
-97.5246753247 0.000000e+00
-96.8753246753 0.000000e+00
-96.225974026 0.000000e+00
-95.5766233766 0.000000e+00
-94.9272727273 0.000000e+00
-94.2779220779 0.000000e+00
-93.6285714286 0.000000e+00
-92.9792207792 0.000000e+00
-92.3298701299 0.000000e+00
-91.6805194805 0.000000e+00
-91.0311688312 0.000000e+00
-90.3818181818 0.000000e+00
-89.7324675325 0.000000e+00
-89.0831168831 0.000000e+00
-88.4337662338 0.000000e+00
-87.7844155844 0.000000e+00
-87.1350649351 0.000000e+00
-86.4857142857 0.000000e+00
-85.8363636364 0.000000e+00
-85.187012987 0.000000e+00
-84.5376623377 0.000000e+00
-83.8883116883 0.000000e+00
-83.238961039 0.000000e+00
-82.5896103896 0.000000e+00
-81.9402597403 0.000000e+00
-81.2909090909 0.000000e+00
-80.6415584416 0.000000e+00
-79.9922077922 0.000000e+00
-79.3428571429 0.000000e+00
-78.6935064935 0.000000e+00
-78.0441558442 0.000000e+00
-77.3948051948 0.000000e+00
-76.7454545455 0.000000e+00
-76.0961038961 0.000000e+00
-75.4467532468 0.000000e+00
-74.7974025974 0.000000e+00
-74.1480519481 0.000000e+00
-73.4987012987 0.000000e+00
-72.8493506494 0.000000e+00
-72.2 0.000000e+00
-71.5506493506 0.000000e+00
-70.9012987013 0.000000e+00
-70.2519480519 0.000000e+00
-69.6025974026 0.000000e+00
-68.9532467532 0.000000e+00
-68.3038961039 0.000000e+00
-67.6545454545 0.000000e+00
-67.0051948052 0.000000e+00
-66.3558441558 0.000000e+00
-65.7064935065 0.000000e+00
-65.0571428571 0.000000e+00
-64.4077922078 0.000000e+00
-63.7584415584 0.000000e+00
-63.1090909091 0.000000e+00
-62.4597402597 0.000000e+00
-61.8103896104 0.000000e+00
-61.161038961 0.000000e+00
-60.5116883117 0.000000e+00
-59.8623376623 0.000000e+00
-59.212987013 0.000000e+00
-58.5636363636 0.000000e+00
-57.9142857143 0.000000e+00
-57.2649350649 0.000000e+00
-56.6155844156 0.000000e+00
-55.9662337662 0.000000e+00
-55.3168831169 0.000000e+00
-54.6675324675 0.000000e+00
-54.0181818182 0.000000e+00
-53.3688311688 0.000000e+00
-52.7194805195 0.000000e+00
-52.0701298701 0.000000e+00
-51.4207792208 0.000000e+00
-50.7714285714 0.000000e+00
-50.1220779221 0.000000e+00
-49.4727272727 0.000000e+00
-48.8233766234 0.000000e+00
-48.174025974 0.000000e+00
-47.5246753247 0.000000e+00
-46.8753246753 0.000000e+00
-46.225974026 0.000000e+00
-45.5766233766 0.000000e+00
-44.9272727273 0.000000e+00
-44.2779220779 0.000000e+00
-43.6285714286 0.000000e+00
-42.9792207792 0.000000e+00
-42.3298701299 0.000000e+00
-41.6805194805 0.000000e+00
-41.0311688312 0.000000e+00
-40.3818181818 0.000000e+00
-39.7324675325 0.000000e+00
-39.0831168831 0.000000e+00
-38.4337662338 0.000000e+00
-37.7844155844 0.000000e+00
-37.1350649351 0.000000e+00
-36.4857142857 0.000000e+00
-35.8363636364 0.000000e+00
-35.187012987 0.000000e+00
-34.5376623377 0.000000e+00
-33.8883116883 0.000000e+00
-33.238961039 0.000000e+00
-32.5896103896 0.000000e+00
-31.9402597403 0.000000e+00
-31.2909090909 0.000000e+00
-30.6415584416 0.000000e+00
-29.9922077922 0.000000e+00
-29.3428571429 0.000000e+00
-28.6935064935 0.000000e+00
-28.0441558442 0.000000e+00
-27.3948051948 0.000000e+00
-26.7454545455 0.000000e+00
-26.0961038961 0.000000e+00
-25.4467532468 0.000000e+00
-24.7974025974 0.000000e+00
-24.1480519481 0.000000e+00
-23.4987012987 0.000000e+00
-22.8493506494 0.000000e+00
-22.2 0.000000e+00
-21.5506493506 0.000000e+00
-20.9012987013 0.000000e+00
-20.2519480519 0.000000e+00
-19.6025974026 0.000000e+00
-18.9532467532 0.000000e+00
-18.3038961039 0.000000e+00
-17.6545454545 0.000000e+00
-17.0051948052 0.000000e+00
-16.3558441558 0.000000e+00
-15.7064935065 0.000000e+00
-15.0571428571 0.000000e+00
-14.4077922078 0.000000e+00
-13.7584415584 0.000000e+00
-13.1090909091 0.000000e+00
-12.4597402597 0.000000e+00
-11.8103896104 0.000000e+00
-11.161038961 0.000000e+00
-10.5116883117 0.000000e+00
-9.86233766234 0.000000e+00
-9.21298701299 0.000000e+00
-8.56363636364 0.000000e+00
-7.91428571429 0.000000e+00
-7.26493506494 0.000000e+00
-6.61558441558 0.000000e+00
-5.96623376623 0.000000e+00
-5.31688311688 0.000000e+00
-4.66753246753 0.000000e+00
-4.01818181818 0.000000e+00
-3.36883116883 0.000000e+00
-2.71948051948 3.027007e-02
-2.07012987013 5.459609e-02
-1.42077922078 9.164522e-02
-0.771428571429 1.144327e-01
-0.122077922078 1.351656e-01
0.527272727273 1.343431e-01
1.17662337662 1.391972e-01
1.82597402597 1.422911e-01
2.47532467532 1.350200e-01
3.12467532468 1.447560e-01
3.77402597403 1.518150e-01
4.42337662338 1.452211e-01
5.07272727273 1.551372e-01
5.72207792208 1.552152e-01
6.37142857143 1.682566e-01
7.02077922078 1.611038e-01
7.67012987013 1.476224e-01
8.31948051948 1.370851e-01
8.96883116883 1.457130e-01
9.61818181818 1.464441e-01
10.2675324675 1.473352e-01
10.9168831169 1.471066e-01
11.5662337662 1.398184e-01
12.2155844156 1.366621e-01
12.8649350649 1.278623e-01
13.5142857143 1.190975e-01
14.1636363636 1.116061e-01
14.812987013 1.037953e-01
15.4623376623 9.785198e-02
16.1116883117 8.743627e-02
16.761038961 8.451388e-02
17.4103896104 7.983904e-02
18.0597402597 6.650633e-02
18.7090909091 6.497163e-02
19.3584415584 5.473987e-02
20.0077922078 5.314963e-02
20.6571428571 4.656749e-02
21.3064935065 3.925246e-02
21.9558441558 4.006091e-02
22.6051948052 3.913949e-02
23.2545454545 3.576229e-02
23.9038961039 3.128800e-02
24.5532467532 2.584600e-02
25.2025974026 2.480851e-02
25.8519480519 2.304651e-02
26.5012987013 2.050460e-02
27.1506493506 1.853728e-02
27.8 1.805334e-02
28.4493506494 1.682593e-02
29.0987012987 2.103705e-02
29.7480519481 2.416649e-02
30.3974025974 1.172272e-01
31.0467532468 1.752624e-01
31.6961038961 1.885269e-01
32.3454545455 2.056788e-01
32.9948051948 2.037054e-01
33.6441558442 1.972208e-01
34.2935064935 1.965271e-01
34.9428571429 2.461873e-01
35.5922077922 2.987389e-01
36.2415584416 3.127937e-01
36.8909090909 2.915761e-01
37.5402597403 3.292718e-01
38.1896103896 5.682107e-01
38.838961039 8.644030e-01
39.4883116883 9.922852e-01
40.1376623377 9.898394e-01
40.787012987 9.643735e-01
41.4363636364 9.782815e-01
42.0857142857 9.842946e-01
42.7350649351 1.000000e+00
43.3844155844 9.516502e-01
44.0337662338 9.055832e-01
44.6831168831 8.286816e-01
45.3324675325 6.535285e-01
45.9818181818 4.662781e-01
46.6311688312 3.566233e-01
47.2805194805 3.650183e-01
47.9298701299 4.300789e-01
48.5792207792 5.415946e-01
49.2285714286 5.177409e-01
49.8779220779 6.593179e-01
50.5272727273 7.456304e-01
51.1766233766 6.931156e-01
51.825974026 6.425618e-01
52.4753246753 7.161130e-01
53.1246753247 7.572831e-01
53.774025974 6.628455e-01
54.4233766234 6.676383e-01
55.0727272727 6.616877e-01
55.7220779221 5.518862e-01
56.3714285714 4.934611e-01
57.0207792208 4.547941e-01
57.6701298701 3.805424e-01
58.3194805195 3.293792e-01
58.9688311688 2.789641e-01
59.6181818182 2.613782e-01
60.2675324675 2.401262e-01
60.9168831169 2.136905e-01
61.5662337662 1.921468e-01
62.2155844156 1.619422e-01
62.8649350649 1.366333e-01
63.5142857143 1.402513e-01
64.1636363636 1.339702e-01
64.812987013 1.384131e-01
65.4623376623 1.493424e-01
66.1116883117 1.607966e-01
66.761038961 1.525562e-01
67.4103896104 1.487357e-01
68.0597402597 1.765063e-01
68.7090909091 2.446330e-01
69.3584415584 3.125368e-01
70.0077922078 3.298653e-01
70.6571428571 3.153587e-01
71.3064935065 3.151499e-01
71.9558441558 3.846622e-01
72.6051948052 3.782429e-01
73.2545454545 3.263446e-01
73.9038961039 2.918349e-01
74.5532467532 2.612148e-01
75.2025974026 2.289796e-01
75.8519480519 2.102102e-01
76.5012987013 1.896090e-01
77.1506493506 1.765511e-01
77.8 1.582116e-01
78.4493506494 1.533526e-01
79.0987012987 1.445535e-01
79.7480519481 1.279733e-01
80.3974025974 1.147910e-01
81.0467532468 1.139031e-01
81.6961038961 1.026283e-01
82.3454545455 9.338336e-02
82.9948051948 8.926882e-02
83.6441558442 8.538203e-02
84.2935064935 8.035842e-02
84.9428571429 7.001699e-02
85.5922077922 6.758000e-02
86.2415584416 7.230157e-02
86.8909090909 6.516471e-02
87.5402597403 5.915654e-02
88.1896103896 5.351506e-02
88.838961039 5.403423e-02
89.4883116883 4.532328e-02
90.1376623377 4.515286e-02
90.787012987 4.298141e-02
91.4363636364 4.134582e-02
92.0857142857 3.779093e-02
92.7350649351 3.463950e-02
93.3844155844 2.915446e-02
94.0337662338 2.968061e-02
94.6831168831 3.081022e-02
95.3324675325 2.836299e-02
95.9818181818 3.189455e-02
96.6311688312 2.553769e-02
97.2805194805 2.391998e-02
97.9298701299 2.259167e-02
98.5792207792 2.174987e-02
99.2285714286 2.698309e-02
99.8779220779 1.960375e-02
100.527272727 2.132692e-02
101.176623377 1.774260e-02
101.825974026 1.666922e-02
102.475324675 1.802078e-02
103.124675325 1.430015e-02
103.774025974 1.393669e-02
104.423376623 9.153706e-03
105.072727273 1.051891e-02
105.722077922 9.806432e-03
106.371428571 1.001339e-02
107.020779221 8.113389e-03
107.67012987 8.694948e-03
108.319480519 8.512019e-03
108.968831169 7.761220e-03
109.618181818 0.000000e+00
110.267532468 0.000000e+00
110.916883117 1.077062e-02
111.566233766 6.424062e-03
112.215584416 6.741368e-03
112.864935065 9.441741e-03
113.514285714 6.633959e-03
114.163636364 6.804569e-03
114.812987013 0.000000e+00
115.462337662 6.888767e-03
116.111688312 6.377095e-03
116.761038961 0.000000e+00
117.41038961 0.000000e+00
118.05974026 0.000000e+00
118.709090909 0.000000e+00
119.358441558 7.307405e-03
120.007792208 0.000000e+00
120.657142857 0.000000e+00
121.306493506 0.000000e+00
121.955844156 0.000000e+00
122.605194805 0.000000e+00
123.254545455 0.000000e+00
123.903896104 0.000000e+00
124.553246753 0.000000e+00
125.202597403 0.000000e+00
125.851948052 0.000000e+00
126.501298701 0.000000e+00
127.150649351 7.227290e-03
127.8 8.438724e-03
128.449350649 0.000000e+00
129.098701299 6.344667e-03
129.748051948 0.000000e+00
130.397402597 0.000000e+00
131.046753247 0.000000e+00
131.696103896 0.000000e+00
132.345454545 0.000000e+00
132.994805195 0.000000e+00
133.644155844 0.000000e+00
134.293506494 0.000000e+00
134.942857143 0.000000e+00
135.592207792 0.000000e+00
136.241558442 0.000000e+00
136.890909091 0.000000e+00
137.54025974 0.000000e+00
138.18961039 0.000000e+00
138.838961039 0.000000e+00
139.488311688 0.000000e+00
140.137662338 0.000000e+00
140.787012987 0.000000e+00
141.436363636 0.000000e+00
142.085714286 0.000000e+00
142.735064935 0.000000e+00
143.384415584 0.000000e+00
144.033766234 0.000000e+00
144.683116883 0.000000e+00
145.332467532 0.000000e+00
145.981818182 0.000000e+00
146.631168831 0.000000e+00
147.280519481 0.000000e+00
147.92987013 0.000000e+00
148.579220779 0.000000e+00
149.228571429 0.000000e+00
149.877922078 0.000000e+00
150.527272727 0.000000e+00
151.176623377 0.000000e+00
151.825974026 0.000000e+00
152.475324675 0.000000e+00
153.124675325 0.000000e+00
153.774025974 0.000000e+00
154.423376623 0.000000e+00
155.072727273 0.000000e+00
155.722077922 0.000000e+00
156.371428571 0.000000e+00
157.020779221 0.000000e+00
157.67012987 0.000000e+00
158.319480519 0.000000e+00
158.968831169 0.000000e+00
159.618181818 0.000000e+00
160.267532468 0.000000e+00
160.916883117 0.000000e+00
161.566233766 0.000000e+00
162.215584416 0.000000e+00
162.864935065 0.000000e+00
163.514285714 0.000000e+00
164.163636364 0.000000e+00
164.812987013 0.000000e+00
165.462337662 0.000000e+00
166.111688312 0.000000e+00
166.761038961 0.000000e+00
167.41038961 0.000000e+00
168.05974026 0.000000e+00
168.709090909 0.000000e+00
169.358441558 0.000000e+00
170.007792208 0.000000e+00
170.657142857 0.000000e+00
171.306493506 0.000000e+00
171.955844156 0.000000e+00
172.605194805 0.000000e+00
173.254545455 0.000000e+00
173.903896104 0.000000e+00
174.553246753 0.000000e+00
175.202597403 0.000000e+00
175.851948052 0.000000e+00
176.501298701 0.000000e+00
177.150649351 0.000000e+00
177.8 0.000000e+00
178.449350649 0.000000e+00
179.098701299 0.000000e+00
179.748051948 0.000000e+00
180.397402597 0.000000e+00
181.046753247 0.000000e+00
181.696103896 0.000000e+00
182.345454545 0.000000e+00
182.994805195 0.000000e+00
183.644155844 0.000000e+00
184.293506494 0.000000e+00
184.942857143 0.000000e+00
185.592207792 0.000000e+00
186.241558442 0.000000e+00
186.890909091 0.000000e+00
187.54025974 0.000000e+00
188.18961039 0.000000e+00
188.838961039 0.000000e+00
189.488311688 0.000000e+00
190.137662338 0.000000e+00
190.787012987 0.000000e+00
191.436363636 0.000000e+00
192.085714286 0.000000e+00
192.735064935 0.000000e+00
193.384415584 0.000000e+00
194.033766234 0.000000e+00
194.683116883 0.000000e+00
195.332467532 0.000000e+00
195.981818182 0.000000e+00
196.631168831 0.000000e+00
197.280519481 0.000000e+00
197.92987013 0.000000e+00
198.579220779 0.000000e+00
199.228571429 0.000000e+00
199.877922078 0.000000e+00
200.527272727 0.000000e+00
201.176623377 0.000000e+00
201.825974026 0.000000e+00
202.475324675 0.000000e+00
203.124675325 0.000000e+00
203.774025974 0.000000e+00
204.423376623 0.000000e+00
205.072727273 0.000000e+00
205.722077922 0.000000e+00
206.371428571 0.000000e+00
207.020779221 0.000000e+00
207.67012987 0.000000e+00
208.319480519 0.000000e+00
208.968831169 0.000000e+00
209.618181818 0.000000e+00
210.267532468 0.000000e+00
210.916883117 0.000000e+00
211.566233766 0.000000e+00
212.215584416 0.000000e+00
212.864935065 0.000000e+00
213.514285714 0.000000e+00
214.163636364 0.000000e+00
214.812987013 0.000000e+00
215.462337662 0.000000e+00
216.111688312 0.000000e+00
216.761038961 0.000000e+00
217.41038961 0.000000e+00
218.05974026 0.000000e+00
218.709090909 0.000000e+00
219.358441558 0.000000e+00
220.007792208 0.000000e+00
220.657142857 0.000000e+00
221.306493506 0.000000e+00
221.955844156 0.000000e+00
222.605194805 0.000000e+00
223.254545455 0.000000e+00
223.903896104 0.000000e+00
224.553246753 0.000000e+00
225.202597403 0.000000e+00
225.851948052 0.000000e+00
226.501298701 0.000000e+00
227.150649351 0.000000e+00
227.8 0.000000e+00
228.449350649 0.000000e+00
229.098701299 0.000000e+00
229.748051948 0.000000e+00
230.397402597 0.000000e+00
231.046753247 0.000000e+00
231.696103896 0.000000e+00
232.345454545 0.000000e+00
232.994805195 0.000000e+00
233.644155844 0.000000e+00
234.293506494 0.000000e+00
234.942857143 0.000000e+00
235.592207792 0.000000e+00
236.241558442 0.000000e+00
236.890909091 0.000000e+00
237.54025974 0.000000e+00
238.18961039 0.000000e+00
238.838961039 0.000000e+00
239.488311688 0.000000e+00
240.137662338 0.000000e+00
240.787012987 0.000000e+00
241.436363636 0.000000e+00
242.085714286 0.000000e+00
242.735064935 0.000000e+00
243.384415584 0.000000e+00
244.033766234 0.000000e+00
244.683116883 0.000000e+00
245.332467532 0.000000e+00
245.981818182 0.000000e+00
246.631168831 0.000000e+00
247.280519481 0.000000e+00
247.92987013 0.000000e+00
248.579220779 0.000000e+00
249.228571429 0.000000e+00
249.877922078 0.000000e+00
250.527272727 0.000000e+00
251.176623377 0.000000e+00
251.825974026 0.000000e+00
252.475324675 0.000000e+00
253.124675325 0.000000e+00
253.774025974 0.000000e+00
254.423376623 0.000000e+00
255.072727273 0.000000e+00
255.722077922 0.000000e+00
256.371428571 0.000000e+00
257.020779221 0.000000e+00
257.67012987 0.000000e+00
258.319480519 0.000000e+00
258.968831169 0.000000e+00
259.618181818 0.000000e+00
260.267532468 0.000000e+00
260.916883117 0.000000e+00
261.566233766 0.000000e+00
262.215584416 0.000000e+00
262.864935065 0.000000e+00
263.514285714 0.000000e+00
264.163636364 0.000000e+00
264.812987013 0.000000e+00
265.462337662 0.000000e+00
266.111688312 0.000000e+00
266.761038961 0.000000e+00
267.41038961 0.000000e+00
268.05974026 0.000000e+00
268.709090909 0.000000e+00
269.358441558 0.000000e+00
270.007792208 0.000000e+00
270.657142857 0.000000e+00
271.306493506 0.000000e+00
271.955844156 0.000000e+00
272.605194805 0.000000e+00
273.254545455 0.000000e+00
273.903896104 0.000000e+00
274.553246753 0.000000e+00
275.202597403 0.000000e+00
275.851948052 0.000000e+00
276.501298701 0.000000e+00
277.150649351 0.000000e+00
277.8 0.000000e+00
278.449350649 0.000000e+00
279.098701299 0.000000e+00
279.748051948 0.000000e+00
280.397402597 0.000000e+00
281.046753247 0.000000e+00
281.696103896 0.000000e+00
282.345454545 0.000000e+00
282.994805195 0.000000e+00
283.644155844 0.000000e+00
284.293506494 0.000000e+00
284.942857143 0.000000e+00
285.592207792 0.000000e+00
286.241558442 0.000000e+00
286.890909091 0.000000e+00
287.54025974 0.000000e+00
288.18961039 0.000000e+00
288.838961039 0.000000e+00
289.488311688 0.000000e+00
290.137662338 0.000000e+00
290.787012987 0.000000e+00
291.436363636 0.000000e+00
292.085714286 0.000000e+00
292.735064935 0.000000e+00
293.384415584 0.000000e+00
294.033766234 0.000000e+00
294.683116883 0.000000e+00
295.332467532 0.000000e+00
295.981818182 0.000000e+00
296.631168831 0.000000e+00
297.280519481 0.000000e+00
297.92987013 0.000000e+00
298.579220779 0.000000e+00
299.228571429 0.000000e+00
299.877922078 0.000000e+00
300.527272727 0.000000e+00
301.176623377 0.000000e+00
301.825974026 0.000000e+00
302.475324675 0.000000e+00
303.124675325 0.000000e+00
303.774025974 0.000000e+00
304.423376623 0.000000e+00
305.072727273 0.000000e+00
305.722077922 0.000000e+00
306.371428571 0.000000e+00
307.020779221 0.000000e+00
307.67012987 0.000000e+00
308.319480519 0.000000e+00
308.968831169 0.000000e+00
309.618181818 0.000000e+00
310.267532468 0.000000e+00
310.916883117 0.000000e+00
311.566233766 0.000000e+00
312.215584416 0.000000e+00
312.864935065 0.000000e+00
313.514285714 0.000000e+00
314.163636364 0.000000e+00
314.812987013 0.000000e+00
315.462337662 0.000000e+00
316.111688312 0.000000e+00
316.761038961 0.000000e+00
317.41038961 0.000000e+00
318.05974026 0.000000e+00
318.709090909 0.000000e+00
319.358441558 0.000000e+00
320.007792208 0.000000e+00
320.657142857 0.000000e+00
321.306493506 0.000000e+00
321.955844156 0.000000e+00
322.605194805 0.000000e+00
323.254545455 0.000000e+00
323.903896104 0.000000e+00
324.553246753 0.000000e+00
325.202597403 0.000000e+00
325.851948052 0.000000e+00
326.501298701 0.000000e+00
327.150649351 0.000000e+00
327.8 0.000000e+00
328.449350649 0.000000e+00
329.098701299 0.000000e+00
329.748051948 0.000000e+00
330.397402597 0.000000e+00
331.046753247 0.000000e+00
331.696103896 0.000000e+00
332.345454545 0.000000e+00
332.994805195 0.000000e+00
333.644155844 0.000000e+00
334.293506494 0.000000e+00
334.942857143 0.000000e+00
335.592207792 0.000000e+00
336.241558442 0.000000e+00
336.890909091 0.000000e+00
337.54025974 0.000000e+00
338.18961039 0.000000e+00
338.838961039 0.000000e+00
339.488311688 0.000000e+00
340.137662338 0.000000e+00
340.787012987 0.000000e+00
341.436363636 0.000000e+00
342.085714286 0.000000e+00
342.735064935 0.000000e+00
343.384415584 0.000000e+00
344.033766234 0.000000e+00
344.683116883 0.000000e+00
345.332467532 0.000000e+00
345.981818182 0.000000e+00
346.631168831 0.000000e+00
347.280519481 0.000000e+00
347.92987013 0.000000e+00
348.579220779 0.000000e+00
349.228571429 0.000000e+00
349.877922078 0.000000e+00
350.527272727 0.000000e+00
351.176623377 0.000000e+00
351.825974026 0.000000e+00
352.475324675 0.000000e+00
353.124675325 0.000000e+00
353.774025974 0.000000e+00
354.423376623 0.000000e+00
355.072727273 0.000000e+00
355.722077922 0.000000e+00
356.371428571 0.000000e+00
357.020779221 0.000000e+00
357.67012987 0.000000e+00
358.319480519 0.000000e+00
358.968831169 0.000000e+00
359.618181818 0.000000e+00
360.267532468 0.000000e+00
360.916883117 0.000000e+00
361.566233766 0.000000e+00
362.215584416 0.000000e+00
362.864935065 0.000000e+00
363.514285714 0.000000e+00
364.163636364 0.000000e+00
364.812987013 0.000000e+00
365.462337662 0.000000e+00
366.111688312 0.000000e+00
366.761038961 0.000000e+00
367.41038961 0.000000e+00
368.05974026 0.000000e+00
368.709090909 0.000000e+00
369.358441558 0.000000e+00
370.007792208 0.000000e+00
370.657142857 0.000000e+00
371.306493506 0.000000e+00
371.955844156 0.000000e+00
372.605194805 0.000000e+00
373.254545455 0.000000e+00
373.903896104 0.000000e+00
374.553246753 0.000000e+00
375.202597403 0.000000e+00
375.851948052 0.000000e+00
376.501298701 0.000000e+00
377.150649351 0.000000e+00
377.8 0.000000e+00
378.449350649 0.000000e+00
379.098701299 0.000000e+00
379.748051948 0.000000e+00
380.397402597 0.000000e+00
381.046753247 0.000000e+00
381.696103896 0.000000e+00
382.345454545 0.000000e+00
382.994805195 0.000000e+00
383.644155844 0.000000e+00
384.293506494 0.000000e+00
384.942857143 0.000000e+00
385.592207792 0.000000e+00
386.241558442 0.000000e+00
386.890909091 0.000000e+00
387.54025974 0.000000e+00
388.18961039 0.000000e+00
388.838961039 0.000000e+00
389.488311688 0.000000e+00
390.137662338 0.000000e+00
390.787012987 0.000000e+00
391.436363636 0.000000e+00
392.085714286 0.000000e+00
392.735064935 0.000000e+00
393.384415584 0.000000e+00
394.033766234 0.000000e+00
394.683116883 0.000000e+00
395.332467532 0.000000e+00
395.981818182 0.000000e+00
396.631168831 0.000000e+00
397.280519481 0.000000e+00
397.92987013 0.000000e+00
398.579220779 0.000000e+00
399.228571429 0.000000e+00
399.877922078 0.000000e+00
400.527272727 0.000000e+00
401.176623377 0.000000e+00
401.825974026 0.000000e+00
402.475324675 0.000000e+00
403.124675325 0.000000e+00
403.774025974 0.000000e+00
404.423376623 0.000000e+00
405.072727273 0.000000e+00
405.722077922 0.000000e+00
406.371428571 0.000000e+00
407.020779221 0.000000e+00
407.67012987 0.000000e+00
408.319480519 0.000000e+00
408.968831169 0.000000e+00
409.618181818 0.000000e+00
410.267532468 0.000000e+00
410.916883117 0.000000e+00
411.566233766 0.000000e+00
412.215584416 0.000000e+00
412.864935065 0.000000e+00
413.514285714 0.000000e+00
414.163636364 0.000000e+00
414.812987013 0.000000e+00
415.462337662 0.000000e+00
416.111688312 0.000000e+00
416.761038961 0.000000e+00
417.41038961 0.000000e+00
418.05974026 0.000000e+00
418.709090909 0.000000e+00
419.358441558 0.000000e+00
420.007792208 0.000000e+00
420.657142857 0.000000e+00
421.306493506 0.000000e+00
421.955844156 0.000000e+00
422.605194805 0.000000e+00
423.254545455 0.000000e+00
423.903896104 0.000000e+00
424.553246753 0.000000e+00
425.202597403 0.000000e+00
425.851948052 0.000000e+00
426.501298701 0.000000e+00
427.150649351 0.000000e+00
427.8 0.000000e+00
428.449350649 0.000000e+00
429.098701299 0.000000e+00
429.748051948 0.000000e+00
430.397402597 0.000000e+00
431.046753247 0.000000e+00
431.696103896 0.000000e+00
432.345454545 0.000000e+00
432.994805195 0.000000e+00
433.644155844 0.000000e+00
434.293506494 0.000000e+00
434.942857143 0.000000e+00
435.592207792 0.000000e+00
436.241558442 0.000000e+00
436.890909091 0.000000e+00
437.54025974 0.000000e+00
438.18961039 0.000000e+00
438.838961039 0.000000e+00
439.488311688 0.000000e+00
440.137662338 0.000000e+00
440.787012987 0.000000e+00
441.436363636 0.000000e+00
442.085714286 0.000000e+00
442.735064935 0.000000e+00
443.384415584 0.000000e+00
444.033766234 0.000000e+00
444.683116883 0.000000e+00
445.332467532 0.000000e+00
445.981818182 0.000000e+00
446.631168831 0.000000e+00
447.280519481 0.000000e+00
447.92987013 0.000000e+00
448.579220779 0.000000e+00
449.228571429 0.000000e+00
449.877922078 0.000000e+00
450.527272727 0.000000e+00
451.176623377 0.000000e+00
451.825974026 0.000000e+00
452.475324675 0.000000e+00
453.124675325 0.000000e+00
453.774025974 0.000000e+00
454.423376623 0.000000e+00
455.072727273 0.000000e+00
455.722077922 0.000000e+00
456.371428571 0.000000e+00
457.020779221 0.000000e+00
457.67012987 0.000000e+00
458.319480519 0.000000e+00
458.968831169 0.000000e+00
459.618181818 0.000000e+00
460.267532468 0.000000e+00
460.916883117 0.000000e+00
461.566233766 0.000000e+00
462.215584416 0.000000e+00
462.864935065 0.000000e+00
463.514285714 0.000000e+00
464.163636364 0.000000e+00
464.812987013 0.000000e+00
465.462337662 0.000000e+00
466.111688312 0.000000e+00
466.761038961 0.000000e+00
467.41038961 0.000000e+00
468.05974026 0.000000e+00
468.709090909 0.000000e+00
469.358441558 0.000000e+00
470.007792208 0.000000e+00
470.657142857 0.000000e+00
471.306493506 0.000000e+00
471.955844156 0.000000e+00
472.605194805 0.000000e+00
473.254545455 0.000000e+00
473.903896104 0.000000e+00
474.553246753 0.000000e+00
475.202597403 0.000000e+00
475.851948052 0.000000e+00
476.501298701 0.000000e+00
477.150649351 0.000000e+00
477.8 0.000000e+00
478.449350649 0.000000e+00
479.098701299 0.000000e+00
479.748051948 0.000000e+00
480.397402597 0.000000e+00
481.046753247 0.000000e+00
481.696103896 0.000000e+00
482.345454545 0.000000e+00
482.994805195 0.000000e+00
483.644155844 0.000000e+00
484.293506494 0.000000e+00
484.942857143 0.000000e+00
485.592207792 0.000000e+00
486.241558442 0.000000e+00
486.890909091 0.000000e+00
487.54025974 0.000000e+00
488.18961039 0.000000e+00
488.838961039 0.000000e+00
489.488311688 0.000000e+00
490.137662338 0.000000e+00
490.787012987 0.000000e+00
491.436363636 0.000000e+00
492.085714286 0.000000e+00
492.735064935 0.000000e+00
493.384415584 0.000000e+00
494.033766234 0.000000e+00
494.683116883 0.000000e+00
495.332467532 0.000000e+00
495.981818182 0.000000e+00
496.631168831 0.000000e+00
497.280519481 0.000000e+00
497.92987013 0.000000e+00
498.579220779 0.000000e+00
499.228571429 0.000000e+00
499.877922078 0.000000e+00
500.527272727 0.000000e+00
501.176623377 0.000000e+00
501.825974026 0.000000e+00
502.475324675 0.000000e+00
503.124675325 0.000000e+00
503.774025974 0.000000e+00
504.423376623 0.000000e+00
505.072727273 0.000000e+00
505.722077922 0.000000e+00
506.371428571 0.000000e+00
507.020779221 0.000000e+00
507.67012987 0.000000e+00
508.319480519 0.000000e+00
508.968831169 0.000000e+00
509.618181818 0.000000e+00
510.267532468 0.000000e+00
510.916883117 0.000000e+00
511.566233766 0.000000e+00
512.215584416 0.000000e+00
512.864935065 0.000000e+00
513.514285714 0.000000e+00
514.163636364 0.000000e+00
514.812987013 0.000000e+00
515.462337662 0.000000e+00
516.111688312 0.000000e+00
516.761038961 0.000000e+00
517.41038961 0.000000e+00
518.05974026 0.000000e+00
518.709090909 0.000000e+00
519.358441558 0.000000e+00
520.007792208 0.000000e+00
520.657142857 0.000000e+00
521.306493506 0.000000e+00
521.955844156 0.000000e+00
522.605194805 0.000000e+00
523.254545455 0.000000e+00
523.903896104 0.000000e+00
524.553246753 0.000000e+00
525.202597403 0.000000e+00
525.851948052 0.000000e+00
526.501298701 0.000000e+00
527.150649351 0.000000e+00
527.8 0.000000e+00
528.449350649 0.000000e+00
529.098701299 0.000000e+00
529.748051948 0.000000e+00
530.397402597 0.000000e+00
531.046753247 0.000000e+00
531.696103896 0.000000e+00
532.345454545 0.000000e+00
532.994805195 0.000000e+00
533.644155844 0.000000e+00
534.293506494 0.000000e+00
534.942857143 0.000000e+00
535.592207792 0.000000e+00
536.241558442 0.000000e+00
536.890909091 0.000000e+00
537.54025974 0.000000e+00
538.18961039 0.000000e+00
538.838961039 0.000000e+00
539.488311688 0.000000e+00
540.137662338 0.000000e+00
540.787012987 0.000000e+00
541.436363636 0.000000e+00
542.085714286 0.000000e+00
542.735064935 0.000000e+00
543.384415584 0.000000e+00
544.033766234 0.000000e+00
544.683116883 0.000000e+00
545.332467532 0.000000e+00
545.981818182 0.000000e+00
546.631168831 0.000000e+00
547.280519481 0.000000e+00
547.92987013 0.000000e+00
548.579220779 0.000000e+00
549.228571429 0.000000e+00
549.877922078 0.000000e+00
550.527272727 0.000000e+00
551.176623377 0.000000e+00
551.825974026 0.000000e+00
552.475324675 0.000000e+00
553.124675325 0.000000e+00
553.774025974 0.000000e+00
554.423376623 0.000000e+00
555.072727273 0.000000e+00
555.722077922 0.000000e+00
556.371428571 0.000000e+00
557.020779221 0.000000e+00
557.67012987 0.000000e+00
558.319480519 0.000000e+00
558.968831169 0.000000e+00
559.618181818 0.000000e+00
560.267532468 0.000000e+00
560.916883117 0.000000e+00
561.566233766 0.000000e+00
562.215584416 0.000000e+00
562.864935065 0.000000e+00
563.514285714 0.000000e+00
564.163636364 0.000000e+00
564.812987013 0.000000e+00
565.462337662 0.000000e+00
566.111688312 0.000000e+00
566.761038961 0.000000e+00
567.41038961 0.000000e+00
568.05974026 0.000000e+00
568.709090909 0.000000e+00
569.358441558 0.000000e+00
570.007792208 0.000000e+00
570.657142857 0.000000e+00
571.306493506 0.000000e+00
571.955844156 0.000000e+00
572.605194805 0.000000e+00
573.254545455 0.000000e+00
573.903896104 0.000000e+00
574.553246753 0.000000e+00
575.202597403 0.000000e+00
575.851948052 0.000000e+00
576.501298701 0.000000e+00
577.150649351 0.000000e+00
577.8 0.000000e+00
578.449350649 0.000000e+00
579.098701299 0.000000e+00
579.748051948 0.000000e+00
580.397402597 0.000000e+00
581.046753247 0.000000e+00
581.696103896 0.000000e+00
582.345454545 0.000000e+00
582.994805195 0.000000e+00
583.644155844 0.000000e+00
584.293506494 0.000000e+00
584.942857143 0.000000e+00
585.592207792 0.000000e+00
586.241558442 0.000000e+00
586.890909091 0.000000e+00
587.54025974 0.000000e+00
588.18961039 0.000000e+00
588.838961039 0.000000e+00
589.488311688 0.000000e+00
590.137662338 0.000000e+00
590.787012987 0.000000e+00
591.436363636 0.000000e+00
592.085714286 0.000000e+00
592.735064935 0.000000e+00
593.384415584 0.000000e+00
594.033766234 0.000000e+00
594.683116883 0.000000e+00
595.332467532 0.000000e+00
595.981818182 0.000000e+00
596.631168831 0.000000e+00
597.280519481 0.000000e+00
597.92987013 0.000000e+00
598.579220779 0.000000e+00
599.228571429 0.000000e+00
599.877922078 0.000000e+00
600.527272727 0.000000e+00
601.176623377 0.000000e+00
601.825974026 0.000000e+00
602.475324675 0.000000e+00
603.124675325 0.000000e+00
603.774025974 0.000000e+00
604.423376623 0.000000e+00
605.072727273 0.000000e+00
605.722077922 0.000000e+00
606.371428571 0.000000e+00
607.020779221 0.000000e+00
607.67012987 0.000000e+00
608.319480519 0.000000e+00
608.968831169 0.000000e+00
609.618181818 0.000000e+00
610.267532468 0.000000e+00
610.916883117 0.000000e+00
611.566233766 0.000000e+00
612.215584416 0.000000e+00
612.864935065 0.000000e+00
613.514285714 0.000000e+00
614.163636364 0.000000e+00
614.812987013 0.000000e+00
615.462337662 0.000000e+00
616.111688312 0.000000e+00
616.761038961 0.000000e+00
617.41038961 0.000000e+00
618.05974026 0.000000e+00
618.709090909 0.000000e+00
619.358441558 0.000000e+00
620.007792208 0.000000e+00
620.657142857 0.000000e+00
621.306493506 0.000000e+00
621.955844156 0.000000e+00
622.605194805 0.000000e+00
623.254545455 0.000000e+00
623.903896104 0.000000e+00
624.553246753 0.000000e+00
625.553246753 0.0
626.553246753 0.0
627.553246753 0.0
628.553246753 0.0
629.553246753 0.0
630.553246753 0.0
631.553246753 0.0
632.553246753 0.0
633.553246753 0.0
634.553246753 0.0
635.553246753 0.0
636.553246753 0.0
637.553246753 0.0
638.553246753 0.0
639.553246753 0.0
640.553246753 0.0
641.553246753 0.0
642.553246753 0.0
643.553246753 0.0
644.553246753 0.0
645.553246753 0.0
646.553246753 0.0
647.553246753 0.0
648.553246753 0.0
649.553246753 0.0
650.553246753 0.0
651.553246753 0.0
652.553246753 0.0
653.553246753 0.0
654.553246753 0.0
655.553246753 0.0
656.553246753 0.0
657.553246753 0.0
658.553246753 0.0
659.553246753 0.0
660.553246753 0.0
661.553246753 0.0
662.553246753 0.0
663.553246753 0.0
664.553246753 0.0
665.553246753 0.0
666.553246753 0.0
667.553246753 0.0
668.553246753 0.0
669.553246753 0.0
670.553246753 0.0
671.553246753 0.0
672.553246753 0.0
673.553246753 0.0
674.553246753 0.0
675.553246753 0.0
676.553246753 0.0
677.553246753 0.0
678.553246753 0.0
679.553246753 0.0
680.553246753 0.0
681.553246753 0.0
682.553246753 0.0
683.553246753 0.0
684.553246753 0.0
685.553246753 0.0
686.553246753 0.0
687.553246753 0.0
688.553246753 0.0
689.553246753 0.0
690.553246753 0.0
691.553246753 0.0
692.553246753 0.0
693.553246753 0.0
694.553246753 0.0
695.553246753 0.0
696.553246753 0.0
697.553246753 0.0
698.553246753 0.0
699.553246753 0.0
700.553246753 0.0
701.553246753 0.0
702.553246753 0.0
703.553246753 0.0
704.553246753 0.0
705.553246753 0.0
706.553246753 0.0
707.553246753 0.0
708.553246753 0.0
709.553246753 0.0
710.553246753 0.0
711.553246753 0.0
712.553246753 0.0
713.553246753 0.0
714.553246753 0.0
715.553246753 0.0
716.553246753 0.0
717.553246753 0.0
718.553246753 0.0
719.553246753 0.0
720.553246753 0.0
721.553246753 0.0
722.553246753 0.0
723.553246753 0.0
724.553246753 0.0
725.553246753 0.0
726.553246753 0.0
727.553246753 0.0
728.553246753 0.0
729.553246753 0.0
730.553246753 0.0
731.553246753 0.0
732.553246753 0.0
733.553246753 0.0
734.553246753 0.0
735.553246753 0.0
736.553246753 0.0
737.553246753 0.0
738.553246753 0.0
739.553246753 0.0
740.553246753 0.0
741.553246753 0.0
742.553246753 0.0
743.553246753 0.0
744.553246753 0.0
745.553246753 0.0
746.553246753 0.0
747.553246753 0.0
748.553246753 0.0
749.553246753 0.0
750.553246753 0.0
751.553246753 0.0
752.553246753 0.0
753.553246753 0.0
754.553246753 0.0
755.553246753 0.0
756.553246753 0.0
757.553246753 0.0
758.553246753 0.0
759.553246753 0.0
760.553246753 0.0
761.553246753 0.0
762.553246753 0.0
763.553246753 0.0
764.553246753 0.0
765.553246753 0.0
766.553246753 0.0
767.553246753 0.0
768.553246753 0.0
769.553246753 0.0
770.553246753 0.0
771.553246753 0.0
772.553246753 0.0
773.553246753 0.0
774.553246753 0.0
775.553246753 0.0
776.553246753 0.0
777.553246753 0.0
778.553246753 0.0
779.553246753 0.0
780.553246753 0.0
781.553246753 0.0
782.553246753 0.0
783.553246753 0.0
784.553246753 0.0
785.553246753 0.0
786.553246753 0.0
787.553246753 0.0
788.553246753 0.0
789.553246753 0.0
790.553246753 0.0
791.553246753 0.0
792.553246753 0.0
793.553246753 0.0
794.553246753 0.0
795.553246753 0.0
796.553246753 0.0
797.553246753 0.0
798.553246753 0.0
799.553246753 0.0
800.553246753 0.0
801.553246753 0.0
802.553246753 0.0
803.553246753 0.0
804.553246753 0.0
805.553246753 0.0
806.553246753 0.0
807.553246753 0.0
808.553246753 0.0
809.553246753 0.0
810.553246753 0.0
811.553246753 0.0
812.553246753 0.0
813.553246753 0.0
814.553246753 0.0
815.553246753 0.0
816.553246753 0.0
817.553246753 0.0
818.553246753 0.0
819.553246753 0.0
820.553246753 0.0
821.553246753 0.0
822.553246753 0.0
823.553246753 0.0
824.553246753 0.0
825.553246753 0.0
826.553246753 0.0
827.553246753 0.0
828.553246753 0.0
829.553246753 0.0
830.553246753 0.0
831.553246753 0.0
832.553246753 0.0
833.553246753 0.0
834.553246753 0.0
835.553246753 0.0
836.553246753 0.0
837.553246753 0.0
838.553246753 0.0
839.553246753 0.0
840.553246753 0.0
841.553246753 0.0
842.553246753 0.0
843.553246753 0.0
844.553246753 0.0
845.553246753 0.0
846.553246753 0.0
847.553246753 0.0
848.553246753 0.0
849.553246753 0.0
850.553246753 0.0
851.553246753 0.0
852.553246753 0.0
853.553246753 0.0
854.553246753 0.0
855.553246753 0.0
856.553246753 0.0
857.553246753 0.0
858.553246753 0.0
859.553246753 0.0
860.553246753 0.0
861.553246753 0.0
862.553246753 0.0
863.553246753 0.0
864.553246753 0.0
865.553246753 0.0
866.553246753 0.0
867.553246753 0.0
868.553246753 0.0
869.553246753 0.0
870.553246753 0.0
871.553246753 0.0
872.553246753 0.0
873.553246753 0.0
874.553246753 0.0
875.553246753 0.0
876.553246753 0.0
877.553246753 0.0
878.553246753 0.0
879.553246753 0.0
880.553246753 0.0
881.553246753 0.0
882.553246753 0.0
883.553246753 0.0
884.553246753 0.0
885.553246753 0.0
886.553246753 0.0
887.553246753 0.0
888.553246753 0.0
889.553246753 0.0
890.553246753 0.0
891.553246753 0.0
892.553246753 0.0
893.553246753 0.0
894.553246753 0.0
895.553246753 0.0
896.553246753 0.0
897.553246753 0.0
898.553246753 0.0
899.553246753 0.0
900.553246753 0.0
901.553246753 0.0
902.553246753 0.0
903.553246753 0.0
904.553246753 0.0
905.553246753 0.0
906.553246753 0.0
907.553246753 0.0
908.553246753 0.0
909.553246753 0.0
910.553246753 0.0
911.553246753 0.0
912.553246753 0.0
913.553246753 0.0
914.553246753 0.0
915.553246753 0.0
916.553246753 0.0
917.553246753 0.0
918.553246753 0.0
919.553246753 0.0
920.553246753 0.0
921.553246753 0.0
922.553246753 0.0
923.553246753 0.0
924.553246753 0.0
925.553246753 0.0
926.553246753 0.0
927.553246753 0.0
928.553246753 0.0
929.553246753 0.0
930.553246753 0.0
931.553246753 0.0
932.553246753 0.0
933.553246753 0.0
934.553246753 0.0
935.553246753 0.0
936.553246753 0.0
937.553246753 0.0
938.553246753 0.0
939.553246753 0.0
940.553246753 0.0
941.553246753 0.0
942.553246753 0.0
943.553246753 0.0
944.553246753 0.0
945.553246753 0.0
946.553246753 0.0
947.553246753 0.0
948.553246753 0.0
949.553246753 0.0
950.553246753 0.0
951.553246753 0.0
952.553246753 0.0
953.553246753 0.0
954.553246753 0.0
955.553246753 0.0
956.553246753 0.0
957.553246753 0.0
958.553246753 0.0
959.553246753 0.0
960.553246753 0.0
961.553246753 0.0
962.553246753 0.0
963.553246753 0.0
964.553246753 0.0
965.553246753 0.0
966.553246753 0.0
967.553246753 0.0
968.553246753 0.0
969.553246753 0.0
970.553246753 0.0
971.553246753 0.0
972.553246753 0.0
973.553246753 0.0
974.553246753 0.0
975.553246753 0.0
976.553246753 0.0
977.553246753 0.0
978.553246753 0.0
979.553246753 0.0
980.553246753 0.0
981.553246753 0.0
982.553246753 0.0
983.553246753 0.0
984.553246753 0.0
985.553246753 0.0
986.553246753 0.0
987.553246753 0.0
988.553246753 0.0
989.553246753 0.0
990.553246753 0.0
991.553246753 0.0
992.553246753 0.0
993.553246753 0.0
994.553246753 0.0
995.553246753 0.0
996.553246753 0.0
997.553246753 0.0
998.553246753 0.0
999.553246753 0.0
1000.55324675 0.0
1001.55324675 0.0
1002.55324675 0.0
1003.55324675 0.0
1004.55324675 0.0
1005.55324675 0.0
1006.55324675 0.0
1007.55324675 0.0
1008.55324675 0.0
1009.55324675 0.0
1010.55324675 0.0
1011.55324675 0.0
1012.55324675 0.0
1013.55324675 0.0
1014.55324675 0.0
1015.55324675 0.0
1016.55324675 0.0
1017.55324675 0.0
1018.55324675 0.0
1019.55324675 0.0
1020.55324675 0.0
1021.55324675 0.0
1022.55324675 0.0
1023.55324675 0.0
1024.55324675 0.0
1025.55324675 0.0
1026.55324675 0.0
1027.55324675 0.0
1028.55324675 0.0
1029.55324675 0.0
1030.55324675 0.0
1031.55324675 0.0
1032.55324675 0.0
1033.55324675 0.0
1034.55324675 0.0
1035.55324675 0.0
1036.55324675 0.0
1037.55324675 0.0
1038.55324675 0.0
1039.55324675 0.0
1040.55324675 0.0
1041.55324675 0.0
1042.55324675 0.0
1043.55324675 0.0
1044.55324675 0.0
1045.55324675 0.0
1046.55324675 0.0
1047.55324675 0.0
1048.55324675 0.0
1049.55324675 0.0
1050.55324675 0.0
1051.55324675 0.0
1052.55324675 0.0
1053.55324675 0.0
1054.55324675 0.0
1055.55324675 0.0
1056.55324675 0.0
1057.55324675 0.0
1058.55324675 0.0
1059.55324675 0.0
1060.55324675 0.0
1061.55324675 0.0
1062.55324675 0.0
1063.55324675 0.0
1064.55324675 0.0
1065.55324675 0.0
1066.55324675 0.0
1067.55324675 0.0
1068.55324675 0.0
1069.55324675 0.0
1070.55324675 0.0
1071.55324675 0.0
1072.55324675 0.0
1073.55324675 0.0
1074.55324675 0.0
1075.55324675 0.0
1076.55324675 0.0
1077.55324675 0.0
1078.55324675 0.0
1079.55324675 0.0
1080.55324675 0.0
1081.55324675 0.0
1082.55324675 0.0
1083.55324675 0.0
1084.55324675 0.0
1085.55324675 0.0
1086.55324675 0.0
1087.55324675 0.0
1088.55324675 0.0
1089.55324675 0.0
1090.55324675 0.0
1091.55324675 0.0
1092.55324675 0.0
1093.55324675 0.0
1094.55324675 0.0
1095.55324675 0.0
1096.55324675 0.0
1097.55324675 0.0
1098.55324675 0.0
1099.55324675 0.0
1100.55324675 0.0
1101.55324675 0.0
1102.55324675 0.0
1103.55324675 0.0
1104.55324675 0.0
1105.55324675 0.0
1106.55324675 0.0
1107.55324675 0.0
1108.55324675 0.0
1109.55324675 0.0
1110.55324675 0.0
1111.55324675 0.0
1112.55324675 0.0
1113.55324675 0.0
1114.55324675 0.0
1115.55324675 0.0
1116.55324675 0.0
1117.55324675 0.0
1118.55324675 0.0
1119.55324675 0.0
1120.55324675 0.0
1121.55324675 0.0
1122.55324675 0.0
1123.55324675 0.0
1124.55324675 0.0
