-822.818396226 0.0
-821.818396226 0.0
-820.818396226 0.0
-819.818396226 0.0
-818.818396226 0.0
-817.818396226 0.0
-816.818396226 0.0
-815.818396226 0.0
-814.818396226 0.0
-813.818396226 0.0
-812.818396226 0.0
-811.818396226 0.0
-810.818396226 0.0
-809.818396226 0.0
-808.818396226 0.0
-807.818396226 0.0
-806.818396226 0.0
-805.818396226 0.0
-804.818396226 0.0
-803.818396226 0.0
-802.818396226 0.0
-801.818396226 0.0
-800.818396226 0.0
-799.818396226 0.0
-798.818396226 0.0
-797.818396226 0.0
-796.818396226 0.0
-795.818396226 0.0
-794.818396226 0.0
-793.818396226 0.0
-792.818396226 0.0
-791.818396226 0.0
-790.818396226 0.0
-789.818396226 0.0
-788.818396226 0.0
-787.818396226 0.0
-786.818396226 0.0
-785.818396226 0.0
-784.818396226 0.0
-783.818396226 0.0
-782.818396226 0.0
-781.818396226 0.0
-780.818396226 0.0
-779.818396226 0.0
-778.818396226 0.0
-777.818396226 0.0
-776.818396226 0.0
-775.818396226 0.0
-774.818396226 0.0
-773.818396226 0.0
-772.818396226 0.0
-771.818396226 0.0
-770.818396226 0.0
-769.818396226 0.0
-768.818396226 0.0
-767.818396226 0.0
-766.818396226 0.0
-765.818396226 0.0
-764.818396226 0.0
-763.818396226 0.0
-762.818396226 0.0
-761.818396226 0.0
-760.818396226 0.0
-759.818396226 0.0
-758.818396226 0.0
-757.818396226 0.0
-756.818396226 0.0
-755.818396226 0.0
-754.818396226 0.0
-753.818396226 0.0
-752.818396226 0.0
-751.818396226 0.0
-750.818396226 0.0
-749.818396226 0.0
-748.818396226 0.0
-747.818396226 0.0
-746.818396226 0.0
-745.818396226 0.0
-744.818396226 0.0
-743.818396226 0.0
-742.818396226 0.0
-741.818396226 0.0
-740.818396226 0.0
-739.818396226 0.0
-738.818396226 0.0
-737.818396226 0.0
-736.818396226 0.0
-735.818396226 0.0
-734.818396226 0.0
-733.818396226 0.0
-732.818396226 0.0
-731.818396226 0.0
-730.818396226 0.0
-729.818396226 0.0
-728.818396226 0.0
-727.818396226 0.0
-726.818396226 0.0
-725.818396226 0.0
-724.818396226 0.0
-723.818396226 0.0
-722.818396226 0.0
-721.818396226 0.0
-720.818396226 0.0
-719.818396226 0.0
-718.818396226 0.0
-717.818396226 0.0
-716.818396226 0.0
-715.818396226 0.0
-714.818396226 0.0
-713.818396226 0.0
-712.818396226 0.0
-711.818396226 0.0
-710.818396226 0.0
-709.818396226 0.0
-708.818396226 0.0
-707.818396226 0.0
-706.818396226 0.0
-705.818396226 0.0
-704.818396226 0.0
-703.818396226 0.0
-702.818396226 0.0
-701.818396226 0.0
-700.818396226 0.0
-699.818396226 0.0
-698.818396226 0.0
-697.818396226 0.0
-696.818396226 0.0
-695.818396226 0.0
-694.818396226 0.0
-693.818396226 0.0
-692.818396226 0.0
-691.818396226 0.0
-690.818396226 0.0
-689.818396226 0.0
-688.818396226 0.0
-687.818396226 0.0
-686.818396226 0.0
-685.818396226 0.0
-684.818396226 0.0
-683.818396226 0.0
-682.818396226 0.0
-681.818396226 0.0
-680.818396226 0.0
-679.818396226 0.0
-678.818396226 0.0
-677.818396226 0.0
-676.818396226 0.0
-675.818396226 0.0
-674.818396226 0.0
-673.818396226 0.0
-672.818396226 0.0
-671.818396226 0.0
-670.818396226 0.0
-669.818396226 0.0
-668.818396226 0.0
-667.818396226 0.0
-666.818396226 0.0
-665.818396226 0.0
-664.818396226 0.0
-663.818396226 0.0
-662.818396226 0.0
-661.818396226 0.0
-660.818396226 0.0
-659.818396226 0.0
-658.818396226 0.0
-657.818396226 0.0
-656.818396226 0.0
-655.818396226 0.0
-654.818396226 0.0
-653.818396226 0.0
-652.818396226 0.0
-651.818396226 0.0
-650.818396226 0.0
-649.818396226 0.0
-648.818396226 0.0
-647.818396226 0.0
-646.818396226 0.0
-645.818396226 0.0
-644.818396226 0.0
-643.818396226 0.0
-642.818396226 0.0
-641.818396226 0.0
-640.818396226 0.0
-639.818396226 0.0
-638.818396226 0.0
-637.818396226 0.0
-636.818396226 0.0
-635.818396226 0.0
-634.818396226 0.0
-633.818396226 0.0
-632.818396226 0.0
-631.818396226 0.0
-630.818396226 0.0
-629.818396226 0.0
-628.818396226 0.0
-627.818396226 0.0
-626.818396226 0.0
-625.818396226 0.0
-624.818396226 0.0
-623.818396226 0.0
-622.818396226 0.0
-621.818396226 0.0
-620.818396226 0.0
-619.818396226 0.0
-618.818396226 0.0
-617.818396226 0.0
-616.818396226 0.0
-615.818396226 0.0
-614.818396226 0.0
-613.818396226 0.0
-612.818396226 0.0
-611.818396226 0.0
-610.818396226 0.0
-609.818396226 0.0
-608.818396226 0.0
-607.818396226 0.0
-606.818396226 0.0
-605.818396226 0.0
-604.818396226 0.0
-603.818396226 0.0
-602.818396226 0.0
-601.818396226 0.0
-600.818396226 0.0
-599.818396226 0.0
-598.818396226 0.0
-597.818396226 0.0
-596.818396226 0.0
-595.818396226 0.0
-594.818396226 0.0
-593.818396226 0.0
-592.818396226 0.0
-591.818396226 0.0
-590.818396226 0.0
-589.818396226 0.0
-588.818396226 0.0
-587.818396226 0.0
-586.818396226 0.0
-585.818396226 0.0
-584.818396226 0.0
-583.818396226 0.0
-582.818396226 0.0
-581.818396226 0.0
-580.818396226 0.0
-579.818396226 0.0
-578.818396226 0.0
-577.818396226 0.0
-576.818396226 0.0
-575.818396226 0.0
-574.818396226 0.0
-573.818396226 0.0
-572.818396226 0.0
-571.818396226 0.0
-570.818396226 0.0
-569.818396226 0.0
-568.818396226 0.0
-567.818396226 0.0
-566.818396226 0.0
-565.818396226 0.0
-564.818396226 0.0
-563.818396226 0.0
-562.818396226 0.0
-561.818396226 0.0
-560.818396226 0.0
-559.818396226 0.0
-558.818396226 0.0
-557.818396226 0.0
-556.818396226 0.0
-555.818396226 0.0
-554.818396226 0.0
-553.818396226 0.0
-552.818396226 0.0
-551.818396226 0.0
-550.818396226 0.0
-549.818396226 0.0
-548.818396226 0.0
-547.818396226 0.0
-546.818396226 0.0
-545.818396226 0.0
-544.818396226 0.0
-543.818396226 0.0
-542.818396226 0.0
-541.818396226 0.0
-540.818396226 0.0
-539.818396226 0.0
-538.818396226 0.0
-537.818396226 0.0
-536.818396226 0.0
-535.818396226 0.0
-534.818396226 0.0
-533.818396226 0.0
-532.818396226 0.0
-531.818396226 0.0
-530.818396226 0.0
-529.818396226 0.0
-528.818396226 0.0
-527.818396226 0.0
-526.818396226 0.0
-525.818396226 0.0
-524.818396226 0.0
-523.818396226 0.0
-522.818396226 0.0
-521.818396226 0.0
-520.818396226 0.0
-519.818396226 0.0
-518.818396226 0.0
-517.818396226 0.0
-516.818396226 0.0
-515.818396226 0.0
-514.818396226 0.0
-513.818396226 0.0
-512.818396226 0.0
-511.818396226 0.0
-510.818396226 0.0
-509.818396226 0.0
-508.818396226 0.0
-507.818396226 0.0
-506.818396226 0.0
-505.818396226 0.0
-504.818396226 0.0
-503.818396226 0.0
-502.818396226 0.0
-501.818396226 0.0
-500.818396226 0.0
-499.818396226 0.0
-498.818396226 0.0
-497.818396226 0.0
-496.818396226 0.0
-495.818396226 0.0
-494.818396226 0.0
-493.818396226 0.0
-492.818396226 0.0
-491.818396226 0.0
-490.818396226 0.0
-489.818396226 0.0
-488.818396226 0.0
-487.818396226 0.0
-486.818396226 0.0
-485.818396226 0.0
-484.818396226 0.0
-483.818396226 0.0
-482.818396226 0.0
-481.818396226 0.0
-480.818396226 0.0
-479.818396226 0.0
-478.818396226 0.0
-477.818396226 0.0
-476.818396226 0.0
-475.818396226 0.0
-474.818396226 0.0
-473.818396226 0.0
-472.818396226 0.0
-471.818396226 0.0
-470.818396226 0.0
-469.818396226 0.0
-468.818396226 0.0
-467.818396226 0.0
-466.818396226 0.0
-465.818396226 0.0
-464.818396226 0.0
-463.818396226 0.0
-462.818396226 0.0
-461.818396226 0.0
-460.818396226 0.0
-459.818396226 0.0
-458.818396226 0.0
-457.818396226 0.0
-456.818396226 0.0
-455.818396226 0.0
-454.818396226 0.0
-453.818396226 0.0
-452.818396226 0.0
-451.818396226 0.0
-450.818396226 0.0
-449.818396226 0.0
-448.818396226 0.0
-447.818396226 0.0
-446.818396226 0.0
-445.818396226 0.0
-444.818396226 0.0
-443.818396226 0.0
-442.818396226 0.0
-441.818396226 0.0
-440.818396226 0.0
-439.818396226 0.0
-438.818396226 0.0
-437.818396226 0.0
-436.818396226 0.0
-435.818396226 0.0
-434.818396226 0.0
-433.818396226 0.0
-432.818396226 0.0
-431.818396226 0.0
-430.818396226 0.0
-429.818396226 0.0
-428.818396226 0.0
-427.818396226 0.0
-426.818396226 0.0
-425.818396226 0.0
-424.818396226 0.0
-423.818396226 0.0
-422.818396226 0.0
-421.818396226 0.0
-420.818396226 0.0
-419.818396226 0.0
-418.818396226 0.0
-417.818396226 0.0
-416.818396226 0.0
-415.818396226 0.0
-414.818396226 0.0
-413.818396226 0.0
-412.818396226 0.0
-411.818396226 0.0
-410.818396226 0.0
-409.818396226 0.0
-408.818396226 0.0
-407.818396226 0.0
-406.818396226 0.0
-405.818396226 0.0
-404.818396226 0.0
-403.818396226 0.0
-402.818396226 0.0
-401.818396226 0.0
-400.818396226 0.0
-399.818396226 0.0
-398.818396226 0.0
-397.818396226 0.0
-396.818396226 0.0
-395.818396226 0.0
-394.818396226 0.0
-393.818396226 0.0
-392.818396226 0.0
-391.818396226 0.0
-390.818396226 0.0
-389.818396226 0.0
-388.818396226 0.0
-387.818396226 0.0
-386.818396226 0.0
-385.818396226 0.0
-384.818396226 0.0
-383.818396226 0.0
-382.818396226 0.0
-381.818396226 0.0
-380.818396226 0.0
-379.818396226 0.0
-378.818396226 0.0
-377.818396226 0.0
-376.818396226 0.0
-375.818396226 0.0
-374.818396226 0.0
-373.818396226 0.0
-372.818396226 0.0
-371.818396226 0.0
-370.818396226 0.0
-369.818396226 0.0
-368.818396226 0.0
-367.818396226 0.0
-366.818396226 0.0
-365.818396226 0.0
-364.818396226 0.0
-363.818396226 0.0
-362.818396226 0.0
-361.818396226 0.0
-360.818396226 0.0
-359.818396226 0.0
-358.818396226 0.0
-357.818396226 0.0
-356.818396226 0.0
-355.818396226 0.0
-354.818396226 0.0
-353.818396226 0.0
-352.818396226 0.0
-351.818396226 0.0
-350.818396226 0.0
-349.818396226 0.0
-348.818396226 0.0
-347.818396226 0.0
-346.818396226 0.0
-345.818396226 0.0
-344.818396226 0.0
-343.818396226 0.0
-342.818396226 0.0
-341.818396226 0.0
-340.818396226 0.0
-339.818396226 0.0
-338.818396226 0.0
-337.818396226 0.0
-336.818396226 0.0
-335.818396226 0.0
-334.818396226 0.0
-333.818396226 0.0
-332.818396226 0.0
-331.818396226 0.0
-330.818396226 0.0
-329.818396226 0.0
-328.818396226 0.0
-327.818396226 0.0
-326.818396226 0.0
-325.818396226 0.0
-324.818396226 0.0
-323.818396226 0.0
-322.818396226 0.000000e+00
-322.228773585 0.000000e+00
-321.639150943 0.000000e+00
-321.049528302 0.000000e+00
-320.45990566 0.000000e+00
-319.870283019 0.000000e+00
-319.280660377 0.000000e+00
-318.691037736 0.000000e+00
-318.101415094 0.000000e+00
-317.511792453 0.000000e+00
-316.922169811 0.000000e+00
-316.33254717 0.000000e+00
-315.742924528 0.000000e+00
-315.153301887 0.000000e+00
-314.563679245 0.000000e+00
-313.974056604 0.000000e+00
-313.384433962 0.000000e+00
-312.794811321 0.000000e+00
-312.205188679 0.000000e+00
-311.615566038 0.000000e+00
-311.025943396 0.000000e+00
-310.436320755 0.000000e+00
-309.846698113 0.000000e+00
-309.257075472 0.000000e+00
-308.66745283 0.000000e+00
-308.077830189 0.000000e+00
-307.488207547 0.000000e+00
-306.898584906 0.000000e+00
-306.308962264 0.000000e+00
-305.719339623 0.000000e+00
-305.129716981 0.000000e+00
-304.54009434 0.000000e+00
-303.950471698 0.000000e+00
-303.360849057 0.000000e+00
-302.771226415 0.000000e+00
-302.181603774 0.000000e+00
-301.591981132 0.000000e+00
-301.002358491 0.000000e+00
-300.412735849 0.000000e+00
-299.823113208 0.000000e+00
-299.233490566 0.000000e+00
-298.643867925 0.000000e+00
-298.054245283 0.000000e+00
-297.464622642 0.000000e+00
-296.875 0.000000e+00
-296.285377358 0.000000e+00
-295.695754717 0.000000e+00
-295.106132075 0.000000e+00
-294.516509434 0.000000e+00
-293.926886792 0.000000e+00
-293.337264151 0.000000e+00
-292.747641509 0.000000e+00
-292.158018868 0.000000e+00
-291.568396226 0.000000e+00
-290.978773585 0.000000e+00
-290.389150943 0.000000e+00
-289.799528302 0.000000e+00
-289.20990566 0.000000e+00
-288.620283019 0.000000e+00
-288.030660377 0.000000e+00
-287.441037736 0.000000e+00
-286.851415094 0.000000e+00
-286.261792453 0.000000e+00
-285.672169811 0.000000e+00
-285.08254717 0.000000e+00
-284.492924528 0.000000e+00
-283.903301887 0.000000e+00
-283.313679245 0.000000e+00
-282.724056604 0.000000e+00
-282.134433962 0.000000e+00
-281.544811321 0.000000e+00
-280.955188679 0.000000e+00
-280.365566038 0.000000e+00
-279.775943396 0.000000e+00
-279.186320755 0.000000e+00
-278.596698113 0.000000e+00
-278.007075472 0.000000e+00
-277.41745283 0.000000e+00
-276.827830189 0.000000e+00
-276.238207547 0.000000e+00
-275.648584906 0.000000e+00
-275.058962264 0.000000e+00
-274.469339623 0.000000e+00
-273.879716981 0.000000e+00
-273.29009434 0.000000e+00
-272.700471698 0.000000e+00
-272.110849057 0.000000e+00
-271.521226415 0.000000e+00
-270.931603774 0.000000e+00
-270.341981132 0.000000e+00
-269.752358491 0.000000e+00
-269.162735849 0.000000e+00
-268.573113208 0.000000e+00
-267.983490566 0.000000e+00
-267.393867925 0.000000e+00
-266.804245283 0.000000e+00
-266.214622642 0.000000e+00
-265.625 0.000000e+00
-265.035377358 0.000000e+00
-264.445754717 0.000000e+00
-263.856132075 0.000000e+00
-263.266509434 0.000000e+00
-262.676886792 0.000000e+00
-262.087264151 0.000000e+00
-261.497641509 0.000000e+00
-260.908018868 0.000000e+00
-260.318396226 0.000000e+00
-259.728773585 0.000000e+00
-259.139150943 0.000000e+00
-258.549528302 0.000000e+00
-257.95990566 0.000000e+00
-257.370283019 0.000000e+00
-256.780660377 0.000000e+00
-256.191037736 0.000000e+00
-255.601415094 0.000000e+00
-255.011792453 0.000000e+00
-254.422169811 0.000000e+00
-253.83254717 0.000000e+00
-253.242924528 0.000000e+00
-252.653301887 0.000000e+00
-140.625 0.000000e+00
-140.035377358 0.000000e+00
-139.445754717 0.000000e+00
-138.856132075 0.000000e+00
-138.266509434 0.000000e+00
-137.676886792 0.000000e+00
-137.087264151 0.000000e+00
-136.497641509 0.000000e+00
-135.908018868 0.000000e+00
-135.318396226 0.000000e+00
-134.728773585 0.000000e+00
-134.139150943 0.000000e+00
-133.549528302 0.000000e+00
-132.95990566 0.000000e+00
-132.370283019 0.000000e+00
-131.780660377 0.000000e+00
-131.191037736 0.000000e+00
-130.601415094 0.000000e+00
-130.011792453 0.000000e+00
-129.422169811 0.000000e+00
-128.83254717 0.000000e+00
-128.242924528 0.000000e+00
-127.653301887 0.000000e+00
-127.063679245 0.000000e+00
-126.474056604 0.000000e+00
-125.884433962 0.000000e+00
-125.294811321 0.000000e+00
-124.705188679 0.000000e+00
-124.115566038 0.000000e+00
-123.525943396 0.000000e+00
-122.936320755 0.000000e+00
-122.346698113 0.000000e+00
-121.757075472 0.000000e+00
-121.16745283 0.000000e+00
-120.577830189 0.000000e+00
-119.988207547 0.000000e+00
-119.398584906 0.000000e+00
-118.808962264 0.000000e+00
-118.219339623 0.000000e+00
-117.629716981 0.000000e+00
-117.04009434 0.000000e+00
-116.450471698 0.000000e+00
-115.860849057 0.000000e+00
-115.271226415 0.000000e+00
-114.681603774 0.000000e+00
-114.091981132 0.000000e+00
-113.502358491 0.000000e+00
-112.912735849 0.000000e+00
-112.323113208 0.000000e+00
-111.733490566 0.000000e+00
-111.143867925 0.000000e+00
-110.554245283 0.000000e+00
-109.964622642 0.000000e+00
-109.375 0.000000e+00
-108.785377358 0.000000e+00
-108.195754717 0.000000e+00
-107.606132075 0.000000e+00
-107.016509434 0.000000e+00
-106.426886792 0.000000e+00
-105.837264151 0.000000e+00
-105.247641509 0.000000e+00
-104.658018868 0.000000e+00
-104.068396226 0.000000e+00
-103.478773585 0.000000e+00
-102.889150943 0.000000e+00
-102.299528302 0.000000e+00
-101.70990566 0.000000e+00
-101.120283019 0.000000e+00
-100.530660377 0.000000e+00
-99.9410377358 0.000000e+00
-99.3514150943 0.000000e+00
-98.7617924528 0.000000e+00
-98.1721698113 0.000000e+00
-97.5825471698 0.000000e+00
-96.9929245283 0.000000e+00
-96.4033018868 0.000000e+00
-95.8136792453 0.000000e+00
-95.2240566038 0.000000e+00
-94.6344339623 0.000000e+00
-94.0448113208 0.000000e+00
-93.4551886792 0.000000e+00
-92.8655660377 0.000000e+00
-92.2759433962 0.000000e+00
-91.6863207547 0.000000e+00
-91.0966981132 0.000000e+00
-90.5070754717 0.000000e+00
-89.9174528302 0.000000e+00
-89.3278301887 0.000000e+00
-88.7382075472 0.000000e+00
-88.1485849057 0.000000e+00
-87.5589622642 0.000000e+00
-86.9693396226 0.000000e+00
-86.3797169811 0.000000e+00
-85.7900943396 0.000000e+00
-85.2004716981 0.000000e+00
-84.6108490566 0.000000e+00
-84.0212264151 0.000000e+00
-83.4316037736 0.000000e+00
-82.8419811321 0.000000e+00
-82.2523584906 0.000000e+00
-81.6627358491 0.000000e+00
-81.0731132075 0.000000e+00
-80.483490566 0.000000e+00
-79.8938679245 0.000000e+00
-79.304245283 0.000000e+00
-78.7146226415 0.000000e+00
-78.125 0.000000e+00
-77.5353773585 0.000000e+00
-76.945754717 0.000000e+00
-76.3561320755 0.000000e+00
-75.766509434 0.000000e+00
-75.1768867925 0.000000e+00
-74.5872641509 0.000000e+00
-73.9976415094 0.000000e+00
-73.4080188679 0.000000e+00
-72.8183962264 0.000000e+00
-72.2287735849 0.000000e+00
-71.6391509434 0.000000e+00
-71.0495283019 0.000000e+00
-70.4599056604 0.000000e+00
-69.8702830189 0.000000e+00
-69.2806603774 0.000000e+00
-68.6910377358 0.000000e+00
-68.1014150943 0.000000e+00
-67.5117924528 0.000000e+00
-66.9221698113 0.000000e+00
-66.3325471698 0.000000e+00
-65.7429245283 0.000000e+00
-65.1533018868 0.000000e+00
-64.5636792453 0.000000e+00
-63.9740566038 0.000000e+00
-63.3844339623 0.000000e+00
-62.7948113208 0.000000e+00
-62.2051886792 0.000000e+00
-61.6155660377 0.000000e+00
-61.0259433962 0.000000e+00
-60.4363207547 0.000000e+00
-59.8466981132 0.000000e+00
-59.2570754717 0.000000e+00
-58.6674528302 0.000000e+00
-58.0778301887 0.000000e+00
-57.4882075472 0.000000e+00
-56.8985849057 0.000000e+00
-56.3089622642 0.000000e+00
-55.7193396226 0.000000e+00
-55.1297169811 0.000000e+00
-54.5400943396 0.000000e+00
-53.9504716981 0.000000e+00
-53.3608490566 0.000000e+00
-52.7712264151 0.000000e+00
-52.1816037736 0.000000e+00
-51.5919811321 0.000000e+00
-51.0023584906 0.000000e+00
-50.4127358491 0.000000e+00
-49.8231132075 0.000000e+00
-49.233490566 0.000000e+00
-48.6438679245 0.000000e+00
-48.054245283 0.000000e+00
-47.4646226415 0.000000e+00
-46.875 0.000000e+00
-46.2853773585 0.000000e+00
-45.695754717 0.000000e+00
-45.1061320755 0.000000e+00
-44.516509434 0.000000e+00
-43.9268867925 0.000000e+00
-43.3372641509 0.000000e+00
-42.7476415094 0.000000e+00
-42.1580188679 0.000000e+00
-41.5683962264 0.000000e+00
-40.9787735849 0.000000e+00
-40.3891509434 0.000000e+00
-39.7995283019 0.000000e+00
-39.2099056604 0.000000e+00
-38.6202830189 0.000000e+00
-38.0306603774 0.000000e+00
-37.4410377358 0.000000e+00
-36.8514150943 0.000000e+00
-36.2617924528 0.000000e+00
-35.6721698113 0.000000e+00
-35.0825471698 0.000000e+00
-34.4929245283 0.000000e+00
-33.9033018868 0.000000e+00
-33.3136792453 0.000000e+00
-32.7240566038 0.000000e+00
-32.1344339623 0.000000e+00
-31.5448113208 0.000000e+00
-30.9551886792 0.000000e+00
-30.3655660377 0.000000e+00
-29.7759433962 0.000000e+00
-29.1863207547 0.000000e+00
-28.5966981132 0.000000e+00
-28.0070754717 0.000000e+00
-27.4174528302 0.000000e+00
-26.8278301887 0.000000e+00
-26.2382075472 0.000000e+00
-25.6485849057 0.000000e+00
-25.0589622642 0.000000e+00
-24.4693396226 0.000000e+00
-23.8797169811 0.000000e+00
-23.2900943396 0.000000e+00
-22.7004716981 0.000000e+00
-22.1108490566 0.000000e+00
-21.5212264151 0.000000e+00
-20.9316037736 0.000000e+00
-20.3419811321 0.000000e+00
-19.7523584906 0.000000e+00
-19.1627358491 0.000000e+00
-18.5731132075 0.000000e+00
-17.983490566 0.000000e+00
-17.3938679245 0.000000e+00
-16.804245283 0.000000e+00
-16.2146226415 0.000000e+00
-15.625 0.000000e+00
-15.0353773585 0.000000e+00
-14.445754717 0.000000e+00
-13.8561320755 0.000000e+00
-13.266509434 0.000000e+00
-12.6768867925 0.000000e+00
-12.0872641509 0.000000e+00
-11.4976415094 0.000000e+00
-10.9080188679 0.000000e+00
-10.3183962264 0.000000e+00
-9.72877358491 0.000000e+00
-9.1391509434 0.000000e+00
-8.54952830189 0.000000e+00
-7.95990566038 0.000000e+00
-7.37028301887 9.501768e-01
-6.78066037736 8.784421e-01
-6.19103773585 0.000000e+00
-5.60141509434 0.000000e+00
-5.01179245283 0.000000e+00
-4.42216981132 0.000000e+00
-3.83254716981 7.689684e-01
-3.2429245283 0.000000e+00
-2.65330188679 0.000000e+00
-2.06367924528 0.000000e+00
-1.47405660377 7.524697e-01
-0.884433962264 0.000000e+00
-0.294811320755 0.000000e+00
0.294811320755 0.000000e+00
0.884433962264 0.000000e+00
1.47405660377 0.000000e+00
2.06367924528 0.000000e+00
2.65330188679 8.586060e-01
3.2429245283 0.000000e+00
3.83254716981 1.000000e+00
4.42216981132 9.707422e-01
5.01179245283 0.000000e+00
5.60141509434 0.000000e+00
6.19103773585 0.000000e+00
6.78066037736 0.000000e+00
7.37028301887 7.739993e-01
7.95990566038 0.000000e+00
8.54952830189 0.000000e+00
9.1391509434 0.000000e+00
9.72877358491 0.000000e+00
10.3183962264 0.000000e+00
10.9080188679 0.000000e+00
11.4976415094 0.000000e+00
12.0872641509 0.000000e+00
12.6768867925 0.000000e+00
13.266509434 7.752121e-01
13.8561320755 0.000000e+00
14.445754717 0.000000e+00
15.0353773585 0.000000e+00
15.625 0.000000e+00
16.2146226415 0.000000e+00
16.804245283 0.000000e+00
17.3938679245 0.000000e+00
17.983490566 0.000000e+00
18.5731132075 0.000000e+00
19.1627358491 0.000000e+00
19.7523584906 0.000000e+00
20.3419811321 0.000000e+00
20.9316037736 0.000000e+00
21.5212264151 8.030186e-01
22.1108490566 0.000000e+00
22.7004716981 0.000000e+00
23.2900943396 0.000000e+00
23.8797169811 0.000000e+00
24.4693396226 0.000000e+00
25.0589622642 7.512155e-01
25.6485849057 8.977500e-01
26.2382075472 0.000000e+00
26.8278301887 0.000000e+00
27.4174528302 0.000000e+00
28.0070754717 0.000000e+00
28.5966981132 0.000000e+00
29.1863207547 0.000000e+00
29.7759433962 0.000000e+00
30.3655660377 0.000000e+00
30.9551886792 0.000000e+00
31.5448113208 0.000000e+00
32.1344339623 0.000000e+00
32.7240566038 0.000000e+00
33.3136792453 0.000000e+00
33.9033018868 0.000000e+00
34.4929245283 0.000000e+00
35.0825471698 0.000000e+00
35.6721698113 0.000000e+00
36.2617924528 0.000000e+00
36.8514150943 0.000000e+00
37.4410377358 0.000000e+00
38.0306603774 0.000000e+00
38.6202830189 0.000000e+00
39.2099056604 0.000000e+00
39.7995283019 0.000000e+00
40.3891509434 0.000000e+00
40.9787735849 0.000000e+00
41.5683962264 0.000000e+00
42.1580188679 0.000000e+00
42.7476415094 0.000000e+00
43.3372641509 0.000000e+00
43.9268867925 0.000000e+00
44.516509434 0.000000e+00
45.1061320755 0.000000e+00
45.695754717 0.000000e+00
46.2853773585 0.000000e+00
46.875 0.000000e+00
47.4646226415 0.000000e+00
48.054245283 0.000000e+00
48.6438679245 0.000000e+00
49.233490566 0.000000e+00
49.8231132075 0.000000e+00
50.4127358491 0.000000e+00
51.0023584906 0.000000e+00
51.5919811321 0.000000e+00
52.1816037736 0.000000e+00
52.7712264151 0.000000e+00
53.3608490566 0.000000e+00
53.9504716981 0.000000e+00
54.5400943396 0.000000e+00
55.1297169811 0.000000e+00
55.7193396226 0.000000e+00
56.3089622642 0.000000e+00
56.8985849057 0.000000e+00
57.4882075472 0.000000e+00
58.0778301887 0.000000e+00
58.6674528302 0.000000e+00
59.2570754717 0.000000e+00
59.8466981132 0.000000e+00
60.4363207547 0.000000e+00
61.0259433962 0.000000e+00
61.6155660377 0.000000e+00
62.2051886792 0.000000e+00
62.7948113208 0.000000e+00
63.3844339623 0.000000e+00
63.9740566038 0.000000e+00
64.5636792453 0.000000e+00
65.1533018868 0.000000e+00
65.7429245283 0.000000e+00
66.3325471698 0.000000e+00
66.9221698113 0.000000e+00
67.5117924528 0.000000e+00
68.1014150943 0.000000e+00
68.6910377358 0.000000e+00
69.2806603774 0.000000e+00
69.8702830189 0.000000e+00
70.4599056604 0.000000e+00
71.0495283019 0.000000e+00
71.6391509434 0.000000e+00
72.2287735849 0.000000e+00
72.8183962264 0.000000e+00
73.4080188679 0.000000e+00
73.9976415094 0.000000e+00
74.5872641509 0.000000e+00
75.1768867925 0.000000e+00
75.766509434 0.000000e+00
76.3561320755 0.000000e+00
76.945754717 0.000000e+00
77.5353773585 0.000000e+00
78.125 0.000000e+00
78.7146226415 0.000000e+00
79.304245283 0.000000e+00
79.8938679245 0.000000e+00
80.483490566 0.000000e+00
81.0731132075 0.000000e+00
81.6627358491 0.000000e+00
82.2523584906 0.000000e+00
82.8419811321 0.000000e+00
83.4316037736 0.000000e+00
84.0212264151 0.000000e+00
84.6108490566 0.000000e+00
85.2004716981 0.000000e+00
85.7900943396 0.000000e+00
86.3797169811 0.000000e+00
86.9693396226 0.000000e+00
87.5589622642 0.000000e+00
88.1485849057 0.000000e+00
88.7382075472 0.000000e+00
89.3278301887 0.000000e+00
89.9174528302 0.000000e+00
90.5070754717 0.000000e+00
91.0966981132 0.000000e+00
91.6863207547 0.000000e+00
92.2759433962 0.000000e+00
92.8655660377 0.000000e+00
93.4551886792 0.000000e+00
94.0448113208 0.000000e+00
94.6344339623 0.000000e+00
95.2240566038 0.000000e+00
95.8136792453 0.000000e+00
96.4033018868 0.000000e+00
96.9929245283 0.000000e+00
97.5825471698 0.000000e+00
98.1721698113 0.000000e+00
98.7617924528 0.000000e+00
99.3514150943 0.000000e+00
99.9410377358 0.000000e+00
100.530660377 0.000000e+00
101.120283019 0.000000e+00
101.70990566 0.000000e+00
102.299528302 0.000000e+00
102.889150943 0.000000e+00
103.478773585 0.000000e+00
104.068396226 0.000000e+00
104.658018868 0.000000e+00
105.247641509 0.000000e+00
105.837264151 0.000000e+00
106.426886792 0.000000e+00
107.016509434 0.000000e+00
107.606132075 0.000000e+00
108.195754717 0.000000e+00
108.785377358 0.000000e+00
109.375 0.000000e+00
109.964622642 0.000000e+00
110.554245283 0.000000e+00
111.143867925 0.000000e+00
111.733490566 0.000000e+00
112.323113208 0.000000e+00
112.912735849 0.000000e+00
113.502358491 0.000000e+00
114.091981132 0.000000e+00
114.681603774 0.000000e+00
115.271226415 0.000000e+00
115.860849057 0.000000e+00
116.450471698 0.000000e+00
117.04009434 0.000000e+00
117.629716981 0.000000e+00
118.219339623 0.000000e+00
118.808962264 0.000000e+00
119.398584906 0.000000e+00
119.988207547 0.000000e+00
120.577830189 0.000000e+00
121.16745283 0.000000e+00
121.757075472 0.000000e+00
122.346698113 0.000000e+00
122.936320755 0.000000e+00
123.525943396 0.000000e+00
124.115566038 0.000000e+00
124.705188679 0.000000e+00
125.294811321 0.000000e+00
125.884433962 0.000000e+00
126.474056604 0.000000e+00
127.063679245 0.000000e+00
127.653301887 0.000000e+00
128.242924528 0.000000e+00
128.83254717 0.000000e+00
129.422169811 0.000000e+00
130.011792453 0.000000e+00
130.601415094 0.000000e+00
131.191037736 0.000000e+00
131.780660377 0.000000e+00
132.370283019 0.000000e+00
132.95990566 0.000000e+00
133.549528302 0.000000e+00
134.139150943 0.000000e+00
134.728773585 0.000000e+00
135.318396226 0.000000e+00
135.908018868 0.000000e+00
136.497641509 0.000000e+00
137.087264151 0.000000e+00
137.676886792 0.000000e+00
138.266509434 0.000000e+00
138.856132075 0.000000e+00
139.445754717 0.000000e+00
140.035377358 0.000000e+00
140.625 0.000000e+00
141.214622642 0.000000e+00
141.804245283 0.000000e+00
142.393867925 0.000000e+00
142.983490566 0.000000e+00
143.573113208 0.000000e+00
144.162735849 0.000000e+00
144.752358491 0.000000e+00
145.341981132 0.000000e+00
145.931603774 0.000000e+00
146.521226415 0.000000e+00
147.110849057 0.000000e+00
147.700471698 0.000000e+00
148.29009434 0.000000e+00
148.879716981 0.000000e+00
149.469339623 0.000000e+00
150.058962264 0.000000e+00
150.648584906 0.000000e+00
151.238207547 0.000000e+00
151.827830189 0.000000e+00
152.41745283 0.000000e+00
153.007075472 0.000000e+00
153.596698113 0.000000e+00
154.186320755 0.000000e+00
154.775943396 0.000000e+00
155.365566038 0.000000e+00
155.955188679 0.000000e+00
156.544811321 0.000000e+00
157.134433962 0.000000e+00
157.724056604 0.000000e+00
158.313679245 0.000000e+00
158.903301887 0.000000e+00
159.492924528 0.000000e+00
160.08254717 0.000000e+00
160.672169811 0.000000e+00
161.261792453 0.000000e+00
161.851415094 0.000000e+00
162.441037736 0.000000e+00
163.030660377 0.000000e+00
163.620283019 0.000000e+00
164.20990566 0.000000e+00
164.799528302 0.000000e+00
165.389150943 0.000000e+00
165.978773585 0.000000e+00
166.568396226 0.000000e+00
167.158018868 0.000000e+00
167.747641509 0.000000e+00
168.337264151 0.000000e+00
168.926886792 0.000000e+00
169.516509434 0.000000e+00
170.106132075 0.000000e+00
170.695754717 0.000000e+00
171.285377358 0.000000e+00
171.875 0.000000e+00
172.464622642 0.000000e+00
173.054245283 0.000000e+00
173.643867925 0.000000e+00
174.233490566 0.000000e+00
174.823113208 0.000000e+00
175.412735849 0.000000e+00
176.002358491 0.000000e+00
176.591981132 0.000000e+00
177.181603774 0.000000e+00
177.771226415 0.000000e+00
178.360849057 0.000000e+00
178.950471698 0.000000e+00
179.54009434 0.000000e+00
180.129716981 0.000000e+00
180.719339623 0.000000e+00
181.308962264 0.000000e+00
181.898584906 0.000000e+00
182.488207547 0.000000e+00
183.077830189 0.000000e+00
183.66745283 0.000000e+00
184.257075472 0.000000e+00
184.846698113 0.000000e+00
185.436320755 0.000000e+00
186.025943396 0.000000e+00
186.615566038 0.000000e+00
187.205188679 0.000000e+00
187.794811321 0.000000e+00
188.384433962 0.000000e+00
188.974056604 0.000000e+00
189.563679245 0.000000e+00
190.153301887 0.000000e+00
190.742924528 0.000000e+00
191.33254717 0.000000e+00
191.922169811 0.000000e+00
192.511792453 0.000000e+00
193.101415094 0.000000e+00
193.691037736 0.000000e+00
194.280660377 0.000000e+00
194.870283019 0.000000e+00
195.45990566 0.000000e+00
196.049528302 0.000000e+00
196.639150943 0.000000e+00
197.228773585 0.000000e+00
197.818396226 0.000000e+00
198.408018868 0.000000e+00
198.997641509 0.000000e+00
199.587264151 0.000000e+00
200.176886792 0.000000e+00
200.766509434 0.000000e+00
201.356132075 0.000000e+00
201.945754717 0.000000e+00
202.535377358 0.000000e+00
203.125 0.000000e+00
203.714622642 0.000000e+00
204.304245283 0.000000e+00
204.893867925 0.000000e+00
205.483490566 0.000000e+00
206.073113208 0.000000e+00
206.662735849 0.000000e+00
207.252358491 0.000000e+00
207.841981132 0.000000e+00
208.431603774 0.000000e+00
209.021226415 0.000000e+00
209.610849057 0.000000e+00
210.200471698 0.000000e+00
210.79009434 0.000000e+00
211.379716981 0.000000e+00
211.969339623 0.000000e+00
212.558962264 0.000000e+00
213.148584906 0.000000e+00
213.738207547 0.000000e+00
214.327830189 0.000000e+00
214.91745283 0.000000e+00
215.507075472 0.000000e+00
216.096698113 0.000000e+00
216.686320755 0.000000e+00
217.275943396 0.000000e+00
217.865566038 0.000000e+00
218.455188679 0.000000e+00
219.044811321 0.000000e+00
219.634433962 0.000000e+00
220.224056604 0.000000e+00
220.813679245 0.000000e+00
221.403301887 0.000000e+00
221.992924528 0.000000e+00
222.58254717 0.000000e+00
223.172169811 0.000000e+00
223.761792453 0.000000e+00
224.351415094 0.000000e+00
224.941037736 0.000000e+00
225.530660377 0.000000e+00
226.120283019 0.000000e+00
226.70990566 0.000000e+00
227.299528302 0.000000e+00
227.889150943 0.000000e+00
228.478773585 0.000000e+00
229.068396226 0.000000e+00
229.658018868 0.000000e+00
230.247641509 0.000000e+00
230.837264151 0.000000e+00
231.426886792 0.000000e+00
232.016509434 0.000000e+00
232.606132075 0.000000e+00
233.195754717 0.000000e+00
233.785377358 0.000000e+00
234.375 0.000000e+00
234.964622642 0.000000e+00
235.554245283 0.000000e+00
236.143867925 0.000000e+00
236.733490566 0.000000e+00
237.323113208 0.000000e+00
237.912735849 0.000000e+00
238.502358491 0.000000e+00
239.091981132 0.000000e+00
239.681603774 0.000000e+00
240.271226415 0.000000e+00
240.860849057 0.000000e+00
241.450471698 0.000000e+00
242.04009434 0.000000e+00
242.629716981 0.000000e+00
243.219339623 0.000000e+00
243.808962264 0.000000e+00
244.398584906 0.000000e+00
244.988207547 0.000000e+00
245.577830189 0.000000e+00
246.16745283 0.000000e+00
246.757075472 0.000000e+00
247.346698113 0.000000e+00
247.936320755 0.000000e+00
248.525943396 0.000000e+00
249.115566038 0.000000e+00
249.705188679 0.000000e+00
250.294811321 0.000000e+00
250.884433962 0.000000e+00
251.474056604 0.000000e+00
252.063679245 0.000000e+00
252.653301887 0.000000e+00
253.242924528 0.000000e+00
253.83254717 0.000000e+00
254.422169811 0.000000e+00
255.011792453 0.000000e+00
255.601415094 0.000000e+00
256.191037736 0.000000e+00
256.780660377 0.000000e+00
257.370283019 0.000000e+00
257.95990566 0.000000e+00
258.549528302 0.000000e+00
259.139150943 0.000000e+00
259.728773585 0.000000e+00
260.318396226 0.000000e+00
260.908018868 0.000000e+00
261.497641509 0.000000e+00
262.087264151 0.000000e+00
262.676886792 0.000000e+00
263.266509434 0.000000e+00
263.856132075 0.000000e+00
264.445754717 0.000000e+00
265.035377358 0.000000e+00
265.625 0.000000e+00
266.214622642 0.000000e+00
266.804245283 0.000000e+00
267.393867925 0.000000e+00
267.983490566 0.000000e+00
268.573113208 0.000000e+00
269.162735849 0.000000e+00
269.752358491 0.000000e+00
270.341981132 0.000000e+00
270.931603774 0.000000e+00
271.521226415 0.000000e+00
272.110849057 0.000000e+00
272.700471698 0.000000e+00
273.29009434 0.000000e+00
273.879716981 0.000000e+00
274.469339623 0.000000e+00
275.058962264 0.000000e+00
275.648584906 0.000000e+00
276.238207547 0.000000e+00
276.827830189 0.000000e+00
277.41745283 0.000000e+00
278.007075472 0.000000e+00
278.596698113 0.000000e+00
279.186320755 0.000000e+00
279.775943396 0.000000e+00
280.365566038 0.000000e+00
280.955188679 0.000000e+00
281.544811321 0.000000e+00
282.134433962 0.000000e+00
282.724056604 0.000000e+00
283.313679245 0.000000e+00
283.903301887 0.000000e+00
284.492924528 0.000000e+00
285.08254717 0.000000e+00
285.672169811 0.000000e+00
286.261792453 0.000000e+00
286.851415094 0.000000e+00
287.441037736 0.000000e+00
288.030660377 0.000000e+00
288.620283019 0.000000e+00
289.20990566 0.000000e+00
289.799528302 0.000000e+00
290.389150943 0.000000e+00
290.978773585 0.000000e+00
291.568396226 0.000000e+00
292.158018868 0.000000e+00
292.747641509 0.000000e+00
293.337264151 0.000000e+00
293.926886792 0.000000e+00
294.516509434 0.000000e+00
295.106132075 0.000000e+00
295.695754717 0.000000e+00
296.285377358 0.000000e+00
296.875 0.000000e+00
297.464622642 0.000000e+00
298.054245283 0.000000e+00
298.643867925 0.000000e+00
299.233490566 0.000000e+00
299.823113208 0.000000e+00
300.412735849 0.000000e+00
301.002358491 0.000000e+00
301.591981132 0.000000e+00
302.181603774 0.000000e+00
302.771226415 0.000000e+00
303.360849057 0.000000e+00
303.950471698 0.000000e+00
304.54009434 0.000000e+00
305.129716981 0.000000e+00
305.719339623 0.000000e+00
306.308962264 0.000000e+00
306.898584906 0.000000e+00
307.488207547 0.000000e+00
308.077830189 0.000000e+00
308.66745283 0.000000e+00
309.257075472 0.000000e+00
309.846698113 0.000000e+00
310.436320755 0.000000e+00
311.025943396 0.000000e+00
311.615566038 0.000000e+00
312.205188679 0.000000e+00
312.794811321 0.000000e+00
313.384433962 0.000000e+00
313.974056604 0.000000e+00
314.563679245 0.000000e+00
315.153301887 0.000000e+00
315.742924528 0.000000e+00
316.33254717 0.000000e+00
316.922169811 0.000000e+00
317.511792453 0.000000e+00
318.101415094 0.000000e+00
318.691037736 0.000000e+00
319.280660377 0.000000e+00
319.870283019 0.000000e+00
320.45990566 0.000000e+00
321.049528302 0.000000e+00
321.639150943 0.000000e+00
322.228773585 0.000000e+00
322.818396226 0.000000e+00
323.408018868 0.000000e+00
323.997641509 0.000000e+00
324.587264151 0.000000e+00
325.176886792 0.000000e+00
325.766509434 0.000000e+00
326.356132075 0.000000e+00
326.945754717 0.000000e+00
327.535377358 0.000000e+00
328.125 0.000000e+00
328.714622642 0.000000e+00
329.304245283 0.000000e+00
329.893867925 0.000000e+00
330.483490566 0.000000e+00
331.073113208 0.000000e+00
331.662735849 0.000000e+00
332.252358491 0.000000e+00
332.841981132 0.000000e+00
333.431603774 0.000000e+00
334.021226415 0.000000e+00
334.610849057 0.000000e+00
335.200471698 0.000000e+00
335.79009434 0.000000e+00
336.379716981 0.000000e+00
336.969339623 0.000000e+00
337.558962264 0.000000e+00
338.148584906 0.000000e+00
338.738207547 0.000000e+00
339.327830189 0.000000e+00
339.91745283 0.000000e+00
340.507075472 0.000000e+00
341.096698113 0.000000e+00
341.686320755 0.000000e+00
342.275943396 0.000000e+00
342.865566038 0.000000e+00
343.455188679 0.000000e+00
344.044811321 0.000000e+00
344.634433962 0.000000e+00
345.224056604 0.000000e+00
345.813679245 0.000000e+00
346.403301887 0.000000e+00
346.992924528 0.000000e+00
347.58254717 0.000000e+00
348.172169811 0.000000e+00
348.761792453 0.000000e+00
349.351415094 0.000000e+00
349.941037736 0.000000e+00
350.530660377 0.000000e+00
351.120283019 0.000000e+00
351.70990566 0.000000e+00
352.299528302 0.000000e+00
352.889150943 0.000000e+00
353.478773585 0.000000e+00
354.068396226 0.000000e+00
354.658018868 0.000000e+00
355.247641509 0.000000e+00
355.837264151 0.000000e+00
356.426886792 0.000000e+00
357.016509434 0.000000e+00
357.606132075 0.000000e+00
358.195754717 0.000000e+00
358.785377358 0.000000e+00
359.375 0.000000e+00
359.964622642 0.000000e+00
360.554245283 0.000000e+00
361.143867925 0.000000e+00
361.733490566 0.000000e+00
362.323113208 0.000000e+00
362.912735849 0.000000e+00
363.502358491 0.000000e+00
364.091981132 0.000000e+00
364.681603774 0.000000e+00
365.271226415 0.000000e+00
365.860849057 0.000000e+00
366.450471698 0.000000e+00
367.04009434 0.000000e+00
367.629716981 0.000000e+00
368.219339623 0.000000e+00
368.808962264 0.000000e+00
369.398584906 0.000000e+00
369.988207547 0.000000e+00
370.577830189 0.000000e+00
371.16745283 0.000000e+00
371.757075472 0.000000e+00
372.346698113 0.000000e+00
372.936320755 0.000000e+00
373.525943396 0.000000e+00
374.115566038 0.000000e+00
374.705188679 0.000000e+00
375.294811321 0.000000e+00
375.884433962 0.000000e+00
376.474056604 0.000000e+00
377.063679245 0.000000e+00
377.653301887 0.000000e+00
378.242924528 0.000000e+00
378.83254717 0.000000e+00
379.422169811 0.000000e+00
380.011792453 0.000000e+00
380.601415094 0.000000e+00
381.191037736 0.000000e+00
381.780660377 0.000000e+00
382.370283019 0.000000e+00
382.95990566 0.000000e+00
383.549528302 0.000000e+00
384.139150943 0.000000e+00
384.728773585 0.000000e+00
385.318396226 0.000000e+00
385.908018868 0.000000e+00
386.497641509 0.000000e+00
387.087264151 0.000000e+00
387.676886792 0.000000e+00
388.266509434 0.000000e+00
388.856132075 0.000000e+00
389.445754717 0.000000e+00
390.035377358 0.000000e+00
390.625 0.000000e+00
391.214622642 0.000000e+00
391.804245283 0.000000e+00
392.393867925 0.000000e+00
392.983490566 0.000000e+00
393.573113208 0.000000e+00
394.162735849 0.000000e+00
394.752358491 0.000000e+00
395.341981132 0.000000e+00
395.931603774 0.000000e+00
396.521226415 0.000000e+00
397.110849057 0.000000e+00
397.700471698 0.000000e+00
398.29009434 0.000000e+00
398.879716981 0.000000e+00
399.469339623 0.000000e+00
400.058962264 0.000000e+00
400.648584906 0.000000e+00
401.238207547 0.000000e+00
401.827830189 0.000000e+00
402.41745283 0.000000e+00
403.007075472 0.000000e+00
403.596698113 0.000000e+00
404.186320755 0.000000e+00
404.775943396 0.000000e+00
405.365566038 0.000000e+00
405.955188679 0.000000e+00
406.544811321 0.000000e+00
407.134433962 0.000000e+00
407.724056604 0.000000e+00
408.313679245 0.000000e+00
408.903301887 0.000000e+00
409.492924528 0.000000e+00
410.08254717 0.000000e+00
410.672169811 0.000000e+00
411.261792453 0.000000e+00
411.851415094 0.000000e+00
412.441037736 0.000000e+00
413.030660377 0.000000e+00
413.620283019 0.000000e+00
414.20990566 0.000000e+00
414.799528302 0.000000e+00
415.389150943 0.000000e+00
415.978773585 0.000000e+00
416.568396226 0.000000e+00
417.158018868 0.000000e+00
417.747641509 0.000000e+00
418.337264151 0.000000e+00
418.926886792 0.000000e+00
419.516509434 0.000000e+00
420.106132075 0.000000e+00
420.695754717 0.000000e+00
421.285377358 0.000000e+00
421.875 0.000000e+00
422.464622642 0.000000e+00
423.054245283 0.000000e+00
423.643867925 0.000000e+00
424.233490566 0.000000e+00
424.823113208 0.000000e+00
425.412735849 0.000000e+00
426.002358491 0.000000e+00
426.591981132 0.000000e+00
427.181603774 0.000000e+00
427.771226415 0.000000e+00
428.360849057 0.000000e+00
428.950471698 0.000000e+00
429.54009434 0.000000e+00
430.129716981 0.000000e+00
430.719339623 0.000000e+00
431.308962264 0.000000e+00
431.898584906 0.000000e+00
432.488207547 0.000000e+00
433.077830189 0.000000e+00
433.66745283 0.000000e+00
434.257075472 0.000000e+00
434.846698113 0.000000e+00
435.436320755 0.000000e+00
436.025943396 0.000000e+00
436.615566038 0.000000e+00
437.205188679 0.000000e+00
437.794811321 0.000000e+00
438.384433962 0.000000e+00
438.974056604 0.000000e+00
439.563679245 0.000000e+00
440.153301887 0.000000e+00
440.742924528 0.000000e+00
441.33254717 0.000000e+00
441.922169811 0.000000e+00
442.511792453 0.000000e+00
443.101415094 0.000000e+00
443.691037736 0.000000e+00
444.280660377 0.000000e+00
444.870283019 0.000000e+00
445.45990566 0.000000e+00
446.049528302 0.000000e+00
446.639150943 0.000000e+00
447.228773585 0.000000e+00
447.818396226 0.000000e+00
448.408018868 0.000000e+00
448.997641509 0.000000e+00
449.587264151 0.000000e+00
450.176886792 0.000000e+00
450.766509434 0.000000e+00
451.356132075 0.000000e+00
451.945754717 0.000000e+00
452.535377358 0.000000e+00
453.125 0.000000e+00
453.714622642 0.000000e+00
454.304245283 0.000000e+00
454.893867925 0.000000e+00
455.483490566 0.000000e+00
456.073113208 0.000000e+00
456.662735849 0.000000e+00
457.252358491 0.000000e+00
457.841981132 0.000000e+00
458.431603774 0.000000e+00
459.021226415 0.000000e+00
459.610849057 0.000000e+00
460.200471698 0.000000e+00
460.79009434 0.000000e+00
461.379716981 0.000000e+00
461.969339623 0.000000e+00
462.558962264 0.000000e+00
463.148584906 0.000000e+00
463.738207547 0.000000e+00
464.327830189 0.000000e+00
464.91745283 0.000000e+00
465.507075472 0.000000e+00
466.096698113 0.000000e+00
466.686320755 0.000000e+00
467.275943396 0.000000e+00
467.865566038 0.000000e+00
468.455188679 0.000000e+00
469.044811321 0.000000e+00
469.634433962 0.000000e+00
470.224056604 0.000000e+00
470.813679245 0.000000e+00
471.403301887 0.000000e+00
471.992924528 0.000000e+00
472.58254717 0.000000e+00
473.172169811 0.000000e+00
473.761792453 0.000000e+00
474.351415094 0.000000e+00
474.941037736 0.000000e+00
475.530660377 0.000000e+00
476.120283019 0.000000e+00
476.70990566 0.000000e+00
477.299528302 0.000000e+00
477.889150943 0.000000e+00
478.478773585 0.000000e+00
479.068396226 0.000000e+00
479.658018868 0.000000e+00
480.247641509 0.000000e+00
480.837264151 0.000000e+00
481.426886792 0.000000e+00
482.016509434 0.000000e+00
482.606132075 0.000000e+00
483.195754717 0.000000e+00
483.785377358 0.000000e+00
484.375 0.000000e+00
484.964622642 0.000000e+00
485.554245283 0.000000e+00
486.143867925 0.000000e+00
486.733490566 0.000000e+00
487.323113208 0.000000e+00
487.912735849 0.000000e+00
488.502358491 0.000000e+00
489.091981132 0.000000e+00
489.681603774 0.000000e+00
490.271226415 0.000000e+00
490.860849057 0.000000e+00
491.450471698 0.000000e+00
492.04009434 0.000000e+00
492.629716981 0.000000e+00
493.219339623 0.000000e+00
493.808962264 0.000000e+00
494.398584906 0.000000e+00
494.988207547 0.000000e+00
495.577830189 0.000000e+00
496.16745283 0.000000e+00
496.757075472 0.000000e+00
497.346698113 0.000000e+00
497.936320755 0.000000e+00
498.525943396 0.000000e+00
499.115566038 0.000000e+00
499.705188679 0.000000e+00
500.294811321 0.000000e+00
500.884433962 0.000000e+00
501.474056604 0.000000e+00
502.063679245 0.000000e+00
502.653301887 0.000000e+00
503.242924528 0.000000e+00
503.83254717 0.000000e+00
504.422169811 0.000000e+00
505.011792453 0.000000e+00
505.601415094 0.000000e+00
506.191037736 0.000000e+00
506.780660377 0.000000e+00
507.370283019 0.000000e+00
507.95990566 0.000000e+00
508.549528302 0.000000e+00
509.139150943 0.000000e+00
509.728773585 0.000000e+00
510.318396226 0.000000e+00
510.908018868 0.000000e+00
511.497641509 0.000000e+00
512.087264151 0.000000e+00
512.676886792 0.000000e+00
513.266509434 0.000000e+00
513.856132075 0.000000e+00
514.445754717 0.000000e+00
515.035377358 0.000000e+00
515.625 0.000000e+00
516.214622642 0.000000e+00
516.804245283 0.000000e+00
517.393867925 0.000000e+00
517.983490566 0.000000e+00
518.573113208 0.000000e+00
519.162735849 0.000000e+00
519.752358491 0.000000e+00
520.341981132 0.000000e+00
520.931603774 0.000000e+00
521.521226415 0.000000e+00
522.110849057 0.000000e+00
522.700471698 0.000000e+00
523.29009434 0.000000e+00
523.879716981 0.000000e+00
524.469339623 0.000000e+00
525.058962264 0.000000e+00
525.648584906 0.000000e+00
526.238207547 0.000000e+00
526.827830189 0.000000e+00
527.41745283 0.000000e+00
528.007075472 0.000000e+00
528.596698113 0.000000e+00
529.186320755 0.000000e+00
529.775943396 0.000000e+00
530.365566038 0.000000e+00
530.955188679 0.000000e+00
531.544811321 0.000000e+00
532.134433962 0.000000e+00
532.724056604 0.000000e+00
533.313679245 0.000000e+00
533.903301887 0.000000e+00
534.492924528 0.000000e+00
535.08254717 0.000000e+00
535.672169811 0.000000e+00
536.261792453 0.000000e+00
536.851415094 0.000000e+00
537.441037736 0.000000e+00
538.030660377 0.000000e+00
538.620283019 0.000000e+00
539.20990566 0.000000e+00
539.799528302 0.000000e+00
540.389150943 0.000000e+00
540.978773585 0.000000e+00
541.568396226 0.000000e+00
542.158018868 0.000000e+00
542.747641509 0.000000e+00
543.337264151 0.000000e+00
543.926886792 0.000000e+00
544.516509434 0.000000e+00
545.106132075 0.000000e+00
545.695754717 0.000000e+00
546.285377358 0.000000e+00
546.875 0.000000e+00
547.464622642 0.000000e+00
548.054245283 0.000000e+00
548.643867925 0.000000e+00
549.233490566 0.000000e+00
549.823113208 0.000000e+00
550.412735849 0.000000e+00
551.002358491 0.000000e+00
551.591981132 0.000000e+00
552.181603774 0.000000e+00
552.771226415 0.000000e+00
553.360849057 0.000000e+00
553.950471698 0.000000e+00
554.54009434 0.000000e+00
555.129716981 0.000000e+00
555.719339623 0.000000e+00
556.308962264 0.000000e+00
556.898584906 0.000000e+00
557.488207547 0.000000e+00
558.077830189 0.000000e+00
558.66745283 0.000000e+00
559.257075472 0.000000e+00
559.846698113 0.000000e+00
560.436320755 0.000000e+00
561.025943396 0.000000e+00
561.615566038 0.000000e+00
562.205188679 0.000000e+00
562.794811321 0.000000e+00
563.384433962 0.000000e+00
563.974056604 0.000000e+00
564.563679245 0.000000e+00
565.153301887 0.000000e+00
565.742924528 0.000000e+00
566.33254717 0.000000e+00
566.922169811 0.000000e+00
567.511792453 0.000000e+00
568.511792453 0.0
569.511792453 0.0
570.511792453 0.0
571.511792453 0.0
572.511792453 0.0
573.511792453 0.0
574.511792453 0.0
575.511792453 0.0
576.511792453 0.0
577.511792453 0.0
578.511792453 0.0
579.511792453 0.0
580.511792453 0.0
581.511792453 0.0
582.511792453 0.0
583.511792453 0.0
584.511792453 0.0
585.511792453 0.0
586.511792453 0.0
587.511792453 0.0
588.511792453 0.0
589.511792453 0.0
590.511792453 0.0
591.511792453 0.0
592.511792453 0.0
593.511792453 0.0
594.511792453 0.0
595.511792453 0.0
596.511792453 0.0
597.511792453 0.0
598.511792453 0.0
599.511792453 0.0
600.511792453 0.0
601.511792453 0.0
602.511792453 0.0
603.511792453 0.0
604.511792453 0.0
605.511792453 0.0
606.511792453 0.0
607.511792453 0.0
608.511792453 0.0
609.511792453 0.0
610.511792453 0.0
611.511792453 0.0
612.511792453 0.0
613.511792453 0.0
614.511792453 0.0
615.511792453 0.0
616.511792453 0.0
617.511792453 0.0
618.511792453 0.0
619.511792453 0.0
620.511792453 0.0
621.511792453 0.0
622.511792453 0.0
623.511792453 0.0
624.511792453 0.0
625.511792453 0.0
626.511792453 0.0
627.511792453 0.0
628.511792453 0.0
629.511792453 0.0
630.511792453 0.0
631.511792453 0.0
632.511792453 0.0
633.511792453 0.0
634.511792453 0.0
635.511792453 0.0
636.511792453 0.0
637.511792453 0.0
638.511792453 0.0
639.511792453 0.0
640.511792453 0.0
641.511792453 0.0
642.511792453 0.0
643.511792453 0.0
644.511792453 0.0
645.511792453 0.0
646.511792453 0.0
647.511792453 0.0
648.511792453 0.0
649.511792453 0.0
650.511792453 0.0
651.511792453 0.0
652.511792453 0.0
653.511792453 0.0
654.511792453 0.0
655.511792453 0.0
656.511792453 0.0
657.511792453 0.0
658.511792453 0.0
659.511792453 0.0
660.511792453 0.0
661.511792453 0.0
662.511792453 0.0
663.511792453 0.0
664.511792453 0.0
665.511792453 0.0
666.511792453 0.0
667.511792453 0.0
668.511792453 0.0
669.511792453 0.0
670.511792453 0.0
671.511792453 0.0
672.511792453 0.0
673.511792453 0.0
674.511792453 0.0
675.511792453 0.0
676.511792453 0.0
677.511792453 0.0
678.511792453 0.0
679.511792453 0.0
680.511792453 0.0
681.511792453 0.0
682.511792453 0.0
683.511792453 0.0
684.511792453 0.0
685.511792453 0.0
686.511792453 0.0
687.511792453 0.0
688.511792453 0.0
689.511792453 0.0
690.511792453 0.0
691.511792453 0.0
692.511792453 0.0
693.511792453 0.0
694.511792453 0.0
695.511792453 0.0
696.511792453 0.0
697.511792453 0.0
698.511792453 0.0
699.511792453 0.0
700.511792453 0.0
701.511792453 0.0
702.511792453 0.0
703.511792453 0.0
704.511792453 0.0
705.511792453 0.0
706.511792453 0.0
707.511792453 0.0
708.511792453 0.0
709.511792453 0.0
710.511792453 0.0
711.511792453 0.0
712.511792453 0.0
713.511792453 0.0
714.511792453 0.0
715.511792453 0.0
716.511792453 0.0
717.511792453 0.0
718.511792453 0.0
719.511792453 0.0
720.511792453 0.0
721.511792453 0.0
722.511792453 0.0
723.511792453 0.0
724.511792453 0.0
725.511792453 0.0
726.511792453 0.0
727.511792453 0.0
728.511792453 0.0
729.511792453 0.0
730.511792453 0.0
731.511792453 0.0
732.511792453 0.0
733.511792453 0.0
734.511792453 0.0
735.511792453 0.0
736.511792453 0.0
737.511792453 0.0
738.511792453 0.0
739.511792453 0.0
740.511792453 0.0
741.511792453 0.0
742.511792453 0.0
743.511792453 0.0
744.511792453 0.0
745.511792453 0.0
746.511792453 0.0
747.511792453 0.0
748.511792453 0.0
749.511792453 0.0
750.511792453 0.0
751.511792453 0.0
752.511792453 0.0
753.511792453 0.0
754.511792453 0.0
755.511792453 0.0
756.511792453 0.0
757.511792453 0.0
758.511792453 0.0
759.511792453 0.0
760.511792453 0.0
761.511792453 0.0
762.511792453 0.0
763.511792453 0.0
764.511792453 0.0
765.511792453 0.0
766.511792453 0.0
767.511792453 0.0
768.511792453 0.0
769.511792453 0.0
770.511792453 0.0
771.511792453 0.0
772.511792453 0.0
773.511792453 0.0
774.511792453 0.0
775.511792453 0.0
776.511792453 0.0
777.511792453 0.0
778.511792453 0.0
779.511792453 0.0
780.511792453 0.0
781.511792453 0.0
782.511792453 0.0
783.511792453 0.0
784.511792453 0.0
785.511792453 0.0
786.511792453 0.0
787.511792453 0.0
788.511792453 0.0
789.511792453 0.0
790.511792453 0.0
791.511792453 0.0
792.511792453 0.0
793.511792453 0.0
794.511792453 0.0
795.511792453 0.0
796.511792453 0.0
797.511792453 0.0
798.511792453 0.0
799.511792453 0.0
800.511792453 0.0
801.511792453 0.0
802.511792453 0.0
803.511792453 0.0
804.511792453 0.0
805.511792453 0.0
806.511792453 0.0
807.511792453 0.0
808.511792453 0.0
809.511792453 0.0
810.511792453 0.0
811.511792453 0.0
812.511792453 0.0
813.511792453 0.0
814.511792453 0.0
815.511792453 0.0
816.511792453 0.0
817.511792453 0.0
818.511792453 0.0
819.511792453 0.0
820.511792453 0.0
821.511792453 0.0
822.511792453 0.0
823.511792453 0.0
824.511792453 0.0
825.511792453 0.0
826.511792453 0.0
827.511792453 0.0
828.511792453 0.0
829.511792453 0.0
830.511792453 0.0
831.511792453 0.0
832.511792453 0.0
833.511792453 0.0
834.511792453 0.0
835.511792453 0.0
836.511792453 0.0
837.511792453 0.0
838.511792453 0.0
839.511792453 0.0
840.511792453 0.0
841.511792453 0.0
842.511792453 0.0
843.511792453 0.0
844.511792453 0.0
845.511792453 0.0
846.511792453 0.0
847.511792453 0.0
848.511792453 0.0
849.511792453 0.0
850.511792453 0.0
851.511792453 0.0
852.511792453 0.0
853.511792453 0.0
854.511792453 0.0
855.511792453 0.0
856.511792453 0.0
857.511792453 0.0
858.511792453 0.0
859.511792453 0.0
860.511792453 0.0
861.511792453 0.0
862.511792453 0.0
863.511792453 0.0
864.511792453 0.0
865.511792453 0.0
866.511792453 0.0
867.511792453 0.0
868.511792453 0.0
869.511792453 0.0
870.511792453 0.0
871.511792453 0.0
872.511792453 0.0
873.511792453 0.0
874.511792453 0.0
875.511792453 0.0
876.511792453 0.0
877.511792453 0.0
878.511792453 0.0
879.511792453 0.0
880.511792453 0.0
881.511792453 0.0
882.511792453 0.0
883.511792453 0.0
884.511792453 0.0
885.511792453 0.0
886.511792453 0.0
887.511792453 0.0
888.511792453 0.0
889.511792453 0.0
890.511792453 0.0
891.511792453 0.0
892.511792453 0.0
893.511792453 0.0
894.511792453 0.0
895.511792453 0.0
896.511792453 0.0
897.511792453 0.0
898.511792453 0.0
899.511792453 0.0
900.511792453 0.0
901.511792453 0.0
902.511792453 0.0
903.511792453 0.0
904.511792453 0.0
905.511792453 0.0
906.511792453 0.0
907.511792453 0.0
908.511792453 0.0
909.511792453 0.0
910.511792453 0.0
911.511792453 0.0
912.511792453 0.0
913.511792453 0.0
914.511792453 0.0
915.511792453 0.0
916.511792453 0.0
917.511792453 0.0
918.511792453 0.0
919.511792453 0.0
920.511792453 0.0
921.511792453 0.0
922.511792453 0.0
923.511792453 0.0
924.511792453 0.0
925.511792453 0.0
926.511792453 0.0
927.511792453 0.0
928.511792453 0.0
929.511792453 0.0
930.511792453 0.0
931.511792453 0.0
932.511792453 0.0
933.511792453 0.0
934.511792453 0.0
935.511792453 0.0
936.511792453 0.0
937.511792453 0.0
938.511792453 0.0
939.511792453 0.0
940.511792453 0.0
941.511792453 0.0
942.511792453 0.0
943.511792453 0.0
944.511792453 0.0
945.511792453 0.0
946.511792453 0.0
947.511792453 0.0
948.511792453 0.0
949.511792453 0.0
950.511792453 0.0
951.511792453 0.0
952.511792453 0.0
953.511792453 0.0
954.511792453 0.0
955.511792453 0.0
956.511792453 0.0
957.511792453 0.0
958.511792453 0.0
959.511792453 0.0
960.511792453 0.0
961.511792453 0.0
962.511792453 0.0
963.511792453 0.0
964.511792453 0.0
965.511792453 0.0
966.511792453 0.0
967.511792453 0.0
968.511792453 0.0
969.511792453 0.0
970.511792453 0.0
971.511792453 0.0
972.511792453 0.0
973.511792453 0.0
974.511792453 0.0
975.511792453 0.0
976.511792453 0.0
977.511792453 0.0
978.511792453 0.0
979.511792453 0.0
980.511792453 0.0
981.511792453 0.0
982.511792453 0.0
983.511792453 0.0
984.511792453 0.0
985.511792453 0.0
986.511792453 0.0
987.511792453 0.0
988.511792453 0.0
989.511792453 0.0
990.511792453 0.0
991.511792453 0.0
992.511792453 0.0
993.511792453 0.0
994.511792453 0.0
995.511792453 0.0
996.511792453 0.0
997.511792453 0.0
998.511792453 0.0
999.511792453 0.0
1000.51179245 0.0
1001.51179245 0.0
1002.51179245 0.0
1003.51179245 0.0
1004.51179245 0.0
1005.51179245 0.0
1006.51179245 0.0
1007.51179245 0.0
1008.51179245 0.0
1009.51179245 0.0
1010.51179245 0.0
1011.51179245 0.0
1012.51179245 0.0
1013.51179245 0.0
1014.51179245 0.0
1015.51179245 0.0
1016.51179245 0.0
1017.51179245 0.0
1018.51179245 0.0
1019.51179245 0.0
1020.51179245 0.0
1021.51179245 0.0
1022.51179245 0.0
1023.51179245 0.0
1024.51179245 0.0
1025.51179245 0.0
1026.51179245 0.0
1027.51179245 0.0
1028.51179245 0.0
1029.51179245 0.0
1030.51179245 0.0
1031.51179245 0.0
1032.51179245 0.0
1033.51179245 0.0
1034.51179245 0.0
1035.51179245 0.0
1036.51179245 0.0
1037.51179245 0.0
1038.51179245 0.0
1039.51179245 0.0
1040.51179245 0.0
1041.51179245 0.0
1042.51179245 0.0
1043.51179245 0.0
1044.51179245 0.0
1045.51179245 0.0
1046.51179245 0.0
1047.51179245 0.0
1048.51179245 0.0
1049.51179245 0.0
1050.51179245 0.0
1051.51179245 0.0
1052.51179245 0.0
1053.51179245 0.0
1054.51179245 0.0
1055.51179245 0.0
1056.51179245 0.0
1057.51179245 0.0
1058.51179245 0.0
1059.51179245 0.0
1060.51179245 0.0
1061.51179245 0.0
1062.51179245 0.0
1063.51179245 0.0
1064.51179245 0.0
1065.51179245 0.0
1066.51179245 0.0
1067.51179245 0.0
