-600.653164557 0.0
-599.653164557 0.0
-598.653164557 0.0
-597.653164557 0.0
-596.653164557 0.0
-595.653164557 0.0
-594.653164557 0.0
-593.653164557 0.0
-592.653164557 0.0
-591.653164557 0.0
-590.653164557 0.0
-589.653164557 0.0
-588.653164557 0.0
-587.653164557 0.0
-586.653164557 0.0
-585.653164557 0.0
-584.653164557 0.0
-583.653164557 0.0
-582.653164557 0.0
-581.653164557 0.0
-580.653164557 0.0
-579.653164557 0.0
-578.653164557 0.0
-577.653164557 0.0
-576.653164557 0.0
-575.653164557 0.0
-574.653164557 0.0
-573.653164557 0.0
-572.653164557 0.0
-571.653164557 0.0
-570.653164557 0.0
-569.653164557 0.0
-568.653164557 0.0
-567.653164557 0.0
-566.653164557 0.0
-565.653164557 0.0
-564.653164557 0.0
-563.653164557 0.0
-562.653164557 0.0
-561.653164557 0.0
-560.653164557 0.0
-559.653164557 0.0
-558.653164557 0.0
-557.653164557 0.0
-556.653164557 0.0
-555.653164557 0.0
-554.653164557 0.0
-553.653164557 0.0
-552.653164557 0.0
-551.653164557 0.0
-550.653164557 0.0
-549.653164557 0.0
-548.653164557 0.0
-547.653164557 0.0
-546.653164557 0.0
-545.653164557 0.0
-544.653164557 0.0
-543.653164557 0.0
-542.653164557 0.0
-541.653164557 0.0
-540.653164557 0.0
-539.653164557 0.0
-538.653164557 0.0
-537.653164557 0.0
-536.653164557 0.0
-535.653164557 0.0
-534.653164557 0.0
-533.653164557 0.0
-532.653164557 0.0
-531.653164557 0.0
-530.653164557 0.0
-529.653164557 0.0
-528.653164557 0.0
-527.653164557 0.0
-526.653164557 0.0
-525.653164557 0.0
-524.653164557 0.0
-523.653164557 0.0
-522.653164557 0.0
-521.653164557 0.0
-520.653164557 0.0
-519.653164557 0.0
-518.653164557 0.0
-517.653164557 0.0
-516.653164557 0.0
-515.653164557 0.0
-514.653164557 0.0
-513.653164557 0.0
-512.653164557 0.0
-511.653164557 0.0
-510.653164557 0.0
-509.653164557 0.0
-508.653164557 0.0
-507.653164557 0.0
-506.653164557 0.0
-505.653164557 0.0
-504.653164557 0.0
-503.653164557 0.0
-502.653164557 0.0
-501.653164557 0.0
-500.653164557 0.0
-499.653164557 0.0
-498.653164557 0.0
-497.653164557 0.0
-496.653164557 0.0
-495.653164557 0.0
-494.653164557 0.0
-493.653164557 0.0
-492.653164557 0.0
-491.653164557 0.0
-490.653164557 0.0
-489.653164557 0.0
-488.653164557 0.0
-487.653164557 0.0
-486.653164557 0.0
-485.653164557 0.0
-484.653164557 0.0
-483.653164557 0.0
-482.653164557 0.0
-481.653164557 0.0
-480.653164557 0.0
-479.653164557 0.0
-478.653164557 0.0
-477.653164557 0.0
-476.653164557 0.0
-475.653164557 0.0
-474.653164557 0.0
-473.653164557 0.0
-472.653164557 0.0
-471.653164557 0.0
-470.653164557 0.0
-469.653164557 0.0
-468.653164557 0.0
-467.653164557 0.0
-466.653164557 0.0
-465.653164557 0.0
-464.653164557 0.0
-463.653164557 0.0
-462.653164557 0.0
-461.653164557 0.0
-460.653164557 0.0
-459.653164557 0.0
-458.653164557 0.0
-457.653164557 0.0
-456.653164557 0.0
-455.653164557 0.0
-454.653164557 0.0
-453.653164557 0.0
-452.653164557 0.0
-451.653164557 0.0
-450.653164557 0.0
-449.653164557 0.0
-448.653164557 0.0
-447.653164557 0.0
-446.653164557 0.0
-445.653164557 0.0
-444.653164557 0.0
-443.653164557 0.0
-442.653164557 0.0
-441.653164557 0.0
-440.653164557 0.0
-439.653164557 0.0
-438.653164557 0.0
-437.653164557 0.0
-436.653164557 0.0
-435.653164557 0.0
-434.653164557 0.0
-433.653164557 0.0
-432.653164557 0.0
-431.653164557 0.0
-430.653164557 0.0
-429.653164557 0.0
-428.653164557 0.0
-427.653164557 0.0
-426.653164557 0.0
-425.653164557 0.0
-424.653164557 0.0
-423.653164557 0.0
-422.653164557 0.0
-421.653164557 0.0
-420.653164557 0.0
-419.653164557 0.0
-418.653164557 0.0
-417.653164557 0.0
-416.653164557 0.0
-415.653164557 0.0
-414.653164557 0.0
-413.653164557 0.0
-412.653164557 0.0
-411.653164557 0.0
-410.653164557 0.0
-409.653164557 0.0
-408.653164557 0.0
-407.653164557 0.0
-406.653164557 0.0
-405.653164557 0.0
-404.653164557 0.0
-403.653164557 0.0
-402.653164557 0.0
-401.653164557 0.0
-400.653164557 0.0
-399.653164557 0.0
-398.653164557 0.0
-397.653164557 0.0
-396.653164557 0.0
-395.653164557 0.0
-394.653164557 0.0
-393.653164557 0.0
-392.653164557 0.0
-391.653164557 0.0
-390.653164557 0.0
-389.653164557 0.0
-388.653164557 0.0
-387.653164557 0.0
-386.653164557 0.0
-385.653164557 0.0
-384.653164557 0.0
-383.653164557 0.0
-382.653164557 0.0
-381.653164557 0.0
-380.653164557 0.0
-379.653164557 0.0
-378.653164557 0.0
-377.653164557 0.0
-376.653164557 0.0
-375.653164557 0.0
-374.653164557 0.0
-373.653164557 0.0
-372.653164557 0.0
-371.653164557 0.0
-370.653164557 0.0
-369.653164557 0.0
-368.653164557 0.0
-367.653164557 0.0
-366.653164557 0.0
-365.653164557 0.0
-364.653164557 0.0
-363.653164557 0.0
-362.653164557 0.0
-361.653164557 0.0
-360.653164557 0.0
-359.653164557 0.0
-358.653164557 0.0
-357.653164557 0.0
-356.653164557 0.0
-355.653164557 0.0
-354.653164557 0.0
-353.653164557 0.0
-352.653164557 0.0
-351.653164557 0.0
-350.653164557 0.0
-349.653164557 0.0
-348.653164557 0.0
-347.653164557 0.0
-346.653164557 0.0
-345.653164557 0.0
-344.653164557 0.0
-343.653164557 0.0
-342.653164557 0.0
-341.653164557 0.0
-340.653164557 0.0
-339.653164557 0.0
-338.653164557 0.0
-337.653164557 0.0
-336.653164557 0.0
-335.653164557 0.0
-334.653164557 0.0
-333.653164557 0.0
-332.653164557 0.0
-331.653164557 0.0
-330.653164557 0.0
-329.653164557 0.0
-328.653164557 0.0
-327.653164557 0.0
-326.653164557 0.0
-325.653164557 0.0
-324.653164557 0.0
-323.653164557 0.0
-322.653164557 0.0
-321.653164557 0.0
-320.653164557 0.0
-319.653164557 0.0
-318.653164557 0.0
-317.653164557 0.0
-316.653164557 0.0
-315.653164557 0.0
-314.653164557 0.0
-313.653164557 0.0
-312.653164557 0.0
-311.653164557 0.0
-310.653164557 0.0
-309.653164557 0.0
-308.653164557 0.0
-307.653164557 0.0
-306.653164557 0.0
-305.653164557 0.0
-304.653164557 0.0
-303.653164557 0.0
-302.653164557 0.0
-301.653164557 0.0
-300.653164557 0.0
-299.653164557 0.0
-298.653164557 0.0
-297.653164557 0.0
-296.653164557 0.0
-295.653164557 0.0
-294.653164557 0.0
-293.653164557 0.0
-292.653164557 0.0
-291.653164557 0.0
-290.653164557 0.0
-289.653164557 0.0
-288.653164557 0.0
-287.653164557 0.0
-286.653164557 0.0
-285.653164557 0.0
-284.653164557 0.0
-283.653164557 0.0
-282.653164557 0.0
-281.653164557 0.0
-280.653164557 0.0
-279.653164557 0.0
-278.653164557 0.0
-277.653164557 0.0
-276.653164557 0.0
-275.653164557 0.0
-274.653164557 0.0
-273.653164557 0.0
-272.653164557 0.0
-271.653164557 0.0
-270.653164557 0.0
-269.653164557 0.0
-268.653164557 0.0
-267.653164557 0.0
-266.653164557 0.0
-265.653164557 0.0
-264.653164557 0.0
-263.653164557 0.0
-262.653164557 0.0
-261.653164557 0.0
-260.653164557 0.0
-259.653164557 0.0
-258.653164557 0.0
-257.653164557 0.0
-256.653164557 0.0
-255.653164557 0.0
-254.653164557 0.0
-253.653164557 0.0
-252.653164557 0.0
-251.653164557 0.0
-250.653164557 0.0
-249.653164557 0.0
-248.653164557 0.0
-247.653164557 0.0
-246.653164557 0.0
-245.653164557 0.0
-244.653164557 0.0
-243.653164557 0.0
-242.653164557 0.0
-241.653164557 0.0
-240.653164557 0.0
-239.653164557 0.0
-238.653164557 0.0
-237.653164557 0.0
-236.653164557 0.0
-235.653164557 0.0
-234.653164557 0.0
-233.653164557 0.0
-232.653164557 0.0
-231.653164557 0.0
-230.653164557 0.0
-229.653164557 0.0
-228.653164557 0.0
-227.653164557 0.0
-226.653164557 0.0
-225.653164557 0.0
-224.653164557 0.0
-223.653164557 0.0
-222.653164557 0.0
-221.653164557 0.0
-220.653164557 0.0
-219.653164557 0.0
-218.653164557 0.0
-217.653164557 0.0
-216.653164557 0.0
-215.653164557 0.0
-214.653164557 0.0
-213.653164557 0.0
-212.653164557 0.0
-211.653164557 0.0
-210.653164557 0.0
-209.653164557 0.0
-208.653164557 0.0
-207.653164557 0.0
-206.653164557 0.0
-205.653164557 0.0
-204.653164557 0.0
-203.653164557 0.0
-202.653164557 0.0
-201.653164557 0.0
-200.653164557 0.0
-199.653164557 0.0
-198.653164557 0.0
-197.653164557 0.0
-196.653164557 0.0
-195.653164557 0.0
-194.653164557 0.0
-193.653164557 0.0
-192.653164557 0.0
-191.653164557 0.0
-190.653164557 0.0
-189.653164557 0.0
-188.653164557 0.0
-187.653164557 0.0
-186.653164557 0.0
-185.653164557 0.0
-184.653164557 0.0
-183.653164557 0.0
-182.653164557 0.0
-181.653164557 0.0
-180.653164557 0.0
-179.653164557 0.0
-178.653164557 0.0
-177.653164557 0.0
-176.653164557 0.0
-175.653164557 0.0
-174.653164557 0.0
-173.653164557 0.0
-172.653164557 0.0
-171.653164557 0.0
-170.653164557 0.0
-169.653164557 0.0
-168.653164557 0.0
-167.653164557 0.0
-166.653164557 0.0
-165.653164557 0.0
-164.653164557 0.0
-163.653164557 0.0
-162.653164557 0.0
-161.653164557 0.0
-160.653164557 0.0
-159.653164557 0.0
-158.653164557 0.0
-157.653164557 0.0
-156.653164557 0.0
-155.653164557 0.0
-154.653164557 0.0
-153.653164557 0.0
-152.653164557 0.0
-151.653164557 0.0
-150.653164557 0.0
-149.653164557 0.0
-148.653164557 0.0
-147.653164557 0.0
-146.653164557 0.0
-145.653164557 0.0
-144.653164557 0.0
-143.653164557 0.0
-142.653164557 0.0
-141.653164557 0.0
-140.653164557 0.0
-139.653164557 0.0
-138.653164557 0.0
-137.653164557 0.0
-136.653164557 0.0
-135.653164557 0.0
-134.653164557 0.0
-133.653164557 0.0
-132.653164557 0.0
-131.653164557 0.0
-130.653164557 0.0
-129.653164557 0.0
-128.653164557 0.0
-127.653164557 0.0
-126.653164557 0.0
-125.653164557 0.0
-124.653164557 0.0
-123.653164557 0.0
-122.653164557 0.0
-121.653164557 0.0
-120.653164557 0.0
-119.653164557 0.0
-118.653164557 0.0
-117.653164557 0.0
-116.653164557 0.0
-115.653164557 0.0
-114.653164557 0.0
-113.653164557 0.0
-112.653164557 0.0
-111.653164557 0.0
-110.653164557 0.0
-109.653164557 0.0
-108.653164557 0.0
-107.653164557 0.0
-106.653164557 0.0
-105.653164557 0.0
-104.653164557 0.0
-103.653164557 0.0
-102.653164557 0.0
-101.653164557 0.0
-100.653164557 0.000000e+00
-100.231223629 0.000000e+00
-99.8092827004 0.000000e+00
-99.3873417722 0.000000e+00
-98.9654008439 0.000000e+00
-98.5434599156 0.000000e+00
-98.1215189873 0.000000e+00
-97.6995780591 0.000000e+00
-97.2776371308 0.000000e+00
-96.8556962025 0.000000e+00
-96.4337552743 0.000000e+00
-96.011814346 0.000000e+00
-95.5898734177 0.000000e+00
-95.1679324895 0.000000e+00
-94.7459915612 0.000000e+00
-94.3240506329 0.000000e+00
-93.9021097046 0.000000e+00
-93.4801687764 0.000000e+00
-93.0582278481 0.000000e+00
-92.6362869198 0.000000e+00
-92.2143459916 0.000000e+00
-91.7924050633 0.000000e+00
-91.370464135 0.000000e+00
-90.9485232068 0.000000e+00
-90.5265822785 0.000000e+00
-90.1046413502 0.000000e+00
-89.6827004219 0.000000e+00
-89.2607594937 0.000000e+00
-88.8388185654 0.000000e+00
-88.4168776371 0.000000e+00
-87.9949367089 0.000000e+00
-87.5729957806 0.000000e+00
-87.1510548523 0.000000e+00
-86.7291139241 0.000000e+00
-86.3071729958 0.000000e+00
-85.8852320675 0.000000e+00
-85.4632911392 0.000000e+00
-85.041350211 0.000000e+00
-84.6194092827 0.000000e+00
-84.1974683544 0.000000e+00
-83.7755274262 0.000000e+00
-83.3535864979 0.000000e+00
-82.9316455696 0.000000e+00
-82.5097046414 0.000000e+00
-82.0877637131 0.000000e+00
-81.6658227848 0.000000e+00
-81.2438818565 0.000000e+00
-80.8219409283 0.000000e+00
-80.4 0.000000e+00
-79.9780590717 0.000000e+00
-79.5561181435 0.000000e+00
-79.1341772152 0.000000e+00
-78.7122362869 0.000000e+00
-78.2902953586 0.000000e+00
-77.8683544304 0.000000e+00
-77.4464135021 0.000000e+00
-77.0244725738 0.000000e+00
-76.6025316456 0.000000e+00
-76.1805907173 0.000000e+00
-75.758649789 0.000000e+00
-75.3367088608 0.000000e+00
-74.9147679325 0.000000e+00
-74.4928270042 0.000000e+00
-74.0708860759 0.000000e+00
-73.6489451477 0.000000e+00
-73.2270042194 0.000000e+00
-72.8050632911 0.000000e+00
-72.3831223629 0.000000e+00
-71.9611814346 0.000000e+00
-71.5392405063 0.000000e+00
-71.1172995781 0.000000e+00
-70.6953586498 0.000000e+00
-70.2734177215 0.000000e+00
-69.8514767932 0.000000e+00
-69.429535865 0.000000e+00
-69.0075949367 0.000000e+00
-68.5856540084 0.000000e+00
-68.1637130802 0.000000e+00
-67.7417721519 0.000000e+00
-67.3198312236 0.000000e+00
-66.8978902954 0.000000e+00
-66.4759493671 0.000000e+00
-66.0540084388 0.000000e+00
-65.6320675105 0.000000e+00
-65.2101265823 0.000000e+00
-64.788185654 0.000000e+00
-64.3662447257 0.000000e+00
-63.9443037975 0.000000e+00
-63.5223628692 0.000000e+00
-63.1004219409 0.000000e+00
-62.6784810127 0.000000e+00
-62.2565400844 0.000000e+00
-61.8345991561 0.000000e+00
-61.4126582278 0.000000e+00
-60.9907172996 0.000000e+00
-60.5687763713 0.000000e+00
-60.146835443 0.000000e+00
-59.7248945148 0.000000e+00
-59.3029535865 0.000000e+00
-58.8810126582 0.000000e+00
-58.45907173 0.000000e+00
-58.0371308017 0.000000e+00
-57.6151898734 0.000000e+00
-57.1932489451 0.000000e+00
-56.7713080169 0.000000e+00
-56.3493670886 0.000000e+00
-55.9274261603 0.000000e+00
-55.5054852321 0.000000e+00
-55.0835443038 0.000000e+00
-54.6616033755 0.000000e+00
-54.2396624473 0.000000e+00
-53.817721519 0.000000e+00
-53.3957805907 0.000000e+00
-52.9738396624 0.000000e+00
-52.5518987342 0.000000e+00
-52.1299578059 0.000000e+00
-51.7080168776 0.000000e+00
-51.2860759494 0.000000e+00
-50.8641350211 0.000000e+00
-50.4421940928 0.000000e+00
-50.0202531646 0.000000e+00
-49.5983122363 0.000000e+00
-49.176371308 0.000000e+00
-48.7544303797 0.000000e+00
-48.3324894515 0.000000e+00
-47.9105485232 0.000000e+00
-47.4886075949 0.000000e+00
-47.0666666667 0.000000e+00
-46.6447257384 0.000000e+00
-46.2227848101 0.000000e+00
-45.8008438819 0.000000e+00
-45.3789029536 0.000000e+00
-44.9569620253 0.000000e+00
-44.535021097 0.000000e+00
-44.1130801688 0.000000e+00
-43.6911392405 0.000000e+00
-43.2691983122 0.000000e+00
-42.847257384 0.000000e+00
-42.4253164557 0.000000e+00
-42.0033755274 0.000000e+00
-41.5814345992 0.000000e+00
-41.1594936709 0.000000e+00
-40.7375527426 0.000000e+00
-40.3156118143 0.000000e+00
-39.8936708861 0.000000e+00
-39.4717299578 0.000000e+00
-39.0497890295 0.000000e+00
-38.6278481013 0.000000e+00
-38.205907173 0.000000e+00
-37.7839662447 0.000000e+00
-37.3620253165 0.000000e+00
-36.9400843882 0.000000e+00
-36.5181434599 0.000000e+00
-36.0962025316 0.000000e+00
-35.6742616034 0.000000e+00
-35.2523206751 0.000000e+00
-34.8303797468 0.000000e+00
-34.4084388186 0.000000e+00
-33.9864978903 0.000000e+00
-33.564556962 0.000000e+00
-33.1426160338 0.000000e+00
-32.7206751055 0.000000e+00
-32.2987341772 0.000000e+00
-31.8767932489 0.000000e+00
-31.4548523207 0.000000e+00
-31.0329113924 0.000000e+00
-30.6109704641 0.000000e+00
-30.1890295359 0.000000e+00
-29.7670886076 0.000000e+00
-29.3451476793 0.000000e+00
-28.9232067511 0.000000e+00
-28.5012658228 0.000000e+00
-28.0793248945 0.000000e+00
-27.6573839662 0.000000e+00
-27.235443038 0.000000e+00
-26.8135021097 0.000000e+00
-26.3915611814 0.000000e+00
-25.9696202532 0.000000e+00
-25.5476793249 0.000000e+00
-25.1257383966 0.000000e+00
-24.7037974684 0.000000e+00
-24.2818565401 0.000000e+00
-23.8599156118 0.000000e+00
-23.4379746835 0.000000e+00
-23.0160337553 0.000000e+00
-22.594092827 0.000000e+00
-22.1721518987 0.000000e+00
-21.7502109705 0.000000e+00
-21.3282700422 0.000000e+00
-20.9063291139 0.000000e+00
-20.4843881857 0.000000e+00
-20.0624472574 0.000000e+00
-19.6405063291 0.000000e+00
-19.2185654008 0.000000e+00
-18.7966244726 0.000000e+00
-18.3746835443 0.000000e+00
-17.952742616 0.000000e+00
-17.5308016878 0.000000e+00
-17.1088607595 0.000000e+00
-16.6869198312 0.000000e+00
-16.264978903 0.000000e+00
-15.8430379747 0.000000e+00
-15.4210970464 0.000000e+00
-14.9991561181 0.000000e+00
-14.5772151899 0.000000e+00
-14.1552742616 0.000000e+00
-13.7333333333 0.000000e+00
-13.3113924051 0.000000e+00
-12.8894514768 0.000000e+00
-12.4675105485 0.000000e+00
-12.0455696203 0.000000e+00
-11.623628692 0.000000e+00
-11.2016877637 0.000000e+00
-10.7797468354 0.000000e+00
-10.3578059072 0.000000e+00
-9.9358649789 0.000000e+00
-9.51392405063 0.000000e+00
-9.09198312236 0.000000e+00
-8.67004219409 0.000000e+00
-8.24810126582 0.000000e+00
-7.82616033755 0.000000e+00
-7.40421940928 0.000000e+00
-6.98227848101 0.000000e+00
-6.56033755274 0.000000e+00
-6.13839662447 0.000000e+00
-5.7164556962 0.000000e+00
-5.29451476793 0.000000e+00
-4.87257383966 0.000000e+00
-4.45063291139 0.000000e+00
-4.02869198312 0.000000e+00
-3.60675105485 0.000000e+00
-3.18481012658 0.000000e+00
-2.76286919831 0.000000e+00
-2.34092827004 0.000000e+00
-1.91898734177 0.000000e+00
-1.4970464135 0.000000e+00
-1.07510548523 0.000000e+00
-0.653164556962 0.000000e+00
-0.231223628692 0.000000e+00
0.190717299578 1.000000e+00
0.612658227848 3.897482e-01
1.03459915612 0.000000e+00
1.45654008439 0.000000e+00
1.87848101266 0.000000e+00
2.30042194093 0.000000e+00
2.7223628692 0.000000e+00
3.14430379747 0.000000e+00
3.56624472574 0.000000e+00
3.98818565401 0.000000e+00
4.41012658228 0.000000e+00
4.83206751055 0.000000e+00
5.25400843882 0.000000e+00
5.67594936709 0.000000e+00
6.09789029536 0.000000e+00
6.51983122363 0.000000e+00
6.9417721519 0.000000e+00
7.36371308017 0.000000e+00
7.78565400844 0.000000e+00
8.20759493671 0.000000e+00
8.62953586498 0.000000e+00
9.05147679325 0.000000e+00
9.47341772152 0.000000e+00
9.89535864979 0.000000e+00
10.3172995781 0.000000e+00
10.7392405063 0.000000e+00
11.1611814346 0.000000e+00
11.5831223629 0.000000e+00
12.0050632911 0.000000e+00
12.4270042194 0.000000e+00
12.8489451477 0.000000e+00
13.2708860759 0.000000e+00
13.6928270042 0.000000e+00
14.1147679325 0.000000e+00
14.5367088608 0.000000e+00
14.958649789 0.000000e+00
15.3805907173 0.000000e+00
15.8025316456 0.000000e+00
16.2244725738 0.000000e+00
16.6464135021 0.000000e+00
17.0683544304 0.000000e+00
17.4902953586 0.000000e+00
17.9122362869 0.000000e+00
18.3341772152 0.000000e+00
18.7561181435 0.000000e+00
19.1780590717 0.000000e+00
19.6 0.000000e+00
20.0219409283 0.000000e+00
20.4438818565 0.000000e+00
20.8658227848 0.000000e+00
21.2877637131 0.000000e+00
21.7097046414 0.000000e+00
22.1316455696 0.000000e+00
22.5535864979 0.000000e+00
22.9755274262 0.000000e+00
23.3974683544 0.000000e+00
23.8194092827 0.000000e+00
24.241350211 0.000000e+00
24.6632911392 0.000000e+00
25.0852320675 0.000000e+00
25.5071729958 0.000000e+00
25.9291139241 0.000000e+00
26.3510548523 0.000000e+00
26.7729957806 0.000000e+00
27.1949367089 0.000000e+00
27.6168776371 0.000000e+00
28.0388185654 0.000000e+00
28.4607594937 0.000000e+00
28.8827004219 0.000000e+00
29.3046413502 0.000000e+00
29.7265822785 0.000000e+00
30.1485232068 0.000000e+00
30.570464135 0.000000e+00
30.9924050633 0.000000e+00
31.4143459916 0.000000e+00
31.8362869198 0.000000e+00
32.2582278481 0.000000e+00
32.6801687764 0.000000e+00
33.1021097046 0.000000e+00
33.5240506329 0.000000e+00
33.9459915612 0.000000e+00
34.3679324895 0.000000e+00
34.7898734177 0.000000e+00
35.211814346 0.000000e+00
35.6337552743 0.000000e+00
36.0556962025 0.000000e+00
36.4776371308 0.000000e+00
36.8995780591 0.000000e+00
37.3215189873 0.000000e+00
37.7434599156 0.000000e+00
38.1654008439 0.000000e+00
38.5873417722 0.000000e+00
39.0092827004 0.000000e+00
39.4312236287 0.000000e+00
39.853164557 0.000000e+00
40.2751054852 0.000000e+00
40.6970464135 0.000000e+00
41.1189873418 0.000000e+00
41.54092827 0.000000e+00
41.9628691983 0.000000e+00
42.3848101266 0.000000e+00
42.8067510549 0.000000e+00
43.2286919831 0.000000e+00
43.6506329114 0.000000e+00
44.0725738397 0.000000e+00
44.4945147679 0.000000e+00
44.9164556962 0.000000e+00
45.3383966245 0.000000e+00
45.7603375527 0.000000e+00
46.182278481 0.000000e+00
46.6042194093 0.000000e+00
47.0261603376 0.000000e+00
47.4481012658 0.000000e+00
47.8700421941 0.000000e+00
48.2919831224 0.000000e+00
48.7139240506 0.000000e+00
49.1358649789 0.000000e+00
49.5578059072 0.000000e+00
49.9797468354 0.000000e+00
50.4016877637 0.000000e+00
50.823628692 0.000000e+00
51.2455696203 0.000000e+00
51.6675105485 0.000000e+00
52.0894514768 0.000000e+00
52.5113924051 0.000000e+00
52.9333333333 0.000000e+00
53.3552742616 0.000000e+00
53.7772151899 0.000000e+00
54.1991561181 0.000000e+00
54.6210970464 0.000000e+00
55.0430379747 0.000000e+00
55.464978903 0.000000e+00
55.8869198312 0.000000e+00
56.3088607595 0.000000e+00
56.7308016878 0.000000e+00
57.152742616 0.000000e+00
57.5746835443 0.000000e+00
57.9966244726 0.000000e+00
58.4185654008 0.000000e+00
58.8405063291 0.000000e+00
59.2624472574 0.000000e+00
59.6843881857 0.000000e+00
60.1063291139 0.000000e+00
60.5282700422 0.000000e+00
60.9502109705 0.000000e+00
61.3721518987 0.000000e+00
61.794092827 0.000000e+00
62.2160337553 0.000000e+00
62.6379746835 0.000000e+00
63.0599156118 0.000000e+00
63.4818565401 0.000000e+00
63.9037974684 0.000000e+00
64.3257383966 0.000000e+00
64.7476793249 0.000000e+00
65.1696202532 0.000000e+00
65.5915611814 0.000000e+00
66.0135021097 0.000000e+00
66.435443038 0.000000e+00
66.8573839662 0.000000e+00
67.2793248945 0.000000e+00
67.7012658228 0.000000e+00
68.1232067511 0.000000e+00
68.5451476793 0.000000e+00
68.9670886076 0.000000e+00
69.3890295359 0.000000e+00
69.8109704641 0.000000e+00
70.2329113924 0.000000e+00
70.6548523207 0.000000e+00
71.0767932489 0.000000e+00
71.4987341772 0.000000e+00
71.9206751055 0.000000e+00
72.3426160338 0.000000e+00
72.764556962 0.000000e+00
73.1864978903 0.000000e+00
73.6084388186 0.000000e+00
74.0303797468 0.000000e+00
74.4523206751 0.000000e+00
74.8742616034 0.000000e+00
75.2962025316 0.000000e+00
75.7181434599 0.000000e+00
76.1400843882 0.000000e+00
76.5620253165 0.000000e+00
76.9839662447 0.000000e+00
77.405907173 0.000000e+00
77.8278481013 0.000000e+00
78.2497890295 0.000000e+00
78.6717299578 0.000000e+00
79.0936708861 0.000000e+00
79.5156118143 0.000000e+00
79.9375527426 0.000000e+00
80.3594936709 0.000000e+00
80.7814345992 0.000000e+00
81.2033755274 0.000000e+00
81.6253164557 0.000000e+00
82.047257384 0.000000e+00
82.4691983122 0.000000e+00
82.8911392405 0.000000e+00
83.3130801688 0.000000e+00
83.735021097 0.000000e+00
84.1569620253 0.000000e+00
84.5789029536 0.000000e+00
85.0008438819 0.000000e+00
85.4227848101 0.000000e+00
85.8447257384 0.000000e+00
86.2666666667 0.000000e+00
86.6886075949 0.000000e+00
87.1105485232 0.000000e+00
87.5324894515 0.000000e+00
87.9544303797 0.000000e+00
88.376371308 0.000000e+00
88.7983122363 0.000000e+00
89.2202531646 0.000000e+00
89.6421940928 0.000000e+00
90.0641350211 0.000000e+00
90.4860759494 0.000000e+00
90.9080168776 0.000000e+00
91.3299578059 0.000000e+00
91.7518987342 0.000000e+00
92.1738396624 0.000000e+00
92.5957805907 0.000000e+00
93.017721519 0.000000e+00
93.4396624473 0.000000e+00
93.8616033755 0.000000e+00
94.2835443038 0.000000e+00
94.7054852321 0.000000e+00
95.1274261603 0.000000e+00
95.5493670886 0.000000e+00
95.9713080169 0.000000e+00
96.3932489451 0.000000e+00
96.8151898734 0.000000e+00
97.2371308017 0.000000e+00
97.65907173 0.000000e+00
98.0810126582 0.000000e+00
98.5029535865 0.000000e+00
98.9248945148 0.000000e+00
99.346835443 0.000000e+00
99.7687763713 0.000000e+00
100.1907173 0.000000e+00
100.612658228 0.000000e+00
101.034599156 0.000000e+00
101.456540084 0.000000e+00
101.878481013 0.000000e+00
102.300421941 0.000000e+00
102.722362869 0.000000e+00
103.144303797 0.000000e+00
103.566244726 0.000000e+00
103.988185654 0.000000e+00
104.410126582 0.000000e+00
104.832067511 0.000000e+00
105.254008439 0.000000e+00
105.675949367 0.000000e+00
106.097890295 0.000000e+00
106.519831224 0.000000e+00
106.941772152 0.000000e+00
107.36371308 0.000000e+00
107.785654008 0.000000e+00
108.207594937 0.000000e+00
108.629535865 0.000000e+00
109.051476793 0.000000e+00
109.473417722 0.000000e+00
109.89535865 0.000000e+00
110.317299578 0.000000e+00
110.739240506 0.000000e+00
111.161181435 0.000000e+00
111.583122363 0.000000e+00
112.005063291 0.000000e+00
112.427004219 0.000000e+00
112.848945148 0.000000e+00
113.270886076 0.000000e+00
113.692827004 0.000000e+00
114.114767932 0.000000e+00
114.536708861 0.000000e+00
114.958649789 0.000000e+00
115.380590717 0.000000e+00
115.802531646 0.000000e+00
116.224472574 0.000000e+00
116.646413502 0.000000e+00
117.06835443 0.000000e+00
117.490295359 0.000000e+00
117.912236287 0.000000e+00
118.334177215 0.000000e+00
118.756118143 0.000000e+00
119.178059072 0.000000e+00
119.6 0.000000e+00
120.021940928 0.000000e+00
120.443881857 0.000000e+00
120.865822785 0.000000e+00
121.287763713 0.000000e+00
121.709704641 0.000000e+00
122.13164557 0.000000e+00
122.553586498 0.000000e+00
122.975527426 0.000000e+00
123.397468354 0.000000e+00
123.819409283 0.000000e+00
124.241350211 0.000000e+00
124.663291139 0.000000e+00
125.085232068 0.000000e+00
125.507172996 0.000000e+00
125.929113924 0.000000e+00
126.351054852 0.000000e+00
126.772995781 0.000000e+00
127.194936709 0.000000e+00
127.616877637 0.000000e+00
128.038818565 0.000000e+00
128.460759494 0.000000e+00
128.882700422 0.000000e+00
129.30464135 0.000000e+00
129.726582278 0.000000e+00
130.148523207 0.000000e+00
130.570464135 0.000000e+00
130.992405063 0.000000e+00
131.414345992 0.000000e+00
131.83628692 0.000000e+00
132.258227848 0.000000e+00
132.680168776 0.000000e+00
133.102109705 0.000000e+00
133.524050633 0.000000e+00
133.945991561 0.000000e+00
134.367932489 0.000000e+00
134.789873418 0.000000e+00
135.211814346 0.000000e+00
135.633755274 0.000000e+00
136.055696203 0.000000e+00
136.477637131 0.000000e+00
136.899578059 0.000000e+00
137.321518987 0.000000e+00
137.743459916 0.000000e+00
138.165400844 0.000000e+00
138.587341772 0.000000e+00
139.0092827 0.000000e+00
139.431223629 0.000000e+00
139.853164557 0.000000e+00
140.275105485 0.000000e+00
140.697046414 0.000000e+00
141.118987342 0.000000e+00
141.54092827 0.000000e+00
141.962869198 0.000000e+00
142.384810127 0.000000e+00
142.806751055 0.000000e+00
143.228691983 0.000000e+00
143.650632911 0.000000e+00
144.07257384 0.000000e+00
144.494514768 0.000000e+00
144.916455696 0.000000e+00
145.338396624 0.000000e+00
145.760337553 0.000000e+00
146.182278481 0.000000e+00
146.604219409 0.000000e+00
147.026160338 0.000000e+00
147.448101266 0.000000e+00
147.870042194 0.000000e+00
148.291983122 0.000000e+00
148.713924051 0.000000e+00
149.135864979 0.000000e+00
149.557805907 0.000000e+00
149.979746835 0.000000e+00
150.401687764 0.000000e+00
150.823628692 0.000000e+00
151.24556962 0.000000e+00
151.667510549 0.000000e+00
152.089451477 0.000000e+00
152.511392405 0.000000e+00
152.933333333 0.000000e+00
153.355274262 0.000000e+00
153.77721519 0.000000e+00
154.199156118 0.000000e+00
154.621097046 0.000000e+00
155.043037975 0.000000e+00
155.464978903 0.000000e+00
155.886919831 0.000000e+00
156.308860759 0.000000e+00
156.730801688 0.000000e+00
157.152742616 0.000000e+00
157.574683544 0.000000e+00
157.996624473 0.000000e+00
158.418565401 0.000000e+00
158.840506329 0.000000e+00
159.262447257 0.000000e+00
159.684388186 0.000000e+00
160.106329114 0.000000e+00
160.528270042 0.000000e+00
160.95021097 0.000000e+00
161.372151899 0.000000e+00
161.794092827 0.000000e+00
162.216033755 0.000000e+00
162.637974684 0.000000e+00
163.059915612 0.000000e+00
163.48185654 0.000000e+00
163.903797468 0.000000e+00
164.325738397 0.000000e+00
164.747679325 0.000000e+00
165.169620253 0.000000e+00
165.591561181 0.000000e+00
166.01350211 0.000000e+00
166.435443038 0.000000e+00
166.857383966 0.000000e+00
167.279324895 0.000000e+00
167.701265823 0.000000e+00
168.123206751 0.000000e+00
168.545147679 0.000000e+00
168.967088608 0.000000e+00
169.389029536 0.000000e+00
169.810970464 0.000000e+00
170.232911392 0.000000e+00
170.654852321 0.000000e+00
171.076793249 0.000000e+00
171.498734177 0.000000e+00
171.920675105 0.000000e+00
172.342616034 0.000000e+00
172.764556962 0.000000e+00
173.18649789 0.000000e+00
173.608438819 0.000000e+00
174.030379747 0.000000e+00
174.452320675 0.000000e+00
174.874261603 0.000000e+00
175.296202532 0.000000e+00
175.71814346 0.000000e+00
176.140084388 0.000000e+00
176.562025316 0.000000e+00
176.983966245 0.000000e+00
177.405907173 0.000000e+00
177.827848101 0.000000e+00
178.24978903 0.000000e+00
178.671729958 0.000000e+00
179.093670886 0.000000e+00
179.515611814 0.000000e+00
179.937552743 0.000000e+00
180.359493671 0.000000e+00
180.781434599 0.000000e+00
181.203375527 0.000000e+00
181.625316456 0.000000e+00
182.047257384 0.000000e+00
182.469198312 0.000000e+00
182.891139241 0.000000e+00
183.313080169 0.000000e+00
183.735021097 0.000000e+00
184.156962025 0.000000e+00
184.578902954 0.000000e+00
185.000843882 0.000000e+00
185.42278481 0.000000e+00
185.844725738 0.000000e+00
186.266666667 0.000000e+00
186.688607595 0.000000e+00
187.110548523 0.000000e+00
187.532489451 0.000000e+00
187.95443038 0.000000e+00
188.376371308 0.000000e+00
188.798312236 0.000000e+00
189.220253165 0.000000e+00
189.642194093 0.000000e+00
190.064135021 0.000000e+00
190.486075949 0.000000e+00
190.908016878 0.000000e+00
191.329957806 0.000000e+00
191.751898734 0.000000e+00
192.173839662 0.000000e+00
192.595780591 0.000000e+00
193.017721519 0.000000e+00
193.439662447 0.000000e+00
193.861603376 0.000000e+00
194.283544304 0.000000e+00
194.705485232 0.000000e+00
195.12742616 0.000000e+00
195.549367089 0.000000e+00
195.971308017 0.000000e+00
196.393248945 0.000000e+00
196.815189873 0.000000e+00
197.237130802 0.000000e+00
197.65907173 0.000000e+00
198.081012658 0.000000e+00
198.502953586 0.000000e+00
198.924894515 0.000000e+00
199.346835443 0.000000e+00
199.768776371 0.000000e+00
200.1907173 0.000000e+00
200.612658228 0.000000e+00
201.034599156 0.000000e+00
201.456540084 0.000000e+00
201.878481013 0.000000e+00
202.300421941 0.000000e+00
202.722362869 0.000000e+00
203.144303797 0.000000e+00
203.566244726 0.000000e+00
203.988185654 0.000000e+00
204.410126582 0.000000e+00
204.832067511 0.000000e+00
205.254008439 0.000000e+00
205.675949367 0.000000e+00
206.097890295 0.000000e+00
206.519831224 0.000000e+00
206.941772152 0.000000e+00
207.36371308 0.000000e+00
207.785654008 0.000000e+00
208.207594937 0.000000e+00
208.629535865 0.000000e+00
209.051476793 0.000000e+00
209.473417722 0.000000e+00
209.89535865 0.000000e+00
210.317299578 0.000000e+00
210.739240506 0.000000e+00
211.161181435 0.000000e+00
211.583122363 0.000000e+00
212.005063291 0.000000e+00
212.427004219 0.000000e+00
212.848945148 0.000000e+00
213.270886076 0.000000e+00
213.692827004 0.000000e+00
214.114767932 0.000000e+00
214.536708861 0.000000e+00
214.958649789 0.000000e+00
215.380590717 0.000000e+00
215.802531646 0.000000e+00
216.224472574 0.000000e+00
216.646413502 0.000000e+00
217.06835443 0.000000e+00
217.490295359 0.000000e+00
217.912236287 0.000000e+00
218.334177215 0.000000e+00
218.756118143 0.000000e+00
219.178059072 0.000000e+00
219.6 0.000000e+00
220.021940928 0.000000e+00
220.443881857 0.000000e+00
220.865822785 0.000000e+00
221.287763713 0.000000e+00
221.709704641 0.000000e+00
222.13164557 0.000000e+00
222.553586498 0.000000e+00
222.975527426 0.000000e+00
223.397468354 0.000000e+00
223.819409283 0.000000e+00
224.241350211 0.000000e+00
224.663291139 0.000000e+00
225.085232068 0.000000e+00
225.507172996 0.000000e+00
225.929113924 0.000000e+00
226.351054852 0.000000e+00
226.772995781 0.000000e+00
227.194936709 0.000000e+00
227.616877637 0.000000e+00
228.038818565 0.000000e+00
228.460759494 0.000000e+00
228.882700422 0.000000e+00
229.30464135 0.000000e+00
229.726582278 0.000000e+00
230.148523207 0.000000e+00
230.570464135 0.000000e+00
230.992405063 0.000000e+00
231.414345992 0.000000e+00
231.83628692 0.000000e+00
232.258227848 0.000000e+00
232.680168776 0.000000e+00
233.102109705 0.000000e+00
233.524050633 0.000000e+00
233.945991561 0.000000e+00
234.367932489 0.000000e+00
234.789873418 0.000000e+00
235.211814346 0.000000e+00
235.633755274 0.000000e+00
236.055696203 0.000000e+00
236.477637131 0.000000e+00
236.899578059 0.000000e+00
237.321518987 0.000000e+00
237.743459916 0.000000e+00
238.165400844 0.000000e+00
238.587341772 0.000000e+00
239.0092827 0.000000e+00
239.431223629 0.000000e+00
239.853164557 0.000000e+00
240.275105485 0.000000e+00
240.697046414 0.000000e+00
241.118987342 0.000000e+00
241.54092827 0.000000e+00
241.962869198 0.000000e+00
242.384810127 0.000000e+00
242.806751055 0.000000e+00
243.228691983 0.000000e+00
243.650632911 0.000000e+00
244.07257384 0.000000e+00
244.494514768 0.000000e+00
244.916455696 0.000000e+00
245.338396624 0.000000e+00
245.760337553 0.000000e+00
246.182278481 0.000000e+00
246.604219409 0.000000e+00
247.026160338 0.000000e+00
247.448101266 0.000000e+00
247.870042194 0.000000e+00
248.291983122 0.000000e+00
248.713924051 0.000000e+00
249.135864979 0.000000e+00
249.557805907 0.000000e+00
249.979746835 0.000000e+00
250.401687764 0.000000e+00
250.823628692 0.000000e+00
251.24556962 0.000000e+00
251.667510549 0.000000e+00
252.089451477 0.000000e+00
252.511392405 0.000000e+00
252.933333333 0.000000e+00
253.355274262 0.000000e+00
253.77721519 0.000000e+00
254.199156118 0.000000e+00
254.621097046 0.000000e+00
255.043037975 0.000000e+00
255.464978903 0.000000e+00
255.886919831 0.000000e+00
256.308860759 0.000000e+00
256.730801688 0.000000e+00
257.152742616 0.000000e+00
257.574683544 0.000000e+00
257.996624473 0.000000e+00
258.418565401 0.000000e+00
258.840506329 0.000000e+00
259.262447257 0.000000e+00
259.684388186 0.000000e+00
260.106329114 0.000000e+00
260.528270042 0.000000e+00
260.95021097 0.000000e+00
261.372151899 0.000000e+00
261.794092827 0.000000e+00
262.216033755 0.000000e+00
262.637974684 0.000000e+00
263.059915612 0.000000e+00
263.48185654 0.000000e+00
263.903797468 0.000000e+00
264.325738397 0.000000e+00
264.747679325 0.000000e+00
265.169620253 0.000000e+00
265.591561181 0.000000e+00
266.01350211 0.000000e+00
266.435443038 0.000000e+00
266.857383966 0.000000e+00
267.279324895 0.000000e+00
267.701265823 0.000000e+00
268.123206751 0.000000e+00
268.545147679 0.000000e+00
268.967088608 0.000000e+00
269.389029536 0.000000e+00
269.810970464 0.000000e+00
270.232911392 0.000000e+00
270.654852321 0.000000e+00
271.076793249 0.000000e+00
271.498734177 0.000000e+00
271.920675105 0.000000e+00
272.342616034 0.000000e+00
272.764556962 0.000000e+00
273.18649789 0.000000e+00
273.608438819 0.000000e+00
274.030379747 0.000000e+00
274.452320675 0.000000e+00
274.874261603 0.000000e+00
275.296202532 0.000000e+00
275.71814346 0.000000e+00
276.140084388 0.000000e+00
276.562025316 0.000000e+00
276.983966245 0.000000e+00
277.405907173 0.000000e+00
277.827848101 0.000000e+00
278.24978903 0.000000e+00
278.671729958 0.000000e+00
279.093670886 0.000000e+00
279.515611814 0.000000e+00
279.937552743 0.000000e+00
280.359493671 0.000000e+00
280.781434599 0.000000e+00
281.203375527 0.000000e+00
281.625316456 0.000000e+00
282.047257384 0.000000e+00
282.469198312 0.000000e+00
282.891139241 0.000000e+00
283.313080169 0.000000e+00
283.735021097 0.000000e+00
284.156962025 0.000000e+00
284.578902954 0.000000e+00
285.000843882 0.000000e+00
285.42278481 0.000000e+00
285.844725738 0.000000e+00
286.266666667 0.000000e+00
286.688607595 0.000000e+00
287.110548523 0.000000e+00
287.532489451 0.000000e+00
287.95443038 0.000000e+00
288.376371308 0.000000e+00
288.798312236 0.000000e+00
289.220253165 0.000000e+00
289.642194093 0.000000e+00
290.064135021 0.000000e+00
290.486075949 0.000000e+00
290.908016878 0.000000e+00
291.329957806 0.000000e+00
291.751898734 0.000000e+00
292.173839662 0.000000e+00
292.595780591 0.000000e+00
293.017721519 0.000000e+00
293.439662447 0.000000e+00
293.861603376 0.000000e+00
294.283544304 0.000000e+00
294.705485232 0.000000e+00
295.12742616 0.000000e+00
295.549367089 0.000000e+00
295.971308017 0.000000e+00
296.393248945 0.000000e+00
296.815189873 0.000000e+00
297.237130802 0.000000e+00
297.65907173 0.000000e+00
298.081012658 0.000000e+00
298.502953586 0.000000e+00
298.924894515 0.000000e+00
299.346835443 0.000000e+00
299.768776371 0.000000e+00
300.1907173 0.000000e+00
300.612658228 0.000000e+00
301.034599156 0.000000e+00
301.456540084 0.000000e+00
301.878481013 0.000000e+00
302.300421941 0.000000e+00
302.722362869 0.000000e+00
303.144303797 0.000000e+00
303.566244726 0.000000e+00
303.988185654 0.000000e+00
304.410126582 0.000000e+00
304.832067511 0.000000e+00
305.254008439 0.000000e+00
305.675949367 0.000000e+00
306.097890295 0.000000e+00
306.519831224 0.000000e+00
306.941772152 0.000000e+00
307.36371308 0.000000e+00
307.785654008 0.000000e+00
308.207594937 0.000000e+00
308.629535865 0.000000e+00
309.051476793 0.000000e+00
309.473417722 0.000000e+00
309.89535865 0.000000e+00
310.317299578 0.000000e+00
310.739240506 0.000000e+00
311.161181435 0.000000e+00
311.583122363 0.000000e+00
312.005063291 0.000000e+00
312.427004219 0.000000e+00
312.848945148 0.000000e+00
313.270886076 0.000000e+00
313.692827004 0.000000e+00
314.114767932 0.000000e+00
314.536708861 0.000000e+00
314.958649789 0.000000e+00
315.380590717 0.000000e+00
315.802531646 0.000000e+00
316.224472574 0.000000e+00
316.646413502 0.000000e+00
317.06835443 0.000000e+00
317.490295359 0.000000e+00
317.912236287 0.000000e+00
318.334177215 0.000000e+00
318.756118143 0.000000e+00
319.178059072 0.000000e+00
319.6 0.000000e+00
320.021940928 0.000000e+00
320.443881857 0.000000e+00
320.865822785 0.000000e+00
321.287763713 0.000000e+00
321.709704641 0.000000e+00
322.13164557 0.000000e+00
322.553586498 0.000000e+00
322.975527426 0.000000e+00
323.397468354 0.000000e+00
323.819409283 0.000000e+00
324.241350211 0.000000e+00
324.663291139 0.000000e+00
325.085232068 0.000000e+00
325.507172996 0.000000e+00
325.929113924 0.000000e+00
326.351054852 0.000000e+00
326.772995781 0.000000e+00
327.194936709 0.000000e+00
327.616877637 0.000000e+00
328.038818565 0.000000e+00
328.460759494 0.000000e+00
328.882700422 0.000000e+00
329.30464135 0.000000e+00
329.726582278 0.000000e+00
330.148523207 0.000000e+00
330.570464135 0.000000e+00
330.992405063 0.000000e+00
331.414345992 0.000000e+00
331.83628692 0.000000e+00
332.258227848 0.000000e+00
332.680168776 0.000000e+00
333.102109705 0.000000e+00
333.524050633 0.000000e+00
333.945991561 0.000000e+00
334.367932489 0.000000e+00
334.789873418 0.000000e+00
335.211814346 0.000000e+00
335.633755274 0.000000e+00
336.055696203 0.000000e+00
336.477637131 0.000000e+00
336.899578059 0.000000e+00
337.321518987 0.000000e+00
337.743459916 0.000000e+00
338.165400844 0.000000e+00
338.587341772 0.000000e+00
339.0092827 0.000000e+00
339.431223629 0.000000e+00
339.853164557 0.000000e+00
340.275105485 0.000000e+00
340.697046414 0.000000e+00
341.118987342 0.000000e+00
341.54092827 0.000000e+00
341.962869198 0.000000e+00
342.384810127 0.000000e+00
342.806751055 0.000000e+00
343.228691983 0.000000e+00
343.650632911 0.000000e+00
344.07257384 0.000000e+00
344.494514768 0.000000e+00
344.916455696 0.000000e+00
345.338396624 0.000000e+00
345.760337553 0.000000e+00
346.182278481 0.000000e+00
346.604219409 0.000000e+00
347.026160338 0.000000e+00
347.448101266 0.000000e+00
347.870042194 0.000000e+00
348.291983122 0.000000e+00
348.713924051 0.000000e+00
349.135864979 0.000000e+00
349.557805907 0.000000e+00
349.979746835 0.000000e+00
350.401687764 0.000000e+00
350.823628692 0.000000e+00
351.24556962 0.000000e+00
351.667510549 0.000000e+00
352.089451477 0.000000e+00
352.511392405 0.000000e+00
352.933333333 0.000000e+00
353.355274262 0.000000e+00
353.77721519 0.000000e+00
354.199156118 0.000000e+00
354.621097046 0.000000e+00
355.043037975 0.000000e+00
355.464978903 0.000000e+00
355.886919831 0.000000e+00
356.308860759 0.000000e+00
356.730801688 0.000000e+00
357.152742616 0.000000e+00
357.574683544 0.000000e+00
357.996624473 0.000000e+00
358.418565401 0.000000e+00
358.840506329 0.000000e+00
359.262447257 0.000000e+00
359.684388186 0.000000e+00
360.106329114 0.000000e+00
360.528270042 0.000000e+00
360.95021097 0.000000e+00
361.372151899 0.000000e+00
361.794092827 0.000000e+00
362.216033755 0.000000e+00
362.637974684 0.000000e+00
363.059915612 0.000000e+00
363.48185654 0.000000e+00
363.903797468 0.000000e+00
364.325738397 0.000000e+00
364.747679325 0.000000e+00
365.169620253 0.000000e+00
365.591561181 0.000000e+00
366.01350211 0.000000e+00
366.435443038 0.000000e+00
366.857383966 0.000000e+00
367.279324895 0.000000e+00
367.701265823 0.000000e+00
368.123206751 0.000000e+00
368.545147679 0.000000e+00
368.967088608 0.000000e+00
369.389029536 0.000000e+00
369.810970464 0.000000e+00
370.232911392 0.000000e+00
370.654852321 0.000000e+00
371.076793249 0.000000e+00
371.498734177 0.000000e+00
371.920675105 0.000000e+00
372.342616034 0.000000e+00
372.764556962 0.000000e+00
373.18649789 0.000000e+00
373.608438819 0.000000e+00
374.030379747 0.000000e+00
374.452320675 0.000000e+00
374.874261603 0.000000e+00
375.296202532 0.000000e+00
375.71814346 0.000000e+00
376.140084388 0.000000e+00
376.562025316 0.000000e+00
376.983966245 0.000000e+00
377.405907173 0.000000e+00
377.827848101 0.000000e+00
378.24978903 0.000000e+00
378.671729958 0.000000e+00
379.093670886 0.000000e+00
379.515611814 0.000000e+00
379.937552743 0.000000e+00
380.359493671 0.000000e+00
380.781434599 0.000000e+00
381.203375527 0.000000e+00
381.625316456 0.000000e+00
382.047257384 0.000000e+00
382.469198312 0.000000e+00
382.891139241 0.000000e+00
383.313080169 0.000000e+00
383.735021097 0.000000e+00
384.156962025 0.000000e+00
384.578902954 0.000000e+00
385.000843882 0.000000e+00
385.42278481 0.000000e+00
385.844725738 0.000000e+00
386.266666667 0.000000e+00
386.688607595 0.000000e+00
387.110548523 0.000000e+00
387.532489451 0.000000e+00
387.95443038 0.000000e+00
388.376371308 0.000000e+00
388.798312236 0.000000e+00
389.220253165 0.000000e+00
389.642194093 0.000000e+00
390.064135021 0.000000e+00
390.486075949 0.000000e+00
390.908016878 0.000000e+00
391.329957806 0.000000e+00
391.751898734 0.000000e+00
392.173839662 0.000000e+00
392.595780591 0.000000e+00
393.017721519 0.000000e+00
393.439662447 0.000000e+00
393.861603376 0.000000e+00
394.283544304 0.000000e+00
394.705485232 0.000000e+00
395.12742616 0.000000e+00
395.549367089 0.000000e+00
395.971308017 0.000000e+00
396.393248945 0.000000e+00
396.815189873 0.000000e+00
397.237130802 0.000000e+00
397.65907173 0.000000e+00
398.081012658 0.000000e+00
398.502953586 0.000000e+00
398.924894515 0.000000e+00
399.346835443 0.000000e+00
399.768776371 0.000000e+00
400.1907173 0.000000e+00
400.612658228 0.000000e+00
401.034599156 0.000000e+00
401.456540084 0.000000e+00
401.878481013 0.000000e+00
402.300421941 0.000000e+00
402.722362869 0.000000e+00
403.144303797 0.000000e+00
403.566244726 0.000000e+00
403.988185654 0.000000e+00
404.410126582 0.000000e+00
404.832067511 0.000000e+00
405.254008439 0.000000e+00
405.675949367 0.000000e+00
406.097890295 0.000000e+00
407.097890295 0.0
408.097890295 0.0
409.097890295 0.0
410.097890295 0.0
411.097890295 0.0
412.097890295 0.0
413.097890295 0.0
414.097890295 0.0
415.097890295 0.0
416.097890295 0.0
417.097890295 0.0
418.097890295 0.0
419.097890295 0.0
420.097890295 0.0
421.097890295 0.0
422.097890295 0.0
423.097890295 0.0
424.097890295 0.0
425.097890295 0.0
426.097890295 0.0
427.097890295 0.0
428.097890295 0.0
429.097890295 0.0
430.097890295 0.0
431.097890295 0.0
432.097890295 0.0
433.097890295 0.0
434.097890295 0.0
435.097890295 0.0
436.097890295 0.0
437.097890295 0.0
438.097890295 0.0
439.097890295 0.0
440.097890295 0.0
441.097890295 0.0
442.097890295 0.0
443.097890295 0.0
444.097890295 0.0
445.097890295 0.0
446.097890295 0.0
447.097890295 0.0
448.097890295 0.0
449.097890295 0.0
450.097890295 0.0
451.097890295 0.0
452.097890295 0.0
453.097890295 0.0
454.097890295 0.0
455.097890295 0.0
456.097890295 0.0
457.097890295 0.0
458.097890295 0.0
459.097890295 0.0
460.097890295 0.0
461.097890295 0.0
462.097890295 0.0
463.097890295 0.0
464.097890295 0.0
465.097890295 0.0
466.097890295 0.0
467.097890295 0.0
468.097890295 0.0
469.097890295 0.0
470.097890295 0.0
471.097890295 0.0
472.097890295 0.0
473.097890295 0.0
474.097890295 0.0
475.097890295 0.0
476.097890295 0.0
477.097890295 0.0
478.097890295 0.0
479.097890295 0.0
480.097890295 0.0
481.097890295 0.0
482.097890295 0.0
483.097890295 0.0
484.097890295 0.0
485.097890295 0.0
486.097890295 0.0
487.097890295 0.0
488.097890295 0.0
489.097890295 0.0
490.097890295 0.0
491.097890295 0.0
492.097890295 0.0
493.097890295 0.0
494.097890295 0.0
495.097890295 0.0
496.097890295 0.0
497.097890295 0.0
498.097890295 0.0
499.097890295 0.0
500.097890295 0.0
501.097890295 0.0
502.097890295 0.0
503.097890295 0.0
504.097890295 0.0
505.097890295 0.0
506.097890295 0.0
507.097890295 0.0
508.097890295 0.0
509.097890295 0.0
510.097890295 0.0
511.097890295 0.0
512.097890295 0.0
513.097890295 0.0
514.097890295 0.0
515.097890295 0.0
516.097890295 0.0
517.097890295 0.0
518.097890295 0.0
519.097890295 0.0
520.097890295 0.0
521.097890295 0.0
522.097890295 0.0
523.097890295 0.0
524.097890295 0.0
525.097890295 0.0
526.097890295 0.0
527.097890295 0.0
528.097890295 0.0
529.097890295 0.0
530.097890295 0.0
531.097890295 0.0
532.097890295 0.0
533.097890295 0.0
534.097890295 0.0
535.097890295 0.0
536.097890295 0.0
537.097890295 0.0
538.097890295 0.0
539.097890295 0.0
540.097890295 0.0
541.097890295 0.0
542.097890295 0.0
543.097890295 0.0
544.097890295 0.0
545.097890295 0.0
546.097890295 0.0
547.097890295 0.0
548.097890295 0.0
549.097890295 0.0
550.097890295 0.0
551.097890295 0.0
552.097890295 0.0
553.097890295 0.0
554.097890295 0.0
555.097890295 0.0
556.097890295 0.0
557.097890295 0.0
558.097890295 0.0
559.097890295 0.0
560.097890295 0.0
561.097890295 0.0
562.097890295 0.0
563.097890295 0.0
564.097890295 0.0
565.097890295 0.0
566.097890295 0.0
567.097890295 0.0
568.097890295 0.0
569.097890295 0.0
570.097890295 0.0
571.097890295 0.0
572.097890295 0.0
573.097890295 0.0
574.097890295 0.0
575.097890295 0.0
576.097890295 0.0
577.097890295 0.0
578.097890295 0.0
579.097890295 0.0
580.097890295 0.0
581.097890295 0.0
582.097890295 0.0
583.097890295 0.0
584.097890295 0.0
585.097890295 0.0
586.097890295 0.0
587.097890295 0.0
588.097890295 0.0
589.097890295 0.0
590.097890295 0.0
591.097890295 0.0
592.097890295 0.0
593.097890295 0.0
594.097890295 0.0
595.097890295 0.0
596.097890295 0.0
597.097890295 0.0
598.097890295 0.0
599.097890295 0.0
600.097890295 0.0
601.097890295 0.0
602.097890295 0.0
603.097890295 0.0
604.097890295 0.0
605.097890295 0.0
606.097890295 0.0
607.097890295 0.0
608.097890295 0.0
609.097890295 0.0
610.097890295 0.0
611.097890295 0.0
612.097890295 0.0
613.097890295 0.0
614.097890295 0.0
615.097890295 0.0
616.097890295 0.0
617.097890295 0.0
618.097890295 0.0
619.097890295 0.0
620.097890295 0.0
621.097890295 0.0
622.097890295 0.0
623.097890295 0.0
624.097890295 0.0
625.097890295 0.0
626.097890295 0.0
627.097890295 0.0
628.097890295 0.0
629.097890295 0.0
630.097890295 0.0
631.097890295 0.0
632.097890295 0.0
633.097890295 0.0
634.097890295 0.0
635.097890295 0.0
636.097890295 0.0
637.097890295 0.0
638.097890295 0.0
639.097890295 0.0
640.097890295 0.0
641.097890295 0.0
642.097890295 0.0
643.097890295 0.0
644.097890295 0.0
645.097890295 0.0
646.097890295 0.0
647.097890295 0.0
648.097890295 0.0
649.097890295 0.0
650.097890295 0.0
651.097890295 0.0
652.097890295 0.0
653.097890295 0.0
654.097890295 0.0
655.097890295 0.0
656.097890295 0.0
657.097890295 0.0
658.097890295 0.0
659.097890295 0.0
660.097890295 0.0
661.097890295 0.0
662.097890295 0.0
663.097890295 0.0
664.097890295 0.0
665.097890295 0.0
666.097890295 0.0
667.097890295 0.0
668.097890295 0.0
669.097890295 0.0
670.097890295 0.0
671.097890295 0.0
672.097890295 0.0
673.097890295 0.0
674.097890295 0.0
675.097890295 0.0
676.097890295 0.0
677.097890295 0.0
678.097890295 0.0
679.097890295 0.0
680.097890295 0.0
681.097890295 0.0
682.097890295 0.0
683.097890295 0.0
684.097890295 0.0
685.097890295 0.0
686.097890295 0.0
687.097890295 0.0
688.097890295 0.0
689.097890295 0.0
690.097890295 0.0
691.097890295 0.0
692.097890295 0.0
693.097890295 0.0
694.097890295 0.0
695.097890295 0.0
696.097890295 0.0
697.097890295 0.0
698.097890295 0.0
699.097890295 0.0
700.097890295 0.0
701.097890295 0.0
702.097890295 0.0
703.097890295 0.0
704.097890295 0.0
705.097890295 0.0
706.097890295 0.0
707.097890295 0.0
708.097890295 0.0
709.097890295 0.0
710.097890295 0.0
711.097890295 0.0
712.097890295 0.0
713.097890295 0.0
714.097890295 0.0
715.097890295 0.0
716.097890295 0.0
717.097890295 0.0
718.097890295 0.0
719.097890295 0.0
720.097890295 0.0
721.097890295 0.0
722.097890295 0.0
723.097890295 0.0
724.097890295 0.0
725.097890295 0.0
726.097890295 0.0
727.097890295 0.0
728.097890295 0.0
729.097890295 0.0
730.097890295 0.0
731.097890295 0.0
732.097890295 0.0
733.097890295 0.0
734.097890295 0.0
735.097890295 0.0
736.097890295 0.0
737.097890295 0.0
738.097890295 0.0
739.097890295 0.0
740.097890295 0.0
741.097890295 0.0
742.097890295 0.0
743.097890295 0.0
744.097890295 0.0
745.097890295 0.0
746.097890295 0.0
747.097890295 0.0
748.097890295 0.0
749.097890295 0.0
750.097890295 0.0
751.097890295 0.0
752.097890295 0.0
753.097890295 0.0
754.097890295 0.0
755.097890295 0.0
756.097890295 0.0
757.097890295 0.0
758.097890295 0.0
759.097890295 0.0
760.097890295 0.0
761.097890295 0.0
762.097890295 0.0
763.097890295 0.0
764.097890295 0.0
765.097890295 0.0
766.097890295 0.0
767.097890295 0.0
768.097890295 0.0
769.097890295 0.0
770.097890295 0.0
771.097890295 0.0
772.097890295 0.0
773.097890295 0.0
774.097890295 0.0
775.097890295 0.0
776.097890295 0.0
777.097890295 0.0
778.097890295 0.0
779.097890295 0.0
780.097890295 0.0
781.097890295 0.0
782.097890295 0.0
783.097890295 0.0
784.097890295 0.0
785.097890295 0.0
786.097890295 0.0
787.097890295 0.0
788.097890295 0.0
789.097890295 0.0
790.097890295 0.0
791.097890295 0.0
792.097890295 0.0
793.097890295 0.0
794.097890295 0.0
795.097890295 0.0
796.097890295 0.0
797.097890295 0.0
798.097890295 0.0
799.097890295 0.0
800.097890295 0.0
801.097890295 0.0
802.097890295 0.0
803.097890295 0.0
804.097890295 0.0
805.097890295 0.0
806.097890295 0.0
807.097890295 0.0
808.097890295 0.0
809.097890295 0.0
810.097890295 0.0
811.097890295 0.0
812.097890295 0.0
813.097890295 0.0
814.097890295 0.0
815.097890295 0.0
816.097890295 0.0
817.097890295 0.0
818.097890295 0.0
819.097890295 0.0
820.097890295 0.0
821.097890295 0.0
822.097890295 0.0
823.097890295 0.0
824.097890295 0.0
825.097890295 0.0
826.097890295 0.0
827.097890295 0.0
828.097890295 0.0
829.097890295 0.0
830.097890295 0.0
831.097890295 0.0
832.097890295 0.0
833.097890295 0.0
834.097890295 0.0
835.097890295 0.0
836.097890295 0.0
837.097890295 0.0
838.097890295 0.0
839.097890295 0.0
840.097890295 0.0
841.097890295 0.0
842.097890295 0.0
843.097890295 0.0
844.097890295 0.0
845.097890295 0.0
846.097890295 0.0
847.097890295 0.0
848.097890295 0.0
849.097890295 0.0
850.097890295 0.0
851.097890295 0.0
852.097890295 0.0
853.097890295 0.0
854.097890295 0.0
855.097890295 0.0
856.097890295 0.0
857.097890295 0.0
858.097890295 0.0
859.097890295 0.0
860.097890295 0.0
861.097890295 0.0
862.097890295 0.0
863.097890295 0.0
864.097890295 0.0
865.097890295 0.0
866.097890295 0.0
867.097890295 0.0
868.097890295 0.0
869.097890295 0.0
870.097890295 0.0
871.097890295 0.0
872.097890295 0.0
873.097890295 0.0
874.097890295 0.0
875.097890295 0.0
876.097890295 0.0
877.097890295 0.0
878.097890295 0.0
879.097890295 0.0
880.097890295 0.0
881.097890295 0.0
882.097890295 0.0
883.097890295 0.0
884.097890295 0.0
885.097890295 0.0
886.097890295 0.0
887.097890295 0.0
888.097890295 0.0
889.097890295 0.0
890.097890295 0.0
891.097890295 0.0
892.097890295 0.0
893.097890295 0.0
894.097890295 0.0
895.097890295 0.0
896.097890295 0.0
897.097890295 0.0
898.097890295 0.0
899.097890295 0.0
900.097890295 0.0
901.097890295 0.0
902.097890295 0.0
903.097890295 0.0
904.097890295 0.0
905.097890295 0.0
906.097890295 0.0
