3.836322
3.412682
6.156745
2.242513
3.434530
2.414481
1.232170
1.255418
2.980148
3.501894
1.286916
0.363377
1.761955
2.534701
1.284157
3.438241
1.083351
1.012570
0.777970
1.869360
1.526585
2.996534
2.404118
2.151731
1.730416
1.461868
1.735093
2.039172
1.294941
8.606898
3.268933
3.186527
1.425202
0.711516
1.095536
2.091187
0.979560
2.660089
0.441777
0.827618
0.773376
1.706383
2.505178
1.579973
1.483912
2.635328
1.089108
3.232478
2.971016
1.661328
1.603473
0.911733
0.696096
1.161178
1.322391
2.152278
2.984209
2.016134
2.162893
2.798894
4.610945
2.333980
2.746486
4.055096
2.243283
2.954658
1.806435
1.431434
3.021225
3.435580
2.946704
1.601092
4.203732
2.083008
1.768369
2.948482
