1.811393
2.358251
2.264795
0.460642
2.247442
3.238906
1.938574
4.095361
3.131711
5.016393
1.959399
1.650783
1.820538
1.404531
4.958860
3.256441
0.964938
1.465509
3.909107
4.073205
3.700893
1.371493
0.973705
2.880067
0.753055
1.335359
2.304205
2.544211
5.305080
2.228661
0.929729
2.101859
1.518966
1.822681
1.259368
2.113497
1.504345
2.972361
1.621176
3.430384
2.016358
3.138153
2.925248
0.526046
2.325451
0.669991
3.786198
1.766479
2.948230
1.906474
0.326403
1.743356
1.608165
1.062806
1.628402
1.429138
1.913504
1.993782
0.890991
5.589636
2.250762
2.516579
3.070761
3.468520
0.443682
3.756479
2.184195
1.550520
2.567025
0.236518
1.701999
1.501376
1.523546
3.766297
1.684549
1.435678
1.487973
3.277140
4.504828
