2.893610
3.687910
4.677357
1.114499
3.706803
4.996030
2.353405
3.026337
2.857015
2.663086
1.096852
1.829614
1.742292
5.092189
2.272273
3.965547
0.760380
0.484745
6.100361
3.946725
2.292497
0.601141
3.015385
4.393152
1.927271
3.011015
1.503113
2.136634
1.123364
1.349967
2.159630
2.904982
2.801232
1.611680
4.280760
2.243885
1.227702
0.882182
1.364952
3.577648
2.342915
0.838766
2.304737
2.041413
3.327559
3.628963
4.148958
4.608704
1.997283
2.255439
1.150422
2.678562
3.126585
4.120472
1.938027
1.433941
1.449319
2.537880
3.128350
1.982480
0.802955
6.217149
1.256062
6.006148
0.987472
3.002262
1.757403
1.201569
3.894471
2.730213
3.526795
2.933763
1.405301
1.604860
3.800161
1.292392
2.363097
2.857295
3.058702
4.914716
1.960688
1.201597
1.282000
2.831245
2.391163
0.692021
